1.061923e-02
1.423889e-02
2.168795e-02
1.292792e-01
4.121319e-03
2.186974e-02
6.485872e-02
2.475772e-02
6.238472e-02
5.004094e-02
5.032570e-02
1.124606e-03
4.288919e-03
4.963439e-02
1.452004e-02
6.275823e-03
1.793315e-02
1.175747e-01
1.413794e-05
4.276111e-02
3.585424e-02
3.688540e-03
3.410178e-03
1.968472e-01
1.452461e-01
2.987631e-03
5.220270e-03
3.245840e-02
1.315920e-01
8.177971e-02
8.929002e-02
4.953195e-02
1.048206e-02
7.280919e-04
2.397373e-01
1.938160e-03
1.897875e-01
4.783932e-04
6.489332e-02
5.490800e-02
2.453216e-02
4.932034e-03
2.078354e-02
1.078262e-02
1.284917e-03
2.405150e-02
6.547895e-03
2.702470e-02
2.146300e-02
2.177179e-02
5.461099e-03
9.610363e-03
7.489934e-05
8.353229e-02
2.330244e-02
1.251562e-01
1.485233e-02
4.024099e-02
6.786502e-02
3.183738e-02
4.490291e-02
1.145008e-01
1.588373e-07
5.181176e-02
1.057331e-02
1.507054e-03
4.147119e-03
3.387718e-02
1.109673e-01
4.007687e-02
2.973221e-02
1.336639e-02
3.752999e-03
1.420108e-02
2.776259e-06
7.184669e-03
7.525853e-02
1.535252e-02
1.446526e-04
8.261728e-07
5.586507e-03
3.088086e-02
1.851646e-04
2.140425e-02
2.318558e-02
1.466935e-01
5.018336e-02
4.852442e-03
1.866910e-02
5.829650e-01
2.086491e-02
1.974880e-03
2.429874e-04
3.433419e-03
7.296978e-02
3.500052e-03
9.275301e-02
7.891242e-02
1.939003e-02
1.394010e-02
1.910710e-02
1.946636e-01
4.833129e-02
1.153978e-01
7.973348e-03
1.575304e-02
1.693247e-02
1.795983e-03
1.026765e-01
1.100639e-02
1.341821e-03
1.106881e-01
3.562239e-03
8.630246e-02
9.982602e-02
8.516003e-03
2.030872e-02
2.885476e-01
2.910829e-05
1.846297e-01
7.571610e-03
2.632294e-01
6.158195e-03
1.613229e-01
5.920284e-02
7.740823e-02
1.414587e-03
5.735310e-02
1.422268e-02
2.287020e-02
8.435242e-02
2.300071e-05
4.128411e-05
3.439380e-05
4.182857e-01
2.677254e-02
3.767605e-01
3.732356e-05
1.846764e-02
6.635335e-04
1.235181e-02
1.718242e-01
5.714593e-03
6.390965e-02
1.305130e-02
5.172888e-03
6.527962e-02
6.730056e-02
1.737898e-02
5.106163e-02
1.209347e-04
3.848291e-03
4.875799e-02
3.299868e-04
1.984532e-01
5.487970e-02
1.210139e-02
2.221685e-01
1.177588e-01
2.057616e-02
7.130811e-02
8.294634e-02
4.514395e-02
1.667801e-02
5.747287e-04
4.778249e-03
1.711912e-02
9.024615e-02
4.994348e-02
2.259512e-02
1.515805e-02
1.200372e-01
3.712147e-02
5.743166e-02
4.512477e-03
6.511936e-05
1.539560e-01
8.693376e-03
3.422517e-02
7.814351e-02
9.913455e-04
3.081839e-02
1.984225e-01
2.258897e-02
3.721679e-02
1.842643e-02
5.527893e-04
7.955342e-03
6.884882e-02
3.084092e-02
7.842492e-04
5.065962e-02
6.202098e-02
7.224277e-02
9.613628e-02
1.044423e-01
1.411418e-02
3.146487e-02
8.875170e-02
8.717732e-02
1.494457e-01
1.241628e-01
4.442887e-02
3.564065e-03
1.197432e-03
1.845673e-01
1.772035e-02
6.157979e-02
2.394444e-03
1.487364e-02
2.584865e-02
2.555406e-03
6.150556e-03
2.648292e-02
9.585746e-03
1.084372e-03
9.786411e-02
4.781329e-02
2.202710e-03
2.184801e-01
1.552695e-01
4.652859e-03
1.460568e-05
3.878427e-02
1.358073e-01
9.395858e-03
2.792093e-02
5.732563e-02
1.758325e-02
8.464946e-03
2.360213e-04
3.227272e-01
8.701568e-03
1.024765e-01
6.578670e-02
1.350715e-01
1.188396e-01
2.613693e-04
2.117795e-02
1.734519e-01
1.167001e-01
6.694708e-02
7.731216e-03
1.336658e-02
6.243498e-05
6.662786e-03
2.685301e-02
1.921304e-01
4.630631e-02
4.869216e-02
6.311387e-03
3.013917e-02
2.343149e-02
1.517358e-01
2.915109e-01
5.756516e-03
5.762740e-03
3.030862e-02
1.170810e-01
7.413265e-02
3.773948e-01
9.351518e-03
4.838819e-02
1.181322e-02
3.481054e-02
3.343000e-06
4.894368e-02
3.991796e-02
4.289890e-05
2.608659e-02
2.141806e-01
1.783397e-03
9.993480e-02
9.392595e-03
4.300548e-03
4.213794e-02
1.241557e-04
2.065860e-03
3.238538e-01
5.023456e-02
2.950696e-02
8.381986e-03
9.657474e-03
1.216592e-03
2.730801e-03
3.840635e-02
1.032706e-02
9.455473e-03
2.175356e-01
8.227909e-03
3.435945e-04
3.022817e-02
1.083947e-01
1.684361e-01
1.143145e-01
1.954803e-01
2.287643e-03
8.149728e-03
3.317361e-02
6.132530e-03
4.532190e-03
9.219898e-05
2.989742e-01
8.297240e-02
3.616639e-02
1.069235e-01
4.641904e-03
3.928628e-02
1.669176e-02
2.045006e-03
5.124560e-03
2.354316e-02
9.544486e-02
5.659229e-02
1.671470e-02
1.929297e-04
9.735707e-02
5.824573e-02
6.336862e-02
1.631534e-02
1.825293e-02
6.057144e-03
9.907313e-02
1.295843e-02
4.167529e-02
7.723332e-04
9.250104e-02
2.853341e-02
1.706575e-02
5.308040e-03
1.388562e-06
3.376598e-02
7.487858e-02
1.113496e-02
2.993431e-01
1.217547e-02
2.616245e-02
5.539692e-04
6.189738e-02
1.636071e-02
1.898201e-01
1.316870e-02
1.102752e-01
9.348739e-03
2.457928e-01
1.278135e-03
2.294102e-03
3.376320e-02
2.547225e-02
1.214437e-02
2.164554e-04
1.119649e-01
1.783616e-01
6.618656e-04
4.479097e-02
4.569809e-03
4.755955e-02
6.662786e-03
5.977605e-02
3.726154e-03
1.168937e-01
4.881345e-03
1.281699e-02
1.096912e-02
1.045877e-02
5.827248e-03
4.071121e-02
3.545984e-02
5.741675e-01
7.316456e-02
1.519831e-02
4.333063e-02
5.924373e-02
5.080627e-04
5.010476e-02
9.596207e-02
3.116970e-03
5.072031e-02
5.334211e-02
1.553566e-02
1.107476e-02
1.235522e-01
2.674972e-02
6.893958e-02
9.271746e-02
2.306070e-02
5.915196e-02
7.002904e-04
1.620678e-03
1.929463e-03
4.059369e-03
2.521188e-02
1.056750e-01
1.161941e-02
1.752538e-04
9.487980e-02
5.455625e-03
6.310814e-03
3.656516e-03
1.951475e-02
1.109136e-02
3.490772e-04
7.795374e-02
3.138578e-02
2.061699e-03
1.501061e-04
3.041747e-01
5.264851e-04
1.186944e-02
2.858218e-01
1.718160e-03
6.304703e-03
1.660757e-02
1.069212e-02
1.113312e-04
1.340276e-02
2.513468e-02
1.964527e-02
2.228347e-01
1.272069e-01
3.279532e-02
3.197248e-01
3.477433e-02
7.086233e-05
1.212698e-02
1.107995e-02
8.939969e-04
1.007559e-02
2.703910e-02
6.748008e-03
8.870372e-03
3.745741e-02
7.886093e-02
5.670094e-02
4.362077e-02
1.080087e-01
1.005012e-02
2.705813e-03
2.151717e-02
1.250139e-02
6.401076e-02
3.463826e-03
1.269433e-02
8.717528e-03
4.807774e-02
6.409405e-03
6.096436e-04
1.833434e-02
7.237733e-02
3.872437e-03
9.621309e-02
5.847533e-03
8.493971e-04
7.127576e-02
1.724708e-02
6.079600e-02
1.666242e-01
1.086379e-01
7.793098e-03
8.917121e-03
1.704429e-03
1.529424e-02
4.432537e-03
3.897987e-03
6.398960e-03
1.794277e-03
2.405170e-02
3.184464e-02
3.009627e-01
4.727556e-03
4.614327e-02
3.450403e-03
2.160898e-04
2.566143e-02
6.704779e-02
1.208610e-01
2.654627e-01
1.780293e-02
3.594683e-02
1.069198e-02
3.338724e-02
1.516459e-01
8.040963e-02
6.039693e-02
2.360165e-01
3.331740e-02
4.416971e-02
2.637465e-02
5.354618e-03
1.081069e-03
8.541507e-03
1.566524e-04
4.495808e-03
8.368168e-02
4.926051e-04
1.416859e-02
6.465225e-02
1.073827e-01
1.310544e-02
1.048839e-01
1.238933e-02
8.198131e-02
4.856833e-02
1.968966e-02
1.629430e-03
1.215608e-01
1.132954e-01
2.152686e+00
7.736000e-04
1.956159e-02
1.540538e-02
3.756510e-03
6.312100e-02
2.775183e-03
8.278527e-02
8.429564e-03
4.449392e-03
7.976521e-02
3.475907e-02
3.070332e-01
8.707640e-03
2.351932e-02
1.771147e-01
4.956820e-02
3.338293e-04
2.247286e-04
9.110669e-02
2.165524e-02
2.824454e-03
3.612607e-02
1.062599e-01
1.217661e-02
5.613799e-03
9.960981e-02
9.223467e-02
3.240044e-01
1.613554e-02
6.295066e-05
1.840961e-02
1.109075e-02
2.022331e-02
1.118221e-03
8.015201e-03
1.235076e-03
2.961565e-04
5.906158e-02
1.782129e-01
1.513330e-02
4.846520e-02
1.057986e-02
5.914834e-03
3.027053e-01
7.022971e-02
2.956695e-02
3.828517e-03
3.102466e-01
7.861861e-03
4.227563e-03
1.527980e-01
5.432466e-02
3.275084e-02
1.794202e-02
1.026701e-01
3.338004e-02
4.345933e-03
1.363375e-02
7.807661e-02
7.942321e-02
3.354127e-02
8.402109e-03
8.335957e-03
3.282921e-01
1.034338e-01
3.125045e-02
1.872542e-01
8.349234e-02
2.174260e-02
1.711908e-03
7.794260e-02
1.006515e-02
7.609840e-02
6.175104e-04
6.308475e-04
9.060700e-04
2.457107e-03
1.077823e-02
9.903784e-02
6.991621e-04
3.726247e-03
8.848445e-02
2.206342e-02
2.275009e-02
1.048141e-01
3.459962e-03
