6.941171e-03
1.583229e-02
1.854485e-06
4.656630e-02
7.814388e-02
4.124178e-02
1.340068e-02
3.991246e-04
1.844395e-04
4.167571e-03
3.055060e-02
7.198375e-02
3.849782e-03
1.277271e-02
2.130865e-02
2.926675e-02
5.169131e-03
5.138503e-02
8.102818e-02
6.048422e-03
2.171403e-02
5.986286e-02
9.207612e-02
4.392882e-02
2.374149e-02
1.610928e-01
3.612575e-03
2.308194e-01
2.718926e-02
2.624866e-03
1.007879e-02
4.168350e-02
1.019493e-01
4.139503e-02
3.879740e-02
2.916632e-03
8.901104e-03
1.309369e-02
2.257451e-04
1.673295e-03
1.518090e-01
1.179537e-02
6.286417e-03
4.093772e-03
8.104302e-02
1.125485e-02
3.587498e-02
3.635260e-02
1.245287e-01
1.428902e-01
9.086881e-02
1.656469e-01
1.452503e-01
2.753070e-03
1.907952e-03
1.461445e-02
9.660657e-03
3.022116e-02
2.346252e-05
1.702800e-03
2.830948e-02
9.245808e-04
6.829324e-02
1.108097e-01
1.590985e-03
2.373747e-02
8.770637e-04
1.439147e-03
2.507336e-02
1.275305e-01
2.640311e-01
2.681772e-02
1.506938e-01
2.816134e-02
1.637371e-02
1.110341e-01
4.627008e-02
2.871542e-02
5.439785e-03
3.462233e-02
5.320471e-02
6.235762e-04
6.436524e-02
2.843413e-02
5.316165e-03
2.903002e-02
6.079803e-02
3.770498e-03
2.444530e-01
5.591672e-03
5.640933e-04
4.879471e-03
3.634425e-02
1.000001e-02
2.768197e-02
2.009361e-02
1.271260e-03
6.986331e-02
4.313591e-02
2.746283e-02
5.666478e-02
9.021807e-03
2.435609e-03
4.431806e-01
1.626559e-01
1.669615e-02
8.680818e-05
1.224196e-02
1.305189e-02
1.543425e-02
3.139840e-03
1.595383e-01
3.925036e-02
5.042137e-04
2.875802e-01
3.101646e-03
5.668857e-03
1.971390e-03
1.927243e-02
3.215592e-03
2.051920e-02
1.736560e-03
4.764110e-03
8.977884e-03
1.205715e-01
7.610661e-03
2.632681e-05
3.956910e-02
3.077663e-03
5.896602e-05
6.524145e-02
2.975192e-02
3.501651e-02
4.034877e-02
1.005345e-02
1.124858e-03
3.039026e-02
8.851327e-03
2.131657e-02
1.118899e-02
4.095128e-03
8.201007e-04
5.426880e-04
1.520870e-01
2.091430e-03
4.221263e-02
8.414576e-02
3.370053e-02
6.112949e-02
4.019994e-03
2.646901e-02
4.935309e-02
2.133691e-04
1.749951e-01
2.289418e-02
3.229146e-02
3.268570e-03
7.486828e-04
1.840076e-02
1.065072e+00
5.403807e-03
3.211057e-02
7.293877e-03
2.494069e-02
9.410675e-02
6.323382e-02
4.093368e-02
1.250019e-01
1.387846e-02
2.034520e-02
6.012150e-02
4.157534e-03
3.085815e-02
8.117336e-03
3.828584e-01
3.052557e-02
7.209665e-03
7.938461e-04
1.498929e-04
4.108780e-04
1.727597e-02
3.075182e-02
9.520030e-03
3.544292e-03
6.008720e-05
2.822086e-03
6.488415e-03
1.595188e-03
1.979786e-03
4.812783e-02
9.459892e-03
1.301124e-01
1.397905e-02
1.708201e-01
1.464822e-03
3.633391e-04
1.360653e-02
1.078487e-02
2.762545e-02
1.016988e-01
8.487290e-03
2.735355e-02
4.615488e-02
1.424050e-01
1.544554e-01
5.595251e-02
2.547703e-05
1.104535e-01
6.119612e-02
3.553427e-02
3.567120e-02
6.669836e-03
1.553717e-02
2.191972e-02
2.299551e-02
1.270199e-01
2.052338e-02
1.206662e-01
3.432759e-02
1.134029e-01
1.713124e-02
1.155425e-01
6.246107e-02
6.025894e-04
3.757057e-02
1.289317e-03
3.295194e-05
1.466403e-01
5.101036e-05
2.092315e-02
5.028867e-02
1.172434e-01
2.032852e-02
2.981326e-02
5.912852e-02
1.761133e-01
4.362159e-02
5.001531e-06
5.730145e-02
1.039293e-01
4.627883e-02
2.794300e-02
9.409586e-05
1.850705e-02
1.102438e-01
7.238817e-04
2.628010e-04
1.271048e-01
9.390875e-02
6.053770e-02
1.436514e-02
2.240088e-02
1.537738e-03
3.481703e-02
1.470333e-02
2.497576e-05
4.257618e-03
1.156610e-02
5.252146e-02
1.530256e-02
1.924258e-03
2.662254e-01
1.222862e-02
4.181376e-03
4.282969e-03
1.360996e-01
5.459223e-02
8.996195e-03
5.007925e-02
2.759875e-02
3.171846e-03
1.246504e-01
1.935823e-03
1.049299e-03
7.747767e-03
1.061389e-01
4.450900e-02
1.056643e-01
1.134907e-02
1.345167e-01
6.925730e-02
8.288616e-02
1.630634e-03
8.557067e-03
2.612582e-02
2.484906e-02
3.192936e-02
1.433961e-03
7.218013e-04
3.542881e-02
4.240606e-03
1.382373e-01
1.297263e-02
1.230262e-02
9.321085e-04
2.364390e-02
3.914823e-03
5.574823e-02
4.651789e-02
5.196009e-02
2.733644e-01
1.647595e-01
7.435125e-02
1.273659e-01
5.499601e-02
1.314245e-01
8.076012e-02
2.323805e-04
7.893568e-02
8.923129e-03
8.079344e-03
4.602858e-03
2.424812e-05
6.722876e-02
1.964445e-02
2.747863e-02
1.968317e-01
7.711531e-02
9.007280e-02
2.526087e-01
8.184400e-02
7.804362e-02
2.300986e-02
1.154587e-02
1.000978e-01
2.614689e-02
1.521015e-01
2.868130e-02
4.104813e-02
5.601264e-02
4.129686e-02
5.416592e-03
2.079682e-05
3.254276e-03
2.330211e-03
3.497512e-04
9.790255e-06
2.252760e-02
4.869412e-02
1.725915e-02
1.714767e-03
6.884301e-03
8.926495e-02
4.779996e-02
6.391181e-04
2.424597e-02
1.494007e-04
6.321390e-02
3.197192e-02
6.011946e-02
2.084690e-02
5.031783e-03
2.218209e-02
2.178337e-03
2.988116e-02
1.096834e-03
5.012865e-04
9.435411e-02
5.884534e-02
1.862923e-02
4.196922e-02
4.542748e-02
2.520675e-02
5.784662e-03
2.391154e-02
1.932744e-01
8.826964e-03
3.471686e-02
1.443951e-01
4.380896e-02
3.853244e-02
3.329408e-03
9.524167e-02
2.171275e-02
9.684595e-03
1.199578e-01
7.132431e-02
3.648158e-02
9.990942e-02
1.010876e-01
4.891888e-02
7.365970e-02
2.273392e-03
1.148896e-02
6.039950e-02
2.147452e-02
3.242742e-01
2.253722e-03
3.707689e-07
3.854054e-02
3.257278e-01
5.272767e-04
2.602899e-01
4.765229e-03
1.448467e-02
6.867233e-02
3.168275e-02
1.455028e-01
5.947900e-02
1.077166e-02
4.480268e-02
3.029702e-02
3.039043e-02
1.844390e-02
3.775051e-02
4.699840e-02
1.692947e-02
3.304308e-02
3.313547e-02
5.774433e-02
4.531669e-02
2.829117e-02
4.216118e-02
1.947209e-03
1.319442e-02
6.737913e-02
1.173267e-03
3.603866e-01
7.042096e-02
6.697697e-02
7.052159e-02
1.377687e-01
8.103643e-03
2.276285e-02
4.581107e-02
4.199130e-03
5.258077e-02
1.480882e-03
3.581041e-02
5.422048e-02
1.651716e-02
1.304672e-02
7.093097e-02
6.577243e-02
6.517528e-02
9.478566e-03
7.261026e-02
1.935313e-01
7.129491e-06
6.301765e-02
1.106178e-02
5.236868e-02
3.581807e-02
5.030673e-02
3.578239e-02
1.643064e-01
4.858608e-02
1.898443e-02
1.495375e-01
4.384271e-02
3.342998e-02
9.520017e-02
3.946844e-02
1.154827e-02
7.640749e-02
7.120842e-02
6.869060e-02
7.825879e-02
3.144136e-01
2.440836e-02
3.380224e-02
6.907281e-02
4.461060e-02
6.641940e-03
3.558644e-02
8.957839e-02
1.887917e-04
4.764619e-06
1.898865e-02
1.609286e-01
9.323374e-02
1.455391e-01
6.681172e-03
5.866010e-02
4.947581e-02
1.621587e-02
2.782511e-02
7.503294e-02
6.391942e-02
2.969483e-03
1.460713e-02
1.588372e-01
4.087555e-03
3.069083e-02
3.343947e-02
1.747374e-02
4.453205e-02
1.483008e-02
1.746880e-02
1.175688e-03
1.262143e-01
1.169711e-02
7.915280e-03
2.359332e-02
1.208130e-01
4.007430e-02
6.134545e-02
3.964444e-02
6.859136e-03
4.904859e-03
1.295118e-02
1.367374e-02
2.950754e-02
1.518221e-05
3.910483e-03
3.958089e-05
3.592672e-02
2.945076e-01
1.388634e-03
4.558451e-02
2.084039e-01
3.965387e-02
6.710205e-02
4.536705e-05
7.637942e-06
7.393953e-04
1.189923e-04
9.186318e-03
9.266412e-03
3.035743e-03
1.305251e-01
1.090636e-02
1.191794e-03
5.821913e-03
7.052005e-02
1.018498e-03
8.769708e-03
1.801541e-03
2.229729e-02
7.290192e-02
1.170279e-01
8.455619e-04
5.140653e-02
7.319414e-03
1.710331e-03
1.558670e-01
6.450285e-02
1.096585e-02
1.495915e-01
5.413570e-04
1.164589e-01
1.534396e-04
9.138836e-04
5.731912e-02
1.145550e-01
7.266355e-02
1.109503e-01
1.227589e-03
2.355058e-03
8.178896e-02
5.579958e-02
9.098936e-04
2.435549e-02
9.262432e-02
4.458705e-01
4.444002e-03
2.401316e-02
5.508571e-02
9.678005e-04
7.002177e-03
2.233496e-02
7.632489e-03
2.036060e-02
5.029086e-02
1.765077e-01
1.207645e-02
2.342268e-02
2.282694e-03
1.595232e-02
1.533590e-05
4.918080e-02
3.168502e-03
5.354282e-04
9.421132e-02
4.799753e-02
1.537072e-02
4.484246e-03
9.032248e-03
3.229641e-01
2.812742e-03
1.515232e-04
1.178203e-03
6.627224e-02
5.717410e-02
8.972574e-02
7.956023e-03
7.902314e-04
3.905264e-02
8.689002e-03
9.809751e-03
6.235091e-03
4.038658e-02
2.036709e-01
1.171691e-07
