5.339370e-03
1.356099e-01
1.500186e-03
2.009954e-02
4.130742e-03
3.355713e-02
2.151517e-02
2.134914e-04
8.966716e-02
4.428121e-02
1.448688e-02
1.858396e-02
2.394696e-02
2.173846e-01
1.409664e-03
1.064976e-01
5.968148e-02
3.180232e-02
2.112551e-01
2.693750e-02
5.364551e-06
1.155098e-01
2.884759e-02
1.741645e-02
1.561885e-02
9.566297e-05
1.243019e-01
1.129271e-02
4.689301e-02
1.706977e-02
3.396716e-02
7.612847e-02
3.104529e-02
4.698761e-02
7.772574e-03
3.818460e-03
9.958969e-02
1.228480e-02
1.022604e-01
6.304788e-02
1.329591e-02
1.506919e-02
1.277564e-01
1.392919e-02
1.290783e-02
2.301823e-01
1.197086e-03
7.935547e-03
7.751696e-04
4.771868e-02
3.904481e-02
1.103476e-03
5.108501e-03
2.680550e-02
2.931879e-02
2.217336e-02
1.943692e-02
4.024853e-02
2.399843e-03
1.974660e-01
9.351898e-03
2.900376e-02
2.640236e-02
8.083356e-02
6.281364e-03
1.444087e-02
1.199928e-01
1.380133e-01
3.142422e-02
9.805085e-02
1.659099e-02
9.236841e-03
1.661661e-03
3.112746e-02
8.812917e-02
1.576338e-02
1.036311e-01
9.106463e-02
2.410873e-02
2.695742e-02
1.730313e-02
3.952124e-03
9.285837e-03
8.286924e-03
3.758412e-02
2.804296e-06
7.246648e-03
2.245870e-01
2.845277e-02
2.631206e-01
2.665879e-02
5.835932e-02
1.209064e-02
1.441034e-01
3.161423e-03
1.911442e-02
8.157549e-03
3.277978e-01
4.473210e-02
7.505950e-06
7.581756e-02
2.367847e-01
4.536686e-05
9.982887e-06
2.926101e-02
3.348752e-03
3.164259e-05
2.961524e-02
1.227848e-02
1.045121e-01
1.072498e-01
9.112257e-02
1.060606e-03
8.445608e-02
3.088054e-02
2.941903e-02
1.707095e-01
1.061097e-01
1.609327e-01
9.093197e-03
5.137583e-02
1.435782e-02
1.400304e-01
4.219108e-03
2.764059e-02
1.207370e-01
6.945692e-03
9.422806e-02
5.149129e-03
4.201713e-03
9.810398e-02
6.980328e-02
1.934631e-02
2.417900e-01
1.459127e-01
3.372752e-02
1.311414e-01
2.689284e-01
4.158700e-02
3.148904e-01
5.684790e-03
2.962536e-02
1.200984e-03
4.313082e-04
3.389617e-02
1.827745e-02
4.955449e-06
1.648378e-02
2.216130e-02
9.489463e-03
1.629759e-01
3.593101e-02
1.492568e-02
1.335006e-02
9.052497e-02
1.177196e-02
1.351896e-01
2.687103e-05
2.547608e-02
8.051306e-04
8.055144e-04
5.822306e-03
1.628282e-01
2.074986e-03
1.902465e-02
4.586043e-02
2.092819e-03
2.497437e-03
7.567178e-02
8.915374e-02
1.311142e-02
8.572996e-02
5.325565e-02
2.087802e-02
8.620988e-03
8.350728e-02
6.683350e-02
2.806589e-02
1.891633e-02
1.451385e-01
3.002634e-03
5.207009e-02
4.755633e-04
5.381963e-02
1.200516e-01
1.327129e-01
3.700263e-03
9.891604e-03
1.674044e-03
3.732712e-02
3.793237e-03
9.528660e-02
2.451789e-02
4.682017e-05
1.118760e-01
1.031022e-01
2.520639e-02
5.833640e-02
3.766936e-03
7.533649e-02
6.792250e-02
2.080362e-01
5.070938e-03
3.470060e-03
5.776262e-02
3.963754e-02
1.295948e-01
1.842746e-01
9.074701e-03
6.931492e-02
1.122749e-01
1.630993e-01
8.189515e-03
4.221562e-04
7.919109e-04
4.694281e-02
1.324673e-01
1.167932e-01
9.430692e-03
1.014562e-02
1.161204e-01
4.960897e-03
1.004349e-01
3.867985e-02
6.993372e-03
7.417051e-02
4.127206e-03
1.602674e-02
3.242648e-03
3.438546e-02
2.871343e-03
3.773178e-02
2.188291e-02
5.641215e-04
1.752555e-01
8.806542e-03
2.928480e-02
1.951877e-01
1.589407e-02
9.887658e-03
1.814027e-01
2.210954e-02
3.942899e-01
1.309673e-02
4.860211e-04
1.316231e-01
9.873704e-03
5.303437e-02
2.318600e-03
9.238795e-02
5.212734e-03
6.017270e-03
3.273733e-02
1.664564e-01
2.535366e-03
1.283702e-02
3.474202e-02
1.461029e-01
3.152721e-01
6.320284e-02
3.025151e-01
6.018997e-04
5.398163e-03
9.175039e-02
2.017626e-03
1.499490e-01
5.464507e-01
1.053305e-02
4.847976e-02
1.071292e-01
9.596418e-03
6.345058e-04
2.813311e-01
1.234896e-03
4.422052e-02
1.151430e-03
6.127976e-01
1.574778e-03
1.781787e-03
1.948554e-04
6.351174e-04
6.097810e-04
5.550565e-02
1.009152e-03
5.126031e-04
5.587790e-02
1.963623e-04
8.477485e-02
8.757902e-03
2.394737e-02
2.317335e-01
9.377617e-02
6.835958e-04
8.817790e-04
7.989532e-03
1.647802e-04
9.159878e-02
2.811458e-01
5.936849e-02
2.439422e-03
1.000329e-02
1.697576e-02
1.706503e-02
1.680418e-02
3.461223e-04
1.402483e-01
4.743535e-02
3.060443e-01
1.026187e-02
2.404720e-01
1.502801e-02
2.537989e-03
2.930232e-02
2.224855e-03
7.100776e-02
1.322319e-02
5.215015e-02
9.460398e-03
3.735507e-02
5.344797e-03
5.808235e-03
3.927294e-03
6.720270e-03
1.630346e-03
2.757990e-03
7.370887e-03
6.190852e-02
5.624006e-02
2.048802e-03
4.087472e-02
3.105552e-03
1.308062e-01
1.678188e-03
6.082954e-02
1.504553e-02
2.417249e-01
7.104759e-04
1.562826e-02
1.081447e-01
7.217016e-02
1.079020e-03
5.500143e-03
1.071221e-02
2.241196e-06
1.270464e-01
1.564209e-02
1.051748e-02
1.732404e-01
7.875141e-02
5.762716e-02
2.441520e-02
1.847345e-02
6.918051e-03
6.035120e-05
2.086187e-02
1.983953e-05
6.316677e-01
6.655646e-02
1.155226e-01
9.449299e-03
9.600110e-03
2.688261e-02
5.793900e-02
1.061714e-01
1.386663e-02
1.157102e-02
4.204256e-02
2.154487e-01
9.464263e-03
5.646264e-02
2.137361e-02
2.672716e-03
9.675051e-03
5.210086e-04
3.453375e-02
3.502673e-02
2.251553e-02
8.714918e-02
7.993297e-03
6.595468e-04
7.968028e-02
6.658790e-02
8.302028e-04
9.182168e-02
1.333097e-01
1.050846e-01
8.083960e-03
8.213317e-02
1.030915e-02
7.940645e-02
6.036907e-02
3.889228e-02
9.499660e-04
4.173067e-02
7.788262e-02
3.266484e-02
3.116524e-02
8.046157e-06
7.802976e-03
1.405443e-01
1.501019e-01
1.437689e-02
2.310645e-02
2.714278e-03
1.073133e-03
4.747203e-03
7.870993e-02
1.011265e-01
8.000766e-02
8.553392e-02
3.051448e-03
2.723841e-03
1.903790e-03
1.931998e-03
1.984221e-02
6.019523e-03
2.092900e-01
4.819696e-02
7.148315e-02
2.048330e-02
2.236726e-03
3.920241e-03
1.242121e-02
1.589949e-03
1.838384e-03
4.602854e-04
1.517148e-02
4.668241e-02
4.361953e-03
1.261321e-02
4.812722e-02
3.640696e-02
2.705243e-02
1.410182e-01
2.407189e-04
2.746365e-02
9.739548e-02
9.644216e-03
9.394587e-02
1.018959e-01
4.551482e-02
1.683502e-03
8.560230e-03
1.805959e-01
2.605229e-04
4.377479e-04
1.868243e-01
2.520950e-03
1.371968e-03
2.136558e-02
8.926362e-02
1.787218e-03
1.901197e-02
5.605979e-03
4.570958e-02
6.869545e-02
2.997809e-03
1.458126e-02
5.102294e-03
9.772761e-02
1.638642e-01
2.158303e-05
2.695724e-04
1.293131e-04
8.525580e-02
5.822775e-02
5.538595e-02
1.342137e-01
1.116465e-03
1.357815e-01
8.128099e-02
2.937497e-01
2.095152e-01
2.722747e-02
2.262096e-01
1.017616e-03
4.131186e-04
4.938459e-02
2.942612e-02
7.954222e-02
3.023866e-03
4.362515e-02
1.418199e-02
3.656089e-05
2.763308e-03
1.163564e-01
6.280437e-03
1.243847e-01
1.073333e-01
8.169272e-02
1.246254e-02
2.857151e-03
1.731780e-03
1.186092e-01
3.893804e-03
6.775870e-03
1.629533e-02
6.948004e-02
7.848256e-02
1.829602e-07
9.858781e-06
4.480159e-02
7.524921e-05
1.929324e-03
1.131873e-01
1.993511e-01
1.351024e-02
2.530827e-01
3.066115e-02
1.321380e-04
8.444249e-02
1.218965e-02
6.822133e-02
1.395835e-01
4.716119e-02
2.516192e-01
1.100499e-03
5.866675e-02
6.223455e-02
2.150149e-02
1.635353e-02
1.762082e-02
2.265362e-01
4.598300e-02
3.122545e-03
2.700392e-03
1.359761e-01
1.485925e-07
3.710753e-03
3.646443e-02
9.006551e-02
1.559170e-02
1.765670e-01
2.536546e-02
1.066504e-01
1.332090e-02
5.172630e-02
2.685994e-02
2.099908e-02
4.648759e-02
3.520007e-01
3.851718e-02
9.504394e-02
1.581309e-02
4.183666e-02
1.896349e-02
2.225174e-03
1.783288e-02
9.482525e-03
4.405872e-02
2.025779e-02
1.604295e-01
1.940897e-01
5.402083e-02
1.643923e-02
3.288045e-02
2.746921e-03
7.581071e-03
2.175908e-02
1.240374e-01
7.384619e-02
4.480877e-03
1.248937e-01
5.635460e-02
1.941011e-03
3.840175e-03
5.283083e-04
1.157290e-01
1.201877e-03
1.149223e-02
4.841441e-02
1.899244e-01
2.084914e-02
2.363361e-02
1.155849e-01
3.939344e-03
2.093882e-01
2.591890e-02
2.016647e-01
1.853598e-02
4.730147e-02
7.859611e-04
1.962895e-01
3.185918e-02
3.623617e-02
2.078193e-02
1.432149e-01
8.184500e-02
1.540441e-01
1.060961e-02
1.063389e-01
8.177800e-02
9.415306e-02
2.295392e-01
