2.842447e-02
7.149515e-02
1.041674e-02
2.489153e-03
1.018352e-01
1.040455e-01
9.494595e-02
1.137746e-02
1.218701e-05
8.072103e-04
2.728518e-02
4.842103e-02
9.142262e-04
1.547425e-01
7.823073e-03
1.068743e-02
4.200623e-03
1.050717e-01
1.151218e-01
1.924713e-02
1.199562e-02
8.665963e-02
4.265797e-03
2.851203e-04
2.738817e-01
1.276234e-02
4.310547e-07
2.261390e-02
7.444502e-02
7.554503e-02
5.267965e-02
5.337570e-03
2.759138e-03
1.075579e-03
2.976085e-02
1.332509e-02
4.793557e-03
4.494367e-03
1.149888e-01
7.668401e-02
3.259612e-02
1.195127e-02
3.457308e-02
5.655853e-02
9.182432e-03
1.357310e-04
6.853565e-02
7.399516e-02
1.325945e-02
8.946732e-03
4.029311e-02
1.026111e-02
8.769664e-04
6.284706e-03
2.742742e-03
3.019027e-02
1.031884e-03
4.128907e-03
2.191879e-02
1.564179e-01
1.115244e-01
4.533096e-03
1.141131e-01
3.979834e-03
7.874789e-02
2.864135e-02
6.812151e-03
1.096187e-03
1.142995e-02
3.258648e-03
1.170926e-01
3.683435e-03
1.258231e-03
7.045135e-04
1.852239e-02
1.221170e-01
2.229070e-04
7.151261e-02
2.923250e-02
1.265416e-03
7.050574e-03
6.644247e-02
1.539504e-02
8.598219e-04
1.229708e-03
9.614060e-02
7.953065e-02
4.069272e-02
3.308695e-02
2.509558e-02
4.659094e-04
1.607272e-02
1.017335e-02
1.286896e-03
1.338251e-01
9.649036e-03
4.136210e-02
9.415710e-02
5.767012e-02
1.190259e-01
6.915377e-03
6.525267e-03
1.654203e-01
9.409357e-03
3.437163e-02
1.109312e-03
8.012032e-02
1.713867e-02
6.272673e-04
4.283128e-03
1.269810e-02
3.080906e-03
2.105126e-02
1.029178e-02
2.406626e-04
1.009592e-02
3.890279e-03
2.109795e-02
4.463485e-02
4.804455e-02
4.338465e-03
2.920739e-02
1.052823e-02
3.709744e-02
8.697886e-02
3.598206e-04
7.731044e-03
4.227218e-02
9.783492e-02
1.257151e-02
8.872215e-02
3.320680e-02
3.246983e-02
6.571961e-04
1.698571e-02
6.222012e-04
3.754027e-02
7.931072e-02
2.432637e-03
1.085197e-02
1.735806e-01
2.818085e-01
3.407693e-03
1.938319e-02
7.976017e-02
4.141961e-02
2.180223e-05
6.626558e-01
2.981978e-02
3.672407e-03
4.395133e-02
3.509320e-02
6.198033e-04
8.694261e-04
2.893712e-02
1.098928e-01
2.732783e-02
6.303642e-02
1.616660e-01
3.420928e-01
1.949691e-01
8.648257e-03
8.938717e-04
1.148148e-02
8.195843e-02
3.418992e-03
3.447212e-02
2.131923e-01
8.231117e-02
1.926061e-02
2.778956e-02
6.278416e-03
4.074562e-02
1.076713e-07
3.254698e-05
9.020575e-02
9.368618e-03
1.491578e-03
8.086592e-03
2.756977e-02
1.245576e-02
1.108129e-02
6.568638e-02
3.551162e-02
2.025953e-02
4.372453e-02
2.311708e-03
2.361362e-05
3.796575e-03
7.102636e-03
5.650427e-04
3.117926e-02
8.656187e-02
3.025739e-02
2.066761e-02
2.153165e-02
2.357106e-03
1.417693e-01
1.396841e-02
1.962986e-01
7.202379e-03
9.426676e-02
2.859532e-04
1.396352e-03
1.658757e-02
3.996148e-03
8.984562e-03
1.368517e-02
1.783433e-01
3.844273e-03
1.797743e-02
3.233916e-04
6.217428e-02
5.582543e-02
1.167304e-03
1.381818e-01
2.796773e-02
2.113531e-02
4.666411e-03
2.515402e-03
1.067323e-01
2.288282e-02
2.804495e-01
1.648426e-02
3.723391e-04
1.625597e-02
4.161578e-02
4.313380e-03
9.956443e-02
3.506337e-01
7.977160e-02
9.797328e-02
5.923094e-02
1.738031e-03
2.497255e-04
3.778402e-02
2.101051e-03
4.632218e-02
1.754658e-02
4.621845e-02
9.158368e-02
6.780323e-02
9.049578e-05
2.109195e-01
4.353151e-02
4.605169e-03
4.708607e-03
1.798737e-03
1.326220e-01
1.463002e-01
7.245190e-02
2.787566e-01
3.937516e-02
7.372238e-04
1.203846e-01
1.354209e-02
2.998036e-02
1.025362e-02
2.253290e-02
4.169376e-02
1.514340e-01
2.383544e-03
2.305678e-02
9.982003e-02
1.104724e-01
1.886505e-04
1.293297e-01
2.919211e-03
3.929145e-03
3.709832e-04
2.115358e-03
1.025528e-03
2.879658e-01
1.128149e-03
1.289886e-02
4.850015e-03
7.493082e-02
1.801959e-02
2.336822e-03
1.373067e-01
1.385370e-01
6.148447e-02
1.039091e-03
9.217045e-02
9.623510e-03
5.899519e-02
8.107201e-03
2.699636e-02
3.966834e-02
1.545437e-02
1.353083e-02
2.079512e-06
4.298773e-02
1.088932e-02
1.943789e-01
2.684567e-02
1.950748e-01
6.918424e-05
9.683793e-03
6.150257e-04
1.570001e-02
1.114250e-02
1.593974e-02
2.849121e-02
6.991729e-02
1.028387e-02
3.151737e-03
2.200180e-02
7.198735e-03
5.328880e-04
1.546036e-03
2.670635e-02
9.716734e-02
3.024876e-02
8.248352e-02
2.309598e-01
4.191927e-02
6.612656e-02
8.394409e-03
2.891229e-03
3.965633e-01
6.503384e-02
6.799806e-02
6.384273e-02
1.916598e-02
5.682647e-02
3.669957e-02
1.176501e-03
8.423875e-02
9.235392e-03
1.803532e-02
8.882853e-03
3.130562e-02
1.312458e-02
2.399719e-02
4.757486e-02
1.322355e-01
4.035651e-06
1.723947e-03
6.950130e-02
1.248537e-04
5.435773e-02
7.095762e-02
1.147789e-02
3.130049e-02
2.368378e-05
1.778821e-03
3.484470e-02
8.217595e-02
9.133751e-02
1.691140e-01
3.307656e-02
1.148750e-02
3.822472e-03
2.950305e-02
2.746581e-02
2.168665e-02
1.441991e-02
1.350954e-01
2.184775e-03
9.906768e-05
1.021442e-01
3.066605e-02
4.431189e-03
7.720732e-04
3.894843e-04
1.394987e-01
4.180644e-02
2.133532e-02
1.862165e-02
9.163635e-03
1.645062e-01
1.656927e-02
6.025599e-02
1.903866e-02
4.915510e-02
1.005859e-01
9.915718e-02
1.116205e-01
2.276014e-02
4.115714e-02
3.517011e-03
5.898528e-02
2.056828e-05
6.184446e-03
9.868221e-02
3.053267e-02
2.709939e-03
4.514656e-02
1.313940e-03
4.411992e-03
3.137647e-02
7.980121e-02
1.904114e-02
2.103518e-02
1.181021e-02
3.284062e-02
7.206250e-03
1.258975e-01
2.669735e-03
5.362208e-02
1.201473e-02
4.202114e-03
3.112951e-03
2.398646e-02
3.373608e-02
3.953963e-04
1.286495e-01
1.038080e-01
5.815800e-02
3.796388e-03
1.834262e-02
1.899840e-02
7.099219e-02
2.027996e-03
9.424745e-02
4.533150e-03
4.534629e-02
5.095485e-02
5.126145e-03
2.437130e-02
1.463473e-01
5.158258e-03
8.143869e-03
4.812587e-03
1.187225e-02
2.058766e-01
7.889789e-02
7.646338e-02
1.475736e-02
3.060359e-02
2.055004e-01
1.990102e-02
1.631137e-01
4.770529e-04
5.130451e-03
3.391384e-02
8.180618e-02
1.076309e-01
2.301588e-01
5.734930e-03
1.408122e-03
9.192011e-03
7.242800e-04
4.433316e-02
4.507801e-03
5.844272e-02
5.488774e-02
4.906827e-02
4.782666e-02
9.848389e-03
5.425401e-02
1.848086e-01
2.065790e-02
1.126435e-01
1.245638e-02
3.715706e-02
1.503935e-01
1.703179e-02
2.379747e-03
1.064014e-01
1.001185e-02
1.955212e-02
6.038242e-05
1.863420e-02
1.409975e-01
7.810892e-02
5.691248e-02
2.307869e-01
1.306058e-02
2.397336e-02
1.909085e-01
1.187451e-01
7.608099e-04
6.703711e-02
1.055164e-01
2.822211e-03
4.853836e-03
1.098366e-01
1.673336e-02
4.018601e-02
1.157121e-04
1.233810e-02
1.197967e-01
2.570685e-02
1.153104e-02
3.182561e-03
1.821878e-03
3.243060e-02
4.961274e-03
5.896973e-03
6.492573e-02
5.712463e-02
3.821752e-02
5.799059e-02
7.285070e-02
2.911674e-03
1.595503e-02
5.649828e-02
1.591617e-01
1.066418e-01
1.007116e-02
4.642421e-03
1.613286e-01
3.408367e-02
2.048933e-01
4.605586e-03
5.863592e-01
1.314176e-01
7.211297e-02
6.232427e-01
1.550856e-02
6.819373e-03
1.218948e-02
1.079310e-02
2.109853e-02
7.908378e-02
4.206569e-02
1.737166e-02
5.833916e-04
2.627281e-02
1.070362e-01
7.765600e-02
5.320164e-03
1.081945e-01
5.239304e-05
8.172338e-03
1.262099e-05
1.007076e-01
2.899393e-03
1.455931e-02
5.541275e-03
1.102801e-01
1.757865e-03
6.831701e-03
1.350420e-02
2.073945e-02
8.205263e-02
2.878659e-03
1.596311e-02
2.129051e-02
6.507395e-02
6.557082e-04
9.752660e-03
9.585060e-02
2.343799e-02
2.324333e-03
1.211733e-02
3.619984e-02
2.748989e-02
8.666563e-02
4.805881e-02
6.988356e-02
3.984951e-03
1.570642e-02
1.835810e-02
1.001157e-01
1.938126e-02
2.978211e-01
6.183009e-02
2.131983e-02
1.182258e-02
1.379070e-01
6.088758e-03
5.395886e-02
5.868018e-02
2.709609e-03
1.648709e-01
1.168229e-01
1.609207e-03
4.963373e-02
1.482736e-03
1.185857e-01
2.629099e-03
3.890150e-02
1.967499e-02
3.977711e-02
1.483245e-02
5.615188e-03
1.286067e-01
4.979292e-02
3.365003e-02
3.984510e-02
2.033394e-01
9.643689e-03
4.217504e-02
5.643897e-02
6.261544e-02
7.698950e-03
5.886951e-03
1.886196e-03
3.643602e-03
1.718896e-03
1.699417e-03
