1.709352e-02
3.429695e-02
7.367988e-04
6.307436e-02
1.725162e-02
2.119432e-01
6.579760e-03
1.407066e-01
1.548625e-03
1.828458e-02
8.279614e-02
3.180707e-02
1.099440e-02
1.273805e-02
3.155684e-02
5.022407e-02
5.071611e-02
6.276260e-02
1.543149e-04
1.450866e-06
1.000812e-02
1.212748e-05
3.910561e-03
5.020722e-02
3.868345e-05
2.283141e-02
1.228359e-01
1.658832e-03
6.695795e-02
3.225739e-01
2.151585e-02
6.169460e-03
4.625344e-03
5.771722e-03
1.001740e-04
3.841944e-02
9.348559e-05
5.453579e-03
1.738173e-03
1.912429e-02
5.165164e-02
3.234363e-04
1.359673e-02
7.139018e-03
1.192487e-03
1.200110e-02
9.227303e-03
6.013932e-02
8.024903e-03
1.229207e-02
1.219997e-01
9.053343e-04
2.201970e-03
6.423869e-02
1.162559e-01
4.207106e-03
9.871768e-02
1.377227e-02
1.518269e-02
1.107177e-02
1.279821e-01
1.967784e-03
5.989128e-02
7.951059e-03
5.739402e-02
6.788959e-03
9.068580e-02
3.878464e-04
1.215905e-02
3.096095e-02
3.170246e-04
1.195175e-03
6.646782e-02
6.964710e-04
1.427932e-02
9.653726e-02
2.587390e-01
1.546934e-02
1.925937e-02
7.891754e-03
1.205656e-02
2.062628e-01
2.476004e-02
4.290091e-03
1.008684e-04
9.018822e-03
1.336741e-03
1.397671e-01
1.659398e-01
5.017536e-02
6.616879e-02
1.379754e-01
2.719405e-03
6.449254e-02
3.710610e-02
8.752766e-03
2.792679e-04
3.505259e-03
7.732065e-03
6.606528e-04
2.579290e-03
1.496736e-02
2.137463e-02
5.664444e-02
2.332837e-03
2.175984e-02
5.696735e-02
2.425018e-01
2.807953e-02
1.001724e-01
4.679747e-01
1.474411e-03
3.021041e-02
8.692611e-03
3.024972e-03
3.403452e-01
1.774302e-01
2.183687e-02
7.953505e-02
2.122507e-03
1.892356e-02
5.685292e-03
3.353365e-02
3.829386e-02
2.891295e-02
1.514588e-03
7.040689e-02
1.100546e-01
1.125717e-02
2.765250e-02
1.812104e-02
1.930584e-02
3.608458e-04
4.685027e-02
6.834968e-04
4.845664e-03
5.752567e-02
3.004501e-02
1.495507e-04
1.668658e-02
6.907833e-02
3.604137e-02
1.329453e-02
3.747562e-03
1.405825e-02
5.298944e-02
4.351534e-02
4.722349e-03
6.832343e-04
4.429387e-03
8.738096e-02
1.594062e-01
9.844283e-02
1.854222e-04
6.716514e-02
5.198955e-02
1.001362e-01
1.988265e-02
2.970162e-02
3.138011e-01
1.099875e-02
5.149642e-02
2.428454e-04
4.550472e-02
1.808797e-01
2.530908e-01
3.405093e-01
2.991456e-02
5.946731e-05
5.717223e-02
2.063365e-03
1.123630e-01
1.621000e-03
5.989075e-03
2.369809e-01
1.087089e-02
2.461131e-03
2.389464e-02
3.769511e-04
1.200211e-02
4.398115e-03
2.643404e-02
2.098033e-01
5.539988e-02
3.637399e-02
6.467507e-02
1.744789e-02
6.623305e-02
1.050110e-04
2.127880e-02
9.519806e-03
8.686390e-02
1.520843e-02
8.883555e-02
2.865943e-02
1.484269e-03
7.522714e-03
1.417249e-02
7.032484e-02
4.029336e-04
3.018399e-03
1.196217e-02
1.667629e-02
5.301108e-02
1.909948e-02
3.933868e-03
1.709220e-03
3.187629e-03
4.098833e-02
1.937533e-02
4.332865e-02
7.772605e-02
5.132333e-02
7.940448e-02
7.664616e-03
7.010079e-02
7.141736e-02
1.278459e-02
1.356133e-02
7.719047e-02
5.505944e-02
3.784331e-02
5.982887e-02
1.279471e-01
9.165244e-02
4.292793e-02
7.912577e-02
2.814920e-01
4.363762e-02
4.390288e-06
6.681643e-03
7.109068e-03
7.814630e-02
3.079326e-02
2.477232e-02
4.101298e-02
2.260823e-02
2.288685e-01
1.483495e-02
5.211244e-03
5.250559e-02
1.252715e-01
2.769778e-03
3.393844e-05
2.496251e-02
5.738965e-02
1.611068e-01
2.525813e-03
1.994065e-01
1.478917e-01
2.716086e-03
4.831832e-03
1.549831e-02
1.260372e-01
1.077085e-03
1.010600e-01
4.465555e-02
1.075323e-02
7.610703e-02
2.824173e-02
4.365751e-06
5.485211e-02
3.142827e-02
2.208341e-02
2.057348e-01
8.426308e-02
1.282533e-01
3.719247e-02
3.417638e-04
1.218289e-04
3.872322e-03
2.973012e-02
6.496897e-03
9.260277e-02
1.059560e-02
1.768287e-02
1.154210e-03
1.810088e-01
2.011712e-01
1.509192e-02
1.414607e-02
1.551638e-01
3.228037e-02
3.776809e-01
7.232618e-04
1.451362e-03
3.486018e-02
9.571488e-03
9.147794e-03
7.002158e-06
5.158028e-03
7.138601e-06
3.041780e-06
7.307455e-04
6.617639e-02
4.489145e-02
1.441013e-02
8.445285e-03
2.307955e-03
5.144128e-02
5.341368e-02
1.347208e-01
1.452052e-03
8.363315e-04
3.853774e-02
3.769845e-03
1.880041e-03
2.141897e-03
8.876997e-04
7.226963e-03
3.451687e-02
6.516719e-03
1.605754e-02
2.939979e-03
1.784457e-02
8.203882e-02
7.726869e-03
3.469354e-02
1.441117e-01
8.540859e-02
7.272985e-01
2.467454e-02
8.146003e-03
7.416682e-02
3.003079e-02
1.634383e-02
1.889118e-02
8.670081e-02
7.453766e-02
5.855734e-02
4.148189e-03
1.497221e-01
3.241126e-02
1.226902e-01
4.229485e-03
1.847489e-02
2.952726e-02
1.360735e-01
1.011089e-02
4.371973e-04
3.543400e-02
6.798140e-04
1.138902e-04
6.522386e-02
5.973227e-03
5.751889e-04
8.929330e-02
2.856430e-02
3.571249e-02
3.315956e-03
7.200891e-03
1.965269e-03
6.476535e-02
1.490653e-01
2.648378e-03
1.702006e-01
3.656175e-02
3.303840e-02
2.046761e-02
1.459666e-01
1.933462e-03
2.021838e-02
5.355311e-02
2.251656e-02
1.410709e-01
4.741539e-02
2.622217e-02
2.479164e-04
7.055863e-03
7.826076e-02
6.783243e-03
1.627148e-02
6.025475e-02
3.791914e-02
5.266041e-04
3.236727e-02
1.304187e-02
1.519841e-01
1.689062e-02
2.355529e-01
5.019061e-02
1.849073e-04
2.362331e-03
5.928279e-04
1.212370e-01
9.120498e-02
6.575924e-02
1.019020e-03
3.259824e-02
6.911715e-03
1.676412e-02
1.456072e-05
4.949008e-02
2.871292e-01
3.651790e-05
1.713022e-03
3.679391e-03
1.446835e-02
1.223609e-01
2.473794e-02
3.152892e-02
7.093077e-03
9.876666e-02
1.508629e-01
1.635233e-02
3.707626e-02
3.297685e-01
3.602267e-02
8.399285e-02
1.354442e-03
2.981615e-02
1.209125e-01
5.293930e-04
1.021291e-03
2.193751e-01
1.961032e-01
1.055658e-01
1.838200e-02
1.997395e-02
5.161927e-03
3.079830e-01
4.126684e-02
7.404525e-03
1.452821e-02
1.277185e-04
2.368415e-03
4.753280e-03
2.344191e-02
7.316073e-04
4.380227e-02
3.112656e-03
8.399129e-02
3.719217e-02
6.689667e-03
3.457966e-02
2.541921e-03
6.672154e-02
3.495450e-02
9.749136e-03
2.529214e-03
6.125607e-02
1.250865e-01
4.688422e-03
2.857482e-01
1.407588e-02
3.354508e-02
4.860131e-02
2.325845e-02
2.247640e-05
5.306071e-04
8.862320e-02
6.227194e-02
2.507913e-03
1.868525e-02
7.500074e-04
6.828907e-03
1.775710e-01
7.937720e-04
2.628716e-03
5.219360e-03
1.453229e-01
1.084326e-03
7.450136e-05
6.096870e-02
3.883108e-03
2.115443e-01
3.828239e-02
3.766519e-02
2.242014e-02
2.008750e-02
8.618559e-02
2.938595e-01
2.819889e-02
1.420312e-01
1.524790e-03
2.644350e-01
1.246660e-02
4.010024e-03
7.167204e-02
1.435096e-02
2.163206e-03
1.597103e-02
3.210369e-02
1.361775e-02
1.594361e-01
5.899322e-05
4.158008e-02
5.716911e-02
6.013840e-02
1.322362e-01
3.281671e-03
1.525653e-02
6.646314e-02
1.259124e-01
1.048418e-01
2.957796e-02
6.875241e-02
4.095663e-04
1.386962e-01
1.391148e-01
1.527878e-01
1.651572e-03
9.144614e-04
2.461025e-02
1.463978e-02
1.039557e-01
1.041415e-02
9.136897e-01
6.669087e-02
4.438753e-02
9.028964e-02
1.218726e-01
3.301052e-02
5.140896e-02
8.994289e-05
1.104411e-01
2.763556e-03
1.092037e-04
3.970097e-03
6.178611e-02
8.480986e-02
5.796915e-02
3.601183e-03
1.722543e-02
1.240064e-03
4.726977e-03
1.529434e-03
3.974465e-01
9.692471e-02
1.490607e-01
1.084734e-03
2.716742e-01
2.943479e-02
2.241200e-01
6.681783e-03
4.966041e-04
1.390534e-02
7.799017e-02
9.478299e-02
7.577646e-02
6.160619e-01
8.375916e-03
2.414488e-02
1.814867e-02
2.080694e-03
1.451243e-02
8.962249e-03
2.982869e-04
4.743218e-02
1.628743e-02
3.458796e-03
8.611512e-02
1.764247e-02
3.243635e-03
3.665703e-02
5.095196e-02
3.796411e-01
7.735135e-02
1.148443e-03
8.853596e-02
6.609184e-02
6.414767e-03
2.572887e-03
1.128313e-01
4.441889e-02
5.337004e-02
8.342650e-02
3.666722e-04
2.864932e-03
5.554062e-04
1.099100e-04
9.073851e-03
7.866219e-03
5.821785e-02
3.184826e-01
9.016989e-03
1.619868e-02
1.004402e-01
4.451291e-03
5.233593e-05
1.810989e-01
5.614918e-02
2.293368e-03
8.371495e-03
1.056296e-02
2.012923e-02
2.067712e-02
1.206580e-03
2.514310e-02
7.656921e-02
4.670821e-02
2.894287e-02
3.597638e-03
1.503577e-04
