3.711165e-02
7.034315e-02
3.159310e-01
7.604856e-03
2.614237e-01
5.499081e-03
2.287270e-01
5.966664e-03
1.343169e-02
7.652748e-04
6.068439e-04
1.766989e-02
1.068945e-01
4.554727e-02
1.545538e-01
3.111198e-03
1.373947e-01
1.414002e-03
4.295199e-04
3.371812e-02
1.337656e-03
1.894766e-02
6.804806e-02
2.957330e-02
7.858319e-02
8.714496e-04
2.601683e-02
1.582917e-02
4.982713e-02
1.086030e-01
2.633558e-03
8.399916e-07
8.514243e-03
1.442820e-04
1.698610e-05
4.070375e-02
6.147241e-02
2.476977e-02
4.766117e-03
4.830847e-02
6.260283e-04
5.469012e-02
9.111787e-03
4.462427e-03
4.528002e-02
3.687713e-02
9.382864e-04
1.304937e-01
3.829248e-03
6.542464e-02
1.320905e-02
2.717530e-02
6.292201e-02
1.724712e-02
7.120903e-02
2.517848e-02
6.043547e-02
1.939798e-02
1.528732e-03
1.711572e-02
1.850084e-02
2.128528e-02
8.639784e-03
2.929908e-02
1.051891e-02
9.497592e-04
3.641566e-02
4.550799e-02
9.515328e-02
7.270319e-03
9.860063e-02
6.259645e-04
5.182293e-02
2.278277e-02
3.237680e-01
2.293213e-04
6.500319e-02
6.680407e-03
3.055670e-01
3.700762e-02
2.643422e-04
4.021364e-02
9.019241e-02
1.584385e-01
1.643578e-01
2.223516e-03
4.004263e-04
1.026604e-01
2.457331e-04
3.214273e-03
1.326288e-02
1.384236e-02
2.707929e-01
2.258807e-02
2.175053e-01
1.664303e-03
4.128417e-03
3.805727e-02
6.898817e-03
2.394527e-02
6.739305e-04
6.365485e-02
7.398594e-03
1.309887e-02
1.014820e-04
1.831387e-02
3.535806e-02
4.815628e-04
1.265807e-02
1.243965e-01
1.071449e-02
1.075030e-01
1.001883e-02
5.057540e-03
1.320017e-01
8.855788e-01
3.723401e-04
6.128003e-03
1.645085e-03
5.073097e-04
1.361001e-03
2.403307e-02
1.587660e-01
5.177783e-02
1.920021e-03
2.535282e-02
2.814436e-02
1.561530e-01
4.996718e-02
2.174600e-02
2.076136e-02
2.656998e-04
1.704018e-05
1.689505e-02
3.580693e-02
2.385775e-03
2.863878e-03
1.670932e-01
2.088411e-02
1.191895e-02
6.040891e-02
2.946115e-03
1.959867e-04
1.658804e-02
3.175755e-01
4.513150e-02
9.655671e-02
3.564145e-02
9.694182e-03
2.262114e-03
3.932184e-02
4.618768e-02
3.738773e-02
1.212967e-01
9.130111e-02
1.292145e-01
7.015310e-02
3.170075e-03
3.294689e-04
1.437773e-03
1.510070e-01
1.753701e-03
8.287304e-03
1.214089e-01
9.296738e-02
1.122181e-01
2.935671e-03
9.089888e-03
8.456698e-03
2.873980e-03
2.104989e-03
3.393842e-02
1.443652e-03
1.712983e-05
2.203107e-01
7.341672e-02
5.884945e-04
3.892978e-02
3.200799e-01
4.480907e-02
3.995989e-03
1.246483e-01
1.410125e-03
5.042904e-02
2.497865e-02
1.092880e-02
1.300721e-02
4.664300e-03
1.601369e-02
1.342202e-03
2.727014e-02
1.191863e-01
7.961517e-03
3.069905e-02
1.306017e-03
1.438333e-02
9.085240e-04
3.053188e-02
2.550722e-01
8.474127e-02
9.547363e-04
1.755908e-01
1.108263e-01
9.891281e-02
1.153066e-01
4.800249e-02
7.623693e-04
7.661353e-02
6.080995e-03
4.450307e-03
1.600704e-01
8.730182e-02
1.405789e-01
4.078457e-03
2.556029e-03
5.614535e-03
3.366584e-02
5.773563e-02
4.549902e-02
9.515686e-03
3.824692e-02
2.701580e-02
1.445075e-03
7.944010e-03
6.961558e-02
1.432186e-02
1.010948e-01
4.617356e-03
8.758564e-02
1.491322e-01
1.743162e-02
1.458636e-04
2.342641e-02
1.478377e-01
2.454028e-02
3.019959e-01
1.599793e-01
4.624644e-02
1.977207e-03
1.972526e-03
4.668566e-02
8.940916e-03
6.988103e-02
2.212240e-01
2.365465e-02
2.455998e-04
1.578724e-03
2.523313e-02
1.406664e-03
7.433594e-02
4.658050e-02
1.468327e-01
1.055303e-03
7.102842e-02
1.408133e-02
6.693999e-02
1.813381e-02
7.456680e-02
1.693607e-02
6.076971e-02
1.098920e-01
5.677594e-03
9.659790e-03
8.307600e-03
1.295639e-01
1.541236e-02
1.879737e-01
7.449514e-05
1.240589e-01
4.418005e-02
4.806596e-05
7.551237e-02
5.008162e-03
5.714322e-03
1.249921e-03
1.979938e-02
1.023172e-01
3.051927e-03
5.240840e-02
6.494847e-02
2.455184e-02
3.767887e-03
7.734688e-02
4.377354e-03
9.982577e-04
5.040686e-02
1.341502e-01
1.458191e-03
3.450107e-02
2.620706e-03
5.714294e-03
5.257199e-02
3.946034e-02
1.672061e-04
2.316512e-04
6.643033e-02
2.957172e-02
1.026904e-01
6.620009e-03
6.904144e-02
1.143448e-02
9.517963e-03
7.533146e-03
1.268611e-01
3.222548e-03
2.806492e-03
1.515515e-02
1.622834e-01
2.438138e-02
7.011544e-05
4.001849e-02
3.584446e-04
4.568071e-01
4.131908e-03
1.102896e-03
1.318168e-01
2.049817e-03
2.235150e-04
3.302476e-03
5.142932e-03
1.358422e-02
1.928219e-01
6.400861e-02
6.954641e-03
5.344734e-02
1.199196e-02
8.727369e-03
6.807847e-02
1.813922e-02
5.198939e-02
2.563659e-02
1.233050e-03
1.892603e-03
8.372385e-05
9.542288e-04
2.111277e-01
7.207582e-06
8.068633e-02
6.690726e-02
8.475723e-03
4.453605e-02
2.469918e-02
2.149738e-03
4.625657e-03
4.980348e-02
6.298933e-02
1.447947e-02
5.376234e-02
2.636502e-05
3.681105e-03
2.248534e-03
3.635224e-02
6.380551e-02
2.106542e-03
5.009394e-02
4.947600e-03
5.437620e-04
1.243550e-01
9.231340e-06
5.183203e-02
1.646537e-02
8.461894e-03
2.560658e-02
1.539053e-01
3.190792e-04
5.320964e-02
2.880082e-03
2.682676e-01
8.165851e-02
1.888008e-02
6.417700e-04
1.310283e-01
1.286620e-01
1.765946e-01
1.412545e-01
6.140301e-03
1.910495e-02
5.243577e-05
7.958951e-02
7.761210e-02
5.289691e-02
1.793205e-04
3.392687e-04
6.187035e-02
1.174620e-01
2.773523e-02
1.122632e-02
2.377429e-04
3.325623e-02
3.889005e-03
1.897066e-02
6.252195e-03
4.146867e-02
1.220187e-02
3.073041e-02
6.403625e-02
6.807738e-02
7.151601e-02
1.865330e-02
1.376849e-02
1.699088e-01
8.311590e-02
8.110184e-04
3.063632e-03
5.519991e-02
3.940952e-02
2.214401e-02
4.092941e-02
5.441842e-03
1.540565e-04
3.026989e-01
8.056156e-02
4.855053e-02
1.242498e-01
3.389415e-02
5.738663e-04
9.018022e-04
1.975898e-01
7.058145e-05
5.892353e-02
1.043853e-01
1.281125e-01
1.620083e-02
1.096881e-06
1.349358e-02
1.199390e-01
7.487770e-02
2.989060e-02
5.728117e-03
1.948802e-02
7.611788e-06
4.536719e-04
5.340900e-03
1.194969e-01
8.061015e-02
3.713061e-02
2.151994e-02
1.950792e-02
1.741848e-02
4.559227e-03
1.614542e-02
5.704752e-02
1.189194e-03
4.019897e-01
6.293895e-02
2.196284e-01
1.878075e-02
1.970254e-03
2.587194e-05
8.341974e-02
1.584415e-03
4.217749e-02
3.800727e-02
5.809184e-02
7.484330e-02
1.958715e-01
1.276005e-02
3.214255e-03
2.946204e-01
9.696884e-03
1.488880e-01
1.669710e-01
3.279488e-02
2.479035e-01
1.104347e-02
4.175316e-02
2.920703e-03
6.482821e-03
6.193885e-03
1.607018e-02
5.995042e-04
1.261352e-02
2.835801e-01
4.882403e-01
1.749762e-03
2.477127e-04
1.181599e-02
1.969683e-02
1.541943e-01
1.128242e-02
3.311162e-03
7.219621e-03
1.924439e-04
1.306728e-01
9.368359e-03
1.737779e-02
9.685898e-02
1.306993e-01
2.340436e-01
1.543122e-01
6.195824e-03
1.409222e-02
3.667998e-02
3.308185e-02
7.893927e-02
2.162658e-02
4.955404e-02
1.179146e-01
1.294087e-02
1.147763e-02
2.594582e-02
2.069081e-04
5.642552e-02
3.763406e-02
1.638514e-01
1.216423e-03
1.839145e-02
1.687675e-02
1.313106e-03
5.500746e-02
3.308230e-01
1.081033e-02
7.925588e-02
2.972161e-02
4.788833e-03
1.457382e-02
1.486801e-02
4.121719e-02
3.428978e-03
2.027405e-02
1.334846e-01
1.039479e-01
4.771053e-03
6.212485e-04
2.360261e-01
4.865301e-03
4.117196e-05
2.327087e-02
3.810630e-03
8.786271e-03
1.653993e-02
2.934020e-02
1.218444e-03
4.742460e-04
4.053318e-02
2.877274e-02
3.984947e-02
6.397253e-02
4.749337e-02
5.065069e-01
2.501393e-03
1.591900e-03
3.149355e-03
9.757704e-04
4.083770e-05
4.325244e-03
2.039319e-02
1.571063e-01
1.502272e-01
8.549726e-02
1.975509e-01
2.766737e-03
2.439726e-01
2.166927e-02
3.168309e-01
2.602961e-01
4.029126e-02
4.606156e-05
3.834281e-02
5.854411e-05
7.239451e-02
1.548719e-02
1.504821e-02
1.037217e-03
2.586761e-01
1.379394e-04
6.325720e-02
3.640386e-02
1.619989e-01
3.565093e-02
1.771521e-02
9.849046e-03
4.538243e-02
3.574816e-03
4.276406e-02
4.864361e-03
2.105371e-02
2.433180e-02
9.732583e-03
5.727309e-02
1.054722e-06
2.106738e-01
8.221296e-02
4.233844e-02
4.625582e-05
1.704386e-02
1.838990e-02
2.366575e-02
2.602205e-01
2.405688e-03
6.666029e-03
8.288214e-04
2.938255e-02
2.984293e-03
