4.994469e-03
5.838336e-03
6.555725e-05
4.921565e-03
5.203892e-03
8.684887e-04
1.531569e-01
6.961914e-02
7.697062e-03
5.299050e-02
5.739635e-02
2.358096e-01
1.109838e-02
3.128114e-03
2.965115e-02
9.990549e-03
9.345974e-02
5.037393e-02
3.793721e-01
4.827919e-02
8.088783e-03
4.304076e-03
4.047088e-02
3.557428e-02
2.479685e-02
4.478230e-03
8.564958e-02
1.868127e-01
5.962319e-03
8.092017e-02
1.439222e-02
6.903965e-02
6.611508e-03
5.656469e-03
1.618914e-01
1.566702e-02
5.380840e-02
2.930581e-02
1.648175e-03
1.484890e-02
1.898597e-02
1.113563e-03
1.157639e-01
1.134433e-01
5.126165e-03
1.288163e-02
3.388031e-04
9.273203e-04
1.908182e-03
1.338836e-05
2.103579e-03
8.439313e-03
2.848971e-04
4.990333e-02
1.502036e-03
4.732596e-02
5.305032e-02
8.961623e-02
5.506068e-03
1.876926e-02
3.200873e-02
4.582326e-03
5.069437e-04
8.863648e-02
6.329882e-02
3.360976e-03
4.350857e-04
1.078752e-02
1.956372e-01
5.864338e-02
2.447797e-03
7.140722e-03
4.833079e-02
1.343415e-01
3.783055e-02
7.366472e-02
1.036700e-01
3.110096e-01
1.921307e-01
6.865764e-02
1.164009e-01
5.105265e-02
1.677542e-02
4.334115e-02
6.522334e-03
5.676204e-02
5.528178e-02
2.586082e-03
2.054238e-02
1.789557e-03
5.706776e-06
3.374696e-02
1.323506e-02
1.215685e-02
7.712039e-02
9.074633e-03
3.813119e-02
1.386283e-02
6.679056e-02
3.599319e-02
3.708020e-03
2.311470e-01
4.365087e-02
1.067385e-02
1.028900e-02
6.001930e-02
4.335877e-04
3.711320e-02
9.699041e-02
4.936505e-02
1.168861e-01
3.215571e-02
2.641337e-03
2.566513e-03
3.602778e-03
2.056892e-03
3.304400e-03
5.672505e-03
7.937736e-03
4.852784e-02
2.394452e-03
4.248541e-02
3.599464e-03
2.038748e-01
9.474769e-03
4.349813e-06
1.120776e-01
5.607251e-02
1.068306e-04
5.992129e-02
4.946211e-04
1.879414e-02
1.786976e-02
2.956120e-01
1.893273e-01
1.338804e-01
3.885213e-02
2.032755e-01
3.345721e-03
5.841058e-04
5.617028e-03
2.569771e-04
3.616321e-03
4.879397e-02
1.011670e-03
1.978947e-02
5.434605e-02
4.651169e-02
8.150759e-03
1.577207e-04
8.972349e-04
5.196424e-02
4.464922e-02
1.307369e-04
7.936740e-03
2.142681e-02
3.148190e-02
3.535713e-02
7.099392e-02
1.181729e-01
3.127635e-02
5.101658e-02
1.766021e-03
7.214519e-05
5.965433e-03
4.588025e-01
6.392100e-03
4.522911e-03
1.023278e-02
8.044697e-02
2.395686e-02
1.054794e-02
1.567382e-01
2.060645e-06
5.219237e-02
8.224283e-02
1.310074e-02
2.455074e-02
3.269228e-01
3.829261e-02
7.453189e-05
2.391307e-04
1.949095e-02
4.005612e-02
4.208425e-02
7.651635e-03
2.158046e-05
1.600989e-03
1.399641e-01
1.188076e-02
1.104320e-02
2.699559e-02
3.583507e-02
1.887533e-02
2.729046e-02
3.085433e-02
7.077367e-03
3.253799e-03
3.509967e-02
5.193491e-02
3.044585e-02
7.704166e-04
7.570722e-03
4.928822e-02
1.173198e-02
1.052327e-01
1.208924e-01
7.839273e-02
2.172397e-01
2.107909e-02
2.717733e-01
1.930685e-02
4.141849e-03
5.064290e-02
4.565406e-03
4.277235e-02
1.918606e-02
6.390516e-03
8.082911e-02
1.517395e-02
6.368285e-04
2.991787e-01
1.062680e-01
7.586143e-03
1.844749e-04
6.245111e-04
1.074129e-02
1.562603e-01
1.085402e-01
4.617819e-03
3.021763e-02
1.855890e-03
2.577590e-02
4.074650e-04
3.374463e-04
2.035217e-02
2.691918e-02
2.333007e-01
1.315761e-02
9.508475e-03
3.659934e-02
3.110364e-01
1.082331e-01
2.412894e-01
4.822751e-03
5.312191e-02
4.771109e-02
1.072784e-01
1.005573e-01
4.097963e-06
1.654654e-01
1.749622e-02
1.206654e-02
7.234954e-02
3.765448e-03
6.702350e-02
1.957921e-01
1.080775e-04
6.836664e-02
5.266102e-03
9.692041e-04
2.120729e-02
6.776330e-02
1.749772e-02
4.674162e-02
9.447973e-05
1.207938e-01
7.745985e-04
2.245330e-02
7.546155e-02
2.266948e-02
5.011968e-02
1.488168e-02
8.378145e-02
1.007387e-01
1.787637e-01
9.321541e-03
6.282899e-03
2.778368e-03
2.774990e-03
3.876555e-04
1.639897e-03
1.788794e-03
2.490472e-02
3.700700e-02
1.590694e-02
1.217729e-02
2.890056e-03
1.160912e-01
8.177786e-02
5.486361e-02
4.610160e-02
4.406791e-02
3.493650e-02
1.234906e-01
7.103604e-04
1.335468e-02
1.639761e-02
9.335211e-02
1.420732e-01
7.768852e-03
5.781235e-02
7.151054e-02
1.700158e-02
3.545457e-02
2.047209e-02
1.677835e-02
1.397441e-03
1.277152e-02
1.994387e-01
3.703745e-02
1.922435e-02
1.544790e-01
1.437912e-02
2.486683e-01
4.183918e-02
6.404184e-02
2.362468e-02
3.198307e-03
1.620042e-02
1.218043e-02
6.791505e-02
3.675197e-04
3.093253e-04
4.756179e-03
9.526985e-03
9.583313e-02
2.098862e-05
1.415242e-01
6.650757e-02
5.568378e-03
3.349824e-02
2.544283e-01
9.078242e-03
3.140496e-02
2.178515e-01
1.278832e-02
6.124803e-02
7.349254e-04
2.058000e-01
2.491122e-01
9.438822e-03
1.415948e-01
9.714185e-02
1.290369e-01
1.832921e-01
1.197177e-01
2.301677e-02
1.367306e-02
6.183440e-02
3.495906e-02
1.205589e-01
4.097679e-02
7.550647e-03
6.905736e-03
2.506587e-02
7.137361e-02
6.972498e-02
7.944714e-02
7.938087e-05
3.850294e-07
3.370590e-02
3.689771e-02
1.430747e-01
6.389568e-02
4.398006e-02
2.248422e-02
6.198330e-02
6.310797e-03
7.687673e-02
7.673056e-02
3.546029e-03
1.043794e-01
1.530521e-03
5.385015e-03
1.386253e-01
1.028165e-02
1.946884e-02
1.519615e-02
5.272907e-02
4.793457e-01
1.060278e-02
2.330174e-02
5.339870e-03
1.121898e-01
1.385757e-02
4.934113e-02
4.926524e-02
8.021959e-02
1.454636e-02
1.714701e-02
1.790737e-05
6.203516e-04
5.558963e-02
8.552280e-03
2.334545e-02
2.995386e-02
5.264017e-03
9.469563e-03
1.610019e-02
1.037913e-02
9.461270e-03
4.771812e-01
2.415962e-02
6.747584e-03
3.060696e-03
1.023494e-01
6.568929e-03
6.500784e-03
1.924062e-02
2.081126e-02
4.515410e-03
5.037194e-02
2.152095e-02
2.319552e-02
2.722856e-01
8.374851e-02
9.016305e-03
4.700677e-02
1.428342e-02
1.233014e-01
4.188101e-02
2.619011e-02
1.921997e-02
7.174250e-04
1.559463e-02
2.239229e-02
1.374615e-03
3.134070e-03
7.734786e-03
1.999035e-02
1.080525e-01
1.105134e-02
1.023256e-02
4.880435e-02
8.915495e-02
2.940292e-02
7.036128e-03
4.250730e-02
2.012765e-02
5.357261e-02
4.733659e-03
3.782075e-02
4.782553e-02
8.389471e-02
1.194023e-01
6.998177e-03
1.747912e-02
5.946946e-03
2.585321e-02
9.562175e-03
2.325167e-02
6.360697e-04
2.770848e-04
7.690442e-02
2.994664e-02
6.132824e-03
1.660525e-02
3.253290e-04
5.552146e-02
1.449740e-02
1.176987e-02
1.541475e-01
5.148132e-03
9.414677e-02
8.612369e-03
4.038922e-03
1.095631e-02
4.474322e-03
9.557863e-02
1.381390e-03
2.555249e-01
2.492519e-02
7.514745e-03
3.414177e-08
4.853367e-03
7.859204e-03
1.212206e-01
1.855916e-01
3.188085e-02
8.860856e-05
1.083000e-01
5.578648e-02
1.186098e-01
2.272780e-03
3.745767e-02
4.563447e-04
1.428039e-01
5.547334e-02
2.176418e-01
6.601554e-02
1.619801e-03
1.022412e-01
3.823725e-03
8.148339e-04
6.656173e-02
2.464393e-02
1.131304e-03
6.606082e-02
9.463137e-03
8.894511e-02
1.014851e-03
6.701260e-04
2.557432e-03
4.208714e-02
1.166941e-02
4.499763e-02
1.085392e-01
1.287130e-01
3.736535e-03
1.048048e-02
6.556754e-02
1.048135e-01
2.047547e-02
6.958170e-02
8.522321e-02
9.890424e-02
4.243853e-02
1.525444e-02
1.837662e-01
1.157933e-02
1.394033e-01
1.877421e-04
1.561672e-02
1.008252e-04
7.474987e-04
1.800240e-03
1.295801e-01
1.141108e-01
1.127833e-02
1.010701e-02
4.709196e-03
4.294901e-04
2.138000e-03
2.491496e-02
1.059933e-02
6.593114e-02
1.055781e-02
1.970993e-01
2.659016e-01
3.672639e-04
2.562542e-02
6.789810e-02
1.557208e-02
2.114583e-02
4.014875e-02
9.821356e-03
1.425571e-02
2.140938e-03
1.206564e-01
2.045599e-03
8.311966e-02
2.800254e-01
1.210185e-03
2.302737e-02
1.185274e-02
2.429575e-02
2.252815e-01
1.497287e-02
3.041466e-05
6.260341e-04
7.183927e-02
1.255058e-02
3.585196e-02
6.975218e-03
1.822548e-01
8.041911e-02
8.192701e-02
1.315990e-02
1.250826e-02
1.283849e-03
3.712155e-03
6.257918e-02
1.241241e-01
3.301648e-04
5.732199e-03
5.656005e-03
2.536466e-05
4.238811e-02
6.043143e-02
7.470419e-02
7.336760e-05
3.708276e-03
1.044063e-02
8.855488e-02
2.912107e-02
1.668623e-01
1.818875e-02
7.619018e-02
7.846123e-02
2.629919e-02
2.733977e-02
7.909167e-04
2.865564e-04
