6.756506e-03
1.442750e-02
2.803654e-02
5.621195e-02
2.370567e-01
2.650471e-02
2.947483e-02
7.106712e-02
7.375937e-03
1.070713e-02
1.074615e-02
3.045536e-03
3.769325e-03
5.107388e-02
3.055051e-03
6.458471e-02
4.787283e-02
9.831010e-02
2.543491e-02
6.516764e-02
1.296965e-02
2.219136e-03
3.657265e-01
5.213710e-02
1.389928e-01
5.860991e-03
1.251135e-02
9.923477e-02
7.559437e-03
1.418454e-02
8.096217e-02
1.526249e-02
3.050331e-02
9.047175e-04
4.738188e-02
7.598843e-03
3.758840e-02
1.183987e-01
3.102901e-02
3.415020e-03
1.860007e-02
3.397772e-02
5.950865e-04
7.261842e-03
1.397124e-01
1.180032e-01
7.646335e-02
2.366775e-02
5.347770e-03
6.155516e-02
4.563417e-02
3.817746e-02
6.884820e-02
9.989345e-02
5.135517e-02
2.572770e-06
4.846239e-02
1.044185e-02
3.917232e-02
5.290690e-02
4.372718e-02
1.379123e-03
8.562436e-02
9.350622e-03
5.151456e-02
5.937026e-04
1.767339e-03
1.014567e-01
5.814673e-06
1.832716e-02
4.726756e-02
5.297733e-03
1.849110e-02
1.435734e-01
5.824007e-03
1.877938e-01
3.418826e-04
9.111701e-02
2.348929e-04
3.261821e-04
1.146876e-02
1.999660e-03
2.155073e-02
1.796717e-02
3.215008e-01
1.517955e-02
4.954649e-03
8.003990e-03
3.188321e-02
3.778496e-02
1.060207e-02
8.192770e-04
1.050126e-01
4.242634e-02
2.631891e-03
1.942318e-02
5.324344e-02
2.482018e-06
6.559670e-02
6.248625e-03
3.294383e-03
7.239775e-02
7.673055e-02
1.135632e-01
5.799700e-03
1.409098e-09
3.968910e-02
9.549771e-03
2.357267e-04
3.413646e-02
1.005021e-02
3.571043e-02
1.037413e-02
1.117403e-03
5.461184e-02
1.681296e-01
1.487781e-02
1.880762e-02
4.974831e-02
4.447781e-02
2.391392e-03
1.188958e-02
6.504674e-02
8.050843e-02
3.277836e-01
7.291757e-02
3.160965e-02
4.614061e-06
2.556611e-03
3.824168e-03
2.614878e-02
1.046241e-01
5.236309e-02
3.106894e-02
4.733942e-02
1.511419e-01
3.876914e-01
2.520989e-02
3.181975e-04
2.073224e-04
9.921800e-04
8.675035e-03
8.398742e-03
6.432604e-03
3.768540e-03
7.925289e-02
3.284810e-03
7.457063e-03
3.857548e-06
9.655424e-03
2.374770e-04
7.121474e-02
2.670594e-02
7.593002e-02
5.861556e-02
1.350678e-01
8.410694e-02
1.109195e-01
3.356380e-02
1.772654e-02
1.662604e-03
3.213416e-03
1.299320e-02
1.794374e-01
7.618028e-02
4.716094e-02
6.353895e-02
8.774018e-03
4.834375e-03
7.906504e-02
5.620189e-02
3.497622e-02
2.107800e-02
1.027237e-02
5.807927e-02
3.341038e-04
5.734550e-03
1.560058e-02
4.520923e-02
2.035876e-02
1.415626e-01
4.986418e-04
4.083982e-02
6.625999e-02
5.662693e-02
5.999869e-04
5.701121e-03
8.284381e-02
3.479543e-02
1.617087e-01
1.750483e-01
4.897894e-03
7.987964e-03
7.594293e-03
1.047615e-01
2.256590e-02
2.628933e-02
2.472260e-02
5.475394e-02
1.872462e-03
1.808666e-02
3.842662e-02
8.845227e-03
1.139179e-08
4.014509e-02
9.685247e-02
3.348697e-02
1.876718e-05
6.538202e-02
5.826481e-02
4.555150e-03
1.416303e-02
4.901615e-02
1.188031e-01
9.843910e-02
3.125083e-02
3.601709e-02
1.381048e-02
2.336693e-02
6.848495e-02
4.655058e-03
2.071695e-02
1.230516e-02
2.403336e-03
3.949030e-02
1.850633e-03
6.538814e-03
1.649494e-01
3.884851e-02
7.553413e-02
3.039382e-02
8.356036e-02
9.315034e-03
2.518224e-02
5.289743e-02
1.841467e-01
1.160720e-01
4.653811e-02
8.310409e-04
3.607633e-03
6.662334e-04
1.081879e-02
2.443760e-01
7.860907e-03
5.643301e-02
7.653266e-03
6.440073e-02
1.349408e-01
3.937147e-03
6.413719e-02
6.194156e-02
1.085388e-01
3.640892e-02
1.860630e-02
1.324495e-02
9.201912e-02
1.840169e-04
1.011634e-01
3.667185e-03
3.547584e-02
1.329116e-01
2.540604e-02
4.571784e-03
4.057927e-03
1.017824e-02
4.756768e-02
2.209878e-02
4.712959e-03
1.587566e-04
3.751440e-03
1.285499e-01
4.237010e-02
4.901930e-04
3.789601e-05
1.087815e-03
1.707799e-03
8.653867e-03
1.300231e-04
4.297076e-04
2.039521e-04
4.680095e-02
4.830040e-03
4.767598e-02
1.201922e-02
1.613901e-02
1.465744e-02
1.687951e-02
7.028289e-03
8.931381e-02
1.291891e-02
4.842173e-02
1.361039e-02
3.466295e-02
1.603444e-03
8.734058e-03
2.191799e-02
3.145743e-03
2.667661e-02
1.493767e-01
1.177866e-01
1.525932e-04
1.436752e-02
2.457127e-01
2.187646e-02
5.316452e-03
7.581759e-04
1.379280e-01
5.126278e-02
3.892484e-02
6.748848e-02
2.994586e-02
3.953823e-02
1.040847e-02
6.699413e-06
1.563311e-02
3.668112e-03
5.491010e-06
7.763240e-03
1.036814e-01
4.387675e-03
2.214298e-02
8.436909e-03
6.021451e-03
1.703825e-01
4.497509e-02
6.911404e-02
8.640572e-02
1.773802e-02
4.454143e-03
1.120110e-02
6.985737e-02
5.828842e-02
4.209817e-02
1.378661e-01
4.406348e-02
9.931258e-03
1.530502e-01
2.409241e-02
1.670570e-02
1.442907e-02
1.420043e-02
8.582133e-03
6.127849e-02
4.297882e-02
5.509312e-02
7.720361e-02
8.167779e-05
1.381228e-01
1.055587e-02
2.009289e-01
2.702046e-02
3.139927e-02
3.625444e-02
7.970300e-05
1.395262e-01
3.554651e-02
2.834170e-01
9.315873e-02
2.330044e-03
1.170771e-01
3.375171e-03
1.729718e-01
8.165111e-05
1.273600e-01
2.217182e-01
1.980767e-06
5.757864e-02
3.078097e-03
2.811581e-01
1.675826e-02
2.828451e-05
1.854900e-03
3.739404e-03
1.045073e-01
7.664583e-02
2.144117e-02
1.003957e-01
6.896335e-02
5.597219e-02
1.853435e-02
1.253786e-01
6.777057e-04
1.813395e-02
7.988845e-02
2.798283e-01
2.481111e-02
2.038699e-03
1.114864e-02
2.622041e-01
7.010563e-02
5.302468e-04
1.235552e-02
3.107097e-03
5.355985e-02
7.632278e-02
3.236833e-02
3.289373e-05
7.860893e-04
4.663553e-03
1.916015e-02
1.527993e-03
8.959571e-03
2.202217e-02
2.187468e-01
5.892000e-03
1.582187e-01
6.270674e-03
8.816558e-03
3.716924e-03
9.460161e-04
1.477015e-03
9.994226e-02
3.864313e-02
2.396328e-02
5.781408e-02
1.886527e-03
2.623405e-04
3.162808e-05
7.355829e-03
1.339709e-01
1.376225e-03
1.868780e-02
1.783069e-03
3.341228e-03
1.742716e-02
2.037810e-02
1.101868e-02
9.657512e-02
1.629623e-01
1.862923e-03
1.126096e-03
3.441662e-03
7.813239e-02
4.043423e-03
5.040873e-03
2.514549e-01
1.948628e-02
7.125687e-02
7.226015e-03
3.354580e-02
6.013031e-03
3.794129e-03
1.093751e-02
6.197551e-02
4.811041e-02
4.683198e-03
1.030765e-01
2.043262e-01
2.875101e-04
2.739221e-02
5.560744e-02
1.437011e-02
9.024792e-02
5.869023e-02
1.230583e-03
3.610836e-02
5.090929e-03
6.602904e-03
8.104999e-02
1.282054e-02
5.859639e-02
1.355909e-02
5.679255e-03
2.814977e-04
1.962467e-04
1.112562e-01
4.446028e-02
2.613496e-01
4.937091e-02
8.045204e-02
4.063734e-03
6.888861e-02
3.763987e-03
2.645809e-02
1.424323e-03
6.265453e-03
1.613736e-02
6.667430e-04
4.297885e-02
1.447037e-02
6.525464e-02
2.880042e-04
7.543707e-02
8.524474e-02
2.131304e-03
2.290669e-03
5.404548e-02
7.407422e-02
3.363106e-02
6.912067e-02
6.797023e-02
2.243107e-03
1.665744e-03
3.300746e-02
1.843203e-02
9.264435e-02
2.330405e-01
2.187649e-01
6.830236e-02
3.754237e-03
2.068721e-02
2.976149e-01
8.497830e-04
1.816881e-02
4.360597e-02
5.354235e-02
1.993959e-04
3.270730e-01
1.400948e-02
9.964469e-02
4.426380e-02
5.499960e-02
7.902473e-02
5.681910e-02
1.513415e-03
1.078474e-01
4.703086e-02
3.872321e-03
1.880579e-02
3.732856e-04
4.272416e-02
2.485706e-02
3.594998e-02
3.833313e-04
6.125101e-03
1.637167e-02
2.355389e-03
2.707671e-02
8.167311e-02
9.928972e-03
3.353123e-02
1.700424e-02
1.025429e-04
2.681850e-02
1.364515e-02
8.039282e-02
3.511964e-01
4.653322e-02
3.467633e-02
1.932739e-02
6.699413e-04
2.886132e-02
3.694757e-03
2.614041e-02
7.393934e-02
5.987144e-03
1.539676e-02
3.458077e-03
8.058456e-03
2.303193e-02
3.790253e-02
4.113221e-02
4.626439e-02
1.427465e-02
1.232533e-01
1.212557e-02
5.080106e-05
1.477995e-01
2.067878e-01
8.658343e-03
1.675624e-02
4.441050e-02
1.307383e-01
4.563575e-03
2.811247e-03
7.811026e-02
2.683887e-03
9.277579e-02
5.202663e-03
9.897760e-03
3.371826e-04
1.185103e-01
1.600183e-02
2.626821e-02
6.309198e-03
2.835322e-02
6.217468e-02
4.620022e-02
6.131122e-02
9.122969e-05
8.486029e-02
8.905771e-02
7.915290e-03
5.053316e-03
2.034046e-03
4.955004e-03
6.915893e-02
2.206030e-05
1.034220e-02
3.109186e-03
3.187731e-02
2.324423e-02
2.786618e-03
4.529627e-02
