3.076555e-02
1.161007e-02
7.870237e-05
1.133945e-02
3.014589e-03
2.156420e-02
1.085237e-02
3.614168e-02
3.335544e-02
1.701080e-03
2.229941e-01
4.153895e-02
1.109236e-01
9.113247e-05
8.151857e-03
2.532464e-02
3.716953e-05
7.658611e-02
2.229996e-02
6.061658e-05
8.137044e-05
2.792130e-03
3.370780e-03
7.215569e-04
1.007233e-02
6.103342e-02
7.618738e-02
5.359548e-02
4.037129e-02
1.205870e-01
2.022397e-03
1.613481e-02
1.310845e-01
1.526326e-01
9.851935e-03
8.603917e-02
5.245291e-02
4.823733e-03
6.827625e-03
8.773432e-04
2.971327e-02
7.204117e-02
8.803685e-04
2.307499e-04
1.292155e-01
2.029024e-02
6.934588e-02
4.091539e-02
1.478174e-02
2.704703e-02
4.752369e-02
1.318869e-02
1.141535e-03
7.835765e-04
6.277758e-02
2.434069e-02
1.370896e-02
3.266721e-02
3.669345e-02
4.049922e-02
3.059251e-01
3.583229e-03
8.209077e-04
6.423688e-02
1.246397e-01
4.924335e-03
4.152706e-03
2.499757e-02
4.081086e-03
2.963246e-02
1.533057e-03
1.935453e-02
3.913205e-03
4.523336e-02
9.905481e-04
4.193790e-02
4.776424e-05
2.491882e-02
5.333738e-02
1.058933e-01
3.094793e-02
2.859919e-04
1.366721e-01
5.478821e-03
4.646834e-02
2.582138e-02
2.118349e-02
1.356108e-04
1.710465e-02
8.476375e-04
4.229979e-02
1.612444e-02
1.808722e-02
1.322503e-04
4.916989e-03
2.663536e-05
6.388428e-02
1.901732e-02
9.631837e-03
1.132191e-02
7.844355e-03
9.935100e-03
2.601793e-03
7.516905e-05
7.864776e-03
5.773853e-02
2.693906e-02
1.609279e-01
2.081630e-03
2.200233e-02
6.529612e-02
2.121655e-01
6.659497e-02
8.114137e-04
4.757313e-02
1.549951e-02
1.075861e-02
7.091781e-02
1.057605e-02
1.302863e-01
7.007622e-02
4.631547e-02
9.117768e-03
8.824918e-05
4.695741e-03
1.430348e-02
1.436180e-03
1.089679e-01
1.202154e-02
1.083761e-02
6.887652e-03
2.704754e-02
4.236229e-02
5.167969e-02
1.042986e-02
2.003821e-01
1.582578e-02
9.379788e-03
6.726722e-03
2.373864e-04
1.179241e-02
2.268591e-04
8.642412e-04
4.772625e-03
7.014784e-03
4.570104e-02
1.842438e-01
1.565274e-01
1.676297e-01
1.290985e-03
3.424743e-02
6.391909e-03
1.542378e-02
4.085170e-02
4.508198e-03
1.577992e-01
7.263661e-02
4.147513e-02
1.487164e-02
3.209409e-04
1.552211e-02
1.935653e-01
8.005535e-03
8.355400e-02
2.613871e-02
2.890237e-01
7.849098e-02
1.017057e-01
1.046616e-03
5.518211e-02
6.143416e-02
9.870758e-03
7.391142e-02
5.446864e-02
7.027831e-02
1.664263e-02
1.026627e-01
7.874625e-02
2.485249e-02
2.026327e-03
2.240269e-02
3.756591e-03
4.111307e-03
3.481695e-03
2.154996e-04
1.358974e-03
5.549647e-03
4.433421e-03
2.082467e-03
8.471931e-02
1.736957e-03
2.105617e-03
1.842458e-02
3.730998e-02
6.742929e-03
6.074780e-03
9.784561e-03
8.461317e-02
3.061246e-02
4.579894e-02
7.233293e-03
1.198776e-02
1.599475e-02
2.315987e-03
4.734462e-02
1.192318e-02
1.953935e-02
1.371267e-02
8.914039e-02
1.923348e-02
1.511397e-01
2.262536e-04
6.760905e-03
5.721342e-02
1.674331e-03
1.757360e-01
2.876000e-03
4.450884e-03
3.453647e-03
1.068162e-01
3.154455e-01
2.834958e-01
1.485748e-01
3.538152e-02
3.765498e-02
2.276175e-02
3.865503e-02
4.755131e-03
4.243481e-04
3.297481e-03
6.539275e-05
3.722229e-02
1.069530e-01
9.030511e-02
1.319582e-01
2.356797e-04
4.194310e-01
3.113540e-01
4.473812e-04
1.385202e-01
1.386127e-02
6.093453e-02
3.966397e-02
1.465739e-01
1.313041e-02
3.426838e-01
7.348017e-03
8.702310e-03
9.135404e-02
6.456990e-02
2.436465e-02
4.972184e-02
1.981783e-03
3.087794e-02
3.790688e-02
9.675411e-03
1.697936e-02
1.583947e-02
1.008756e-03
5.233158e-03
6.423189e-02
4.857591e-05
6.510090e-03
5.464724e-03
2.756508e-02
1.019065e-01
2.661386e-01
1.767981e-01
3.332734e-02
1.937052e-01
2.788407e-02
3.643668e-02
7.603958e-02
7.903207e-02
9.437857e-03
2.071569e-03
5.066972e-02
1.864488e-04
2.717518e-02
1.532461e-01
7.671025e-03
1.358324e-01
7.146956e-04
3.077076e-04
1.157634e-01
1.148350e-02
3.166258e-02
3.048302e-02
1.844365e-01
1.403485e-01
2.731476e-03
2.367895e-02
6.823135e-02
4.500754e-02
9.468600e-02
7.360676e-02
4.911821e-02
3.175205e-02
4.342749e-02
2.801658e-03
1.190278e-01
7.891935e-02
3.066207e-02
7.563536e-02
1.790522e-02
6.667739e-05
1.537249e-04
7.026591e-03
2.730853e-03
1.386138e-01
2.360628e-03
2.581776e-02
5.224359e-02
3.568664e-02
2.786817e-03
2.536270e-02
2.016074e-02
1.255549e-02
5.282219e-04
1.790847e-04
9.977554e-08
4.229661e-02
2.689999e-02
3.465813e-02
1.203997e-02
2.959641e-03
8.945484e-03
8.249598e-03
3.372699e-04
2.456104e-02
1.549147e-02
9.099177e-03
1.048435e-01
6.500622e-02
1.453625e-02
4.873012e-03
6.684657e-02
1.156311e-03
5.235484e-02
1.867377e-02
7.072875e-02
8.205639e-02
5.190760e-02
2.382085e-03
4.093866e-02
8.931557e-03
7.550884e-02
8.474780e-02
7.101497e-03
6.524084e-02
1.311271e-02
8.317436e-05
7.239902e-02
2.206893e-01
1.209362e-02
1.882556e-04
2.523781e-02
3.179411e-02
3.847320e-03
4.652118e-03
3.756766e-02
8.289979e-02
1.054399e-03
1.155279e-01
4.387420e-02
8.325088e-03
1.435174e-02
3.019246e-02
1.962453e-03
5.259588e-03
1.052319e-02
6.494336e-03
2.528668e-02
3.984106e-04
2.512184e-02
7.671703e-04
3.442142e-03
1.637410e-01
9.057582e-02
9.650265e-02
8.043850e-04
6.050220e-05
4.569902e-02
5.344000e-03
3.087524e-02
1.758540e-02
1.296815e-02
1.587585e-02
3.117542e-05
1.716090e-02
4.892222e-03
7.495391e-03
1.138797e-02
7.584602e-02
5.745446e-03
2.790514e-03
1.071932e-01
1.139953e-02
2.980365e-01
1.948812e-02
3.904518e-05
2.262220e-03
4.284700e-02
4.179887e-01
2.692848e-02
5.653054e-03
2.233368e-03
5.622588e-02
3.085828e-02
2.370373e-02
2.766618e-02
5.990482e-02
1.626541e-02
1.512972e-02
1.771590e-01
7.771300e-03
4.625853e-03
2.807731e-02
5.679766e-02
1.454856e-03
1.528398e-01
4.270613e-05
2.819693e-02
1.653274e-05
1.027293e-03
7.098409e-03
8.245240e-03
1.172841e-02
2.919249e-02
1.918105e-03
2.120884e-01
3.940153e-02
3.314916e-02
1.197599e-01
1.015230e-01
1.250243e-02
1.046599e-01
1.049044e-02
9.130489e-03
1.111832e-01
2.524211e-01
5.364087e-02
1.241074e-02
6.954722e-02
2.514783e-02
1.262360e-01
2.151718e-02
1.707879e-01
7.462732e-03
6.546301e-04
7.892351e-04
8.692764e-02
1.224709e-02
5.189243e-02
7.982393e-04
1.625479e-02
2.968194e-03
9.072232e-03
2.019467e-02
3.774243e-02
7.814248e-03
8.250121e-03
6.729489e-02
7.911135e-02
9.067869e-03
1.706321e-01
4.018428e-03
4.188345e-02
6.669147e-02
3.474311e-03
2.323395e-02
2.423236e-01
8.596187e-02
3.354533e-02
1.112805e-02
4.720960e-04
4.176053e-02
1.194292e-02
2.441877e-04
4.218122e-02
1.105509e-03
3.110432e-02
1.137404e-01
1.024566e-02
8.930275e-02
1.511163e-01
1.339349e-02
1.350707e-04
2.123369e-04
2.017209e-03
6.485815e-02
1.352414e-03
3.954273e-02
3.499105e-03
6.803968e-03
6.595264e-02
2.900184e-02
7.006374e-03
9.235436e-02
2.616716e-02
5.996303e-02
4.134365e-02
2.557681e-02
6.064978e-02
6.160186e-04
1.009369e-02
1.124624e-01
4.524014e-01
2.646392e-02
2.412229e-03
1.275172e-02
4.545080e-03
2.281780e-02
3.652273e-01
4.701830e-04
6.304045e-02
4.620636e-02
5.023821e-02
6.520149e-03
3.007593e-02
1.618970e-02
2.572349e-04
1.721143e-02
1.445110e-03
1.232900e-03
8.510735e-02
4.617039e-02
1.578360e-01
3.114878e-03
2.447233e-02
2.134469e-02
2.565287e-02
6.194596e-02
2.735831e-02
5.298667e-02
8.767394e-05
2.215914e-03
2.333768e-01
4.335912e-02
2.356960e-03
1.123564e-01
2.956087e-01
1.253888e-01
5.817752e-02
1.035305e-01
2.255792e-01
1.719952e-01
1.378606e-02
3.476979e-01
3.677928e-03
1.051908e-03
2.465231e-02
6.282319e-03
6.155582e-02
9.270396e-04
1.541041e-03
5.468396e-02
1.204208e-04
2.893299e-01
7.178370e-02
3.348528e-03
3.725054e-02
1.544742e-04
1.108688e-01
7.267744e-02
4.293636e-01
2.133600e-01
9.601533e-02
1.250567e-03
5.376768e-02
5.685341e-03
5.765455e-02
2.200911e-01
1.114762e-01
1.548878e-02
2.243966e-02
7.072420e-02
4.784979e-02
2.746381e-02
3.091705e-02
1.349085e-03
7.498858e-03
6.401872e-02
1.074303e-03
1.148648e-02
1.427421e-03
1.249000e-02
2.787497e-03
6.411301e-02
9.979682e-02
2.354956e-02
3.383903e-02
1.186521e-01
2.266172e-02
