9.931089e-02
7.110656e-02
2.680013e-02
3.142284e-02
3.580018e-01
3.104305e-02
1.864058e-03
3.679761e-02
1.558245e-01
2.989680e-01
6.403948e-03
1.760204e-01
1.029485e-01
3.025650e-04
2.926869e-03
2.015756e-03
1.783607e-02
3.265096e-02
5.110755e-04
1.019126e-03
2.939205e-02
1.554914e-02
1.957929e-02
3.510474e-02
7.731173e-02
1.568396e-01
6.043713e-02
8.985933e-03
2.781030e-02
9.506390e-02
4.361804e-02
7.300501e-03
1.039760e-02
4.072861e-02
5.770658e-02
4.070916e-02
2.927142e-02
4.466605e-01
6.578160e-02
3.224824e-02
2.299997e-02
7.992444e-02
2.067877e-04
1.857298e-02
4.078879e-03
9.360248e-02
1.416165e-02
3.441195e-02
1.431688e-03
1.138352e-01
9.308978e-03
1.074724e-03
1.666860e-02
5.290472e-02
4.838163e-02
2.596853e-01
3.294492e-03
3.909856e-02
1.404437e-01
6.761585e-02
2.328224e-02
1.494828e-03
3.889600e-03
1.277714e-05
6.212078e-02
7.729967e-02
4.742632e-03
3.589895e-01
7.674983e-04
8.685594e-03
4.350612e-02
2.587855e-03
9.774032e-03
2.508976e-02
2.052601e-04
4.128271e-03
1.398006e-01
3.313067e-03
2.808285e-05
7.693808e-02
7.585843e-03
8.960694e-02
1.780376e-02
9.974436e-05
1.229970e-02
4.437731e-03
2.465267e-02
1.139421e-02
1.369200e-03
8.612254e-02
4.891840e-03
8.413975e-02
1.162684e-02
7.611547e-02
1.089486e-01
5.787889e-04
5.414640e-02
1.134849e-01
4.426663e-02
4.823653e-02
8.921537e-03
3.787337e-02
7.249521e-02
7.934803e-04
1.729860e-01
3.076919e-02
3.050237e-02
7.970856e-02
2.798826e-01
2.137074e-03
6.122757e-02
5.579246e-01
2.183971e-06
5.345536e-02
1.320228e-01
5.794120e-02
2.273497e-03
6.472338e-03
4.492020e-02
2.069132e-02
1.328501e-02
8.359082e-02
1.843707e-01
1.128749e-01
8.805441e-03
4.398769e-02
1.452947e-01
2.654347e-02
5.294144e-02
1.536870e-03
3.162138e-01
1.610015e-05
1.361679e-03
2.779682e-03
2.722686e-02
1.610283e-02
9.334707e-02
1.329267e-05
2.471177e-02
5.587877e-02
2.214754e-02
1.704754e-02
3.053255e-05
3.209083e-01
7.709506e-03
6.254386e-02
2.070333e-02
8.876672e-02
2.622775e-02
1.130119e-02
3.969998e-03
5.231333e-02
4.630042e-02
2.265369e-02
3.030120e-03
5.320947e-02
6.769573e-02
7.643323e-02
2.428648e-07
2.128417e-02
1.284920e-02
1.977590e-02
4.054206e-02
4.837725e-02
1.364263e-01
7.516335e-02
3.700636e-02
4.374768e-03
1.219222e-01
1.265613e-01
1.282189e-03
4.899135e-07
1.038454e-01
2.208815e-02
1.384209e-02
9.146637e-03
3.951776e-02
2.279907e-03
1.596408e-03
6.902627e-02
9.849825e-02
8.903438e-02
6.305757e-04
1.381778e-01
6.361132e-05
6.661788e-04
4.826361e-03
7.111875e-03
5.061805e-03
4.145603e-02
2.736856e-02
1.753625e-02
1.572504e-02
1.472159e-02
2.150392e-01
1.683257e-02
3.243196e-03
2.684650e-02
1.876307e-02
5.620494e-03
7.043240e-02
1.600919e-02
2.931960e-03
7.735922e-02
4.775462e-04
1.496440e-01
4.667311e-02
9.096659e-03
8.556419e-02
8.497671e-03
1.586872e-02
1.603455e-02
1.455074e-01
2.463046e-01
2.439565e-02
5.646053e-02
2.154485e-01
5.033873e-02
4.252143e-04
3.261842e-03
1.213191e-03
1.490573e-04
2.386354e-02
4.982169e-05
7.508470e-03
1.440456e-03
4.938902e-02
4.035757e-02
3.847213e-04
5.306986e-04
1.070494e-01
2.967203e-02
3.354809e-03
6.834894e-02
2.292805e-02
1.494772e-02
2.493055e-02
4.102782e-02
5.656680e-02
4.384006e-02
1.155523e-01
5.213724e-02
1.534959e-02
2.396095e-01
1.588468e-01
6.571288e-03
8.401069e-02
1.168892e-02
3.483387e-02
8.869224e-03
1.054872e-01
1.867559e-02
8.250421e-02
1.025090e-05
2.784401e-03
3.929361e-02
2.192657e-03
4.562353e-04
7.063777e-03
2.334998e-03
4.264366e-01
8.949323e-03
4.232045e-03
8.960457e-03
2.457030e-01
8.384245e-05
2.709048e-02
1.374548e-02
9.936057e-02
6.427614e-02
8.366028e-03
2.362174e-02
1.044086e-02
2.477142e-02
3.079535e-02
1.229502e-02
2.436357e-01
2.661300e-02
5.094291e-02
1.808974e-03
1.751834e-03
8.331970e-05
5.178297e-02
1.034282e-01
1.717899e-01
6.073378e-02
2.533896e-05
1.939018e-02
3.910664e-03
6.265191e-02
3.700531e-01
1.386628e-02
5.788668e-02
3.107119e-02
9.163287e-04
3.611027e-03
2.198778e-01
2.485648e-02
1.193171e-02
9.234822e-04
8.492007e-02
5.855840e-03
2.018845e-02
1.393672e-01
1.287670e-02
4.379230e-02
2.417382e-01
1.163865e-01
1.234626e-01
2.673005e-02
8.203207e-03
3.141284e-02
3.403129e-04
6.472244e-02
7.994081e-02
1.262084e-01
2.159292e-02
1.981081e-01
1.278555e-02
2.035778e-02
5.018671e-03
2.509778e-04
7.608520e-02
2.043142e-02
9.402396e-03
2.804961e-02
6.284930e-04
3.715954e-02
1.779320e-02
1.119317e-02
5.793897e-02
2.481014e-03
2.345482e-02
3.922334e-02
5.990289e-02
2.842130e-03
4.699446e-02
6.415725e-05
6.496961e-02
5.366273e-01
2.185834e-03
2.857336e-01
1.039988e-01
1.765709e-02
5.267098e-02
1.162374e-03
2.866881e-02
1.424061e-01
5.121813e-03
7.659268e-02
2.389869e-02
1.076964e-03
3.656179e-02
3.641578e-02
4.111564e-01
7.165973e-03
3.495241e-01
3.619284e-03
1.367982e-02
5.097160e-02
3.556577e-02
4.822121e-02
7.915907e-02
5.038370e-02
4.060595e-03
5.230200e-02
1.766546e-01
6.727448e-02
3.595073e-02
1.100062e-01
5.159539e-02
2.192441e-04
1.285177e-01
1.005209e-01
1.140197e-01
3.462395e-01
5.056245e-03
3.901392e-02
7.239120e-03
1.284425e-02
1.191301e-01
2.564640e-02
2.742584e-02
2.602250e-02
9.136252e-02
3.849159e-02
1.060878e-01
1.848678e-02
3.460151e-04
6.061157e-03
5.997985e-02
5.910266e-03
1.171775e-03
2.429939e-05
3.017595e-01
1.087309e-01
9.970052e-02
1.181002e-02
8.555394e-02
9.378053e-02
9.024327e-04
1.205588e-02
1.052844e-01
2.144343e-04
5.321706e-03
3.956454e-03
8.310439e-03
2.693077e-03
2.446434e-01
5.204067e-02
5.660984e-03
5.737903e-02
2.127252e-02
7.775658e-02
6.453660e-02
6.947607e-02
1.022980e-02
4.299877e-01
1.175669e-01
9.079691e-03
9.951632e-03
1.493990e-01
1.169720e-01
2.550939e-02
1.062544e-02
4.150072e-03
6.286082e-03
4.561030e-04
2.233447e-02
1.473968e-04
6.637198e-02
2.432572e-01
8.942561e-04
7.751990e-03
1.671781e-01
1.308844e-01
1.198552e-06
7.973281e-04
1.922477e-04
6.407021e-03
1.305209e-02
7.470243e-03
1.774319e-02
4.997204e-03
2.042258e-02
1.052531e-01
2.073758e-04
4.700089e-02
2.684481e-03
9.289922e-02
6.473673e-02
2.112406e-03
2.636324e-03
5.688020e-04
6.579657e-03
2.227283e-03
7.839157e-04
3.694720e-03
4.523676e-03
5.001289e-02
5.981507e-02
1.401532e-06
1.121281e-05
1.997165e-01
5.373640e-02
1.765008e-02
3.389015e-02
3.720739e-02
1.526513e-01
5.582731e-02
9.537530e-02
2.054780e-03
6.346872e-02
4.100282e-03
1.000300e-01
5.970642e-02
3.788538e-02
1.365769e-01
1.925902e-02
1.302186e-01
3.713713e-05
1.330991e-01
1.374376e-02
9.009125e-03
1.582162e-01
8.883937e-02
6.093305e-03
1.123379e-03
5.886745e-02
3.251765e-03
9.211159e-04
6.962942e-03
2.218745e-03
2.038730e-03
2.050589e-02
8.093323e-02
1.586197e-02
5.209770e-03
9.238641e-03
3.636464e-04
6.114675e-04
4.527810e-02
1.199777e-02
1.795969e-02
5.324692e-02
4.322404e-02
2.906901e-02
6.357874e-05
1.760203e-02
1.185681e-03
1.190692e-01
5.418016e-03
1.381547e-01
1.515955e-01
1.726929e-01
7.703258e-03
4.421171e-02
1.018514e-02
6.980743e-02
1.231929e-01
3.186652e-02
7.108575e-02
8.686240e-04
1.023687e-02
3.037383e-02
2.096102e-03
3.398534e-02
6.155243e-03
3.924638e-02
9.469478e-02
4.094550e-02
4.611734e-03
1.164631e-01
6.437758e-03
1.512308e-02
6.670143e-02
1.873521e-02
7.654326e-02
1.542632e-02
1.457720e-01
1.100468e-01
2.373808e-03
5.787539e-02
3.272139e-04
1.089626e-02
2.564234e-02
2.154568e-02
6.422003e-02
3.221697e-02
1.070491e-02
3.789944e-02
7.862797e-02
1.568645e-03
1.479460e-02
2.348665e-03
8.886754e-02
1.914130e-02
4.371387e-02
4.777530e-02
1.099245e-01
2.011464e-02
4.329982e-01
5.529976e-07
4.388438e-01
2.521264e-03
5.173641e-02
9.904205e-02
8.516585e-06
2.483037e-03
2.482549e-03
9.336106e-02
3.735080e-03
8.782607e-05
1.253084e-02
5.433554e-02
3.789982e-02
8.323997e-02
8.099587e-02
6.325641e-03
8.819812e-03
3.500389e-04
8.730322e-04
9.190960e-02
4.143200e-02
2.181552e-01
1.147106e-01
6.283917e-02
5.845036e-03
2.565529e-02
5.482709e-02
1.194714e-02
4.740838e-02
5.998779e-02
8.687623e-03
