2.024581e-01
5.773644e-02
5.720210e-06
2.113272e-01
2.150196e-02
2.503516e-03
2.529254e-02
6.579034e-02
1.404368e-02
5.607542e-03
8.878570e-05
4.829052e-03
8.037714e-02
1.228080e-01
6.602152e-02
1.240727e-01
3.915300e-02
7.176085e-04
1.931756e-02
2.269589e-02
3.805749e-04
1.140622e-01
1.063119e-01
2.257653e-02
1.615245e-02
2.709820e-03
2.327435e-02
2.314569e-02
1.706492e-01
4.143289e-04
3.078098e-02
1.769362e-01
7.627782e-03
2.901686e-02
3.537822e-03
8.098163e-02
1.814141e-04
1.159316e-01
6.362146e-03
6.446144e-04
4.259330e-03
1.330374e-02
2.978885e-02
5.086287e-02
1.333723e-02
3.950117e-02
3.117019e-04
1.913877e-02
4.140847e-03
6.531387e-04
1.706536e-02
8.549711e-02
1.131947e-01
6.403149e-05
1.402311e-01
1.239091e-02
4.252967e-02
2.445116e-03
5.312418e-02
2.918792e-01
6.793695e-03
1.173952e-01
1.213861e-02
1.196387e-02
1.190500e-02
7.730332e-02
2.197229e-02
3.338656e-03
1.810975e-01
7.428935e-02
6.583257e-03
1.102154e-02
6.720826e-01
1.378935e-02
4.126182e-04
8.368901e-02
1.799223e-03
7.938315e-03
2.622214e-03
4.995610e-02
1.635545e-04
7.461294e-02
4.500128e-02
6.648394e-02
3.419494e-02
1.179282e-02
5.669068e-03
2.459274e-01
5.464933e-02
7.094260e-03
7.872258e-02
7.565023e-02
8.052786e-02
9.615063e-02
1.374940e-02
2.721597e-02
1.724904e-04
1.721066e-03
3.611561e-02
3.696808e-03
5.967415e-03
5.957011e-02
1.012618e-02
2.162751e-01
4.311634e-02
5.469990e-02
3.780495e-02
1.424192e-01
3.651462e-03
4.028897e-02
1.468995e-03
5.774945e-01
5.047435e-02
3.592480e-02
6.536514e-04
1.026274e-05
8.519153e-02
1.226723e-02
2.893013e-02
1.420875e-02
3.978232e-01
1.539197e-03
2.890998e-03
2.920244e-01
5.718659e-02
4.183945e-01
3.686919e-03
2.362394e-01
1.464039e-04
9.183854e-06
1.516495e-02
4.243620e-03
1.440137e-02
3.199500e-03
1.000430e-01
8.628762e-03
1.083255e-01
1.675789e-02
8.320384e-04
1.250158e-02
2.716911e-02
3.061794e-02
9.793268e-04
3.843761e-02
9.688461e-03
4.541103e-05
1.987866e-02
3.582644e-02
2.907936e-02
6.980381e-03
1.165586e-02
2.464123e-02
2.066059e-02
9.585676e-03
7.294993e-02
3.567101e-02
2.393466e-02
1.319470e-01
5.676337e-02
1.531419e-01
7.135654e-04
2.343239e-02
1.597676e-02
3.003266e-02
4.569445e-04
1.791337e+00
7.864003e-02
6.759807e-02
3.310699e-01
1.092096e-01
2.914596e-06
7.051380e-02
1.512907e-03
1.568822e-03
7.204448e-03
5.308879e-03
8.484849e-03
7.981364e-03
2.769110e-02
1.614966e-03
5.393025e-04
3.142241e-03
1.528102e-02
7.461819e-02
2.403383e-03
4.390422e-02
1.604349e-06
2.949324e-02
3.952652e-01
2.504787e-02
1.328709e-02
1.622195e-02
1.477855e-04
4.341141e-04
5.908078e-02
6.830848e-03
4.361868e-03
1.340991e-03
4.396848e-03
2.243605e-02
5.227200e-01
3.460278e-02
2.273512e-02
5.337981e-04
8.877984e-02
1.359583e-02
3.720478e-04
2.259584e-02
1.298720e-01
1.734615e-02
1.957267e-02
7.383003e-02
5.379028e-04
3.913389e-02
1.344692e-02
8.760492e-02
1.132805e-02
3.326637e-03
1.195914e-03
1.621239e-01
3.662352e-03
4.258194e-02
1.756133e-02
8.619632e-06
1.463173e-01
8.021887e-02
2.234752e-02
4.989907e-07
3.674298e-02
9.075787e-02
1.064686e-02
1.695719e-02
3.836596e-03
5.062778e-03
3.895293e-03
2.116702e-03
1.289052e-01
7.444176e-03
4.565866e-02
1.064538e-01
2.015745e-02
4.922381e-02
3.576811e-03
3.632033e-01
3.507552e-02
1.521920e-01
3.836501e-03
1.089359e-01
2.538953e-01
2.225781e-02
7.899107e-02
1.259548e-02
3.629724e-02
8.567572e-02
3.100257e-03
8.847222e-03
2.192872e-02
1.008250e-02
6.556332e-02
8.260603e-02
4.847432e-02
2.730988e-03
1.081891e-01
9.009110e-03
5.192882e-03
4.024045e-02
1.237976e-01
1.702220e-04
1.610266e-03
5.437139e-02
3.542257e-04
4.513804e-02
1.939200e-01
4.787932e-02
3.696521e-02
1.136681e-01
1.132204e-02
1.294562e-01
5.686378e-04
1.022949e-02
4.673607e-02
2.167222e-02
1.603926e-01
1.065844e-01
3.866030e-02
1.853615e-01
5.588462e-02
3.156763e-03
3.558770e-02
6.618637e-03
1.682579e-01
3.398090e-02
3.623687e-02
3.025260e-01
2.935971e-02
2.535260e-03
6.056021e-02
2.045587e-02
1.060039e-01
4.901997e-03
1.285713e-06
2.309089e-01
7.270832e-05
1.174233e-06
1.245298e-02
3.846477e-02
7.886657e-02
8.471812e-04
1.590964e-01
1.286974e-01
1.141139e-01
1.190932e-02
6.929135e-03
1.339283e-01
6.996775e-04
3.942844e-02
2.859053e-02
2.069863e-03
3.660146e-02
4.000993e-02
2.669275e-02
1.531472e-03
2.226688e-01
6.976933e-03
3.424259e-02
1.934409e-01
1.161137e-01
1.853411e-01
9.676135e-03
2.039370e-02
1.293362e-02
3.177950e-03
1.167024e-02
1.290900e-01
3.084190e-02
1.095078e-01
1.201272e-05
6.087823e-03
1.715425e-02
1.198616e-02
9.733790e-05
2.238412e-03
4.339348e-03
1.858639e-03
1.114897e-02
2.286851e-02
1.071272e-02
1.174160e-02
3.875911e-02
3.839400e-03
1.994678e-01
1.952409e-02
1.033858e-02
5.196048e-02
4.562642e-03
8.120465e-02
7.785396e-03
3.217955e-02
1.215325e-02
3.908154e-02
7.068283e-02
4.246748e-02
2.518054e-02
4.609991e-03
1.122455e-01
2.609591e-01
8.670217e-04
4.827478e-02
8.698558e-03
1.032850e-02
7.265632e-03
7.736488e-02
3.034582e-02
4.455933e-05
1.032319e-02
9.246457e-02
3.356330e-03
1.134433e-02
1.861424e-02
2.392131e-02
8.112262e-03
4.009014e-02
1.304507e-02
1.536405e-01
1.144457e-01
5.946240e-02
9.246160e-03
2.443334e-02
1.498692e-01
6.896213e-02
3.825847e-02
3.694229e-02
4.982613e-03
2.665938e-01
8.204358e-02
6.288314e-02
1.388444e-01
1.323462e-01
4.232122e-02
2.539816e-02
7.070584e-03
1.628020e-01
1.027423e-02
2.957656e-03
1.604543e-01
8.878853e-02
2.654329e-02
1.201709e-01
8.347404e-02
3.022115e-01
1.020333e-02
6.348860e-02
1.727695e-07
2.462902e-02
5.826440e-02
1.967488e-02
9.442000e-02
2.782834e-01
5.949912e-03
6.741099e-02
3.271861e-02
5.929185e-02
3.335410e-03
3.545755e-02
8.460456e-03
2.477049e-02
1.395395e-03
3.569490e-05
1.509813e-01
2.602016e-03
5.320760e-02
1.511920e-01
5.384825e-03
3.085488e-02
1.639125e-01
5.888913e-02
1.629916e-02
1.068017e-02
9.347541e-03
2.325251e-06
4.436512e-02
5.859843e-02
8.625659e-02
1.596911e-02
7.152037e-03
1.706917e-01
1.043906e-01
2.313978e-03
6.355416e-02
2.437724e-02
7.852656e-02
8.422669e-03
1.769483e-02
8.500358e-04
6.167084e-03
1.021989e-01
1.296708e-02
1.463028e-01
3.529238e-02
2.054446e-02
2.921037e-02
3.496385e-04
3.933067e-02
3.371121e-03
4.488372e-03
3.420629e-06
3.535487e-05
8.256428e-02
1.032255e-01
4.627967e-02
3.814455e-02
1.793469e-04
3.586991e-03
7.448289e-05
4.368544e-03
6.989870e-02
1.078371e-02
2.328065e-01
1.067864e-02
1.059048e-02
1.138318e-03
1.612012e-02
7.358984e-03
5.925677e-02
1.723648e-02
3.138533e-04
4.456202e-02
4.599443e-03
7.203172e-02
1.808310e-01
5.875601e-03
1.330709e-01
1.787851e-02
2.150789e-02
2.316304e-02
2.054680e-01
4.140029e-02
1.028840e-02
4.917006e-02
9.859506e-02
3.785812e-02
3.764832e-02
1.138605e-02
1.756625e-02
6.683093e-02
4.519249e-02
7.991221e-03
3.847792e+00
6.189769e-03
3.020569e-01
4.135747e-02
2.868243e-02
2.376622e-03
9.071200e-02
3.097574e-02
4.597242e-02
2.790330e-02
3.273884e-03
5.691722e-02
4.043068e-01
5.711132e-02
5.456464e-03
1.273071e-01
1.367303e-01
7.513258e-02
1.911174e-01
2.962753e-03
8.395240e-02
6.703241e-02
1.552162e-02
1.385588e-02
1.264349e-02
2.079149e-01
8.375047e-02
1.772044e-02
1.268644e-01
1.948027e-02
1.364032e-01
2.663984e-02
4.355295e-03
6.972402e-01
7.050160e-03
4.003041e-03
1.445204e-02
6.243509e-04
1.034222e-02
4.101456e-02
1.448458e-03
5.361181e-02
1.388307e-01
2.848965e-03
9.455359e-02
4.572496e-02
3.099897e-03
1.291666e-01
1.109412e-04
1.904364e-02
2.055781e-03
3.515604e-02
1.334875e-01
9.918992e-03
4.687664e-09
2.673833e-03
2.718334e-02
1.345726e-01
5.873134e-02
1.099516e-01
2.150255e-03
1.355065e-02
2.535700e-02
3.868142e-01
6.178777e-03
2.675118e-03
2.738913e-03
7.797695e-04
1.843636e-02
1.254954e-02
1.597006e-02
1.137510e-02
8.031147e-05
5.787174e-03
5.419105e-03
5.380482e-02
5.594207e-04
1.228069e-01
6.636697e-02
7.899147e-02
9.820300e-02
3.456151e-02
6.940685e-02
6.600394e-04
1.548817e-01
7.698679e-03
7.665449e-06
