9.293721e-02
9.669701e-03
3.479150e-03
1.698483e-01
1.185057e-02
9.857266e-02
1.927640e-02
7.264168e-02
2.142542e-07
2.516554e-04
5.619133e-02
1.846799e-01
8.949706e-03
4.285183e-02
1.930226e-01
1.267785e-02
1.032884e-01
1.171943e-02
4.547120e-03
3.491813e-03
1.840723e-01
3.579503e-02
3.429774e-02
6.538229e-02
3.767667e-02
6.893679e-02
3.166663e-01
2.446121e-01
1.109342e-03
5.847270e-02
4.298041e-02
9.952566e-02
3.805055e-02
1.444536e-01
3.981666e-02
5.713190e-04
4.372798e-03
1.869931e-01
3.628301e-02
1.488105e-01
2.217752e-03
3.918765e-03
8.017453e-03
1.800703e-01
7.333904e-02
5.291136e-04
2.008209e-01
5.388387e-02
5.352063e-02
3.382907e-03
3.639445e-02
8.154067e-02
5.168900e-02
4.305655e-05
1.463805e-01
3.350886e-02
1.243223e-02
3.824404e-03
3.629866e-03
2.062729e-02
1.032673e-01
3.275651e-02
5.330681e-02
1.321503e-03
4.498160e-02
2.926703e-02
1.800227e-01
1.184180e-02
1.573340e-04
6.967176e-02
2.290298e-03
2.218644e-02
7.404569e-04
7.663381e-02
1.531115e-03
3.892745e-02
1.587203e-02
4.504775e-03
1.654992e-05
2.791814e-01
1.503909e-02
7.179830e-03
8.424997e-02
1.239039e-01
4.896206e-02
1.750931e-01
1.176161e-03
9.529843e-04
1.059979e-01
2.533911e-03
1.309888e-02
1.541074e-02
4.137924e-03
4.600473e-02
2.801524e-02
2.579138e-02
1.510900e-02
5.808708e-03
2.951001e-03
2.152828e-02
1.462512e-02
2.851496e-03
8.647527e-02
9.410215e-03
1.607276e-01
7.195632e-02
2.535677e-02
9.251948e-03
9.896469e-03
9.635331e-03
5.869741e-02
2.550337e-02
2.791812e-02
2.180410e-01
2.461274e-01
1.068952e-02
2.121213e-02
9.214364e-03
1.617285e-01
4.763974e-02
2.292410e-02
1.543978e-02
5.970287e-02
1.023797e-02
8.550237e-04
4.334724e-04
1.885101e-04
7.333147e-02
5.631130e-04
1.003426e-02
3.554649e-02
2.941169e-02
4.915206e-02
5.333986e-05
1.721658e-01
6.802397e-03
2.560333e-01
8.408135e-02
8.667039e-02
1.389670e-05
2.861827e-04
4.074798e-02
1.661249e-05
6.319876e-02
3.659962e-02
1.378602e-01
1.265586e-01
9.922993e-05
3.407302e-02
1.292900e-02
8.463492e-02
1.209980e-02
7.853001e-02
2.846921e-03
1.557691e-03
6.357874e-03
1.507613e-02
1.657643e-02
1.016505e-01
8.588711e-02
8.518116e-02
9.779646e-04
7.263842e-02
2.222447e-02
7.257842e-02
1.518421e-01
2.445705e-03
3.519246e-02
2.691286e-01
2.652286e-04
3.658571e-02
6.386562e-04
2.294628e-05
2.210795e-01
2.334586e-02
2.463526e-02
1.030757e-01
7.025741e-02
3.988436e-03
3.761838e-02
4.451827e-04
1.905821e-02
1.732854e-02
7.086058e-03
1.353171e-02
6.156136e-03
3.480556e-01
1.354723e-01
3.881481e-03
3.648861e-02
1.325049e-03
1.556436e-03
8.286973e-03
1.272786e-01
3.147969e-04
1.871346e-02
6.528773e-02
4.161280e-03
1.463301e-02
2.266694e-02
2.241112e-03
8.592537e-02
2.658649e-03
1.038546e-01
5.105554e-02
3.898190e-02
1.052888e-01
5.400364e-02
5.861073e-02
1.296512e-01
3.640705e-02
6.962200e-05
1.451774e-02
5.790101e-02
2.640894e-02
8.287387e-04
8.344419e-04
1.091084e-03
3.063635e-02
3.703469e-04
1.023526e-01
2.911452e-02
6.170617e-02
1.477834e-02
4.050400e-02
6.187186e-02
8.836824e-02
9.281721e-03
7.908809e-02
1.295651e-01
8.576610e-04
4.719148e-01
2.052608e-02
4.092070e-02
4.662452e-03
5.405839e-02
1.923569e-01
2.585028e-03
2.611476e-03
1.719453e-02
2.915126e-02
1.862013e-02
7.774557e-06
2.228763e-04
8.949882e-03
4.855130e-02
1.602964e-02
1.128822e-01
4.929800e-02
6.401963e-02
4.042856e-02
2.116951e-04
2.102898e-02
1.472330e-03
3.504364e-02
2.587133e-02
6.636166e-02
1.587313e-02
8.787165e-02
6.385256e-03
4.297240e-02
2.748237e-04
1.957037e-03
1.474389e-02
1.436539e-02
4.240465e-03
3.916677e-02
4.645016e-03
1.400556e-01
6.437740e-03
8.664619e-03
2.151050e-04
9.169652e-04
7.587170e-03
2.626549e-03
3.798379e-02
1.717775e-01
6.808582e-03
6.298689e-04
6.590241e-03
7.903360e-04
4.631622e-02
2.619294e-02
2.313816e-02
8.022247e-02
9.551078e-02
1.706956e-02
2.203332e-03
4.934458e-02
9.219055e-02
1.380299e-03
6.363404e-05
1.604888e-02
1.686890e-03
1.912766e-02
2.469422e-02
1.021663e-01
2.752701e-02
9.057814e-03
1.481498e-03
7.773745e-04
1.351892e-01
1.135516e-02
3.881063e-02
4.096423e-03
2.250536e-02
3.738534e-02
4.832456e-03
2.905506e-02
6.550833e-02
5.805914e-02
3.046049e-01
2.815181e-02
6.198667e-04
2.365315e-03
2.069571e-03
4.294940e-02
6.041815e-03
6.639628e-02
5.540779e-02
3.817630e-02
5.988224e-02
2.627939e-03
1.177601e-03
9.072466e-04
1.235566e-04
5.244938e-02
1.239501e-02
3.855044e-04
4.103914e-02
7.588505e-04
4.095842e-03
1.797003e-01
1.976561e-03
6.184155e-05
6.587091e-06
1.186137e-02
2.681747e-05
6.877124e-02
4.182692e-03
4.839299e-02
4.984090e-02
1.630794e-01
2.679351e-01
1.624538e-02
3.918691e-02
8.374947e-03
1.937764e-01
3.582482e-03
1.883958e-02
8.409748e-02
4.369220e-03
1.188187e-02
6.879256e-03
8.045792e-05
1.370035e-01
6.469431e-02
2.474991e-02
1.390016e-03
2.956174e-02
5.052932e-02
5.203522e-01
4.182643e-05
3.843293e-02
5.579293e-02
6.324817e-02
2.390826e-01
5.470603e-02
7.153277e-03
4.148259e-03
1.004708e-02
7.352989e-02
1.043306e-02
6.081738e-02
1.356601e-02
4.632362e-04
1.976667e-03
2.980675e-02
1.320280e-03
1.802785e-02
1.816117e-02
8.587168e-03
2.274761e-01
7.191529e-06
1.049908e-03
5.480922e-02
3.554264e-02
1.646516e-02
1.530999e-03
2.740484e-03
3.613610e-02
1.358966e-03
5.074507e-03
4.189016e-02
8.798902e-03
3.026562e-02
4.283632e-03
2.380915e-02
2.832693e-02
4.921419e-02
1.566525e-02
9.731886e-02
5.344671e-06
6.151551e-02
8.857407e-02
1.739034e-02
1.683424e-02
1.812079e-01
1.001821e-02
8.883287e-03
7.686276e-02
5.768386e-04
2.753458e-02
6.252310e-02
7.569159e-03
8.228111e-03
3.463463e-02
1.399915e-01
2.211412e-03
9.560694e-05
7.954163e-04
9.736793e-03
1.787762e-02
1.572508e-02
9.792324e-03
3.904510e-02
2.219033e-02
1.910988e-03
3.273267e-02
4.090029e-02
4.379739e-02
1.016794e-02
1.590965e-02
6.375279e-02
4.067106e-03
6.115182e-02
1.667346e-02
7.687344e-04
3.214211e-02
1.028493e-03
2.579808e-03
3.134172e-02
7.571829e-04
2.242769e-01
3.535088e-02
2.997321e-02
9.320423e-02
1.880207e-03
1.183181e-02
4.122687e-03
1.310034e-01
9.016696e-02
3.469537e-05
5.970665e-02
1.355678e-01
1.142521e-02
8.379867e-02
2.951201e-04
1.380680e-02
1.491597e-02
2.981646e-03
6.205543e-02
6.954185e-04
3.825772e-03
1.676573e-02
1.559324e-01
3.027950e-02
5.429982e-02
5.983320e-02
5.963251e-02
5.000725e-04
1.834940e-03
4.693637e-04
4.964132e-03
5.917093e-03
4.749463e-06
3.382642e-01
3.092167e-01
1.028079e-05
2.691238e-03
4.527014e-04
8.619117e-02
2.757262e-03
4.943630e-02
1.580791e-05
7.456000e-02
9.189726e-02
9.829806e-02
2.471027e-02
8.448136e-04
1.601180e-01
7.573756e-03
1.529061e-03
2.460425e-02
1.365079e-02
1.717926e-02
2.207835e-01
6.545175e-03
4.738894e-02
8.599316e-03
3.055433e-03
1.308292e-02
8.683795e-02
6.997031e-02
2.671651e-02
3.895904e-02
9.511799e-02
3.784617e-03
8.690533e-03
1.915339e-02
2.336887e-02
2.230671e-02
6.836332e-02
1.058781e-01
6.130058e-04
7.360273e-02
1.377849e-01
2.900007e-04
3.138953e-02
7.077972e-02
1.026117e-02
5.453836e-02
2.093954e-01
1.276631e-02
2.852971e-03
1.838325e-01
1.704869e-02
1.974980e-01
1.606202e-02
1.045093e-01
6.284751e-02
9.070268e-03
2.352371e-02
4.828909e-04
9.699804e-02
2.026493e-01
2.346860e-03
1.715450e-04
2.558263e-01
1.515216e-05
7.509727e-04
6.833096e-03
7.018214e-02
2.295440e-02
9.172417e-03
5.288923e-02
1.594834e-03
2.597686e-02
2.262716e-02
7.992459e-02
1.655126e-01
3.257170e-03
2.475946e-02
6.269020e-03
2.503865e-02
1.499499e-01
3.291104e-02
4.898946e-02
1.083723e-02
8.119357e-03
1.991873e-03
2.699302e-02
2.522158e-02
3.219258e-01
1.584097e-03
2.440847e-03
8.952924e-05
3.617512e-03
1.277357e-02
3.521612e-02
8.332732e-02
4.199644e-02
4.563083e-02
5.465198e-02
1.221345e-01
2.428027e-01
3.782589e-04
1.336389e-02
6.014658e-03
1.245130e-01
1.618926e-01
8.803986e-02
5.542803e-04
1.272780e-01
3.212721e-06
4.398288e-03
6.023906e-03
2.866991e-02
2.658965e-02
1.173949e-02
2.480122e-01
2.685548e-03
1.424001e-03
1.040795e-03
