5.488518e-03
1.285051e-03
2.589210e-03
7.991059e-02
3.523110e-03
8.628249e-02
9.335583e-04
2.417820e-02
3.873277e-02
6.589143e-04
6.867516e-02
6.231185e-03
4.159983e-02
1.424990e-02
1.057159e-02
2.957898e-01
7.470763e-02
6.328564e-02
4.705780e-01
3.987129e-03
2.891960e-02
4.481093e-02
6.588740e-02
3.781924e-04
6.683563e-06
6.896635e-02
1.677179e-02
1.370253e-01
5.219763e-03
3.703034e-03
1.939176e-01
1.657497e-02
8.291374e-03
7.776879e-02
2.410514e-01
4.012544e-04
1.490566e-02
7.596743e-02
3.019176e-04
1.811359e-02
5.972496e-03
4.716032e-02
4.162185e-02
2.067001e-02
3.631322e-02
2.268043e-02
4.477283e-02
3.193466e-02
1.169430e-02
1.494025e-02
2.042311e-01
7.561279e-03
1.698365e-02
7.766114e-02
1.965104e-01
6.041177e-05
1.386590e-07
1.473911e-01
1.081888e-01
6.389993e-03
4.888167e-05
1.096040e-04
1.511842e-02
6.482884e-05
1.003713e-01
5.605509e-03
2.088967e-04
3.544777e-04
8.620279e-04
1.623481e-01
2.356394e-03
1.778996e-04
4.713329e-03
2.353249e-03
5.689089e-02
2.547389e-02
9.513442e-04
1.349042e-01
9.328486e-03
2.897111e-02
3.966100e-02
2.596331e-02
1.296359e-01
7.695780e-02
4.297321e-03
1.718657e-02
3.540903e-02
4.158975e-03
1.152793e-02
7.006216e-03
1.177563e-04
1.012821e-01
2.936083e-02
1.290582e-02
1.632248e-01
3.832730e-02
3.846179e-03
3.683139e-02
1.490373e-01
1.726801e-02
1.702432e-02
2.239239e-02
2.889310e-02
6.183825e-02
1.763127e-01
3.335393e-01
8.038591e-03
4.497432e-02
1.597377e-02
1.339780e-01
3.969793e-02
2.676104e-01
7.337502e-03
1.569597e-02
5.301778e-02
5.117232e-03
2.946668e-04
6.962353e-03
1.045723e-01
7.821863e-02
1.616327e-02
2.337941e-02
4.431664e-02
1.068427e-02
3.371697e-02
3.809189e-02
3.635003e-02
6.942136e-03
3.123915e-03
9.801859e-03
4.454295e-02
8.335815e-04
4.958146e-05
1.099333e-01
2.927464e-04
1.982651e-03
1.865556e-01
1.196692e-03
6.714125e-03
6.372108e-03
6.504525e-02
7.289290e-04
5.540392e-04
5.850078e-04
8.721283e-02
1.210092e-02
2.196001e-02
2.246010e-02
2.229058e-01
4.391933e-03
4.182423e-04
1.826212e-01
7.096843e-02
6.321027e-02
8.652409e-03
1.020542e-02
2.749047e-02
5.425534e-06
2.477948e-03
7.950272e-02
2.481855e-03
2.724897e-02
1.704094e-01
5.015134e-02
9.526694e-03
4.579631e-04
4.352194e-02
1.177463e-01
4.960540e-02
2.766751e-02
1.004886e-01
2.014602e-01
3.256470e-03
9.100208e-02
7.062772e-03
4.590102e-02
1.246961e-01
2.543795e-02
1.426056e-03
1.517853e-01
3.777085e-04
7.822882e-02
3.045747e-02
9.252990e-03
9.875229e-05
1.437780e-03
1.146013e-01
4.492345e-03
4.625300e-02
6.830117e-03
7.191630e-02
1.081700e-01
1.611287e-04
1.206919e-02
3.716195e-03
8.424177e-03
1.163887e-02
8.468128e-02
3.834592e-02
1.654458e-01
1.886755e-03
5.828730e-03
6.947693e-03
5.927613e-02
1.727132e-01
2.964000e-01
8.633828e-02
1.201938e-03
2.240450e-02
1.741695e-02
4.028688e-02
2.635286e-03
3.533278e-02
2.400966e-05
7.095024e-03
5.168461e-03
2.907617e-04
2.019606e-03
8.039429e-02
1.912120e-02
5.638092e-03
2.631050e-03
1.035445e-01
4.516312e-02
8.502855e-03
5.382992e-05
7.876329e-02
1.653062e-02
9.212154e-03
3.666737e-02
2.166588e-02
1.363230e-01
1.428309e-01
9.205058e-02
2.166299e-02
5.804074e-03
5.152073e-02
5.610180e-03
2.026664e-01
3.339752e-01
7.056869e-02
2.257179e-03
7.820564e-03
2.781466e-01
1.206787e-03
1.867608e-01
1.256634e-03
1.072275e-03
1.477520e-02
1.317046e-01
8.614728e-04
5.282165e-02
2.683423e-02
1.653091e-03
4.670320e-02
9.332131e-03
1.614380e-01
1.776035e-01
6.988048e-02
9.644485e-02
1.358885e-04
9.887699e-02
1.036402e-03
4.380442e-02
8.040535e-03
2.287807e-01
4.624069e-04
2.452936e-01
2.851047e-02
9.963931e-03
7.427165e-04
3.317101e-03
1.578231e-01
8.901707e-02
4.736643e-02
4.283492e-02
8.259461e-02
5.445083e-03
2.677012e-01
8.342984e-02
1.624333e-03
1.470577e-02
9.967152e-02
1.891562e-01
3.450142e-02
5.580211e-03
1.253215e-01
4.333519e-03
3.800795e-03
1.208340e-01
1.509633e-03
4.791260e-02
1.799251e-03
5.061154e-02
2.601358e-02
2.425999e-02
4.910882e-03
3.100649e-03
1.356917e-03
2.040451e-02
1.986223e-03
5.291373e-03
5.327205e-03
1.686416e-02
1.410516e-01
1.466327e-02
1.897516e-01
1.829709e-03
2.862020e-02
5.319237e-02
2.384820e-03
1.487286e-01
3.612252e-02
1.245716e-01
3.227423e-03
3.638667e-03
8.369275e-03
2.519897e-01
2.842896e-02
5.857285e-04
1.368623e-02
3.531264e-03
6.618672e-03
1.952004e-04
1.330267e-01
6.980784e-02
1.039883e-01
4.067516e-03
8.943953e-02
2.121115e-01
4.127827e-02
2.836957e-02
3.656405e-05
3.679134e-02
6.669020e-02
6.053860e-03
3.889748e-02
1.821923e-04
9.561884e-04
4.288916e-04
2.054050e-01
2.373647e-02
1.185075e-01
4.477921e-03
9.649354e-03
1.328712e-01
2.530903e-04
2.784012e-03
7.000795e-02
4.837087e-03
2.672066e-01
2.241739e-03
9.657108e-02
7.073566e-06
1.202517e-01
3.715251e-03
5.939227e-02
1.530721e-02
2.502755e-04
1.436355e-01
1.401615e-02
4.458010e-02
7.021622e-02
1.183290e-01
4.029194e-02
1.528196e-01
2.136204e-04
1.282394e-04
7.759021e-03
3.814163e-02
9.776665e-03
4.385386e-02
6.860658e-03
7.985081e-02
9.606410e-02
4.505621e-02
7.508619e-02
5.237713e-03
7.073199e-02
2.371321e-02
4.794041e-03
7.162229e-02
1.862699e-02
3.171956e-02
1.956373e-02
1.525988e-02
1.908345e-03
8.321141e-04
1.863753e-02
3.241897e-04
2.385004e-04
2.166754e-02
1.390762e-03
1.519621e-02
2.923708e-04
7.078778e-03
1.514628e-02
1.568616e-01
1.305716e-03
2.195892e-02
6.304369e-05
4.474226e-02
1.242698e-04
3.590305e-02
1.345091e-03
5.403632e-04
4.165370e-02
1.369257e-02
6.873599e-03
4.890537e-02
1.992391e-03
2.619227e-02
5.196924e-03
1.894578e-03
7.063096e-03
1.853453e-02
2.531810e-02
1.206872e-01
1.093953e-01
1.260957e-03
6.817897e-03
4.264630e-02
1.226672e-03
2.051511e-04
7.721193e-03
3.088555e-03
1.612357e-02
4.667247e-02
1.603561e-02
1.277971e-03
6.455160e-04
1.651485e-02
6.038312e-02
1.259751e-06
4.321116e-04
2.229315e-02
2.310645e-02
1.800765e-03
2.644771e-02
1.300854e-04
2.060062e-03
4.270433e-02
3.767553e-02
2.073058e-01
8.665436e-02
2.600965e-02
5.125810e-03
2.159189e-02
7.970911e-04
6.742702e-02
1.949107e-02
2.135336e-01
2.423100e-02
7.472616e-02
3.011137e-02
1.935725e-02
5.525376e-03
5.106352e-04
2.351070e-03
7.838399e-02
7.029151e-03
1.420603e-04
2.536373e-02
4.142956e-02
3.602223e-02
1.842523e-02
4.037663e-03
1.070303e-01
2.884692e-01
1.442021e-02
1.059929e-02
9.033907e-05
1.091978e-01
1.004178e-02
8.228201e-03
3.541927e-02
9.271428e-02
4.053582e-02
2.287574e-03
5.819818e-03
5.936738e-04
1.154780e-02
3.407057e-04
3.858888e-02
2.445602e-02
2.029693e-02
4.138152e-05
4.310430e-02
1.252016e-02
3.310278e-01
2.328169e-02
3.352354e-02
3.299090e-01
1.439407e-01
1.527799e-03
4.646958e-03
6.625377e-04
1.419709e-02
3.219227e-02
5.206224e-02
7.366866e-02
1.956560e-03
3.664134e-02
4.317097e-02
7.615387e-04
1.741576e-02
5.894015e-02
1.112006e+00
1.183993e-01
2.091399e-01
1.966661e-02
2.669240e-03
9.248942e-04
9.605287e-03
1.438759e-02
6.166469e-03
9.422519e-03
1.761168e-04
1.053170e-01
2.555092e-02
1.151911e-01
2.086875e-04
4.798982e-02
4.235513e-02
2.928316e-03
2.720336e-01
3.683630e-01
2.852218e-01
1.220460e-01
9.469028e-02
4.981390e-04
1.368250e-01
7.374201e-02
3.344380e-02
6.201075e-03
9.612735e-02
5.280821e-02
2.346092e-04
7.564291e-03
8.107521e-02
3.898430e-02
5.415265e-02
4.629147e-03
1.007592e-02
3.110535e-03
1.635115e-01
4.390307e-03
1.808183e-02
6.488325e-02
2.084286e-02
3.231844e-02
7.964042e-03
5.216646e-03
2.839312e-02
5.667628e-02
7.749218e-02
5.203619e-02
3.447981e-02
1.582477e-01
1.479167e-01
1.264109e-03
3.528103e-06
3.760496e-02
3.936376e-02
1.116000e-01
5.264092e-02
8.408879e-02
1.003018e-02
2.926238e-02
3.072967e-02
7.309468e-02
1.026893e-01
2.417501e-01
8.718952e-02
5.333782e-02
1.624851e-04
4.461283e-02
1.756561e-01
4.282458e-02
4.268512e-05
1.723915e-01
4.019353e-03
1.591708e-01
9.548452e-04
1.059217e-01
5.120607e-04
9.527072e-02
9.200233e-03
7.955679e-03
1.385229e-02
1.748138e-02
2.910313e-01
7.231847e-02
1.561359e-01
