6.516195e-02
9.408619e-02
5.079366e-02
4.710350e-02
1.108623e-02
3.892967e-02
1.760144e-03
4.590280e-02
1.130271e-02
8.523947e-02
2.699658e-03
8.600102e-03
2.622139e-02
1.173967e-01
6.532437e-02
4.819330e-03
1.516722e-02
5.334922e-02
7.887971e-02
1.455258e-02
4.802953e-04
4.142466e-02
2.705376e-02
6.302523e-02
2.613105e-03
7.101734e-03
3.153841e-02
7.449389e-03
6.140288e-02
8.091744e-03
9.509768e-02
1.003571e-01
1.307959e-03
2.391682e-04
8.068939e-02
3.068492e-02
6.513494e-03
4.209258e-02
7.555996e-04
4.868023e-02
2.064299e-02
4.645276e-02
1.589945e-01
3.821144e-02
3.619913e-03
4.185911e-02
3.714520e-02
4.964539e-02
2.158453e-02
1.533083e-03
2.717870e-03
5.438661e-03
2.910564e-02
5.898629e-02
1.827957e-02
6.928856e-02
2.854519e-03
6.658553e-02
2.099182e-02
3.146668e-02
2.814639e-04
5.666730e-02
1.288246e-04
2.778899e-02
8.693689e-02
3.762718e-02
3.994814e-02
2.970979e-02
4.780053e-03
2.158022e-01
6.279846e-05
4.193145e-02
2.145973e-01
2.502465e-01
3.117958e-05
5.985782e-03
3.456878e-02
3.728265e-02
6.231436e-02
8.351100e-03
3.835175e-02
3.098598e-03
5.712101e-03
5.703472e-02
1.071919e-01
5.544692e-03
6.895803e-03
1.842697e-01
3.491690e-01
1.000970e-03
2.297265e-01
8.692297e-03
7.577330e-02
1.796753e-03
3.212167e-01
4.381267e-02
9.621738e-07
2.081235e-01
1.679747e-01
1.259409e-02
5.345981e-03
6.067438e-03
4.960277e-02
4.361129e-03
1.694028e-02
1.572191e-02
3.635930e-02
1.080584e-02
2.492997e-05
3.535843e-04
1.753417e-02
8.552864e-02
1.205334e-02
6.032537e-02
1.816614e-03
3.508273e-01
1.963789e-01
8.142718e-02
6.807987e-04
1.948968e-03
1.022949e-02
2.029733e-04
2.072803e-02
4.056843e-01
3.048899e-02
1.705759e-02
4.187139e-02
3.192560e-03
7.449322e-04
3.458298e-03
1.022531e-03
3.144381e-05
9.443196e-03
4.246048e-02
2.389654e-02
1.450574e-01
3.113707e-02
2.214966e-03
4.925290e-02
2.248255e-03
5.075498e-02
1.812081e-03
6.554146e-03
1.166933e-03
2.378535e-02
1.784910e-05
6.528159e-02
4.698771e-02
4.691893e-02
8.357559e-04
7.223693e-03
2.237454e-04
4.432646e-05
2.031180e-02
2.248122e-02
2.412487e-02
7.274499e-02
4.244154e-02
8.217910e-05
6.503546e-01
2.244719e-03
2.047127e-02
1.088644e-01
8.495017e-02
2.086102e-04
1.830156e-02
1.097626e-01
9.829055e-04
1.136269e-01
3.835880e-03
3.085247e-03
1.962289e-02
1.493003e-01
4.707843e-03
5.417835e-04
3.182601e-02
1.406536e-02
1.006546e-03
1.580921e-02
3.497839e-02
1.711364e-03
1.619710e-01
1.714716e-01
2.605162e-02
1.246911e-02
4.890353e-02
2.526394e-01
6.851403e-02
2.475694e-02
4.254695e-02
1.106188e-02
5.938833e-02
8.857356e-03
1.848866e-02
1.429853e-02
1.673020e-02
7.802122e-03
1.258400e-02
1.501108e-02
4.190004e-02
8.979653e-02
2.726094e-02
1.847714e-01
1.502414e-02
9.881245e-03
1.455201e-02
1.360804e-02
8.188441e-03
3.054222e-02
9.337239e-02
2.917319e-02
7.047094e-03
1.791120e-01
1.223274e-02
2.217240e-02
2.112102e-03
2.831030e-02
5.827364e-03
1.246861e-01
3.144794e-02
8.638678e-02
1.297344e-01
1.700966e-02
1.573211e-03
1.654592e-02
3.120738e-01
6.421174e-03
1.612165e-03
3.999283e-03
1.460438e-01
4.807343e-02
7.989401e-03
1.338058e-04
1.014946e-01
1.744154e-01
5.590886e-02
1.232908e-01
1.306313e-03
1.465259e-03
5.234820e-02
4.862103e-02
9.928259e-02
1.756740e-04
4.766407e-03
2.242860e-03
1.733945e-02
1.836296e-01
3.656235e-02
3.277022e-03
1.460622e-02
9.393927e-02
5.892457e-02
4.214363e-03
1.943740e-03
2.727371e-03
5.162321e-03
3.884604e-02
3.975679e-02
2.647975e-02
9.247159e-04
4.591469e-02
1.303592e-02
1.554395e-01
6.730148e-02
5.918963e-02
4.365623e-04
3.364023e-01
4.251691e-02
3.863298e-02
7.102828e-02
2.038636e-04
6.602481e-02
7.023370e-02
3.568271e-02
7.728915e-02
9.813746e-05
9.152180e-02
1.405602e-02
1.444141e-01
2.219782e-02
1.677517e-02
1.505969e-04
1.133674e-01
3.816990e-02
1.932060e-03
7.869632e-07
3.282509e-02
1.485795e-02
3.818287e-02
2.408550e-02
1.676099e-02
4.276146e-02
1.194003e-01
6.940785e-03
1.435403e-02
1.797514e-02
1.663593e-02
1.182692e-01
1.238884e-03
7.326696e-03
7.554961e-02
5.091414e-03
2.594928e-06
5.346440e-02
2.551972e-02
2.030228e-01
3.474447e-02
6.896374e-03
6.101987e-02
9.183479e-02
3.683116e-06
7.278001e-02
1.666020e-02
1.784636e-02
1.106896e-05
2.524963e-01
3.599736e-02
1.163239e-02
2.891497e-01
4.347187e-02
7.843234e-02
4.378728e-03
1.131625e-01
1.091664e-02
2.124914e-01
3.344327e-02
2.507128e-02
1.316576e-01
3.158959e-03
1.132867e-02
3.050878e-02
4.281534e-02
2.951007e-02
7.767881e-02
5.254174e-03
4.027038e-02
2.988507e-02
1.111524e-01
9.841007e-02
7.872304e-04
1.067487e-03
8.822016e-02
1.464189e-01
1.144847e-01
2.664398e-02
5.410862e-04
5.530718e-02
1.035797e-01
1.620384e-04
7.146415e-02
1.105747e-02
1.367892e-02
2.358710e-03
2.065306e-02
1.308875e-01
3.043487e-03
8.990246e-02
3.913380e-03
3.558697e-03
1.769194e-02
4.802736e-02
7.620727e-03
3.646791e-03
2.916626e-02
2.152430e-03
8.589575e-04
6.439996e-02
1.033228e-02
2.470841e-01
3.638590e-02
2.815892e-02
1.830607e-02
3.095361e-01
3.932684e-02
6.565081e-03
1.052244e-01
2.435581e-02
2.101791e-01
3.044192e-02
5.709464e-02
7.725226e-04
2.046546e-01
7.107619e-02
3.277385e-02
1.910542e-02
4.219780e-02
2.482298e-02
1.363797e-03
1.899443e-02
2.169290e-01
1.458026e-02
1.799027e-01
3.338308e-02
1.418195e-02
4.166082e-02
7.123089e-02
1.968717e-02
1.375981e-05
1.234420e-02
2.991771e-03
1.388692e-01
1.584144e-03
8.700225e-02
1.473740e-03
1.764751e-02
1.572946e-03
5.199764e-05
9.742482e-03
1.269491e-02
6.822630e-02
3.142577e-01
1.469444e-03
3.609839e-02
1.564737e-04
3.729051e-04
1.504351e-03
3.636127e-03
1.068209e-02
6.029604e-02
6.507879e-02
6.883904e-05
7.398570e-03
1.200565e-02
5.092115e-04
1.209821e-01
5.981289e-02
1.962080e-02
8.858619e-02
2.226021e-02
9.341649e-02
5.460420e-03
5.302000e-06
1.007753e-02
5.791075e-02
2.257248e-04
5.662658e-05
1.398132e-01
2.922219e-02
1.028249e-02
8.096847e-02
1.428000e-05
7.284528e-02
1.286130e-02
2.248902e-01
2.790353e-01
2.706689e-02
1.480648e-01
1.955901e-03
6.710178e-03
3.916867e-02
5.072630e-02
1.115960e-01
7.787585e-03
2.859722e-01
1.225725e-02
4.143833e-01
4.306459e-02
1.218262e-02
8.713315e-02
4.764095e-03
8.872751e-03
8.011191e-02
6.135193e-02
8.958907e-03
6.633438e-04
3.689328e-02
1.212105e-01
1.872062e-01
2.625186e-02
4.397847e-03
8.250334e-04
9.915105e-03
1.310272e-02
3.974820e-02
2.798079e-01
1.037795e-01
8.891270e-03
4.677786e-02
5.838193e-03
5.943950e-03
2.753573e-02
6.264559e-02
3.006819e-01
4.596123e-02
3.808555e-01
1.413706e-03
1.132168e-01
8.940992e-02
2.736018e-02
2.463720e-04
2.203915e-01
1.025446e-02
6.436020e-02
1.401311e-01
1.989060e-01
4.452072e-02
5.458361e-04
1.733955e-02
5.066030e-03
1.326202e-03
5.290157e-02
1.150856e-01
5.090086e-04
2.795283e-01
7.832575e-04
7.385534e-03
1.056276e-04
5.450875e-01
3.929430e-02
1.051435e-01
2.403124e-02
1.895751e-03
6.704475e-06
6.494969e-02
3.099055e-02
1.004004e-03
6.522456e-02
2.713794e-02
4.030084e-04
4.643293e-02
1.666955e-02
1.808067e-02
3.618807e-02
8.517730e-03
3.383499e-03
1.571101e-01
3.718039e-02
1.346267e-02
4.214045e-02
5.143331e-02
1.379458e-01
6.111615e-02
4.702078e-02
1.649415e-03
1.215250e-03
2.702258e-02
1.255759e-01
1.984408e-02
2.680992e-03
1.229446e-02
3.105492e-01
1.521788e-01
2.699199e-02
3.349326e-04
2.315805e-02
2.802877e-02
2.043072e-01
1.807395e-02
2.805213e-01
3.192675e-03
2.923116e-01
3.110189e-02
9.644131e-02
1.228348e-01
5.676429e-02
1.185758e-01
1.070158e-01
1.281755e-01
1.698776e-03
3.248318e-01
2.681769e-02
2.413799e-04
1.561827e-02
4.816240e-03
1.181222e-03
5.999432e-02
6.942264e-03
2.897450e-02
7.706444e-04
8.696166e-04
2.360702e-02
1.761832e-01
8.158544e-02
4.963623e-02
4.296783e-02
7.900273e-03
2.885493e-02
1.686306e-01
3.963833e-02
1.252567e-03
2.757975e-02
8.644108e-03
4.453367e-03
6.422050e-02
1.424715e-01
3.662183e-04
1.817750e-04
2.620942e-02
3.926247e-02
1.009258e-02
7.771838e-04
5.288966e-02
2.639690e-04
7.585707e-02
