3.600236e-02
2.859320e-01
3.833201e-02
1.064670e-01
1.731064e-02
6.352686e-03
3.592646e-03
1.353389e-01
2.295856e-02
2.498732e-02
1.183735e-02
5.149196e-02
1.376466e-01
3.541938e-03
1.615371e-01
8.806945e-03
2.159187e-02
1.006106e-01
1.196749e-01
1.121163e-02
1.025344e-02
2.016776e-03
4.391501e-03
1.223314e-01
2.204169e-02
1.030022e-02
2.620441e-04
1.535968e-02
1.184416e-02
2.277763e-03
1.407149e-03
2.570378e-05
1.253604e-01
3.656396e-02
2.506990e-03
2.542782e-03
5.450294e-05
5.384810e-03
2.313861e-02
5.761834e-02
4.962418e-02
3.793813e-01
3.287639e-02
1.329819e-01
3.291356e-02
2.152644e-01
7.706877e-04
1.306467e-01
2.612320e-03
9.221042e-03
1.130996e-02
4.924070e-01
1.575751e-02
9.950236e-02
7.352719e-02
5.265409e-03
6.197712e-02
1.441247e-01
5.570736e-02
2.731198e-03
1.430126e-02
2.737282e-02
8.802649e-03
3.104408e-02
3.977257e-02
1.182875e-02
1.880292e-01
9.334801e-02
9.920614e-02
2.847031e-02
1.056004e-02
1.580295e-04
1.740605e-02
6.461215e-02
5.908461e-02
3.910737e-03
9.327397e-05
6.076548e-02
1.835299e-02
1.477829e-04
5.633299e-02
3.027171e-03
8.554306e-02
9.459684e-02
4.732329e-04
7.094492e-02
7.003536e-02
2.222350e-01
3.341868e-04
5.801362e-03
3.743104e-03
2.812935e-02
1.634943e-02
7.480524e-02
1.286626e-02
3.407491e-02
1.408098e-05
5.631580e-03
1.079111e-01
6.003036e-02
1.567993e-01
2.380353e-02
1.015691e-01
9.537492e-02
9.734089e-02
2.446470e-03
1.276954e-03
8.840281e-02
4.667285e-02
5.695972e-06
2.229799e-01
3.596337e-06
7.484142e-02
7.253693e-03
1.274342e-01
1.979726e-01
6.281407e-03
3.930195e-01
8.924929e-02
3.281410e-04
4.599918e-03
5.486747e-02
2.512031e-08
1.156571e-02
4.641308e-02
2.206839e-01
1.829551e-02
1.874024e-02
1.080256e-02
1.271155e-02
5.401048e-03
2.683122e-04
4.931287e-02
2.144840e-02
7.684957e-03
1.829453e-03
4.224064e-04
4.532143e-02
1.548010e-01
1.063739e-01
4.041159e-03
9.024776e-02
2.032307e-04
3.723729e-02
3.707402e-04
9.864070e-02
7.431191e-02
6.853142e-02
4.822308e-02
6.424849e-02
7.334202e-03
1.117301e-01
4.555259e-04
6.081064e-02
8.992810e-02
2.671311e-03
7.018929e-03
7.734577e-04
7.232931e-02
3.428302e-01
1.458156e-02
2.075852e-03
2.204057e-02
3.078406e-02
1.348535e-01
1.355501e-01
2.948324e-02
2.119963e-02
1.836791e-01
2.732699e-03
2.179366e-02
5.462855e-02
4.274110e-02
4.334890e-03
1.270416e-01
2.114817e-03
3.566488e-05
2.572517e-01
2.968354e-01
1.361944e-02
9.913616e-02
3.567607e-02
1.001736e-05
6.702909e-02
9.049612e-03
3.081509e-02
1.463826e-02
6.887552e-02
9.331179e-03
3.380391e-02
7.427469e-03
2.376525e-02
3.369613e-02
2.303424e-02
2.622275e-02
1.720929e-03
1.212557e-01
2.695319e-02
3.500614e-09
6.608835e-02
1.344748e-01
6.888133e-03
7.409975e-04
8.147397e-02
3.254778e-03
1.120203e-01
6.236876e-03
1.547939e-02
1.697888e-03
3.358590e-03
1.055752e-03
2.999946e-02
1.777634e-02
6.800018e-02
3.810448e-02
1.935182e-04
7.858171e-02
2.028606e-04
3.820971e-04
6.895734e-04
4.851838e-03
2.017095e-02
6.512250e-03
1.036630e-05
2.001193e-01
1.395113e-01
2.308741e-02
1.375996e-02
4.510432e-02
1.014276e-06
1.939750e-04
2.256247e-02
1.836120e-02
5.420639e-02
3.015835e-02
5.537734e-02
5.233061e-02
1.023375e-02
2.669240e-01
9.504674e-03
2.114592e-02
8.873520e-04
1.394387e-02
2.458155e-02
8.406835e-02
1.817631e-01
8.308241e-02
1.686732e-02
1.044098e-01
8.105980e-02
1.459760e-01
1.094778e-01
1.953047e-03
1.350312e-01
4.541459e-03
9.894923e-02
2.134379e-02
1.375754e-03
2.714978e-03
1.584266e-02
2.207164e-02
8.840368e-02
2.117325e-02
4.312841e-03
8.668380e-02
7.058894e-02
1.060792e-02
4.038073e-02
2.121623e-03
7.949356e-02
9.357447e-03
1.805401e-01
9.713258e-03
5.236967e-03
1.311863e-03
4.363260e-02
6.166879e-02
1.731470e-01
4.470512e-02
4.609972e-02
1.253587e-01
2.692425e-03
5.873565e-03
7.083482e-04
5.374399e-02
9.009421e-05
1.659697e-03
7.381858e-03
7.042163e-04
6.297608e-02
9.021381e-03
4.014767e-01
1.703048e-01
3.789513e-03
1.091400e-02
3.214873e-02
2.274907e-02
9.593896e-02
3.355303e-02
2.495299e-02
1.588264e-02
2.543631e-02
2.456651e-03
4.503623e-02
9.052984e-02
5.463906e-05
1.331342e-03
8.478394e-02
1.640324e-02
1.109901e-01
2.728578e-02
2.077960e-01
9.161108e-03
5.568707e-02
7.590999e-03
1.255077e-02
1.300409e-01
2.284972e-02
8.190775e-03
1.465656e-02
7.853259e-02
2.638201e-01
7.009922e-02
2.725884e-05
6.084075e-02
1.676841e-02
1.027041e-01
2.319334e-03
5.657074e-03
2.870829e-03
2.234926e-03
5.781553e-02
2.832954e-03
7.678599e-03
2.111053e-02
1.408305e-04
2.405238e-02
7.123015e-02
3.220872e-02
4.501761e-03
1.360823e-02
4.356297e-02
4.720655e-02
3.109752e-04
1.914989e-02
1.052133e-02
1.310090e-01
4.146013e-02
1.306497e-04
4.481988e-03
3.452896e-02
2.026882e-03
3.440024e-03
8.322256e-02
1.056965e-02
1.087113e-02
2.820182e-02
9.772469e-03
6.708009e-02
1.619096e-02
3.704111e-02
5.601990e-02
2.814892e-02
6.015787e-02
9.072078e-02
3.438111e-03
1.886064e-03
5.248709e-02
3.007477e-02
1.920965e-03
1.756423e-02
5.209514e-02
1.381838e-02
1.043826e-02
3.068119e-06
6.479525e-03
6.444840e-06
1.296162e-04
4.752990e-02
2.163109e-02
2.192795e-03
1.283478e-01
2.787824e-01
3.446530e-03
6.864147e-02
1.671287e-01
2.632738e-01
6.345407e-03
3.755728e-02
2.181599e-02
1.549867e-01
2.857645e-01
1.192100e-02
4.270591e-03
1.881096e-02
1.582213e-02
7.396280e-03
3.716508e-02
8.889013e-02
2.210936e-02
9.770103e-02
5.447127e-02
1.866007e-01
2.855280e-02
3.020586e-01
5.895486e-02
7.776131e-03
9.833898e-04
3.957794e-02
3.357218e-03
4.794049e-02
1.542744e-02
2.213981e-02
6.171223e-04
8.607023e-02
5.572974e-03
5.242868e-03
9.843574e-03
2.407330e-02
3.282087e-02
2.266817e-02
2.306600e-02
4.695776e-02
2.650797e-02
1.246674e-03
4.164631e-02
2.135178e-02
8.052266e-04
4.221935e-02
4.055917e-02
9.073532e-03
2.982510e-05
1.642431e-02
8.653434e-04
2.220818e-02
2.292578e-03
1.035529e-01
1.671535e-02
2.093216e-02
2.069398e-02
2.286825e-01
1.501384e-01
1.136814e-02
1.321433e-02
1.915220e-02
1.103239e-02
2.742531e-02
1.011800e-01
4.650304e-02
2.637977e-03
6.757385e-03
3.037558e-04
1.890015e-03
2.633196e-01
5.825148e-02
1.642492e-01
2.255099e-02
6.922130e-02
1.108529e-02
2.898143e-02
8.381982e-03
1.123546e-02
1.683054e-02
1.309472e-03
8.637268e-03
1.254009e-01
3.136490e-03
8.932072e-05
1.379846e-01
2.515703e-01
2.103468e-03
2.668475e-02
1.201601e-01
8.559265e-05
8.461392e-04
6.206245e-07
2.880448e-01
3.429303e-02
5.495953e-02
1.031480e-01
4.634744e-06
1.432184e-03
6.236973e-03
1.772051e-02
1.134940e-03
3.517726e-03
8.080546e-05
8.779611e-02
2.040766e-03
2.274083e-02
1.641954e-02
4.425500e-03
3.048338e-02
3.563935e-02
5.236745e-02
6.788600e-02
6.981916e-02
1.278748e-02
7.569559e-02
6.117140e-02
1.709603e-01
2.569196e-02
1.189129e-01
4.482158e-03
2.185561e-01
2.597631e-03
1.900790e-03
4.203397e-05
6.415265e-02
3.173646e-02
2.101516e-02
5.442769e-04
9.162920e-05
1.684600e-02
3.008817e-02
2.518955e-02
1.573135e-02
2.741758e-02
9.264504e-03
1.324098e-01
1.429499e-03
1.670995e-03
2.314755e-04
1.932040e-03
1.629297e-01
1.596314e-02
1.985450e-01
2.359990e-02
1.108906e-02
3.282933e-02
1.039715e-03
3.820062e-03
3.874778e-03
1.638090e-03
2.437680e-02
1.375400e-02
7.482700e-05
8.009258e-02
7.454569e-03
2.096139e-02
3.040437e-01
1.515096e-01
1.860563e-02
5.807296e-03
4.137439e-03
2.376224e-02
3.238036e-02
2.114343e-01
1.677699e-02
9.065824e-02
1.302626e-02
2.971824e-02
1.694768e-03
4.445381e-03
1.632753e-03
1.364507e-02
1.812254e-02
3.408979e-02
6.868742e-03
2.283803e-02
3.944095e-02
2.988905e-04
4.688962e-03
9.072214e-02
1.335344e-01
4.670777e-03
1.792610e-01
6.227308e-03
3.803895e-02
7.305747e-03
1.911840e-02
1.164627e-01
6.754865e-03
9.885341e-03
1.207978e-01
1.254562e-01
1.299485e-03
7.472877e-02
4.707389e-01
9.367910e-02
4.610541e-02
7.116760e-03
8.848432e-03
3.081645e-04
2.618442e-02
6.767691e-02
4.628004e-02
2.205213e-02
2.009105e-02
9.735440e-06
9.020669e-07
1.937477e-02
1.224653e-02
1.443595e-02
