5.218359e-03
9.937804e-03
7.824407e-02
2.566528e-02
1.413426e-03
1.498651e-02
3.385943e-03
4.308183e-03
7.520778e-02
1.200043e-01
5.479502e-02
4.641662e-02
1.542994e-03
5.160045e-02
2.794985e-02
9.132171e-03
9.654636e-02
1.345870e-01
3.786272e-03
3.114021e-01
2.984849e-05
7.067511e-05
2.441754e-02
6.398256e-02
4.250236e-02
7.661225e-03
4.477435e-03
1.739530e-04
2.176290e-01
1.246481e-01
4.541140e-01
2.047314e-03
5.686545e-02
2.257386e-01
1.205075e-01
7.325742e-02
4.890341e-02
3.066233e-05
1.000577e-01
4.063902e-02
1.351205e-04
1.148698e-01
1.646082e-03
8.177041e-02
2.100842e-02
3.468427e-02
5.317158e-02
6.565386e-03
1.484315e-02
5.216523e-01
1.099043e-02
3.459816e-03
4.153777e-02
3.981534e-01
1.370845e-01
1.346528e-03
1.026230e-01
1.961825e-02
1.544063e-02
3.966637e-02
5.846609e-03
9.271686e-02
1.169821e-02
9.239931e-03
8.384074e-03
1.389080e-01
5.337325e-03
7.437046e-02
8.140106e-04
5.685656e-02
9.098038e-03
1.392206e-02
5.326011e-02
1.833534e-02
1.367925e-02
4.201875e-03
5.876837e-02
1.587081e-02
2.123285e-01
4.485926e-02
6.948495e-04
1.024754e-01
6.433774e-03
5.756011e-02
3.754097e-02
1.948040e-02
1.805197e-02
2.809169e-03
1.086628e-01
5.902800e-05
1.752204e-03
1.443025e-02
2.914212e-03
1.964544e-03
3.958305e-02
1.438842e-04
2.476790e-02
1.145151e-03
6.672337e-02
5.548562e-02
1.244706e-02
1.137562e-01
7.353765e-03
2.372512e-02
1.327223e-02
1.347905e-02
3.666040e-02
6.964363e-02
2.566508e-04
6.290048e-03
4.543049e-03
5.329737e-02
1.201427e-03
2.457039e-01
2.708331e-01
3.476227e-03
3.012830e-02
2.051452e-02
9.916882e-03
1.648359e-01
5.779806e-03
5.168323e-02
5.189518e-02
4.892311e-01
1.712988e-02
8.678607e-02
3.229942e-03
1.084443e-01
2.574743e-02
4.777711e-05
2.663336e-03
4.313652e-03
9.689248e-03
3.376806e-03
8.143981e-03
1.988239e-02
2.648365e-01
2.928940e-03
8.492954e-03
1.660109e-04
3.155712e-02
8.803145e-02
1.690475e-03
4.592582e-02
7.403980e-02
3.131505e-02
1.121295e-02
1.825566e-02
4.742541e-02
1.870684e-03
1.938511e-04
2.110924e-07
7.937241e-02
2.129155e-01
4.212408e-03
3.724371e-04
1.612501e-01
2.802484e-01
1.129373e-03
1.038637e-01
1.349645e-01
9.162051e-02
5.659644e-02
1.582907e-02
2.010991e-03
3.063013e-01
5.078719e-04
7.986179e-02
7.055214e-02
9.200991e-02
1.316728e-03
1.027298e-04
4.548176e-05
6.571496e-03
6.080334e-02
3.036522e-03
1.188716e-02
6.775984e-02
1.862466e-02
1.650535e-03
1.109434e-02
1.061256e-02
1.796376e-02
1.279785e-01
1.950284e-01
4.606489e-02
1.174285e-01
5.453809e-04
8.443211e-05
3.664928e-03
2.197129e-02
6.197789e-02
1.749023e-01
5.529360e-02
5.914347e-02
2.530153e-01
1.802639e-02
1.510037e-03
2.262509e-03
5.339619e-02
7.873832e-02
6.178585e-03
1.038571e-01
2.865260e-02
6.682089e-03
5.574270e-03
1.421237e-02
6.649303e-04
2.105077e-01
3.434511e-03
2.955756e-02
1.774583e-02
9.343537e-04
1.514039e-01
5.665322e-02
4.843686e-02
1.596735e-01
8.940618e-02
3.999677e-03
3.001537e-02
4.008469e-03
9.050970e-02
5.330709e-02
2.475027e-03
1.182990e-04
2.020339e-03
5.094479e-02
6.621636e-02
6.665712e-02
1.379640e-02
1.392221e-02
1.589494e-02
3.621705e-02
3.154744e-06
1.244319e-01
2.408802e-02
5.114420e-02
1.698739e-03
4.485898e-02
7.299023e-03
4.837370e-03
4.698431e-04
9.562611e-04
6.086853e-02
1.015281e-03
1.641239e-02
2.622502e-02
1.109549e-01
1.092023e-01
7.346381e-02
1.755899e-01
3.462333e-03
1.783546e-01
8.455032e-03
7.119592e-05
6.317762e-04
2.930436e-02
5.323010e-02
4.194382e-02
1.009595e-01
1.309263e-02
2.064255e-02
1.855640e-02
1.378625e-01
6.395611e-03
6.267815e-02
4.785509e-02
1.869089e-01
5.579967e-02
7.534133e-04
2.132986e-03
8.574852e-04
1.752514e-01
3.862288e-01
1.584702e-01
4.586995e-03
2.016599e-03
4.760290e-03
8.092573e-04
4.036969e-02
6.080469e-04
2.699052e-02
1.046192e-02
1.007174e-01
4.474953e-02
9.919377e-02
1.631888e-03
3.517622e-03
1.302888e-03
9.545745e-04
1.410423e-02
1.225552e-02
6.458527e-02
1.120661e-01
3.425436e-02
5.803876e-02
2.071907e-02
8.682381e-03
1.522444e-02
9.064706e-03
1.368196e-03
3.027458e-06
4.279862e-05
2.947015e-02
6.519138e-03
2.874018e-02
3.744100e-02
6.315852e-02
1.283402e-02
2.241511e-01
1.043814e-01
4.045945e-03
8.744619e-04
7.629310e-02
3.082628e-02
1.878525e-01
5.500054e-02
6.519863e-02
2.197792e-02
1.037956e-02
1.500879e-04
1.007038e-01
2.024556e-02
3.362753e-02
1.749826e-01
2.121251e-02
1.380518e-02
5.444992e-03
1.466231e-03
1.814863e-01
3.288210e-02
2.855341e-02
8.340975e-02
3.423823e-02
7.152141e-02
9.263393e-03
5.048658e-04
4.406710e-04
6.588928e-02
3.752356e-03
2.571035e-01
8.413181e-03
6.953842e-04
4.807619e-02
1.307330e-01
8.750319e-02
7.776181e-03
1.422881e-01
8.508179e-04
1.945535e-02
6.267517e-02
1.088221e-02
2.607023e-02
9.044311e-02
2.290271e-02
1.115058e-04
5.366425e-02
6.554088e-05
4.695059e-02
1.103288e-01
8.999720e-03
8.818375e-03
1.393058e-02
3.921433e-02
5.590659e-03
6.054798e-07
6.271988e-02
1.427903e-05
4.277892e-03
1.515859e-01
2.426217e-03
5.360499e-02
1.407994e-01
7.455311e-02
9.471704e-03
1.128363e-03
8.045994e-03
6.895667e-02
2.758827e-01
2.834593e-02
1.675558e-01
1.212760e-01
4.687810e-03
3.335508e-02
7.709462e-02
1.525300e-04
1.022921e-01
4.462856e-02
5.901463e-01
3.799379e-02
1.050912e-01
5.643746e-03
2.396448e-03
1.844980e-03
4.509539e-04
4.557476e-02
3.035103e-02
7.960353e-03
1.412827e-02
2.098479e-02
2.644672e-02
4.130738e-01
9.645721e-04
1.184698e-01
3.882233e-02
1.773260e-01
1.358619e-02
1.470904e-03
8.978313e-03
8.717046e-03
1.609397e-02
3.714354e-03
1.109331e-02
7.157612e-02
5.382303e-02
2.195443e-02
3.812798e-04
2.555213e-02
6.178071e-03
8.462445e-05
4.065169e-02
1.035127e-01
2.909533e-03
3.393987e-05
1.166900e-02
4.718599e-03
6.732480e-03
1.220425e-03
2.125442e-03
6.640667e-03
2.343884e-02
9.567895e-03
1.168352e-01
1.176549e-02
5.355340e-03
4.134239e-02
2.530496e-04
1.435074e-01
9.023545e-02
1.343068e-02
2.562349e-02
2.628609e-04
2.399338e-01
2.333168e-02
3.741614e-02
4.605196e-05
4.195318e-02
8.716843e-03
1.026907e-01
2.086490e-02
3.965504e-03
3.848060e-05
3.896518e-02
6.515407e-03
1.562104e-01
1.188485e-01
1.579900e-01
4.607695e-05
1.646253e-02
5.412169e-04
1.557087e-01
9.037272e-05
1.476223e-02
6.833044e-05
1.968133e-04
2.827215e-02
2.276674e-02
5.330282e-02
4.543588e-02
8.000094e-03
2.037716e-02
1.439263e-01
2.307243e-02
3.681640e-02
4.283780e-02
4.645617e-03
2.346043e-02
6.918977e-03
1.977849e-02
8.818570e-02
3.499022e-02
6.189918e-02
2.839379e-02
2.762749e-02
3.050638e-02
3.772973e-02
2.171805e-01
8.733297e-02
5.035882e-02
1.159887e-02
4.493161e-02
2.880956e-01
3.277508e-02
8.586695e-02
1.391468e-01
8.159579e-02
5.621533e-02
5.525824e-02
5.943817e-02
1.600743e-04
1.878893e-03
4.516919e-02
3.038638e-02
9.663614e-03
2.612741e-02
9.210888e-05
6.789707e-02
6.997256e-01
1.118978e-03
2.490255e-03
6.207316e-02
3.790722e-05
2.558533e-03
5.534105e-02
3.021920e-03
4.940628e-02
2.449230e-02
2.179074e-02
3.369145e-02
4.569212e-02
4.537541e-03
7.648402e-02
5.783449e-02
2.396879e-01
2.007244e-03
7.188745e-03
5.308614e-05
7.625291e-04
1.160359e-03
1.027875e-01
1.279568e-01
2.361642e-02
9.101538e-04
1.200405e-01
3.289211e-02
3.353495e-02
1.858692e-02
1.758400e-04
7.043470e-02
1.720072e-01
9.569144e-02
1.733688e-03
3.347061e-04
8.561479e-03
2.362122e-01
3.818398e-02
2.062038e-02
1.275655e-02
6.375009e-03
4.134108e-01
3.145547e-03
1.844830e-02
6.731982e-02
1.085960e-01
9.525422e-02
2.584567e-01
9.292758e-02
1.308813e-03
7.851951e-03
2.004049e-01
2.642509e-04
6.741452e-03
5.991792e-05
4.688214e-02
6.182529e-03
8.089705e-03
2.082592e-02
2.947087e-02
2.685504e-03
1.613577e-01
2.593999e-02
8.936951e-02
4.030286e-03
1.819510e-02
3.235513e-01
1.617434e-02
7.650688e-03
1.003613e-02
1.289755e-01
1.040115e-01
1.620076e-01
3.584187e-02
2.166367e-02
4.930513e-02
3.940054e-04
2.170861e-02
1.177601e-02
1.341300e-01
3.766173e-02
1.043232e-01
5.814456e-02
6.305184e-03
5.482776e-05
2.709130e-02
