6.540632e-03
1.118837e-01
1.951609e-04
1.205607e-02
5.670913e-02
6.649533e-02
6.683285e-05
6.562579e-05
2.932827e-04
1.643494e-01
3.721269e-02
1.474319e-01
9.574239e-03
2.808231e-02
9.573093e-03
4.652782e-02
1.102965e-01
2.891685e-03
1.029282e-02
4.144689e-02
1.002831e-01
2.075735e-02
3.364466e-03
2.099671e-02
2.147870e-06
1.429541e-01
5.120632e-02
1.611775e-01
2.290311e-03
1.890148e-02
8.388488e-02
5.066261e-03
2.454123e-02
6.426227e-02
1.780122e-01
1.572647e-02
9.454876e-03
8.371755e-03
1.243150e-02
1.111708e-05
4.626097e-03
5.399655e-02
5.813297e-07
3.582896e-02
2.217831e-02
8.847542e-04
7.950303e-02
2.446206e-01
9.921526e-02
3.793543e-03
9.166850e-03
2.089881e-03
9.651994e-02
2.179570e-06
3.330140e-02
1.040073e-01
1.392113e-02
1.019751e-03
5.634989e-03
1.094834e-01
2.629855e-02
1.851520e-01
9.760097e-05
4.241904e-02
1.418973e-02
3.637875e-03
4.106889e-01
1.074120e-03
4.986806e-03
2.648221e-02
1.037251e-02
2.251647e-05
5.538766e-03
6.991682e-03
3.887624e-02
1.056862e-01
3.425036e-04
9.800992e-05
2.121056e-01
5.382861e-02
1.124262e-04
1.031515e-01
6.287217e-02
2.920223e-02
7.321358e-02
7.651496e-03
2.782257e-04
5.250713e-02
4.356960e-03
1.975087e-02
6.224256e-02
2.649697e-02
3.671022e-03
8.569581e-03
6.221515e-02
2.466063e-02
2.507313e-07
9.190553e-03
1.939251e-01
7.992282e-03
1.012551e-02
2.241620e-02
1.572257e-03
4.172439e-05
1.861673e-01
2.545045e-02
1.621150e-02
2.898225e-03
1.751631e-02
2.816372e-02
5.334631e-02
2.473863e-01
1.201271e-02
4.736938e-02
5.800922e-02
1.232765e-02
8.693028e-02
4.568510e-04
8.671143e-02
2.387469e-03
1.762771e-01
1.414315e-04
1.374744e-03
1.696480e-03
3.347780e-05
5.018381e-04
8.669002e-03
9.770026e-03
1.109596e-02
1.105042e-01
1.046312e-02
2.642135e-03
5.689037e-06
4.582460e-03
1.527215e-02
1.094175e-02
4.286592e-01
3.375255e-02
1.542588e-01
1.886306e-03
5.000226e-02
5.212216e-02
1.017245e-02
1.170894e-01
1.261041e-02
5.156806e-02
2.743610e-01
4.665403e-02
7.539910e-03
1.045225e-02
1.148055e-02
7.113962e-04
1.056073e-01
6.329347e-02
1.311242e-02
6.743742e-02
2.771691e-02
4.809815e-02
7.843946e-03
5.151430e-01
9.466047e-02
2.400787e-02
2.176314e-01
5.849779e-03
1.475760e-01
3.774099e-01
2.509025e-08
4.125517e-03
3.547742e-05
7.249396e-02
2.017195e-03
4.155033e-02
7.995091e-02
2.941972e-02
2.472488e-02
3.060772e-07
9.480143e-02
5.017211e-02
4.095345e-02
5.849346e-02
1.299490e-01
4.482557e-02
9.694057e-02
3.195010e-03
2.545443e-05
1.624209e-01
8.495616e-04
3.722577e-02
1.426225e-03
1.849669e-02
5.978798e-04
2.335088e-05
1.380216e-02
9.332527e-03
3.823875e-04
4.860891e-03
3.262873e-02
2.868640e-02
5.607022e-03
5.235947e-02
1.140808e-01
2.327682e-02
7.051038e-03
6.360576e-02
1.116557e-01
2.271632e-03
4.287044e-02
1.817230e-01
1.440604e-01
6.610971e-02
2.070316e-01
8.683623e-03
9.279803e-02
1.232217e-01
3.536316e-02
8.842715e-02
2.394602e-01
2.025907e-02
5.789142e-03
1.053198e-01
1.756690e-02
9.318541e-02
4.583908e-04
7.851561e-02
2.013983e-01
5.660184e-03
1.007767e-01
6.008771e-02
3.391246e-03
3.552885e-03
7.419231e-04
6.002422e-02
3.258865e-02
5.532814e-02
5.300772e-03
6.208486e-03
1.204622e-01
1.599507e-03
2.939818e-02
4.216284e-02
1.266435e-01
5.731715e-03
6.493092e-02
1.111640e-02
1.251757e-03
4.849020e-03
6.889040e-02
8.136846e-05
1.587307e-02
2.771752e-02
7.205500e-03
6.631267e-02
5.396909e-02
1.535718e-03
1.369396e-04
4.038684e-02
2.642706e-03
2.071978e-01
9.225062e-02
2.890248e-03
2.004480e-01
2.805804e-02
8.221216e-02
2.671041e-02
4.744530e-02
3.613468e-03
3.777563e-03
1.359500e-01
1.915245e-03
1.637878e-01
6.031220e-03
1.721659e-02
1.687926e-02
8.817123e-05
1.138803e-01
7.933396e-03
1.879875e-04
3.174787e-02
2.726768e-03
1.456666e-03
2.776018e-02
8.512839e-02
3.520575e-02
2.613616e-02
1.536965e-02
3.875219e-03
1.437860e-01
7.345607e-02
2.598153e-02
4.815338e-02
2.215407e-04
5.453577e-06
1.437766e-01
7.969966e-02
1.412764e-01
3.417671e-02
2.169685e-01
1.085132e-02
8.046805e-02
5.095214e-02
1.665243e-03
7.495268e-04
3.915191e-02
4.051066e-04
3.365407e-02
9.208357e-02
4.559067e-06
3.874222e-05
4.088619e-02
1.045266e-03
2.118249e-02
8.397263e-05
4.138522e-03
1.118311e-01
8.024706e-02
1.093388e-01
1.549098e-01
3.028877e-03
2.232713e-02
3.280167e-03
2.314722e-02
1.673831e-01
3.701798e-03
8.759622e-02
6.734604e-03
2.520249e-02
2.466126e-01
7.745623e-02
2.408909e-02
3.842654e-02
3.713032e-02
3.188974e-02
1.143293e-02
3.850578e-02
2.913497e-01
1.186578e-02
7.552301e-02
4.676137e-03
4.506590e-06
1.567694e-01
9.009937e-04
5.186023e-02
7.332513e-02
1.790194e-02
5.969784e-02
6.134826e-02
6.372396e-02
1.397152e-01
3.964450e-01
8.205308e-04
9.226791e-02
3.907506e-02
1.332290e-01
2.859615e-03
4.802734e-02
1.863954e-01
1.553064e-02
9.366570e-02
5.619575e-02
4.714932e-02
3.148714e-05
2.193386e-02
3.492910e-05
8.728737e-03
4.210058e-02
5.819334e-03
2.690929e-02
1.723614e-04
2.939113e-01
1.490881e-05
1.119739e-03
1.718740e-02
4.331490e-02
3.709358e-04
2.188301e-03
1.625438e-01
2.912596e-04
2.550420e-04
4.240225e-04
3.147135e-06
3.989223e-04
2.064723e-03
1.074647e-01
3.659374e-02
2.452872e-01
1.212636e-01
1.433356e-01
9.946170e-03
4.215240e-02
1.514050e-02
2.998765e-03
7.728082e-03
2.211852e-01
1.624357e-01
4.552655e-02
1.517236e-01
5.529320e-04
1.332737e-02
1.664154e-01
4.465634e-04
2.314624e-01
9.051225e-02
2.450283e-03
1.612511e-01
2.964352e-04
3.339747e-02
8.860783e-03
4.652242e-02
6.646044e-03
2.095300e-01
1.623055e-03
7.027403e-03
2.074032e-02
2.634124e-02
1.241592e-01
1.439167e-01
6.350998e-02
2.792727e-02
8.572637e-05
4.049683e-01
2.698334e-03
3.877073e-02
4.996234e-02
2.141146e-02
1.960302e-01
5.050923e-04
3.123993e-04
5.604438e-03
1.297018e-01
3.701618e-03
1.601394e-02
1.914459e-03
3.155326e-02
9.480102e-05
9.299618e-04
7.524614e-04
1.056539e-01
3.041242e-05
9.369961e-02
1.077002e-01
4.206920e-05
6.296879e-03
3.335361e-02
7.817194e-02
7.774101e-03
8.648378e-02
1.702349e-01
1.886551e-01
4.516947e-04
2.390267e-02
2.715127e-02
2.976790e-03
2.131258e-02
5.732277e-02
8.201153e-03
1.260698e-02
1.183103e-02
4.469255e-02
9.271102e-04
1.986162e-01
3.545591e-02
4.442321e-02
5.476763e-02
1.237418e-01
2.104621e-01
1.031859e-02
4.859422e-02
2.950991e-03
1.219734e-02
3.869507e-03
9.533740e-07
3.988256e-01
8.963203e-02
1.948542e-01
1.157429e-02
1.282510e-02
2.472274e-03
9.686278e-03
6.406248e-04
1.426312e-02
5.967882e-02
1.465815e-02
1.477205e-02
1.144776e-04
6.628833e-02
5.158545e-03
4.630236e-02
6.103795e-02
2.706585e-02
2.475866e-02
3.458616e-03
1.408988e-03
3.624799e-02
1.287933e-01
1.577988e-02
1.081958e-01
4.569636e-04
1.562278e-02
9.139024e-02
1.236676e-01
4.904866e-02
6.698463e-02
3.842744e-02
4.795767e-03
4.498643e-02
3.723386e-02
6.387238e-04
2.788830e-01
5.254613e-02
5.728153e-03
8.343202e-04
2.055345e-02
4.101124e-02
6.866870e-02
1.657581e-07
8.460188e-02
4.809886e-01
3.857167e-02
1.729739e-01
2.011694e-01
2.854163e-01
1.403756e-02
1.924927e-03
1.680085e-02
2.286230e-03
4.827019e-02
1.500225e-02
1.286023e-03
5.196587e-02
1.536516e-04
4.795925e-02
1.432713e-08
1.778398e-02
1.115994e-02
1.123258e-02
4.610558e-03
1.691350e-02
1.905429e-02
1.017895e-02
1.642339e-02
4.907150e-01
8.521825e-03
1.809450e-01
9.304276e-03
3.874440e-03
2.004713e-02
6.731443e-02
2.058981e-02
1.317751e-01
5.634590e-02
1.719492e-03
3.802633e-02
1.044834e-01
2.003265e-02
1.682799e-02
4.198324e-02
5.640532e-02
5.672184e-04
3.747553e-04
9.589552e-04
1.988359e-01
1.975223e-03
5.831240e-02
2.591042e-03
1.204970e-02
9.397827e-03
4.638737e-02
7.962337e-02
2.526329e-02
1.447187e-02
4.322393e-02
6.065100e-02
1.275309e-01
1.292099e-02
5.650198e-02
1.695982e-02
2.767272e-01
2.293475e-03
6.864189e-04
1.198768e-01
2.707766e-02
3.863005e-03
3.146315e-03
2.614797e-02
1.277239e-03
8.197916e-02
1.719242e-01
6.597563e-03
9.381332e-02
3.686978e-02
2.856339e-02
1.401840e-02
9.682769e-04
8.288907e-02
