4.334225e-02
3.964137e-02
7.177470e-02
3.955208e-02
3.115082e-02
8.423026e-03
1.609155e-02
8.153270e-04
3.343692e-02
9.585002e-02
3.140019e-02
2.258009e-01
2.400241e-03
2.244338e-02
1.613525e-01
2.610567e-02
5.496012e-02
2.668807e-03
7.072266e-02
3.831835e-02
1.899560e-01
1.579419e-02
2.621445e-02
2.891783e-02
1.130195e-02
1.258347e-02
1.852385e-02
3.449157e-02
2.049920e-05
7.569265e-02
1.521665e-02
9.683352e-03
2.644414e-02
5.857313e-04
8.481911e-02
9.679753e-03
4.949431e-01
1.852873e-03
2.346757e-04
1.450068e-02
6.756346e-02
1.629940e-02
1.666867e-02
2.475056e-03
1.239079e-03
1.728892e-02
6.387118e-03
1.502875e-02
1.261136e-02
1.496106e-03
2.177090e-02
2.109174e-01
1.901599e-03
3.970265e-02
1.189851e-02
7.055089e-02
4.465347e-04
7.094697e-03
4.817112e-03
5.173660e-02
9.413056e-02
1.426743e-02
5.263734e-02
1.173188e-01
3.928306e-02
4.058050e-03
3.798869e-04
4.416616e-05
3.793696e-03
4.709461e-03
2.526934e-03
2.000644e-01
5.106994e-03
2.277079e-03
8.343456e-02
3.118873e-03
3.036310e-03
1.072933e-02
2.617688e-02
1.197421e-01
1.311410e-02
1.438286e-02
8.491174e-02
1.953918e-06
2.151668e-02
1.176134e-02
2.491233e-02
6.450965e-02
1.324690e-01
2.737058e-02
2.936328e-02
7.377565e-03
4.633328e-04
3.483116e-03
5.278142e-03
1.678208e-02
1.012657e-05
4.871911e-03
4.453404e-02
1.125654e-02
2.564043e-02
8.955870e-04
3.398288e-03
9.496441e-03
1.479337e-02
3.693826e-03
3.542164e-03
2.099551e-02
1.226983e-01
2.218329e-03
9.543400e-02
9.842486e-01
5.141052e-03
1.100264e-06
1.578253e-02
1.965214e-03
1.419719e-01
1.422216e-02
4.987114e-02
4.547820e-02
5.205103e-02
1.116618e-02
3.908611e-02
8.044818e-02
3.938984e-02
2.238455e-02
1.235516e-02
1.908711e-04
2.369445e-04
1.215591e-02
8.774122e-02
5.492661e-04
2.111380e-01
5.656803e-02
1.350353e-01
3.152566e-01
1.153568e-01
2.569747e-02
3.205384e-02
1.758371e-02
2.958152e-02
2.037916e-01
1.324234e-02
6.078306e-02
1.491386e-02
7.142634e-02
2.472484e-04
3.715644e-02
1.670766e-02
4.606786e-02
7.354559e-03
2.532900e-02
3.343742e-02
1.518376e-02
1.828261e-03
1.544429e-04
2.392883e-02
7.886458e-05
1.692514e-01
1.362572e-01
1.285503e-01
4.223425e-02
2.566176e-02
1.732241e-02
1.004394e-01
1.644025e-01
2.064056e-02
1.302236e-01
7.474328e-04
1.112454e-01
8.929625e-05
1.672748e-03
4.187037e-02
1.293828e-01
8.699005e-02
5.250182e-03
1.334569e-01
7.368560e-02
2.777806e-04
1.461229e-02
1.276787e-01
2.320279e-02
7.626242e-03
2.855269e-02
2.236371e-02
6.432521e-03
3.462399e-02
2.976840e-02
8.347302e-02
8.401077e-02
8.058106e-03
2.858853e-01
1.043794e-01
3.331465e-02
1.285491e-03
9.512070e-02
9.255704e-03
1.230605e-03
3.362431e-02
1.201657e-03
2.829783e-02
3.643781e-02
1.798773e-02
8.796006e-03
9.731927e-03
3.196339e-02
2.219320e-03
2.130223e-03
3.918031e-02
1.100923e-01
2.602384e-02
3.325129e-03
1.971502e-04
2.445419e-03
1.787961e-02
4.483504e-03
4.316928e-03
1.031023e-01
6.194699e-02
1.980855e-02
2.331685e-01
1.358086e-02
4.812211e-05
6.747881e-05
1.778867e-01
1.737238e-02
1.631748e-04
3.468748e-02
2.945595e-02
3.461340e-04
5.284337e-04
1.938659e-02
2.285444e-02
8.154789e-03
7.592242e-02
1.547074e-01
2.303054e-02
1.293528e-02
3.324912e-02
2.312986e-01
4.694255e-02
1.596960e-01
2.930215e-02
1.205223e-02
2.157748e-03
8.646369e-02
1.384214e-03
2.034200e-02
4.232104e-02
4.073849e-02
4.312124e-02
9.662917e-03
3.444065e-04
7.361505e-03
6.174945e-03
4.183854e-02
2.456433e-02
7.733586e-03
1.055932e-02
1.702897e-02
6.826559e-01
4.056768e-03
1.571620e-03
4.239163e-03
3.628316e-02
1.964487e-03
1.975745e-02
1.229544e-03
1.703359e-01
1.568679e-01
6.000703e-04
3.208876e-01
8.287566e-03
1.154212e-01
1.408930e-02
5.625178e-02
2.511640e-03
1.827935e-01
1.045591e-02
7.841813e-03
1.055942e-01
1.904519e-03
1.180403e-02
9.990670e-02
2.216879e-04
2.076180e-01
1.936979e-02
2.191037e-01
5.607756e-02
1.409812e-04
2.084033e-01
3.062282e-01
1.828548e-02
3.056109e-01
8.195206e-03
2.938439e-05
1.492515e-02
1.742546e-01
2.951772e-04
7.668197e-02
3.742941e-02
1.246338e-03
2.787144e-02
7.582011e-04
1.957864e-01
3.845484e-02
2.361859e-06
1.057649e-01
1.071434e-02
2.245123e-02
1.480457e-02
9.842780e-03
1.346560e-02
3.116720e-03
1.007565e-02
3.210078e-03
7.635160e-03
1.622484e-01
8.213787e-03
4.331616e-01
9.446100e-03
4.101078e-03
5.265976e-02
1.232765e-02
1.500802e-01
3.347820e-05
5.795316e-03
9.463436e-02
9.882396e-02
3.911155e-02
2.170975e-02
1.505229e-01
2.585900e-03
4.755853e-05
1.553629e-02
1.089382e-01
6.081859e-02
1.703895e-01
3.977446e-02
7.432689e-05
2.339674e-02
1.749577e-08
1.353009e-01
5.967971e-04
5.442634e-02
1.684361e-02
2.182607e-01
2.602150e-03
2.040506e-05
4.469445e-02
1.361407e-01
7.217232e-02
5.344409e-02
1.980363e-02
2.314755e-01
8.503777e-03
2.127780e-03
1.352001e-01
2.883981e-02
7.015670e-02
1.821869e-01
9.548789e-02
7.609711e-03
6.748495e-02
8.554275e-02
1.727265e-03
5.104766e-02
6.830628e-03
3.380218e-02
5.378499e-02
3.440891e-02
5.756728e-02
5.307611e-02
1.216914e-02
5.520700e-02
6.600527e-06
4.489574e-02
4.838590e-02
8.937032e-03
5.408396e-05
3.024049e-03
2.272969e-01
2.640748e-01
1.203323e-02
2.681932e-03
4.737427e-04
6.507141e-02
2.750342e-02
2.036167e-01
5.733428e-02
3.377797e-02
1.058698e-03
3.640163e-02
8.842494e-02
4.956017e-02
1.665010e-02
2.406026e-03
3.937305e-04
3.352614e-02
7.788299e-02
6.037536e-03
3.166599e-03
1.021582e-03
8.923966e-05
8.168100e-02
7.785693e-02
1.350894e-01
1.092259e-02
6.085704e-02
9.054472e-03
8.242989e-03
4.476848e-03
8.820654e-03
3.856005e-02
7.882498e-03
9.036561e-02
3.981201e-03
5.973487e-02
5.112394e-03
1.808461e-01
5.204639e-02
1.231728e-02
1.205230e-01
1.992571e-05
6.080939e-02
2.670750e-02
1.168926e-01
3.050001e-02
4.329839e-02
1.939809e-02
1.033741e-01
3.726924e-03
1.430154e-01
5.417077e-03
4.819553e-04
1.584974e-01
6.217140e-05
5.333217e-03
6.022751e-03
8.242864e-02
1.592546e-04
4.657848e-02
6.621800e-02
9.740484e-02
1.797209e-04
8.352366e-04
1.119571e-01
1.141668e-03
6.391426e-02
7.144554e-02
2.279316e-02
5.911296e-03
7.837953e-03
2.754648e-02
1.543712e-04
3.285131e-01
1.948442e-02
7.624635e-02
6.028948e-02
1.511997e-04
7.457900e-02
1.628190e-01
1.769760e-01
1.728179e-01
1.622362e-01
3.578357e-02
4.430560e-04
7.723940e-03
9.281909e-04
5.886447e-07
9.123295e-02
2.466413e-01
4.202835e-02
2.487847e-02
1.081333e-03
1.519237e-02
2.813121e-03
4.411570e-04
9.163336e-03
4.017186e-02
2.767419e-05
7.630364e-02
1.882569e-02
1.811785e-02
2.563698e-02
1.425546e-02
1.574620e-04
5.897435e-04
8.113972e-02
1.459479e-02
2.982578e-03
2.226052e-01
2.951094e-03
1.401461e-02
1.931457e-03
2.407661e-02
9.975444e-04
8.359868e-02
7.363926e-03
3.092909e-04
5.818609e-02
1.901921e-02
2.035793e-02
4.487140e-02
1.009558e-02
8.538390e-02
2.984112e-04
6.590892e-03
1.876008e-03
8.426952e-05
1.453444e-01
3.138313e-03
9.077194e-02
4.657311e-03
6.120438e-02
4.513669e-04
5.858247e-02
8.869208e-02
3.527108e-03
2.886049e-01
3.057654e-02
2.152956e-03
5.098503e-03
2.932486e-04
1.146833e-01
1.422876e-02
5.175472e-02
1.055521e-02
2.064669e-02
1.063089e-02
2.129863e-02
2.262621e-02
1.124337e-03
4.879088e-02
9.077530e-03
1.449529e-02
2.161152e-02
4.861178e-04
7.621771e-02
9.540328e-03
2.570706e-02
9.131181e-02
6.722210e-02
1.100432e-03
2.414724e-02
5.368327e-03
9.393123e-02
4.764348e-02
1.702984e-02
1.319308e-02
7.211720e-02
6.605201e-03
4.030630e-02
6.048016e-02
1.109631e-01
1.897993e-04
1.170677e-02
3.663127e-05
8.014046e-03
8.028175e-02
3.613859e-03
1.431295e-02
1.002628e-02
2.308363e-01
2.511196e-04
1.239222e-02
4.113132e-02
9.074443e-02
7.936262e-03
3.845977e-02
8.365418e-02
5.331614e-02
6.732181e-02
1.888827e-01
7.353692e-02
5.720101e-02
4.315056e-03
1.280277e-02
5.648102e-02
8.624676e-05
2.144798e-03
6.737219e-02
1.005554e-01
8.651862e-02
1.797766e-02
5.949108e-02
2.038384e-02
7.603320e-06
9.314764e-02
1.744809e-01
9.365406e-02
6.468007e-03
6.160969e-02
7.199633e-02
