1.417493e-03
6.324014e-03
8.431096e-02
2.706959e-02
1.403589e-02
4.136009e-03
2.671143e-02
7.657483e-03
6.770042e-03
4.732920e-03
2.778470e-02
1.275930e-03
3.913983e-03
2.650895e-01
9.906827e-04
1.621594e-01
4.871910e-03
1.555405e-01
1.381663e-01
2.386420e-01
1.645487e-03
5.307924e-04
2.863486e-03
1.057004e-03
5.402158e-05
1.387774e-03
9.743178e-02
4.820197e-03
2.128715e-03
1.191515e-02
1.380813e-01
1.485455e-02
7.986509e-02
6.519437e-02
6.566562e-02
9.116178e-05
3.003620e-03
2.012731e-01
8.197538e-07
3.244468e-02
2.129399e-02
1.152611e-02
2.879564e-03
2.437078e-03
2.804440e-02
5.039594e-02
3.559005e-03
1.472842e-02
4.493480e-03
1.006776e-04
8.547399e-03
4.416981e-02
7.431709e-02
4.627006e-02
4.783544e-03
3.265548e-02
1.156047e-02
2.261321e-02
8.449893e-05
5.035329e-02
3.130987e-01
9.288290e-02
5.243746e-02
4.311349e-05
2.887440e-03
4.795544e-03
1.507688e-03
2.599707e-02
1.590469e-02
6.771544e-02
1.040481e-01
6.766808e-02
2.674656e-02
9.138975e-02
3.850936e-03
2.685255e-03
6.729694e-02
1.907003e-01
4.796755e-03
1.323504e-04
2.540300e-02
1.514340e-02
2.195370e-02
2.088708e-01
1.860028e-02
2.577300e-04
3.392288e-02
1.519540e-02
2.173571e-03
1.357263e-03
2.492494e-02
4.571039e-02
1.137232e-01
8.807039e-02
1.188224e-03
2.002926e-01
3.246734e-06
1.061494e-02
2.525806e-01
3.015545e-03
3.252590e-02
7.476779e-05
5.053698e-02
9.563447e-02
2.430302e-01
2.552924e-01
1.970937e-02
1.061877e-01
9.476009e-02
1.597789e-02
3.578309e-02
2.699792e-02
2.580922e-02
1.013771e-01
5.624982e-02
1.906819e-03
2.733887e-02
6.725020e-02
1.170391e-02
4.522660e-02
1.345798e-02
4.346582e-04
2.600044e-02
1.876282e-02
2.024154e-03
8.553028e-03
3.210788e-03
3.613102e-02
1.274180e-02
2.695532e-01
2.204291e-02
4.269967e-03
1.247181e-01
9.397341e-02
1.647277e-02
1.497840e-01
4.889598e-02
1.955757e-02
5.898097e-02
1.408903e-02
7.683992e-02
6.714849e-03
5.103375e-03
2.061383e-03
2.071609e-01
3.165264e-02
1.123056e-01
5.058167e-03
2.474596e-01
3.524463e-02
1.968193e-02
6.196007e-02
2.317056e-03
1.052400e-03
3.413090e-02
3.532758e-02
4.610047e-02
9.822256e-04
3.695309e-03
2.145411e-02
2.016744e-05
1.982280e-01
4.836567e-02
6.347343e-03
5.650378e-02
2.351268e-02
3.002507e-04
4.252384e-03
6.657326e-02
1.104955e-01
2.184417e-01
8.229942e-02
9.932204e-02
1.467902e-01
8.473183e-02
1.274196e-01
7.072169e-03
3.881760e-02
2.035917e-02
6.409097e-03
7.345843e-02
1.687696e-08
7.167948e-03
5.842941e-02
1.101173e-02
1.409873e-03
1.649427e-02
6.572839e-03
1.053860e-01
6.564703e-03
1.257590e-02
8.090600e-02
4.904638e-02
3.933907e-02
1.185355e-02
4.839875e-02
1.128012e-03
2.436557e-01
1.515082e-01
1.690867e-02
9.917295e-03
2.378991e-02
4.551345e-02
5.780388e-05
1.978340e-04
4.081593e-02
2.841193e-03
6.997016e-02
2.049003e-02
9.469809e-03
5.563402e-02
1.375726e-02
2.004741e-02
2.083764e-01
2.902825e-02
1.049841e-01
2.371844e-03
1.346747e-01
6.757283e-02
6.317717e-02
1.157440e-04
6.245684e-06
4.373360e-03
3.043871e-02
2.628477e-02
1.705082e-02
6.599120e-03
5.774423e-03
6.042900e-03
2.114167e-01
1.737803e-02
3.045073e-01
4.268678e-02
1.056646e-02
3.413713e-03
3.452903e-03
2.726399e-04
1.170771e-02
3.463605e-02
1.070844e-01
1.603867e-01
2.277444e-02
2.261025e-03
2.748095e-02
1.879193e-03
1.333338e-02
1.308605e-01
1.233297e-01
9.535525e-05
5.267433e-02
5.808706e-02
2.149535e-02
1.838565e-04
1.932870e-01
4.956805e-03
2.482445e-02
3.891932e-04
2.767123e-03
1.672185e-03
6.708251e-02
1.182377e-03
2.390743e-02
1.370914e-02
3.354159e-02
1.704390e-02
4.959100e-02
1.544954e-01
1.272568e-02
6.854708e-03
1.672527e-01
6.724869e-03
2.957050e-02
1.857179e-01
9.761414e-03
8.314688e-02
1.954761e-02
2.530362e-02
5.516483e-02
1.217132e-01
2.816541e-02
1.384677e-02
5.085335e-03
1.848099e-04
6.102740e-02
1.685300e-01
3.162138e-03
8.237846e-02
2.556836e-02
3.655476e-02
1.892077e-02
1.088475e-02
1.398543e-02
6.059111e-03
4.233416e-01
1.857524e-02
1.049357e-01
8.172181e-02
9.685759e-02
7.339102e-02
6.586350e-03
1.871955e-04
3.399581e-02
7.534949e-03
1.388221e-01
3.110137e-01
6.537119e-02
3.716571e-03
3.176059e-07
4.601642e-03
5.742880e-02
9.750129e-03
1.607727e-01
1.636919e-04
4.261151e-02
1.150434e-02
1.358545e-02
1.289367e-02
1.636291e-02
9.910865e-03
8.936982e-04
1.702332e-02
3.554338e-06
4.004967e-02
2.566136e-03
3.318575e-02
3.243417e-01
7.586785e-03
6.802542e-03
3.631634e-02
1.797359e-02
1.440103e-02
2.266522e-02
1.304588e-01
5.741811e-03
2.966156e-02
7.763544e-04
6.076082e-02
2.181186e-01
4.915569e-02
3.460268e-02
3.256102e-04
7.093211e-02
8.684473e-02
8.005723e-03
2.858635e-02
4.056558e-02
3.109342e-02
1.052622e-02
1.183761e-01
1.178124e-01
3.080384e-02
4.426983e-03
1.810735e-01
8.458362e-02
2.014484e-01
8.083743e-03
4.444682e-04
4.832295e-02
1.285737e-02
1.252961e-02
5.264276e-02
1.033568e-03
3.105338e-02
4.611764e-02
5.203558e-02
9.493773e-05
8.555887e-05
1.206600e-02
1.494755e-01
8.500512e-02
1.910976e-02
5.875545e-02
1.883776e-04
3.706168e-03
1.579444e-02
1.005523e-01
1.474507e-01
2.197665e-02
2.333882e-01
1.134978e-02
3.011300e-02
7.575440e-03
6.418042e-04
2.291470e-01
3.241971e-02
1.274226e-01
5.545691e-04
4.977255e-02
7.902704e-02
3.021702e-03
5.975038e-06
1.531242e-02
8.389416e-02
2.690817e-02
6.081666e-04
3.831926e-02
5.772972e-04
7.190885e-04
1.169385e-03
8.098498e-02
2.441759e-04
1.135734e-02
1.032144e-01
3.331330e-02
4.334447e-03
5.673445e-02
2.253445e-03
2.687560e-02
3.607712e-02
1.668246e-01
1.170667e-02
1.891262e-01
7.007709e-02
1.691773e-04
2.358828e-02
9.487841e-04
1.717099e-03
2.326710e-04
5.151088e-01
8.813718e-03
2.290901e-02
1.807636e-02
1.439843e-01
1.961510e-02
1.535742e-02
1.694350e-01
4.142058e-03
1.778441e-02
2.292803e-02
7.954163e-05
5.719754e-04
2.143615e-02
1.936238e-02
3.290042e-02
1.303080e-01
2.149189e-02
8.130214e-03
8.429680e-04
8.918973e-02
2.226674e-02
3.177045e-02
1.450399e-01
7.822057e-02
1.561112e-01
4.937029e-03
1.425939e-02
2.525575e-03
2.034949e-02
4.758907e-03
1.508946e-02
6.904507e-03
6.319004e-02
4.997956e-02
6.685590e-02
2.080372e-02
1.714509e-01
9.158297e-03
1.549214e-03
7.682114e-03
8.901792e-02
7.468843e-02
5.359350e-04
8.989657e-03
3.991340e-02
1.727979e-02
1.128689e-02
2.495309e-03
8.860428e-03
4.505969e-01
3.701659e-03
1.582304e-02
4.419075e-01
8.468015e-02
9.140731e-02
2.499721e-01
1.441215e-02
3.063859e-02
7.565627e-02
1.981002e-01
7.402075e-02
1.723375e-01
4.213624e-04
2.973211e-02
1.144856e-01
3.110034e-01
3.190380e-01
2.106923e-03
6.605537e-02
6.583809e-03
3.544461e-04
4.619561e-03
7.334529e-02
1.872091e-02
1.832460e-02
9.025289e-03
4.839484e-02
2.990664e-04
1.530915e-02
2.543645e-02
2.396894e-01
1.083129e-01
3.015302e-02
2.974405e-03
1.457480e-02
8.646013e-03
6.701620e-03
2.089199e-04
9.860408e-02
8.140532e-02
2.918213e-02
2.904153e-02
1.204344e-02
1.577059e-02
1.543148e-02
1.866624e-03
4.544582e-04
2.826924e-04
5.607901e-02
1.916306e-02
1.304288e-01
9.220311e-04
1.334491e-04
2.080238e-06
6.746149e-02
4.477630e-04
1.466835e-04
1.888604e-02
2.958482e-02
1.662641e-04
1.273545e-01
2.276561e-02
1.403903e-02
6.138015e-03
4.066846e-02
3.160091e-02
6.699368e-02
4.438319e-02
1.559943e-02
5.030004e-02
1.802874e-03
1.079959e+00
2.078988e-02
1.930458e-01
1.006643e-01
9.582711e-02
6.498440e-04
1.095206e-03
8.031771e-02
2.762507e-03
2.080525e-03
1.086209e-03
1.097547e-01
2.012993e-02
2.241997e-01
1.023663e-02
1.307082e-02
2.630014e-01
3.264554e-02
3.905326e-03
4.321013e-03
5.102793e-02
4.728325e-03
7.498030e-03
2.129663e-02
1.057712e-02
3.951649e-02
1.064470e-01
1.603930e-01
4.421348e-02
2.010067e-01
9.789882e-03
3.461494e-02
2.204913e-03
1.062488e-02
4.173273e-02
6.665681e-02
4.032964e-02
1.289661e-01
1.116603e-01
2.290987e-02
2.762024e-05
1.736759e-02
1.282265e-01
1.330198e-06
6.218234e-02
5.970892e-02
2.062090e-02
5.427756e-02
4.396909e-02
2.404354e-02
5.804420e-02
9.207456e-02
5.131438e-03
1.022728e-01
