4.086325e-01
3.077306e-03
2.338778e-01
1.197476e-04
5.519225e-03
2.272508e-04
1.587920e-02
2.003925e-01
1.041875e-02
1.046902e-02
5.230863e-02
4.038871e-02
7.508732e-03
6.676719e-04
1.866754e-02
5.887982e-02
7.122591e-04
2.633694e-02
3.145458e-02
6.446669e-02
4.349723e-03
9.204901e-02
1.235158e-02
7.492706e-02
1.950789e-05
2.165951e-01
6.615750e-02
7.326972e-03
3.074152e-02
2.858007e-02
2.793907e-02
6.696955e-02
2.780186e-04
5.267225e-02
1.348630e-01
9.892127e-02
2.004908e-03
2.914354e-01
1.242839e-03
3.363007e-02
2.573785e-02
5.517255e-01
1.402824e-01
9.921334e-02
5.401441e-03
6.892728e-04
1.360373e-02
9.490948e-02
5.988849e-04
5.468077e-04
1.501381e-01
1.651302e-04
1.055360e-02
6.331323e-03
2.978695e-03
8.907196e-06
1.014431e-01
3.418814e-02
4.847824e-02
8.377485e-02
5.162768e-04
1.430704e-02
1.068324e-01
1.208255e-03
1.795373e-01
5.013806e-03
4.664352e-03
3.625803e-02
7.270357e-02
3.600005e-04
4.888249e-02
1.930017e-01
6.643656e-04
3.697330e-02
9.096832e-02
2.278409e-01
4.390640e-02
6.218412e-02
1.702252e-03
7.803886e-02
1.612668e-05
1.636537e-02
6.319838e-03
1.255452e-02
5.582010e-03
5.523222e-02
1.655429e-01
9.336000e-02
8.862317e-05
3.526474e-02
6.424996e-02
1.817614e-01
1.252896e-02
2.942272e-04
5.531048e-05
5.690563e-04
1.007424e-02
3.855083e-04
1.467943e-05
9.618310e-02
2.310468e-02
2.648560e-02
3.658471e-03
2.268569e-02
2.948336e-03
9.144726e-02
4.710107e-02
9.634905e-03
1.129471e-01
1.097085e-02
7.337176e-03
5.007029e-01
1.811043e-02
5.793241e-02
2.262147e-02
4.360644e-04
5.169219e-03
9.959117e-02
6.484093e-02
4.715553e-03
3.325606e-03
7.437263e-03
5.281698e-02
1.656952e-02
1.352257e-01
9.519063e-03
6.227355e-02
8.135183e-03
1.450815e-02
4.464847e-02
5.968644e-03
1.781933e-01
1.113592e-01
6.029974e-03
5.423860e-06
1.530718e-02
3.209830e-04
4.994682e-04
1.601205e-02
2.299723e-02
4.101141e-05
2.294996e-02
4.359694e-05
1.282505e-02
1.148025e-01
6.457291e-02
4.929844e-02
1.773271e-02
3.313773e-02
3.461320e-02
2.036820e-02
6.326314e-02
1.155638e-01
1.024882e-05
2.517560e-01
1.880577e-01
1.134056e-03
6.210702e-03
3.018391e-02
4.548610e-02
2.939411e-02
1.951423e-01
6.335139e-02
1.073465e-02
5.421004e-03
7.098949e-01
4.231091e-03
1.102839e-02
5.358585e-03
1.203928e-06
2.738537e-02
1.986234e-01
7.570940e-02
1.015414e-02
1.430432e-01
7.318599e-03
2.142712e-02
5.932591e-03
1.363026e-01
5.127696e-02
1.281707e-02
1.673067e-02
1.411466e-01
1.585837e-02
7.898239e-04
2.891170e-02
3.182265e-02
3.187627e-02
1.076859e-01
1.829457e-02
3.038437e-03
2.793991e-02
9.339326e-03
2.825758e-03
9.932816e-02
1.042147e-02
3.709542e-02
1.722604e-04
8.320748e-02
5.787087e-02
4.068257e-04
5.000157e-03
1.106861e-02
1.187255e-02
2.001452e-01
3.980162e-02
5.693199e-04
1.088297e-01
1.070742e-02
2.727373e-02
4.047809e-02
3.260144e-02
1.412557e-02
2.880944e-02
3.350788e-02
1.698104e-01
1.354313e-02
9.144537e-02
2.413471e-09
9.558571e-03
2.245965e-02
1.434975e-01
1.926838e-07
1.138654e-01
4.036722e-03
1.204392e-01
2.016572e-01
8.942270e-02
1.001025e-02
7.464590e-02
1.364052e-03
5.714996e-03
2.357007e-02
3.909961e-02
2.860176e-02
3.554368e-02
1.456023e-01
1.315573e-03
5.397666e-03
7.348160e-02
7.280652e-02
5.789524e-03
9.504749e-04
7.623521e-02
2.043070e-05
2.821334e-03
2.336001e-01
9.519732e-02
1.082399e-01
2.859928e-01
2.595808e-04
2.700382e-02
7.103458e-02
7.450285e-02
1.799920e-05
2.280926e-03
2.127761e-01
3.104605e-04
6.528804e-04
3.286969e-03
3.409745e-01
2.726402e-02
4.062707e-02
3.387660e-03
6.148816e-03
3.462422e-01
2.325973e-02
1.598421e-02
1.036170e-02
1.006186e-01
5.018658e-03
1.080907e-02
7.395974e-02
4.257596e-02
1.664691e-03
2.313635e-02
1.456463e-02
1.500279e-02
1.818976e-01
1.841879e-02
1.413026e-03
1.594349e-03
4.997885e-01
4.442027e-02
1.625711e-02
3.126142e-04
3.060488e-02
1.088187e-01
2.343961e-02
2.127816e-02
5.562467e-02
3.460319e-03
1.748003e-02
5.676749e-02
1.069279e-03
7.696254e-03
7.685740e-02
3.212328e-02
3.692882e-03
1.202163e-02
1.701711e-01
8.787493e-02
2.034685e-02
2.474181e-02
2.875229e-02
2.083131e-03
3.685946e-04
8.129791e-02
2.913356e-02
9.210378e-02
6.204614e-02
2.538636e-02
8.804345e-02
3.029170e-05
4.500816e-02
1.437788e-02
3.681405e-03
7.223589e-02
8.854499e-02
1.770704e-04
5.336139e-05
2.956834e-02
5.080992e-03
1.418334e-03
1.633974e-01
1.257712e-02
2.972346e-01
4.597740e-02
6.416144e-02
7.082958e-02
1.417344e-02
1.732243e-03
5.581228e-04
1.221977e-01
2.997480e-02
3.966240e-02
1.083155e-01
1.068814e-02
6.673120e-03
1.040801e-01
3.595509e-03
7.253890e-04
5.307638e-02
4.325779e-02
8.910335e-03
1.493685e-02
3.762308e-01
4.224759e-02
4.554330e-04
5.594078e-02
4.219586e-01
1.232295e-02
2.258044e-01
4.245514e-02
9.653628e-03
6.836045e-04
1.341162e-05
8.702392e-02
5.609771e-03
1.199507e-01
1.827049e-02
7.525514e-02
2.476783e-03
2.119875e-04
1.993722e-02
1.257896e-03
1.683704e-01
4.213274e-02
5.191180e-05
2.725501e-02
2.670895e-03
4.447487e-02
2.055511e-03
8.263419e-02
1.453686e-01
1.501115e-01
3.605599e-03
1.069073e-01
6.647251e-02
8.093893e-03
1.347469e-02
2.060438e-01
1.409452e-02
4.327951e-02
3.194042e-02
8.386006e-02
1.019879e-02
5.229086e-03
1.144094e-02
2.975645e-02
6.504897e-02
5.614714e-03
2.276941e-02
1.572592e-01
1.726051e-02
5.622963e-04
8.737062e-02
4.245173e-02
5.714447e-04
1.731924e-01
2.565941e-02
3.370972e-02
2.630243e-03
9.149896e-06
1.735737e-02
1.787884e-03
9.370343e-04
9.179480e-02
4.655242e-03
1.329206e-02
1.996844e-02
4.647913e-02
1.101408e-02
8.960998e-07
1.528958e-02
4.389265e-04
2.593702e-02
9.308528e-03
3.449446e-02
1.933166e-01
4.565846e-07
8.283966e-02
6.705897e-02
1.162108e-03
3.837071e-03
4.204887e-02
3.679854e-02
2.611000e-02
3.909680e-03
1.420978e-01
4.852434e-03
5.140265e-02
4.762550e-03
5.919543e-02
3.977116e-01
1.802455e-06
2.789831e-03
1.037092e-02
4.107627e-04
9.822442e-02
2.833088e-02
9.523335e-02
5.630525e-02
3.846103e-01
1.647845e-02
5.974980e-02
4.070204e-06
5.018489e-02
1.821210e-01
1.758527e-03
1.654043e-03
2.748431e-02
1.844577e-01
2.889922e-02
2.373770e-03
2.375685e-01
1.667458e-02
2.852955e-03
6.976528e-06
4.979223e-05
1.356283e-01
4.332896e-03
7.488836e-02
7.240071e-03
9.509660e-03
2.646046e-04
2.106813e-02
7.806860e-04
1.343204e-02
1.335204e-01
8.309726e-03
1.574877e-01
1.149439e-01
6.471354e-03
1.894879e-01
3.291692e-02
4.275557e-01
1.334455e-02
3.519953e-01
1.548436e-01
5.325040e-05
5.139535e-02
1.784375e-02
2.705383e-03
4.272431e-02
1.249155e-03
7.832790e-02
8.002133e-05
3.510313e-03
3.459211e-02
2.673051e-03
2.724384e-01
1.384718e-02
2.539376e-02
9.182917e-03
2.300420e-04
1.385493e-01
5.318120e-02
4.006129e-02
9.609257e-02
2.135860e-03
1.098272e-01
8.779866e-02
7.257621e-02
2.243617e-02
2.282195e-02
2.948729e-01
8.785731e-02
1.237775e-01
1.269488e-02
5.159206e-03
4.723513e-04
6.268936e-03
5.594704e-03
8.405412e-03
5.491215e-02
1.064755e-04
5.246717e-02
9.626463e-03
1.526890e-02
5.226939e-02
8.280151e-02
1.145033e-02
3.158522e-02
1.324682e-01
8.880243e-04
1.147472e-01
7.954977e-02
2.322032e-03
1.219903e-01
8.760486e-02
3.918465e-03
7.301484e-02
1.403421e-02
7.402607e-02
8.058925e-02
4.495535e-03
1.934156e-02
3.600451e-02
4.370150e-04
3.130355e-02
1.547915e-01
2.813286e-03
6.474689e-03
8.943996e-02
1.211022e-01
3.890336e-02
1.215218e-02
2.558751e-03
5.269518e-04
1.004684e-03
2.213568e-02
5.257693e-03
3.848441e-01
1.362810e-02
8.143817e-02
1.371548e-02
6.246959e-03
5.610123e-03
9.646975e-03
1.949557e-02
2.783920e-02
1.957648e-04
2.493143e-02
4.309489e-03
5.032015e-02
6.500243e-02
1.346902e-03
4.471544e-03
1.623752e-01
1.479047e-02
1.845493e-03
4.271213e-02
3.430131e-01
9.776407e-03
5.894690e-02
1.287198e-01
2.206359e-04
1.402522e-01
1.155972e-01
9.534065e-03
2.664669e-03
7.466628e-03
2.816487e-01
3.551281e-01
9.136007e-02
3.719104e-02
1.023706e-01
1.425133e-02
2.060653e-02
4.645905e-01
4.316063e-02
7.493531e-03
5.837548e-03
