3.850461e-02
1.036525e-01
7.858095e-03
1.141515e-02
5.985016e-02
2.792346e-05
4.836353e-01
5.293587e-02
3.076122e-03
3.243303e-02
6.113661e-02
6.329104e-02
2.321635e-02
7.725911e-02
8.866717e-02
1.026322e-03
5.354118e-03
8.291348e-02
1.147044e-02
8.440333e-04
1.470788e-01
5.793571e-03
1.015482e-04
2.198510e-05
1.629274e-01
1.005134e-01
3.216947e-02
2.246907e-02
2.096671e-02
1.598476e-03
1.379569e-02
7.664449e-02
5.550958e-02
9.771780e-02
6.943519e-02
7.332982e-04
2.857074e-04
3.409765e-02
3.681172e-05
1.182787e-04
4.343859e-03
2.015578e-02
9.485091e-03
1.364496e-01
2.238822e-02
9.476017e-02
3.430868e-02
6.190008e-02
4.663000e-04
1.458796e-03
1.342849e-01
1.522252e-01
7.432353e-03
1.865056e-02
5.082816e-04
1.333921e-01
1.277109e-02
2.473207e-01
1.027053e-01
6.370232e-02
6.116232e-02
4.926679e-04
3.859175e-04
3.124112e-02
1.488245e-02
1.919436e-01
7.728397e-02
5.686608e-03
5.384876e-02
3.603856e-02
9.764534e-02
7.813612e-05
4.077559e-01
7.797969e-03
1.486228e-02
6.710624e-03
3.203675e-03
1.050992e-01
2.871440e-01
4.187407e-02
1.188734e-02
6.733357e-02
9.672772e-02
1.972448e-02
2.699050e-04
8.520027e-03
6.767925e-03
6.190088e-02
6.772284e-02
8.620349e-02
1.946229e-01
3.587945e-03
2.329718e-01
1.708878e-03
2.281281e-02
2.510649e-02
2.331649e-02
4.258114e-02
4.965439e-02
1.193382e-01
3.102886e-02
7.742488e-02
1.880242e-04
1.583969e-02
9.983663e-02
1.891257e-01
4.837512e-03
1.564638e-03
5.002267e-02
1.116367e-01
1.731221e-02
2.044239e-01
1.439422e-02
1.058088e-01
4.956173e-02
3.253249e-02
6.560845e-02
2.265433e-01
9.107005e-03
9.385226e-03
5.974390e-03
5.768204e-02
8.597945e-02
2.617987e-03
3.320582e-02
5.682115e-02
3.631628e-02
1.853002e-02
6.644830e-04
1.021147e-02
3.202663e-02
1.166600e-01
1.206997e-01
2.987284e-02
1.628361e-04
2.929621e-02
1.352590e-01
7.995639e-03
1.482342e-03
5.576751e-04
9.072390e-02
1.935075e-02
8.985685e-03
1.567681e-02
1.013041e-01
3.293021e-03
9.622424e-02
3.949025e-02
1.386571e-01
3.168978e-03
1.622078e-01
1.038006e-01
7.347815e-05
7.953236e-04
7.572109e-02
9.690280e-04
7.494399e-05
9.558628e-02
2.181735e-02
2.136150e+00
2.546925e-04
2.749133e-01
1.209103e-02
1.505017e-03
1.808722e-02
1.424070e-01
1.259548e-02
3.886151e-02
8.373134e-03
3.260419e-02
3.010765e-02
3.806185e-02
1.249998e-02
1.103940e-01
1.109112e-01
4.663563e-02
1.421009e-02
1.390339e-02
3.877550e-02
8.578950e-03
2.079203e-03
2.021405e-02
2.316726e-04
1.912666e-03
4.042063e-02
2.677578e-02
1.627203e-01
2.679327e-02
1.008227e-02
8.838692e-03
4.237291e-02
1.713287e-02
1.383615e-02
2.029193e-02
5.703934e-05
2.398804e-02
7.487393e-04
1.313515e-03
9.791035e-04
2.532100e-02
3.450102e-04
2.299005e-03
1.068637e-01
2.605684e-02
9.761639e-03
5.167773e-03
1.844367e-02
2.121725e-01
2.080215e-01
1.240142e-01
4.477779e-04
8.294945e-03
5.699033e-02
8.105748e-02
4.317800e-03
3.659409e-03
1.766498e-02
1.955928e-02
1.136782e-02
1.903519e-07
2.104099e-03
1.040581e-01
4.526900e-03
1.561844e-02
1.971776e-01
2.037294e-01
1.327240e-01
2.001044e-03
8.664706e-05
1.858348e-02
1.118453e-01
1.531371e-01
6.516412e-02
8.849403e-03
4.161462e-02
1.215219e-02
7.104676e-02
1.052208e-02
2.202173e-01
6.809410e-02
1.563889e-03
6.437607e-02
2.903783e-02
4.655705e-02
5.258141e-03
1.728615e-02
3.830127e-02
1.331029e-01
3.615468e-02
2.612895e-02
1.443773e-01
9.464930e-03
2.044754e-02
1.675891e-03
2.047226e-02
6.676083e-02
1.891242e-01
6.984389e-03
8.189553e-03
1.823325e-02
9.175348e-02
3.680167e-03
1.517345e-02
5.149669e-03
1.368640e-02
3.544891e-01
6.888228e-01
9.550705e-03
1.686397e-01
3.158461e-02
1.937719e-04
9.126556e-05
2.502504e-01
2.184488e-02
7.055512e-02
1.987211e-01
6.674132e-03
2.119721e-04
6.472578e-02
5.390040e-06
2.250790e-02
9.452991e-03
1.768532e-01
5.136027e-03
7.850954e-03
1.415470e-01
1.121142e-04
3.976879e-01
1.388742e-01
9.253766e-03
2.880475e-02
1.592567e-02
6.776647e-03
5.463433e-02
3.308638e-02
2.842762e-04
1.551527e-02
2.116885e-03
1.011676e-02
3.319061e-02
2.809437e-02
1.109206e-01
7.890305e-02
1.026864e-01
3.034091e-02
5.792446e-05
2.834671e-02
1.324456e-01
2.156565e-02
1.970425e-02
1.551695e-01
3.722197e-02
4.423459e-03
1.397519e-01
4.221273e-02
6.890125e-02
2.362920e-02
4.843279e-03
1.507822e-02
1.067908e-02
2.578708e-02
2.488497e-02
6.734902e-03
1.012336e-04
1.449958e-01
7.066579e-02
3.664297e-04
1.729517e-02
1.479538e-02
1.417664e-01
2.831179e-02
2.228947e-02
7.922018e-02
3.390210e-05
2.223275e-05
1.902957e-03
2.691032e-02
6.487203e-03
8.464339e-02
8.978150e-03
5.798497e-02
1.065085e-02
1.262899e-02
3.546689e-02
2.031463e-01
6.429636e-06
5.535083e-02
3.621260e-02
7.144112e-02
3.045127e-02
3.844273e-02
3.470662e-01
3.896351e-02
1.898550e-02
1.959007e-02
1.357147e-04
1.243916e-03
8.875903e-03
1.906353e-01
4.117307e-01
4.218405e-03
3.941703e-03
7.966255e-03
2.130710e-02
8.171926e-02
3.247328e-03
7.894893e-03
1.002051e-02
1.268307e-01
4.394198e-02
3.691709e-02
2.028070e-02
4.921882e-01
1.032395e-03
1.289049e-05
5.933453e-03
3.965671e-02
6.758533e-03
1.936445e-02
1.130538e-01
1.916609e-03
4.572357e-04
2.130513e-01
3.947803e-02
3.988234e-02
5.009847e-02
1.871369e-03
1.470953e-03
5.136587e-03
1.545847e-01
9.868630e-03
1.770317e-01
2.479654e-02
4.116085e-03
1.871975e-01
8.506553e-02
7.545480e-02
5.687557e-03
3.320627e-02
6.268573e-04
1.957328e-01
4.347640e-03
6.352567e-02
1.212956e-02
1.913473e-02
4.056470e-03
9.861612e-02
6.613783e-02
4.183340e-02
4.632963e-02
9.302139e-02
1.766218e-01
1.354358e-02
5.434424e-03
4.340466e-02
8.661284e-02
1.027283e-03
2.366203e-01
4.408097e-05
1.064046e-03
8.780490e-03
6.753966e-02
2.282647e-02
6.388914e-04
2.815846e-02
2.597684e-02
1.263124e-02
1.097823e-01
7.237942e-02
1.875710e-02
1.990105e-02
4.837108e-02
5.015043e-02
8.863088e-02
1.892737e-01
3.048653e-03
6.387346e-02
2.048759e-01
4.630850e-03
9.912537e-03
6.841861e-03
4.231745e-03
1.255894e-01
1.215153e-01
9.065379e-03
1.040379e-04
1.132560e-02
7.256829e-02
8.442630e-03
1.228945e-02
4.352731e-03
1.115727e-02
9.423345e-02
3.334385e-02
1.414522e-02
2.701262e-02
2.430169e-03
9.776716e-02
1.317426e-01
2.402788e-01
1.150479e-02
1.312016e-01
8.323247e-05
1.873351e-01
1.216301e-01
1.233190e-04
1.704022e-02
1.008980e-01
4.469113e-01
9.342386e-03
1.645902e-04
1.779157e-01
5.206248e-04
2.351843e-02
1.215166e-02
5.077290e-05
2.066998e-02
4.055944e-03
2.479684e-03
5.585449e-02
8.144469e-03
1.348024e-04
1.205510e-02
2.821093e-02
4.669327e-02
3.400220e-02
1.870529e-02
5.671863e-04
8.386458e-02
4.151634e-03
2.138009e-01
3.709458e-03
7.513136e-02
1.466148e-02
8.623252e-03
1.755739e-03
3.432343e-02
1.213280e-01
1.127495e-02
2.183216e-01
3.266270e-02
3.299553e-02
5.542824e-02
2.054059e-03
9.355322e-04
7.524910e-05
2.575641e-01
6.944118e-02
3.510331e-02
5.557664e-02
4.613098e-01
3.274920e-03
3.555064e-03
5.506038e-06
1.494574e-03
5.110903e-02
9.928060e-02
1.170661e-01
2.880491e-03
3.889733e-02
3.061801e-02
3.050873e-03
2.349728e-01
3.526880e-02
4.546562e-02
6.678251e-04
4.591160e-02
5.385180e-02
3.599125e-02
2.111889e-01
2.030698e-02
1.153574e-01
6.044132e-03
8.986983e-02
3.844041e-02
8.264285e-05
3.189985e-03
4.199470e-02
6.247227e-03
3.423317e-03
4.825376e-02
3.811633e-03
3.211805e-03
5.803480e-03
1.611819e-02
1.039325e-01
1.556692e-03
1.462046e-04
3.620975e-02
1.863844e-02
2.094633e-02
4.577175e-04
1.167408e-02
2.329217e-02
1.504789e-01
1.072775e-03
5.334342e-03
9.659777e-02
6.584883e-04
5.839086e-02
2.757179e-02
2.834686e-01
8.500135e-03
6.673161e-04
5.640552e-03
1.348903e-02
7.647641e-03
1.086828e-01
1.217184e-02
2.497125e-02
8.626993e-07
8.844983e-03
2.029240e-01
1.481990e-01
7.273547e-02
6.360991e-05
1.097108e-02
5.610999e-02
5.605246e-03
1.383434e-02
2.475749e-01
6.462391e-02
6.545816e-03
4.091284e-02
6.936490e-02
5.602019e-01
1.244810e-02
1.526892e-03
1.051552e-01
3.201192e-03
4.448577e-02
1.655605e-02
5.474751e-02
3.327657e-02
