4.985803e-01
1.518537e-01
1.511862e-02
1.572155e-02
2.533066e-04
9.168767e-04
2.237269e-02
2.065475e-03
4.728997e-02
1.218208e-02
9.289808e-04
4.591337e-03
2.820161e-01
1.165410e-01
3.833820e-05
7.258922e-02
3.005193e-02
6.183579e-04
5.934647e-04
6.262760e-03
6.503451e-03
1.123671e-02
6.596834e-02
3.789845e-02
8.785208e-03
1.331300e-03
2.109180e-03
4.314765e-02
1.608896e-02
8.216691e-03
2.190970e-02
3.224429e-02
2.215990e-03
4.289768e-02
8.557823e-03
6.487106e-02
1.878752e-02
2.722751e-02
1.117688e-02
3.016353e-02
2.864043e-04
1.254618e-03
2.014821e-02
2.090181e-03
2.063626e-01
8.796241e-04
4.233491e-02
4.193748e-03
2.819302e-03
1.555812e-01
2.669819e-02
2.332711e-02
2.310097e-02
6.276573e-03
1.613718e-01
1.658042e-02
5.822956e-02
5.008223e-02
8.097753e-02
1.503432e-02
2.918166e-01
8.638388e-03
3.518881e-02
1.303477e-03
8.231694e-03
3.177417e-01
3.561940e-02
5.847127e-02
1.290669e-03
1.654521e-01
2.511982e-03
1.336038e-01
3.620975e-03
3.097815e-04
5.343469e-04
1.365752e-02
2.584591e-02
2.354368e-01
5.045897e-02
1.230242e-02
3.053874e-02
2.183114e-03
1.845741e-02
4.093564e-03
3.970027e-02
4.347639e-02
9.241137e-03
2.526626e-02
1.380200e-01
1.466145e-04
8.842821e-02
9.684237e-02
4.418744e-02
1.543430e-01
8.721814e-02
7.714751e-03
1.349783e-01
7.641350e-03
7.324697e-02
5.519407e-04
1.646881e-04
1.341013e-02
1.808659e-02
2.741692e-02
9.880320e-03
5.248138e-02
3.034228e-03
4.475547e-03
5.404370e-02
3.633171e-03
1.008523e-04
1.267020e-01
2.702888e-04
6.873013e-02
4.062916e-02
3.417824e-01
3.153007e-02
1.633588e-03
6.784049e-02
5.558106e-02
5.557395e-02
2.055615e-02
4.327607e-02
2.908858e-02
9.805238e-04
2.300729e-02
1.752262e-01
6.889004e-02
3.346472e-01
6.055678e-02
2.283928e-03
1.973050e-04
2.410796e-03
1.785206e-02
6.756573e-03
3.793407e-02
2.096570e-01
1.708815e-03
1.115924e-03
9.241862e-02
6.955748e-02
2.383972e-01
5.742234e-03
4.031887e-02
7.512164e-03
3.148031e-02
3.647128e-02
9.235858e-03
3.416981e-02
5.503191e-03
1.430604e-02
8.917152e-03
1.733162e-02
7.850697e-03
7.756156e-03
3.289668e-01
4.797950e-03
2.206494e-01
1.704761e-03
1.723055e-01
6.195087e-02
4.405818e-03
7.738861e-02
1.455098e-02
5.664468e-03
5.207650e-01
1.121705e-02
4.360910e-03
2.995712e-01
4.397105e-02
2.185518e-01
4.497647e-02
1.538937e-04
1.334402e-01
1.764988e-03
4.465809e-02
1.633937e-02
1.769089e-02
1.038655e-02
5.129251e-03
1.654571e-03
8.129638e-04
4.598390e-02
7.171591e-04
4.570051e-05
3.836042e-03
3.313262e-02
1.871220e-02
5.919609e-03
1.496290e-02
1.912028e-01
1.989837e-03
2.632875e-02
1.282441e-02
1.253518e-01
4.444120e-03
2.145974e-01
1.453573e-01
2.274763e-01
3.858754e-02
2.678523e-02
1.095249e-01
5.178781e-02
6.105455e-02
3.832451e-04
2.084682e-02
6.197771e-04
8.079280e-02
3.470382e-03
1.285527e-06
1.537735e-02
1.024368e-02
6.936835e-04
9.356772e-02
4.671485e-04
2.122392e-02
7.499695e-02
1.598555e-01
5.102564e-02
1.459661e-02
1.491727e-01
1.322539e-01
1.668427e-02
4.927168e-02
3.770701e-03
1.161847e-01
1.101465e-02
2.691797e-04
2.621676e-01
2.364455e-01
3.417078e-02
3.317542e-04
7.390085e-03
2.833634e-01
3.400690e-03
6.785190e-02
2.261228e-02
9.530206e-02
1.800613e-01
2.947365e-04
1.209648e-01
5.165365e-03
1.205669e-01
4.432375e-02
1.507763e-02
1.169844e-01
1.228299e-01
3.931070e-03
1.112887e-02
9.576967e-05
3.447004e-03
5.540737e-02
2.759228e-02
2.506409e-02
3.900307e-02
3.401477e-02
1.465099e-01
1.863000e-03
9.876888e-02
6.965129e-02
5.724765e-01
2.866035e-02
6.340307e-02
7.794056e-03
1.979791e-02
8.777296e-04
2.909790e-02
1.610625e-02
5.691097e-02
3.542625e-02
4.686391e-05
2.778194e-02
3.109883e-03
1.375846e-03
5.193637e-02
1.995244e-02
1.456705e-02
9.992148e-03
6.627871e-03
4.174247e-02
3.035167e-02
2.697190e-03
2.734424e-01
3.036478e-02
2.169124e-04
3.665506e-03
1.314467e-02
7.124599e-03
7.285946e-03
1.156141e-02
8.750696e-04
2.437898e-03
6.370439e-02
3.251139e-02
9.942156e-02
4.539540e-02
3.565807e-03
2.579921e-02
2.383970e-05
8.403108e-05
1.375294e-02
2.819184e-02
1.172291e-01
6.514884e-03
2.530689e-04
1.364256e-04
1.490117e-02
9.656540e-02
6.530626e-02
3.064681e-02
1.816691e-03
2.254631e-02
3.192127e-02
8.228352e-04
1.856494e-02
5.019638e-02
4.614532e-03
1.817920e-01
4.523922e-02
1.098378e-03
1.647708e-02
3.504070e-02
7.200574e-03
2.589604e-02
1.146259e-01
2.043532e-03
1.788077e-01
2.327644e-01
1.667758e-02
5.139075e-03
5.155070e-02
3.428966e-04
6.851050e-03
8.291621e-02
4.741051e-03
6.559084e-03
2.908431e-03
1.261218e-02
3.603869e-02
4.163711e-02
1.376953e-01
5.235961e-03
1.227095e-01
4.144158e-02
3.302046e-02
1.671546e-02
2.841552e-02
1.361060e-02
8.835891e-02
1.476427e-02
1.978304e-02
2.802428e-02
4.677190e-03
2.695698e-02
7.653733e-02
2.195608e-02
3.981588e-02
6.852607e-02
1.256923e-02
6.164312e-02
4.606741e-02
6.286767e-03
8.493775e-04
2.600646e-01
1.452071e-01
3.690871e-02
3.168081e-03
5.293067e-02
3.099746e-03
2.557520e-01
9.403425e-04
1.218941e-01
3.997401e-02
1.402022e-01
3.305096e-03
1.143760e-01
2.229981e-02
2.978546e-03
1.003107e-02
7.489640e-03
2.476112e-02
1.531200e-03
1.245629e-01
9.429859e-05
3.572073e-03
7.100954e-02
1.300135e-02
2.812381e-02
6.738551e-02
3.424349e-02
4.098651e-02
1.485050e-01
1.639597e-02
1.135388e-01
1.396286e-02
3.295158e-04
1.029796e-02
1.505384e-01
4.727666e-04
4.325702e-02
7.576237e-03
6.855557e-03
1.126498e-03
5.491666e-02
6.019279e-03
1.112953e-01
3.174686e-03
5.152592e-04
1.326396e-01
3.528082e-02
5.090229e-03
5.866076e-02
1.616704e-02
5.915148e-02
7.577393e-02
2.376064e-03
6.933034e-03
1.560897e-03
1.043405e-01
2.536346e-02
1.502783e-02
7.556043e-03
2.857418e-02
3.846063e-02
4.094597e-03
1.941595e-03
1.048472e-02
1.792543e-02
2.456822e-03
1.146237e-02
1.609506e-01
2.277210e-01
6.002418e-02
4.303839e-02
8.529913e-02
5.863251e-02
2.478104e-04
3.000547e-02
1.427601e-01
1.095836e-01
2.236757e-02
4.441062e-03
1.243099e-03
7.321232e-02
6.483140e-02
2.553946e-01
8.875167e-02
1.004509e-01
3.716182e-02
1.381210e-01
2.154817e-02
4.234531e-02
4.764209e-03
2.644185e-02
4.419895e-02
3.244507e-01
4.413255e-02
2.828864e-02
1.020198e-01
1.429597e-01
2.694837e-02
3.828194e-02
1.041458e-02
1.694129e-03
8.309503e-03
4.091353e-02
1.700765e-04
1.431729e-02
4.912626e-03
2.691305e-02
2.161539e-02
5.934439e-02
6.958661e-01
8.443220e-03
4.055778e-04
7.126147e-02
2.903430e-02
3.335454e-02
1.609985e-04
2.533013e-02
2.764292e-03
2.387487e-03
3.389678e-02
5.496356e-04
2.559320e-02
2.645615e-04
5.845989e-02
4.383999e-02
4.286927e-04
3.331957e-02
1.163044e-01
1.437964e-01
1.672940e-02
5.727836e-02
6.248961e-03
1.575404e-02
8.309489e-02
1.846278e-01
1.379445e-01
5.486954e-03
4.604183e-03
5.889578e-04
5.359624e-02
7.898728e-04
6.932170e-02
3.181453e-02
5.967538e-03
6.027762e-02
1.190784e-01
9.340535e-03
1.444094e-02
1.462956e-04
2.271486e-01
2.187774e-02
1.325195e-02
6.856344e-02
7.681390e-02
1.950313e-02
1.320651e-04
4.817299e-03
7.014094e-04
8.817640e-02
2.867535e-03
2.257668e-01
1.532406e-01
1.699019e-02
2.883228e-02
1.524205e-04
1.274698e-01
5.467664e-02
1.776430e-01
7.261354e-03
4.813658e-04
1.654582e-01
2.638570e-04
7.033665e-04
3.453620e-03
1.661216e-02
3.640269e-02
7.673442e-02
2.015021e-02
8.536736e-02
9.452939e-02
3.382829e-02
6.946983e-02
1.863294e-04
2.593898e-03
4.665030e-02
9.978541e-03
5.147321e-02
2.244035e-02
6.802083e-02
5.612287e-02
5.577367e-03
4.158846e-02
4.247485e-02
1.386563e-01
3.384654e-02
1.339231e-01
9.596521e-03
1.450015e-01
4.274339e-01
9.370535e-03
1.772678e-02
1.745138e-01
9.735291e-03
7.958574e-02
2.842402e-02
1.796831e-01
4.429448e-03
7.495357e-02
8.473949e-02
1.221376e-02
1.121579e-02
4.906475e-02
1.996662e-01
7.803654e-03
4.121909e-04
1.314274e-02
1.254479e-02
3.216660e-02
1.268965e-03
1.061197e-02
5.598551e-02
5.406229e-03
1.536854e-03
2.512232e-03
7.689566e-02
1.556731e-01
3.630756e-02
1.404249e-02
6.908440e-02
4.739351e-02
2.360116e-02
