1.839277e-03
1.619292e-01
1.092958e-02
2.683784e-03
6.079430e-03
1.525958e-01
7.082660e-03
6.173183e-03
2.686532e-02
9.107724e-03
2.327383e-02
9.042604e-02
1.146015e-02
2.181843e-02
2.196798e-03
2.216692e-02
1.444761e-02
4.562651e-02
5.451446e-02
2.066939e-01
9.135519e-03
1.593082e-02
7.482013e-03
6.529903e-02
9.183314e-03
4.546198e-04
2.112198e-03
1.175613e-02
1.358467e-02
2.249480e-03
2.649328e-02
6.680906e-04
1.960157e-02
1.233724e-02
1.317713e-01
1.665910e-03
4.300169e-03
2.072631e-03
2.120683e-01
7.786293e-02
1.800925e-01
1.481916e-01
1.015169e-03
7.579171e-02
1.268575e-01
4.810917e-02
7.775584e-02
3.920908e-02
2.847613e-02
3.231626e-02
1.490962e-01
3.192950e-02
2.690260e-03
1.443432e-02
6.858668e-02
4.800774e-04
3.587561e-02
2.376621e-02
1.503053e-01
3.755795e-03
5.428478e-02
4.255847e-02
7.122894e-02
5.984482e-01
1.524323e-02
1.142798e-02
2.501550e-01
1.601551e-03
3.968001e-02
5.143234e-02
3.469796e-05
2.405634e-01
4.972264e-01
1.671158e-03
8.642337e-03
3.455381e-02
5.145089e-03
4.866627e-02
5.170871e-02
6.333273e-02
4.037103e-02
5.258494e-03
1.735204e-03
2.029011e-02
3.424689e-02
9.463778e-04
2.231288e-02
1.097360e-04
4.541013e-03
1.198391e-01
1.951525e-02
3.860377e-02
1.308370e-02
1.409735e-03
3.876002e-02
3.571337e-01
1.022323e-04
6.154549e-04
1.243781e-01
9.829340e-03
1.842571e-03
1.287221e-01
3.773401e-01
3.866515e-03
2.601410e-02
3.740443e-04
8.832310e-03
4.201564e-02
3.777432e-02
1.043736e-01
3.499718e-04
3.606344e-01
6.635611e-02
7.909859e-03
5.269564e-04
1.328878e-03
8.776428e-02
1.072244e-02
2.074972e-02
7.489148e-03
3.054401e-03
1.138787e-01
5.102799e-08
7.053858e-02
5.703701e-04
4.183576e-02
5.961154e-02
6.362686e-02
6.174805e-02
2.716621e-01
2.646012e-02
3.298958e-02
2.119289e-01
7.092792e-02
4.470172e-03
2.197081e-02
1.757934e-02
3.760741e-02
1.524750e-01
4.223987e-02
1.615521e-02
6.159099e-03
1.908389e-03
1.999386e-05
5.611064e-03
1.485879e-02
5.510018e-02
1.172927e-02
9.736643e-02
6.451199e-02
1.672202e-04
4.759933e-03
5.480856e-02
3.834016e-02
5.789787e-04
1.649296e-05
1.674903e-02
1.372814e-01
4.801161e-03
2.994257e-01
3.297972e-02
1.318934e-01
8.070805e-02
1.250902e-04
3.240945e-02
1.790513e-01
2.046267e-03
1.982572e-03
4.911914e-02
6.093374e-03
4.673694e-04
7.727727e-02
1.260236e-01
1.968761e-02
1.273077e-01
2.834592e-03
2.596935e-02
8.389046e-02
1.083279e-02
2.433874e-02
1.020925e-02
4.641919e-02
7.143186e-02
2.369256e-01
1.146473e-02
6.997383e-03
2.896449e-03
2.849038e-02
7.822584e-03
9.116347e-03
1.220354e-04
2.084026e-02
1.633421e-01
2.808726e-02
4.534025e-03
4.374240e-02
1.180667e-02
1.496210e-01
2.276048e-01
1.956322e-03
2.382196e-02
3.126451e-02
9.611499e-02
2.424651e-02
5.202592e-02
7.625486e-02
8.742167e-03
8.808327e-03
1.145061e-02
1.487057e-02
7.439747e-01
1.864522e-01
3.406522e-03
3.507623e-03
5.723284e-03
1.564177e-01
8.094138e-04
9.952223e-03
6.462568e-04
1.399578e-03
3.011387e-02
4.416153e-04
3.215976e-03
1.224591e-02
2.169610e-03
6.974655e-02
1.728175e-02
6.779965e-02
2.713987e-04
3.859329e-03
2.735776e-02
9.001457e-02
4.914583e-02
3.091651e-01
8.636815e-04
3.523807e-03
1.927206e-02
5.997022e-05
1.441710e-06
7.111166e-03
2.347462e-01
3.698532e-03
1.511107e-02
3.080484e-02
9.076453e-03
1.597432e-03
5.768155e-03
1.206638e-01
6.814476e-02
3.726048e-02
1.632637e-02
7.184261e-02
6.790126e-04
3.644105e-02
2.859487e-03
1.758818e-02
3.070622e-03
1.176357e-02
2.239130e-02
6.538435e-01
1.896051e-02
4.885233e-02
2.973431e-01
9.473365e-02
6.933855e-02
6.071083e-03
7.943149e-02
6.527250e-04
1.557741e-01
4.022392e-05
3.055820e-04
6.657576e-03
1.031647e-02
8.716311e-05
3.480212e-02
2.529505e-02
2.660126e-01
2.953511e-02
1.091315e-01
1.158877e-01
4.696195e-04
4.275662e-05
4.370820e-03
1.778054e-02
8.587102e-03
9.371822e-02
6.107248e-03
9.069293e-03
1.792264e-03
6.387743e-02
5.073976e-02
6.351838e-02
1.488775e-01
1.404400e-02
2.423170e-01
1.957467e-03
1.319832e-03
2.197798e-02
1.824144e-02
3.606215e-02
6.666090e-02
4.342718e-02
5.223639e-03
6.890536e-03
1.551192e-02
3.863553e-02
2.261499e-02
1.549147e-02
8.086857e-02
1.106883e-01
3.159042e-05
2.728517e-02
1.497390e-03
5.420007e-02
2.274145e-03
9.301170e-03
1.304513e-03
1.380442e-01
1.760724e-02
1.773666e-05
8.691372e-03
4.119568e-02
3.366234e-02
2.087303e-02
8.478803e-03
6.257314e-06
1.529733e-07
1.214038e-01
2.045333e-01
1.673198e-02
6.175061e-02
1.131543e-02
4.152894e-01
1.584490e-03
6.328709e-03
5.213756e-02
2.306379e-02
1.068597e-03
7.351009e-02
5.257599e-02
3.072348e-02
7.631011e-02
1.486928e-03
1.585084e-01
1.845396e-03
3.175501e-01
4.725836e-02
4.303779e-05
1.465045e-01
2.117960e-02
6.943185e-05
2.601777e-02
2.273588e-02
6.176948e-04
5.473283e-02
1.986519e-02
5.488334e-07
1.838496e-01
1.522557e-03
2.591268e-02
1.766056e-01
1.770858e-04
3.407501e-02
3.392921e-01
1.575823e-02
4.689032e-02
3.069821e-02
1.844984e-02
1.285445e-02
1.191518e-03
4.365327e-02
1.344470e-01
4.137692e-02
4.588835e-03
3.765053e-02
6.667911e-02
4.526298e-05
2.058817e-03
5.607588e-03
5.429835e-02
2.582332e-02
1.206770e-04
2.193280e-03
5.680754e-02
1.526849e-01
1.067785e-02
1.337691e-01
1.511652e-01
1.357781e-02
7.440722e-02
3.975825e-02
6.544854e-02
1.544836e-02
3.489182e-07
6.996360e-02
3.284102e-02
4.229609e-02
1.605894e-01
4.996623e-03
8.649116e-06
3.630726e-01
1.463341e-02
1.327430e-03
8.907295e-03
1.241809e-01
1.321885e-02
3.337224e-02
6.207363e-02
1.582616e-03
8.874446e-04
4.717919e-04
3.003320e-02
5.520950e-02
1.165797e-01
5.039351e-03
1.836505e-02
7.738821e-03
1.094592e-01
1.762920e-01
7.932238e-02
1.064351e-01
1.854393e-01
1.028432e-04
5.729128e-04
2.082363e-03
2.754868e-03
2.898547e-02
1.464858e-03
2.151289e-02
8.331563e-03
2.717638e-02
7.540116e-03
1.714621e-02
1.074357e-02
7.588461e-02
4.475012e-02
5.589898e-04
1.528540e-02
3.422605e-03
3.332668e-02
4.769050e-02
4.554322e-02
1.053967e-02
2.580334e-02
6.432996e-02
4.677151e-02
5.922720e-04
1.487166e-01
5.631863e-03
1.723135e-01
4.409620e-02
6.184769e-04
2.370352e-02
5.271579e-02
2.114065e-02
1.291981e-03
4.573527e-03
1.918781e-02
1.234760e-02
1.582298e-02
1.125986e-01
4.476298e-02
1.865798e-03
2.915183e-02
2.325350e-01
2.419749e-01
4.347602e-03
4.034195e-02
1.936127e-01
7.256405e-02
1.637837e-04
7.532318e-01
9.315137e-02
1.383273e-02
2.284558e-01
1.090166e-03
3.840586e-02
4.110035e-04
1.704076e-02
1.282287e-01
4.560366e-02
2.642295e-01
4.611188e-03
2.274604e-04
5.567239e-04
6.987603e-03
6.544868e-03
1.478547e-02
3.110433e-02
1.856975e-02
2.534858e-03
7.188374e-04
1.118712e-04
4.095554e-02
9.096580e-02
2.570197e-02
1.481040e-03
6.196836e-02
4.566270e-02
1.278904e-01
8.214576e-03
2.764439e-03
3.639272e-02
2.735508e-03
9.997278e-02
8.799832e-02
3.638198e-01
4.308003e-02
1.474697e-03
4.575705e-04
3.343695e-01
2.456579e-02
1.007254e-02
1.249618e-02
7.425945e-02
5.019808e-02
1.260130e-02
6.506786e-02
4.413997e-02
1.367617e-03
1.746465e-01
1.545817e-03
8.264314e-02
9.156529e-02
3.503664e-02
7.625698e-02
3.890274e-02
1.079905e-02
3.831401e-02
5.701467e-02
1.511916e-03
8.606760e-05
9.562116e-02
2.101995e-03
2.531880e-02
1.636354e-02
3.567072e-02
4.683023e-02
4.248709e-05
1.737773e-01
1.782443e-01
3.026750e-02
3.276311e-02
2.446408e-02
3.993825e-02
6.418189e-02
7.760459e-03
6.563458e-02
1.214280e-01
1.736633e-02
9.354665e-02
1.928768e-01
8.083066e-02
2.664740e-04
1.052918e-01
9.015504e-04
7.093363e-02
3.868660e-02
4.125742e-02
1.572521e-02
3.265834e-03
9.246761e-03
1.423221e-02
8.456968e-03
3.733404e-03
2.907739e-02
7.408074e-06
7.876096e-03
3.808073e-03
1.227637e-02
1.782239e-01
1.217583e-01
2.238716e-01
4.997266e-03
4.484123e-04
3.241691e-02
3.808223e-03
3.468951e-02
4.340177e-02
1.311633e-02
4.039170e-02
5.003364e-02
1.466342e-01
2.393402e-01
2.941235e-02
3.063583e-02
4.988826e-02
2.936169e-03
6.996036e-02
2.407386e-04
2.350107e-02
8.156721e-03
4.205061e-03
3.033251e-01
