2.395945e-02
6.138357e-02
5.364167e-02
1.821693e-01
6.446990e-02
1.302334e-02
1.563629e-02
1.006093e-02
2.019309e-03
9.087984e-03
3.199398e-02
2.225607e-02
1.472460e-01
1.853284e-01
1.062158e-02
7.770081e-03
1.639918e-02
1.181622e-02
8.152187e-02
2.888744e-01
1.431849e-01
5.151896e-07
1.463375e-04
1.743885e-02
3.370494e-03
1.392558e-01
1.610873e-02
1.174542e-02
2.001923e-01
3.408173e-02
2.246010e-02
1.067509e-01
2.710430e-03
2.889793e-03
1.147139e-02
1.974088e-01
2.384280e-05
2.819741e-02
7.120267e-02
1.906879e-04
6.770083e-03
3.459439e-02
8.331381e-02
3.013561e-02
6.446889e-02
2.474405e-03
7.983205e-02
3.933085e-03
1.107891e-02
8.212362e-02
6.816149e-02
3.182774e-02
3.280048e-02
7.089186e-02
1.239178e-02
2.428479e-02
1.846951e-01
9.877718e-03
2.967261e-02
2.593487e-02
1.450702e-02
1.118644e-04
6.464360e-02
9.134327e-04
8.000884e-04
1.605697e-02
2.770078e-04
2.483948e-03
2.215657e-02
2.930617e-03
1.163663e-02
1.560374e-02
8.065655e-02
3.530506e-02
2.509296e-02
7.013780e-01
3.665144e-03
1.354766e-01
5.008571e-03
2.852865e-02
2.622116e-02
6.227732e-03
5.555404e-02
3.235110e-02
2.095831e-04
1.971071e-02
1.981337e-04
1.036543e-02
6.428614e-03
1.543769e-03
3.077081e-03
6.432787e-02
3.628413e-03
2.815167e-02
5.078733e-04
1.699068e-01
4.129889e-04
3.082572e-02
2.971570e-01
1.685715e-03
3.991238e-02
2.153584e-02
6.973644e-02
5.988002e-03
1.876871e-03
1.546728e-01
7.238817e-04
1.462265e-04
1.105641e-01
3.028780e-01
2.785978e-03
9.498924e-02
1.774312e-03
3.281619e-05
1.478190e-02
1.683615e-02
1.467420e-02
6.257680e-04
1.510339e-02
1.832677e-03
1.512179e-03
6.520885e-03
1.568018e-03
1.499126e-02
4.094017e-05
2.360202e-02
1.121390e-01
2.908682e-01
5.006508e-02
1.537992e-02
8.656867e-03
8.667567e-02
4.520387e-03
5.391041e-03
2.225592e-06
4.939972e-02
1.445784e-01
1.361222e-03
5.720444e-02
5.247759e-02
3.677742e-03
2.445031e-03
1.824345e-03
8.422821e-02
1.280317e-01
3.260720e-03
2.526909e-03
1.975690e-03
5.118195e-02
1.296954e-01
3.821211e-03
1.644362e-01
3.571034e-04
2.699617e-02
2.758222e-02
1.530259e-02
1.420643e-03
7.713765e-02
9.040986e-03
2.988141e-01
5.302966e-02
2.640571e-02
1.669330e-02
2.335925e-02
1.552565e-02
2.287874e-04
4.255641e-02
1.433521e-01
8.376211e-02
4.819599e-02
1.282655e-01
1.041765e-05
7.912405e-02
6.687419e-02
4.423091e-02
1.440289e-02
2.809335e-02
8.711605e-04
2.869539e-02
3.110484e-02
6.026581e-07
1.625995e-01
1.066770e-01
6.072119e-02
1.539019e-02
1.941034e-01
1.200764e-01
1.581438e-02
2.383625e-02
1.897021e-02
4.805836e-02
8.748479e-03
1.900430e-01
3.796763e-02
6.755764e-04
1.649584e-02
6.911667e-02
8.382892e-02
5.558622e-03
2.159298e-01
5.531605e-02
1.064489e-04
1.529942e-02
1.367230e-04
5.592246e-02
1.502431e-01
1.529534e-03
2.985799e-02
1.894421e-02
1.948121e-04
4.800142e-02
1.916034e-01
3.069714e-02
8.544969e-03
8.329227e-03
1.269534e-02
8.853289e-02
3.603541e-03
1.142640e-01
1.744182e-03
2.104500e-04
1.357842e-02
2.114459e-04
1.508181e-02
2.189146e-01
6.430590e-02
7.188439e-03
9.881296e-03
7.318882e-02
6.926886e-02
9.057992e-02
7.430300e-02
3.405714e-01
1.443325e-02
7.162672e-05
1.646514e-01
2.334992e-02
3.685091e-04
2.470063e-01
2.820605e-02
2.560091e-03
3.589597e-02
8.538244e-02
7.002556e-02
2.084675e-02
5.946955e-03
1.368564e-01
5.289816e-04
1.744193e-04
1.938131e-01
7.310535e-02
6.263179e-02
8.178912e-03
1.263119e-01
3.112694e-04
4.401380e-02
1.105140e-02
3.700076e-03
2.415670e-02
2.822320e-01
2.150585e-02
4.120067e-03
2.831800e-02
3.168947e-04
9.881071e-03
5.488844e-02
6.789015e-02
1.375935e-01
2.752369e-01
2.460003e-03
4.887832e-02
7.282315e-02
3.533130e-02
7.932638e-02
4.983589e-02
2.079627e-01
5.146431e-03
1.383208e-01
4.469600e-03
3.319569e-02
3.696196e-02
4.553227e-02
1.483681e-02
3.147622e-03
4.690796e-02
6.808775e-03
5.046210e-02
2.264908e-02
1.909309e-02
1.350329e-02
1.933643e-03
9.545318e-04
1.390487e-01
1.331592e-01
4.497956e-01
6.407690e-02
2.096575e-01
1.252525e-02
2.481528e-04
6.006284e-02
6.710763e-02
1.252859e-01
1.004883e-02
2.510815e-03
7.705635e-05
7.692682e-02
1.380889e-01
3.810811e-04
3.405184e-02
6.145814e-02
1.564822e-01
4.614373e-05
2.509530e-02
2.322415e-02
9.283700e-08
4.455005e-02
3.518179e-03
1.452501e-02
2.159238e-02
3.444636e-02
1.430953e-02
2.251449e-02
4.231068e-02
1.162930e-03
7.497630e-02
3.521274e-04
4.272900e-02
2.943166e-04
2.839019e-01
6.528792e-02
5.907079e-02
1.057172e-03
7.995561e-02
1.923021e-02
5.241166e-03
9.640448e-04
9.318564e-02
2.749777e-02
3.924575e-03
4.174926e-02
1.000340e-01
8.967424e-02
1.060416e-02
3.420685e-03
1.050262e-03
9.195210e-04
2.002006e-01
4.378734e-03
9.667739e-02
2.368959e-02
5.084989e-05
2.898869e-03
2.609105e-02
1.757402e-02
4.583624e-02
2.858010e-03
1.253401e-01
1.292716e-07
3.196877e-02
2.727036e-02
5.982048e-03
6.998690e-03
1.044503e-03
9.280720e-02
1.756507e-03
1.177955e-02
2.223742e-01
5.641683e-04
8.698729e-03
2.405865e-03
3.759658e-04
7.074348e-02
6.645176e-02
1.562914e-02
9.346839e-02
5.768129e-02
1.017247e-02
1.033636e-01
2.352817e-02
4.803341e-02
5.324291e-05
6.759338e-04
1.434904e-03
3.201529e-03
1.757732e-02
5.074533e-03
1.698227e-04
5.307638e-02
2.219906e-03
1.374107e-02
6.436917e-03
8.522579e-02
2.212784e-03
3.863676e-03
1.299149e-01
1.548738e-03
2.817479e-03
2.182474e-01
2.646029e-02
1.838643e-02
4.523562e-02
5.446538e-03
4.096836e-02
9.433993e-02
9.834727e-02
1.470719e-01
4.199654e-02
1.612509e-03
7.020964e-02
9.750775e-04
2.298723e-03
9.022662e-04
3.148542e-02
6.637625e-02
1.144248e-02
4.884516e-02
1.426667e-03
3.123627e-02
2.179752e-03
1.126862e-01
2.550515e-02
5.640079e-03
4.319403e-04
1.155707e-02
1.290081e-01
1.720268e-03
6.588969e-02
1.824235e-01
1.788952e-01
8.059077e-02
4.071527e-02
9.266964e-02
1.140675e-02
1.983143e-02
1.125916e-02
1.066221e-02
3.247798e-02
7.316730e-03
3.826362e-03
1.810416e-04
4.911520e-02
2.036462e-02
3.853998e-03
2.287534e-02
1.281134e-02
5.899299e-03
6.310112e-02
2.310929e-02
2.559708e-02
1.757390e-04
2.615441e-02
7.458330e-03
1.462208e-04
1.190821e-02
1.249867e-03
2.064187e-02
7.017576e-03
6.869202e-03
3.028439e-01
4.515582e-02
7.826119e-03
1.430624e-02
8.819402e-03
9.426651e-02
2.430977e-02
7.453611e-02
4.586888e-02
8.473832e-04
4.846758e-02
1.910661e-01
7.038266e-02
5.906972e-03
6.151356e-03
1.420134e-02
6.179099e-02
6.475510e-02
1.285854e-02
1.451608e-02
1.130999e-07
3.407410e-07
9.647839e-03
1.013296e-01
1.285001e-01
1.941980e-02
3.802199e-02
4.074755e-02
5.117155e-02
3.816346e-01
3.431956e-02
5.499962e-03
1.931308e-02
1.342014e-03
8.458055e-04
1.733619e-01
6.132672e-03
3.036972e-02
2.986026e-02
1.260557e-02
3.049597e-02
5.927821e-03
2.237277e-02
4.434455e-02
3.503871e-01
3.264988e-01
1.468554e-02
2.287727e-04
1.788101e-01
2.861021e-01
9.632519e-04
4.662917e-02
3.668230e-05
2.958719e-03
8.557803e-02
5.888813e-04
3.713455e-05
1.031351e-03
8.091042e-03
1.262832e-02
1.760227e-03
4.389895e-02
6.197610e-05
8.158690e-02
2.767833e-02
3.996602e-02
2.263409e-04
5.040825e-03
5.441537e-02
4.915493e-04
5.059700e-03
4.336212e-02
2.969196e-01
2.402902e-02
1.353938e-01
1.946566e-02
2.458761e-02
3.623196e-02
1.249141e-01
2.685601e-02
1.933879e-01
3.117645e-02
7.099510e-02
2.356601e-02
1.500530e-02
1.278745e-01
1.139572e-01
1.049623e-01
3.544777e-02
4.002277e-03
2.659907e-02
2.294194e-02
2.136342e-02
1.183065e-04
8.941266e-03
1.380547e-03
4.436829e-01
2.948184e-02
2.267641e-01
3.831009e-02
1.174192e-01
2.650262e-01
3.008384e-01
1.259872e-02
3.028020e-03
3.199435e-02
2.702279e-02
4.752711e-02
1.695882e-02
1.116121e-02
1.124925e-02
6.005631e-03
1.974793e-01
1.416955e-01
1.955103e-02
6.309521e-02
4.558080e-02
1.198163e-02
4.891045e-03
2.692676e-01
1.242379e-01
8.303495e-02
1.573115e-01
6.811482e-05
1.222752e-01
8.244054e-03
1.958139e-03
5.641547e-02
5.821152e-03
3.629445e-02
3.521442e-02
1.874455e-01
2.290845e-01
1.291835e-01
9.722826e-03
7.061291e-03
