7.894454e-03
1.284756e-02
4.336689e-02
9.243335e-03
6.728353e-03
4.215098e-02
1.885041e-02
4.658118e-02
1.520424e-02
2.946560e-02
4.216424e-02
5.128992e-03
6.928776e-03
1.233170e-01
2.800710e-03
2.917280e-01
2.401992e-02
2.774196e-02
6.308498e-02
6.136803e-02
1.319620e-02
1.836416e-03
3.955436e-04
1.317898e-01
7.119967e-02
5.177621e-03
4.114065e-02
1.044989e-02
3.596235e-04
1.235953e-02
1.483144e-02
9.720251e-04
3.875316e-05
2.938494e-02
1.120633e-01
7.891099e-02
2.345731e-03
7.306575e-03
1.353662e-01
8.807139e-05
2.639805e-02
4.072309e-02
1.553695e-01
1.383845e-01
1.480880e-04
1.831403e-02
7.392689e-04
3.308330e-03
2.321115e-02
5.945471e-02
1.119524e-01
5.237637e-02
1.157743e-01
5.477960e-04
1.439921e-02
1.814296e-03
4.415777e-02
2.009451e-02
2.768567e-02
9.101170e-03
5.030881e-02
3.852657e-01
6.294125e-02
1.088249e-02
4.769796e-02
1.024451e-02
1.366229e-01
1.745671e-05
7.740030e-03
1.929391e-01
2.215982e-04
8.750418e-03
3.114879e-04
4.166777e-03
4.459394e-03
1.733515e-01
1.930069e-02
5.713901e-04
2.005369e-03
4.082145e-03
7.182845e-02
4.822395e-06
6.174616e-02
7.116241e-03
8.493355e-02
8.867269e-03
1.070675e-01
7.504092e-02
9.778316e-02
7.583610e-02
3.274641e-03
1.768424e-04
5.454853e-06
1.133423e-03
6.411385e-04
3.965921e-02
1.304079e-02
3.775535e-02
7.747508e-05
6.036285e-03
4.243146e-02
9.862585e-05
3.871065e-02
6.481031e-02
2.046985e-02
5.769238e-03
2.381700e-02
1.249200e-01
1.440629e-01
1.447364e-02
1.900960e-02
2.309797e-01
1.210945e-02
1.524613e-01
1.926466e-03
2.407115e-05
1.259218e-02
3.123800e-03
3.992333e-01
3.509046e-02
4.020817e-02
9.227613e-03
9.088404e-04
1.094997e-01
9.822553e-03
2.196810e-02
6.023329e-02
2.446369e-02
2.530510e-02
1.723883e-02
6.143291e-03
1.253015e-02
7.410632e-02
5.324385e-04
2.994715e-01
3.724359e-03
3.507101e-02
1.599323e-02
2.698383e-02
1.832681e-03
4.983319e-02
6.452388e-04
4.770388e-03
7.411785e-03
9.409975e-02
8.423504e-02
5.774470e-05
3.564882e-02
4.962213e-03
8.276706e-02
1.903701e-02
1.072957e-03
2.725532e-04
1.085331e-01
1.544380e-02
1.327956e-02
7.553751e-03
1.260569e-02
7.631177e-02
5.177340e-01
4.875335e-02
1.711764e-01
1.726049e-02
4.634841e-02
6.723831e-05
9.401284e-03
8.037680e-03
8.779969e-04
1.228757e-02
4.947096e-02
8.506582e-04
1.068002e-01
1.914145e-02
4.034451e-02
1.504318e-01
1.107099e-01
4.480723e-02
2.563152e-05
2.245819e-04
6.641999e-03
1.129275e-02
2.406352e-03
5.368941e-02
1.633526e-02
1.750428e-01
7.084656e-02
9.578056e-07
3.449766e-03
8.083830e-02
2.566627e-02
6.891045e-02
9.369830e-03
8.285881e-02
5.158472e-02
1.157139e-04
9.748907e-02
4.193534e-02
4.535798e-02
9.325686e-02
2.797980e-02
7.915398e-02
6.218954e-02
6.531571e-02
1.379929e-02
1.539573e-03
2.969190e-03
4.419720e-04
9.541183e-03
1.107488e-02
2.602127e-02
1.045144e-01
4.960196e-02
2.968591e-02
7.291763e-02
1.839490e-02
1.888110e-02
5.112864e-03
6.219264e-03
1.044126e-02
1.564315e-02
3.586586e-03
4.050841e-02
1.586828e-01
2.039409e-01
1.508067e-02
1.823510e-02
2.949712e-02
6.273523e-03
1.708748e-02
1.279086e-03
1.079076e-02
5.539480e-04
1.054497e-01
8.513060e-02
1.594874e-02
1.245322e-04
5.014698e-04
6.241279e-04
2.254842e-02
4.718598e-02
5.128974e-02
2.283282e-01
1.156624e-01
2.335761e-02
2.954054e-03
6.191810e-02
4.072445e-02
4.099880e-02
4.615252e-02
5.520271e-02
1.964294e-02
1.077314e-03
2.734866e-02
3.885278e-04
1.917391e-03
3.177834e-01
1.223819e-03
6.357720e-02
1.514586e-02
3.647429e-02
4.590675e-02
2.252783e-02
4.753310e-02
2.954602e-02
1.891987e-02
6.107079e-02
2.386110e-01
6.838898e-02
1.896175e-02
1.329045e-02
4.737552e-03
1.127317e-01
1.188836e-01
1.171088e-02
1.750211e-01
1.583498e-01
1.151391e-02
8.517476e-03
8.642223e-02
8.140900e-02
5.973795e-03
1.279144e-04
3.577066e-01
1.977370e-01
1.709368e-02
2.074888e-02
2.287974e-02
6.832619e-02
1.300898e-03
2.800201e-06
7.479715e-02
2.303455e-02
1.968562e-02
1.385019e-01
1.121445e-01
1.525214e-04
2.679740e-01
6.977730e-02
4.551964e-02
2.013039e-04
7.252177e-02
1.253892e-01
3.028038e-02
7.956066e-02
1.800629e-01
2.163731e-03
5.587325e-02
2.950678e-05
2.792231e-02
1.651513e-01
6.631741e-03
9.618027e-03
6.407027e-03
4.482983e-04
2.359142e-02
3.628443e-03
6.173562e-02
2.154585e-03
3.026539e-03
1.257001e-01
2.063989e-03
2.672896e-02
1.418049e-01
4.800796e-02
5.773825e-02
1.963106e-02
2.010643e-01
1.311831e-01
2.815930e-04
6.683593e-03
9.861337e-03
8.659700e-02
1.433945e-01
3.073409e-03
1.694010e-02
4.065434e-02
1.934774e-04
7.314586e-03
1.215799e-02
6.961326e-02
8.435973e-02
5.413693e-02
6.768442e-02
9.649630e-02
1.768517e-01
9.773141e-03
1.111539e-02
1.057626e-01
2.682474e-01
8.499696e-02
4.929831e-02
1.055910e-01
1.796071e-01
1.589580e-02
1.355948e-02
7.921629e-05
1.891752e-02
3.130899e-02
3.638597e-04
7.694150e-03
1.801410e-01
8.011961e-02
1.415298e-04
8.563345e-03
1.539106e-04
8.472436e-04
9.493598e-02
1.326658e-02
4.145122e-02
1.398918e-01
1.544694e-03
5.022810e-05
8.163882e-02
9.380356e-03
4.636103e-03
2.830496e-04
1.224842e-01
3.472528e-02
4.308105e-02
1.007426e-01
5.032955e-03
7.428364e-03
1.212072e-03
1.314898e-02
2.813191e-02
5.333648e-02
4.518695e-03
6.134869e-02
9.321004e-02
6.502358e-02
7.026372e-02
1.002618e-02
2.405349e-02
6.263441e-03
9.089950e-02
8.436481e-03
2.123283e-01
8.465078e-03
1.524600e-01
3.622760e-01
4.410327e-02
5.040159e-04
1.829997e-01
1.084950e-01
3.654675e-02
8.020460e-03
2.346080e-03
9.748480e-02
3.488966e-03
4.954339e-02
1.279956e-01
1.422738e-01
5.309629e-02
1.128303e-03
3.094976e-02
5.159604e-03
3.261610e-02
3.075726e-02
5.166656e-02
2.065023e-03
1.096521e-01
2.089040e-02
1.109143e-03
9.525691e-06
8.682089e-03
4.273134e-04
7.059583e-02
2.672876e-01
2.093434e-01
1.250379e-04
1.345941e-02
2.175694e-01
9.918359e-02
1.197669e-01
4.325858e-04
1.116622e-01
5.097907e-03
1.353240e-02
1.579997e-02
3.889362e-03
1.020877e-02
5.827763e-03
1.222688e-02
1.813878e-01
8.560887e-02
8.477051e-04
6.244523e-04
2.489137e-05
9.571298e-03
3.417920e-02
1.847195e-02
2.460104e-02
6.304997e-03
5.010175e-02
5.654980e-03
1.033418e-01
2.361952e-02
1.622426e-01
1.858133e-02
1.657492e-02
1.071744e-02
5.475618e-02
2.285681e-03
1.750520e-01
5.143612e-02
1.092798e-02
4.095417e-08
3.732721e-03
8.683881e-03
4.940400e-03
3.822077e-02
5.532171e-01
1.667152e-01
5.814421e-02
2.784918e-02
4.081843e-03
6.537465e-04
1.973693e-02
6.815409e-02
1.100382e-01
8.463712e-03
2.821033e-02
3.282322e-03
3.477434e-02
3.416341e-02
7.528297e-04
6.588864e-02
3.346165e-02
3.653840e-03
2.150940e-03
1.236145e-02
4.733091e-02
1.307554e-03
5.766062e-02
5.104717e-03
2.654139e-02
1.047378e-01
5.789787e-02
8.244168e-03
2.450502e-06
2.963267e-02
2.388285e-03
6.434049e-05
3.377185e-03
9.652703e-04
2.920209e-01
3.696860e-01
1.181564e+00
1.332906e-04
2.899023e-03
2.319075e-01
3.436574e-02
7.660608e-02
8.603436e-02
7.779734e-02
3.493901e-06
4.729106e-02
2.384476e-02
5.545995e-02
4.353763e-01
5.038215e-02
5.511976e-03
4.088314e-03
1.496719e-02
1.109264e-01
9.742708e-03
3.064716e-02
1.159842e-01
3.342404e-02
1.047249e-02
2.961664e-02
2.601771e-01
1.859830e-03
6.904724e-03
3.046710e-05
2.275659e-01
3.020546e-04
1.848408e-03
1.416176e-02
2.771657e-02
2.016112e-01
6.190900e-02
2.499204e-02
3.425667e-02
7.131343e-02
1.218622e-03
9.698108e-02
2.161894e-03
8.015741e-02
6.336134e-04
2.903164e-02
7.140887e-04
1.003821e-02
1.812062e-02
4.721981e-03
2.093452e-02
2.635550e-02
1.231886e-01
5.357851e-06
3.662356e-02
8.474186e-03
2.061215e-03
1.729175e-03
1.662085e-01
1.561381e-02
8.640564e-03
3.779821e-03
9.022411e-02
1.194531e-02
1.195666e-01
4.005212e-04
4.324188e-04
1.653932e-02
9.695440e-03
2.590502e-02
1.021725e-01
7.594097e-03
5.228187e-02
6.044280e-02
1.882243e-01
3.682044e-02
1.488797e-03
5.094287e-02
1.003379e-03
3.484615e-03
1.019157e-01
4.391974e-02
1.294203e-03
6.965243e-02
7.372807e-02
3.392051e-02
1.207088e-01
4.123943e-02
1.207398e-01
