3.377375e-04
8.006162e-03
5.679225e-02
2.132210e-02
1.634395e-02
1.379928e-01
3.734753e-02
2.030700e-03
1.077413e-01
4.376186e-02
2.096542e-02
9.006832e-03
2.222755e-02
2.061768e-02
1.296513e-02
1.433130e-02
3.556029e-02
4.606866e-03
1.508345e-02
1.656216e-01
8.389068e-03
1.113252e-03
7.806564e-02
4.712782e-01
1.149492e-05
8.435161e-02
3.097826e-01
4.281128e-02
1.423969e-01
3.087072e-03
3.834130e-03
1.515188e-02
8.315602e-03
2.422395e-01
2.202435e-02
1.959644e-01
1.941416e-02
2.312188e-03
2.445174e-02
1.213289e-02
8.556626e-02
7.603881e-04
8.533393e-03
1.492531e-03
3.662005e-02
4.770925e-04
1.467454e-02
1.972358e-01
3.729710e-01
1.236773e-02
7.374190e-02
4.067547e-02
1.141766e-01
2.785714e-02
1.058258e-01
1.575746e-01
1.165569e-01
2.068847e-02
5.009865e-02
3.899569e-03
1.124316e-01
3.904876e-02
2.126229e-04
9.789720e-02
7.768543e-03
5.179190e-02
7.392210e-02
4.133173e-04
3.102728e-01
1.059587e-02
2.949124e-03
4.673544e-02
9.803515e-03
9.270741e-02
8.855775e-02
6.580781e-03
2.926104e-02
3.626597e-04
5.081873e-02
4.674961e-02
3.694777e-02
2.636021e-03
1.194130e-04
5.874222e-07
9.071738e-03
4.324284e-02
2.107676e-02
1.881519e-08
6.438042e-02
2.289397e-02
1.330674e-03
3.963527e-02
1.750064e-01
3.993728e-02
2.303179e-02
5.058420e-03
1.069060e-01
4.479654e-03
1.236028e-03
2.597672e-02
1.312012e-03
1.547932e-01
2.622079e-01
1.182795e-02
1.699316e-02
5.359175e-03
4.120927e-02
7.210705e-04
7.214104e-02
6.343816e-02
8.529180e-02
5.395141e-01
1.147823e-01
4.314691e-03
1.996233e-01
1.542028e-03
4.512052e-03
2.498107e-05
2.555650e-02
8.893525e-02
2.144466e-02
1.082639e-02
1.675539e-02
1.218866e-02
4.294743e-02
9.942741e-04
2.366420e-01
5.061210e-02
8.063905e-02
2.357418e-02
9.010907e-03
3.620912e-04
1.397097e-02
2.179538e-02
2.396357e-02
2.090368e-04
8.179282e-02
4.156383e-05
2.876089e-02
9.133301e-03
3.967507e-02
2.881490e-03
3.443245e-03
1.307008e-02
3.769508e-02
1.088241e-03
2.906018e-03
2.764232e-02
3.733688e-02
1.107081e-02
3.582134e-02
1.031628e-01
1.334497e-02
1.346380e-01
1.347799e-01
7.181602e-02
2.182165e-02
5.668117e-03
6.439459e-03
1.190081e-01
3.705562e-02
6.485220e-02
1.257156e-01
4.809992e-02
2.992283e-01
5.561806e-01
7.458861e-03
1.244906e-02
8.890581e-02
1.036875e-03
1.827241e-02
1.490466e-02
4.013003e-03
3.076828e-01
2.246439e-02
1.154605e-02
2.295489e-03
5.697736e-02
2.285799e-03
1.314955e-01
3.810632e-03
8.323636e-02
1.567653e-02
1.384864e-04
1.107460e-03
8.449124e-02
1.295089e-01
7.415534e-04
4.669547e-03
7.784164e-03
8.265767e-03
4.536769e-01
2.927994e-03
3.389633e-03
1.146889e-02
2.732915e-02
4.853655e-02
1.274989e-06
2.594922e-02
1.290311e-02
4.490092e-01
2.788728e-04
6.886728e-09
6.598517e-03
1.529335e-03
2.563951e-02
1.920443e-02
1.600092e-03
3.583867e-03
6.690755e-02
3.624429e-06
4.386478e-01
6.695936e-02
1.005179e-03
1.783770e-02
1.168414e-03
4.593365e-02
1.610658e-02
3.465621e-02
1.593684e-03
3.271752e-02
1.489514e-02
2.372796e-03
5.277096e-05
4.853159e-03
2.714755e-02
1.660802e-02
1.444305e-01
1.119621e-01
9.577792e-02
4.231138e-02
2.080270e-03
4.759938e-03
1.031949e-02
4.518637e-02
6.257002e-03
1.127440e-01
3.342576e-03
1.378835e-01
5.878245e-02
1.435589e-01
4.436569e-02
6.044137e-02
7.501206e-02
8.987708e-03
1.958188e-02
1.357729e-01
2.069924e-03
3.950812e-03
4.323749e-02
1.135913e-02
2.133670e-01
1.289604e-02
7.735508e-02
3.688646e-02
2.628577e-03
8.452589e-03
7.188020e-03
5.746634e-02
2.278983e-01
4.817260e-01
9.535971e-03
2.307212e-02
3.371025e-03
1.224402e-04
1.527473e-01
2.623465e-04
1.127289e-02
1.872946e-08
9.604740e-02
4.474021e-02
1.089629e-01
3.394601e-01
4.195261e-02
2.002050e-02
6.451048e-08
5.817301e-02
7.058505e-02
1.458173e-02
5.580236e-02
6.341153e-02
1.639176e-02
1.638619e-02
6.976732e-02
3.279019e-03
1.426842e-02
2.672160e-02
6.469855e-03
8.893642e-04
1.578603e-02
7.885973e-02
1.207458e-01
6.785721e-02
1.361408e-01
1.166154e-02
6.406452e-02
2.011535e-03
2.704643e-01
2.504108e-03
3.254139e-02
3.409804e-02
4.410083e-02
1.878578e-02
1.332041e-02
4.433788e-02
7.308852e-02
1.695002e-02
2.348276e-01
1.048011e-04
6.368959e-02
2.211658e-06
1.332988e-01
2.665761e-02
1.831915e-03
9.277925e-02
6.538207e-02
1.152484e-01
7.096184e-03
4.610359e-02
6.754937e-02
4.118358e-02
7.161162e-02
1.997112e-01
6.516798e-03
6.786782e-02
4.276824e-03
4.410290e-05
1.236262e-02
3.892660e-05
1.357951e-01
3.099597e-02
2.027843e-02
5.512843e-02
2.984936e-03
1.252738e-01
3.445249e-02
2.158203e-03
1.319504e-02
3.977973e-02
1.338873e-01
1.038185e-01
5.013216e-04
1.987639e-02
5.186072e-02
1.748452e-04
4.987258e-02
5.678636e-05
1.872155e-03
3.064784e-02
1.916370e-01
1.889253e-02
1.810471e-03
1.042232e-02
4.462957e-03
1.680831e-03
2.839447e-04
3.332507e-02
1.101388e-01
9.921609e-02
9.822347e-02
2.548606e-03
9.891100e-03
2.659305e-02
2.392317e-03
3.204808e-02
8.888654e-02
5.997528e-05
2.917812e-03
2.334191e-02
1.997298e-02
3.313947e-03
3.567348e-03
2.975684e-02
7.020598e-03
5.752684e-04
4.852774e-03
1.899353e-02
2.862447e-02
8.741288e-02
8.788611e-03
7.495870e-05
3.303153e-05
1.465984e-02
2.226370e-02
1.104940e-02
7.509697e-02
7.149748e-02
6.356743e-02
5.464508e-02
1.488534e-01
5.638908e-04
2.565974e-02
1.118043e-01
5.470742e-03
1.836157e-01
6.989614e-02
8.086969e-02
1.328126e-03
9.028768e-04
9.912820e-03
1.102222e-01
6.264161e-03
2.544182e-03
7.659003e-02
5.062486e-04
9.013290e-02
3.063380e-04
1.583089e-05
2.162393e-02
3.730696e-03
1.158916e-01
1.332534e-02
1.407567e-02
2.178566e-04
1.050291e-01
1.391523e-02
2.714441e-02
3.415508e-01
6.847593e-02
2.634197e-01
1.594155e-01
1.048744e-02
1.788405e-02
2.427774e-03
1.128563e-02
2.095462e-02
6.145116e-03
1.673316e-02
1.096658e-02
3.364005e-02
1.672661e-01
2.795357e-02
2.313061e-03
1.086680e-04
4.684430e-02
2.867998e-02
2.562761e-04
4.459154e-01
1.489381e-02
4.662230e-02
1.332921e-03
1.440737e-02
3.001707e-05
6.385411e-02
1.652436e-01
2.965094e-02
6.088651e-02
1.803627e-01
1.933279e-04
1.262589e-01
1.554009e-02
4.386008e-03
3.288680e-02
2.193311e-02
2.097909e-02
1.104331e-01
9.741423e-04
1.690148e-01
8.610612e-02
1.813067e-02
6.385926e-06
2.291045e-01
1.724914e-01
7.382175e-02
2.485676e-02
9.581347e-02
7.344462e-03
3.377944e-02
9.864419e-02
1.931465e-02
2.038296e-02
2.794388e-01
6.311493e-01
2.882776e-03
3.698270e-02
1.018250e-01
4.010345e-03
7.075800e-02
2.224540e-02
2.974855e-02
2.478072e-02
2.334688e-01
3.145622e-02
5.696437e-02
4.820451e-04
1.058232e-02
2.089902e-05
2.168188e-01
8.085335e-03
1.942534e-01
1.011321e-01
2.822420e-02
5.985100e-02
4.369774e-03
1.591924e-02
3.870223e-03
2.762764e-03
1.901469e-01
5.533446e-02
1.161841e-02
4.174271e-03
1.088260e-03
1.505770e-01
1.564205e-02
2.244675e-02
1.595276e-01
2.045563e-02
7.835390e-02
1.182012e-01
1.394058e-02
2.277276e-01
4.962542e-03
9.253860e-03
5.093239e-03
9.224048e-03
5.609014e-03
9.086171e-03
4.688638e-02
9.192429e-05
3.319885e-01
4.321523e-04
3.244125e-01
1.015700e-01
4.937394e-03
4.676074e-02
2.165676e-03
4.951717e-02
1.073765e-02
1.680405e-03
2.344165e-04
3.260198e-02
9.769957e-02
1.011792e-03
2.917795e-02
8.382396e-02
4.683035e-03
1.826532e-01
1.663612e-03
9.908353e-10
8.839635e-03
1.397990e-01
2.545855e-01
1.950137e-01
5.367919e-03
4.699221e-02
9.436928e-04
1.445025e-03
9.270800e-02
1.316490e-02
1.406424e-01
1.824548e-01
3.665427e-05
1.636611e-01
5.302657e-02
2.247183e-01
1.928295e-03
8.784967e-02
1.397023e-05
4.890619e-03
5.440093e-04
1.790125e-01
4.467111e-03
4.943351e-02
8.676760e-04
5.499276e-04
8.869376e-04
3.164579e-05
8.966669e-03
2.801378e-02
4.329191e-03
6.038286e-03
1.224970e-03
1.621432e-04
1.689316e-01
5.352167e-02
2.196135e-01
6.307723e-03
1.293796e-02
6.309982e-02
2.239924e-04
3.842468e-05
1.114336e-01
8.972943e-03
2.931653e-02
1.266466e-02
1.049985e-01
1.019863e-02
1.979591e-01
2.164151e-01
1.340571e-01
7.840310e-03
2.700611e-02
1.307036e-03
2.360524e-02
