1.961135e-03
1.158342e-02
6.071810e-05
7.932085e-03
3.678667e-01
2.456561e-02
6.121059e-03
1.590509e-02
7.285447e-02
1.508058e-01
1.655933e-02
1.875395e-02
7.827553e-02
3.889054e-04
6.549416e-06
7.784730e-02
7.940711e-02
7.680331e-04
2.436439e-01
1.411381e-01
4.028832e-02
2.021068e-01
2.043705e-03
1.625968e-01
7.748990e-02
6.662991e-04
5.998793e-03
5.021373e-02
2.796207e-01
2.011862e-01
2.996016e-03
1.058357e-02
7.059053e-03
1.484699e-03
2.399417e-02
1.898521e-01
5.088062e-02
3.078540e-02
8.902343e-02
3.207493e-02
7.547839e-03
1.155279e-01
4.747529e-02
8.698827e-02
5.884173e-04
6.017780e-03
8.781903e-02
1.387757e-03
4.502637e-02
5.420659e-02
9.022444e-02
6.289183e-03
6.590962e-02
9.395298e-03
7.107907e-02
1.925674e-02
3.366174e-03
6.054905e-02
1.809163e-01
8.628750e-02
6.814661e-02
2.062166e-01
7.296294e-04
3.973141e-03
1.380892e-03
2.609842e-03
1.177810e-01
5.440095e-04
1.644399e-03
3.193736e-02
7.695680e-04
1.358638e-02
2.692589e-02
1.319699e-02
1.080069e-02
3.283863e-01
9.414502e-02
2.680894e-01
7.207555e-03
2.867108e-02
2.249050e-02
1.332332e-01
1.409095e-02
2.871492e-02
7.559313e-02
2.747815e-03
8.425906e-03
1.882265e-03
2.722775e-02
1.676721e-02
1.348980e-02
2.455712e-02
1.894669e-01
1.840134e-03
3.830367e-03
8.945356e-02
1.934244e-02
4.083966e-02
5.767176e-03
2.906576e-04
4.044079e-02
1.185881e-04
1.315998e-01
5.825282e-03
3.808004e-02
3.232435e-03
3.733362e-03
3.060790e-04
1.063573e-02
2.393434e-01
7.081383e-02
7.718160e-02
3.900255e-03
8.322127e-02
6.577600e-02
1.253977e-03
4.568692e-02
3.408563e-03
1.722051e-02
1.157168e-01
1.430919e-03
2.347000e-01
4.489102e-01
3.944495e-02
4.290377e-02
5.331201e-02
2.514403e-03
7.282256e-02
1.112520e-01
9.422214e-03
2.337260e-01
2.089769e-02
1.445345e-02
6.824410e-03
4.354307e-02
1.938384e-02
6.925378e-02
1.540478e-03
3.934203e-03
2.605636e-02
3.855154e-02
9.718102e-02
1.278588e-02
2.569628e-03
7.045918e-02
1.849163e-02
4.982529e-02
4.749513e-02
5.296076e-06
1.309606e-02
3.967676e-02
1.062451e-02
3.427927e-02
5.500636e-04
2.579218e-03
8.682508e-02
3.473153e-02
2.982815e-01
2.185723e-05
7.861863e-01
6.962313e-02
4.328800e-05
1.013704e-01
7.176319e-02
1.217995e-03
3.825291e-02
4.946705e-02
5.466127e-02
8.511988e-02
1.338986e-02
1.360314e-03
9.552933e-02
4.058621e-02
1.145275e-02
2.388053e-04
2.130625e-02
4.621705e-02
2.696612e-02
5.859027e-03
2.572957e-01
4.806069e-03
2.433011e-04
1.924207e-02
2.421234e-02
1.752197e-02
1.122900e-03
1.879366e-01
2.637398e-02
6.745425e-02
7.289505e-02
3.083579e-06
2.620714e-02
5.641145e-04
1.991603e-04
2.096505e-02
1.745134e-04
5.965135e-03
5.294279e-01
3.126305e-03
1.303737e-02
3.373805e-01
9.206590e-03
3.930955e-04
5.151744e-06
1.949694e-02
3.202450e-03
4.280569e-02
1.192297e-01
3.856955e-02
1.139318e-03
1.170507e-04
6.867908e-03
5.144643e-02
3.113096e-02
3.596005e-02
1.375562e-02
4.395113e-02
1.739829e-01
1.066852e-03
7.076780e-03
3.042627e-02
4.435042e-02
9.411382e-02
5.107882e-02
9.593962e-03
4.480300e-02
4.857335e-02
8.226912e-03
3.721221e-03
1.630251e-01
2.584038e-07
2.048669e-02
2.765503e-03
3.376431e-02
1.647424e-01
8.592437e-02
1.933614e-02
1.123893e-02
1.294915e-01
6.787753e-05
8.752666e-04
1.587713e-03
3.570016e-02
5.628546e-03
1.198102e-02
2.620036e-01
4.035936e-02
5.533242e-02
2.344923e-01
1.572815e-01
6.203827e-02
5.063970e-04
1.862922e-03
4.445004e-02
9.058283e-02
9.367636e-04
4.479142e-02
1.487195e-03
7.835616e-02
1.200989e-05
1.098983e+00
1.632473e-01
1.027049e-01
1.908810e-02
6.604515e-03
2.745418e-01
1.069985e-04
3.213606e-02
4.999462e-02
5.210445e-03
4.068171e-02
1.335348e-02
3.303541e-01
1.327580e-01
2.545752e-03
8.025009e-02
4.186664e-04
6.120824e-02
2.761324e-02
1.087681e-01
1.052281e-04
9.618202e-03
1.231235e-02
8.958285e-03
5.912253e-03
1.712705e-02
7.682118e-03
4.081388e-03
3.108740e-02
5.403581e-02
7.164996e-02
1.501412e-01
5.695642e-02
4.417036e-02
8.788438e-02
4.075857e-04
3.133457e-05
8.842989e-03
1.143442e-02
2.752745e-01
7.188492e-02
1.371327e-02
1.805219e-01
8.633605e-05
4.101903e-02
2.798231e-04
5.837147e-03
1.965754e-02
5.492903e-02
8.739090e-03
1.288547e-02
1.579889e-02
2.054613e-01
2.974796e-02
7.678402e-04
3.250789e-02
1.043788e-01
3.138417e-02
1.451320e-01
1.975661e-04
1.369178e-02
1.722737e-03
1.623692e-01
7.617614e-03
2.919370e-01
1.563020e-01
1.205063e-02
1.070059e-01
2.417436e-03
6.144748e-02
2.447124e-03
6.913314e-02
1.340981e-01
3.367672e-02
5.025063e-03
4.472662e-03
1.616017e-01
1.469127e-02
2.677466e-02
1.950868e-03
4.439121e-04
2.153056e-04
7.260123e-04
4.439100e-03
6.675272e-04
3.242150e-02
1.357381e-01
6.240609e-05
2.460391e-03
2.945333e-02
9.890384e-04
9.507544e-03
5.631263e-02
5.351758e-03
1.183945e-01
7.906703e-02
8.878573e-03
3.003277e-02
4.515651e-04
3.785385e-03
1.406695e-01
2.242083e-01
5.329996e-02
3.065403e-02
1.198975e-02
1.116725e-01
5.686252e-04
3.502594e-02
5.750594e-02
1.055049e-01
3.080250e-02
4.400680e-02
3.624501e-02
2.349436e-01
5.167696e-04
3.541321e-01
2.025729e-02
4.033403e-03
1.007536e-03
4.004590e-03
2.576953e-04
9.546785e-02
4.436596e-02
8.678109e-03
5.861617e-03
4.838103e-02
1.113814e-01
1.616194e-03
1.640261e-02
1.386679e-03
2.260386e-03
1.180969e-02
1.346062e-02
1.435922e-01
4.888373e-02
1.305904e-02
7.224670e-02
1.968852e-02
1.552250e-01
1.994582e-02
2.524283e-03
3.679291e-02
1.090960e-01
8.056485e-02
3.585711e-03
6.632184e-02
8.537905e-02
3.044296e-02
5.679147e-02
1.104216e-02
4.358821e-02
1.382036e-03
1.906428e-01
5.341005e-04
5.525008e-02
2.609862e-02
1.410474e-01
2.607852e-01
4.154908e-02
2.662386e-03
8.226239e-02
7.160012e-02
2.005092e-03
1.348908e-03
3.180299e-02
4.392422e-02
6.708573e-02
3.153861e-02
2.402127e-02
1.424881e-01
1.659002e-02
4.636693e-02
7.901569e-02
1.739013e-02
3.768919e-03
9.016663e-03
1.409575e-01
1.610728e-02
6.637258e-03
2.119808e-02
3.365386e-01
5.810704e-03
6.183306e-03
4.841261e-02
1.259643e-01
4.223491e-02
8.236023e-02
3.005478e-02
9.392117e-05
1.604489e-01
1.262242e-03
3.108150e-02
1.759480e-01
8.414511e-03
1.264528e-02
5.733809e-02
7.571421e-02
3.555345e-03
2.522727e-04
7.554740e-03
8.817088e-02
1.268498e-02
2.960056e-01
3.166564e-02
9.933368e-02
6.826394e-02
1.382095e-01
1.509506e-03
1.901642e-02
1.041120e-02
2.372450e-02
5.735416e-02
2.259170e-01
4.779166e-02
9.581629e-02
1.879391e-01
7.842880e-02
3.322968e-03
1.251093e-01
2.123958e-01
4.464547e-02
4.239518e-02
4.052496e-04
4.653122e-03
2.737108e-03
1.361474e-02
3.644152e-02
4.636794e-02
2.211036e-02
1.878739e-02
3.556797e-02
6.061977e-04
8.328650e-02
3.571558e-02
6.489319e-03
3.195299e-03
2.769193e-05
4.623530e-04
1.948310e-01
1.431363e-01
1.085505e-01
8.403473e-02
1.726434e-02
3.213630e-01
3.772465e-02
3.785048e-03
8.529644e-02
4.400574e-01
6.393186e-02
4.282889e-03
7.854390e-02
1.102438e-01
1.068604e-01
5.112024e-04
2.515829e-01
1.678626e-02
1.313708e-01
8.220870e-02
6.247304e-02
5.291986e-02
8.280780e-06
1.432306e-03
4.823735e-05
1.490600e-01
1.034928e-01
1.123465e-02
2.249765e-03
7.900179e-02
1.004537e-01
3.166385e-02
4.875572e-03
1.452799e-05
1.099000e-02
4.145878e-04
4.869564e-02
1.486398e-01
5.196288e-02
1.498709e-01
2.100081e-02
2.599401e-03
9.437231e-02
3.579642e-02
1.844436e-03
9.060131e-03
8.020354e-06
2.502662e-02
1.009728e-01
3.802658e-03
1.611778e-02
2.720622e-01
1.395880e-01
1.135997e-02
2.713708e-02
4.437276e-04
2.780393e-01
5.000894e-03
7.319693e-05
1.492484e-04
1.463336e-01
1.690918e-03
2.540738e-02
2.402820e-03
1.246860e-01
1.991604e-01
1.305171e-02
2.416648e-05
2.672193e-02
1.708023e-03
3.357547e-02
4.255275e-02
3.654213e-02
4.218533e-02
4.946627e-03
1.265017e-02
5.394747e-02
2.112094e-03
1.352130e-01
2.727095e-02
1.490086e-02
1.216686e-02
1.295910e-01
9.143635e-02
1.993459e-02
3.059047e-03
1.167125e-02
1.282891e-02
2.272329e-01
8.941264e-02
3.214612e-02
1.655706e-03
2.300067e-02
4.267206e-03
7.916410e-03
5.991979e-02
