9.502684e-02
6.236191e-02
8.130203e-04
5.812697e-03
7.186310e-02
1.773231e-02
4.211248e-04
2.034502e-03
6.561011e-08
3.222650e-02
4.335004e-05
5.175626e-02
2.933930e-02
1.449586e-02
7.473841e-03
8.053322e-03
1.452897e-01
4.544034e-02
6.929910e-03
9.325545e-02
3.841284e-02
4.762642e-02
1.713168e-03
3.246622e-05
3.588408e-02
4.886197e-02
1.943023e-03
6.452221e-02
5.730189e-02
8.868540e-04
5.924007e-02
2.010711e-02
5.321288e-02
2.388661e-03
6.883302e-03
9.434094e-02
5.285236e-06
2.053836e-02
5.446527e-02
3.911872e-01
4.671465e-02
1.580167e-01
2.454811e-02
2.050714e-03
2.050752e-02
1.453847e-02
1.185001e-01
7.613619e-04
2.286885e-02
5.572883e-02
6.834567e-03
7.910920e-03
7.410665e-03
4.719716e-03
3.514649e-02
1.524270e-01
8.251592e-03
1.203486e-01
1.605771e-03
4.342267e-03
3.367465e-01
3.945080e-02
4.602105e-02
1.370461e-01
4.429161e-02
1.823088e-02
1.568923e-01
3.286714e-02
8.508202e-03
2.002064e-03
3.440236e-02
1.079986e-02
5.507110e-03
1.199077e-01
8.965283e-04
4.730121e-01
1.425545e-02
1.425587e-02
1.355333e-02
3.602277e-03
1.773882e-02
2.245358e-02
2.296562e-02
8.949330e-03
4.214164e-04
1.620470e-01
8.399869e-02
7.060839e-02
1.015129e-01
1.314182e-03
3.415607e-02
5.693096e-03
2.781714e-02
1.645957e-01
5.034455e-02
2.179303e-02
1.227642e-01
2.749111e-01
1.528552e-01
2.170642e-03
3.679563e-03
2.860054e-04
6.749313e-05
2.334442e-01
9.743310e-04
9.559356e-02
1.287551e-02
3.935598e-05
5.202113e-03
1.659648e-02
8.459415e-03
4.028784e-01
6.410765e-05
1.099895e-01
2.798877e-08
1.596108e-01
1.548373e-02
4.351886e-02
6.000543e-02
1.848146e-01
8.554820e-03
3.696462e-02
1.630989e-02
8.000422e-03
3.353135e-02
4.502441e-02
8.016618e-03
3.590924e-02
1.761198e-03
1.807925e-01
8.960542e-04
4.254215e-03
4.567338e-02
1.597884e-02
1.458217e-05
3.726543e-02
3.993426e-02
1.479773e-04
2.302195e-02
1.098854e-01
1.320685e-02
3.414536e-02
6.062079e-03
9.641477e-03
2.668052e-02
3.274046e-02
3.605026e-02
1.169515e-03
3.671883e-01
3.271321e-02
3.770275e-03
1.713705e-02
9.385118e-02
7.292099e-03
9.305984e-02
8.632493e-03
1.177096e-03
1.374146e-01
3.847912e-04
3.925983e-03
1.187042e-02
6.122712e-02
4.868382e-02
1.320953e-04
3.462086e-04
1.399899e-01
4.912977e-02
1.571108e-02
4.654624e-03
8.200500e-03
3.132033e-02
1.956802e-02
8.016941e-02
1.983908e-01
1.849274e-02
9.009820e-02
2.945320e-02
2.951045e-02
1.219291e-03
1.762223e-02
9.334417e-04
1.246418e-02
6.427935e-02
5.248809e-04
3.487504e-02
2.864142e-02
1.627565e-02
9.677330e-02
2.389774e-02
1.451656e-03
1.080094e-04
9.431029e-03
6.143512e-02
4.624594e-03
1.710883e-04
2.023000e-01
4.697941e-02
2.875744e-02
4.626312e-04
3.930130e-02
5.617430e-03
1.933677e-01
1.297756e-01
1.186922e-02
3.104520e-03
2.179995e-02
2.301586e-04
1.875499e-01
9.149835e-04
5.657957e-04
1.382842e-02
4.200566e-03
9.174013e-02
1.899418e-02
3.050397e-01
2.156790e-02
1.172011e-01
4.821796e-02
3.444930e-04
4.407953e-02
6.772533e-02
9.693266e-02
4.347568e-02
3.276734e-02
6.093793e-02
3.603732e-02
2.255653e-02
7.901451e-02
2.989006e-02
3.610824e-03
4.904366e-04
8.346619e-02
6.850149e-02
4.614655e-02
1.224544e-02
4.285917e-02
2.189582e-04
3.562296e-03
9.365784e-03
3.890424e-03
1.113171e-05
1.809484e-04
3.832725e-02
1.822223e-03
1.132760e-02
1.672915e-01
9.938931e-03
1.264196e-01
4.439370e-02
6.973133e-03
1.561107e-01
8.180327e-02
3.589539e-01
2.057825e-02
6.327103e-03
2.513517e-02
2.521438e-01
3.525491e-02
2.637844e-02
7.198946e-02
1.023529e-01
1.090198e-03
5.114754e-04
6.984226e-02
1.403753e-01
1.614762e-04
2.490917e-01
3.192719e-02
1.056408e-02
2.966754e-02
1.653193e-02
1.469205e-02
1.304113e-01
3.546327e-03
3.998699e-02
3.328888e-02
1.518745e-02
1.349585e-01
1.174383e-01
5.578302e-02
2.711726e-04
3.457567e-03
2.736143e-02
8.710241e-03
2.868397e-07
9.528829e-02
6.845169e-02
8.137515e-02
8.106751e-03
8.178624e-04
1.242321e-03
1.789762e-02
1.625722e-03
2.549034e-02
2.406436e-03
2.246618e-02
7.790505e-02
1.817945e-01
5.385234e-02
2.796711e-02
2.946961e-02
2.609971e-03
7.459082e-03
9.027194e-02
2.663672e-03
4.601562e-03
3.123404e-02
1.057372e-01
3.368031e-02
1.562913e-01
7.785125e-03
2.380829e-02
7.551422e-02
1.265174e-02
2.198351e-02
8.076898e-02
7.801049e-02
1.970211e-04
5.565020e-02
1.251692e-02
9.395002e-02
9.845493e-02
5.314826e-05
3.975037e-02
2.756661e-02
4.184570e-03
2.085557e-01
4.778638e-02
3.603317e-03
9.975037e-02
2.144009e-01
2.441990e-02
1.659429e-03
2.463979e-03
1.375000e-01
5.050517e-03
2.290004e-02
9.280108e-03
3.528670e-03
5.192006e-02
9.903758e-02
9.647571e-02
8.886520e-02
1.143094e-01
3.936519e-03
1.102086e-03
8.661813e-02
5.474754e-02
3.225267e-02
2.175670e-02
1.090501e-01
5.458108e-04
7.459362e-02
1.598597e-01
7.732368e-03
3.825543e-03
9.893952e-03
6.412137e-03
4.518328e-02
1.216144e-02
1.354385e-01
9.203353e-02
9.354976e-03
3.166962e-01
8.196135e-02
7.203836e-03
8.587140e-02
6.878947e-06
4.039087e-02
2.930714e-02
1.556332e-01
5.876212e-03
4.080759e-02
1.216613e-01
2.055643e-02
3.864152e-03
3.150257e-02
9.484655e-03
9.057912e-02
4.446576e-02
5.932434e-02
2.748903e-04
4.496841e-02
5.192014e-03
1.866172e-04
3.147161e-03
5.073120e-02
3.439380e-03
5.627819e-02
4.264217e-05
3.375069e-02
1.120035e-01
5.617100e-02
4.088560e-03
5.268172e-06
3.164014e-02
3.032885e-02
7.040734e-03
7.611171e-04
3.175925e-03
1.418672e-01
1.688971e-02
1.811563e-02
5.383579e-03
1.950165e-01
5.972645e-02
7.008928e-02
4.655270e-05
2.120821e-01
1.846322e-02
2.252067e-01
1.827100e-01
4.953833e-04
1.084343e-03
3.352539e-08
3.154586e-01
5.262785e-02
1.824279e-01
1.474291e-02
7.361222e-03
1.759770e-01
3.391609e-02
9.917506e-03
2.753253e-03
5.033803e-02
3.627153e-02
2.291742e-02
3.553808e-01
5.026025e-02
8.913451e-02
1.283957e-01
1.522971e-02
1.185832e-01
1.282705e-01
1.039546e-02
8.305070e-04
5.484024e-02
9.029610e-02
3.762406e-02
1.173552e-03
8.273642e-02
1.918891e-02
3.566262e-03
2.944154e-02
1.703300e-01
3.589951e-03
2.832812e-01
7.896379e-03
8.560091e-02
2.277590e-02
2.477299e-01
7.072944e-03
5.831464e-03
3.572096e-02
2.599887e-02
1.899597e-02
2.331571e-02
3.083994e-02
4.912105e-02
5.823765e-02
1.863602e-02
9.500343e-04
1.135661e-03
2.447079e-02
4.792847e-03
8.931443e-02
4.975134e-03
8.918438e-02
4.140803e-03
1.069692e-06
5.366960e-03
4.394939e-02
8.565455e-02
1.313635e-03
2.054751e-01
3.753583e-04
8.823104e-04
8.821773e-03
2.456079e-02
1.354811e-02
1.765522e-02
1.023584e-01
2.488764e-04
2.198264e-02
4.229334e-02
4.683546e-02
8.839134e-05
9.336465e-02
3.112942e-02
5.548489e-03
1.377697e-01
3.155042e-03
4.499975e-05
3.429831e-02
1.234280e-01
6.392597e-03
9.363292e-02
1.392806e-01
1.306284e-01
9.733205e-05
3.880551e-03
9.984349e-03
6.212096e-03
4.994457e-02
2.747317e-02
1.505273e-03
1.071004e-03
1.561610e+00
1.161460e-01
2.004921e-02
2.810687e-02
1.874308e-04
1.086682e-01
5.955229e-03
4.457614e-02
4.547704e-02
1.578234e-01
2.428380e-04
7.813139e-03
3.612678e-04
3.953121e-02
6.700857e-02
5.410601e-03
1.618087e-01
2.426744e-02
5.285392e-04
9.627102e-07
1.559663e-05
2.810221e-03
1.508300e-01
4.486307e-02
2.471610e-02
1.662574e-01
8.632453e-02
2.659510e-02
6.130068e-03
3.450267e-02
5.125010e-02
9.264854e-02
4.030030e-03
5.801157e-02
1.569487e-01
3.931572e-01
4.492993e-02
2.862713e-01
2.350760e-03
5.594608e-02
9.267631e-02
2.383690e-02
5.269299e-03
1.307638e-01
6.461449e-02
4.384079e-04
1.988310e-01
8.203384e-02
4.524136e-03
5.949689e-02
2.493002e-02
3.723098e-02
5.010094e-03
5.524260e-03
5.825266e-02
6.073012e-02
4.502765e-02
3.932942e-02
1.015424e-01
2.403105e-02
9.330734e-03
1.596731e-02
1.554061e-02
1.288548e-01
2.482598e-04
4.434873e-03
7.577774e-04
4.077024e-02
5.481113e-03
1.310596e-02
6.250092e-02
1.124578e-01
1.072744e-01
4.599373e-02
1.383124e-01
1.530192e-02
1.061797e-01
4.919141e-02
1.055738e-01
6.411873e-02
1.228495e-02
1.121647e-03
1.716713e-02
1.795130e-02
8.145658e-03
1.628806e-01
7.574678e-03
