4.617454e-02
1.020549e-02
4.907305e-03
9.406010e-02
3.615570e-02
4.464076e-02
5.580493e-03
1.072273e-03
1.066241e-01
1.128725e-02
5.520699e-04
7.767318e-02
6.216045e-04
2.472120e-03
1.645472e-01
7.021477e-03
1.771780e-02
3.617039e-02
9.899464e-03
5.501049e-02
4.086173e-02
1.845638e-01
4.591601e-02
1.797768e-01
1.922434e-02
2.109105e-03
7.956842e-02
1.047501e-02
4.892936e-02
2.535458e-03
1.125474e-02
2.059364e-02
9.755661e-02
4.011951e-02
9.401231e-04
1.598490e-02
3.264923e-03
1.545171e-03
3.041597e-02
4.215092e-02
3.893448e-02
4.199251e-02
2.243845e-02
8.708272e-02
1.650113e-02
5.148814e-04
3.631842e-03
3.642083e-02
8.122449e-02
5.389055e-02
1.080306e-02
3.817412e-05
5.559185e-02
2.035050e-02
8.767975e-04
2.178591e-01
2.747272e-01
3.134950e-03
4.221815e-03
1.865291e-03
5.425889e-03
3.277990e-02
1.093555e-02
1.591717e-03
2.634274e-02
1.570122e-01
1.793886e-03
1.169820e-01
1.301242e-02
3.089414e-03
1.929470e-01
7.244545e-02
2.652747e-02
2.299188e-02
3.017003e-06
1.057522e-01
5.681919e-03
1.475247e-03
1.714478e-02
3.434000e-02
5.572960e-03
1.413381e-02
3.044003e-03
3.061199e-04
1.042850e-02
4.485864e-02
6.926118e-04
8.948799e-03
3.172897e-01
3.151541e-02
3.671170e-02
1.500058e-03
7.928492e-02
3.237729e-01
4.657001e-02
8.874343e-02
1.058433e-04
1.191048e-02
1.941710e-02
1.271512e-02
1.038128e-05
1.591386e-01
4.716526e-03
2.626375e-01
1.401760e-03
1.248402e-01
1.977844e-02
5.783324e-02
1.352804e-01
2.919562e-03
1.182184e-01
1.838724e-01
6.334051e-02
9.445977e-02
8.351788e-03
1.725667e-02
2.430961e-03
1.134602e-02
1.689555e-03
7.861911e-02
8.230323e-02
1.410609e-02
1.823681e-01
9.072344e-03
6.219435e-03
3.389317e-02
5.418388e-02
4.152355e-02
1.641418e-02
2.930436e-04
2.518037e-02
1.660702e-02
1.072389e-04
3.213138e-03
5.992504e-02
1.447309e-01
6.403142e-02
1.791873e-02
5.850591e-02
6.335835e-02
5.423075e-04
8.590048e-03
1.250158e-02
2.490331e-01
1.254920e-01
6.055856e-04
2.011520e-04
1.166853e-01
8.485908e-03
6.641839e-02
1.107983e-02
9.368077e-02
7.906789e-03
3.936598e-02
1.272918e-01
5.059566e-03
5.079015e-02
4.360947e-04
1.044250e-02
3.733370e-02
1.723844e-01
5.678422e-02
2.867803e-02
4.887778e-02
2.381141e-02
4.343571e-02
3.551848e-02
4.649726e-02
6.272896e-03
7.082084e-03
5.145325e-02
1.068380e-03
1.497455e-02
4.751902e-02
2.452698e-02
2.086112e-01
2.473412e-02
8.261546e-02
2.675863e-02
2.147022e-02
5.477049e-02
1.466022e-04
1.564276e-01
4.626346e-03
4.519217e-02
4.511405e-04
1.183907e-03
5.337603e-04
8.041310e-05
5.294644e-04
2.526685e-04
2.023150e-02
4.836702e-02
2.917692e-03
1.113095e-04
3.394023e-02
7.771222e-02
1.395018e-02
1.619745e-02
6.776080e-02
3.695988e-03
3.492594e-02
2.060283e-02
9.417699e-08
5.401713e-02
1.550121e-04
1.346153e-02
2.318714e-03
3.710008e-02
1.835670e-02
1.224557e-02
7.165167e-03
2.899647e-02
3.949004e-04
9.883870e-02
2.355541e-02
3.461989e-03
1.315786e-03
1.305165e-01
2.480517e-02
1.589045e-01
1.676710e-02
5.950511e-02
1.139597e-01
1.067178e-01
9.342169e-03
6.005795e-02
1.098310e-01
2.337860e-05
9.880858e-02
1.639491e-03
3.102881e-02
7.487157e-02
1.412263e-02
3.817151e-01
1.691713e-02
1.944240e-03
3.115549e-01
1.422003e-03
7.124640e-05
4.111648e-02
7.408402e-03
3.707144e-01
1.798725e-02
2.227326e-02
1.094449e-01
8.187517e-02
1.197241e-02
8.735705e-03
5.474866e-02
5.365577e-01
3.339326e-02
1.953547e-02
1.667455e-01
1.262577e-02
3.714696e-02
1.785710e-02
1.921390e-02
1.059758e-01
7.912975e-04
4.193873e-01
2.702194e-02
2.294355e-02
2.172159e-02
1.553933e-02
2.697429e-02
4.487769e-02
5.626143e-03
9.194311e-02
2.276336e-02
1.715960e-01
3.200399e-02
7.497154e-02
5.050007e-02
6.219172e-02
1.380765e-02
9.753344e-03
5.278510e-02
2.031929e-02
1.686682e-01
7.989467e-05
1.679643e-02
7.585140e-02
4.175745e-03
1.922219e-01
4.449771e-03
4.573322e-04
1.966176e-01
2.357285e-01
1.261409e-02
8.478267e-02
2.529750e-02
2.866486e-02
6.740509e-04
1.239825e-03
1.662373e-04
1.807685e-04
6.127420e-02
1.555563e-01
1.049909e-03
5.958520e-02
4.709610e-05
5.637648e-02
1.626388e-02
3.127877e-02
3.799960e-03
1.540031e-01
1.015213e-01
4.216873e-02
1.189459e-03
3.989985e-01
4.585442e-02
1.321817e-03
1.698984e-02
3.126613e-01
1.035575e-02
2.228710e-01
4.381340e-05
9.285238e-03
8.299956e-02
2.229154e-01
1.238811e-02
7.942625e-02
4.503465e-04
2.946891e-01
4.302698e-02
2.205125e-03
4.624996e-02
5.991523e-02
3.647566e-03
9.494272e-02
9.442180e-04
3.278188e-02
1.032613e-02
2.906306e-02
1.579672e-02
5.211668e-02
2.019934e-02
8.467613e-03
8.210480e-03
1.162395e-01
2.573649e-02
5.964852e-02
4.288343e-02
6.590701e-02
6.931450e-02
4.506339e-03
2.739867e-03
1.508619e-04
2.316316e-02
5.009909e-02
8.324843e-02
1.920719e-01
3.839740e-02
2.785598e-02
6.394138e-03
1.117996e-01
7.055982e-06
2.836248e-04
2.894342e-02
9.038898e-03
7.635702e-03
4.043645e-02
8.485484e-03
1.382318e-04
8.893564e-02
2.393565e-03
4.116648e-02
8.045766e-02
3.653291e-03
2.187739e-02
4.629256e-03
4.932639e-02
1.726959e-01
6.569301e-03
1.159822e-01
1.854582e-02
1.943423e-01
1.808289e-01
5.925126e-02
7.211579e-04
5.501544e-02
5.281242e-02
2.219691e-01
6.516205e-03
9.502858e-02
4.699309e-03
1.317170e-04
2.458751e-01
1.304206e-01
1.495983e-03
1.630117e-03
1.457218e-02
2.211998e-01
1.316316e-01
3.051658e-02
6.855569e-03
2.709795e-02
1.852885e-03
2.113051e-02
7.080007e-02
2.442005e-01
2.585881e-01
7.077347e-04
2.994654e-02
8.463687e-03
5.997754e-04
8.530271e-04
2.466251e-01
6.172166e-02
5.400348e-02
2.455896e-02
7.279013e-03
1.070678e-02
2.749353e-02
5.340436e-02
1.529477e-02
5.522118e-02
1.333985e-02
8.676624e-02
2.386401e-02
2.261243e-01
2.368499e-02
9.806070e-04
5.198935e-02
1.344943e-02
2.266324e-02
3.947798e-05
2.057201e-02
3.228468e-03
4.486632e-04
4.346581e-02
1.135730e-01
4.047237e-03
3.906143e-02
2.374451e-02
1.581012e-01
1.189669e-03
3.693604e-02
6.024961e-02
1.253644e-02
5.383927e-02
7.136238e-02
1.950624e-01
1.017992e-02
1.084384e-01
2.112701e-02
1.600600e-03
1.258396e-01
1.242824e-02
1.724511e-03
4.162682e-02
6.720455e-02
1.795289e-02
4.658664e-02
5.473431e-03
6.346318e-02
3.313411e-02
3.246811e-03
5.831203e-04
6.184497e-03
1.763600e-01
8.074695e-03
1.116605e-02
1.539948e-02
4.493746e-03
1.121187e-03
1.362612e-01
3.117561e-02
8.031130e-02
2.709861e-02
2.776309e-02
4.587376e-01
1.269593e-02
1.882102e-04
1.098531e-01
6.253368e-02
1.134318e-02
5.439080e-03
7.885043e-02
3.660981e-02
4.526027e-03
2.366990e-01
1.419430e-03
2.929581e-02
6.133903e-03
7.373885e-02
1.450452e-01
3.096449e-02
3.073515e-03
1.156803e-02
5.778999e-05
3.240833e-01
3.131528e-02
1.848807e-03
1.285006e-02
1.214310e-03
1.385975e-01
2.877510e-02
1.976194e-01
1.435782e-05
7.628128e-02
1.236727e-02
3.395478e-01
2.524520e-02
1.036554e-02
4.344023e-02
3.478648e-02
1.118792e-02
8.597706e-04
4.975761e-06
4.063998e-03
3.725643e-02
2.299594e-02
2.571060e-02
1.438132e-01
6.039152e-02
1.981693e-02
3.793021e-03
1.354379e-01
3.572125e-03
2.728847e-01
4.078770e-02
9.012544e-03
4.372365e-03
9.453337e-02
1.430956e-02
3.829640e-03
1.423451e-01
2.027153e-02
3.940197e-02
2.155041e-02
1.416206e-02
1.188109e-03
8.362732e-02
7.436149e-03
1.597068e-03
1.498842e-03
7.332929e-02
3.296710e-03
3.364835e-03
2.091598e-02
7.891523e-02
1.602841e-02
2.106700e-02
5.074559e-02
9.388283e-03
8.305895e-04
6.648825e-03
1.604414e-03
2.871484e-05
1.080544e-03
2.013412e-02
1.048464e-02
1.506846e-01
9.539917e-02
7.383913e-04
2.347177e-03
3.618457e-02
1.649976e-02
1.704812e-03
1.100991e-01
1.548617e-02
2.563251e-01
5.735419e-03
3.897011e-02
1.328199e-02
6.239421e-03
1.582332e-03
1.721019e-04
7.101718e-02
2.184342e-03
4.363184e-03
1.206198e-01
6.734944e-02
1.151180e-01
3.015672e-01
2.016445e-02
1.280905e-02
2.040165e-02
7.412874e-02
1.317634e-02
6.350766e-02
7.805455e-02
5.038759e-03
2.858779e-02
2.322160e-03
3.256026e-02
3.663744e-01
3.985285e-04
3.278990e-02
5.276341e-04
1.456496e-02
1.038330e-02
