6.677803e-03
1.901595e-01
7.592580e-02
4.907916e-04
7.577101e-03
9.829057e-02
6.622719e-03
6.524114e-05
2.617441e-02
2.395044e-05
2.266630e-01
1.008295e-02
2.329114e-02
2.214793e-01
9.732876e-02
8.645952e-02
4.163066e-02
1.023810e-03
1.349967e-02
5.245315e-03
1.970806e-01
8.768615e-02
1.615111e-02
9.476894e-02
8.086867e-04
1.218795e-01
6.491156e-02
4.978803e-04
2.903801e-04
8.799303e-02
5.701958e-02
2.998569e-03
1.891761e-01
1.576612e-01
1.624167e-01
5.202662e-03
3.772108e-02
3.895087e-02
3.207213e-03
4.965903e-03
1.216866e-01
3.144452e-02
8.369295e-04
1.765581e-02
1.132667e-01
6.219428e-03
6.674750e-02
4.541558e-02
1.213876e-01
2.389070e-05
3.010183e-03
8.154067e-04
1.289875e-03
1.443801e-03
2.128311e-02
5.823370e-02
3.446241e-03
1.442472e-02
6.240229e-03
1.708818e-02
4.398100e-02
5.793632e-03
1.370677e-01
8.970516e-03
1.082670e-02
9.984518e-02
7.259557e-03
2.192229e-02
1.187488e-03
4.372606e-02
4.156222e-02
2.821616e-02
4.601631e-02
1.762111e-03
4.675875e-03
9.178323e-04
1.908460e-02
2.075888e-03
3.356752e-02
2.149369e-03
6.126163e-03
1.979708e-02
5.632093e-02
3.166790e-03
2.586818e-02
4.611074e-02
9.068181e-02
1.612546e-02
6.104008e-02
5.425679e-02
2.126173e-02
2.881337e-03
1.702277e-04
3.192220e-02
1.995798e-03
2.251267e-02
6.882391e-02
6.803037e-02
1.451711e-01
2.168945e-02
1.239122e-01
4.006622e-02
3.351743e-01
2.320576e-02
8.385733e-02
1.623644e-02
1.086041e-01
5.154399e-02
1.324244e-02
2.099196e-02
4.808716e-02
1.271146e-01
1.636286e-02
5.142282e-02
2.005877e-02
6.582535e-02
7.085958e-03
2.792512e-02
1.290215e-01
7.431777e-02
2.589972e-02
6.604141e-05
6.258663e-02
1.683506e-01
1.759408e-03
1.707509e-02
1.042554e-02
9.740613e-02
4.743280e-03
3.961588e-02
2.713998e-02
1.392530e-03
7.405822e-03
1.073838e-02
3.813732e-02
3.207324e-01
2.312458e-05
1.853994e-02
4.976980e-03
9.512569e-02
2.440339e-02
3.628735e-04
1.188019e-02
4.864263e-02
2.851744e-02
6.027313e-03
1.499637e-02
8.072479e-02
8.768529e-03
5.777687e-02
4.125450e-02
7.269672e-02
5.624552e-02
1.384818e-02
5.285282e-02
1.301372e-02
2.201936e-02
4.107654e-02
3.999202e-04
1.705964e-01
2.210428e-02
4.061275e-01
9.835984e-02
2.769486e-02
6.973284e-02
7.309259e-04
1.068167e-02
8.108880e-02
1.241377e-01
2.716695e-03
2.164692e-03
9.217301e-02
3.057778e-01
3.769591e-01
1.637621e-02
9.004179e-04
2.161347e-04
4.992621e-03
1.328531e-02
9.749186e-02
6.419973e-02
7.364993e-03
1.272673e-02
4.255246e-03
9.298048e-03
5.387389e-02
1.041927e-02
8.268707e-02
2.581310e-02
1.517800e-01
8.098246e-02
1.203865e-03
3.208792e-03
1.758113e-01
2.145993e-02
4.358901e-03
4.367641e-03
2.221143e-02
7.204657e-02
1.191323e-02
3.982312e-03
2.381962e-01
4.556747e-02
3.725007e-02
2.839016e-02
1.149547e-03
1.177820e-02
1.842067e-02
7.336078e-03
1.180771e-02
1.459164e-01
3.029287e-02
2.040299e-01
8.246192e-02
1.926643e-02
1.427290e-01
1.072556e-01
1.378192e-01
3.027035e-02
2.948832e-02
7.366478e-03
1.198222e-01
8.995716e-02
5.455913e-02
4.796933e-03
9.051727e-02
5.714413e-02
6.803598e-05
5.169149e-02
1.528969e-02
2.090513e-04
1.558414e-01
1.080693e-01
4.692007e-02
1.644536e-01
3.403082e-03
1.036603e-03
2.234638e-03
2.912903e-02
2.869576e-03
6.658428e-02
2.280836e-02
4.380782e-02
4.206010e-02
1.107026e-02
4.425390e-02
2.322074e-02
1.209406e-03
1.617489e-03
2.944417e-03
1.129253e-02
1.666965e-01
1.217110e-01
1.526913e-01
2.834966e-04
3.402279e-02
1.247547e-01
5.394518e-03
5.404653e-03
1.286408e-01
2.955475e-03
1.531036e-02
1.593713e-01
1.817322e-02
5.662746e-02
1.135662e-01
6.420705e-02
9.553186e-02
1.538413e-01
3.959666e-05
3.542224e-01
1.451356e-02
4.497675e-02
7.541033e-04
2.248565e-02
1.047449e-01
1.102355e-01
3.165362e-03
2.619858e-02
1.042474e-01
1.603362e-01
1.134888e-01
4.640258e-04
1.879122e-01
5.204371e-02
2.523964e-02
5.259895e-03
1.183104e-04
3.777366e-04
3.628319e-03
1.085889e-01
4.035852e-03
1.630584e-01
1.570095e-01
1.422708e-03
1.650053e-01
4.382346e-02
7.962761e-02
5.098501e-02
7.450943e-03
5.261162e-02
2.035154e-03
5.033554e-03
2.349280e-03
1.942915e-02
2.110721e-02
1.128129e-05
2.841778e-02
5.187191e-03
2.860290e-01
3.003214e-02
1.256498e-02
1.258373e-01
1.250959e-01
2.365715e-03
4.920497e-03
5.642458e-03
1.342368e-02
8.406886e-03
5.970294e-02
2.889710e-02
1.194758e-03
1.978227e-02
1.611158e-04
2.718656e-02
8.676986e-02
5.876504e-03
1.013744e-02
2.430550e-03
8.998461e-03
1.093270e-01
9.099615e-02
2.601731e-03
6.699777e-02
6.226437e-03
7.678965e-02
4.822376e-03
3.166873e-01
2.110528e-02
1.399976e-02
9.396133e-04
8.521725e-04
7.975299e-02
3.782550e-02
8.611047e-04
3.000688e-03
1.035228e-04
1.007407e-02
1.197715e-01
1.370632e-02
2.343453e-02
8.322922e-02
2.168534e-02
4.082450e-02
2.429206e-03
3.039862e-04
6.014954e-03
3.747707e-03
3.579512e-02
2.591072e-01
1.423872e-01
4.619998e-03
1.340781e-02
3.811278e-03
9.539692e-02
5.025488e-02
1.286315e-01
2.222535e-02
1.362132e-02
1.569746e-01
1.464770e-01
2.892808e-03
4.072740e-02
8.440424e-02
1.043388e-01
1.817692e-02
1.811907e-02
4.096081e-02
1.140350e-01
1.093351e-03
1.250649e-01
9.066794e-04
1.988976e-02
2.265765e-01
1.397013e-01
5.622271e-03
2.178626e-02
3.045595e-02
3.960024e-03
1.815716e-02
1.359310e-01
3.046074e-03
1.247668e-01
5.720504e-03
6.426171e-02
1.313292e-03
2.950634e-02
7.044282e-02
4.512978e-02
2.256798e-03
7.498489e-02
8.943365e-02
7.161621e-02
5.669409e-03
1.544583e-01
1.610334e-02
2.431987e-02
1.331459e-02
2.933966e-04
3.693254e-02
1.878670e-03
2.745136e-02
1.208538e-02
6.571541e-04
1.534419e-01
5.268306e-03
1.002673e-02
7.152037e-02
1.251608e-04
2.337357e-02
3.484565e-06
7.676088e-03
9.616560e-02
6.064275e-03
6.231195e-02
4.042863e-03
1.584712e-04
6.004389e-05
2.422670e-01
3.240144e-02
1.380012e-01
2.110346e-03
1.375514e-01
8.076675e-03
6.131380e-05
2.596395e-01
4.336977e-03
3.069812e-03
9.794328e-06
7.260775e-03
2.933118e-02
9.874881e-03
7.012915e-02
1.275840e-01
1.048633e-04
7.056752e-02
5.154031e-03
2.256521e-03
4.637788e-02
8.121073e-02
4.621804e-05
1.045568e-01
2.708871e-02
1.553596e-02
8.009419e-02
1.503829e-03
1.743743e-02
6.490305e-02
2.081947e-03
3.393750e-03
8.799640e-02
4.363827e-03
8.073453e-02
3.866254e-02
1.320318e-03
8.208621e-03
1.476816e-06
1.904997e-04
1.198717e-01
6.172895e-02
8.592160e-04
4.243259e-06
1.298089e-01
1.555073e-01
5.295370e-02
8.685164e-02
1.303575e-02
3.028249e-04
1.038123e-01
1.839414e-02
4.685884e-02
2.354697e-04
8.571305e-03
1.372497e-02
1.266306e-04
1.967344e-04
3.920993e-03
7.035441e-02
4.520192e-03
7.246588e-02
3.629991e-02
1.313569e-01
3.403643e-01
3.584955e-02
1.396000e-03
5.091779e-02
4.832941e-03
1.301839e-01
1.855807e-01
6.726744e-02
1.185625e-03
2.219565e-02
3.069468e-02
2.739010e-02
1.477434e-01
7.897727e-02
1.701723e-03
2.317807e-02
3.914707e-02
8.149724e-03
5.375010e-02
3.609609e-02
2.291962e-01
1.766431e-02
1.304958e-01
2.903927e-01
6.196953e-03
1.317282e-03
2.179816e-02
2.515944e-01
1.029504e-02
1.169540e-02
1.394307e-02
1.906109e-02
1.750472e-01
2.824912e-02
2.122633e-04
1.935824e-04
3.881110e-02
5.341715e-02
7.189526e-03
2.554260e-04
8.347396e-03
3.351901e-03
1.967974e-02
2.760645e-02
3.994759e-02
1.127022e-03
2.683780e-02
2.441991e-03
1.000987e-01
1.868488e-05
1.298910e-02
8.178497e-02
8.466033e-02
7.063227e-03
3.684420e-02
5.018320e-02
9.476094e-03
3.119831e-01
4.571396e-12
6.705001e-04
9.634093e-05
1.968713e-03
3.864828e-02
4.351648e-02
5.301660e-03
1.139242e-01
1.212275e-02
1.252663e-03
1.152533e-03
2.063439e-02
5.019862e-06
1.500195e-01
1.063714e-02
1.126421e-01
1.577143e-03
6.626559e-02
1.776815e-02
9.841341e-03
9.280772e-02
9.969209e-03
2.123325e-01
9.348654e-03
5.484454e-02
8.214302e-02
3.191116e-05
9.260618e-03
1.323823e-02
4.737385e-03
6.125503e-03
5.846520e-02
8.053596e-05
6.149776e-02
9.944527e-02
1.336369e-02
1.287927e-03
4.322004e-02
7.158781e-05
5.923133e-03
1.826426e-05
4.135779e-04
6.907813e-02
7.357091e-02
