1.332367e-01
5.141287e-04
6.464790e-03
3.236717e-02
2.988005e-01
1.242773e-02
1.197691e-02
3.712922e-02
1.930403e-02
1.062654e-03
8.516818e-04
6.388171e-03
2.218584e-02
6.358931e-02
1.047060e-02
1.560021e-01
1.372969e-02
9.696253e-03
4.454771e-04
4.206309e-03
5.210762e-02
1.336802e-01
2.859665e-04
5.377909e-02
3.742513e-02
3.565925e-01
2.393037e-02
4.730312e-04
2.800021e-02
5.446559e-03
4.094927e-03
1.049984e-03
7.581112e-02
2.151229e-03
6.543882e-03
2.698569e-02
7.531126e-02
5.686459e-02
3.856223e-02
1.023578e-01
1.943280e-03
4.885715e-04
1.020499e-01
3.345719e-02
4.324406e-02
8.010816e-02
3.743548e-04
3.986501e-02
1.113006e-05
4.805645e-03
4.336134e-04
6.753815e-02
4.568058e-02
1.693213e-02
1.528651e-02
1.412408e-02
2.814019e-02
2.479971e-01
5.557549e-03
2.686772e-01
2.190545e-02
1.798003e-02
5.118937e-04
5.895451e-03
1.685171e-02
1.279669e-02
1.053737e-01
2.640508e-01
2.034848e-02
1.016727e-01
7.633433e-02
5.599737e-02
2.597075e-01
1.725263e-03
2.018858e-02
1.582490e-01
9.679297e-03
3.410452e-03
6.252668e-02
3.615692e-02
2.425976e-03
2.008356e-01
4.583172e-03
1.456213e-02
8.551922e-02
2.981932e-02
1.410504e-02
2.655102e-02
5.572090e-02
3.107535e-02
8.763424e-01
2.983440e-02
2.337875e-02
1.014630e-01
3.057747e-01
1.336074e-04
3.326894e-03
9.534240e-02
8.803524e-02
3.017918e-01
2.773659e-03
4.055969e-02
7.745320e-02
1.856950e-01
6.776398e-04
7.165795e-03
1.457389e-03
6.173886e-02
2.433362e-01
2.445277e-02
5.158685e-03
3.083312e-01
8.386962e-03
4.494634e-04
1.272911e-04
1.784987e-02
6.293205e-02
5.711438e-04
8.607200e-04
8.729466e-02
2.890178e-03
7.694801e-03
3.429884e-03
3.352355e-02
1.005208e-02
8.401290e-03
4.967596e-03
1.046849e-03
1.959043e-02
8.168117e-02
1.246043e-01
2.460122e-02
1.013679e-01
2.145291e-02
1.883140e-02
4.476113e-04
2.699101e-02
3.181592e-05
2.996462e-02
9.329349e-02
1.071423e-01
2.055521e-02
7.649441e-04
1.964021e-02
1.763596e-01
5.641797e-02
4.417268e-02
1.748785e-02
1.621108e-03
6.792699e-03
3.258150e-01
1.500855e-01
1.336259e-03
6.881492e-02
2.900784e-02
5.659572e-02
2.376435e-02
1.561504e-02
6.808260e-04
2.705300e-01
2.568573e-02
2.482372e-02
1.784486e-03
1.508857e-04
1.186979e-01
1.944087e+00
4.195619e-02
7.019062e-03
1.279268e-03
2.356756e-02
1.687861e-01
4.186753e-02
4.443769e-02
2.039242e-02
2.291877e-03
3.634194e-02
1.667707e-02
5.372800e-03
2.550916e-03
1.258984e-03
4.038868e-02
7.389618e-03
1.080146e-01
1.351039e-02
2.545807e-02
1.944081e-02
4.002777e-03
2.400189e-02
1.243888e-02
5.074555e-03
6.152464e-03
1.138417e-02
3.717665e-01
1.333314e-03
1.995298e-01
1.131404e-01
2.054105e-03
5.191879e-04
9.089773e-02
5.293785e-03
7.374978e-04
5.709371e-02
1.042350e-03
6.090001e-02
2.271903e-02
1.222680e-03
6.752768e-02
1.411238e-02
2.850299e-03
3.400471e-03
9.048590e-02
1.845396e-04
1.765520e-01
3.955248e-02
1.602090e-02
9.499209e-03
3.285933e-02
7.267873e-02
1.687100e-03
6.758782e-03
1.391245e-01
2.466576e-03
7.233636e-02
3.918232e-02
1.687282e-04
2.098894e-03
1.362757e-01
1.515291e-02
8.778716e-02
4.370594e-01
1.146888e-01
5.055417e-03
8.109468e-03
8.427472e-07
6.090675e-02
3.204919e-01
1.411137e-02
6.325361e-02
6.288479e-06
2.715288e-03
1.187483e-01
4.066106e-02
3.506340e-02
3.822945e-02
1.938950e-01
6.158882e-02
6.214341e-02
1.673248e-01
2.285866e-01
6.817475e-02
1.374973e-02
1.444405e-03
5.851654e-02
1.294645e-01
1.492675e-03
6.940962e-03
4.210024e-02
2.468697e-02
5.577511e-02
1.430157e-02
5.859042e-02
2.449375e-02
6.622682e-02
3.039510e-01
1.039793e-02
1.201592e-01
4.150946e-01
6.448368e-02
3.289537e-02
1.830765e-02
3.732618e-02
4.037555e-02
3.467507e-02
2.323862e-02
8.069001e-04
1.114280e-03
1.654892e-02
1.116973e-01
1.568798e-01
8.057989e-03
4.105072e-02
3.127499e-02
5.703969e-02
4.310406e-02
6.228389e-01
8.094810e-05
4.054509e-03
1.219169e-01
6.764440e-02
1.961766e-01
1.183934e-01
1.046594e-01
7.357672e-03
3.475504e-02
5.954861e-02
6.179378e-03
5.612577e-03
1.741930e-01
1.865981e-02
1.107136e-01
2.657351e-02
4.897306e-03
3.383577e-01
4.191013e-02
8.819910e-03
4.461659e-03
3.253358e-02
4.838640e-02
8.761847e-03
6.723753e-04
2.645934e-02
6.123412e-02
2.359149e-03
6.343917e-02
1.151887e-01
2.501670e-01
1.264080e-02
3.880777e-01
1.915579e-01
3.127253e-03
7.984012e-02
6.566740e-02
1.239527e-01
1.806484e-02
4.286028e-02
3.251528e-03
2.558385e-02
4.168325e-02
1.877509e-02
1.526614e-05
4.001212e-03
6.753504e-02
5.180047e-05
4.591581e-02
1.214955e-04
1.071706e-02
6.043039e-03
6.471630e-03
1.431028e-06
5.806579e-02
4.903645e-02
8.145846e-02
7.596355e-02
2.533248e-02
6.025014e-02
1.684775e-03
9.296968e-03
5.478076e-03
6.086800e-03
9.242960e-02
4.740904e-03
7.979844e-02
1.029685e-01
5.483846e-02
2.043326e-02
6.942832e-02
6.417902e-02
4.904026e-02
9.942152e-03
3.679060e-03
3.693478e-01
9.962778e-03
3.180396e-04
2.272032e-01
1.217981e-02
1.113578e-02
9.350603e-03
2.406356e-03
4.101974e-02
1.483468e-01
1.549441e-02
5.860623e-04
1.896737e-02
2.141797e-01
2.578958e-03
5.299491e-02
1.273024e-01
4.542555e-01
1.900318e-03
4.560080e-02
6.270239e-03
4.431897e-04
1.396554e-02
3.138819e-02
4.828523e-02
2.242065e-02
4.111299e-01
6.581435e-02
3.519018e-03
3.351199e-02
5.317603e-02
4.221060e-02
2.000237e-01
8.115875e-02
5.179984e-02
6.003069e-02
2.723659e-06
1.500916e-03
7.331389e-02
1.225055e-01
9.522911e-02
2.180016e-01
8.703884e-03
1.042105e-02
3.951083e-02
1.964286e-03
3.717707e-02
5.604566e-02
7.886985e-04
6.346836e-03
1.364412e-01
3.285266e-05
9.019655e-03
6.504098e-03
3.445260e-02
3.609261e-02
4.414581e-02
1.209093e-02
3.853249e-02
5.596300e-02
4.438893e-03
4.273657e-02
4.865266e-02
1.801889e-02
6.005265e-04
3.249958e-02
1.608554e-02
2.143754e-02
3.514962e-02
8.663156e-03
1.746638e-03
4.401743e-04
9.374320e-02
1.844432e-01
5.329025e-02
1.241201e-01
1.514237e-02
1.503435e-03
6.285167e-02
1.260101e-02
5.910674e-02
1.133326e-01
5.076275e-03
1.700585e-02
3.443340e-02
2.798859e-05
9.421527e-02
1.140628e-01
1.017836e-01
7.561890e-02
2.534552e-02
1.219804e-01
2.767539e-03
1.029097e-04
8.517800e-02
1.319129e-02
1.665902e-03
5.926073e-02
2.001266e-03
7.829945e-02
2.265659e-01
2.080924e-03
2.086986e-01
8.792389e-02
1.108499e-01
3.294728e-04
4.599354e-02
1.772487e-02
2.151297e-01
8.873611e-02
3.044065e-02
6.670918e-03
2.069031e-02
2.554658e-02
1.452759e-01
4.640794e-05
4.816059e-02
4.681016e-02
9.204953e-03
1.486945e-02
3.121040e-03
3.441373e-04
2.283223e-02
1.219345e-02
8.862011e-02
2.222784e-02
2.579872e-02
1.539465e-01
7.139342e-04
6.138513e-02
4.271189e-03
6.413305e-02
1.047243e-02
9.148686e-03
3.807682e-02
1.362292e-02
1.315133e-01
1.568126e-03
7.511999e-02
8.918103e-02
3.782685e-02
8.811494e-02
6.474342e-02
6.560958e-05
2.708050e-01
1.867191e-04
2.024654e-03
6.656802e-03
1.505789e-03
3.202224e-03
2.447140e-02
4.617017e-02
7.251550e-02
1.003309e-02
1.065141e-02
2.852769e-02
1.659528e-03
1.822562e-01
1.108380e-04
1.082051e-01
1.056814e-02
2.100795e-02
1.370071e-02
1.789751e-01
8.466594e-02
1.788111e-02
9.856981e-06
1.466657e-03
2.897581e-02
7.894748e-02
1.403480e-01
4.719463e-02
5.491253e-02
4.111273e-03
4.371440e-03
9.834783e-03
5.190725e-04
2.523380e-02
1.505287e-02
1.260446e-02
4.536071e-01
1.730071e-02
1.147398e-01
4.267838e-02
6.870117e-02
2.270989e-01
1.178766e-03
7.656631e-03
4.076121e-08
1.157539e-02
2.196557e-02
8.734750e-02
1.182264e-02
2.556105e-03
4.244445e-02
3.789435e-02
9.797540e-02
7.172861e-03
2.219403e-02
2.771229e-01
3.706379e-03
7.054869e-04
1.820027e-06
6.826702e-02
1.076340e-02
1.607877e-01
1.130790e-01
1.647592e-02
5.787198e-05
2.341146e-02
3.486519e-02
2.043892e-02
9.799329e-02
4.044639e-03
2.481159e-03
1.232109e-01
1.612547e-02
3.246633e-03
1.436204e-03
1.413663e-01
1.868210e-03
3.625877e-02
1.158183e-01
3.782834e-02
5.155255e-03
7.669327e-03
1.290817e-03
6.813721e-02
3.210862e-02
2.635645e-02
2.458686e-02
2.250421e-02
1.994165e-02
2.649847e-03
