7.854487e-02
4.025890e-04
2.778012e-01
1.540008e-04
5.857257e-04
5.076525e-03
3.273214e-04
6.609372e-02
2.399575e-02
4.676274e-02
1.254322e-02
1.747698e-01
2.804580e-02
1.486839e-01
1.218828e-02
4.080250e-01
1.939728e-02
3.895164e-05
1.521248e-02
9.661204e-02
7.336753e-03
4.010421e-02
2.770172e-02
1.919375e-02
1.029099e-04
5.683074e-02
1.802260e-02
1.500942e-03
9.313311e-02
1.142683e-02
3.059663e-03
4.746404e-03
3.173294e-03
8.464071e-03
1.352591e-01
4.802927e-02
3.790662e-03
1.634155e-02
2.676050e-02
1.047514e-02
1.266944e-02
1.161267e-01
5.255856e-05
5.209248e-02
1.098288e-01
1.354833e-01
3.269341e-02
8.382394e-04
3.088145e-04
8.244941e-03
7.283197e-02
1.065668e-02
5.759339e-02
1.872441e-01
3.526481e-04
2.075885e-01
6.827367e-03
4.719445e-02
1.918714e-02
4.732551e-03
7.183432e-02
3.698123e-03
2.536681e-02
1.582834e-01
4.010828e-04
8.585101e-02
9.747597e-03
6.123154e-03
9.181742e-04
2.529524e-01
5.555666e-02
1.257619e-01
1.085592e-01
5.359817e-04
1.912867e-01
6.491356e-02
1.052626e-02
1.019662e-01
4.967038e-05
5.028635e-02
6.590741e-03
6.232257e-02
3.694576e-03
1.239729e-01
7.982604e-03
9.924520e-03
2.552443e-02
7.435959e-05
3.549525e-03
1.139472e-01
2.426020e-02
6.790870e-02
5.864535e-03
3.483682e-03
1.004286e-01
2.636688e-02
2.103588e-02
2.845828e-01
4.421780e-01
3.711648e-04
2.131215e-02
2.721272e-03
1.508444e-01
1.042359e-02
3.075676e-02
1.986309e-02
8.699686e-02
4.824538e-02
1.965595e-01
5.945976e-02
9.970445e-02
5.978513e-02
1.538249e-02
9.551273e-02
2.816645e-02
8.908135e-03
7.168895e-02
8.996980e-02
3.835504e-02
5.709645e-03
1.309334e-01
1.438119e-01
1.090487e-04
2.389935e-01
3.541967e-02
7.982574e-04
5.083502e-02
2.658395e-02
7.868769e-02
6.379927e-03
7.714864e-04
2.414810e-02
1.096189e-02
7.522439e-02
3.713632e-03
2.000877e-04
7.989957e-02
2.723847e-02
3.843576e-03
9.956536e-03
6.517248e-01
1.988108e-01
4.592248e-05
2.578484e-07
4.833919e-04
3.701466e-02
5.596563e-03
1.066197e-01
1.753854e-01
1.852966e-01
6.057780e-03
1.090479e-01
3.532736e-03
1.553831e-02
4.169255e-03
1.574397e-01
2.497329e-02
1.113617e-01
2.885850e-02
3.626194e-02
1.451074e-01
1.187916e-01
2.082507e-03
8.082025e-03
1.840972e-05
5.541457e-02
1.049145e-02
2.666363e-02
3.423226e-01
5.851461e-04
2.487498e-02
5.462227e-03
2.453901e-03
6.250180e-05
2.397406e-03
6.412777e-02
2.581325e-04
9.631448e-02
2.501248e-03
5.386575e-02
9.258577e-04
2.826983e-02
1.487615e-01
4.493689e-03
5.729277e-02
1.383617e-02
1.673779e-01
2.818809e-03
2.035401e-02
1.927814e-02
1.401506e-01
1.552365e-01
3.951483e-01
3.014109e-04
3.226404e-03
3.170875e-04
5.172753e-02
1.534977e-04
1.105889e-02
2.501718e-02
4.829340e-02
1.057050e-01
2.346012e-02
2.345806e-03
3.309153e-02
2.337675e-01
2.454390e-02
5.514010e-02
1.341740e-01
1.343085e-01
8.275627e-02
9.091836e-02
6.216163e-03
2.076261e-03
6.096617e-02
6.017282e-02
1.586139e-03
1.373204e-02
6.035956e-05
5.506613e-02
2.706592e-03
1.125817e-06
1.216773e-03
2.452842e-02
4.437344e-02
7.744370e-04
3.236138e-02
7.305767e-02
7.229766e-02
1.611889e-02
7.378728e-02
9.200173e-05
2.558311e-02
3.449376e-02
1.981422e-01
4.616893e-02
7.194675e-02
1.414562e-02
9.278576e-03
4.733129e-03
4.101577e-03
8.722806e-05
1.157059e-01
6.236216e-03
2.313644e-01
5.251125e-02
2.798291e-02
6.851302e-05
1.713852e-02
4.471804e-03
6.471855e-04
4.883733e-05
1.028341e-03
2.932303e-02
3.263847e-02
5.699171e-03
2.105814e-02
1.408338e-02
8.190665e-04
1.543428e-01
5.372887e-02
3.179936e-02
9.387198e-02
3.001418e-01
8.837576e-02
2.726748e-02
5.929433e-02
2.010391e-02
4.423136e-06
1.196971e-01
5.717804e-04
3.773544e-02
1.013386e-03
5.180421e-02
4.422402e-02
5.271871e-04
2.324070e-02
5.116371e-04
8.606712e-02
9.905235e-03
1.910979e-01
3.027064e-01
4.086111e-04
9.102142e-02
1.721777e-04
1.703912e-02
5.772777e-02
3.969549e-02
3.871416e-03
1.084576e-01
4.120242e-02
1.637500e-03
1.304915e-02
5.085976e-04
2.354431e-06
4.571869e-02
9.417589e-06
3.710245e-03
2.074906e-03
1.486979e-02
5.181877e-02
2.526931e-01
1.305633e-02
2.018508e-03
3.647172e-02
2.088028e-03
1.716372e-03
6.766659e-03
9.896346e-02
8.005054e-02
6.022009e-04
4.466282e-03
1.514130e-02
1.581682e-01
7.901173e-02
3.517030e-03
1.700037e-02
9.121242e-03
1.929492e-01
3.108630e-02
2.711838e-03
2.341966e-02
1.800926e-02
1.777738e-01
1.760954e-01
7.325602e-03
5.101820e-03
1.600450e-02
1.240099e-01
3.484431e-04
2.764541e-02
1.095803e-02
1.117717e-02
3.055527e-04
2.075334e-02
6.399478e-03
6.597518e-03
2.464898e-02
6.218528e-02
4.678119e-02
2.724696e-02
3.899473e-03
6.556264e-04
2.308481e-03
1.625057e-01
2.025981e-03
7.215555e-02
2.919016e-04
1.238756e-02
3.550083e-02
1.709571e-02
1.840155e-05
6.639064e-03
5.473439e-03
5.454198e-04
6.107567e-03
5.312846e-02
1.249157e-02
3.368774e-03
1.038428e-01
1.040042e-01
2.166135e-02
3.210123e-02
5.418283e-03
2.272987e-03
2.780109e-03
1.745774e-01
4.481116e-03
7.759985e-02
1.629478e-01
1.293175e-01
3.958594e-02
7.236044e-03
1.789843e-01
2.868350e-02
1.475420e-02
7.444897e-02
5.313666e-03
5.511413e-02
6.890824e-04
4.063425e-02
8.161953e-02
1.549392e-02
4.745105e-04
2.633787e-02
3.940499e-02
2.324473e-04
4.611978e-01
1.590159e-01
6.206853e-02
1.681388e-02
7.368712e-02
2.632075e-03
2.468424e-02
1.121238e-02
5.384271e-02
5.240505e-02
2.667172e-01
5.488809e-05
1.946898e-03
3.282976e-02
6.243523e-02
1.771918e-01
7.807042e-03
1.315834e-10
2.148903e-02
3.646176e-02
4.896023e-02
1.746911e-01
1.173822e-01
3.945524e-01
4.276506e-03
7.413122e-02
1.204938e-02
2.523909e-03
4.236962e-03
1.895766e-02
6.831404e-02
8.148206e-02
6.515265e-03
8.868295e-02
8.797260e-03
6.344961e-02
3.706481e-03
4.371518e-02
1.622071e-04
8.934605e-02
4.682972e-02
1.823437e-03
3.004178e-03
3.848814e-02
3.167156e-02
3.756105e-02
5.322721e-04
3.518956e-02
1.439014e-01
3.568186e-03
7.219624e-03
1.859177e-01
9.109777e-02
3.584064e-02
9.805411e-04
9.785530e-02
1.031607e-01
6.570648e-04
2.357148e-03
4.118984e-02
1.735580e-01
1.063334e-01
1.180378e-03
5.518091e-02
2.069103e-02
4.100109e-02
1.087637e-02
3.274437e-02
6.305273e-04
4.303237e-03
8.652128e-03
6.159782e-02
7.680656e-05
1.142798e-02
9.682051e-02
4.204674e-02
2.809258e-02
8.915250e-04
5.475379e-02
7.130926e-02
2.471930e-02
4.508017e-03
2.881952e-01
2.645616e-02
1.078389e-01
2.553961e-01
3.041694e-02
7.047494e-02
5.154775e-06
2.511605e-03
5.805575e-02
4.171228e-02
1.496247e-02
2.716721e-04
2.380446e-01
1.425944e-03
1.000233e-02
6.082210e-02
6.342291e-03
5.985157e-02
1.562373e-02
6.043888e-03
9.661864e-02
1.034544e-02
1.386964e-01
1.027647e-03
3.354440e-03
8.047865e-05
7.748531e-02
9.497532e-03
1.892023e-02
8.114873e-02
5.069154e-02
4.609505e-02
3.702734e-03
9.041656e-04
1.364169e-02
3.006916e-02
5.429396e-03
1.710780e-02
7.207318e-02
5.776497e-02
1.783180e-02
4.763937e-01
3.841265e-02
7.252508e-02
1.421201e-05
1.235576e-01
1.991315e-01
6.338809e-03
2.008267e-02
1.497332e-03
1.005212e-01
8.328811e-04
3.670946e-02
6.037785e-02
4.705685e-02
4.535127e-02
2.271471e-03
1.090008e-01
2.456101e-01
1.639093e-02
3.332742e-03
6.373978e-02
1.004871e-03
2.919791e-02
9.053776e-03
1.083453e-01
1.215158e-01
1.020815e-02
1.662078e-04
4.296550e-02
4.275195e-03
6.657273e-01
1.019160e-01
2.509961e-03
2.750163e-04
8.648130e-02
4.394937e-03
6.561579e-02
4.532365e-02
8.447613e-03
4.362602e-02
7.033744e-02
1.456554e-02
9.136028e-02
1.481781e-03
2.776470e-02
1.447943e-04
1.168519e-03
5.401549e-02
7.269205e-03
8.671307e-02
2.221864e-03
2.203253e-02
1.717218e-01
6.981293e-02
5.666114e-03
1.376319e-01
2.614122e-03
5.323296e-02
4.445517e-02
5.155300e-04
2.006117e-02
7.454773e-02
6.635316e-04
1.426225e-02
3.002451e-03
2.749084e-03
3.493856e-03
9.259494e-04
7.696619e-02
3.397215e-03
6.908785e-03
7.693817e-02
2.958959e-02
8.651085e-03
1.637056e-01
2.758063e-02
1.827317e-01
2.831733e-01
8.481182e-02
4.576347e-03
1.087607e-02
6.827421e-03
2.755212e-02
4.076238e-02
