6.692224e-02
6.529539e-02
1.065582e-04
1.124505e-02
6.284008e-02
1.956189e-01
3.260689e-02
5.504968e-01
3.192664e-02
7.827344e-03
2.092933e-01
8.606092e-04
1.510015e-02
6.448876e-03
4.273664e-03
1.991035e-01
7.568763e-02
2.172137e-02
2.154570e-02
3.865834e-02
2.210804e-04
1.640664e-01
3.680141e-02
1.150401e-02
2.126462e-02
2.941301e-02
1.793856e-02
1.661897e-01
8.667817e-03
6.431975e-03
1.136581e-01
2.419169e-02
1.485228e-02
1.463706e-03
1.277277e-02
1.291018e-04
1.304644e-03
1.647161e-03
1.356423e-01
1.771749e-02
1.499256e-02
3.833243e-02
1.111900e-02
9.320077e-02
1.256432e-01
4.125668e-02
1.169790e-01
1.919791e-01
7.792786e-06
5.176594e-02
1.065497e-02
7.475194e-03
7.698280e-02
1.042668e-01
1.343770e-02
5.330362e-03
2.246152e-02
1.702922e-04
2.065469e-03
6.367332e-02
9.149815e-02
4.870420e-02
1.182667e-01
1.071417e-01
4.452996e-03
1.012473e-01
2.649899e-01
2.554783e-01
8.043296e-02
1.400000e-01
1.779274e-02
4.903375e-02
2.905639e-02
4.516978e-02
1.287604e-02
1.727019e-01
1.062300e-02
3.561984e-02
7.530490e-03
3.498671e-03
5.794313e-05
3.224986e-04
4.050113e-02
1.998681e-03
6.108839e-04
2.187522e-02
1.524005e-02
1.354283e-02
1.796960e-02
2.250939e-02
1.196559e-01
1.150628e-01
8.965774e-04
6.619046e-02
1.001539e-01
1.557425e-02
2.058096e-02
2.987509e-05
4.509931e-04
2.722031e-02
9.208414e-02
1.399214e-02
2.096351e-03
6.184049e-02
1.581034e-01
6.540502e-02
1.938757e-02
2.810034e-02
3.358080e-02
1.494935e-03
4.268423e-02
1.487367e-02
8.985017e-04
4.192292e-04
1.660259e-02
1.659321e-02
7.361389e-02
1.597029e-01
1.438701e-01
3.178721e-03
1.967705e-03
3.057541e-02
3.156176e-01
7.375138e-03
1.681109e-01
5.165214e-02
1.376824e-01
1.131522e-02
3.965178e-02
7.016274e-02
4.028700e-02
8.713941e-03
2.569289e-01
1.105644e-02
4.952774e-03
3.459181e-03
2.074560e-01
3.238860e-02
1.025233e-02
5.785886e-02
6.465499e-02
1.059553e-01
4.990593e-04
1.521368e-02
3.779013e-02
2.187050e-03
3.733104e-02
1.547302e-03
1.648090e-03
1.643510e-01
8.799504e-02
1.272859e-01
7.012559e-03
2.582751e-01
7.674399e-03
1.095485e-01
4.224640e-02
3.114897e-02
1.511193e-02
8.378504e-02
3.422020e-02
3.648008e-02
2.663573e-02
1.313936e-01
4.824885e-02
5.365980e-02
8.580018e-02
1.124668e-02
4.770306e-02
5.251023e-02
9.041233e-03
5.824808e-03
9.763472e-03
1.368816e-02
3.621553e-02
1.731349e-01
1.777223e-01
1.423273e-03
9.774866e-02
1.351793e-01
1.039844e-01
1.068235e-02
1.409687e-01
6.678847e-04
8.703317e-04
8.623477e-03
1.249225e-04
2.454550e-02
2.731973e-03
4.979946e-04
1.563364e-01
1.055584e-04
5.922564e-02
9.857621e-03
1.234322e-02
1.601557e-02
6.392187e-02
2.495627e-02
5.518591e-02
4.855465e-02
4.507513e-02
5.286772e-04
9.557864e-02
5.002564e-05
1.982709e-04
3.102443e-03
4.517584e-02
2.496643e-02
2.954396e-03
1.446315e-01
2.874404e-01
1.081553e-02
1.536558e-01
1.370362e-01
3.110076e-02
1.746297e-05
9.614662e-02
8.319778e-03
4.231340e-02
5.497498e-04
2.324749e-03
3.831825e-02
1.581468e-01
4.444170e-02
7.743657e-03
3.906012e-02
1.475473e-01
8.097933e-02
1.413971e-02
1.090178e-05
1.605844e-01
2.247813e-01
3.800665e-01
7.043322e-02
1.609730e-02
8.398736e-02
1.030866e-01
2.104527e-03
1.124061e-02
2.856223e-02
5.346281e-03
2.203147e-04
7.515952e-03
3.719545e-03
3.797834e-04
6.286174e-02
1.077998e-01
3.451603e-01
2.226439e-02
3.117733e-03
1.060867e-01
1.228865e-03
5.292158e-01
1.079195e-02
3.182391e-02
5.799392e-02
1.397086e-02
1.064355e-04
4.936596e-02
1.077956e-01
2.327808e-01
1.272895e-01
3.072348e-02
3.739535e-02
1.486632e-02
3.050636e-02
2.203168e-02
9.927710e-03
2.231239e-02
3.367045e-03
3.255603e-01
2.214739e-02
2.113852e-02
2.489401e-02
9.532754e-02
3.296245e-02
4.672273e-02
1.462134e-05
7.591921e-03
1.029078e-02
9.809842e-02
2.022858e-02
1.375806e-02
1.569798e-02
2.622799e-01
2.312508e-03
1.689633e-02
1.845518e-02
1.246266e-01
2.944591e-02
2.071459e-03
2.900058e-02
2.425702e-05
5.823339e-03
1.053631e-01
1.841091e-01
2.351613e-06
1.644905e-03
1.648933e-02
2.572561e-03
9.837610e-03
8.736422e-02
1.530900e-02
5.237288e-02
4.104888e-02
1.873596e-02
8.987487e-02
1.493334e-03
1.626539e-02
1.032952e-01
1.787676e-03
1.020469e-03
8.174224e-02
6.449870e-04
1.649631e-02
1.810714e-02
2.858152e-03
2.896947e-02
9.079771e-03
1.926891e-03
2.907712e-03
2.408208e-01
3.542507e-02
6.115076e-03
2.797028e-02
6.765404e-02
3.477319e-03
1.046706e-02
5.710096e-02
4.053454e-03
8.130875e-02
1.128598e-04
1.103721e-03
1.251126e-03
2.745819e-03
5.464104e-03
5.003675e-02
2.565994e-03
1.389203e-02
4.367460e-02
5.001275e-02
1.845456e-02
1.334013e-01
3.967436e-02
5.765443e-02
3.002895e-04
2.750097e-02
1.527424e-04
6.290220e-03
2.259060e-02
1.540477e-02
1.788615e-04
6.304814e-02
1.820824e-01
9.347456e-04
1.508300e-02
2.660901e-02
3.589282e-02
6.673457e-02
1.342593e-02
2.860214e-02
4.421059e-02
3.533124e-04
8.647675e-02
5.682997e-02
2.973869e-01
1.309231e-02
1.891538e-01
2.496471e-03
1.319699e-02
3.323184e-02
3.448651e-02
3.031116e-02
5.622321e-02
3.244709e-02
9.485789e-04
5.438073e-02
3.148467e-03
9.575477e-02
4.107637e-02
1.886427e-01
7.610961e-02
1.473968e-01
1.417882e-02
2.198797e-01
3.987856e-02
4.920024e-02
2.974753e-02
7.060074e-04
5.268374e-02
2.578198e-02
4.272595e-02
1.119974e-01
2.400276e-02
1.274168e-02
6.804523e-02
1.091972e-02
1.136420e-01
3.854313e-04
1.309848e-01
6.890058e-02
1.368088e-01
5.816062e-03
2.226196e-05
1.698100e-01
1.064532e-02
1.430640e-01
1.762537e-01
4.400183e-05
1.117756e-03
5.293111e-03
1.585527e-02
1.160314e-01
2.494219e-02
2.574422e-02
4.334721e-02
6.355836e-04
1.736442e-03
5.831749e-02
1.533006e-03
4.379663e-02
1.293951e-02
5.326934e-02
3.608603e-02
2.731038e-02
2.368109e-02
5.705173e-05
8.525152e-03
2.109671e-03
5.853567e-04
1.855222e-02
2.574499e-02
1.202814e-01
7.045527e-04
6.886213e-03
1.700540e-05
3.623095e-02
1.228116e-01
3.590341e-03
4.494654e-02
2.446060e-03
3.067175e-03
2.126871e-02
6.840940e-02
8.576853e-02
3.585961e-02
2.834937e-01
3.660899e-02
2.096347e-03
1.138368e-01
1.241801e-01
2.172070e-02
7.474762e-02
5.334465e-02
2.052231e-01
6.468724e-03
1.219692e-01
5.124467e-02
9.630988e-02
4.555618e-04
2.643522e-03
1.778032e-02
4.356714e-02
5.318844e-02
4.516608e-02
2.392714e-02
8.114572e-03
8.111539e-02
2.765056e-01
2.536386e-02
1.442377e-02
6.840404e-01
4.692843e-02
8.593566e-02
5.238859e-02
1.095363e-01
6.047005e-03
1.009172e-03
1.000893e-02
6.119915e-02
2.442728e-02
1.858976e-02
2.472457e-02
9.853763e-03
1.062173e-01
2.020667e-02
5.224222e-05
1.851914e-03
6.290034e-02
8.185450e-03
2.432902e-03
2.996799e-02
1.174945e-01
8.609762e-02
1.125024e-01
8.587982e-03
4.855490e-03
2.425532e-01
1.061712e-02
4.008666e-03
4.470160e-04
5.003620e-02
1.400497e-01
1.335118e-03
3.781343e-02
1.009185e-01
5.131302e-02
4.031022e-01
2.134089e-03
7.872861e-03
1.370608e-01
2.908194e-03
6.760398e-02
1.170902e-01
3.323385e-03
1.115364e-02
1.275205e-01
6.709521e-02
7.493607e-03
3.694646e-01
1.662415e-02
1.085534e-01
1.373660e-01
6.486520e-02
2.199460e-01
4.383245e-03
2.600457e-02
5.381259e-03
1.010220e-01
1.306772e-02
5.981598e-02
2.553805e-02
8.562272e-02
8.772415e-05
3.627151e-03
2.618508e-01
9.956030e-02
4.928795e-04
2.278649e-01
3.205422e-02
1.546721e+00
2.369861e-02
2.301682e-02
7.865968e-02
1.415745e-02
9.693811e-04
3.254807e-02
8.485938e-04
1.639360e-01
1.204176e-02
3.281482e-02
4.359178e-02
1.210078e-02
1.829015e-01
8.144753e-02
1.913681e-01
1.600243e-02
1.555195e-02
1.258973e-01
1.208975e-02
2.247563e-02
4.611983e-03
6.719771e-02
5.985559e-06
7.111464e-02
7.747557e-03
1.056908e-02
2.424401e-02
6.396809e-03
1.603840e-01
1.153189e-04
1.431690e-02
1.768933e-02
3.082517e-03
8.198328e-02
1.374095e-01
1.059897e-01
1.210820e-01
6.731536e-03
1.533309e-01
3.119608e-01
2.456052e-01
4.218147e-02
1.254338e-02
1.391954e-03
1.016166e-01
1.458652e-02
1.479436e-01
1.141564e-02
1.071858e-01
1.351670e-04
4.752869e-03
6.281750e-02
8.487375e-03
