5.394585e-03
2.130951e-02
1.637549e-03
1.621732e-02
2.914982e-02
9.082829e-02
3.068939e-01
3.789283e-04
1.742030e-02
2.478591e-01
2.823532e-02
1.379907e-02
4.249352e-02
3.335961e-03
8.196317e-04
1.424194e-01
1.705104e-02
1.228552e-01
1.472404e-02
5.158980e-03
6.580822e-02
3.523167e-02
1.393936e-01
3.166310e-03
3.270657e-06
2.957467e-03
1.093303e-03
5.828831e-03
2.240594e-06
2.718587e-02
1.645916e-03
3.298248e-05
8.127711e-02
1.181534e-01
2.075090e-02
1.671787e-02
2.623238e-03
1.391205e-01
3.523304e-02
6.046738e-02
3.123525e-01
3.041220e-02
2.095517e-02
7.298129e-02
5.646892e-02
1.838112e-02
7.604458e-03
1.945707e-02
1.026263e-02
1.023209e-01
2.180455e-03
3.761502e-03
1.891123e-02
6.092700e-03
2.804043e-04
2.492248e-02
3.678802e-03
2.986070e-04
4.604374e-02
1.003570e-02
2.174475e-01
2.913648e-02
6.272316e-02
1.969144e-03
1.729705e-01
2.095423e-03
1.186268e-02
1.407438e-02
2.326249e-01
1.220846e-02
1.261218e-02
3.502054e-03
2.218905e-02
1.428090e-02
4.908341e-03
2.671351e-04
9.867887e-03
3.239092e-02
9.247546e-02
1.007102e-01
1.302694e-03
1.407595e-02
1.182731e-01
8.552894e-02
7.487442e-03
1.933820e-01
1.182336e-01
4.000597e-02
4.530097e-04
3.177348e-03
2.006314e-02
1.333751e-02
1.970471e-03
6.510515e-02
2.294792e-02
2.581147e-02
2.185645e-02
1.855896e-04
3.992116e-01
9.340782e-04
2.506272e-02
2.681310e-03
1.516112e-03
2.262120e-03
4.292005e-02
2.560700e-02
6.267448e-04
7.396744e-03
2.913963e-02
2.842010e-03
7.580166e-03
1.074353e-01
1.329512e-01
6.757845e-02
1.099982e-02
1.050297e-02
5.152045e-02
1.696319e-03
2.159597e-01
4.055554e-03
1.630283e-03
7.434670e-02
1.135466e-01
1.769383e-02
3.439284e-03
1.525871e-02
2.429689e-02
3.339860e-01
6.530678e-03
9.090028e-05
1.099333e-02
1.077556e-03
2.984217e-01
1.561916e-02
2.521877e-02
8.076851e-03
6.102205e-02
3.353635e-03
1.259098e-04
8.024506e-03
1.278281e-02
2.125965e-03
4.699951e-04
1.386776e-01
1.314447e-01
2.032592e-03
7.533985e-03
2.178346e-02
8.145212e-02
8.642066e-05
2.220838e-01
2.383516e-04
6.250137e-04
2.188707e-04
8.763628e-02
6.017779e-03
5.802460e-02
3.827348e-02
4.165697e-01
2.671924e-01
3.398057e-03
1.378014e-02
4.658655e-02
3.654934e-02
5.965912e-03
1.910425e-02
2.488543e-02
1.759591e-02
9.937008e-03
2.993331e-03
2.086525e-04
1.900188e-01
4.920132e-03
9.354348e-02
1.123970e-01
5.702801e-04
3.184904e-02
1.224368e-01
5.399828e-02
4.724088e-03
1.704569e-03
9.235149e-03
7.286211e-03
6.342273e-02
4.388401e-02
6.754101e-03
6.153596e-03
2.937776e-03
1.434244e-03
1.953141e-02
6.566764e-03
4.996789e-02
9.436913e-02
2.063918e-02
3.358903e-02
2.950291e-02
3.448261e-02
1.074462e-01
1.941028e-03
1.314515e-02
3.915792e-03
1.189140e-01
2.920732e-02
2.561107e-02
1.802343e-01
5.275696e-02
4.431715e-02
2.999872e-01
7.177036e-03
1.050026e-01
3.586565e-01
4.540672e-03
9.836212e-03
7.683468e-04
5.692109e-02
3.294388e-02
1.531815e-02
9.563534e-02
6.674445e-03
3.549342e-02
1.636252e-02
4.707725e-02
1.151416e-01
3.523386e-02
4.200478e-02
2.217913e-05
5.246744e-02
1.673389e-04
4.174046e-02
3.019628e-02
3.441436e-02
3.274169e-02
2.457549e-03
1.786530e-02
2.216742e-02
8.915640e-03
2.593259e-03
9.539183e-04
4.088350e-02
3.615051e-04
8.502938e-02
1.544296e-04
4.760219e-02
4.094518e-03
9.661996e-04
6.447910e-03
1.071282e-01
2.296751e-02
1.418128e-02
2.253664e-02
3.375753e-02
6.835528e-03
5.163163e-02
1.485011e-03
2.209409e-02
3.648690e-03
1.802039e-03
8.804705e-03
3.295943e-03
3.952458e-03
7.014543e-02
7.710622e-03
1.029411e-02
7.836814e-04
6.436402e-02
1.528474e-02
1.446388e-01
3.689436e-06
3.671728e-02
3.479637e-01
1.733587e-02
1.955849e-02
1.586969e-02
3.554661e-02
1.332724e-02
1.565012e-02
2.968983e-03
8.579517e-03
1.818736e-03
7.175081e-04
7.331511e-02
4.888794e-02
4.975882e-02
8.161354e-02
3.957768e-02
1.732302e-02
1.381208e-03
4.906221e-02
7.919239e-02
8.768911e-03
1.174252e-01
1.338782e-04
8.399860e-02
1.352316e-01
2.313968e-01
7.337771e-03
2.395760e-02
1.788912e-01
1.266035e-01
8.028759e-03
4.714055e-02
2.714812e-02
1.936843e-02
4.719160e-03
2.145946e-03
9.844065e-02
5.735640e-02
1.979358e-01
1.937420e-01
6.382375e-03
4.132517e-02
6.767299e-02
2.422239e-02
2.080638e-02
4.967083e-02
1.425803e-01
7.917827e-02
3.202728e-05
6.374852e-04
2.593746e-02
3.614114e-02
5.660651e-04
4.417910e-03
4.338529e-03
7.919896e-02
1.113243e-01
2.201218e-01
1.491801e-02
2.367549e-02
5.375773e-03
1.039026e-02
1.896406e-01
3.584596e-02
9.805254e-03
2.523477e-02
2.210224e-02
1.621530e-02
2.049975e-03
7.523167e-02
1.617080e-02
2.375602e-03
5.061180e-02
2.295960e-03
8.103220e-03
1.909442e-02
7.891812e-02
7.056896e-02
2.349901e-02
1.197694e-04
3.100382e-05
2.082508e-05
6.977889e-03
6.188900e-03
4.436355e-02
2.153895e-02
1.524668e-02
2.436848e-01
6.420044e-03
1.245294e-01
1.337373e-04
4.868825e-02
4.423049e-02
8.481152e-03
5.117089e-03
4.634533e-02
3.557322e-03
1.530138e-04
6.701538e-02
1.465159e-04
2.544430e-02
1.024113e-01
7.577671e-03
6.405970e-05
6.734640e-02
1.210976e-01
2.925777e-02
1.003530e-01
2.783092e-02
1.166377e-01
2.103860e-01
5.739245e-02
2.179589e-01
1.689161e-02
1.107011e-02
1.801462e-01
1.104484e-03
1.223629e-02
4.871530e-02
3.032815e-02
3.370085e-02
1.331747e-02
1.305752e-06
5.383815e-03
3.904041e-02
7.886914e-04
8.808122e-02
1.124114e-01
2.550614e-01
5.621125e-03
1.840279e-02
3.464158e-02
1.206752e-01
1.890035e-05
1.494737e-01
4.816365e-02
1.753554e-01
3.674038e-02
1.909327e-03
1.200256e-02
9.244334e-02
7.199185e-03
4.474505e-03
3.440848e-02
2.049963e-02
2.075747e-02
3.217917e-04
1.033117e-02
3.050522e-01
7.732839e-04
3.035536e-02
3.597298e-03
7.620700e-03
3.259630e-05
1.340502e-02
6.063958e-02
1.878250e-03
1.121128e-02
5.393564e-03
1.071339e-02
3.660358e-02
1.075718e-01
5.294031e-02
4.984037e-02
1.019912e-01
1.808905e-02
1.238990e-02
1.120579e-02
3.544919e-03
1.131188e-03
1.756186e-01
2.827579e-02
2.046764e-02
4.723201e-01
4.793783e-02
6.458787e-02
1.708297e-02
1.923535e-03
1.141518e-01
2.569431e-03
3.488567e-02
3.375407e-02
5.220794e-02
4.775354e-01
9.534104e-02
4.245743e-02
2.036445e-02
9.974201e-02
4.373534e-02
2.597207e-02
2.248827e-01
4.009002e-02
3.697485e-02
4.770870e-02
5.776159e-02
1.306709e-02
2.324866e-02
5.688995e-02
4.366074e-03
3.217500e-03
8.336231e-02
3.515935e-02
1.947074e-03
9.012428e-06
9.914462e-02
1.613405e-01
1.143253e-01
8.630673e-03
6.747442e-05
1.019638e-01
2.075312e-01
5.244551e-04
5.217588e-02
1.092262e-05
1.112361e-02
2.138816e-02
7.077771e-02
4.694089e-02
2.435087e-03
2.532430e-02
7.592380e-02
6.467759e-02
2.068616e-03
2.304482e-02
6.527959e-03
9.960837e-02
3.284850e-03
8.701538e-02
4.807967e-02
1.006452e-03
1.894804e-01
9.298693e-03
1.052773e-01
1.483439e-03
9.486272e-02
1.693182e-02
1.442227e-02
8.619355e-03
4.111467e-02
1.506451e-01
1.553912e-05
6.306499e-05
9.709551e-02
9.083483e-03
7.220799e-04
1.612684e-01
6.155471e-03
1.880386e-03
3.361883e-02
8.687216e-03
6.934139e-02
1.129251e-01
3.407495e-01
1.146150e-02
1.422667e-01
2.198825e-02
1.066106e-02
6.484569e-03
1.506132e-01
4.422572e-02
1.516158e-01
1.975019e-01
1.307616e-02
2.208981e-02
9.870523e-02
7.507480e-03
2.287379e-04
6.808796e-04
2.184009e-05
5.100046e-03
1.730863e-02
7.437697e-02
3.002763e-02
1.446768e-02
7.082230e-02
1.413192e-03
5.239600e-02
5.140417e-03
4.863940e-02
4.367401e-02
1.414450e-02
6.988918e-03
9.877685e-03
3.825927e-03
1.149715e-01
1.711155e-02
1.130581e-01
2.336388e-02
4.019428e-03
1.589333e-01
3.960550e-02
1.974052e-02
6.969357e-02
4.072254e-03
1.626090e-01
8.532023e-02
1.869417e-01
4.328964e-02
1.023884e-01
7.101047e-04
1.509256e-01
3.550010e-04
5.592544e-02
5.636388e-03
1.774075e-02
1.306619e-01
2.919475e-03
4.628153e-02
1.112458e-03
7.065910e-03
7.953381e-03
2.032266e-03
4.635670e-02
1.013997e-01
7.010522e-02
2.514511e-03
6.974339e-02
2.008870e-03
5.141281e-02
9.904956e-03
1.662264e-02
1.607708e-02
9.235281e-02
4.086574e-02
3.001118e-02
