1.262600e-05
1.165865e-02
1.283915e-03
6.431201e-03
4.216471e-02
8.389957e-02
3.477848e-01
1.046461e-02
1.302209e-04
9.173971e-02
9.594104e-02
3.276219e-02
2.729591e-02
1.213519e-01
7.793596e-02
1.482080e-02
2.489435e-03
6.928230e-02
1.958758e-01
1.393449e-02
9.740900e-02
1.625961e-04
3.100710e-02
1.817859e-01
4.745454e-02
8.812262e-02
2.100406e-02
1.704809e-01
3.820283e-02
7.103198e-02
1.323316e-02
6.352570e-02
1.525772e-02
1.105224e-03
8.813121e-03
5.675648e-02
4.087761e-02
2.378259e-05
2.061632e-01
3.879284e-02
1.377873e-06
1.212941e-02
8.378399e-02
3.630289e-03
1.032334e-02
6.338459e-02
2.162023e-02
1.312415e-01
1.086327e-05
3.368490e-03
4.246102e-02
5.484095e-03
9.468693e-08
2.034676e-01
1.731288e-02
7.768917e-02
9.772791e-02
3.264727e-03
2.523724e-01
3.871545e-02
1.799605e-05
1.829601e-03
3.131373e-02
4.447751e-01
5.602690e-03
4.624325e-03
3.535689e-02
1.714790e-01
1.191373e-01
3.137542e-02
2.109855e-01
3.321939e-03
7.337642e-02
6.780704e-02
1.434838e-01
2.332069e-02
1.379579e-02
1.425616e-02
5.902676e-02
1.016957e-02
2.950971e-02
2.144426e-02
3.896035e-02
6.885808e-02
3.682792e-03
3.844534e-04
1.407535e-02
2.536540e-02
5.038368e-02
6.281123e-03
2.294701e-02
1.737165e-03
6.637262e-02
1.870795e-02
5.341813e-03
6.954969e-03
1.951956e-06
4.472353e-02
4.245844e-01
1.540506e-03
3.751935e-01
8.283731e-04
1.315977e-01
1.151211e-02
5.915284e-03
1.332197e-02
4.052620e-04
4.490564e-02
2.582109e-02
6.935088e-02
3.346620e-01
1.209821e-02
6.954141e-03
5.090769e-02
4.226305e-03
5.991664e-02
3.951885e-02
1.706141e-02
5.928453e-02
2.964234e-04
2.961998e-02
9.019651e-02
1.758384e-01
5.954505e-02
9.754430e-04
5.431167e-02
3.783371e-03
2.183093e-04
1.807642e-03
4.050652e-03
3.442749e-03
1.983229e-02
2.135309e-02
5.024144e-03
5.681293e-02
3.686206e-02
3.048950e-01
3.380829e-02
3.999742e-04
8.625541e-05
1.086024e-02
3.059434e-02
2.299403e-04
3.045727e-02
8.113995e-02
8.754592e-03
1.802688e-02
2.807832e-02
3.128782e-03
1.309735e-04
2.498331e-03
1.465556e-01
7.555367e-03
1.360719e-02
6.944384e-04
8.123072e-02
1.615222e-01
5.600141e-03
5.747553e-03
2.305248e-01
1.361931e-02
1.062153e-02
4.113014e-01
3.182683e-02
2.006633e-02
3.959221e-01
1.262742e-02
4.979611e-03
5.258534e-02
5.045307e-03
6.157462e-02
2.690837e-05
9.381515e-02
4.974670e-03
1.203414e-01
6.693706e-03
3.460278e-02
4.641731e-03
6.411993e-02
3.984226e-03
7.069074e-02
5.387758e-02
4.577907e-03
5.007404e-02
4.703982e-02
3.376518e-02
5.306327e-02
1.940335e-03
1.261592e-01
3.846630e-02
3.053374e-02
1.792361e-01
4.722157e-06
1.099527e-03
2.170556e-02
4.217197e-02
8.466524e-03
1.214356e-04
1.124034e-01
3.065256e-02
3.551703e-04
3.102557e-03
6.849998e-03
3.157491e-03
4.802616e-02
1.583339e-02
6.184315e-02
2.961327e-02
2.277328e-02
1.012712e-02
1.509136e-02
1.503829e-01
3.866482e-03
2.836268e-02
1.663867e-02
9.400907e-03
5.752486e-03
4.368465e-02
1.702177e-01
1.300509e-02
4.038471e-02
7.904553e-04
3.940587e-02
1.147701e-06
9.435366e-04
5.255397e-03
8.454707e-02
1.938901e-03
3.477771e-01
3.691493e-02
6.317168e-02
9.418138e-02
2.274999e-02
3.722915e-02
6.992359e-04
7.423081e-04
2.378233e-03
8.115972e-04
1.155486e-01
1.668367e-01
3.951913e-02
3.176179e-02
4.606943e-02
1.501774e-02
3.351944e-02
5.676589e-02
8.525508e-01
9.862701e-02
1.438132e-01
4.898718e-05
4.226901e-02
2.141265e-05
3.013341e-01
4.959930e-02
9.154085e-03
1.698424e-01
6.044385e-02
7.509459e-03
4.881982e-02
3.674345e-05
1.026796e-01
2.697584e-03
1.867391e-03
3.863330e-03
4.099366e-03
4.051135e-03
2.158737e-02
7.842933e-02
2.777971e-02
1.653699e-02
7.052128e-02
9.074852e-02
3.223163e-03
5.146391e-03
5.282532e-06
3.331543e-03
8.637385e-03
3.904940e-02
2.042354e-02
1.025817e-01
3.020288e-04
4.698132e-03
1.844920e-04
8.380616e-02
2.588615e-02
4.067441e-02
8.062356e-04
2.638965e-02
8.836093e-05
4.007165e-03
2.225648e-01
1.361539e-02
2.446690e-02
4.118463e-02
3.613967e-02
1.963249e-02
2.610578e-05
7.869935e-02
8.189640e-03
3.578298e-03
1.148655e-02
1.700990e-02
1.824318e-01
1.031388e-01
1.517532e-02
2.832277e-03
5.171103e-02
2.339453e-02
3.386757e-02
4.404412e-03
6.045976e-02
4.926621e-03
2.116304e-02
8.982475e-02
1.137622e-05
5.450617e-02
2.480710e-02
3.286322e-04
1.829393e-02
1.938283e-01
3.641213e-02
4.872751e-03
9.456470e-03
6.392472e-02
5.406568e-02
6.814414e-02
1.202048e-03
6.606516e-02
2.181737e-03
3.112134e-03
6.081670e-03
8.397259e-02
1.656270e-02
3.143023e-04
1.146305e-02
1.066554e-04
1.244822e-03
3.928679e-02
5.013107e-02
3.382102e-03
2.374780e-03
5.328092e-03
1.258753e-01
2.167018e-03
5.676174e-02
6.392604e-03
4.917721e-02
9.806055e-04
2.436420e-02
8.183128e-03
5.067920e-02
3.153773e-03
1.055875e-02
4.757803e-02
3.465984e-03
8.688045e-05
6.253491e-05
8.509284e-02
7.664786e-02
2.636029e-02
3.435886e-02
1.463197e-01
1.791790e-02
1.707580e-03
7.421030e-05
5.819315e-03
4.782787e-02
1.161388e-02
9.164865e-02
4.855553e-03
6.519024e-03
1.822307e-02
1.586559e-01
7.943700e-03
5.514226e-03
1.370432e-01
2.198073e-01
1.072207e-04
8.661157e-02
3.557933e-02
2.859713e-01
5.491682e-03
5.863843e-03
4.017719e-02
3.647877e-02
1.788030e-01
9.453016e-03
1.630801e-03
1.066732e-01
1.463668e-01
2.606086e-02
3.370838e-04
9.550672e-03
2.639692e-03
1.221054e-01
2.569933e-02
2.564972e-01
1.476079e-01
8.686124e-05
2.178830e-02
6.497711e-04
1.068965e-02
1.833561e-02
2.144390e-02
1.475263e-01
2.472204e-02
1.217954e-02
7.049575e-05
6.351901e-03
6.937641e-02
9.432075e-03
2.167853e-01
1.930161e-02
1.611713e-03
2.699172e-02
7.181278e-02
1.186904e-02
3.255171e-01
2.106889e-02
1.465694e-02
1.559656e-02
6.303792e-02
2.405590e-02
6.512570e-03
1.943087e-03
4.687482e-03
8.965612e-03
2.262154e-03
9.183839e-04
5.613154e-03
4.404713e-03
4.147156e-04
4.120416e-02
6.504222e-05
1.671592e-01
5.002926e-03
1.075981e-02
6.451568e-02
2.502947e-01
2.126248e-02
8.036838e-02
9.824998e-03
5.322927e-05
6.635704e-02
2.955136e-04
8.644061e-03
4.855791e-02
2.378965e-01
3.598037e-02
2.600299e-02
6.247007e-04
2.023640e-05
1.763455e-02
4.401576e-03
4.536356e-02
5.529459e-02
2.678353e-03
4.171648e-02
1.020771e-03
6.192758e-03
1.956447e-02
1.080059e-01
7.896464e-02
4.309345e-02
5.732281e-04
1.368794e-01
1.225347e-01
3.804542e-03
1.462696e-01
1.424053e-01
3.391366e-03
6.589865e-02
1.160684e-01
7.705522e-02
1.254412e-05
2.143831e-02
3.131028e-03
1.472606e-02
3.241311e-03
8.458372e-02
1.276576e-01
5.069931e-02
6.289851e-03
2.324135e-02
2.952784e-03
7.120816e-02
3.467797e-02
2.860656e-03
1.794334e-02
5.887798e-02
3.812826e-03
7.188164e-02
2.732227e-02
9.371439e-02
1.527792e-03
1.676949e-02
1.877851e-02
5.318954e-03
1.022730e-01
1.306630e-01
8.944608e-02
1.948736e-01
3.173874e-02
4.178583e-03
1.112768e-04
1.641957e-02
1.026660e-03
8.313861e-02
2.846480e-02
1.912710e-02
4.368101e-02
6.697509e-02
3.831553e-02
1.057396e-01
1.387556e-01
4.143452e-03
7.516654e-02
1.819514e-03
1.162661e-01
3.033922e-02
2.091074e-02
3.805599e-02
3.340110e-03
2.095033e-01
5.964770e-02
7.497036e-02
8.289303e-02
1.570243e-01
3.147283e-01
4.246800e-01
5.325758e-03
1.026833e-01
1.437631e-03
4.136469e-03
6.680496e-02
3.124769e-03
1.327825e-02
1.508223e-03
1.802043e-02
2.417488e-01
1.021322e-01
2.336517e-03
1.855366e-02
1.190040e-02
1.186931e-01
4.527831e-03
3.388871e-02
1.229986e-01
1.650975e-02
3.688252e-02
8.433480e-02
5.883892e-02
5.360014e-02
5.132097e-02
1.768957e-02
2.212159e-02
3.055406e-03
6.547676e-02
4.291413e-03
2.015132e-02
1.592392e-02
2.002831e-03
6.569967e-02
1.268348e-01
1.127658e-01
4.463195e-02
4.523417e-02
2.226130e-02
6.942973e-02
2.928797e-01
2.174843e-01
5.072801e-01
2.044069e-02
1.154999e-04
2.471843e-02
8.429780e-02
7.801419e-02
3.081159e-02
2.475577e-02
8.264334e-02
6.617020e-02
1.867131e-02
8.422205e-02
3.805343e-03
2.940476e-04
9.995062e-02
7.042275e-02
7.891007e-03
3.874077e-02
9.999432e-03
2.685384e-02
2.158060e-01
2.901059e-04
4.976357e-04
