1.836127e-02
2.048212e-02
2.757886e-04
4.261569e-02
6.036469e-03
1.644450e-03
3.474618e-03
3.168981e-03
1.623070e-02
1.809553e-04
4.120254e-04
2.025265e-01
3.142182e-02
1.122252e-02
1.148806e-01
2.955004e-02
9.947280e-03
8.709596e-03
1.484108e-02
2.151673e-01
1.128445e-02
4.917726e-03
8.212019e-02
6.726720e-02
1.187601e-03
1.799030e-01
3.689818e-03
1.505000e-03
5.375733e-03
2.881424e-04
7.249711e-02
9.888130e-03
1.773741e-04
7.083747e-03
4.858159e-03
3.410503e-03
1.553997e-01
2.158777e-02
7.111776e-03
5.055387e-02
3.620956e-03
4.623632e-03
1.590874e-03
6.672587e-03
3.387828e-02
6.363647e-03
3.244428e-03
6.690388e-02
5.022098e-02
5.268180e-02
1.707270e-02
5.567768e-03
6.851692e-02
8.672363e-03
1.203199e-03
3.979945e-03
9.327822e-04
1.302246e-01
2.597471e-03
1.570310e-02
2.990038e-02
5.304429e-03
1.924850e-02
2.575607e-03
1.198702e-03
3.841032e-02
2.676754e-03
1.781253e-01
7.645863e-02
5.377072e-05
4.931142e-02
4.317034e-03
1.919696e-02
3.509987e-04
1.017009e-01
8.252777e-02
1.955824e-03
1.004137e-01
4.186973e-03
5.336035e-02
3.510863e-02
2.907317e-02
1.132197e-02
1.285799e-02
6.163486e-02
1.163399e-02
3.350386e-03
5.565425e-03
4.282028e-03
6.996287e-03
2.695189e-02
6.466113e-02
1.801199e-03
4.024501e-02
3.557997e-02
3.064018e-02
5.897376e-02
2.155825e-01
3.719989e-02
7.155806e-03
5.140881e-02
5.311472e-03
3.571639e-04
1.764138e-01
3.193316e-03
1.026382e-01
1.380104e-02
1.430399e-02
1.764176e-01
8.410634e-02
2.259319e-02
9.793154e-01
2.357847e-01
1.138313e-02
4.578097e-02
2.811145e-01
4.580106e-02
2.433950e-02
4.108983e-05
2.103338e-02
1.992640e-03
4.896635e-05
4.923175e-02
1.157024e-02
7.583773e-02
2.382147e-02
6.205489e-02
1.175269e-01
3.216554e-02
2.889554e-03
2.615005e-02
5.786921e-03
1.110354e-02
5.522361e-03
1.935617e-01
3.566370e-01
1.552220e-03
1.506382e-02
3.798537e-02
5.858794e-02
1.072341e-02
8.121722e-02
4.058719e-05
1.989001e-02
4.817913e-02
5.122220e-02
2.224866e-02
1.838669e-02
1.880400e-03
2.417186e-02
5.612356e-03
4.566714e-05
5.118272e-02
1.187663e-03
9.099370e-02
1.274758e-02
1.655873e-03
2.287759e-01
2.212263e-02
6.325987e-03
1.487331e-02
6.246615e-02
5.031607e-03
2.218124e-03
1.427082e-02
4.679988e-04
8.328138e-02
3.412118e-03
1.013772e-01
1.074324e-02
5.062991e-02
3.491218e-05
7.882092e-02
1.576800e-02
4.078581e-03
1.608604e-05
1.658249e-02
1.129998e-01
8.233085e-02
7.368704e-04
1.058317e-01
9.287583e-02
2.471143e-01
6.550464e-02
5.108984e-04
6.921500e-03
1.418297e-05
1.013347e-02
3.354510e-02
5.378366e-04
1.575474e-03
1.855678e-02
1.271763e-02
1.850662e-01
4.788807e-02
4.056149e-04
6.812929e-02
1.097603e-04
1.753751e-02
2.481843e-04
8.983093e-03
1.181923e-01
1.967432e-02
4.516013e-03
2.558878e-02
3.067760e-02
1.821679e-03
2.182141e-01
4.509347e-04
2.998280e-02
4.037575e-06
2.245277e-02
9.418899e-04
1.637945e-01
9.181278e-04
4.783963e-02
5.360781e-03
1.593387e-01
3.223478e-03
1.237767e-02
8.479266e-03
7.666997e-02
3.160575e-02
8.827425e-03
2.178136e-02
4.609550e-02
2.202558e-02
2.122599e-03
2.688855e-02
7.799027e-03
2.374896e-02
5.228001e-02
2.181758e-02
1.156786e-01
9.960170e-02
1.132015e-03
3.056943e-02
2.650877e-04
4.237527e-03
1.593532e-03
2.821528e-01
1.588469e-02
2.246203e-02
2.018936e-01
1.984020e-03
1.891969e-03
1.583450e-02
2.942016e-01
1.266898e-02
2.521187e-02
3.755549e-02
4.005785e-02
4.656663e-02
6.157894e-02
4.620325e-03
4.611231e-04
1.748171e-01
1.691136e-03
9.829807e-03
4.092811e-02
3.640791e-04
1.315379e-01
3.257174e-02
2.522982e-02
7.904730e-02
7.372083e-04
3.415755e-02
7.653954e-02
2.247276e-02
2.268150e-04
1.893731e-04
8.513478e-02
7.409260e-03
2.726489e-02
1.455043e-06
2.848996e-02
2.897348e-02
2.653522e-02
1.112616e-01
1.003399e-01
2.406803e-03
1.087486e-01
1.361599e-03
4.837325e-03
7.940876e-03
1.331698e-03
3.447197e-01
3.725809e-02
2.399744e-02
4.661664e-03
1.424173e-03
3.090632e-02
7.762988e-02
2.376849e-02
2.113270e-02
4.432928e-04
3.284912e-02
1.773904e-02
1.993405e-02
1.311126e-01
1.021605e-03
3.202503e-02
2.512356e-02
1.816448e-01
2.870375e-03
4.229063e-02
3.230983e-04
5.329109e-03
3.683955e-03
7.513124e-03
1.450302e-01
1.733223e-03
7.213184e-05
2.981242e-02
1.189796e-01
5.235748e-02
5.872585e-02
1.088275e-03
4.290620e-01
4.166318e-05
1.104563e-03
4.835005e-03
3.317801e-05
1.862313e-02
6.823286e-04
4.166686e-02
7.180440e-05
1.666341e-02
3.414856e-05
2.027930e-01
8.553968e-03
3.313255e-04
5.269700e-02
5.743466e-04
4.057551e-03
2.942565e-02
2.324402e-02
7.182227e-02
1.570967e-01
2.108096e-02
7.048833e-02
6.040438e-04
3.712809e-03
7.562594e-02
2.562415e-03
1.261539e-01
6.150722e-02
9.587273e-03
2.774271e-02
5.744184e-02
9.248095e-04
3.141860e-02
2.257350e-02
4.041780e-04
1.646726e-02
9.014169e-03
1.908470e-01
1.708523e-02
5.249217e-02
4.497735e-03
8.161722e-02
6.674151e-02
4.317433e-02
1.137681e-02
2.680142e-04
7.404594e-02
2.424483e-01
4.566161e-02
4.480381e-02
1.479709e-01
8.583339e-03
1.872209e-02
6.669417e-02
1.216650e-01
2.126368e-05
4.766404e-03
1.317919e-03
1.253408e-01
1.284371e-02
4.119715e-01
4.323058e-02
2.908512e-02
1.173803e-06
2.133018e-02
7.159950e-03
3.647818e-03
8.912551e-02
7.873435e-02
3.433571e-02
3.357063e-03
1.826937e-03
4.038377e-02
2.216001e-03
4.828916e-05
1.078413e-01
2.816662e-02
1.178598e-01
3.489676e-02
3.562222e-02
2.076656e-01
4.252194e-02
1.309851e-03
4.359263e-02
1.364835e-02
3.435405e-02
1.032641e-02
1.239081e-03
1.645672e-04
2.148942e-03
4.402657e-02
3.997829e-01
5.158398e-03
5.839569e-03
2.280883e-02
1.665048e-02
3.306777e-02
1.812934e-01
7.802999e-04
4.148003e-02
7.135732e-03
1.443476e-01
5.292192e-04
1.474540e-04
1.124131e-02
3.548386e-03
4.822916e-03
1.772706e-03
6.176956e-03
3.021733e-02
1.479562e-02
6.497159e-03
8.702900e-05
2.541188e-02
3.808554e-02
1.299893e-02
4.414876e-02
1.963791e-04
2.688300e-02
1.461231e-03
9.354487e-03
4.389233e-02
3.031426e-02
6.236035e-02
5.324907e-03
1.081691e-01
1.132037e-02
2.138281e-03
3.785680e-05
1.054734e-01
4.209635e-02
4.109856e-03
7.885665e-03
1.573464e-02
6.531232e-01
1.197140e-02
2.375769e-02
5.737214e-05
2.473105e-03
5.407080e-02
2.468896e-03
3.628053e-02
1.855828e-01
1.562862e-03
2.497736e-02
3.655659e-03
5.134619e-03
1.924605e-02
3.277809e-02
2.161577e-01
1.951517e-03
7.350573e-05
1.115759e-01
3.865501e-03
3.331152e-02
1.885210e-01
5.847837e-03
2.441931e-02
2.870089e-03
1.660788e-01
1.268606e-02
3.460691e-04
1.288222e-02
1.101457e-03
9.974418e-02
1.900005e-02
7.461036e-03
5.759594e-02
2.265673e-02
1.113126e-02
5.218371e-03
2.392896e-02
2.588137e-01
1.733397e-03
7.297232e-02
2.165079e-02
1.814537e-01
9.032650e-04
6.340358e-02
4.130526e-02
2.069678e-02
1.991184e-03
1.464317e-01
8.520164e-02
8.716890e-03
3.518036e-01
1.142154e-01
2.105001e-03
3.595754e-01
1.527605e-03
3.326465e-01
2.698077e-02
5.414315e-03
1.156940e-02
2.939978e-01
2.806729e-02
2.212406e-02
1.237397e-02
1.384728e-01
6.378039e-02
3.030369e-02
1.731287e-02
8.728400e-05
4.983607e-02
6.017211e-02
1.068134e-01
1.575228e-04
2.315750e-02
1.013453e-01
1.758488e-02
4.636619e-02
4.090302e-02
1.968445e-01
4.093497e-02
6.898650e-02
3.666101e-03
4.252333e-02
3.680957e-03
2.152617e-02
1.144910e-01
1.139893e-01
9.413294e-02
4.778785e-02
6.951765e-04
1.517583e-02
1.018023e-02
5.855090e-05
7.253839e-02
1.593809e-03
2.794562e-02
5.591595e-02
4.591267e-03
1.927063e-02
7.416776e-02
6.693921e-03
1.837497e-02
5.741891e-03
3.799285e-05
3.090283e-02
1.259095e-02
5.497745e-02
4.836008e-02
4.285873e-02
1.068125e-03
5.280352e-03
6.524885e-02
4.731457e-03
1.226447e-01
9.670792e-03
4.869309e-02
7.720262e-02
4.818361e-02
4.752253e-04
7.357569e-04
1.729978e-01
4.207023e-02
2.840996e-02
1.874306e-02
1.159642e-01
2.596415e-03
2.394644e-02
3.154909e-05
3.885782e-02
9.747225e-02
4.049736e-04
1.782542e-02
3.959993e-03
2.422573e-02
4.027102e-01
6.527822e-03
9.022570e-02
1.280433e-01
2.426345e-03
2.102467e-03
2.315905e-03
