5.784557e-03
4.591464e-02
5.458451e-04
5.286086e-03
4.864419e-03
4.229237e-03
1.121725e-03
3.286309e-03
8.618333e-03
1.093848e-01
2.861201e-02
2.573083e-02
4.400495e-02
1.380880e-03
1.755416e-02
9.816574e-02
4.835369e-03
1.271685e-03
7.966151e-02
6.576288e-02
2.316370e-03
2.046204e-02
4.431545e-02
3.382963e-02
1.318970e-01
1.098530e-01
5.229007e-02
1.418652e-03
1.921317e-02
1.145230e-01
2.457545e-02
2.776893e-02
1.515239e-02
1.359790e-03
1.749157e-02
7.219744e-02
9.756413e-04
4.952807e-03
3.397642e-03
3.777722e-03
1.218813e-02
6.143307e-03
5.589051e-02
3.367496e-03
8.881823e-03
8.301661e-03
5.619602e-02
6.940024e-02
5.681718e-03
7.756818e-02
6.272391e-02
4.333364e-03
1.434710e-03
3.078136e-02
6.654554e-03
2.540850e-02
5.608796e-03
3.912874e-02
1.006647e-02
1.134201e-01
1.374946e-01
1.122893e-01
1.184077e-03
1.986159e-03
3.519713e-03
6.862980e-03
2.074369e-03
2.872491e-02
9.100087e-02
1.042075e-01
1.126810e-01
4.858811e-02
2.698132e-02
1.243054e-03
3.450407e-03
1.089572e-02
5.256016e-03
4.817250e-02
1.177131e-02
1.637505e-01
5.518697e-02
3.078687e-05
5.347779e-02
1.669866e-01
3.429906e-02
3.136722e-03
6.488209e-02
5.112406e-02
8.422955e-03
2.702775e-02
6.357493e-02
3.039106e-04
1.382766e-02
2.629205e-02
1.090502e-02
8.159774e-02
1.846659e-02
2.443834e-02
5.370319e-02
6.118109e-03
1.694352e-01
3.546015e-02
8.125250e-04
2.761728e-03
2.650200e-03
2.511844e-02
4.025350e-02
9.648593e-03
4.545561e-02
8.110068e-02
2.866136e-02
2.474673e-02
3.181447e-03
6.493494e-02
3.398478e-02
1.795339e-02
5.680859e-02
4.280187e-02
1.441861e-03
6.624746e-03
1.205610e-02
8.928754e-03
3.985608e-02
1.249709e-02
2.317758e-02
6.621032e-02
4.495603e-03
5.915032e-03
3.685750e-02
1.892709e-02
5.791530e-03
3.945748e-04
1.181208e-01
8.787426e-02
3.802150e-02
3.502586e-03
2.082289e-01
4.423109e-02
1.485663e-01
1.498864e-01
9.930763e-02
4.995695e-02
1.348864e-04
4.118238e-03
1.761766e-01
6.440734e-02
3.811817e-02
1.095136e-01
3.148973e-01
1.414205e-01
9.743255e-03
1.148183e-02
1.257910e-01
5.632862e-03
1.436547e-01
6.539294e-04
4.344437e-03
8.300160e-03
1.174284e-01
7.305376e-03
3.617828e-01
2.642419e-01
1.658058e-03
2.641457e-03
1.477231e-01
1.319274e-01
1.118258e-01
3.026529e-02
1.909108e-03
1.696081e-01
9.704337e-02
2.860015e-02
8.961663e-03
2.474303e-03
4.919702e-02
2.180208e-02
6.283668e-06
7.794466e-04
2.394609e-02
2.273461e-02
9.526832e-03
2.352263e-02
5.763829e-02
6.861145e-02
5.939260e-03
7.622887e-04
1.449404e-01
1.380102e-02
1.451831e-01
5.776436e-03
3.083339e-03
8.908787e-02
1.935405e-01
1.333609e-02
4.820881e-02
7.607002e-03
2.516666e-01
8.976179e-02
1.273863e-03
1.241944e-04
2.770703e-03
3.163371e-02
7.015243e-02
1.092296e-01
1.911396e-02
3.276219e-01
9.949233e-03
5.873054e-03
4.508583e-02
6.246044e-02
3.294207e-02
1.378595e-01
8.423627e-04
6.849279e-02
3.425293e-04
3.302885e-02
8.960950e-02
3.149076e-02
7.244169e-04
5.531490e-02
2.097727e-03
1.598300e-03
4.126128e-03
1.264624e-01
1.556692e-04
9.381266e-02
4.513243e-03
2.099047e-02
1.316918e-02
1.841669e-02
3.204021e-02
1.873200e-03
6.038484e-02
5.699787e-02
2.042852e-05
1.584965e-02
9.143122e-05
7.135000e-02
9.894756e-05
7.993980e-03
2.809374e-02
2.130736e-02
5.875897e-02
1.293729e-01
9.766922e-02
1.152731e-02
1.046894e-01
1.309844e-01
1.044253e-01
5.307843e-02
1.159751e-02
1.996506e-03
8.416699e-03
3.173581e-02
5.739892e-02
9.158195e-03
2.717685e-03
4.102260e-02
2.809384e-03
2.147450e-01
4.230122e-01
4.067664e-02
4.455793e-05
7.106086e-03
1.825884e-03
6.447962e-02
2.280179e-02
4.380667e-04
4.109307e-03
6.314021e-02
5.069194e-02
7.376626e-02
7.568673e-02
2.363727e-03
2.398013e-01
3.376235e-02
6.639044e-03
9.368067e-03
6.742881e-02
8.169103e-03
7.784173e-03
5.318783e-03
9.333452e-02
1.195121e-02
2.301744e-01
1.689608e-01
1.134501e-03
1.421184e-01
1.168909e-01
4.820641e-02
1.783519e-02
1.133980e-02
1.371108e-02
1.615010e-01
2.194762e-02
2.812330e-01
9.753406e-03
9.980315e-03
4.054596e-06
3.535253e-04
7.014813e-02
7.823767e-05
9.721213e-03
5.272986e-06
9.241884e-04
4.512991e-02
2.700030e-03
1.222492e-01
1.725693e-01
1.019699e-02
1.964971e-03
3.921099e-02
2.505035e-04
1.153463e-03
1.349540e-02
6.446380e-04
8.151542e-02
1.583385e-02
5.836517e-02
2.070184e-02
5.921822e-06
7.810457e-03
1.327350e-01
3.486407e-02
2.256833e-02
1.189038e-01
2.054381e-02
5.643893e-02
1.083226e-01
6.135342e-03
1.551127e-03
9.561400e-02
9.702818e-03
7.540154e-02
6.379324e-04
9.040791e-08
6.192298e-02
4.380350e-02
1.858580e-05
6.125765e-02
3.426482e-02
4.581683e-02
1.420707e-01
1.725741e-02
6.630226e-03
1.355009e-01
3.621957e-04
6.620858e-02
1.921720e-01
7.003321e-02
3.772164e-04
1.409808e-03
5.958719e-02
1.829079e-01
1.047288e-01
3.767233e-02
7.310400e-02
3.858433e-02
4.553994e-02
1.461833e-03
5.058628e-02
6.419822e-02
5.489532e-02
2.981124e-03
4.184239e-02
5.627707e-04
1.049978e-03
1.183596e-02
3.589457e-03
1.436408e-03
1.623971e-01
7.186828e-03
3.829052e-03
1.701931e-03
2.187583e-01
1.103037e-02
3.764238e-03
2.541626e-02
7.637237e-02
9.162231e-03
1.826487e-01
2.024777e-04
2.460783e-02
2.374712e-02
3.873820e-03
4.244465e-03
1.272339e-01
2.206625e-01
2.647856e-03
4.027911e-03
7.170780e-03
6.264794e-02
1.390025e-02
3.933416e-02
7.089537e-02
2.097337e-02
7.796231e-03
6.800150e-02
4.919336e-02
2.584261e-02
8.877040e-03
3.965572e-02
1.738122e-03
1.870661e-02
4.188092e-02
1.227490e-01
3.809919e-02
4.869034e-03
1.768350e-01
8.021427e-02
6.346197e-02
4.070324e-02
1.760313e-05
5.068163e-02
3.409028e-02
2.583502e-01
1.187223e-01
1.253042e-04
1.366976e-02
1.836002e-01
1.715691e-01
3.472817e-02
1.207144e-01
2.406324e-02
1.325767e-04
1.762639e-01
3.500343e-02
9.555058e-02
1.523217e-01
6.663749e-04
2.334550e-05
2.005642e-01
1.078769e-01
4.138829e-02
1.075520e-03
1.552574e-02
8.890469e-03
3.208958e-03
1.171300e-03
4.920809e-02
9.346091e-02
2.371363e-03
4.354956e-02
5.552230e-04
2.157240e-04
4.238314e-02
3.165914e-04
7.153655e-02
1.484017e-01
5.030512e-04
7.923377e-02
6.955926e-02
1.611269e-04
2.579399e-02
1.990328e-02
2.692647e-01
1.743600e-02
2.109647e-02
1.630182e-01
1.569683e-03
3.521122e-02
1.992317e-02
3.444930e-02
2.444586e-03
4.748157e-03
2.859735e-02
6.961774e-02
1.919488e-01
4.683703e-01
1.553558e-02
1.114802e-01
8.608757e-01
2.301016e-01
3.659090e-02
7.770278e-04
6.174903e-02
3.916591e-02
1.975552e-02
1.442686e-04
4.536239e-03
7.249818e-03
2.928273e-02
2.584353e-02
1.599360e-02
2.055721e-02
1.861389e-02
3.896600e-03
7.151008e-03
1.654912e-01
2.099110e-02
3.339425e-02
3.819356e-02
2.425289e-02
1.475905e-03
1.666360e-02
3.432751e-02
2.752505e-02
6.335307e-02
5.067875e-03
2.036790e-02
8.028798e-04
8.411781e-02
1.108452e-03
3.290859e-03
5.444721e-02
8.058882e-02
8.242276e-02
1.199210e-01
3.969062e-02
2.923442e-02
4.336096e-01
4.068598e-02
2.335893e-01
1.023923e-03
6.803749e-02
3.482437e-03
5.186183e-02
3.276220e-03
2.957931e-02
1.531445e-02
4.341349e-02
1.898701e-03
1.634859e-06
2.604288e-02
1.204414e-03
1.513530e-01
1.204466e-02
6.664400e-04
6.922687e-04
2.207842e-01
6.382658e-02
3.878414e-05
5.119478e-04
6.428426e-02
4.666622e-03
8.256117e-03
1.572796e-01
1.426989e-02
7.949705e-03
1.640853e-02
1.010197e+00
3.296613e-05
3.407671e-02
2.616213e-02
2.603169e-05
1.536206e-01
1.472711e-01
1.670707e-02
3.571997e-02
6.482242e-02
1.980252e-02
2.430707e-05
8.645557e-02
5.600018e-03
3.913427e-02
2.430919e-01
6.107962e-02
1.157584e-02
3.366049e-02
2.645780e-03
1.426703e-01
9.431363e-04
6.057289e-04
1.135032e-02
1.718424e-01
1.909025e-05
9.135784e-02
1.812979e-03
2.378134e-02
1.028682e-01
1.533043e-01
2.677675e-02
1.517880e-01
3.766934e-03
7.592204e-04
6.036054e-02
1.084635e-01
8.931337e-04
7.658301e-05
2.887057e-03
3.141470e-02
5.044051e-02
5.933031e-02
7.865576e-05
9.560536e-03
1.067140e-03
6.295863e-03
7.497670e-04
9.574433e-04
1.611454e-02
3.273923e-02
5.633097e-03
2.904382e-02
2.501281e-01
