2.896721e-01
6.104817e-04
4.513178e-03
8.229138e-02
4.461083e-03
1.599774e-02
4.291139e-02
1.537443e-03
3.348009e-02
1.477211e-02
7.365108e-04
1.148566e-01
8.868093e-02
1.223808e-03
2.486003e-02
2.741085e-05
6.263325e-03
1.017993e-02
1.028177e-01
2.680875e-01
4.882368e-02
8.562482e-03
1.778483e-04
4.794207e-02
1.580406e-03
1.060348e-01
1.143919e-04
2.518012e-07
6.269476e-02
3.512673e-02
8.274307e-03
1.428248e-02
4.998682e-02
9.892942e-02
9.437697e-02
2.848153e-03
1.980913e-04
2.687525e-03
1.697077e-03
8.792228e-03
4.252272e-05
5.093037e-02
5.390270e-02
9.802973e-04
7.592299e-05
1.663507e-02
1.609615e-02
5.879033e-02
3.620481e-02
1.298761e-01
6.339543e-02
4.367412e-02
8.399417e-03
4.663979e-02
1.330465e-02
1.021381e-04
4.565960e-02
2.211488e-02
4.707975e-03
2.067730e-01
1.496211e-01
1.585074e-01
6.004291e-08
9.424858e-02
1.947776e-02
2.841676e-03
4.383010e-02
2.151848e-01
1.414958e-03
1.419415e-01
1.959428e-01
1.617091e-01
6.817021e-02
9.909039e-03
9.615805e-03
1.015996e-01
2.284983e-05
4.398771e-02
7.069673e-02
1.212135e-01
1.110951e-01
4.218256e-03
1.868666e-02
1.657614e-02
8.218432e-05
4.109199e-03
4.296238e-02
5.435941e-04
5.484717e-02
4.279744e-02
1.310615e-02
4.643727e-03
2.520490e-02
1.082648e-02
6.139775e-03
7.739588e-05
3.989135e-02
5.022200e-02
1.673416e-01
5.588927e-03
5.714665e-02
1.399200e-02
1.014684e-02
3.438642e-01
7.882488e-02
1.089834e-01
1.078674e-01
6.885370e-04
2.537196e-01
1.132080e-01
1.046430e-02
5.875957e-02
7.159334e-03
3.278551e-02
2.444289e-02
1.862603e-02
1.119823e-03
8.142027e-04
1.294285e-02
3.061798e-02
4.430126e-03
1.340386e-01
1.330013e-02
7.808422e-02
2.916782e-01
7.619637e-02
8.564250e-03
1.774587e-02
6.662896e-02
1.706990e-02
2.775504e-02
9.724811e-03
4.577448e-02
2.267237e-02
1.536702e-04
5.322548e-02
2.447185e-01
1.521898e-02
1.026912e-01
1.828565e-02
2.164576e-03
6.358549e-03
1.110759e-03
5.797617e-02
4.016475e-02
2.243425e-02
2.892531e-03
1.035847e-01
8.333712e-02
1.044990e-02
3.647641e-02
2.200228e-01
2.550863e-03
2.932033e-01
4.180575e-02
3.377455e-04
6.396679e-03
4.272082e-02
9.907303e-02
1.166400e-01
9.152340e-02
2.943750e-03
6.161916e-02
8.611784e-02
2.361551e-03
1.986730e-02
3.851868e-01
7.287872e-03
6.877286e-04
1.318427e-01
4.280684e-02
2.533168e-02
1.352399e-01
3.369369e-03
1.500682e-01
5.722613e-02
7.704566e-02
5.205349e-03
8.258449e-02
6.516838e-02
2.581403e-02
1.742131e-03
3.140950e-02
3.543971e-02
3.450393e-03
8.817389e-02
7.361025e-02
2.347731e-01
8.320148e-02
5.702074e-03
5.520221e-02
6.626063e-02
5.766616e-02
1.003720e-01
5.712434e-02
1.016621e-02
6.593419e-02
1.141775e-02
7.493616e-02
1.375330e-02
7.778402e-02
2.017613e-02
5.824910e-03
3.261952e-02
1.478145e-06
5.434951e-02
1.344984e-03
1.950911e-01
9.756469e-02
2.685500e-03
1.203308e-04
2.480895e-02
2.133059e-01
3.236079e-04
3.867592e-02
9.842557e-03
1.267240e-02
5.360068e-02
3.305769e-01
2.481000e-01
6.036043e-02
7.152026e-03
1.825073e-02
2.381956e-02
2.247028e-01
3.585611e-02
4.801611e-04
6.110978e-03
9.464623e-02
2.848701e-02
1.016763e-01
1.042303e-01
6.505490e-02
7.535886e-02
7.587530e-02
3.907382e-03
4.262707e-02
6.577777e-02
1.098135e-01
1.016121e-02
2.466335e-01
3.472661e-02
1.747431e-04
1.726617e-03
4.463818e-04
1.518675e-01
6.137726e-02
4.236341e-03
1.155941e-02
1.126092e-03
1.562690e-02
3.908631e-02
3.385330e-03
3.069030e-02
2.150469e-02
2.604903e-02
4.912281e-02
5.531247e-03
7.580310e-03
2.149090e-02
4.007146e-04
6.328449e-02
4.901747e-02
5.324600e-02
2.963263e-02
5.444701e-02
8.613499e-04
2.623973e-02
2.237371e-03
6.678613e-02
2.755608e-01
2.880519e-02
7.844655e-02
1.483748e-02
2.346335e-02
1.440805e-03
2.979648e-01
1.357059e-02
7.366497e-02
2.220008e-02
1.467777e-02
3.032667e-02
5.635376e-03
9.447104e-04
5.793407e-02
4.657844e-02
9.180762e-02
2.594559e-02
7.384798e-03
1.478511e-02
7.682244e-03
2.834999e-01
5.499231e-04
1.299913e-01
2.373500e-02
7.952059e-02
1.911445e-03
1.477086e-02
7.508964e-04
1.285286e-03
4.918860e-05
2.665776e-02
7.553451e-02
1.314592e-02
1.155407e-04
1.316383e-02
4.203325e-02
7.465875e-03
1.735110e-01
3.518460e-02
7.854227e-02
2.882021e-02
3.999363e-04
2.439049e-02
2.830244e-03
4.687781e-02
4.626810e-03
2.768987e-03
4.992771e-02
4.441277e-02
6.100527e-02
5.243420e-03
3.730578e-03
5.881886e-02
1.081544e-01
5.145550e-03
4.632722e-03
1.490414e-02
7.040832e-02
2.030197e-01
7.741616e-02
5.860865e-03
1.683387e-01
3.436871e-01
6.198441e-05
2.318294e-02
8.699207e-02
1.043099e-01
3.955635e-03
8.368284e-03
2.291726e-03
2.181640e-02
1.592923e-01
5.305992e-02
2.626862e-02
1.827992e-03
1.102511e-01
1.796258e-01
2.923128e-02
7.684617e-04
6.108233e-02
4.541721e-02
3.864245e-04
8.068646e-02
3.102348e-03
4.786451e-02
1.154300e-01
5.693307e-04
8.478384e-03
5.618173e-02
1.203813e-02
5.688458e-03
1.529263e-02
3.134765e-01
1.758946e-01
8.968152e-04
3.358853e-02
1.262976e-02
3.300826e-05
6.511557e-02
7.364860e-02
1.271555e-02
4.363069e-05
6.708000e-02
5.174354e-03
2.309614e-02
5.792736e-02
4.457359e-02
3.013000e-02
1.635799e-02
5.205666e-03
4.701613e-02
3.211709e-03
7.334429e-03
7.332480e-03
3.771239e-03
3.259903e-04
1.042972e-02
2.530215e-02
1.752996e-02
7.264518e-03
8.610010e-03
7.684899e-02
2.218856e-01
1.832132e-01
3.127428e-02
1.085995e-02
1.617551e-04
7.014512e-02
8.733492e-04
3.440907e-03
3.127481e-03
8.831943e-02
1.700914e-01
8.644522e-06
1.613036e-02
4.150585e-04
8.546394e-03
1.342671e-02
2.508023e-02
2.591359e-02
8.073890e-03
1.673995e-01
3.636265e-03
2.453666e-01
3.986246e-02
6.672993e-04
8.660281e-02
6.427386e-03
4.361971e-02
2.036173e-04
4.122218e-02
8.807622e-03
8.108097e-04
3.166207e-04
5.923856e-03
5.137828e-01
8.403833e-02
2.900039e-02
2.551099e-01
8.240302e-02
5.571835e-02
3.014778e-03
1.817306e-02
7.942989e-02
8.114162e-05
4.256791e-02
2.042744e-02
3.868835e-02
1.099129e-01
1.434968e-01
1.273798e-02
2.094166e-02
5.644648e-03
4.471508e-06
8.096735e-02
9.373272e-03
3.737725e-03
4.657365e-02
9.760093e-02
3.002605e-03
1.184325e-02
1.159646e-01
2.483072e-02
7.034740e-03
5.034629e-03
8.177591e-02
1.409896e-01
5.236444e-02
9.263893e-02
5.362769e-02
2.424384e-01
2.158316e-02
2.202920e-03
2.701361e-02
6.861784e-02
8.360229e-02
1.398321e-02
3.881793e-02
6.577108e-02
8.980825e-03
7.424310e-02
1.244248e-02
2.994948e-03
6.010795e-02
2.796130e-02
3.874273e-03
3.289517e-02
1.588942e-03
3.185605e-02
1.880416e-01
8.587232e-03
1.306024e-01
8.981647e-02
6.407858e-02
1.510063e-02
7.697545e-03
1.618874e-02
1.724599e-02
2.153695e-02
5.015018e-02
6.397541e-02
4.390817e-03
1.343749e-03
4.973544e-02
5.882717e-03
3.753318e-02
1.626097e-01
2.590219e-02
1.905662e-01
2.574459e-01
6.895328e-02
3.158316e-02
2.950341e-02
2.765355e-02
3.576119e-03
3.616855e-03
1.482961e+00
3.085438e-02
5.537746e-02
2.172457e-01
1.823827e-01
1.196227e-01
8.388629e-02
2.089402e-02
5.070126e-02
6.027347e-02
8.183055e-03
5.924025e-02
1.795057e-01
1.552429e-01
4.448603e-02
1.111163e-02
3.982609e-03
1.185989e-01
2.967565e-02
5.574931e-02
7.265704e-02
3.421039e-02
5.053619e-02
4.814919e-04
5.744353e-03
7.612338e-02
5.372562e-03
2.260531e-02
7.870213e-03
6.784990e-02
7.154096e-03
3.099106e-05
1.608412e-02
1.086097e-02
2.354376e-04
3.153607e-02
2.242054e-01
6.617985e-02
1.302293e-03
3.741984e-02
1.052516e-01
1.672566e-02
2.617443e-02
1.443995e-02
2.505516e-02
1.501535e-02
6.246296e-03
7.395198e-05
3.516834e-02
2.067003e-01
1.799332e-04
6.055881e-03
6.032822e-04
5.027270e-02
5.563495e-03
1.189787e-02
5.959608e-04
1.614540e-02
1.587697e-01
4.151512e-02
3.646972e-02
1.783957e-01
2.428508e-03
1.122836e-02
4.537579e-02
3.041698e-02
4.264073e-02
9.623783e-02
4.271861e-03
2.767341e-03
2.320087e-02
4.858368e-03
2.001022e-02
1.731555e-02
3.028639e-03
2.676787e-02
2.447982e-02
5.803699e-04
4.597465e-02
3.035439e-01
1.670780e-02
1.658258e-03
2.493915e-02
1.102852e-01
3.907852e-03
1.245766e-01
8.368634e-02
