3.108388e-01
5.024683e-03
2.020625e-02
2.218601e-04
6.801811e-03
4.931613e-03
3.455287e-02
3.275526e-02
5.068553e-03
9.568047e-02
7.749871e-04
3.404370e-02
2.979685e-03
1.116236e-01
9.263376e-03
2.610058e-03
1.857031e-02
2.986396e-04
4.667424e-02
9.934802e-04
2.775450e-01
5.593270e-02
4.737751e-02
1.801503e-01
8.577531e-02
2.318693e-02
6.502729e-03
9.705971e-02
1.312160e-02
1.640337e-02
8.877122e-05
2.741562e-02
4.669585e-04
1.124280e-02
4.130831e-05
4.624896e-03
1.142613e-02
8.899490e-03
4.085458e-02
9.987018e-02
2.024074e-02
3.320230e-04
4.096070e-03
1.981977e-02
6.047903e-05
4.055527e-02
9.206613e-02
1.755447e-03
4.466093e-02
3.334680e-03
4.865020e-03
2.598064e-02
2.870623e-02
1.439554e-02
4.461088e-02
4.431783e-02
2.741950e-02
3.251411e-02
4.311760e-03
5.225009e-02
2.578269e-02
7.248930e-02
3.676952e-02
3.646276e-02
1.496302e-01
2.948356e-02
1.163411e-02
2.385703e-02
1.173487e-01
2.007700e-03
8.160382e-02
3.617994e-02
2.367270e-02
1.347408e-04
6.643914e-02
1.458715e-01
2.966621e-03
1.227385e-01
2.285830e-03
5.942828e-02
1.162682e-02
4.321086e-03
8.871894e-02
7.100095e-02
1.046967e-01
1.345827e-02
1.645700e-03
1.546018e-01
1.643442e-01
5.436169e-02
1.322893e-02
1.323085e-01
7.051084e-02
8.909729e-04
4.990956e-05
3.642981e-03
9.740001e-02
2.289016e-01
1.550739e-02
3.153639e-02
1.400090e-01
3.696572e-02
1.185806e-01
1.329991e-03
6.969923e-04
5.148268e-02
6.614536e-02
7.618583e-03
1.834361e-02
5.933409e-03
1.759995e-04
1.206489e-02
2.219068e-04
2.304273e-03
1.546971e-01
3.638316e-08
1.449308e-02
5.966965e-02
2.978989e-02
6.849925e-04
6.607565e-03
1.199445e-02
1.315395e-01
1.627098e-02
2.079609e-01
2.930608e-03
1.071080e-01
1.671265e-03
7.797331e-04
1.162123e-01
7.183008e-02
1.249171e-03
1.687153e-04
5.626861e-02
1.348684e-01
2.182427e-02
1.759535e-02
2.321237e-02
1.275393e-01
1.000540e-01
9.018313e-02
1.066537e-01
2.417642e-02
4.530234e-04
1.935562e-01
2.647457e-01
5.192808e-03
9.680899e-04
1.105045e-01
8.967743e-02
3.024147e-02
1.354381e-01
1.676300e-01
4.162693e-02
2.811485e-01
5.711472e-04
2.311525e-02
2.013501e-01
1.671919e-02
9.256778e-02
8.218277e-03
1.275059e-03
2.774498e-01
9.747494e-02
5.418821e-02
9.219234e-02
3.414069e-04
7.100692e-02
3.315696e-02
2.341638e-02
1.042565e-02
1.448409e-03
8.705043e-02
1.008079e-02
4.305118e-03
3.763605e-02
1.506504e-07
4.818281e-02
1.240003e-02
3.150229e-03
1.038346e-02
4.497907e-04
3.145374e-02
5.412170e-01
6.664522e-02
5.891773e-03
7.551876e-02
2.027258e-02
1.452857e-02
1.392882e-01
9.040906e-03
2.345670e-01
2.139853e-02
2.712658e-03
3.113043e-02
3.754613e-02
2.699275e-01
4.829965e-02
3.384674e-02
7.274201e-02
3.554297e-01
1.992023e-02
3.672238e-02
5.446732e-04
7.785831e-03
1.439307e-01
3.531990e-04
1.869349e-02
3.135869e-03
7.645170e-02
7.008170e-02
6.274582e-02
5.245755e-02
7.181492e-02
3.473768e-02
3.827443e-04
5.222316e-02
3.355528e-02
1.093149e-02
9.490704e-03
2.613821e-01
3.099331e-02
1.399791e-01
8.864286e-03
7.508266e-02
9.464831e-04
5.529716e-02
2.615995e-02
1.165469e-02
8.774552e-02
9.981052e-04
6.719678e-03
3.843844e-03
4.021677e-04
1.889074e-02
5.026576e-03
1.464200e-03
2.636123e-03
1.876582e-03
6.122486e-04
6.066151e-03
1.025244e-01
1.333435e-01
2.483055e-01
1.747735e-04
9.457664e-03
3.577869e-02
1.097292e-02
2.181053e-02
3.493286e-03
6.684355e-03
8.801827e-02
9.992733e-06
3.338723e-02
2.315327e-02
2.413495e-01
7.935229e-02
9.642222e-04
2.671771e-03
5.074652e-03
5.834858e-02
5.397349e-02
1.108685e-02
2.676605e-02
8.915963e-04
7.305068e-02
1.068348e-01
2.976236e-02
2.247518e-02
1.622761e-02
1.414647e-03
1.593145e-02
5.365527e-02
5.368163e-02
2.331518e-01
1.625117e-03
5.910811e-02
3.924870e-02
8.301269e-02
2.305498e-02
2.220250e-03
4.618722e-05
4.253791e-01
5.218618e-02
6.974811e-02
8.078716e-02
6.995443e-02
4.512524e-02
3.271999e-02
6.757462e-02
6.433057e-04
1.378608e-01
1.357980e-01
6.126908e-02
3.856839e-02
5.984870e-03
2.078099e-02
2.610391e-02
4.387710e-03
1.169082e-03
5.730792e-10
1.477690e-01
1.441958e-01
3.382660e-03
2.664124e-02
1.730567e-02
1.403928e-02
4.001934e-02
1.196811e-01
7.161353e-04
6.671200e-03
7.418599e-03
1.548824e-03
2.508630e-03
3.207400e-02
2.308927e-02
6.774961e-02
6.181868e-03
1.895149e-02
3.287985e-02
8.653196e-02
1.369305e-01
1.798007e-02
2.249669e-03
1.790490e-02
5.522768e-02
6.807605e-03
1.129120e-03
1.449240e-01
3.053832e-02
5.874014e-02
9.026808e-02
1.035590e-01
3.138304e-02
1.297329e-03
1.491407e-01
3.617062e-01
1.569652e-01
9.959785e-03
2.014391e-02
4.319700e-03
6.639006e-02
1.813656e-02
3.929218e-02
4.239513e-02
1.103189e-02
4.346855e-02
5.966954e-02
1.478013e-01
1.653407e-03
5.847020e-02
4.391471e-02
1.198686e-01
7.165834e-03
6.893056e-05
6.527890e-02
2.922283e-01
4.203733e-04
2.493945e-02
5.196544e-02
8.537934e-02
7.261946e-02
3.318616e-02
4.810789e-02
9.582297e-05
4.267198e-03
1.221138e-03
2.898951e-02
5.998406e-02
2.347008e-02
3.570227e-03
1.369376e-02
1.675778e-03
1.160193e-02
6.194097e-02
5.130725e-03
2.647706e-02
3.856094e-01
1.189189e-03
1.843341e-01
1.661604e-03
1.192859e-04
4.519230e-02
1.386303e-01
6.362264e-02
6.289048e-03
1.510697e-01
7.290844e-03
1.119834e-01
4.466461e-04
6.618977e-04
2.756072e-03
6.787996e-03
1.001069e-04
4.909254e-03
2.919855e-03
3.905086e-03
4.180673e-02
1.089928e-01
4.863630e-04
3.529469e-03
2.992223e-02
3.115090e-02
6.492376e-02
4.197171e-04
3.327965e-03
2.441310e-02
1.747793e-02
1.437965e-02
1.187791e-03
8.402802e-03
2.385130e-05
6.895439e-02
2.158889e-02
8.228820e-03
3.259345e-02
6.448585e-02
1.241671e-02
1.146666e-02
7.832736e-02
8.715763e-02
5.475624e-03
2.270257e-02
1.301617e-04
5.370705e-05
6.609295e-02
1.389832e-01
6.085412e-02
5.232166e-02
4.295785e-03
8.236208e-02
3.481969e-02
6.324960e-03
1.348499e-01
4.636528e-03
1.076348e-01
7.220791e-03
2.504904e-02
5.586330e-03
2.802552e-02
1.534265e-02
1.003222e-01
1.596276e-03
4.814517e-01
1.869710e-04
8.017563e-04
1.000674e-02
1.049128e-02
2.729679e-03
7.174438e-02
1.292579e-02
7.726990e-03
5.416077e-02
1.541841e-03
8.705867e-06
8.650765e-04
1.231312e-01
6.760992e-02
2.562147e-02
5.678996e-02
3.180374e-03
2.023321e-01
7.623092e-02
4.637481e-02
6.228069e-02
1.142752e-01
6.616449e-02
1.107612e-02
1.733069e-03
1.575814e-02
2.665684e-03
7.441062e-02
6.163744e-02
1.077487e-01
5.532055e-02
1.615038e-02
9.606231e-03
6.692564e-03
1.664629e-03
1.124409e-02
1.414228e-02
8.756269e-03
1.481748e-03
1.045270e-02
2.358228e-02
2.069453e-02
2.066501e-02
6.990737e-02
9.651532e-04
2.503488e-01
1.377772e-01
3.990668e-05
1.847728e-02
3.740282e-06
1.533603e-01
5.742302e-02
5.230388e-02
1.266334e-01
4.174304e-02
1.019096e-02
1.246981e-01
8.000887e-02
9.367820e-02
1.238239e-01
2.922852e-02
1.387310e-02
1.039068e-04
7.419029e-02
4.742953e-02
1.075439e-02
3.563023e-01
2.586136e-02
4.351130e-03
8.709387e-03
4.215885e-03
1.326343e-02
1.743443e-02
3.264904e-02
2.248529e-03
1.966675e-02
8.091678e-02
2.704096e-02
8.476647e-04
2.727842e-03
2.676689e-06
8.338177e-03
2.865349e-02
1.991213e-02
1.644405e-02
4.408009e-04
1.226551e-01
1.693076e-01
4.150631e-02
8.339474e-02
2.623541e-02
5.560628e-03
4.738584e-03
5.926730e-04
8.486561e-03
1.099344e-02
3.215180e-03
4.966166e-02
5.443809e-02
4.080839e-02
2.279342e-03
4.619684e-03
2.565127e-02
1.182532e-01
2.638990e-02
1.318899e-03
1.223453e-02
4.016783e-02
3.686913e-02
1.066888e-03
1.114569e-02
1.538836e-02
2.255802e-01
1.176394e-01
3.553918e-03
7.167939e-04
2.165540e-03
1.017118e-01
4.461688e-03
9.737732e-03
6.274521e-03
2.977517e-02
1.548986e-03
3.966015e-02
4.799825e-02
2.043002e-02
3.469894e-02
1.638885e-02
5.004462e-03
1.129837e-01
2.035994e-01
1.119085e-01
5.109723e-04
1.708487e-02
9.545314e-02
2.228655e-03
1.634413e-03
1.146444e-02
6.023185e-03
9.179169e-03
9.451805e-02
2.048857e-02
1.251589e-01
3.857406e-02
1.918203e-03
5.138435e-03
1.358193e-02
2.055230e-01
2.622472e-04
5.390851e-03
