1.576904e-04
1.928761e-02
2.214845e-01
4.126420e-02
7.181345e-02
2.660061e-02
2.659632e-03
6.419003e-02
1.059094e-02
7.090842e-03
1.011675e-02
5.600084e-02
3.504451e-02
1.496484e-02
8.921949e-02
4.653152e-02
1.526661e-03
1.426292e-02
3.551161e-04
8.119712e-03
4.727160e-03
4.457140e-02
1.198131e-02
5.719433e-02
2.246561e-02
1.224202e-02
1.775523e-02
9.709450e-03
1.270573e-01
5.246239e-04
2.352350e-01
2.389535e-02
1.667782e-02
4.228812e-02
1.152897e-01
3.426751e-02
2.404338e-02
5.765892e-04
7.765427e-02
1.926335e-03
1.968136e-04
4.294088e-03
1.520729e-02
2.177312e-02
3.582561e-04
2.188785e-02
1.845654e-03
2.005895e-02
4.996482e-03
4.281969e-02
1.477649e-02
2.406372e-02
2.586494e-03
3.531252e-03
1.064590e-02
6.519635e-02
1.340967e-02
9.774163e-04
1.438930e-02
3.565489e-02
1.880023e-01
1.319528e-04
4.899810e-02
1.527683e-03
3.680431e-02
2.067843e-01
8.338003e-03
3.469374e-02
1.052022e-01
3.469514e-02
2.352686e-02
1.717667e-03
1.978225e-01
1.535903e-02
6.263348e-04
2.812212e-02
4.520805e-03
7.718812e-02
4.561244e-02
3.859254e-03
1.106385e-01
5.424501e-05
5.007037e-02
1.046358e-01
2.329166e-02
2.501769e-01
1.138464e-02
2.493623e-02
2.215626e-03
1.411460e-03
2.594038e-02
1.588204e-01
1.487315e-02
5.236567e-03
1.694048e-02
3.249928e-03
8.304578e-02
4.873560e-03
1.579204e-02
1.285639e-01
1.598532e-03
6.140222e-02
1.622750e-03
4.052384e-03
1.311875e-03
1.715987e-02
3.877400e-02
5.033711e-03
2.774960e-04
6.517762e-03
2.084094e-02
1.678171e-01
1.246858e-02
1.470140e-07
7.886020e-02
4.185592e-01
2.939941e-02
9.621730e-04
5.139044e-02
1.006448e-01
4.056443e-02
1.732432e-02
2.371596e-01
2.994653e-02
4.418631e-02
2.975554e-03
5.648583e-04
1.209493e-03
9.597656e-02
1.747782e-01
3.342668e-02
1.234125e-03
2.370961e-02
8.868804e-03
4.796537e-03
2.228668e-02
7.287148e-03
1.369177e-02
1.198542e-01
8.261928e-02
9.718916e-02
1.447870e-02
3.113254e-03
1.352284e-02
1.930186e-01
3.494513e-02
1.214201e-01
1.827386e-02
8.510865e-03
3.340500e-02
3.990948e-02
1.236025e-01
9.701943e-03
1.453235e-02
8.298687e-02
1.361178e-02
3.339555e-02
8.409849e-05
9.788710e-02
1.000795e-01
2.015995e-02
7.213376e-03
2.313813e-01
7.643800e-04
4.416009e-03
6.746248e-02
9.963114e-02
1.157177e-02
5.081090e-02
1.238798e-02
1.320662e-01
3.247087e-03
6.014325e-04
6.941331e-04
1.043859e-03
2.060697e-01
2.615117e-02
2.079835e-02
4.819722e-03
7.990789e-02
4.349097e-02
8.391099e-03
2.544955e-02
2.497223e-04
3.851754e-02
1.364523e-01
9.152013e-04
3.371641e-03
1.230517e-02
6.690728e-02
4.337802e-02
1.570438e-02
8.488740e-03
1.230506e-01
1.903127e-01
1.066434e-03
7.969033e-03
3.730535e-01
1.834810e-02
1.233295e-01
6.788966e-02
4.223954e-03
2.724426e-03
7.784317e-02
1.116894e-01
2.230989e-03
5.738859e-03
2.039816e-01
7.537153e-02
2.582157e-02
1.588646e-01
7.412680e-02
1.407943e-02
3.780002e-02
1.725723e-02
1.417559e-04
1.002348e-02
8.325481e-04
8.408350e-03
4.045238e-02
6.571144e-02
9.886483e-03
8.201096e-02
3.868465e-05
9.890750e-03
9.086039e-02
1.387186e-01
1.098079e-03
6.751638e-02
6.660540e-02
2.092938e-02
6.088355e-03
2.704041e-03
6.465794e-02
1.262089e-01
2.072976e-03
2.033665e-02
4.263909e-03
3.182117e-03
1.128168e-01
1.690625e-01
3.398750e-01
2.935491e-02
3.547944e-02
5.225615e-04
1.655591e-03
6.230362e-05
1.792882e-02
3.013973e-03
1.986862e-02
5.389310e-02
1.002224e-01
2.935238e-02
3.467911e-02
1.979223e-02
3.889038e-02
1.247665e-02
5.958324e-02
2.047831e-02
1.556563e-01
2.078941e-01
4.718978e-03
9.052847e-03
2.078141e-03
3.455717e-01
3.041097e-02
8.611401e-02
3.750613e-01
2.845687e-03
9.087879e-03
7.634972e-04
1.150606e-02
8.093588e-02
1.790180e-01
6.224114e-02
6.750472e-02
4.391743e-02
2.375004e-03
1.549096e-01
1.846378e-02
1.440622e-02
1.190934e-04
2.207226e-02
8.898652e-05
2.608127e-02
4.781026e-03
3.018591e-02
4.634498e-02
2.974829e-02
3.148569e-02
2.808243e-02
2.520669e-03
1.357854e-02
2.848136e-02
1.985432e-02
8.843787e-04
1.407027e-01
3.213754e-02
1.447608e-01
4.400019e-03
2.302340e-03
3.186926e-02
4.213204e-02
3.246548e-03
1.499443e-01
1.024405e-01
1.011043e-01
1.827539e-02
5.220886e-06
3.771442e-02
5.042010e-04
3.743845e-02
3.493627e-02
1.637594e-02
1.855948e-03
3.699323e-02
4.175449e-02
1.971089e-02
1.172149e-01
6.034261e-04
4.994876e-03
1.568373e-02
2.137787e-02
2.092724e-02
1.184016e-02
8.252340e-03
2.044821e-02
4.721496e-02
9.918564e-02
9.138471e-04
1.751041e-02
5.097975e-02
3.430400e-03
3.185247e-02
1.291779e-03
1.135805e-02
4.322576e-02
4.253069e-04
1.111427e-02
2.466760e-04
1.237935e-03
4.924009e-03
1.076207e-01
1.266905e-02
5.183518e-02
4.753163e-03
3.437592e-05
2.844320e-02
6.046547e-02
5.835832e-02
1.673416e-02
7.060038e-02
1.440723e-02
8.153858e-02
5.446075e-04
3.149910e-03
1.999238e-03
5.310381e-02
4.741641e-02
5.284599e-02
3.105838e-04
1.905609e-02
4.202754e-02
3.584906e-02
1.969313e-02
1.488056e-01
1.417030e-01
1.175842e-01
4.805123e-02
7.798444e-02
9.722824e-05
5.728561e-02
3.160077e-02
7.451392e-02
3.397481e-02
1.782555e-03
1.060270e-04
1.907765e-01
3.743947e-02
7.894260e-02
7.810027e-03
1.507009e-01
1.086447e-02
9.980584e-02
1.169508e-01
5.022222e-02
2.792790e-02
5.399603e-02
1.046435e-02
1.339653e-01
1.135734e-02
4.054254e-02
3.749683e-05
2.565320e-02
2.689011e-01
6.678584e-04
1.167846e-02
6.637293e-02
3.500201e-03
4.697342e-02
1.507071e-01
5.604485e-02
1.376774e-02
6.376643e-04
2.629271e-02
2.650837e-03
4.038797e-02
2.461007e-02
4.600025e-06
8.397262e-03
1.033554e-01
1.701192e-02
6.007736e-02
3.301173e-02
2.053502e-03
3.806448e-02
7.119526e-02
3.588207e-02
6.930176e-02
6.058671e-04
2.830124e-03
2.214233e-04
6.399881e-02
3.792878e-03
7.686184e-02
1.274846e-02
1.416671e-01
6.209579e-03
7.163099e-03
4.059861e-02
2.499539e-02
1.054710e-02
1.253187e-04
4.068779e-03
5.990990e-01
1.006315e-04
1.434297e-01
1.094423e-01
9.862213e-04
2.233971e-02
1.218573e-01
8.424538e-02
7.884639e-02
1.068269e-01
3.983359e-02
8.409074e-02
5.846599e-02
4.862402e-02
1.392388e-01
3.564585e-01
5.575803e-02
4.710936e-03
5.618339e-02
9.298564e-03
2.526912e-03
1.888407e-01
2.966607e-02
1.452276e-03
2.409897e-01
8.955633e-02
5.881713e-03
1.960841e-02
5.362402e-02
2.475260e-01
1.032205e-01
5.376389e-02
2.469423e-06
5.089317e-02
1.227628e-01
4.885104e-02
3.249785e-02
1.327364e-01
1.397998e-02
3.660734e-02
2.515907e-02
2.179598e-02
1.816961e-04
2.034288e-02
3.568414e-02
4.280055e-02
1.584295e-02
3.111561e-02
1.117399e-02
5.566830e-02
2.467451e-02
1.042192e-01
5.550328e-02
3.456893e-02
2.260838e-02
8.384032e-03
1.429764e-03
7.092796e-03
8.924472e-02
4.924622e-01
1.255660e-02
4.383810e-03
8.473033e-04
8.293353e-02
2.022278e-03
2.498587e-01
2.068246e-02
5.110527e-03
4.827591e-04
1.712105e-05
1.831184e-02
5.254780e-03
2.077831e-03
8.259562e-01
8.929367e-02
5.553941e-02
1.853179e-01
2.309364e-02
1.292815e-02
2.980176e-04
4.632310e-03
3.909524e-03
4.940664e-03
4.409105e-03
7.302458e-02
3.788533e-02
5.710489e-02
4.522795e-04
3.199614e-03
1.534615e-04
4.397889e-03
1.426441e-01
4.428143e-03
9.086043e-04
2.010516e-03
3.057728e-01
2.296609e-04
5.797744e-02
8.342723e-03
6.392964e-02
1.802226e-03
2.934529e-02
1.301689e-01
1.851579e-02
9.310498e-02
8.050507e-02
6.220870e-03
1.655225e-02
2.754671e-01
7.293124e-03
2.080120e-01
1.324543e-02
1.264841e-01
1.576487e-03
2.307828e-04
2.762153e-02
6.410493e-02
7.990149e-03
5.895735e-05
3.148329e-02
1.405321e-03
5.951583e-02
4.593680e-02
3.126089e-03
4.259243e-02
6.228818e-02
1.327486e-02
5.565833e-02
3.730556e-05
3.601731e-01
6.098264e-02
2.572577e-02
1.606881e-02
4.099390e-02
3.697257e-02
5.134414e-03
1.082100e-01
7.546228e-02
2.919810e-02
6.905610e-03
7.419313e-03
2.816790e-02
5.104630e-02
4.334738e-04
1.887666e-02
2.379392e-03
2.037559e-03
2.705407e-02
4.040818e-03
9.743400e-02
1.613450e-04
5.645274e-03
3.973707e-02
4.849868e-05
1.766780e-02
1.909707e-02
2.971187e-03
5.070482e-02
6.516449e-03
6.836069e-03
