1.690747e-02
4.228942e-03
1.060139e-03
8.568051e-03
1.222075e-02
1.315811e-02
2.313754e-02
1.213847e-02
1.574725e-01
5.733183e-01
2.739577e-01
1.889632e-02
2.087827e-03
5.085847e-05
6.055935e-02
6.618815e-02
3.271411e-02
4.247787e-03
1.180092e-04
3.710056e-02
6.468752e-03
4.763306e-03
3.773368e-03
9.195147e-03
1.276081e-01
1.268640e-02
2.962705e-03
4.086827e-04
1.218365e-02
2.645027e-02
1.258840e-01
1.436100e-02
5.232796e-02
8.800080e-02
4.685661e-03
4.296155e-03
1.784798e-02
2.000208e-01
2.629936e-02
1.996265e-03
3.390267e-01
9.400119e-02
1.557393e-02
8.373501e-03
6.167622e-05
2.929591e-03
1.967185e-02
4.108031e-02
9.250517e-02
1.366144e-02
7.743917e-02
3.574700e-02
2.610605e-02
2.921601e-03
1.118008e-01
4.603085e-03
4.954182e-02
2.964262e-02
4.522926e-02
5.018065e-04
2.218909e-04
5.035149e-02
5.939591e-02
4.952277e-02
2.791969e-02
1.024264e-02
5.512991e-04
9.092756e-02
2.066848e-02
9.224711e-02
7.141831e-02
8.703232e-02
6.686153e-02
2.737648e-03
2.835590e-02
5.776065e-03
1.457885e-02
2.162334e-01
1.011591e-01
1.810871e-01
8.831570e-03
4.817553e-02
5.137580e-04
4.406209e-02
7.971382e-02
6.378463e-02
4.123869e-02
1.678020e-01
2.289859e-09
4.585555e-02
5.308373e-02
1.346775e-02
7.220959e-03
3.416005e-02
1.158916e-02
9.558380e-03
3.901709e-02
1.786886e-05
2.117262e-03
7.885242e-02
3.095130e-03
1.599901e-02
1.898492e-03
2.656802e-02
1.970487e-02
2.157345e-02
1.770847e-03
4.286560e-03
1.742261e-03
1.021318e-01
1.250991e-02
6.161934e-02
1.343035e-02
2.231613e-03
5.630908e-02
7.881661e-03
6.300732e-03
1.174819e-03
2.474482e-02
2.441229e-02
1.978258e-02
4.210803e-02
5.680223e-05
8.978015e-03
1.604962e-02
3.394346e-03
3.366827e-02
1.464470e-01
4.640886e-03
2.540059e-02
2.383851e-02
2.186975e-04
7.409607e-02
1.859801e-02
7.610788e-02
2.862032e-02
8.224150e-02
7.348556e-02
2.196367e-03
1.166699e-04
4.483009e-04
7.512129e-03
5.885595e-04
3.273437e-02
1.442011e-02
2.751299e-03
8.699782e-03
8.011854e-05
4.012703e-02
7.940890e-05
7.239554e-03
4.549548e-02
5.246749e-03
4.658334e-02
3.455818e-02
1.468112e-01
2.946161e-02
6.072091e-02
1.854825e-03
1.411555e-02
1.769009e-01
1.436471e-01
5.982693e-04
9.659332e-04
8.407783e-02
1.237944e-04
4.685571e-03
3.094348e-07
9.554814e-04
1.861110e-03
9.044402e-03
8.796522e-02
6.648754e-02
7.500147e-02
2.957562e-01
6.597680e-03
3.789286e-03
5.278924e-04
8.300994e-03
5.436424e-03
3.879038e-02
1.565777e-01
1.846170e-04
8.662683e-03
7.791594e-04
1.177029e-02
4.615711e-03
2.592354e-02
3.915173e-02
4.543063e-02
3.901849e-02
2.369929e-03
2.107125e-02
1.103101e-03
5.122572e-02
1.630366e-02
8.717780e-02
1.039300e-02
1.225416e-01
2.627334e-02
3.033743e-02
1.219265e-02
5.801085e-02
8.667497e-05
2.762206e-02
2.231545e-05
2.726952e-02
1.478801e-02
5.242383e-03
3.655122e-02
5.615207e-04
6.244725e-02
4.070062e-02
4.088994e-03
1.270552e-01
7.433469e-05
3.348794e-02
2.803050e-02
9.640267e-05
7.895816e-02
8.567808e-03
5.278170e-02
5.927327e-03
7.386338e-05
1.039737e-02
4.033422e-02
7.148054e-04
7.909434e-03
4.130324e-02
3.662590e-03
2.847247e-03
1.747258e-02
3.976046e-02
2.494787e-03
1.433904e-02
8.764213e-02
2.867507e-01
3.850285e-02
7.771646e-03
1.916778e-02
8.743708e-02
1.816698e-02
6.135986e-01
5.002509e-03
1.159197e-04
1.868150e-03
8.121299e-04
3.508112e-02
3.057193e-02
1.501575e-01
7.430286e-02
9.623395e-03
1.392530e-01
5.422658e-04
7.875145e-02
1.203033e-02
1.228018e-01
1.072125e-02
2.343126e-01
3.538655e-02
1.995194e-01
1.770579e-01
4.720748e-04
1.365426e-01
1.547259e-02
8.662332e-02
1.360660e-01
6.458896e-02
7.006569e-03
5.387470e-03
2.575783e-02
1.223482e-02
1.777873e-02
4.603865e-03
1.261330e-01
1.674615e-01
6.872088e-02
7.176285e-02
2.654352e-01
2.311709e-04
1.827914e-02
1.023005e-01
1.801763e-01
2.202767e-01
1.566766e-06
6.400288e-05
1.221859e-02
1.957991e-01
6.486664e-03
8.657500e-03
1.110367e-04
1.794743e-01
9.471937e-03
1.122033e-01
8.564458e-03
1.942600e-04
1.639841e-01
1.618485e-01
1.393339e-02
2.560068e-02
9.493862e-03
3.097827e-03
1.628951e-03
2.330508e-04
2.365868e-02
2.907803e-03
5.376742e-02
8.957150e-02
4.264790e-03
3.067752e-03
1.625886e-02
1.733008e-01
1.153210e-01
1.260542e-01
5.140057e-02
1.424629e-02
4.717631e-02
1.509120e-03
3.165550e-02
7.760359e-02
9.614975e-04
8.779603e-02
1.432018e-03
5.271386e-02
1.496913e-04
5.679806e-03
7.843850e-05
9.108546e-02
2.564427e-02
4.689481e-02
2.010218e-02
6.853411e-02
9.584145e-03
1.738420e-02
1.544627e-02
6.869370e-03
1.137195e-01
2.045973e-01
3.531001e-03
1.500327e-01
1.532734e-01
7.121518e-03
7.555574e-02
1.748551e-02
7.687981e-03
6.123178e-06
4.228821e-02
4.903539e-05
2.475436e-01
2.068512e-02
2.985189e-03
2.816014e-03
2.224347e-02
4.628596e-03
6.217836e-02
4.665472e-02
3.226190e-01
8.472973e-02
1.240208e-01
2.585197e-02
4.978792e-02
2.684190e-02
8.809045e-02
5.434756e-07
5.262924e-02
1.650912e-02
1.284237e-02
4.541515e-02
2.478698e-02
4.427569e-02
2.958810e-02
1.687863e-03
5.999578e-03
1.246189e-04
1.905135e-03
5.845658e-08
3.697464e-02
6.096160e-02
1.244589e-04
2.891396e-02
7.891025e-03
3.677386e-02
1.737804e-01
2.018995e-02
1.951390e-02
7.805906e-03
5.476139e-03
1.681450e-03
1.142918e-02
5.283258e-02
1.828038e-02
4.495459e-02
3.392676e-02
1.127511e-01
3.725447e-02
6.437239e-03
1.008011e-01
2.790521e-01
2.953670e-03
6.924338e-02
2.714169e-02
2.077133e-01
3.310018e-02
3.123595e-02
1.263501e-02
1.146224e-03
5.277189e-02
2.081246e-01
5.533313e-05
3.364594e-03
2.836420e-03
6.491562e-02
1.208750e-02
8.138340e-05
7.110422e-02
6.081991e-02
5.796995e-05
2.422775e-03
4.572919e-02
1.519608e-01
1.958754e-02
2.467745e-04
6.871480e-05
5.158740e-02
2.188532e-02
6.277610e-03
1.406942e-02
9.161433e-03
8.966320e-04
5.789197e-02
3.576761e-05
5.263403e-03
1.733277e-01
1.459111e-01
4.726901e-02
5.914264e-02
4.744191e-03
6.472872e-04
1.153090e-02
6.805708e-02
6.267907e-03
1.943435e-03
4.192376e-02
9.164680e-02
9.028297e-02
1.437130e-02
1.124682e-01
2.198746e-01
1.572711e-02
8.228260e-03
5.976838e-02
4.063276e-02
6.068525e-02
6.466668e-03
1.543720e-02
2.132060e-01
1.771326e-02
7.476120e-02
1.388007e-01
3.725929e-01
7.925132e-03
2.001093e-01
3.767980e-03
2.032203e-02
2.904958e-02
1.005383e-03
3.009376e-02
2.806713e-02
3.237815e-02
1.376228e-03
1.416339e-01
1.545351e-02
4.612620e-02
8.016237e-02
9.791051e-03
6.906290e-02
5.747587e-02
3.094988e-02
3.558806e-02
1.815923e-02
8.125839e-02
3.119834e-06
4.263221e-02
3.822536e-02
7.948551e-02
2.544967e-02
5.757128e-02
1.427753e-01
2.481727e-04
5.164601e-02
1.064088e-02
5.694764e-02
7.483790e-02
8.223464e-05
5.104229e-02
3.440902e-04
1.747200e-02
6.125102e-03
3.629807e-03
1.107477e-02
6.292917e-02
7.307960e-05
1.713670e-02
4.108961e-01
3.756012e-02
3.001288e-04
4.536481e-03
3.183891e-01
9.384641e-02
1.696529e-03
6.094239e-03
5.881082e-03
4.005714e-02
2.145244e-01
1.560042e-03
9.470598e-03
5.470159e-02
8.167143e-02
3.340812e-02
2.256181e-01
6.153531e-02
1.270563e-02
1.717201e-01
3.482256e-01
3.012944e-02
1.202528e-03
1.343393e-01
2.140349e-01
7.415896e-03
5.879569e-02
1.037370e-01
3.399243e-02
1.181421e-01
4.417643e-04
1.158948e-03
1.187335e-03
1.435290e-02
1.704352e-02
6.645863e-05
5.102239e-02
2.772234e-01
1.512695e-02
1.433831e-04
4.114253e-02
3.208825e-02
4.826664e-03
1.964572e-01
2.646703e-02
2.958443e-04
2.511083e-02
1.891797e-03
6.816218e-03
3.198279e-02
3.513812e-02
3.623616e-01
1.074444e-01
4.444568e-02
6.640603e-02
1.472958e-01
1.124745e-02
1.062574e-02
1.933763e-01
6.683051e-03
6.528617e-02
7.588441e-02
2.130232e-02
2.473640e-02
1.016830e-01
3.892169e-02
5.547650e-03
1.157897e-02
5.659954e-02
3.362426e-02
5.652926e-02
2.069012e-02
2.941477e-02
1.696290e-02
1.318678e-01
1.585258e-01
1.005814e-03
5.522611e-02
2.907679e-04
5.061093e-04
3.656782e-01
9.890208e-02
3.269328e-03
8.050508e-03
3.569019e-02
2.377161e-02
1.371822e-02
9.633280e-03
2.407541e-01
9.814520e-07
1.713363e-02
