1.003529e-02
6.012235e-02
2.874621e-02
3.194416e-02
5.310394e-03
2.574747e-03
2.440604e-03
7.140419e-04
3.947685e-02
1.401147e-07
4.567324e-02
5.162269e-03
3.297316e-02
1.499127e-03
3.777354e-01
5.135910e-02
8.956354e-03
3.424568e-01
1.357957e-01
1.048261e-01
9.570870e-02
6.642915e-02
1.708194e-02
5.282296e-03
1.976170e-02
3.560032e-03
2.759941e-02
9.880678e-02
3.686029e-04
2.187462e-03
6.709452e-03
9.160966e-02
3.254043e-02
1.423088e-02
5.234611e-02
2.877485e-02
7.400372e-03
2.593889e-01
2.559959e-01
3.653343e-02
9.230395e-02
2.054763e-01
1.123116e-01
2.252882e-01
2.693953e-03
7.476529e-03
1.849702e-02
8.868432e-02
6.484302e-02
1.685277e-02
4.339196e-03
3.882547e-04
4.760856e-02
2.328557e-02
1.019088e-01
1.809584e-02
6.228152e-04
1.894916e-02
4.865857e-06
5.441318e-01
1.913478e-04
9.699562e-05
1.532233e-03
3.661770e-01
3.134223e-03
4.914664e-04
1.213434e-02
2.651714e-02
9.672224e-03
3.372301e-02
3.796303e-02
8.141629e-04
3.248346e-02
9.141819e-03
8.641690e-03
1.378449e-01
4.477548e-03
5.337015e-02
1.891208e-02
4.134115e-02
8.970989e-03
1.876561e-04
2.486283e-01
3.061869e-02
5.920596e-04
6.290360e-03
7.029541e-04
1.406362e-01
2.356829e-02
1.227905e-04
7.657572e-03
2.405187e-04
1.159861e-02
2.019892e-02
5.247104e-03
1.132096e-03
8.803162e-02
1.040816e-01
1.431717e-01
2.119372e-01
1.636644e-01
1.372696e-02
1.321278e-01
6.460203e-03
8.770917e-02
3.431094e-03
6.164739e-02
2.441124e-01
2.134198e-01
9.670566e-03
7.728643e-02
4.463958e-02
9.208494e-02
1.291084e-01
5.915072e-04
4.260689e-02
9.889745e-02
6.002948e-05
2.807046e-03
2.455742e-02
1.088609e-01
2.358389e-01
3.120966e-02
1.215655e-02
2.338259e-02
9.382805e-04
1.389867e-01
4.606375e-02
9.689437e-04
1.106857e-01
1.055581e-01
5.600529e-02
3.927149e-02
7.087884e-02
2.205366e-03
2.196261e-02
3.224529e-01
1.869301e-04
9.689644e-02
4.019523e-02
7.696074e-04
9.178237e-03
6.598657e-03
1.073950e-02
8.740820e-04
8.767415e-02
7.025780e-03
1.216258e-01
7.638370e-03
1.351990e-01
1.819535e-02
1.980119e-02
2.578562e-02
1.445665e-01
7.865448e-04
3.962187e-03
4.036393e-04
1.887149e-02
1.099602e-03
6.024335e-02
7.122782e-04
5.169129e-02
7.217706e-03
1.596795e-01
1.836925e-01
2.482362e-01
5.413337e-03
1.129981e-02
6.499274e-04
6.514523e-03
4.378507e-02
6.558354e-02
1.464984e-02
4.626730e-02
7.627608e-04
4.851778e-03
7.869266e-04
1.471285e-02
1.366460e-01
2.117437e-02
1.463709e-01
4.590925e-03
4.337979e-02
5.809975e-02
2.112561e-02
6.746961e-02
2.445045e-02
9.044716e-02
2.423930e-02
3.684201e-04
1.551464e-01
2.630131e-04
1.902994e-03
4.512683e-01
7.183006e-03
2.846237e-02
1.023359e-01
1.128450e-04
3.701053e-03
1.618585e-01
6.002647e-02
3.016237e-01
1.020163e-01
2.748134e-02
2.282376e-02
1.838966e-02
4.017430e-02
3.087420e-02
1.249815e-01
6.534497e-02
6.682391e-02
2.674222e-01
9.457636e-02
2.747613e-02
1.514208e-01
1.515873e-01
3.073450e-02
6.872171e-02
4.453786e-03
1.433177e-01
3.488835e-02
6.790294e-02
2.993417e-03
1.271043e-01
6.434648e-02
1.881936e-01
6.485719e-02
7.379928e-02
8.620942e-05
4.600523e-03
1.091097e-01
4.425666e-02
1.291194e-02
7.922128e-05
1.679216e-03
1.786439e-02
5.156874e-04
5.878037e-02
3.820074e-05
8.384630e-03
2.278901e-01
1.489004e-03
4.395680e-02
7.266890e-02
1.392178e-01
1.590020e-01
1.236830e-03
2.939550e-03
3.659029e-03
3.263344e-03
3.050825e-01
2.686639e-02
1.228261e-01
1.343795e-01
3.994289e-02
6.536730e-03
1.769506e-03
6.797553e-03
2.126816e-01
1.568816e-02
2.330101e-02
7.616739e-02
7.907251e-03
3.279074e-02
8.086190e-02
1.906945e-03
1.282109e-01
2.870386e-03
1.122941e-01
2.552924e-01
6.144078e-02
1.267259e-02
2.609621e-01
8.456468e-02
4.612021e-02
1.805137e-02
5.483690e-03
1.070251e-01
7.291686e-02
4.978285e-02
4.032649e-03
6.292698e-02
5.406482e-03
2.132930e-02
7.396525e-02
5.174524e-02
2.080441e-03
9.214374e-02
3.339480e-03
1.978631e-02
9.686907e-03
7.972752e-03
3.192970e-02
3.547694e-02
1.323790e-01
4.915045e-03
6.220381e-02
9.663930e-03
9.019500e-04
1.205425e-02
3.213027e-03
1.193323e-01
1.109518e-03
3.120688e-02
5.435207e-03
3.389168e-01
1.028893e-02
3.202598e-03
5.527086e-02
1.935480e-02
5.113361e-02
6.098471e-02
2.834409e-02
1.232167e-01
4.851891e-04
1.315295e-02
1.166532e-02
8.115376e-02
1.076190e-01
1.285176e-03
1.487160e-02
1.627374e-01
2.112278e-03
2.089695e-05
1.863000e-02
6.557688e-02
4.748057e-02
3.536300e-02
2.225868e-02
4.096616e-03
3.145636e-02
1.752469e-02
8.194156e-05
2.204750e-02
2.971893e-03
6.483502e-03
2.243569e-04
3.463780e-02
1.521341e-02
8.912025e-02
2.179870e-02
1.075029e-01
1.604092e-01
2.252014e-03
3.181979e-03
6.826981e-02
9.729297e-03
1.212175e-03
1.175966e-01
3.374474e-02
1.560539e-04
2.231863e-02
2.192918e-02
1.932907e-03
9.491654e-03
1.301824e-03
1.095236e-01
2.318181e-02
6.201795e-02
8.114118e-02
7.667412e-03
7.234817e-03
8.168002e-02
8.687491e-02
4.039952e-03
1.836944e-02
1.165155e-02
1.191387e-02
1.555095e-02
1.134482e-01
5.337101e-03
3.404956e-03
1.161469e-01
3.157480e-01
2.157470e-02
3.815313e-02
2.048296e-02
1.922308e-01
2.259221e-01
1.480009e-02
2.478363e-02
3.291140e-03
6.516949e-02
5.086559e-05
4.752572e-02
1.774047e-03
2.417569e-01
5.895289e-03
6.241624e-02
3.239120e-02
4.164250e-03
4.539493e-02
5.090023e-03
2.483443e-02
5.611382e-03
1.190254e-02
1.019941e-02
1.943590e-01
5.538322e-04
1.038528e-02
9.631582e-03
8.418857e-02
1.587281e-01
1.362286e-02
1.518582e-02
3.065766e-03
1.806104e-01
3.699774e-02
1.062585e-01
1.384071e-01
1.023739e-01
2.189688e-02
1.394629e-02
2.568594e-02
3.184500e-03
1.367653e-01
1.012679e-03
1.388834e-02
3.315802e-02
4.906548e-02
3.021892e-03
4.433387e-03
1.697680e-03
4.111001e-03
6.048291e-02
3.185703e-02
3.817623e-02
1.230504e-02
3.120493e-02
2.316113e-01
1.853842e-02
1.172237e-01
6.780743e-02
1.409682e-04
8.311180e-03
1.344158e-03
7.884522e-06
5.426620e-03
3.433174e-01
1.091321e-01
6.734385e-02
5.610932e-03
1.003528e-01
2.191573e-02
1.035613e-02
2.458837e-03
8.974176e-06
2.810536e-02
8.014086e-04
3.365677e-02
6.992720e-05
5.800469e-03
4.783075e-02
5.849243e-02
7.120918e-03
4.319028e-03
1.433358e-01
1.924724e-03
5.828021e-02
1.199053e-02
2.605121e-01
3.202813e-03
6.301846e-03
6.003043e-02
1.252660e-01
1.009059e-02
2.596245e-02
1.224453e-02
3.747171e-02
3.808873e-02
3.057385e-04
8.668856e-01
1.027644e-02
3.533370e-03
8.042071e-02
5.687671e-07
9.236708e-03
8.693507e-02
5.021587e-03
4.794238e-02
3.685076e-03
1.597449e-01
6.733406e-04
1.220258e-03
1.287205e-03
6.924271e-02
2.448709e-01
1.598909e-01
5.175617e-03
2.622435e-03
9.734641e-03
4.710892e-02
6.611721e-03
1.845773e-03
1.469843e-01
7.647861e-04
3.380925e-02
3.412623e-02
2.321156e-03
1.899626e-02
1.055112e-02
1.412394e-02
5.791049e-03
4.235318e-02
5.190059e-02
1.762994e-02
6.982313e-03
6.780400e-03
1.134358e-01
2.494914e-03
1.490951e-01
5.813943e-03
1.156653e-02
2.294839e-02
7.170659e-02
4.657535e-02
2.143362e-03
5.185797e-02
1.035471e-02
6.874734e-02
6.524449e-02
2.604455e-02
3.368617e-02
4.094149e-02
2.750059e-02
4.420420e-02
2.892389e-02
1.371617e-01
1.002265e-04
6.047717e-04
2.298438e-03
9.879417e-02
3.629928e-02
5.850747e-02
1.063904e-01
3.862756e-03
5.684247e-03
9.622066e-02
2.342870e-01
5.766121e-02
4.554349e-01
9.981401e-02
6.242286e-02
1.233038e-01
7.261872e-02
1.571039e-02
2.940908e-03
1.064916e-01
1.425756e-01
2.784598e-01
1.082275e-02
1.938298e-01
1.534096e-01
5.075270e-05
5.565072e-03
5.587971e-03
7.458457e-02
1.423196e-01
1.348084e-01
1.050337e-02
1.446629e-02
6.538809e-03
1.488478e-02
1.824944e-02
1.020011e-01
6.435153e-02
1.544339e-02
3.868704e-02
2.654052e-02
1.718000e-02
3.923671e-02
1.224110e-01
5.863195e-03
1.058521e-02
4.347346e-02
1.456967e-02
1.107800e-01
2.713714e-03
4.605573e-02
7.463871e-02
3.650970e-05
1.434874e-01
2.391820e-02
1.154950e-01
1.202739e-02
7.504467e-03
3.445886e-02
3.470831e-02
1.494022e-01
1.637054e-03
2.063638e-01
1.840821e-02
6.224926e-03
1.556889e-03
