1.023781e-03
1.063986e-03
5.484836e-02
1.151991e-03
1.042106e-01
5.206246e-03
1.242320e-01
1.286202e-01
5.976795e-02
9.450114e-02
1.432724e-03
5.218226e-03
3.020122e-02
1.372537e-01
7.063946e-02
7.918181e-02
2.308156e-01
5.146118e-02
2.639265e-03
1.232496e-01
6.396663e-03
5.899333e-03
1.304052e-02
8.055327e-02
5.132029e-02
2.491030e-02
5.377473e-02
3.652559e-02
8.091155e-02
1.434176e-02
9.855444e-02
9.283136e-03
2.086651e-05
1.868566e-02
1.369565e-01
3.473884e-02
2.984913e-03
1.713138e-01
3.631795e-02
4.460394e-01
8.495317e-03
4.794983e-02
1.790948e-03
2.191696e-04
6.461146e-03
2.752487e-02
5.864086e-03
1.454954e-01
3.849844e-02
7.661638e-02
3.054021e-02
1.002124e-02
3.270155e-02
3.515657e-02
4.504173e-02
7.952821e-02
2.182875e-02
2.867430e-02
1.184708e-01
2.503572e-01
2.404474e-03
8.325520e-02
4.603896e-03
1.107125e-01
4.473487e-02
1.386819e-01
7.905448e-02
1.497113e-03
3.355133e-05
4.804749e-02
2.104545e-01
8.633815e-04
1.455570e-01
6.493268e-02
8.398180e-03
5.325719e-02
2.790211e-02
5.610339e-02
1.318647e-02
7.391502e-03
1.956349e-03
9.626697e-02
5.080533e-02
4.055115e-02
2.647031e-03
1.150219e-02
2.931594e-03
3.467138e-02
2.254869e-02
9.524252e-03
6.711641e-02
5.398004e-01
4.231597e-02
1.789638e-02
3.232565e-04
2.146252e-01
5.009387e-01
1.080273e-02
9.245277e-02
3.017468e-02
3.160408e-02
2.233702e-02
7.740537e-04
3.343835e-04
1.782775e-01
3.085787e-02
1.372996e-02
1.452345e-01
1.673040e-03
2.587130e-02
4.535868e-05
3.645015e-04
3.479429e-03
3.542736e-02
5.238910e-04
3.916392e-06
1.583802e-02
1.504718e-02
1.689479e-02
1.763523e-04
1.261938e-02
4.578832e-02
9.448427e-03
5.471602e-02
4.753283e-02
4.649225e-03
5.158171e-02
1.510297e-01
3.652857e-02
2.956954e-02
4.020477e-02
4.368413e-02
4.952344e-02
7.927074e-02
4.038842e-03
7.863650e-02
5.595403e-02
4.119913e-02
1.703093e-03
2.743405e-02
1.958529e-01
2.205053e-02
2.454962e-03
1.837579e-03
2.482555e-03
3.990000e-03
5.053620e-03
4.888219e-02
1.843026e-01
1.949018e-04
1.770291e-02
3.259659e-02
5.172184e-02
6.863010e-03
2.172045e-06
4.655193e-05
3.141270e-03
4.643291e-04
3.346849e-03
3.209782e-04
8.714806e-03
1.612484e-02
6.485947e-02
8.284052e-02
1.040897e-03
4.315309e-02
3.849630e-02
1.735743e-01
5.797970e-02
5.241619e-03
4.105777e-02
6.968963e-02
1.422229e-02
1.038870e-02
7.745799e-02
1.006145e-01
6.874702e-05
9.536859e-03
5.330928e-04
3.626246e-02
4.029641e-02
5.890683e-04
2.308876e-03
2.772695e-02
4.658349e-03
6.785553e-02
2.163128e-03
1.235601e-02
9.150262e-03
1.932098e-02
1.751583e-01
3.619165e-02
1.462049e-03
1.972182e-03
9.032758e-02
1.063338e-01
7.493525e-02
1.024369e-01
9.040344e-05
3.032924e-04
1.697400e-06
3.330769e-02
7.273387e-02
2.539324e-02
1.530813e-01
8.052141e-02
4.483392e-03
1.603844e-01
6.677793e-02
5.773622e-04
2.352464e-03
3.648278e-02
3.117644e-02
1.060698e-04
6.200739e-02
6.884719e-02
9.184346e-03
3.225839e-01
4.041287e-02
6.883438e-02
1.018099e-01
1.826209e-02
5.311539e-02
5.274661e-06
6.532492e-02
1.567704e-01
8.412069e-03
4.172888e-04
8.665834e-03
3.895325e-02
3.322517e-04
7.767084e-03
9.031297e-02
4.730025e-04
1.465058e-02
6.968834e-03
4.006781e-05
2.587252e-02
2.726380e-03
1.166190e-01
5.208660e-04
1.079981e-01
2.445626e-02
1.497019e-01
3.004643e-03
3.175300e-03
8.779544e-02
6.113843e-02
2.207842e-02
3.589323e-02
4.892012e-03
1.201975e-01
1.651172e-02
3.957904e-04
2.658287e-02
2.784702e-03
2.638980e-02
8.634518e-02
5.312414e-03
2.645397e-02
2.367682e-01
3.339733e-04
8.527282e-03
8.991191e-02
5.978501e-06
1.154164e-02
8.906258e-02
6.521102e-02
1.250347e-02
8.287408e-02
1.311661e-02
3.793235e-02
2.557889e-03
3.502325e-03
2.170935e-04
2.243390e-02
3.111933e-02
2.417916e-01
8.478666e-02
2.715270e-02
2.076957e-02
2.392258e-01
1.371946e-03
1.050018e-02
3.581109e-02
2.451565e-02
1.261419e-03
8.168330e-02
1.230254e-02
1.123367e-02
5.283261e-03
3.264895e-02
1.172814e-01
9.025773e-04
3.846292e-02
7.015968e-02
1.473571e-02
4.459311e-02
1.084931e-02
1.139822e-03
4.098535e-02
2.134061e-02
3.155493e-03
7.818907e-03
9.993268e-02
6.927716e-02
3.311870e-02
5.362125e-02
4.599825e-02
1.928859e-01
6.380752e-03
3.352642e-03
1.096248e-01
3.969430e-02
1.217431e-02
9.052285e-04
2.282231e-03
8.841368e-04
7.396625e-02
1.144457e-02
1.192493e-03
1.610403e-02
7.734043e-02
7.417859e-04
1.869101e-03
2.021564e-05
7.228565e-02
8.322275e-02
2.375898e-03
5.735185e-02
1.782273e-02
1.760338e-01
7.815371e-02
9.864687e-02
1.318366e-03
1.077806e-02
1.241617e-03
1.256385e-02
1.860439e-03
1.752356e-01
5.927891e-03
4.045319e-04
1.307202e-03
4.923221e-02
9.022226e-02
6.660350e-03
1.546017e-02
4.843593e-03
1.062104e-03
8.785951e-04
5.688783e-02
2.963413e-02
5.830743e-02
2.367452e-03
7.923949e-02
9.809572e-02
1.181663e-01
1.334385e-02
2.836587e-01
1.486301e-01
8.854438e-04
3.568275e-03
5.300473e-03
1.371012e-02
2.553656e-02
1.749504e-01
4.617557e-02
1.451924e-01
9.292117e-04
1.082043e-01
5.687914e-03
3.010600e-03
3.544462e-01
3.314309e-04
2.154212e-02
6.980086e-02
4.515413e-02
1.001367e-01
1.728790e-02
1.004112e-03
1.773771e-01
1.408544e-02
8.303522e-02
4.358200e-02
4.072921e-02
3.035568e-03
5.894749e-03
7.786324e-02
1.646110e-01
2.836345e-04
2.271915e-01
2.569556e-01
2.177005e-03
7.429847e-02
6.864603e-04
9.532199e-03
9.096685e-02
1.306332e-01
1.866461e-01
1.159898e-01
1.410465e-03
5.305970e-03
9.369760e-04
5.188679e-02
1.499151e-02
7.351193e-02
1.370151e-02
3.450306e-02
9.355333e-05
3.199052e-02
3.250116e-02
7.358331e-02
4.469074e-02
1.250028e-01
2.283650e-02
2.287531e-02
1.524761e-03
1.471560e-03
2.301627e-01
7.309717e-03
4.103376e-02
1.104881e-01
1.305201e-02
2.493037e-03
4.112749e-02
4.852730e-03
9.093755e-02
1.053605e-01
3.159390e-02
1.426006e-02
1.772075e-01
2.857453e-02
7.812044e-03
6.136478e-02
1.587653e-04
2.200819e-03
3.414553e-02
8.667800e-03
4.815966e-02
1.490901e-02
6.522812e-02
3.379232e-02
2.307885e-02
1.353887e-02
3.643999e-02
7.504648e-02
2.868242e-03
1.008786e-06
2.867132e-03
2.491100e-01
7.010654e-02
7.083830e-02
3.357919e-03
1.529797e-03
1.763143e-01
5.667926e-02
1.688723e-01
8.012742e-02
4.813934e-02
4.299605e-01
2.717380e-04
9.714520e-03
7.823343e-03
9.057457e-03
9.361580e-03
2.424257e-01
5.894271e-02
1.455304e-02
1.267580e-02
9.679914e-03
1.231044e-03
1.551360e-05
2.014160e-01
2.864026e-02
2.118158e-01
1.583496e-01
3.872726e-02
1.718565e-01
7.848319e-03
1.660252e-03
2.219439e-04
1.967132e-01
1.256326e-01
2.854874e-02
4.611099e-03
2.661279e-05
2.703174e-02
9.251215e-03
1.784065e-01
7.177654e-03
4.275786e-03
1.458141e-01
1.195056e-01
2.614736e-02
1.574478e-01
2.270429e-02
2.184774e-02
7.033708e-02
6.071235e-02
1.401678e-02
2.758569e-03
8.187736e-02
3.421256e-02
3.942693e-02
1.119478e-01
4.759412e-04
8.310343e-02
7.810307e-01
6.534481e-04
5.492183e-02
1.016910e-01
4.154658e-05
1.036180e-02
6.129139e-03
1.892844e-01
7.434292e-02
1.927504e-04
1.292212e-01
2.851166e-03
5.306494e-02
3.674231e-02
7.734178e-02
1.308575e-01
4.499151e-02
3.249239e-05
4.135726e-01
4.489213e-02
7.237690e-02
4.235458e-04
2.701378e-01
3.606108e-02
1.202182e-02
5.554520e-02
1.730289e-02
1.937319e-02
3.874798e-02
2.253079e-02
7.858717e-02
4.180597e-02
5.492989e-03
2.299259e-02
1.964576e-02
1.184058e-02
1.609835e-02
4.102939e-03
8.560970e-03
4.110153e-02
5.223237e-03
5.504075e-03
1.425800e-01
8.378070e-02
2.354631e-01
5.345673e-04
3.761113e-03
7.420048e-04
1.305612e-01
1.407160e-02
2.767881e-02
2.400444e-02
1.284106e-03
1.314679e-01
7.695832e-05
2.307382e-01
2.005098e-03
9.817654e-02
3.894671e-03
2.414119e-01
1.243369e-01
1.471816e-02
1.635033e-04
1.645944e-03
1.232764e-01
6.858286e-02
4.383199e-02
1.713207e-02
1.001905e-05
4.831630e-02
5.569321e-02
1.899579e-02
1.237610e-01
7.570339e-02
3.371630e-03
5.390113e-02
2.193453e-01
2.198914e-02
9.642109e-04
8.514840e-04
1.937190e-03
8.256568e-04
8.945219e-02
4.384037e-02
9.105527e-02
2.051906e-03
3.988223e-04
