7.210696e-02
2.611913e-02
4.575743e-03
2.809165e-02
1.835119e-01
2.359796e-02
2.879055e-02
7.810564e-04
1.620687e-02
2.106902e-02
4.863401e-03
1.172127e-01
9.950012e-02
1.568190e-02
6.332384e-02
5.265120e-02
4.644184e-02
2.380834e-01
1.771009e-04
2.483889e-02
1.213300e-04
1.520459e-03
1.583573e-01
2.681297e-03
3.032728e-04
6.242560e-02
9.642239e-02
3.653234e-03
3.628797e-02
8.665149e-04
2.659914e-03
2.923097e-02
1.376735e-03
1.273383e-01
2.862065e-03
2.687746e-02
1.002820e-01
3.591601e-03
7.407864e-02
8.223824e-04
6.508277e-02
3.394882e-03
1.214792e-03
2.867703e-02
2.267345e-02
1.185909e-01
9.783038e-02
1.207335e-02
5.006209e-03
1.970005e-02
1.384744e-01
2.906457e-02
6.567808e-03
1.691763e-02
9.092061e-03
3.975591e-02
2.024597e-02
7.619855e-02
4.827398e-02
2.027648e-04
5.537686e-03
1.441589e-02
2.751437e-02
1.167766e-04
1.057444e-01
4.515239e-04
1.242722e-02
1.163583e-03
3.120420e-02
1.892357e-01
9.342478e-02
4.238011e-02
4.969540e-02
1.038084e-05
8.332261e-02
2.181947e-02
7.999063e-03
2.776214e-02
7.409088e-04
1.085182e-01
1.056182e-03
1.206868e-01
4.324569e-02
2.309106e-01
3.385278e-02
2.071638e-02
1.323903e-02
4.556419e-02
1.143021e-02
5.221567e-02
4.479662e-03
2.000224e-01
1.060941e-03
3.304452e-02
5.595417e-02
1.027199e-01
7.457246e-04
2.068235e-02
1.071570e-01
2.192421e-01
3.113274e-02
3.338603e-02
1.055796e-01
1.793795e-01
5.188753e-02
1.008771e-02
4.823413e-02
6.407459e-03
1.579149e-01
9.386167e-03
3.129669e-03
1.780217e-01
9.402478e-02
6.789212e-02
2.776297e-02
2.165746e-01
1.263136e-01
1.592559e-03
2.949030e-04
1.219491e-04
6.862281e-02
8.195744e-02
1.842156e-02
1.402573e-03
3.237022e-01
1.818387e-02
2.275723e-02
3.180455e-02
2.255531e-01
5.578236e-03
2.065781e-02
4.410498e-04
2.268550e-03
9.127433e-02
1.483135e-01
1.613969e-01
3.825569e-02
2.130336e-03
1.404965e-02
8.493623e-04
3.700766e-04
7.121512e-02
7.205714e-05
2.900353e-02
3.290927e-01
3.735314e-02
6.322104e-02
8.766768e-04
3.583161e-03
4.427676e-03
1.548635e-01
4.078795e-03
4.331798e-03
2.115194e-02
1.523850e-01
6.578127e-03
1.426649e-02
8.958790e-02
2.382571e-01
1.673018e-01
3.252534e-02
7.545599e-04
1.554311e-01
1.405981e-02
8.052888e-02
4.876882e-02
2.377028e-02
1.148349e-01
2.676230e-03
2.812307e-04
1.353310e-03
3.776042e-01
1.317304e-01
5.440784e-02
7.071545e-02
1.300839e-02
1.134378e-02
3.465796e-03
6.350308e-03
4.581747e-02
1.663479e-02
5.851956e-02
6.890347e-02
1.229269e-01
6.539297e-02
1.579695e-02
6.166153e-03
9.182676e-05
1.401560e-01
4.957151e-03
6.192376e-02
1.253285e-01
8.744802e-03
1.106808e-03
1.666043e-02
2.028683e-02
6.832732e-02
3.699138e-01
6.199164e-02
2.579154e-02
6.975165e-03
8.588710e-02
5.905050e-02
7.957763e-03
2.538168e-02
3.209387e-03
2.976732e-02
1.429418e-01
8.538141e-04
5.922488e-04
2.474217e-03
7.236226e-03
4.572759e-02
1.094701e-01
2.233518e-03
4.914852e-02
1.809243e-02
6.740532e-02
1.568494e-03
8.117273e-02
6.285841e-03
4.258597e-02
1.608060e-01
1.507518e-03
5.922095e-02
1.082755e-01
4.070316e-02
2.147891e-01
3.019487e-02
1.901740e-01
1.180403e-01
4.382665e-02
2.318203e-02
1.705700e-01
1.793727e-01
1.277129e-01
9.104447e-02
4.423053e-05
4.314587e-03
8.171124e-04
5.428343e-03
8.626569e-02
7.659832e-01
2.008221e-03
5.285264e-02
2.050970e-01
7.336411e-03
2.299491e-02
1.730374e-01
1.480193e-01
1.512069e-02
1.131645e-04
1.189144e-01
1.301063e-01
9.445687e-02
4.986804e-04
1.734662e-02
1.548461e-02
3.064106e-01
1.240071e-01
2.660777e-02
1.649437e-03
2.021426e-02
7.865971e-03
8.913324e-02
2.888777e-02
7.059501e-03
1.580991e-03
5.021270e-02
1.270726e-02
1.839653e-05
3.946479e-02
8.241876e-02
2.420156e-02
5.248299e-04
2.094239e-02
4.659985e-02
5.719454e-02
4.764703e-04
1.519497e-01
9.277583e-02
7.616470e-03
3.687298e-02
1.558738e-02
6.622063e-02
2.001019e-02
1.082667e-02
1.387262e-02
5.630427e-03
1.199245e-01
1.492283e-03
4.308651e-03
6.369924e-02
1.337225e-02
9.203530e-03
6.559953e-03
4.086716e-02
9.778240e-03
3.620259e-03
4.415336e-02
3.656954e-02
1.468923e-01
3.231861e-02
5.484130e-03
5.512033e-02
1.170580e-02
2.011539e-03
4.310310e-02
4.627687e-05
1.184902e-02
6.599439e-03
1.257803e-06
4.153861e-02
7.148449e-02
6.179973e-04
2.005526e-02
3.102566e-02
6.433458e-02
2.849320e-01
1.223808e-01
3.349016e-03
8.719590e-02
7.650469e-02
3.778719e-02
5.120905e-02
5.768626e-03
3.520267e-03
4.305700e-04
5.808779e-03
1.168931e-03
4.728572e-02
2.677648e-02
1.563048e-01
3.480348e-02
1.438855e-03
1.467009e-01
2.649385e-04
1.459340e-01
6.345889e-03
6.284972e-02
1.518431e-02
1.093220e-02
4.741786e-02
1.180600e-02
4.028750e-02
3.290453e-02
1.513530e-01
1.418009e-03
7.197014e-02
4.754826e-01
3.206508e-02
3.524314e-03
1.948206e-03
1.748210e-03
1.528644e-02
7.037775e-02
6.510772e-02
2.494147e-02
3.823920e-02
8.918927e-03
1.526559e-02
2.193793e-02
3.018800e-03
1.199867e-02
7.551942e-02
1.471294e-03
2.665737e-01
1.458559e-01
9.039863e-03
1.236531e-01
2.519313e-02
7.810180e-02
7.425917e-02
1.849233e-03
1.320478e-01
5.895637e-02
1.053030e-01
1.391661e-04
9.386899e-03
4.109860e-03
2.418514e-01
7.070479e-02
1.176280e-02
1.491166e-02
2.538530e-05
3.371462e-03
2.126975e-01
5.138726e-03
4.652123e-03
6.275855e-03
4.145022e-04
7.454460e-02
3.135667e-02
4.291035e-04
1.737975e-02
3.090031e-03
1.976720e-01
2.302206e-04
1.562052e-03
2.106333e-01
1.872157e-02
5.615947e-03
1.909905e-01
2.616429e-01
7.302564e-02
1.853046e-01
2.546633e-01
4.986128e-01
2.608808e-02
9.290112e-02
1.476227e-02
3.866771e-02
5.636601e-02
1.653394e-02
5.513687e-03
1.132123e-01
3.506352e-02
1.671881e-02
2.276910e-03
1.529261e-02
1.055223e-01
1.326505e-02
1.995626e-03
4.600172e-02
6.245957e-03
1.311973e-02
1.891099e-01
4.326519e-02
2.787123e-03
2.184112e-02
1.456335e-03
6.904753e-02
3.879372e-02
7.216651e-03
1.802375e-02
3.390425e-01
5.478610e-02
2.044632e-04
1.105961e-03
7.686541e-02
2.743772e-02
6.783807e-02
5.673024e-02
4.323801e-03
3.556201e-02
7.841138e-02
4.214058e-03
9.188529e-04
1.929571e-03
4.992129e-03
1.579361e-01
1.585949e-01
1.192739e-02
5.276668e-02
2.696986e-03
3.793463e-01
2.854599e-02
3.382788e-03
5.949855e-02
9.080312e-02
8.764154e-02
1.450416e-02
6.922066e-02
4.680623e-02
4.829857e-03
7.102983e-02
1.337748e-01
1.040064e-01
7.808951e-02
8.154950e-02
2.003042e-03
6.298767e-03
7.372568e-02
3.622178e-02
3.416889e-06
1.898807e-02
2.330282e-02
7.879426e-02
4.099841e-04
2.641967e-05
2.959965e-04
2.121316e-03
1.869940e-03
4.018933e-02
1.504631e-01
3.034301e-02
5.113861e-04
4.449508e-03
1.240910e-01
2.260310e-02
2.303586e-01
8.735108e-02
3.189769e-08
9.904084e-02
5.994571e-02
1.744521e-01
1.144979e-01
5.928201e-02
9.425693e-03
2.909284e-02
8.168026e-02
4.876719e-02
5.920866e-04
3.743176e-04
2.393317e-02
4.651474e-02
1.075467e-01
3.147394e-01
5.921439e-03
3.863897e-02
7.465409e-02
1.254189e-02
1.367869e-01
2.287305e-03
8.567899e-04
1.315127e-02
7.838129e-02
5.165899e-03
3.633892e-03
1.588838e-02
1.364490e-03
2.592966e-02
3.458374e-02
2.226178e-02
1.579135e-01
3.089848e-05
8.802541e-03
1.450972e-04
3.773450e-02
7.986163e-02
3.915883e-02
2.639373e-02
6.693965e-02
1.833390e-04
1.309596e-04
1.285774e-01
3.048269e-04
2.025512e-02
7.213377e-02
1.163141e-02
7.798723e-02
4.126340e-02
4.285894e-03
4.068299e-03
2.759454e-03
3.324231e-05
1.943652e-02
9.017988e-04
7.580047e-03
4.834882e-02
1.678423e-02
1.579528e-01
1.518554e-01
3.782647e-02
1.014450e-02
1.237004e-02
3.215038e-03
7.779774e-02
2.758386e-03
5.417925e-02
3.062225e-03
1.217665e-01
4.268298e-04
9.786383e-02
6.186441e-02
5.813636e-04
4.624349e-02
1.640988e-03
2.418517e-04
8.419625e-02
1.304156e-01
4.347093e-02
8.093229e-04
3.423006e-04
2.655158e-02
7.483198e-03
7.341011e-02
6.583930e-04
5.471279e-02
8.026629e-04
9.986766e-03
2.444321e-03
2.350273e-01
1.442229e-01
3.644959e-03
6.055572e-03
3.330204e-03
1.918942e-01
2.903363e-04
1.003807e-01
1.137591e-02
2.254486e-03
2.884471e-02
1.278642e-01
