5.505927e-02
5.891831e-04
2.918364e-02
4.660677e-02
3.610987e-02
3.993350e-02
1.933652e-02
1.041689e-01
1.169471e-03
9.417374e-02
2.551179e-03
2.030137e-01
4.352310e-02
3.043168e-02
4.658292e-02
1.014871e-02
3.603052e-01
2.855427e-02
2.128155e-01
2.171455e-01
2.023116e-03
1.956216e-02
2.339239e-03
4.323994e-03
1.917149e-03
2.746921e-02
2.511716e-03
2.133461e-03
1.706928e-04
4.718574e-02
1.086556e-02
7.887817e-02
1.312363e-02
5.057874e-03
4.965859e-02
1.604323e-02
4.375097e-02
1.303301e-03
1.930859e-02
2.205428e-03
4.424556e-02
6.039914e-03
2.138139e-03
1.790187e-02
1.579590e-03
8.251121e-02
1.181425e-02
6.318332e-04
6.334177e-04
3.477628e-02
9.052283e-03
1.380300e-02
2.465236e-01
7.133351e-02
5.655827e-02
5.232172e-02
1.941491e-02
2.206508e-02
3.181286e-01
4.102089e-03
1.561246e-01
5.590627e-02
4.613880e-03
1.709145e-02
2.062057e-01
1.699407e-02
1.557502e-02
7.345175e-02
1.175274e-01
5.218373e-02
4.190028e-04
3.006846e-03
6.243237e-03
2.183316e-03
8.267906e-02
1.643992e-01
2.937098e-02
8.850810e-02
3.230035e-04
7.412668e-03
1.985492e-03
3.047608e-02
4.973307e-02
2.887242e-02
9.674520e-03
1.370054e-03
1.339302e-03
7.551965e-04
1.342722e-01
6.536549e-02
1.266052e-01
1.750840e-02
2.374988e-03
2.556233e-02
9.461109e-02
5.006633e-03
2.725411e-02
7.440004e-02
1.973762e-02
1.711379e-03
1.126025e-01
4.401926e-02
1.866878e-01
6.170606e-02
3.413407e-02
1.702653e-02
1.965039e-01
5.505563e-03
3.432110e-02
3.333666e-01
1.374646e-01
2.467659e-03
2.660118e-05
4.795229e-02
6.173724e-02
1.130386e-01
5.002169e-02
4.395277e-02
8.957877e-04
2.096317e-03
2.915379e-03
1.914939e-04
7.868053e-03
1.751648e-02
8.887678e-03
6.171605e-02
1.591396e-01
3.467968e-04
1.095879e-02
4.140026e-03
5.673286e-03
4.868139e-02
2.068618e-02
7.352326e-02
2.869666e-01
8.819729e-02
3.819099e-01
3.374892e-02
1.994339e-03
2.897569e-02
2.976934e-02
3.655380e-02
1.207347e-02
1.130811e-03
1.685807e-01
1.481012e-01
3.802296e-02
3.356918e-02
4.972610e-02
3.117240e-03
8.454177e-03
6.785816e-04
6.701680e-02
2.771665e-02
7.309641e-02
5.610495e-02
6.472991e-02
5.435248e-03
5.313563e-02
7.312338e-01
9.890006e-03
5.171081e-02
5.151601e-04
8.790034e-03
1.194437e-02
4.259984e-03
3.288204e-02
2.021946e-01
4.026620e-03
2.509613e-02
9.315693e-02
3.405728e-04
1.255739e-01
5.097402e-02
8.310372e-02
3.844795e-04
1.581381e-01
1.467420e-01
6.275584e-03
7.526448e-02
2.222086e-02
8.625273e-02
6.202722e-02
7.337312e-04
4.606269e-06
7.901942e-02
2.020500e-02
5.188281e-04
2.008595e-02
1.068448e-03
1.393314e-02
1.322858e-02
3.809597e-02
3.678371e-02
3.125550e-03
1.879626e-03
2.500701e-01
2.492070e-01
1.122722e-02
5.337071e-02
2.376469e-02
3.704504e-03
1.591130e-01
1.703410e-02
2.316335e-02
1.673667e-01
1.531911e-02
1.051640e-02
5.786231e-02
2.737136e-01
1.114662e-02
3.065115e-02
4.579432e-04
2.277848e-02
9.903814e-03
5.123385e-03
1.923201e-02
1.479919e-02
5.003092e-03
1.131954e-02
1.190387e-02
1.086383e-04
1.523784e-01
1.238775e-02
4.952578e-02
1.627132e-02
1.327516e-02
2.158278e-02
8.726481e-02
1.549328e-02
1.790122e-02
8.423313e-02
4.918142e-02
3.720286e-02
4.381702e-02
2.925192e-02
7.864757e-03
5.867947e-02
9.990485e-02
1.185409e-02
3.869125e-02
1.665938e-01
4.133077e-03
5.492623e-04
8.567626e-02
2.712181e-03
7.951929e-02
2.833910e-05
6.112846e-02
2.831629e-03
1.832489e-01
4.651062e-04
8.556393e-03
1.082084e-02
1.379058e-02
1.055632e-01
3.004517e-02
2.119440e-04
8.202915e-02
5.010916e-02
1.153492e-03
1.384293e-03
1.930824e-02
1.971576e-06
1.391936e-01
1.779176e-04
2.367719e-01
3.825555e-02
2.051055e-02
7.045376e-02
2.158167e-01
9.623957e-02
5.451360e-02
7.525682e-03
7.926096e-02
8.136607e-02
3.444699e-02
1.243421e-01
1.696055e-01
3.171566e-03
1.202524e-02
2.358014e-02
5.481796e-03
8.358675e-02
2.233668e-02
8.668765e-03
4.489030e-02
1.882247e-01
8.271513e-02
1.109284e-02
2.045647e-01
3.364221e-04
4.770632e-04
9.414826e-03
5.034582e-02
6.143982e-02
7.013390e-02
8.009098e-03
6.379592e-02
5.922657e-03
1.004733e-02
5.369969e-04
9.157218e-02
8.419985e-02
6.325941e-04
1.033763e-02
4.624023e-03
3.142800e-02
3.325788e-02
6.054229e-02
3.151706e-03
1.176799e-04
8.199800e-02
1.520439e-01
1.247569e-02
3.216547e-01
2.950654e-03
1.879548e-02
5.261598e-02
1.071936e-01
4.776934e-02
7.081063e-05
1.349004e-01
2.534756e-02
1.033821e-01
9.516933e-03
1.448440e-02
1.147389e-02
2.128240e-02
5.236456e-02
1.359060e-04
7.201801e-03
6.854376e-03
2.812057e-02
6.943086e-02
2.341068e-02
5.767309e-03
2.695586e-04
9.211426e-04
7.097558e-03
1.221549e-04
9.218509e-02
2.047562e-01
4.087229e-02
8.577798e-02
1.197977e-02
8.808453e-03
8.745428e-03
2.261870e-02
1.317391e-03
7.085433e-05
1.348348e-01
2.171951e-03
1.339821e-02
5.705654e-02
3.544129e-02
4.753054e-02
1.913011e-06
1.257079e-03
3.718471e-01
6.608493e-02
5.530113e-02
1.432981e-01
4.498631e-05
4.960950e-02
2.896258e-03
1.115188e-01
1.172329e-01
7.835004e-02
1.728827e-02
1.289571e-03
3.114427e-02
3.422864e-03
2.076454e-01
6.500221e-03
1.083765e-02
7.762820e-03
6.792191e-03
1.654731e-02
4.615461e-04
1.183273e-03
7.956866e-06
1.295753e-04
1.905597e-03
1.190983e-02
1.466713e-02
3.471759e-03
5.638437e-03
2.432461e-02
5.391953e-03
1.183511e-02
1.010118e-02
1.791223e-02
3.555556e-02
5.601842e-02
2.629747e-02
1.006907e-04
4.356088e-02
8.423566e-02
6.611402e-02
3.340072e-02
1.594374e-02
6.127775e-04
1.320548e-03
2.122785e-02
3.958855e-04
1.659955e-02
9.850548e-02
1.308421e-01
4.630387e-03
1.795407e-01
2.407826e-03
3.024227e-02
4.603115e-02
2.062229e-02
9.152212e-03
7.740018e-02
4.094743e-02
4.662082e-03
1.009406e-01
1.909143e-02
8.510938e-03
6.847499e-02
9.541572e-06
1.375699e-02
4.764295e-04
2.152028e-02
6.218910e-03
1.176177e-02
1.355072e-01
4.875278e-02
7.136743e-06
4.029586e-04
6.444525e-02
1.405885e-02
3.969438e-03
1.663532e-01
1.749808e-02
1.681930e-03
9.254274e-02
4.236202e-02
1.002139e-02
6.050978e-03
2.967583e-02
6.368712e-03
2.252910e-04
7.095129e-07
4.522407e-02
3.160224e-02
2.440016e-02
3.268557e-02
7.339977e-02
7.917011e-02
3.213836e-02
4.054036e-05
5.784766e-04
8.562585e-02
1.462499e-03
5.386752e-02
1.944721e-01
1.241452e-03
3.729190e-03
8.837900e-01
1.082266e-05
3.641587e-02
2.084088e-01
5.557045e-02
7.478882e-03
2.694152e-01
1.357640e-03
1.709355e-02
1.184053e-02
3.459968e-02
1.208361e-02
5.454750e-02
5.506217e-03
7.989041e-02
2.344519e-03
2.157244e-03
1.731827e-01
4.296407e-02
2.642112e-02
1.426900e-02
3.871620e-03
3.198840e-02
2.622301e-02
1.949979e-01
9.990921e-02
5.927345e-02
1.212061e-01
4.734671e-02
5.825805e-03
4.147043e-04
4.458317e-03
1.507040e-02
1.519166e-01
2.117886e-02
7.018998e-02
9.816856e-03
2.252169e-02
1.425792e-01
6.071494e-02
8.908958e-02
1.582949e-01
5.519550e-02
6.882907e-04
5.103957e-03
8.221045e-02
1.631894e-02
2.252769e-02
2.232398e-02
8.552370e-02
7.400732e-02
8.934993e-02
3.971238e-02
4.163971e-02
2.422379e-02
3.323471e-02
2.390177e-02
2.852312e-01
1.498789e-02
3.244121e-03
5.160403e-04
6.551358e-03
1.547148e-02
2.766171e-02
3.426085e-02
8.171692e-02
1.199290e-01
9.775350e-02
6.765874e-02
2.596257e-01
3.844262e-03
2.181885e-03
3.621097e-03
8.899960e-05
2.496206e-01
3.408456e-03
2.833897e-05
3.313046e-04
2.089641e-02
1.176627e-02
2.691312e-01
1.379809e-03
2.266842e-03
1.964355e-03
1.587003e-03
2.147651e-03
1.577687e-03
2.104087e-02
3.939825e-02
8.189651e-02
2.095539e-04
2.189835e-02
7.713065e-02
2.758911e-02
3.416400e-03
2.703419e-03
1.878807e-01
4.304707e-02
2.723845e-02
1.582971e-02
3.417742e-03
3.348831e-02
1.202029e-01
1.127919e-04
2.754363e-02
2.524170e-02
1.418344e-05
5.459619e-02
4.978459e-03
6.201189e-02
1.125816e-01
1.221103e-02
5.090189e-02
8.646777e-05
3.604457e-02
2.160949e-02
3.601168e-03
2.598204e-02
9.565309e-02
4.045795e-03
2.037381e-02
1.405815e-02
8.579550e-03
2.751707e-02
5.408874e-02
1.349261e-01
3.883394e-02
2.028676e-02
8.686873e-02
3.261916e-02
1.064276e-01
5.274519e-03
