2.173400e-01
2.269516e-03
3.771549e-03
3.187546e-02
1.261287e-02
3.039739e-02
5.168232e-03
3.697036e-04
2.869056e-02
5.666307e-02
3.005102e-03
4.782013e-02
2.797616e-02
2.306051e-03
4.618500e-04
9.072848e-03
1.615258e-01
9.332692e-02
1.071502e-02
1.098070e-02
1.483783e-02
1.750791e-01
1.509470e-01
2.346266e-02
2.150494e-02
3.532241e-02
5.206838e-02
4.120467e-02
5.319443e-05
7.769005e-02
2.430072e-02
2.039141e-02
1.848525e-04
5.595225e-02
6.208302e-05
2.930662e-03
4.031034e-02
6.137696e-02
9.580156e-03
3.182816e-02
1.384433e-02
1.245614e-02
1.160091e-02
1.068283e-01
4.364680e-02
7.142726e-03
2.870296e-02
3.682125e-06
1.985743e-02
1.147692e-01
1.144061e-03
6.687252e-04
9.312706e-06
9.934558e-03
2.284902e-02
9.984920e-06
2.470062e-02
1.728301e-02
7.132475e-02
5.050471e-03
8.379607e-03
5.433228e-02
1.415855e-04
6.037761e-03
1.773174e-04
8.876542e-02
2.554093e-02
3.874926e-01
2.360078e-02
1.860016e-02
5.392700e-03
2.246364e-03
6.057023e-03
9.375987e-02
4.847248e-03
2.905824e-02
5.952949e-02
2.425402e-02
5.362491e-02
1.225904e-04
4.142052e-02
6.210870e-03
3.375228e-02
5.868274e-04
2.132085e-02
2.579494e-02
8.993171e-05
3.107999e-02
1.131284e-01
2.856705e-03
3.786698e-03
1.295874e-01
4.756066e-03
3.707069e-02
5.559508e-03
3.977289e-03
8.020900e-02
2.348461e-03
4.152806e-02
3.209128e-02
6.792010e-03
7.163702e-02
9.799017e-02
9.054270e-03
3.888964e-02
2.208994e-03
1.101313e-02
7.126550e-02
2.112225e-02
2.915363e-02
1.114697e-01
1.396713e-03
1.029529e-02
1.097302e-02
9.494194e-03
1.108423e-01
8.788350e-02
3.413741e-06
1.266538e-02
4.411788e-05
3.337574e-02
1.059386e-01
9.268933e-03
9.350985e-02
1.770883e-01
3.900832e-02
7.981611e-02
1.098823e-01
1.438235e-02
1.925174e-02
2.339946e-03
4.181876e-02
5.481574e-03
5.352603e-02
5.208280e-01
3.582188e-02
2.182800e-03
1.299083e-02
4.834076e-03
2.071345e-02
5.079474e-02
1.539374e-03
8.267578e-03
1.881638e-04
3.860808e-02
1.027061e-02
2.427549e-04
1.683394e-02
5.645105e-04
2.346010e-02
1.378302e-03
8.113260e-02
9.890366e-04
9.458931e-02
3.602462e-03
3.926269e-03
1.145808e-02
1.396664e-03
9.922088e-02
2.629751e-01
3.347775e-02
2.290415e-03
5.388480e-03
4.138583e-01
6.346966e-02
1.730932e-01
2.664302e-02
9.154705e-02
3.037978e-03
3.128335e-02
1.711642e-03
3.881528e-02
4.245474e-02
4.739793e-02
1.131524e-02
4.144431e-04
4.454663e-02
3.366592e-02
4.888586e-02
7.865629e-03
1.119100e-02
8.453802e-02
2.584539e-02
1.514865e-02
6.760990e-03
8.605422e-03
3.000633e-03
4.179314e-02
3.616997e-02
2.536223e-03
6.684109e-03
7.764038e-02
1.137948e-02
3.244074e-02
1.174962e-03
4.103144e-02
2.308365e-02
1.230308e-04
2.871308e-02
1.323206e-02
4.318206e-02
1.661058e-04
1.971089e-02
2.136419e-02
2.964056e-02
2.070322e-02
4.059916e-04
9.152074e-02
2.047292e-02
1.901604e-04
1.795385e-01
4.955858e-03
2.158822e-02
2.482388e-03
3.645790e-02
1.674042e-01
6.693119e-04
4.270412e-02
7.469086e-04
8.360063e-02
2.886492e-03
3.321043e-02
1.017797e-01
9.857759e-02
4.099592e-03
5.889073e-02
4.692554e-03
3.532601e-03
8.817744e-04
1.360601e-02
2.188082e-04
3.177874e-02
1.654178e-02
5.326466e-03
1.606365e-02
8.877410e-03
9.133564e-02
1.666442e-03
1.796530e-03
1.804024e-01
7.330577e-05
3.576756e-03
1.804000e-01
1.727713e-02
4.121528e-04
1.521914e-02
2.106483e-04
4.820700e-02
8.249753e-02
4.417717e-02
2.154938e-02
5.285207e-02
7.790654e-02
2.185937e-02
3.117157e-02
1.601845e-01
1.666947e-01
1.306343e-01
1.642429e-02
1.565596e-01
1.710599e-01
2.731481e-02
3.308795e-01
2.420548e-04
7.589595e-02
1.164417e-01
8.037160e-03
1.474288e-03
1.113572e-02
5.936236e-02
2.323249e-01
2.497742e-03
6.050998e-03
2.640501e-02
1.619708e-03
4.011248e-03
9.060792e-03
6.443568e-07
6.846505e-03
3.997718e-01
3.454293e-02
6.005307e-02
3.114274e-02
5.229673e-02
1.774413e-03
1.389580e-04
2.148787e-02
3.154869e-03
1.694677e-02
1.153229e-03
4.313764e-03
4.032212e-02
6.906815e-02
1.240993e-01
7.445964e-02
2.025460e-04
2.056788e-01
3.234170e-02
7.643978e-03
9.216578e-03
2.989562e-02
3.884421e-02
7.071559e-02
5.387403e-02
5.427785e-02
3.411798e-01
5.024306e-04
2.128410e-02
4.185033e-03
1.227599e-01
1.094276e-01
3.934814e-03
1.146667e-01
2.051611e-01
1.209786e-03
1.230869e-01
1.749695e-01
4.709355e-04
7.561046e-03
1.681344e-01
1.955788e-02
6.698683e-03
2.725662e-02
1.138463e-02
2.665845e-01
3.064288e-02
3.595271e-02
2.339645e-02
1.298398e-02
1.048403e-02
1.047258e-01
4.578407e-02
2.237133e-01
1.525879e-01
3.040937e-01
1.453705e-02
2.256906e-02
8.734198e-03
1.369279e-01
3.807134e-02
1.383043e-03
1.592192e-01
2.142323e-02
4.773888e-02
1.793191e-02
3.172943e-02
2.511315e-02
1.803406e-03
5.808826e-02
8.202196e-03
7.387088e-02
1.957485e-02
7.996770e-03
6.736516e-04
2.714726e-04
2.663659e-03
1.316025e-01
5.633874e-02
4.297516e-03
4.486977e-02
2.819323e-04
3.020948e-02
3.943622e-02
4.423525e-02
1.155484e-02
1.095198e-01
1.705638e-02
4.189482e-04
6.800619e-02
3.918947e-02
5.014937e-02
8.506941e-03
1.909861e-02
9.526191e-02
3.236320e-03
3.077033e-05
6.391848e-02
2.878470e-06
1.946749e-01
1.572520e-02
2.343547e-02
4.738725e-06
1.724152e-01
6.438905e-03
1.960114e-01
1.497397e-02
7.510197e-04
4.824346e-02
3.624518e-02
3.630151e-02
5.561765e-02
9.631938e-02
2.854957e-02
6.924039e-02
1.477814e-02
1.521462e-03
2.253881e-02
2.450140e-01
5.442811e-03
1.197687e-02
5.378752e-03
3.176517e-03
1.227223e-03
3.614994e-02
2.112875e-02
3.868202e-05
3.262161e-02
1.082389e-01
7.089612e-03
5.500770e-02
3.369988e-04
1.489966e-01
8.317738e-02
1.139859e-02
7.085223e-02
1.286276e-02
7.217302e-02
2.626298e-04
4.292124e-02
3.881731e-02
5.909253e-02
1.422861e-01
4.832459e-05
2.637228e-03
1.470748e-04
3.492912e-02
3.337736e-03
2.614550e-02
1.741382e-01
6.810009e-02
1.799697e-02
7.034796e-03
1.112385e-01
2.872731e-01
1.426968e-02
6.050096e-02
2.746044e-02
1.055359e-01
2.855185e-01
3.715591e-04
2.346918e-02
3.647779e-02
1.339916e-04
3.595523e-02
4.580366e-02
4.533453e-02
2.371279e-03
1.397958e-02
2.820335e-02
1.506386e-03
1.124079e-01
1.114028e-01
1.116597e-01
4.162262e-02
9.380425e-03
1.114945e-01
5.761840e-02
3.721269e-03
1.758224e-01
4.106015e-05
1.196634e-02
7.482044e-02
9.525690e-02
7.993173e-04
1.725901e-01
1.111133e-03
7.671844e-02
3.412046e-03
8.016457e-02
1.933379e-02
9.920304e-02
1.942359e-01
2.937126e-02
1.723639e-03
4.011297e-04
1.715549e-01
4.455796e-03
3.938878e-02
1.220560e-05
1.916057e-01
1.476635e-01
2.091259e-02
1.995268e-02
8.183689e-02
4.212381e-02
4.644576e-03
2.794358e-02
1.076040e-02
5.131206e-02
7.883254e-02
2.966300e-02
1.890270e-02
2.868102e-02
1.718621e-02
2.022830e-03
4.358318e-02
1.282729e-02
1.051535e-01
8.100384e-03
7.630092e-03
1.080042e-02
1.162378e-01
2.238965e-03
5.502162e-02
1.117223e-04
1.509839e-03
1.007093e-02
1.230432e-02
1.437050e-01
2.743614e-02
3.372645e-02
9.916968e-02
4.107989e-03
4.302182e-03
3.258971e-02
2.078357e-02
2.897444e-03
9.412673e-02
2.294536e-03
1.214841e-02
1.520430e-03
1.011382e-02
5.697787e-03
2.360557e-02
2.298174e-02
2.926393e-03
9.178899e-02
4.249077e-04
3.462978e-02
4.404187e-02
1.418578e-03
7.936282e-02
1.003424e-02
7.791173e-02
5.117893e-02
2.333896e-02
1.423867e-01
6.177159e-03
2.328868e-01
3.455778e-01
6.349427e-02
7.232702e-02
1.533440e-01
6.382809e-03
4.308376e-02
2.347585e-03
6.506126e-03
9.069745e-02
6.500432e-02
4.865691e-04
4.750530e-03
4.038500e-02
1.027746e-04
2.526486e-02
3.292022e-03
9.727961e-02
4.147542e-02
1.481284e-02
1.673995e-04
8.429051e-02
1.662272e-02
6.029198e-02
1.896780e-01
8.615244e-04
6.498534e-04
2.871569e-03
1.213531e-02
1.203689e-02
1.246973e-02
8.066512e-02
5.473705e-02
4.503675e-02
1.573631e-01
1.996846e-02
2.187797e-01
7.493408e-02
2.916916e-02
1.660278e-02
6.680242e-02
6.849116e-03
8.647341e-02
1.660897e-03
3.429443e-02
2.099915e-02
3.707692e-02
3.903920e-02
1.760327e-03
3.357935e-02
4.133819e-02
1.197590e-01
9.570219e-03
1.480606e-01
5.826015e-02
5.964423e-02
