4.804488e-03
1.611452e-02
2.157203e-01
1.049385e-02
6.282843e-03
5.030798e-03
7.250890e-02
1.161497e-01
3.268048e-04
2.244362e-02
1.416574e-01
2.755988e-02
6.287453e-02
1.318885e-02
1.702913e-03
6.735470e-02
1.431830e-03
9.320143e-03
4.368895e-02
7.880548e-03
5.024712e-02
4.888336e-02
8.937161e-03
2.227042e-04
4.132144e-03
5.079748e-02
2.963202e-02
2.480833e-03
4.786057e-04
1.793429e-03
1.093036e-01
6.799659e-02
5.689589e-03
9.694001e-06
1.418734e-01
1.244866e-02
1.458960e-01
2.146329e-02
1.027284e-01
1.447593e-02
3.697665e-05
2.056043e-02
1.994379e-02
1.846086e-01
4.050990e-02
1.060701e-03
6.130484e-02
1.806731e-02
3.492789e-03
5.296697e-02
2.957843e-03
1.154019e-01
6.132237e-03
1.078257e-03
2.259981e-02
5.176537e-02
1.913389e-01
3.935169e-04
8.140317e-03
1.626725e-02
4.370765e-01
1.243713e-01
2.166202e-02
1.355773e-02
6.490859e-03
2.191872e-02
2.734975e-01
1.846881e-01
6.548911e-02
2.003336e-02
8.593080e-03
5.704192e-02
9.805381e-03
1.250947e-01
1.252049e-03
3.451062e-01
1.175787e-01
1.961298e-07
1.066635e-01
1.697023e-03
2.075161e-02
4.306666e-03
8.495254e-03
2.851284e-03
9.154678e-02
1.703047e-02
5.086469e-01
2.512022e-01
2.729695e-01
7.390040e-03
1.161982e-01
1.100852e-02
2.569115e-06
1.579401e-01
8.103639e-03
1.015056e-01
8.626786e-02
6.412713e-02
3.628578e-05
3.215113e-03
7.305471e-03
1.635783e-01
2.568185e-01
3.663817e-02
5.579330e-02
4.932683e-04
2.952567e-02
2.894023e-03
8.153706e-02
1.077809e-01
2.018015e-05
1.801732e-02
1.187431e-02
1.843762e-03
1.010200e-02
1.623212e-01
9.306334e-02
2.597637e-02
4.439072e-04
7.429840e-03
1.391547e-02
6.166848e-03
2.215785e-01
2.991618e-04
9.023606e-03
8.437003e-02
2.729037e-02
4.162170e-02
5.511461e-02
1.064733e-01
1.952757e-02
4.290705e-03
1.580214e-02
1.220965e-02
2.491202e-01
3.230351e-02
7.904059e-02
2.218743e-03
2.813801e-02
3.061076e-02
7.068699e-03
4.045112e-02
3.549254e-05
4.522023e-02
1.186008e-01
5.518168e-02
2.317567e-02
6.878091e-03
7.815356e-03
2.039163e-02
8.908104e-02
2.248046e-04
5.159739e-03
1.978996e-02
4.000913e-02
2.523472e-02
8.557784e-02
1.280079e-01
3.176895e-02
6.179431e-02
1.518837e-02
1.851790e-02
1.081670e-02
3.965383e-02
4.336884e-02
6.033113e-01
2.650611e-02
2.468154e-02
5.082627e-04
4.596329e-01
8.745279e-03
9.605047e-04
1.812541e-01
1.569295e-01
6.386466e-02
8.421856e-03
4.353666e-01
2.512719e-02
6.570935e-02
7.906201e-04
2.415667e-03
1.747930e-02
4.768846e-03
8.310108e-03
4.201359e-03
1.472312e-01
5.943500e-02
7.107597e-02
5.788656e-02
1.342184e-03
2.992652e-02
4.846043e-03
1.117763e-01
2.266573e-03
1.790795e-01
9.830791e-02
6.629029e-03
6.360332e-02
2.196499e-02
3.876116e-03
5.411134e-05
1.520358e-02
1.231985e-01
4.828113e-04
6.592673e-02
9.040999e-03
7.816611e-02
5.325016e-03
2.660596e-01
3.023739e-04
3.552280e-02
3.242938e-04
1.856656e-02
7.021960e-03
4.261421e-02
1.502268e-03
4.829423e-02
5.142698e-02
5.112536e-03
4.122137e-02
8.228499e-03
5.150595e-03
3.682900e-02
2.319982e-04
4.075971e-02
1.734187e-04
4.988936e-02
1.754896e-04
3.877823e-02
6.082587e-02
1.065436e-02
4.154362e-02
2.495328e-02
2.781480e-03
7.104966e-06
2.824117e-03
3.396605e-02
2.342467e-02
3.896260e-02
5.724021e-02
2.449186e-01
4.588425e-02
7.076046e-02
2.202047e-01
1.402626e-02
6.078026e-02
1.456642e-01
5.473960e-02
3.655734e-03
2.804911e-02
1.839048e-02
1.098460e-02
4.147515e-02
1.701071e-01
8.147199e-02
1.899731e-02
3.430065e-02
5.202948e-04
3.292806e-01
6.764936e-02
5.330811e-03
1.954859e-03
5.785219e-02
6.937223e-02
8.181431e-03
4.875473e-02
3.630140e-02
1.539951e-01
6.158122e-03
8.263806e-03
3.546818e-02
2.416353e-02
1.287641e-01
4.734492e-02
2.462201e-02
3.773289e-02
5.428794e-03
4.724696e-02
5.844076e-02
6.655901e-02
8.340742e-02
1.359937e-02
2.731860e-02
7.513055e-02
1.218733e-01
1.522941e-01
3.543515e-04
1.348999e-03
4.253660e-02
2.134377e-02
2.915279e-02
9.324659e-02
1.105041e-02
2.520809e-02
7.421330e-05
6.009659e-02
1.525785e-02
1.170141e-03
1.506679e-01
1.830471e-02
3.424806e-03
3.258445e-02
2.859242e-04
4.604714e-03
1.022227e-01
3.022748e-01
1.708812e-03
7.910469e-04
7.415823e-02
4.890136e-02
3.499057e-02
1.155615e-02
8.445227e-03
6.907133e-02
5.687427e-02
1.306408e-01
1.395411e-04
5.210413e-03
8.045878e-02
4.558533e-02
3.652521e-02
1.588631e-01
4.381430e-02
2.099161e-01
6.422772e-03
4.416360e-02
9.038724e-04
3.963274e-02
7.384296e-02
1.744521e-02
4.694421e-02
1.177650e-02
4.326611e-02
5.915170e-03
4.823584e-02
1.436357e-02
6.128244e-03
1.184484e-02
4.934122e-02
1.296077e-02
2.331359e-02
9.156587e-03
2.574786e-03
4.115023e-04
2.317860e-03
1.136215e-01
6.503238e-02
3.190601e-01
2.001295e-02
6.538079e-02
2.958808e-02
2.228189e-02
6.831635e-03
2.490577e-03
1.117216e-01
6.577031e-02
6.705907e-04
7.635380e-02
6.158885e-02
9.164306e-02
2.311286e-01
1.465793e-02
4.558771e-01
8.214169e-02
2.156623e-02
3.440129e-02
3.929797e-03
3.279901e-03
5.088486e-02
1.181759e-02
7.299431e-04
3.767706e-02
8.222822e-03
1.312214e-02
3.317985e-03
4.746126e-02
7.457267e-03
8.855494e-02
3.683482e-04
5.008187e-04
1.038679e-02
2.028352e-02
1.104485e-01
2.742369e-02
7.681983e-04
9.021854e-02
7.196254e-03
3.902568e-02
8.099987e-02
7.559256e-03
1.284369e-04
1.344808e-02
1.383909e-01
7.370854e-03
8.834271e-02
2.539662e-02
2.719925e-02
3.360227e-01
4.039847e-03
1.719700e-02
3.201576e-03
2.539059e-01
7.574997e-03
2.017166e-03
3.463243e-03
5.084559e-02
3.345783e-02
8.359244e-05
8.292125e-02
1.522820e-03
3.861381e-02
5.761077e-03
3.715092e-02
6.362180e-02
8.585686e-03
3.050269e-02
5.176687e-03
3.615189e-02
1.834944e-02
6.235682e-02
7.651687e-05
3.392630e-03
4.088901e-05
1.201155e-03
3.534534e-02
2.366935e-02
3.322883e-03
2.415020e-03
8.503104e-04
1.763216e-01
1.116799e-02
2.246807e-09
1.398162e-01
3.788235e-03
7.272411e-02
5.024447e-02
8.084708e-03
4.915581e-02
4.562720e-02
2.664002e-02
4.906167e-02
2.077457e-02
4.551273e-05
1.862760e-02
5.853945e-03
2.258354e-02
2.969298e-02
9.833555e-02
3.043308e-02
2.826179e-02
5.862419e-02
4.001119e-03
2.603258e-01
2.514139e-02
2.980153e-02
2.837953e-02
3.396711e-03
9.308894e-02
6.775341e-02
1.956324e-01
8.748314e-03
9.018763e-02
1.180584e-04
4.164716e-03
2.054325e-01
5.271309e-03
6.373168e-02
1.059470e-02
1.386314e-01
2.896931e-02
1.587396e-02
1.533756e-01
2.457920e-01
4.541329e-01
5.247080e-04
5.759510e-02
6.145488e-02
8.621877e-03
5.963684e-02
6.388566e-02
2.652120e-02
2.165714e-03
3.318715e-02
5.707938e-02
1.814727e-03
2.579828e-03
6.030471e-02
1.506602e-03
2.767058e-01
3.575427e-04
3.138269e-03
8.355973e-03
6.493908e-03
5.884504e-02
1.316176e-02
3.543800e-04
2.444984e-04
2.491879e-04
1.856256e-02
5.502654e-02
1.490933e-01
2.035991e-01
2.776804e-03
4.523224e-02
2.438864e-02
6.374170e-02
4.122112e-04
1.349365e+00
2.406009e-02
1.999494e-02
2.942276e-02
8.732724e-02
1.410587e-02
1.177879e-01
1.183074e-02
2.230061e-03
2.109844e-03
4.655260e-02
3.094843e-01
3.703810e-02
5.212680e-02
1.616064e-01
6.014214e-02
4.980235e-02
2.023063e-02
1.739555e-02
6.809713e-03
6.010391e-02
1.631400e-01
4.192978e-04
1.008377e-02
3.606251e-03
3.107111e-04
1.664526e-02
7.904493e-02
8.516281e-02
1.391303e-04
4.305053e-02
2.264627e-02
4.145016e-02
1.850602e-01
1.969758e-04
8.993823e-05
1.363946e-02
1.820130e-01
1.073588e-01
7.569715e-02
5.735344e-02
4.734286e-02
5.961292e-03
4.956795e-02
9.083740e-03
1.258454e-01
4.536473e-02
1.505570e-01
5.846414e-03
3.981405e-04
1.037395e-04
1.432101e-01
4.256099e-02
1.858603e-01
3.291516e-01
5.333537e-02
3.247599e-03
4.486918e-04
6.882598e-03
7.068958e-02
1.042516e-02
4.408661e-02
1.468714e-02
3.399751e-02
4.558830e-04
1.715828e-02
2.559780e-01
2.595712e-02
7.627836e-07
2.149701e-04
8.422540e-02
1.062479e-01
3.837046e-03
4.928313e-01
7.723907e-03
9.353153e-03
4.460644e-05
1.597452e-03
9.548723e-03
6.733867e-09
3.931534e-02
1.012137e-02
3.026571e-03
9.987700e-07
4.919283e-02
1.726045e-01
4.810999e-02
