1.846966e-02
6.313774e-02
3.964801e-03
2.956977e-02
1.612398e-02
1.384834e-03
2.011173e-03
6.626721e-02
4.149548e-02
2.832125e-02
4.243808e-02
1.856061e-01
1.306121e-02
2.992038e-02
1.259380e-01
1.177444e-02
2.111720e-03
4.932279e-03
7.099938e-03
1.249007e-01
7.099744e-02
6.089293e-02
1.099560e-01
5.775170e-02
5.778392e-04
3.230168e-04
1.875780e-03
3.569563e-02
2.283745e-02
1.892933e-01
1.539050e-02
4.016632e-02
9.938258e-03
5.912854e-02
2.071090e-02
2.676585e-03
8.327457e-03
1.788715e-04
4.507017e-04
3.211937e-02
1.096395e-01
9.801222e-02
1.772696e-01
6.369528e-02
1.684222e-03
2.407074e-04
2.828118e-02
1.260688e-01
5.523799e-02
2.508205e-02
2.064809e-03
6.034578e-02
4.577818e-02
5.613190e-02
1.368554e-03
2.498267e-02
8.896201e-02
1.144487e-01
5.660077e-02
6.839938e-02
1.874572e-02
5.992768e-02
1.831555e-01
4.338779e-02
2.361590e-04
8.143412e-02
1.952654e-02
4.653661e-04
4.336825e-03
6.323245e-03
1.094267e-02
3.870097e-03
1.773241e-04
1.241610e-04
2.513237e-02
4.873831e-02
1.724063e-02
4.926921e-03
2.637171e-01
1.453443e-01
8.092184e-02
1.128081e-02
7.277723e-02
1.795681e-02
2.690443e-03
9.578015e-03
8.671338e-03
5.649417e-02
7.475903e-02
9.376915e-02
1.866295e-02
9.878769e-02
9.318988e-02
3.355071e-02
9.520697e-04
3.047162e-02
2.293000e-02
1.050263e-01
1.967192e-02
2.582633e-02
6.576496e-02
6.719356e-03
2.585333e-02
4.555152e-02
8.203839e-03
7.854585e-03
1.586585e-01
8.220996e-03
1.298073e-02
1.613154e-02
2.197167e-02
7.337071e-03
2.166303e-04
1.583179e-02
1.439712e-01
4.419647e-02
7.598259e-02
8.161155e-02
2.716142e-01
7.824713e-02
8.019579e-02
4.208144e-05
1.854636e-02
4.729626e-02
5.615262e-03
3.966379e-02
4.473181e-02
1.209710e-01
1.836971e-02
1.931199e-02
5.980041e-02
1.470311e-02
1.014339e-01
4.650989e-03
1.607502e-02
1.703334e-02
1.664357e-02
3.221673e-01
2.215395e-02
9.335883e-03
8.199882e-03
9.331832e-03
2.071561e-03
5.188861e-02
3.438207e-03
1.150141e-03
8.861299e-02
5.530751e-03
1.235395e-02
5.694914e-02
1.709353e-03
6.970975e-02
2.011308e-02
5.491426e-04
4.823780e-03
5.031101e-02
3.145167e-02
1.771068e-05
7.374643e-03
1.178588e-02
1.133242e-02
6.015778e-03
7.976961e-04
3.223229e-03
3.661581e-02
3.349367e-01
2.845717e-02
8.229394e-04
7.148725e-02
2.019402e-02
2.404449e-05
5.517140e-02
9.468617e-03
5.725277e-03
5.940350e-03
4.415869e-04
2.878149e-03
1.496569e-01
1.790400e-02
1.018853e-01
1.521189e-01
1.857323e-02
1.868712e-02
1.626087e-01
4.253748e-02
1.402309e-01
9.355523e-04
6.493520e-03
1.075194e-01
1.423416e-02
6.559120e-05
5.823153e-02
3.584419e-03
1.194345e-02
1.348585e-01
2.744144e-05
7.717464e-02
6.518911e-02
4.808668e-03
7.791294e-03
5.467177e-03
4.246288e-02
4.370459e-02
1.372328e-03
9.219460e-02
2.625830e-02
4.663219e-02
6.565092e-03
1.527578e-01
8.388036e-03
2.032860e-04
2.550340e-02
3.027952e-02
9.489813e-02
1.399898e-01
4.172845e-02
2.246909e-02
5.455440e-03
4.956580e-03
9.320132e-03
9.579954e-03
2.662698e-02
4.505665e-04
6.210269e-02
2.349374e-03
4.302364e-02
2.422052e-01
7.385813e-03
2.248528e-02
4.201607e-02
4.915909e-03
4.936839e-02
3.398358e-02
5.622389e-02
3.281458e-03
3.666771e-03
2.042883e-01
2.880388e-03
1.888021e-05
6.370417e-03
2.754430e-02
3.075321e-03
2.025625e-02
2.179976e-03
3.917121e-02
1.477649e-01
1.182985e-04
3.664673e-02
3.408483e-04
3.264025e-03
4.172561e-03
5.146873e-02
1.195974e-05
1.076964e-03
1.705538e-01
1.497179e-02
2.665408e-02
4.724298e-02
4.410617e-02
4.871137e-04
1.243982e-01
1.568511e-03
2.879046e-02
1.617088e-02
1.989042e-03
5.579464e-06
8.148971e-03
9.313965e-06
2.979793e-02
1.244216e-01
9.436199e-02
1.193567e-03
7.262581e-02
5.339151e-02
4.622888e-02
1.181443e-02
1.451430e-02
6.686670e-02
4.826028e-02
4.470990e-02
1.209650e-05
1.293702e-02
1.071654e-02
2.761088e-02
1.369437e-02
3.999107e-02
2.228612e-02
5.083781e-02
7.358809e-02
2.387282e-01
2.986127e-02
2.809401e-03
4.933244e-02
3.764388e-03
1.299183e-03
1.847289e-02
5.830373e-02
3.015248e-02
4.571583e-02
3.482296e-04
1.200002e-01
1.628245e-02
3.105258e-02
9.648530e-02
3.243749e-05
6.816160e-03
2.951552e-02
1.390073e-02
5.984636e-02
3.205076e-01
1.443041e-01
3.657152e-02
6.371120e-02
2.655662e-02
1.705822e-02
2.270131e-02
3.241174e-02
1.455674e-01
6.281284e-03
1.592946e-01
1.186192e-02
4.213909e-03
2.042046e-04
3.366880e-02
3.402439e-02
5.269176e-02
8.068432e-02
1.959572e-01
4.464409e-02
1.075597e-01
1.839375e-02
1.119853e-02
3.061852e-02
4.409692e-03
1.844182e-03
6.501440e-02
1.219147e-02
1.893765e-02
1.575252e-02
2.290497e-02
1.127627e-03
1.199032e-02
4.908510e-03
1.774997e-04
2.065492e-02
9.421693e-06
3.339081e-03
2.856756e-02
2.221047e-02
1.311685e-02
1.560752e-01
2.038563e-02
2.317240e-01
7.599523e-02
1.920051e-02
1.104975e-01
6.485761e-02
2.883436e-02
3.161179e-02
6.671891e-02
2.377788e-01
1.829421e-01
7.317486e-04
8.216797e-02
9.386424e-03
1.834675e-05
8.889908e-05
4.041197e-02
7.789749e-02
2.471408e-05
5.071791e-02
1.406379e-02
3.891787e-02
5.574539e-04
4.167212e-02
1.499288e-02
9.221158e-02
8.908371e-03
1.857850e-03
1.386955e-01
8.489997e-03
6.649191e-03
1.186442e-01
3.297290e-03
2.623387e-01
8.836757e-03
9.890454e-02
9.803782e-02
2.307402e-01
2.992136e-02
1.455264e-02
3.964294e-04
2.847626e-02
1.254255e-02
3.583803e-02
1.419013e-03
8.332904e-02
2.182980e-03
8.348570e-02
8.594856e-02
2.250352e-02
1.637943e-01
7.534186e-03
4.313808e-02
5.593636e-04
3.389575e-02
7.088981e-02
2.140561e-03
7.451554e-03
4.501846e-02
1.426317e-02
5.708688e-03
5.886819e-02
1.052030e-01
4.234956e-02
1.296911e-04
6.514800e-06
8.829915e-04
8.877491e-04
2.461369e-02
5.672452e-02
5.033205e-03
1.508420e-02
2.455976e-03
5.213115e-02
1.008335e-03
7.013361e-03
2.907800e-02
1.812116e-02
2.133541e-02
2.349073e-02
3.346923e-02
4.868622e-02
8.635478e-03
2.133702e-01
3.223870e-03
3.030325e-04
1.180961e-02
4.603865e-05
4.874304e-02
7.840300e-03
8.457466e-03
2.335961e-02
8.241557e-02
8.465782e-03
4.333148e-02
1.080305e-01
6.650389e-02
4.504908e-02
9.583570e-02
1.632832e-02
3.818450e-02
1.026718e-01
6.866565e-02
3.395800e-01
4.736971e-03
1.125939e-01
3.229618e-02
7.471953e-03
4.734689e-02
3.368913e-02
1.062217e-01
8.504903e-02
7.506630e-04
3.803416e-03
6.624975e-04
5.734671e-02
9.446528e-02
1.183531e-02
1.563280e-02
7.029461e-03
5.573943e-02
2.012111e-02
1.206117e-01
3.473080e-01
1.624588e-02
1.392179e-01
9.363550e-02
2.476922e-03
1.296262e-01
7.758229e-06
1.265918e-02
3.367826e-02
1.931251e-02
1.031980e-02
1.168077e-01
2.190174e-02
3.636732e-03
1.412286e-04
2.429795e-02
9.680742e-02
6.545570e-03
1.061645e-01
1.288033e-01
2.079522e-02
5.319511e-02
2.275729e-01
4.121336e-04
7.837183e-02
4.553772e-04
2.592987e-02
2.881100e-03
3.173131e-03
4.379597e-02
1.426773e-01
5.480660e-03
1.758616e-03
8.522518e-02
1.419907e-02
4.127696e-03
1.317545e-02
9.429064e-03
1.629945e-02
4.536222e-03
2.822989e-02
4.139463e-03
1.563996e-02
5.665172e-04
2.525176e-02
2.036980e-03
6.677755e-03
2.456035e-01
9.937886e-02
2.467083e-02
4.361694e-02
1.110752e-01
2.230823e-02
7.466979e-02
1.153937e-05
6.195466e-02
4.528867e-02
1.010522e-02
4.677484e-03
7.671270e-05
8.123892e-02
6.919720e-02
5.165786e-05
6.688627e-02
3.618482e-03
4.378034e-03
4.427920e-02
2.779586e-02
1.765462e-01
3.540720e-02
6.308804e-02
1.361155e-01
3.350061e-02
9.128237e-02
1.855385e-04
2.581832e-02
8.268263e-04
3.093332e-01
4.250501e-02
5.071560e-02
7.475368e-02
1.569529e-02
2.279729e-03
3.055853e-02
1.201599e-01
5.959350e-02
6.567759e-03
4.441949e-02
8.526755e-02
2.018945e-03
5.269000e-03
1.494414e-02
1.173255e-02
7.187322e-02
1.644696e-02
1.315521e-01
4.547879e-03
1.523836e-01
3.487247e-02
1.857504e-02
1.326629e-03
2.530773e-02
1.169280e-02
2.127011e-02
2.895282e-02
4.138760e-02
1.833421e-02
2.961057e-02
2.822656e-03
6.531999e-03
1.963669e-02
3.728135e-04
5.929039e-02
1.107486e-01
1.074748e-01
4.062675e-02
1.374464e-03
5.365717e-02
1.168515e-06
4.062080e-04
