4.493223e-04
1.915508e-02
1.969562e-02
2.437778e-03
4.812912e-02
1.066595e-02
4.276825e-04
7.876370e-02
3.658971e-04
1.601311e-02
2.047199e-01
1.212156e-02
5.557806e-02
2.985693e-02
6.269711e-03
2.524009e-02
1.885682e-04
7.627910e-03
2.654326e-02
2.545604e-01
3.397960e-03
1.377001e-02
1.401226e-02
4.991148e-04
3.153077e-02
2.770965e-03
8.229978e-03
1.798730e-04
6.439781e-04
6.408416e-06
1.346865e-01
2.211896e-06
5.605790e-02
2.440060e-01
2.848363e-01
4.073605e-02
1.495211e-02
4.049449e-02
3.383155e-02
3.406229e-03
2.471928e-02
1.677934e-01
1.505045e-01
2.726656e-02
1.290614e-01
7.581461e-06
4.881146e-03
6.032451e-02
1.048658e-03
2.551996e-03
1.533663e-01
1.969512e-02
4.648185e-02
3.275898e-02
8.122078e-03
6.949492e-02
8.824708e-03
1.162738e-02
5.490199e-02
1.569191e-01
1.182023e-01
5.024224e-02
8.607983e-03
3.500521e-02
2.316173e-02
9.354311e-02
1.206734e-01
2.795168e-02
1.362130e-03
1.601074e-02
2.055192e-02
3.004945e-02
2.625488e-04
2.064046e-02
6.765048e-03
4.167226e-04
5.404086e-02
1.442364e-01
6.274188e-03
7.386312e-02
1.963175e-02
5.799477e-03
3.341765e-02
6.141477e-02
5.756516e-02
2.585853e-02
4.699309e-02
5.230108e-03
1.052452e-01
2.186621e-02
5.380432e-03
7.228272e-02
2.099708e-02
3.993912e-02
9.888668e-03
8.773415e-04
5.447429e-02
9.899067e-03
2.223175e-02
4.232213e-02
3.292639e-02
2.512660e-02
9.371901e-02
2.487873e-03
8.590291e-03
1.768127e-02
1.913633e-01
2.168299e-02
1.298185e-03
1.587492e-01
3.890439e-02
4.826758e-01
3.556288e-02
5.668498e-01
1.358888e-04
9.932693e-02
3.301986e-02
3.554517e-01
9.537705e-05
1.351790e-03
2.591878e-02
2.179240e-05
3.810330e-05
3.217968e-02
1.194209e-02
5.376814e-02
2.042533e-01
4.286485e-03
3.296699e-05
1.671612e-02
1.569557e-02
1.036757e-02
1.451719e-07
3.350231e-02
5.512604e-02
3.775557e-05
1.726042e-01
1.814641e-02
2.217378e-02
3.217170e-02
3.493347e-03
2.933509e-02
1.245011e-04
2.518720e-02
8.556957e-02
7.286933e-02
2.672587e-03
6.294904e-02
2.038180e-02
3.015983e-03
2.517308e-03
7.419872e-03
6.606883e-02
7.715018e-02
1.117804e-02
1.871311e-02
3.494246e-02
2.163544e-02
6.233235e-02
1.076415e-01
3.366879e-02
4.021035e-02
3.748172e-02
1.168300e-02
1.408202e-02
5.426126e-02
1.906631e-01
8.741294e-02
1.077659e-02
8.927989e-02
8.832619e-03
5.655386e-02
1.167364e-02
4.454403e-03
4.583155e-03
9.541019e-03
1.968248e-03
1.439554e-01
2.633316e-02
2.555685e-02
3.702749e-03
3.141094e-02
3.678093e-05
1.647849e-02
2.153793e-02
1.077797e-02
7.404915e-04
5.458242e-03
1.062741e-01
1.192121e-01
4.639813e-03
7.770681e-03
3.307812e-03
1.110427e-02
7.940392e-02
3.931557e-02
1.993870e-02
8.653797e-04
5.174128e-04
5.622000e-02
2.225293e-02
1.329816e-02
4.123038e-03
1.970970e-02
1.905430e-01
1.082771e-01
1.821634e-01
1.521782e-02
1.046207e-02
9.081988e-02
1.724127e-01
9.183548e-04
2.403382e-03
1.080553e-01
6.595761e-02
2.895149e-02
2.462921e-04
7.160972e-04
4.589206e-03
1.318953e-02
7.988824e-02
5.543346e-03
3.263345e-01
2.357114e-02
5.098370e-02
1.199028e-01
6.058491e-02
1.527043e-02
4.181118e-01
1.032049e-02
9.259229e-04
4.524442e-02
3.852524e-02
3.323892e-02
1.873191e-01
6.828346e-02
1.223881e-03
1.756351e-02
7.162302e-03
3.020082e-03
6.212072e-03
5.015650e-05
2.418688e-02
2.923315e-02
2.456067e-02
4.755432e-05
2.313973e-01
5.112479e-03
5.215237e-02
2.194167e-02
7.198926e-02
3.024459e-02
2.928110e-03
1.379114e-02
4.131278e-02
1.290156e-02
1.416599e-01
1.619733e-01
1.722880e-03
1.364503e-02
7.986219e-02
2.579261e-01
1.458822e-04
2.204743e-03
1.524933e-01
3.655015e-02
2.623555e-01
5.159846e-03
7.847469e-02
7.169402e-02
9.832969e-02
5.910705e-02
4.442654e-02
4.091579e-03
6.263788e-03
1.168218e-01
4.869231e-02
2.658767e-03
3.947130e-02
8.332344e-05
1.141171e-05
2.834904e-03
1.298393e-02
2.782750e-02
1.005140e-02
1.868987e-01
1.930468e-03
1.793671e-02
7.157824e-02
2.927347e-02
4.609429e-02
1.977328e-02
4.416707e-02
6.824589e-02
8.860623e-02
7.606339e-02
7.462734e-02
2.366874e-03
9.045727e-03
9.799316e-02
8.252566e-03
8.640769e-02
9.942720e-02
1.057961e-04
1.884431e-03
4.439926e-02
6.218239e-02
6.985317e-02
4.388857e-03
4.272815e-02
2.774963e-03
4.041275e-03
1.050359e-02
5.337268e-02
3.305161e-03
4.302327e-04
1.881378e-03
3.988820e-03
3.862736e-04
3.692615e-02
2.713982e-03
1.171767e-02
5.302288e-02
5.296867e-02
2.710009e-01
3.812368e-03
4.336691e-04
1.001717e-01
1.396020e-01
1.642181e-01
9.068528e-02
2.296835e-03
5.716003e-02
5.440901e-02
8.357049e-03
1.234956e-01
2.622649e-02
2.400369e-03
4.152392e-02
5.999828e-02
3.379785e-02
1.442839e-01
1.404208e-02
3.120403e-01
2.437265e-02
6.286149e-03
1.714614e-03
6.624310e-02
2.772719e-04
1.159868e-01
5.062591e-02
8.962770e-03
5.001462e-02
1.153285e-01
7.003619e-04
3.349765e-04
1.879511e-02
2.536096e-02
7.370164e-02
1.629240e-02
2.824382e-02
2.724534e-02
2.095723e-02
9.395670e-02
1.430185e-02
4.778436e-04
7.347850e-03
2.594975e-02
1.212190e-01
6.419379e-03
6.180225e-02
5.593769e-02
8.046110e-03
7.746191e-03
1.600640e-02
6.009225e-02
1.056812e-01
2.286261e-01
5.517139e-02
2.625444e-03
1.045686e-01
5.412891e-02
2.028276e-04
5.289551e-02
1.015063e-01
9.621446e-04
6.965077e-02
3.145329e-03
3.669583e-05
2.897752e-01
5.785248e-02
5.962330e-01
2.389139e-01
5.448130e-02
7.900635e-02
5.343356e-02
2.545692e-02
5.982308e-03
2.989525e-01
1.025161e-03
9.403438e-05
6.075328e-02
4.967287e-02
5.385142e-03
1.651035e-02
7.599446e-02
2.263873e-02
1.391338e-02
2.678270e-02
2.663536e-02
1.431301e-02
5.805791e-02
9.174239e-02
2.287319e-03
1.039765e-03
6.550995e-02
4.446554e-02
1.297014e-01
1.975226e-02
1.788084e-01
8.324747e-02
8.301008e-02
2.103263e-02
3.125766e-03
6.908675e-02
4.073827e-02
1.872917e-04
9.117589e-02
2.141737e-02
1.075448e-03
2.231457e-02
2.628881e-01
2.667185e-02
1.396948e-02
1.530182e-03
3.121995e-02
1.100521e-01
9.362291e-03
2.955496e-05
1.304726e-02
1.643760e-01
1.126187e-02
7.794484e-02
6.441219e-03
1.643622e-06
2.725139e-02
5.898365e-03
1.580100e-02
7.094934e-02
8.088055e-02
1.180161e-01
3.603261e-04
4.113358e-03
8.087330e-02
2.441642e-02
1.099445e-01
2.447207e-02
3.892687e-02
1.325840e-01
1.307766e-02
1.056117e-04
1.311835e-02
9.835978e-03
1.057808e-01
1.047690e-01
4.944442e-02
7.559279e-02
3.629645e-02
3.383130e-02
7.633931e-03
5.805438e-02
8.178695e-03
7.236127e-02
1.184741e-01
3.861790e-02
1.994997e-02
4.486939e-02
3.173884e-03
2.881565e-02
4.181108e-02
2.022137e-02
1.859097e-03
1.467158e-02
1.327225e-02
8.752235e-02
3.726178e-04
5.242483e-02
1.903621e-02
7.691969e-02
1.253149e-03
1.815771e-03
2.062240e-02
1.747906e-03
7.734521e-02
5.264948e-03
2.261260e-02
2.010747e-04
2.429707e-02
1.288240e-01
1.430101e-02
1.280928e-02
2.080033e-02
7.747259e-03
9.333990e-03
4.872300e-04
1.859022e-01
5.377069e-02
1.592761e-01
6.486852e-03
2.287575e-05
1.096046e-01
4.702899e-04
2.806677e-03
1.464483e-03
2.131933e-01
1.764999e-03
1.170362e-02
3.437813e-03
3.604667e-02
3.118472e-03
1.724468e-02
2.215937e-02
1.653865e-04
1.464134e-02
8.892115e-02
1.965643e-04
4.713112e-02
7.587577e-02
1.070959e-01
6.365840e-03
1.156021e-02
2.913660e-03
1.106753e-01
7.678846e-02
9.676409e-02
2.354632e-02
1.461505e-03
1.322516e-01
1.036974e-05
6.610844e-02
3.068311e-02
6.129536e-02
3.782464e-04
1.663644e-03
8.856160e-03
6.192199e-02
8.791701e-02
4.672670e-02
3.348364e-02
5.242998e-02
1.982723e-01
1.039354e-02
2.555729e-04
1.476338e-02
1.077880e-02
2.694452e-03
4.533979e-03
3.506327e-03
4.147988e-02
4.583997e-02
3.224431e-02
8.937128e-02
1.330133e-03
6.140268e-05
6.571207e-04
7.570079e-02
6.962830e-02
1.069077e-03
1.035420e-01
4.689064e-02
2.385099e-02
7.916453e-02
1.028490e-02
9.260596e-02
1.644761e-04
5.298141e-04
1.147286e-01
3.090848e-02
1.197537e-01
2.229416e-03
2.771938e-02
2.578607e-02
1.764633e-02
1.004245e-03
5.071222e-02
1.346891e-02
9.192099e-02
4.291695e-02
1.539904e-03
1.193293e-01
7.011918e-02
7.955909e-03
4.161203e-03
3.735702e-02
