2.514301e-02
2.538103e-03
5.379093e-02
1.833964e-02
4.538153e-03
8.185596e-03
8.808796e-03
6.171160e-03
7.147065e-05
3.640699e-02
8.145558e-05
1.732374e-01
3.726697e-02
1.890838e-02
6.578514e-02
6.612466e-02
2.477261e-02
5.147825e-03
4.069243e-02
2.269472e-02
1.608494e-01
1.880180e-02
2.650171e-02
8.136486e-03
6.298915e-03
1.444892e-02
3.230231e-02
2.783361e-02
3.255261e-03
3.799370e-03
6.094207e-04
2.008077e-03
3.008849e-02
8.118785e-03
5.860162e-03
3.472899e-02
3.210501e-02
1.120773e-01
2.529237e-03
6.502642e-03
3.712476e-02
1.089869e-02
4.884965e-02
2.339084e-05
5.329787e-03
5.040730e-02
5.996022e-02
1.613584e-01
1.288333e-02
1.889651e-02
1.732727e-03
1.649647e-01
3.934588e-02
4.908969e-03
5.171874e-03
2.231596e-05
2.814649e-02
3.159787e-04
6.467967e-06
2.831163e-03
4.631558e-03
8.505799e-02
1.214874e-03
1.191671e-01
1.050041e-03
9.642341e-02
2.966238e-03
1.395560e-03
2.409971e-02
6.940339e-02
7.259443e-03
5.558218e-03
2.516655e-02
1.345803e-02
2.033134e-02
5.069152e-03
8.376519e-03
3.338149e-06
2.446604e-02
3.867316e-02
8.888688e-04
8.671502e-02
3.598179e-02
2.510127e-02
3.608568e-02
4.083442e-02
7.432171e-03
5.185218e-02
3.515608e-02
1.429123e-01
1.984018e-04
2.534998e-01
1.000249e-01
1.027995e-04
9.127779e-02
2.964180e-02
1.005871e-01
1.496255e-04
9.052337e-02
4.506983e-03
6.117830e-05
1.612653e-03
1.355315e-02
9.306337e-06
1.908640e-02
1.416502e-03
1.174793e-01
2.005831e-02
1.926360e-02
4.017641e-03
3.469372e-03
7.981630e-02
1.740098e-03
1.306722e-02
1.188351e-01
3.388969e-03
2.756926e-04
3.521203e-05
6.731331e-02
1.484207e-02
1.045895e-03
8.161071e-02
2.747412e-03
1.592879e-01
1.291477e-01
5.737585e-02
2.252389e-01
3.527192e-02
7.393927e-02
1.208873e-01
2.430541e-02
1.036031e-04
3.460006e-04
2.959376e-03
1.129313e-02
4.953034e-02
1.768356e-02
6.967129e-02
5.421724e-02
6.565082e-03
2.381672e-03
1.470042e-01
6.224024e-03
5.035324e-02
1.830876e-02
6.668271e-03
2.177339e-02
3.170568e-03
7.600849e-02
5.585425e-02
5.838183e-03
1.591422e-05
6.462830e-03
1.316057e-01
1.776538e-02
5.051741e-04
4.810008e-02
2.290921e-02
3.351490e-02
4.590865e-02
1.510085e-02
6.018117e-02
1.125023e-04
3.657431e-06
2.633409e-02
2.524703e-02
2.052843e-06
1.412565e-02
2.919315e-02
2.406178e-03
2.929222e-02
3.490073e-03
3.695541e-01
1.654448e-04
1.621993e-01
4.473317e-03
5.106526e-04
1.794292e-02
9.156514e-03
3.476660e-03
6.460022e-02
6.375835e-02
2.298354e-02
5.670887e-02
2.015327e-03
1.335905e-02
9.893698e-03
2.371244e-02
2.397303e-02
1.550868e-01
2.159336e-01
5.953736e-02
3.175735e-03
7.504400e-04
3.367003e-02
3.630149e-02
1.604387e-03
1.102490e-02
1.970717e-02
3.456731e-02
1.127890e-02
7.500513e-05
1.503281e-03
5.656207e-02
3.405895e-03
1.214981e-02
9.750826e-03
2.333530e-02
9.322978e-04
5.904962e-02
7.556578e-10
9.519049e-04
2.029431e-02
5.866845e-02
2.435774e-04
6.165751e-03
6.939707e-03
2.815816e-01
1.024983e-02
1.132568e-02
4.420432e-02
2.343908e-02
7.054038e-02
3.800346e-02
1.248630e-02
7.141805e-02
5.315749e-02
8.810429e-04
4.193103e-03
5.609968e-02
1.609659e-02
4.150140e-02
5.828049e-02
2.770920e-01
8.517977e-02
4.626843e-05
4.269174e-03
1.877227e-04
4.656591e-02
5.789770e-03
1.902887e-04
3.346487e-01
1.561192e-02
3.982233e-02
1.799565e-02
1.162818e-02
4.072309e-02
5.688873e-04
6.625582e-03
3.566809e-02
7.845197e-02
4.153204e-03
2.075476e-01
1.186521e-02
2.033375e-02
2.890427e-02
4.201048e-01
5.045598e-02
5.454325e-02
5.483881e-03
1.984848e-01
1.538931e-02
1.011228e-02
2.182909e-02
1.281434e-02
3.298329e-05
2.345216e-02
1.165786e-01
4.757980e-03
9.207647e-02
6.511591e-04
1.592938e-02
3.464306e-01
1.559909e-02
3.279559e-02
4.838447e-02
9.202096e-03
1.426294e-03
2.030233e-01
5.338297e-06
1.567452e-01
4.629004e-02
7.648024e-02
8.227003e-02
1.116408e-02
7.755015e-05
3.498731e-05
7.869578e-02
2.082524e-01
2.417122e-02
7.690490e-05
7.432032e-04
2.963921e-02
5.334731e-03
2.120094e-01
1.704644e-03
5.615361e-01
1.957268e-01
1.021541e-01
4.002172e-02
2.321967e-03
6.555859e-02
3.352104e-03
1.845100e-02
6.598017e-02
3.383501e-02
1.005619e-01
2.070890e-03
2.151105e-02
1.586916e-02
7.337741e-02
5.854443e-03
1.657523e-02
1.160803e-03
7.841248e-05
9.115988e-03
5.562020e-02
1.092406e-02
4.134923e-02
2.901678e-02
1.058134e-01
1.813434e-01
3.181347e-03
1.938405e-03
5.512993e-02
4.022111e-02
2.449032e-03
1.446821e-01
3.655467e-02
3.538469e-03
3.117971e-03
1.269077e-01
4.181406e-02
2.409298e-02
1.987315e-02
1.193820e-01
3.210063e-02
8.081471e-02
5.983881e-02
9.628117e-02
1.309430e-02
5.839247e-02
4.213194e-03
9.267595e-04
1.796091e-02
1.253386e-01
2.633901e-02
7.942585e-03
1.115715e-03
2.337137e-03
2.157547e-03
7.657855e-02
1.746982e-02
5.173503e-02
1.458965e-02
1.359109e-02
7.217264e-04
8.212380e-02
3.168330e-02
3.901785e-03
1.681996e-02
8.009421e-04
1.970428e-02
2.310649e-02
3.313871e-02
7.491851e-02
5.419307e-02
7.663452e-03
8.034239e-04
7.019715e-02
3.801361e-03
3.248488e-02
5.091269e-02
8.331451e-03
9.911958e-03
2.272411e-02
2.341592e-02
1.166734e-01
3.179988e-01
1.173421e-01
1.319290e-01
2.525178e-05
1.456348e-01
1.363454e-04
6.283935e-03
1.255877e-03
2.148581e-02
2.069308e-02
1.101260e-02
2.779949e-03
8.933955e-03
3.976559e-03
1.105023e-01
2.179178e-05
4.007068e-02
1.094609e-02
2.146782e-02
1.765704e-02
8.805412e-02
3.300004e-02
3.112539e-02
7.386678e-03
8.826640e-02
1.031233e-02
5.003087e-02
9.869492e-02
2.269950e-02
3.348111e-02
2.244228e-02
5.858799e-04
1.084193e-02
1.389892e-02
4.293637e-02
1.632105e-01
6.283776e-02
4.096532e-03
7.084351e-02
3.811698e-03
6.186912e-02
4.325880e-03
1.812622e-02
4.837138e-02
2.776474e-03
1.065075e-03
3.061770e-02
6.922348e-02
1.099859e-01
1.541368e-02
2.129856e-02
2.701071e-03
1.393158e-02
1.574181e-02
1.813597e-02
3.376372e-03
1.449634e-03
1.399355e-02
2.081813e-01
3.503336e-04
1.308307e-04
6.315577e-02
2.410403e-01
1.639337e-02
1.623771e-02
6.536112e-02
1.768816e-02
8.138384e-03
9.950877e-02
2.765371e-02
8.766704e-02
2.609544e-02
2.693668e-05
3.000634e-03
1.973934e-02
3.299364e-03
8.582264e-05
1.104929e-02
2.220430e-01
2.139471e-01
1.178069e-01
1.328465e-02
1.867458e-03
2.585099e-02
4.132256e-02
8.361797e-03
2.922590e-03
1.594741e-02
1.476234e-01
2.549400e-02
7.012535e-03
6.147662e-02
2.256026e-02
2.392612e-02
1.849807e-02
6.889780e-04
1.272897e-01
1.828199e-03
4.312606e-02
8.028414e-02
3.257264e-02
3.028740e-01
4.558352e-02
1.782109e-02
7.452533e-09
2.380389e-01
1.397952e-02
3.558152e-02
1.786438e-04
6.926573e-02
1.776934e-02
4.561260e-05
3.100627e-03
1.678913e-02
2.890034e-03
1.351801e-02
1.407082e-01
5.886415e-02
2.479101e-02
3.729403e-02
8.265613e-03
6.077841e-02
4.336687e-02
7.400265e-02
2.892302e-02
4.013193e-03
1.271698e-02
7.576853e-02
4.140533e-02
4.349610e-02
4.942531e-03
3.632933e-02
1.197151e-01
1.139291e-02
8.914988e-03
2.070194e-01
6.634699e-03
5.775357e-04
1.491874e-02
3.772927e-03
7.603558e-03
1.476462e-02
1.655447e-02
3.023816e-04
2.090162e-03
2.392139e-02
1.604394e-01
1.332952e-01
6.089120e-02
1.124387e-02
5.655051e-02
6.097196e-02
1.973932e-02
1.188353e-03
2.565835e-03
7.362556e-03
4.003894e-04
7.565978e-03
3.551006e-02
1.627372e-02
1.276343e-01
9.202279e-03
1.493347e-01
3.468035e-02
4.180647e-05
1.791805e-02
4.875466e-04
2.001656e-02
1.445780e-02
9.079132e-04
5.059291e-03
5.822575e-02
1.597747e-01
2.725469e-01
1.816116e-02
6.256853e-03
2.664772e-02
1.582297e-02
1.037054e-01
7.029240e-02
1.079488e-01
6.720426e-03
2.104045e-02
1.287310e-02
3.337534e-02
3.162774e-05
7.454579e-04
7.515239e-03
9.215850e-02
3.188458e-02
1.817147e-02
1.505762e-01
1.580471e-01
5.879158e-04
9.864494e-04
1.163442e-01
8.602999e-02
4.280586e-05
1.816129e-02
4.672637e-02
3.078014e-02
1.089131e-04
2.476502e-02
1.353241e-01
1.337668e-01
1.430511e-01
8.904254e-03
4.665077e-04
1.559102e-01
7.446953e-02
2.233271e-02
2.674120e-03
5.179345e-02
9.648749e-02
3.909790e-02
1.141507e-03
