5.085997e-03
2.021532e-03
7.598850e-03
6.765935e-03
5.876064e-03
4.214664e-03
6.139236e-03
2.702829e-01
2.547666e-02
6.169767e-04
3.150045e-02
1.157900e-03
4.531337e-03
8.324923e-02
1.544627e-02
1.752794e-01
1.640930e-01
4.693401e-02
6.668084e-02
8.662988e-02
3.453481e-02
8.935302e-04
5.944412e-03
1.991143e-02
1.178040e-03
8.163354e-02
2.589697e-02
9.174048e-03
7.440421e-02
2.493365e-02
3.989555e-02
4.954648e-02
3.388684e-01
9.008731e-06
5.025103e-02
2.972206e-02
1.585923e-01
2.813626e-03
2.670039e-04
1.275786e-02
3.423636e-03
1.419366e-02
5.524754e-03
5.166833e-04
7.610156e-02
8.018335e-03
5.168547e-03
1.572894e-01
1.628902e-01
2.481841e-01
1.524171e-02
2.908094e-03
2.225582e-01
2.952656e-02
4.795648e-03
2.850703e-01
2.109649e-01
9.460550e-03
2.452155e-02
1.522074e-01
3.176426e-03
4.191401e-02
9.304361e-03
6.910048e-02
1.354737e-01
2.313609e-03
7.984647e-02
1.820349e-04
1.255927e-01
5.232073e-02
7.548409e-02
2.413354e-02
1.347746e-02
7.356326e-03
1.957596e-03
8.367672e-03
1.932798e-04
1.239108e-04
8.285689e-02
6.997911e-04
1.948168e-01
7.062808e-03
1.037680e-01
9.171422e-04
1.104201e-01
1.676568e-01
8.710859e-03
2.320483e-02
8.331266e-02
2.853556e-03
5.788039e-02
3.713644e-02
2.579763e-02
5.770971e-04
1.562570e-01
7.796063e-03
2.541163e-02
1.104238e-02
3.544881e-02
2.281544e-02
3.212084e-05
8.765303e-03
1.305862e-05
1.417887e-01
1.725417e-03
3.805043e-02
2.136440e-02
8.559055e-03
7.454735e-02
2.100144e-01
2.122591e-02
5.214340e-01
4.665452e-03
5.030064e-03
7.431250e-03
8.777804e-02
3.748857e-02
9.241932e-02
5.094484e-03
2.492875e-01
6.023776e-02
3.176063e-02
7.790884e-02
2.769929e-02
9.269345e-03
3.902418e-02
6.918360e-02
5.582814e-02
1.715827e-02
3.001896e-02
2.249327e-05
9.463896e-02
4.082220e-03
3.998277e-02
1.777984e-02
1.866707e-01
5.200898e-06
4.792233e-02
2.084399e-02
1.485766e-01
1.881397e-02
4.373052e-04
1.230473e-02
3.229357e-03
2.226864e-02
5.297382e-02
5.420681e-04
2.748405e-01
1.836040e-02
6.410116e-04
2.756539e-02
3.393646e-05
6.412253e-02
2.102670e-03
8.817309e-02
8.176895e-02
1.773666e-01
1.025403e-01
1.327623e-02
1.856762e-01
1.296912e-02
4.003193e-02
2.121950e-01
3.920824e-03
1.726981e-02
1.308673e-01
6.537626e-03
1.552368e-04
6.236181e-03
4.692006e-03
3.485466e-02
4.376119e-02
8.043978e-04
5.665391e-08
4.719146e-02
3.205264e-02
4.687428e-02
1.453892e-02
1.915832e-02
1.422294e-01
7.867425e-02
4.645470e-03
2.783232e-03
1.199481e-02
3.824769e-04
6.283659e-03
3.814103e-02
5.233053e-02
1.102143e-03
2.362180e-03
1.564893e-02
4.798453e-04
8.307799e-02
1.727415e-02
3.188368e-03
2.289741e-01
3.397148e-05
8.108869e-02
8.587189e-02
7.148017e-02
1.896637e-02
1.389483e-02
2.174362e-02
4.170903e-02
9.105027e-03
1.555970e-02
9.053349e-04
5.014959e-03
1.488575e-01
4.682385e-02
3.306612e-03
6.904478e-03
1.235041e-01
7.897976e-04
1.396971e-03
7.228336e-04
2.555017e-02
2.676623e-02
2.228596e-03
1.357185e-02
2.666073e-02
3.327909e-03
5.998451e-02
5.222858e-03
1.568691e-01
5.210757e-02
2.146975e-01
1.833714e-04
1.463640e-02
4.000880e-02
9.527172e-02
1.501834e-04
1.466489e-01
2.964107e-02
8.586272e-02
6.411195e-02
1.159692e-01
4.150676e-02
4.294922e-03
4.945308e-02
3.895972e-01
9.608661e-02
8.830788e-02
7.865785e-02
6.918177e-02
3.577099e-02
4.376321e-03
8.724215e-02
1.301932e-02
6.159310e-03
8.746470e-02
4.469987e-02
9.567370e-02
1.224164e-01
1.174761e-02
1.895561e-02
1.840030e-02
4.036605e-03
1.131743e-02
7.805421e-02
8.356327e-03
3.456140e-02
2.026681e-02
5.822918e-02
9.106193e-03
1.470400e-02
6.762128e-04
3.320304e-02
3.316286e-01
3.438579e-02
7.783229e-02
4.752143e-03
1.288030e+00
2.234093e-03
7.525034e-05
1.410678e-02
5.638377e-03
6.942138e-02
1.618236e-01
8.220517e-02
2.546496e-03
2.270478e-02
1.307555e-01
1.244856e-01
1.517861e-02
6.215308e-03
2.416203e-02
4.464753e-03
4.243486e-02
3.056203e-02
3.315667e-02
1.354238e-01
2.943337e-02
2.446665e-01
6.507791e-02
1.908578e-02
1.485944e-02
3.164262e-02
1.933682e-02
8.695609e-03
1.530815e-01
4.271507e-02
6.943500e-02
2.395686e-01
8.512195e-02
7.549846e-03
1.461637e-02
1.538976e-01
5.969541e-02
2.244231e-02
1.010575e-01
2.343760e-02
1.271726e-01
1.743043e-03
1.508997e-01
3.144658e-02
2.538504e-03
1.199629e-01
4.666340e-03
1.059589e-03
2.841150e-03
5.797849e-02
3.577269e-02
3.850775e-02
2.763080e-01
1.648525e-02
6.235678e-04
3.916991e-03
7.674887e-02
1.403698e-03
7.837713e-02
5.486631e-03
6.425677e-02
3.669800e-02
2.854304e-02
7.691923e-03
5.876605e-02
8.267427e-02
1.456855e-02
9.486023e-03
2.716166e-02
4.803920e-02
2.159006e-05
2.092800e-01
1.528273e-01
1.068443e-04
7.396829e-02
1.010211e-02
9.066676e-02
5.075875e-02
2.693059e-03
1.720752e-01
1.081823e-01
2.915919e-02
1.570844e-02
2.608598e-02
1.933120e-03
8.992373e-02
4.628809e-02
9.146317e-03
3.286486e-04
2.061100e-06
2.733331e-02
4.351002e-03
2.102844e-02
3.028095e-02
4.406941e-02
2.396605e-02
7.018820e-03
1.578872e-02
7.279618e-04
1.168258e-03
2.136581e-02
5.027767e-02
1.947413e-01
2.246082e-02
5.509153e-03
5.787643e-04
2.825288e-03
2.795764e-01
9.904675e-02
1.439795e-01
1.472616e-01
2.570185e-04
2.621235e-02
4.811309e-02
3.615029e-02
9.856432e-03
8.621364e-02
1.352134e-01
1.667665e-02
6.090478e-02
5.565334e-04
1.361456e-01
7.795589e-06
1.246017e-01
1.036043e-01
8.280759e-02
6.466828e-04
1.770758e-02
1.454461e-02
2.744696e-02
2.437990e-02
2.232529e-02
3.892061e-03
1.918974e-02
2.602658e-02
1.011783e-02
9.031354e-03
1.265097e-02
1.011888e-02
3.389566e-02
4.393293e-02
1.151859e-02
4.833387e-02
2.455351e-01
2.877612e-02
1.878188e-01
1.629511e-02
8.185038e-02
1.352403e-02
1.815347e-04
2.048792e-03
5.728064e-04
4.242287e-02
1.703647e-01
2.027162e-02
3.243471e-02
2.540403e-03
6.744165e-03
7.566206e-04
1.369339e-02
2.733137e-03
1.540751e-01
9.034621e-03
3.891156e-02
1.078467e-02
1.538168e-02
6.341154e-02
1.168276e-01
4.521568e-03
4.346387e-02
3.877343e-03
2.282654e-02
2.183566e-03
1.047867e-02
3.847356e-02
9.765585e-03
1.053413e-01
3.791812e-02
3.557108e-02
8.819666e-03
1.952062e-02
1.594081e-01
1.468707e-02
4.259914e-02
7.788800e-02
2.378769e-04
2.172501e-02
8.270019e-02
2.427424e-02
8.671206e-03
9.100790e-02
6.312092e-02
8.975738e-02
1.461272e-02
1.849925e-01
8.388182e-02
1.541217e-01
1.400876e-01
2.475930e-02
3.285183e-03
8.826945e-03
5.667273e-02
2.830477e-03
2.208196e-01
2.468262e-02
3.580311e-02
9.257239e-03
2.956021e-03
3.066591e-03
6.246299e-02
9.689990e-03
2.662826e-02
7.249191e-02
2.720544e-02
5.731033e-02
5.939806e-02
1.365548e-05
1.357704e-05
4.801392e-03
1.017898e-01
4.625742e-02
2.068443e-01
4.435107e-02
1.034185e-01
1.912395e-03
9.373607e-02
4.629019e-01
1.116388e-02
1.095493e-01
1.576296e-02
1.811866e-01
2.684693e-03
4.244597e-03
1.774041e-01
2.199945e-01
9.252121e-01
9.155179e-02
1.664974e-01
7.112013e-02
4.704598e-03
2.578887e-02
4.795701e-02
1.521506e-02
1.561703e-02
7.475312e-02
4.731564e-02
1.225548e-03
1.917043e-02
1.666687e-03
1.563359e-05
8.000039e-02
1.153158e-04
1.089562e-02
1.811996e-03
1.330161e-02
2.119757e-05
1.023538e-01
9.530357e-02
1.279967e-03
8.337562e-03
1.907649e-02
2.993205e-02
6.871795e-02
4.870826e-02
1.013703e-01
1.852555e-01
1.827095e-02
1.864437e-02
8.650835e-02
5.925243e-02
5.799608e-06
6.911617e-03
1.104394e-02
7.460001e-02
1.567309e-02
1.301795e-03
9.071149e-02
2.405219e-02
4.370610e-02
1.491559e-01
8.918070e-03
7.943869e-02
2.771758e-02
1.496421e-02
3.077482e-01
3.846291e-04
6.845605e-03
1.224567e-03
2.071388e-02
1.012549e-02
1.201566e-02
1.699291e-02
2.951934e-02
2.995003e-03
8.948359e-06
2.192960e-01
3.456269e-02
1.808127e-01
1.085584e-03
3.864001e-03
2.076141e-04
6.954202e-04
1.994394e-01
8.820598e-02
4.780188e-02
8.020039e-03
7.215551e-02
6.828923e-06
2.366354e-02
5.336783e-02
1.873973e-03
3.429678e-02
3.338756e-02
4.331891e-02
2.615232e-02
1.208609e-01
2.287921e-03
3.176015e-01
5.494282e-02
2.994978e-01
2.048858e-04
1.240432e-04
