8.042416e-02
2.956765e-02
6.535033e-02
6.733227e-02
6.437207e-03
5.092471e-04
1.027175e-02
1.144542e-02
1.917998e-02
8.386209e-03
1.938070e-02
1.780716e-02
6.717852e-02
2.497389e-03
2.321904e-02
4.874877e-04
3.289839e-04
2.586539e-01
3.452280e-01
2.357987e-02
1.994054e-03
5.428674e-03
1.895222e-02
6.047974e-02
1.930187e-03
1.863880e-01
3.225769e-01
5.132036e-02
1.945733e-01
4.534965e-02
2.434976e-03
1.808597e-01
3.120554e-03
1.401279e-02
1.356246e-04
3.304639e-02
1.089847e-01
1.169576e-01
1.140542e-02
5.909627e-02
3.174559e-02
1.995871e-02
1.112984e-02
5.574706e-03
1.020032e-01
1.079186e-02
1.203467e-07
5.041480e-02
8.843983e-03
1.184537e-01
2.193022e-01
4.771820e-03
1.521498e-01
9.111105e-03
9.391418e-03
3.689002e-03
2.845059e-03
3.533666e-02
4.652635e-02
1.039858e-01
1.138015e-01
3.104732e-02
7.075909e-01
6.161739e-02
9.082738e-02
5.691920e-03
2.147523e-04
3.799687e-02
3.445458e-04
2.540953e-03
3.779477e-02
2.557915e-02
3.324541e-02
3.987767e-02
7.870688e-03
4.118565e-04
3.888776e-03
1.518826e-02
8.927876e-04
8.282100e-03
9.927950e-02
3.569700e-01
2.751379e-05
1.040581e-01
8.403602e-03
4.656206e-03
1.816601e-02
7.173389e-02
8.648667e-03
1.647980e-02
9.910507e-02
1.377313e-02
7.009837e-04
1.346813e-02
2.686964e-02
6.318483e-04
1.601408e-01
1.774478e-02
2.954725e-02
1.705057e-02
1.014382e-02
2.016640e-01
4.071045e-02
1.005923e-03
6.832026e-02
1.619155e-02
1.118261e-01
5.800426e-04
1.036266e-02
2.605132e-02
1.193823e-05
3.463278e-02
5.472559e-03
6.602896e-03
6.262985e-02
1.749918e-01
1.017060e-01
9.421501e-02
4.002129e-02
5.407458e-03
2.832710e-01
8.010297e-03
1.510725e-02
1.280746e-01
7.188423e-03
4.165033e-02
1.028789e-01
9.099039e-03
9.460210e-03
5.653402e-03
1.048978e-02
4.285935e-03
4.374693e-03
2.022052e-02
7.884469e-02
3.906777e-02
1.276209e-01
1.032145e-05
1.352640e-02
4.769088e-02
6.578150e-02
1.964552e-02
1.574038e-03
1.819997e-02
3.002271e-02
7.617510e-02
2.133760e-02
5.517570e-05
4.475584e-03
2.362180e-01
2.071624e-03
8.466759e-02
5.076193e-02
1.149924e-04
5.889434e-03
1.408787e-02
6.288952e-02
1.982701e-02
5.908445e-04
8.967842e-03
3.442817e-01
2.773032e-03
4.953474e-03
2.259909e-01
2.878946e-02
6.533861e-01
4.621163e-05
7.109489e-03
5.375673e-02
2.271775e-02
6.903105e-02
2.147237e-01
1.622560e-03
3.030312e-02
5.513158e-02
4.314098e-02
3.715141e-02
4.092544e-02
5.162739e-03
4.766108e-02
4.074280e-02
3.631946e-02
2.075683e-01
8.847134e-03
5.259261e-02
1.702276e-01
2.519644e-01
3.831607e-02
1.039073e-01
2.741291e-01
2.147625e-01
1.590183e-03
8.549804e-02
1.974345e-03
4.495524e-02
1.191318e-02
8.251152e-03
4.557175e-02
2.189057e-02
5.996203e-03
1.077458e-01
4.725455e-04
1.063383e-01
1.903829e-03
9.832565e-06
2.132173e-02
1.736874e-03
3.014325e-05
4.696442e-03
3.641473e-01
1.364393e-02
7.659866e-02
2.395870e-02
7.602065e-03
4.000199e-03
1.090386e-01
1.290477e-01
1.022257e-01
1.608665e-02
1.946787e-01
1.522277e-02
4.333558e-02
4.477309e-02
1.400102e-02
3.707748e-02
1.522731e-03
3.937872e-02
4.666639e-02
3.210944e-02
1.638656e-01
1.538423e-02
1.203815e-01
1.011692e-01
2.428608e-01
1.889164e-02
6.035578e-02
1.286335e-01
9.881953e-03
3.608151e-01
1.122751e-03
1.843472e-02
1.244949e-02
3.381469e-02
2.089688e-03
4.299963e-02
1.958519e-03
3.793435e-02
1.074224e-03
3.040138e-02
6.502267e-02
1.129743e-01
3.052809e-02
1.283735e-01
1.953337e-02
1.456385e-02
2.789311e-03
3.187596e-02
9.877837e-02
1.010018e-02
1.115715e-07
1.373634e-01
8.722538e-02
8.251770e-03
9.426290e-02
1.265194e-02
3.939296e-02
6.172761e-02
9.553055e-02
1.900909e-02
1.583447e-01
8.977533e-05
1.551603e-02
2.380097e-03
1.176408e-03
3.633767e-01
1.905786e-02
1.046938e-02
7.508756e-02
3.579421e-02
2.997242e-03
3.011991e-02
3.504796e-02
3.533565e-02
1.582745e-01
8.846924e-04
3.483004e-04
7.154269e-02
4.526900e-04
9.783351e-02
2.044172e-02
5.292252e-03
3.150948e-03
4.665450e-03
3.924338e-03
7.629760e-03
1.107931e-03
1.296075e-02
2.856018e-02
1.202592e-02
5.695334e-02
2.310382e-01
7.642668e-03
1.949367e-02
6.645257e-02
2.820309e-02
6.678090e-02
5.840173e-02
1.241469e-04
2.243261e-02
2.658292e-02
4.420378e-03
9.631766e-03
6.163495e-02
5.445954e-04
2.888428e-02
1.244897e-01
2.271675e-02
4.400459e-02
1.295852e-02
1.656832e-02
4.209872e-02
6.021734e-02
1.290018e-02
1.482437e-01
4.180663e-05
1.295985e-02
2.176917e-03
6.215024e-06
1.533014e-01
6.294848e-04
3.448502e-03
7.759862e-02
7.616768e-02
2.133450e-02
8.504892e-03
2.967875e-03
1.152632e-01
1.891885e-02
5.852055e-02
8.587841e-03
5.047419e-03
1.408887e-02
6.119098e-02
1.113813e-01
8.528558e-03
1.436983e-02
4.516759e-02
3.830789e-02
2.965610e-03
3.938724e-02
1.347712e-03
1.907233e-02
6.442045e-02
6.170844e-02
2.246360e-01
9.163102e-02
1.094589e-02
3.852605e-02
1.109586e-01
3.837110e-03
1.235061e-01
1.547434e-01
1.933730e-02
2.675624e-01
9.974213e-03
1.155702e-01
9.507349e-02
8.342127e-03
2.707073e-03
7.756594e-04
1.417393e-02
2.575726e-02
2.916054e-01
9.595335e-07
1.153955e-02
1.826378e-01
1.439555e-02
2.872061e-03
7.684266e-03
6.867060e-02
2.006129e-02
1.413315e-01
4.140859e-02
1.469212e-03
4.066385e-02
1.129297e-01
1.424644e-02
3.522613e-03
1.897729e-01
8.554639e-03
7.461434e-02
1.870338e-01
4.536809e-02
1.728737e-03
9.964276e-03
2.397771e-02
5.958642e-03
9.907316e-03
2.824610e-01
9.702313e-04
6.153379e-02
5.669980e-02
5.006497e-03
3.642046e-02
9.139636e-02
1.430328e-03
3.513903e-02
2.950300e-01
2.658713e-02
1.470334e-03
5.607734e-03
3.434005e-01
1.194474e-03
1.643222e-02
4.751642e-02
7.025167e-03
9.471479e-05
1.736202e-02
3.069799e-02
2.008729e-02
2.162559e-02
3.435658e-03
4.522028e-03
1.775942e-03
2.442299e-03
6.841607e-05
6.820706e-02
1.093029e-03
2.449964e-02
8.049860e-02
9.648788e-03
1.849869e-02
3.197526e-02
2.156979e-01
3.934606e-02
1.513172e-01
7.543566e-03
4.161659e-02
8.101854e-03
1.619224e-03
7.590309e-03
1.199975e-02
1.762903e-01
8.520644e-02
4.403383e-03
2.416805e-02
1.815274e-02
4.114518e-02
1.261014e-01
7.336378e-02
1.121704e-02
5.202183e-02
6.779700e-07
2.600371e-02
3.457302e-03
2.769437e-03
5.734363e-02
3.891169e-03
6.638764e-03
1.113418e-04
4.520333e-02
1.047781e-01
6.016354e-04
1.908327e-03
6.350218e-02
5.562717e-03
6.214678e-02
1.390014e-02
6.940092e-02
1.692769e-02
4.758242e-03
1.065389e-01
1.258084e-01
2.028694e-01
1.561438e-01
6.076535e-06
7.369327e-03
1.126439e-01
1.421177e-02
6.382597e-08
6.723684e-03
1.921563e-02
1.601964e-03
1.170232e-02
1.448334e-02
1.486117e-01
4.385735e-03
2.027910e-01
4.850469e-03
1.190638e-01
9.755559e-02
1.770252e-01
1.921259e-03
5.941749e-02
2.685577e-02
5.305627e-02
2.924812e-02
7.943181e-03
4.185734e-02
1.240416e-02
1.366836e-02
2.474622e-05
6.252157e-01
4.957837e-03
8.679977e-02
6.455251e-04
1.310396e-01
8.310568e-02
3.242980e-02
3.392507e-02
2.742931e-01
4.127268e-02
1.858479e-04
1.621847e-03
1.115350e-01
4.852082e-02
4.402717e-04
8.622642e-02
2.945501e-02
9.103679e-02
1.496609e-01
1.960743e-01
1.918493e-01
3.156236e-03
8.871251e-02
1.439166e-02
1.624921e-01
8.057539e-02
1.735183e-02
3.493191e-02
2.105882e-02
1.958889e-02
1.043926e-02
9.169205e-02
2.657909e-03
4.317254e-02
1.123184e-02
2.291380e-02
1.829074e-01
3.863990e-03
4.335831e-02
1.163945e-05
8.834277e-02
1.415679e-01
1.450201e-02
3.284003e-02
9.055567e-02
7.015877e-02
3.977108e-03
1.315045e-02
1.016609e-02
1.347755e-02
1.033024e-02
2.841710e-02
2.096670e-02
1.079479e-01
1.160377e-02
2.009682e-02
1.773536e-03
4.972449e-02
2.018670e-02
9.674266e-05
1.018911e-03
4.610179e-02
2.502429e-01
1.493826e-02
5.941245e-02
9.600034e-02
6.569372e-02
4.919047e-02
9.817808e-04
1.110848e-01
3.356105e-02
6.469166e-02
9.395301e-02
2.229407e-02
1.478855e-01
9.532353e-02
1.158951e-01
3.242038e-02
8.048422e-02
4.592966e-04
2.355637e-02
4.128868e-02
1.216497e-01
2.247839e-03
1.876950e-01
3.576678e-03
1.949229e-02
3.170069e-01
4.320090e-02
1.537792e-01
3.727016e-03
6.099148e-02
