1.637032e-02
2.127160e-01
7.548454e-03
1.725973e-01
6.130827e-02
4.904049e-03
2.690307e-02
2.628386e-02
3.137311e-02
2.198898e-02
4.159266e-01
1.098762e-02
3.029079e-03
2.307645e-04
1.978200e-02
7.404442e-02
7.830056e-02
5.149242e-03
8.927762e-02
1.272864e-03
1.360409e-01
1.814799e-02
6.792335e-03
3.805649e-02
3.675435e-03
5.226898e-02
1.766983e-01
6.027810e-03
5.968296e-02
1.474786e-04
8.413620e-02
1.541992e-02
3.571132e-02
8.411408e-02
4.979982e-02
1.137689e-02
1.763128e-02
4.844602e-02
1.318657e-01
2.612621e-02
1.014250e-01
1.361795e-03
7.962925e-02
4.633475e-02
2.427768e-01
1.352762e-01
3.149439e-02
5.275355e-02
3.414380e-02
1.205673e-01
1.320740e-02
2.386839e-02
3.379129e-02
7.914301e-02
3.800916e-03
2.265683e-03
1.659018e-02
5.700739e-02
1.048847e-03
1.136403e-02
2.243798e-02
4.470575e-02
1.102761e-01
1.159781e-01
1.032158e-01
3.330364e-04
2.478775e-02
1.653413e-02
1.436963e-03
7.336246e-02
5.689107e-02
8.130095e-04
1.403593e-03
2.941761e-03
1.818943e-01
5.492080e-03
4.397493e-03
2.985470e-02
3.179008e-03
5.331138e-02
6.878363e-02
4.482101e-03
8.056783e-02
5.289266e-02
5.057169e-02
5.371066e-02
6.116246e-02
1.694801e-01
6.718200e-02
7.856039e-02
4.187002e-01
2.172252e-02
3.744512e-02
3.285297e-02
2.320340e-03
1.649617e-01
6.194540e-02
7.110779e-02
6.559297e-03
2.368434e-01
8.861330e-04
9.089874e-03
4.075093e-02
1.003185e-02
1.634715e-05
1.113055e-01
1.287953e-01
1.898313e-02
2.917113e-03
5.545138e-02
5.305719e-03
6.128824e-01
1.722100e-02
2.656769e-02
3.590360e-02
2.088719e-01
1.429637e-01
5.248887e-03
1.167476e-04
1.267814e-01
2.087667e-05
3.290497e-02
1.807637e-01
6.869821e-03
7.670296e-02
2.870711e-02
5.998893e-02
9.262154e-03
4.018295e-02
2.687563e-05
3.662545e-02
2.224106e-01
1.724726e-02
1.055685e-01
2.635094e-02
1.781813e-02
1.166783e-01
2.566708e-04
3.584886e-02
5.511386e-03
1.789971e-02
2.786958e-02
2.086157e-02
2.409568e-02
4.670023e-03
1.430929e-01
7.947352e-04
3.710494e-02
5.450292e-03
2.623621e-04
4.980397e-02
1.236394e-02
4.092021e-02
1.533754e-02
6.408726e-02
6.951282e-02
1.457994e-01
6.750927e-02
4.195090e-02
1.695801e+00
1.545191e-02
4.251386e-01
1.314768e-01
2.159208e-02
2.138647e-01
3.098992e-02
8.872665e-03
1.346547e-01
5.151260e-04
1.177166e-01
6.882817e-05
8.240460e-02
6.687236e-03
8.597531e-03
5.674555e-02
7.561592e-02
5.182643e-02
1.853088e-02
2.882964e-02
1.043578e-01
3.664194e-02
6.772750e-03
1.790921e-01
3.919275e-03
2.840113e-02
9.273151e-02
5.903808e-02
5.598111e-02
2.191594e-02
4.188445e-02
2.757768e-02
1.029799e-02
2.662152e-02
1.154636e-02
9.551589e-02
1.532326e-04
2.051734e-02
1.147416e-02
1.323128e-01
1.380816e-02
1.830181e-02
5.261789e-02
1.946062e-02
1.194990e-01
1.209073e-02
1.452297e-01
8.173724e-03
3.958784e-04
1.261425e-01
1.680669e-04
1.413959e-02
1.113382e-03
3.201649e-02
3.655637e-02
1.564612e-02
3.748554e-02
1.337096e-02
1.669496e-03
2.182142e-02
1.845827e-02
1.056333e-01
2.706244e-02
1.958313e-02
7.740151e-02
3.560702e-02
1.443529e-01
7.656323e-03
9.165386e-02
7.395738e-03
4.113662e-02
7.053828e-05
4.770841e-03
6.927750e-03
7.528242e-03
7.324864e-03
4.127136e-02
1.134106e-01
3.129775e-02
5.122225e-02
1.130486e-01
2.961050e-01
2.234815e-02
5.869367e-02
5.283475e-05
1.144123e-01
3.136461e-02
6.077455e-03
6.008743e-03
5.860690e-04
1.085039e-03
2.413354e-04
7.431333e-04
3.804757e-07
5.858865e-04
4.402258e-02
8.555243e-02
1.086358e-04
4.121994e-02
4.153430e-02
2.964759e-03
4.409310e-03
1.327696e-02
1.157308e-01
3.205427e-02
7.272215e-02
1.096593e-02
2.137205e-01
3.959991e-03
1.739856e-03
1.794765e-04
1.486717e-02
2.336318e-03
1.186123e-05
4.463252e-02
1.762818e-01
3.747051e-02
1.328679e-01
9.742974e-03
1.624988e-02
1.637806e-01
2.547409e-03
2.346912e-02
3.019077e-02
1.359547e-01
2.165450e-03
4.361701e-02
1.337534e-02
1.405518e-02
4.142921e-02
9.256974e-02
2.070724e-02
1.327799e-02
1.344172e-02
2.880911e-02
1.705318e-02
1.232418e-02
1.053125e-01
3.931221e-02
3.611865e-04
2.872405e-02
1.561996e-02
1.237118e-01
1.141866e-01
1.440001e-02
2.173247e-01
2.030372e-03
1.672904e-02
2.923995e-02
7.633493e-04
9.362885e-03
1.884267e-02
6.312771e-02
4.836607e-03
2.249090e-02
4.806759e-03
3.318936e-02
2.614336e-03
2.201723e-01
3.565335e-02
9.160062e-04
6.421385e-03
7.607044e-02
1.651377e-02
4.253346e-02
1.338284e-01
5.781910e-02
2.709857e-02
1.549377e-01
2.240099e-02
4.853133e-02
1.035934e-02
2.375701e-05
2.618490e-01
3.798053e-02
7.742075e-02
1.634261e-01
3.381346e-03
1.577803e-02
7.048275e-02
7.074055e-02
1.446499e-01
1.424823e-02
6.592598e-03
1.025874e-03
7.822239e-06
2.972466e-01
6.226419e-03
2.186582e-01
3.750372e-02
7.631559e-02
7.295444e-02
5.867010e-02
5.030491e-02
1.171967e-01
7.104107e-03
5.569417e-03
2.680351e-02
1.369421e-01
3.835312e-03
4.795506e-02
7.306109e-04
4.067834e-01
1.823268e-06
5.396548e-03
1.089325e-01
1.039906e-01
5.536924e-02
7.424553e-02
3.070877e-01
5.641375e-04
1.736871e-03
1.682593e-03
1.439698e-03
1.750791e-02
1.391285e-01
5.215732e-03
1.995847e-01
1.036183e-02
2.731327e-02
4.416482e-04
6.144969e-02
1.091374e-04
1.081326e-02
1.547095e-02
5.877820e-03
1.982920e-01
5.390217e-02
6.093749e-02
1.110086e-03
2.165193e-02
1.594867e-01
2.667097e-03
3.818259e-02
1.859119e-03
7.136296e-05
1.264157e-02
1.435459e-02
2.015273e-02
2.960904e-02
1.274638e-02
1.229517e-03
9.269658e-02
2.388062e-03
3.381131e-02
4.415408e-03
1.456949e-02
7.674077e-02
1.531038e-04
1.242616e-02
1.155394e-01
1.079744e-02
2.855074e-03
6.033419e-03
9.535239e-02
2.934668e-01
5.238970e-02
6.915277e-02
1.923475e-02
1.459909e-01
9.102612e-03
1.343574e-03
4.014421e-04
9.384369e-04
7.801876e-03
5.954248e-04
1.505526e-01
9.723220e-02
3.406061e-03
1.523141e-02
3.384259e-02
1.056329e-03
6.091150e-03
3.564491e-02
7.278114e-02
8.899949e-03
5.061898e-02
3.868168e-01
1.517093e-04
8.876652e-03
3.028041e-01
9.205775e-04
4.857275e-04
3.956839e-02
4.922335e-02
1.640819e-02
8.788474e-05
1.151888e-02
4.365507e-04
1.614161e-02
1.500356e-03
3.714449e-02
5.845818e-04
1.015587e-06
1.575651e-03
5.422694e-02
1.904289e-03
7.551556e-02
1.227198e-01
6.088498e-03
2.933795e-01
2.137192e-02
5.414554e-06
4.669114e-03
1.142639e-02
4.975530e-02
9.438625e-04
1.328335e-05
5.554058e-04
7.022956e-01
4.538685e-03
7.669327e-02
2.777573e-02
7.825016e-03
2.020253e-02
6.689290e-02
4.356805e-03
5.015595e-02
1.379797e-01
6.773531e-02
1.139143e-02
9.669978e-02
1.341052e-01
7.294987e-03
2.292764e-01
1.189500e-01
2.411546e-01
2.171424e-02
3.990545e-03
6.506621e-03
9.344725e-03
4.458920e-03
1.618199e-02
6.522012e-03
2.024263e-02
7.348509e-02
9.646055e-02
1.425567e-03
3.145281e-03
1.808012e-02
4.028556e-01
1.769061e-02
1.730857e-02
3.622890e-02
2.371144e-02
9.784559e-03
1.716456e-03
7.736284e-02
4.489110e+00
6.873774e-04
5.885527e-02
5.493870e-01
2.592514e-02
1.466102e-02
1.605726e-02
4.590946e-03
2.798994e-02
7.947264e-04
1.595621e-04
6.266794e-02
4.828749e-02
5.791553e-03
1.410748e-02
1.942799e-02
9.298435e-04
8.335827e-02
2.391024e-02
2.125507e-02
1.893914e-02
4.686454e-02
7.182193e-02
8.612580e-05
2.526596e-03
2.312627e-01
1.521018e-03
2.932205e-02
3.614496e-04
5.095322e-02
5.807430e-02
2.233244e-02
4.007236e-03
2.801862e-01
1.525388e-01
1.427027e-01
1.779861e-02
1.597109e-01
7.375360e-03
4.041190e-03
2.018513e-02
5.427915e-03
6.533640e-03
4.602494e-04
3.503689e-06
2.186846e-03
9.354292e-04
3.736949e-02
1.279112e-03
2.961850e-02
3.051482e-03
2.671088e-03
8.709791e-03
3.151639e-03
1.876628e-02
3.023802e-02
2.366264e-02
4.738556e-02
2.459930e-02
6.274389e-03
4.260598e-02
1.813513e-02
3.191500e-03
2.783829e-03
1.562020e-01
3.062273e-03
9.767722e-03
4.718763e-02
3.234437e-02
2.951422e-02
5.321216e-02
3.849127e-03
1.520228e-01
6.674996e-05
1.060341e-02
1.977945e-03
7.263513e-03
1.365402e-02
3.910835e-02
1.512688e-02
3.788888e-02
3.313732e-02
9.995859e-06
1.115474e-03
4.978027e-03
9.339660e-02
2.608839e-03
