4.495185e-02
3.647307e-03
5.321347e-05
3.627765e-03
3.831517e-02
6.518059e-04
1.695828e-02
5.971454e-03
3.982591e-02
4.372837e-02
1.550417e-05
3.001257e-02
1.328130e-02
1.276926e-02
4.301463e-03
8.953124e-03
5.743258e-02
1.455702e-02
2.138953e-02
8.940993e-03
5.180547e-03
1.600260e-01
4.928471e-02
5.899199e-02
9.072493e-04
3.666389e-02
1.071647e-02
1.446426e-01
4.651451e-02
6.563705e-02
1.162716e-03
3.108718e-03
7.705371e-03
3.130136e-02
1.440281e-01
5.049190e-02
1.645640e-02
7.962412e-03
5.044867e-04
1.552905e-03
4.752054e-04
1.431638e-02
1.395898e-04
4.428840e-02
5.769036e-05
2.070862e-02
3.474351e-04
3.605901e-02
1.152341e-01
1.861189e-02
4.068610e-03
4.543804e-02
2.565655e-05
3.294041e-03
6.962624e-02
1.121553e-01
4.425861e-05
1.181049e-01
1.034208e-03
7.903780e-03
1.492244e-02
5.971501e-04
1.319416e-05
5.965312e-02
2.884274e-05
5.497959e-02
1.044599e-02
6.448347e-02
1.476931e-01
1.669183e-01
1.481488e-01
1.647052e-03
2.225459e-03
2.199630e-02
8.215896e-02
5.705285e-03
7.350155e-04
6.873621e-02
6.853947e-02
1.670897e-03
2.193487e-02
7.740696e-05
2.655607e-02
4.537502e-02
1.941706e-02
1.142281e-01
1.585963e-04
1.283445e-02
5.181587e-03
5.542334e-03
3.344429e-02
2.367084e-03
1.234520e-01
1.935657e-02
4.335116e-04
5.292775e-02
4.383479e-03
1.287316e-02
3.459674e-02
4.058707e-03
1.036301e-02
2.788351e-02
1.132981e-03
1.929990e-01
2.394800e-02
5.012707e-02
1.181869e-02
3.795054e-01
1.432086e-01
8.588874e-02
3.379205e-03
7.046074e-01
4.171929e-03
2.156089e-01
6.381370e-03
1.444498e-04
2.367584e-03
3.531050e-02
6.096042e-02
2.473344e-01
3.802771e-03
5.754528e-02
3.485778e-03
6.441958e-03
1.314769e-02
7.442726e-02
1.247929e-02
5.862205e-03
4.016183e-02
1.448177e-01
4.590694e-03
3.639022e-02
2.941111e-02
1.252769e-01
7.974481e-02
1.060144e-01
3.705445e-01
5.292742e-03
4.746019e-01
1.628614e-01
1.069639e-01
5.758416e-02
2.015199e-03
4.237579e-03
2.747605e-02
1.470110e-02
2.658757e-02
4.607120e-03
9.990202e-02
2.835918e-01
7.693475e-02
4.610411e-03
5.247238e-02
8.465996e-03
9.100758e-02
4.990473e-02
6.593578e-02
1.858817e-01
9.551888e-03
9.198225e-02
2.063216e-02
2.153415e-03
4.498565e-02
1.020461e-01
1.501516e-02
3.436168e-01
1.702550e-03
1.271030e-02
2.358919e-02
1.658460e-01
9.247822e-02
7.029490e-02
3.528015e-02
8.033533e-03
1.092441e-01
4.027110e-03
5.016091e-02
2.719080e-02
5.047222e-02
1.442853e-01
1.033300e-02
3.030570e-02
6.029040e-03
9.111956e-03
3.456070e-02
2.445845e-02
8.761317e-04
2.643046e-03
7.197012e-02
4.409106e-04
9.876358e-04
5.621964e-04
6.177690e-03
1.952218e-01
5.251731e-02
1.096372e-03
2.165323e-02
2.142107e-03
4.502855e-02
6.318961e-02
7.704966e-02
7.920508e-06
1.642084e-02
1.058041e-06
1.889343e-02
1.451412e-03
1.197943e-02
1.125282e-01
9.012374e-04
5.941103e-02
2.747794e-01
6.398031e-02
5.197367e-03
1.546482e-02
2.729253e-02
7.190368e-02
2.053970e-01
3.145167e-02
5.924352e-02
3.797612e-03
5.982864e-03
4.235173e-03
4.084398e-02
3.212369e-02
5.163766e-03
4.947737e-01
8.907923e-02
4.218259e-03
2.636546e-02
1.121344e-02
9.873315e-03
1.448117e-03
6.475767e-02
2.530169e-01
5.562526e-02
8.214872e-02
6.765426e-02
3.736913e-03
1.008580e-02
5.361606e-02
6.623058e-02
6.157924e-02
1.053584e-02
3.941788e-02
4.410912e-04
1.767910e-04
6.137826e-02
2.508665e-01
2.606116e-02
2.151494e-04
5.693026e-02
3.411103e-03
1.214992e-02
1.591307e-01
1.685295e-01
3.694969e-02
1.232823e-01
1.675400e-03
2.860352e-03
3.085347e-01
9.719627e-03
1.305206e-01
1.781717e-02
3.845119e-03
9.232155e-03
1.314846e-02
3.136442e-04
1.286544e-02
5.860568e-02
1.227409e-02
1.607249e-03
5.415925e-04
4.814673e-01
1.048081e-03
1.017279e-01
4.612867e-03
3.592391e-02
6.097282e-02
6.593904e-02
1.660202e-02
7.439448e-02
4.405636e-06
2.156793e-01
7.195910e-03
4.858309e-03
4.465073e-02
4.783023e-02
8.101268e-03
2.819756e-06
5.991316e-02
8.516371e-02
6.015985e-02
9.078073e-02
3.247284e-02
7.321153e-03
1.482033e-03
4.508654e-04
3.339471e-04
5.772398e-03
1.987961e-01
1.038032e-02
1.382896e-02
2.543542e-02
2.785667e-02
3.374472e-02
3.808131e-02
7.278295e-02
1.015841e-01
9.238890e-03
2.736242e-01
2.186858e-03
2.844225e-01
2.063938e-01
9.287097e-03
3.116320e-02
4.490387e-03
3.381463e-02
2.369572e-04
8.743787e-03
1.359230e-03
5.057256e-03
1.387085e-02
1.189026e-02
2.467144e-02
2.761312e-02
2.755201e-02
7.723024e-02
7.899468e-02
8.326570e-03
2.719923e-03
2.084387e-02
2.199903e-04
8.842909e-05
9.103488e-02
4.315385e-02
1.771502e-03
4.968752e-02
1.472982e-02
1.264704e-01
1.423947e-01
7.450358e-02
2.690430e-04
1.092760e-01
3.200410e-02
2.788191e-04
4.848087e-02
2.492227e-02
2.747890e-01
5.501317e-02
3.293652e-06
1.791038e-01
8.320641e-03
3.722560e-04
1.976332e-02
1.064311e-01
9.164107e-02
1.334304e-01
1.069638e-03
4.094186e-02
1.685002e-02
5.058880e-03
2.035197e-02
1.918008e-01
5.749743e-02
2.471978e-01
2.572710e-02
5.709362e-03
1.589406e-02
3.335090e-02
8.420890e-02
1.069799e-02
5.810786e-02
2.096865e-01
2.368880e-02
6.093738e-02
5.631782e-02
1.512032e-01
7.366374e-02
2.539316e-03
2.120940e-02
1.308987e-02
2.767060e-02
9.730781e-03
5.363393e-03
1.179572e-01
3.705553e-02
9.137782e-03
1.063165e-01
9.405807e-02
3.055297e-01
7.406680e-02
2.107954e-02
1.648858e-01
1.161159e-02
8.425910e-02
2.971859e-02
3.012869e-03
2.476709e-01
3.493866e-02
1.980941e-04
2.389055e-03
1.691406e-02
1.777698e-03
3.751518e-03
5.271872e-02
2.376875e-02
5.048223e-02
8.786000e-02
1.412163e-01
2.627871e-02
2.032873e-03
1.121032e-02
4.643423e-03
1.660012e-01
1.347639e-01
3.008862e-04
8.838795e-03
1.467941e-01
1.566535e-01
2.307101e-03
2.880077e-03
9.859175e-03
1.098037e-03
6.739601e-06
4.257051e-02
1.691158e-01
9.056139e-04
1.895307e-01
2.742907e-03
5.864266e-03
6.198219e-03
5.233718e-02
2.342606e-02
3.355654e-03
7.086668e-03
2.559982e-02
8.185422e-04
2.718888e-02
5.334483e-03
9.900095e-03
3.394179e-02
1.237323e-02
2.999317e-02
4.353473e-03
4.915202e-03
2.792183e-02
7.835549e-02
5.600041e-06
2.622480e-02
1.030001e-02
1.424781e-01
1.588655e-01
4.287952e-03
2.396066e-02
1.771179e-04
1.608253e-01
1.806951e-01
2.990838e-01
7.048367e-02
5.710275e-04
2.523026e-02
2.642211e-02
5.474202e-02
4.320304e-03
2.109544e-02
4.298649e-03
3.138048e-02
2.143026e-03
3.262107e-01
1.566218e-01
9.388064e-03
3.264760e-02
1.134180e-01
1.061195e-01
1.280877e-02
5.255720e-02
8.151978e-02
1.872716e-02
6.931607e-03
2.731253e-02
3.022350e-04
3.633826e-01
7.089519e-02
1.098523e-02
1.467540e-02
4.568937e-02
3.418748e-03
5.802160e-02
5.247660e-02
5.116977e-03
3.834153e-03
1.906017e-01
1.893269e-01
1.888197e-01
5.362984e-02
1.978890e-01
7.566745e-04
2.457369e-06
7.205937e-03
1.648642e-02
2.477071e-02
5.584786e-02
2.537786e-02
6.537668e-04
5.643466e-02
7.106242e-03
2.499234e-01
9.631671e-01
2.618306e-03
3.082036e-01
6.946626e-02
1.879422e-02
1.496027e-02
2.120830e-02
7.422967e-02
2.109271e-04
2.994763e-01
5.420966e-03
1.586731e-02
1.990464e-01
5.457530e-04
5.281214e-05
5.847281e-04
9.568217e-02
1.251046e-01
3.164386e-02
7.301247e-03
6.647751e-03
3.872228e-02
3.675194e-02
1.417560e-03
1.862004e-02
2.443433e-02
1.119631e-02
2.718763e-02
3.215632e-02
5.803747e-02
2.845416e-05
5.940994e-02
1.509398e-01
5.727494e-05
2.524429e-05
4.864310e-02
1.247504e-01
6.129152e-02
1.014516e-02
7.551545e-04
2.809851e-03
1.204920e-02
1.678261e-02
3.538041e-03
5.706391e-03
2.677737e-04
2.207061e-03
9.136917e-03
7.134889e-05
1.245218e-02
3.176316e-03
3.212253e-03
2.519674e-03
7.201053e-03
1.794019e-02
4.686584e-04
2.455768e-01
1.372661e-01
3.591233e-01
3.681531e-02
2.988644e-02
9.085785e-02
1.467520e-02
3.661473e-03
9.914122e-03
2.154074e-03
3.577961e-02
6.368342e-03
1.237835e-01
6.224782e-02
8.450934e-03
2.788488e-02
1.014399e-01
1.240231e-02
3.531775e-02
3.673741e-04
1.267842e-03
2.764939e-02
3.700084e-05
1.289609e-04
7.345055e-02
5.036570e-02
2.914840e-02
7.003848e-03
5.445771e-02
5.807685e-02
7.865179e-03
