4.250991e-02
1.082113e-03
5.721186e-02
3.860798e-04
1.549114e-02
2.705554e-02
3.402980e-04
2.331975e-03
7.561510e-03
5.796042e-05
1.039087e-03
3.267006e-02
6.454554e-03
8.880837e-02
3.689239e-02
1.402239e-03
1.523944e-02
6.143038e-02
9.614612e-02
6.598894e-06
1.742071e-03
2.668059e-05
3.583475e-01
1.525787e-02
7.356412e-02
5.214686e-03
5.145248e-03
5.381257e-04
8.724578e-03
1.243337e-02
1.037608e-01
1.216963e-04
1.211250e-01
4.409348e-02
2.771794e-02
3.060209e-02
4.396685e-02
1.160081e-01
6.583459e-02
2.403663e-02
9.224385e-02
1.681149e-01
2.310679e-02
1.366035e-01
1.633103e-02
2.612757e-02
1.534845e-02
4.351361e-02
1.612257e-01
2.559458e-03
8.068458e-02
5.982138e-02
2.340219e-03
3.626279e-02
1.241112e-02
3.484488e-02
2.602516e-01
6.382999e-02
7.105168e-02
8.869013e-02
8.541689e-03
1.144274e-02
9.721062e-03
1.301606e-02
1.801498e-02
3.189942e-02
5.421745e-04
5.518886e-02
1.483958e-02
1.223755e-02
1.402213e-01
8.970965e-02
3.639295e-04
7.042612e-04
9.026420e-04
3.111355e-04
6.396025e-03
9.394290e-02
4.558642e-02
1.308567e-02
8.683750e-02
1.556421e-01
4.519917e-02
6.165277e-02
7.606811e-02
3.281533e-02
5.651591e-02
2.103212e-03
2.462805e-03
4.291532e-02
8.169743e-04
1.028331e-01
8.996070e-02
7.717573e-03
2.174616e-02
4.878905e-02
1.224536e-01
2.379413e-02
7.050868e-03
2.026660e-02
9.945474e-02
5.774099e-03
3.806478e-02
4.061116e-04
2.401865e-03
1.609862e-01
1.441987e-01
1.845183e-02
3.249756e-02
6.387066e-04
1.146572e-02
2.366869e-02
3.753388e-02
4.870333e-02
1.234800e-02
5.220955e-02
1.264174e-01
1.584971e-03
1.066338e-01
9.398289e-02
2.676287e-02
6.951581e-02
1.045907e-01
5.415259e-03
1.666895e-04
2.040787e-01
1.596042e-02
1.921831e-04
6.977541e-03
8.387173e-03
3.550211e-03
5.198779e-03
1.779879e-03
1.953358e-02
3.144004e-02
1.255831e-01
7.092308e-02
1.212014e-02
2.399838e-02
2.124411e-02
1.036171e-01
7.616003e-02
3.844614e-05
3.958634e-02
6.127510e-02
6.479501e-02
3.400355e-02
2.585905e-01
4.603338e-02
3.773953e-03
1.089422e-02
7.596538e-02
1.001585e-01
1.751038e-01
2.236831e-03
2.624855e-01
2.444308e-02
3.949479e-03
4.693994e-02
1.773288e-01
2.051357e-03
3.217620e-01
3.749953e-02
3.306479e-03
4.200376e-04
1.475340e-02
4.773074e-03
1.368373e-03
1.082637e-01
3.424580e-01
1.272490e-03
1.846528e-04
1.534696e-02
7.926146e-02
3.377974e-02
2.545974e-02
3.507391e-03
1.378891e-02
2.923652e-03
5.689193e-02
1.085384e-02
1.538422e-02
5.950172e-04
1.322263e-03
1.357817e-01
9.513746e-02
2.010786e-02
3.319122e-03
3.287953e-03
5.843276e-02
1.193398e-01
1.073609e-02
6.270987e-04
4.573794e-03
1.198021e-01
7.925739e-02
1.369328e-01
4.311474e-02
1.632280e-01
1.526060e-02
5.289670e-03
3.660494e-04
4.005313e-02
2.900757e-02
9.234781e-02
3.438602e-02
4.541797e-03
4.982996e-03
8.162213e-03
1.603850e-02
1.207766e-02
3.018791e-02
5.237968e-03
7.458744e-02
1.992075e-01
2.854529e-02
1.030279e-02
3.683329e-02
5.578976e-02
3.259548e-02
2.156438e-04
9.094398e-02
5.074316e-02
1.456302e-02
2.969356e-02
3.704051e-01
1.873047e-02
7.765276e-03
4.669440e-03
6.957201e-02
5.754206e-02
5.344477e-03
1.952631e-03
6.437460e-02
1.398441e-02
1.895447e-06
6.846928e-03
3.874029e-03
3.321687e-02
2.772515e-02
2.300175e-01
4.841100e-04
1.329521e-07
1.271029e-02
6.377254e-02
1.075090e-01
5.929471e-03
4.726627e-02
6.192661e-02
2.026020e-03
2.919606e-03
5.760378e-02
3.955637e-02
6.397391e-02
1.601642e-02
7.723550e-02
6.294497e-02
4.679667e-02
2.040231e-02
4.894053e-02
2.821687e-02
9.581062e-04
1.411637e-02
3.662061e-01
9.043879e-02
3.101720e-02
5.152912e-04
1.844713e-02
1.095228e-02
3.364353e-03
1.537774e-01
2.190835e-02
8.182441e-02
8.560305e-03
3.141671e-02
8.828903e-04
1.204020e-02
1.892697e-06
8.147359e-02
6.418525e-02
8.015909e-03
7.835922e-02
4.363824e-02
9.667294e-02
1.849144e-04
3.913977e-04
4.718520e-02
5.458206e-02
1.396575e-03
1.194194e-02
2.353758e-01
3.621169e-02
1.963801e-03
3.104296e-02
3.622706e-07
6.334615e-02
1.506781e-02
1.143192e-01
1.100926e-03
3.017966e-01
5.340593e-02
1.420210e-01
1.467603e-02
4.793155e-02
3.829643e-03
1.985264e-02
1.617436e-03
5.421583e-04
9.728232e-02
5.386801e-03
1.933170e-03
2.402421e-01
4.981480e-02
1.953202e-01
2.609360e-01
1.488588e-04
1.016120e-02
1.422053e-02
3.023711e-04
3.090050e-02
9.213013e-02
3.144531e-03
5.217768e-03
5.412842e-02
7.007069e-02
1.654789e-01
6.334542e-03
2.501439e-01
1.980876e-04
1.557739e-02
3.634096e-03
1.790780e-02
1.053441e-02
2.135100e-02
3.012033e-01
4.901828e-02
1.927240e-02
2.406313e-01
2.675168e-01
1.150627e-01
1.509000e-02
7.008196e-03
1.313309e-01
4.560011e-02
8.298470e-03
1.146817e-01
1.250416e-03
1.629010e-03
5.676224e-02
3.432478e-02
2.350312e-01
1.177071e-04
3.542726e-02
4.840614e-02
5.041333e-02
5.585606e-03
2.800880e-06
2.128337e-02
3.519375e-02
1.183966e-01
8.281686e-03
2.612044e-02
1.119101e-03
1.007730e-01
4.634345e-02
1.134038e-01
2.322409e-02
3.167331e-03
8.390615e-03
3.523574e-03
6.052798e-02
2.390692e-02
5.472515e-04
4.404563e-02
4.653075e-02
1.675487e-03
2.438777e-02
9.668956e-03
8.044002e-02
7.409768e-04
7.725122e-05
4.106530e-06
2.968676e-01
5.902517e-02
3.415646e-02
1.470220e-02
8.667395e-03
6.755819e-02
1.474640e-01
4.553223e-02
2.633086e-01
2.339916e-02
7.550710e-02
4.995653e-03
9.870664e-02
3.400732e-02
5.681192e-02
1.885207e-02
2.626577e-03
1.035467e-01
2.593908e-01
1.383705e-01
1.525144e-01
4.255972e-02
1.849180e-03
1.019605e-02
1.378280e-02
1.326277e-01
1.392191e-03
7.694646e-03
1.021868e-01
6.928848e-03
5.049911e-02
7.332341e-04
1.392575e-02
1.423675e-06
3.832342e-03
1.093082e-01
1.903767e-03
3.563525e-03
7.545636e-03
8.690828e-02
9.826062e-03
2.649884e-03
3.659831e-02
4.778232e-02
1.576341e-01
3.256151e-03
1.657003e-02
3.882311e-02
1.140715e-02
2.549371e-02
4.604475e-02
2.205187e-05
3.436309e-01
7.680583e-02
1.898579e-02
1.126700e-01
2.808965e-02
3.937398e-03
3.546808e-02
1.835683e-01
5.391285e-03
1.111704e-01
1.083393e-02
8.003988e-03
1.262884e-01
4.393464e-02
9.357974e-02
5.203625e-03
1.150888e-01
2.472553e-02
2.189607e-02
4.834942e-03
8.286468e-02
8.096669e-02
1.188755e-01
2.003582e-03
1.019574e-02
8.427544e-02
4.230302e-07
7.725789e-02
4.139807e-02
8.619639e-03
1.908504e-01
1.948036e-02
4.087184e-02
1.877763e-01
6.123484e-01
6.562194e-04
2.737138e-02
7.482752e-01
4.341389e-01
1.592826e-02
8.328080e-02
1.054859e-03
1.792652e-03
4.777874e-03
9.757310e-03
7.433568e-02
1.833985e-03
4.980370e-03
1.296725e-01
3.642743e-02
2.943000e-02
1.600657e-02
1.192685e-03
1.205656e-02
1.072641e-01
2.332188e-02
1.594461e-03
1.091029e-03
2.041531e-02
2.163365e-02
2.709035e-02
1.548353e-04
1.494592e-02
5.400976e-02
2.878138e-02
1.825998e-01
2.083356e-03
4.223386e-01
2.899348e-03
2.284415e-02
4.354279e-05
9.143369e-02
1.699033e-02
4.283966e-02
6.522409e-02
2.509469e-03
4.098759e-02
2.244298e-03
1.525789e-02
2.385338e-02
2.534705e-03
9.966118e-05
2.062230e-03
1.531741e-02
3.112520e-04
3.664801e-02
7.704266e-03
4.350337e-02
1.551462e-02
6.048406e-02
2.418784e-02
1.492354e-01
4.140991e-02
6.361208e-04
5.651421e-02
6.702102e-02
5.290620e-03
1.073534e-02
3.033551e-01
2.675667e-02
3.865262e-02
1.138619e-02
3.368280e-04
4.178000e-02
1.595593e-02
1.320986e-01
1.164726e-01
3.341992e-01
8.799308e-03
1.613092e-01
3.400655e-02
6.556240e-03
8.860749e-03
2.293589e-02
1.076925e-01
1.089723e-04
1.409312e-03
1.702616e-02
9.543790e-03
9.708983e-02
1.202572e-03
4.398898e-02
4.985159e-02
2.393799e-02
5.594770e-04
2.198595e-02
1.298971e-03
1.720940e-03
4.525412e-03
7.995099e-02
2.929546e-02
8.727677e-03
7.735567e-02
1.587730e-01
4.265243e-02
2.809477e-03
7.126553e-04
3.921496e-03
8.140388e-04
1.230986e-03
1.851785e-02
2.492568e-02
8.153003e-03
1.028800e-01
9.255274e-07
4.282956e-04
2.989842e-02
4.576658e-04
1.879294e-05
1.562535e-01
3.992570e-07
4.160689e-04
3.860613e-04
1.547406e-02
4.751384e-03
2.717517e-04
1.051964e-02
3.744495e-02
1.646411e-01
4.808011e-03
