2.738740e-01
4.541416e-02
1.283979e-01
1.482340e-03
8.298304e-02
4.904576e-02
1.463326e-01
1.203437e-02
1.689728e-01
1.982819e-02
1.289171e-01
3.657920e-01
1.204550e-01
2.102674e-02
1.128779e-01
1.403867e-05
3.275391e-03
1.860428e-02
1.417677e-02
5.170283e-02
3.570072e-03
5.190824e-03
2.346909e-01
1.089015e-02
1.403503e-03
9.787409e-02
1.796373e-01
3.061145e-03
2.175412e-04
7.443759e-02
4.201484e-04
1.150175e-01
2.183894e-01
1.170834e-02
1.289542e-03
2.487256e-04
4.870871e-03
2.254505e-02
6.217751e-06
2.409591e-03
2.469675e-02
9.119006e-04
3.050644e-01
5.122481e-02
7.116289e-03
1.592587e-01
1.520464e-02
1.860574e-01
4.873670e-02
3.488608e-03
2.017637e-04
7.395452e-02
2.571113e-02
1.734811e-02
2.004761e-01
6.466914e-02
4.316526e-02
2.267278e-01
2.262500e-01
2.488252e-02
1.447857e-02
1.120334e-01
1.934446e-01
9.644950e-02
1.735805e-02
7.799497e-02
5.667350e-05
1.761149e-02
1.066092e-02
5.515022e-02
8.521056e-04
2.427103e-01
2.257557e-01
3.872956e-02
5.080339e-02
1.114465e-01
8.259215e-02
4.938352e-02
2.085282e-02
4.497712e-03
1.473541e-02
5.647376e-03
4.783154e-02
1.245127e-02
6.679814e-03
1.226454e-01
6.511383e-02
6.567866e-03
1.462532e-01
4.649957e-02
3.395682e-01
2.437653e-01
3.703091e-03
3.075050e-04
1.658491e-01
2.226158e-02
8.363309e-02
2.534589e-02
6.382829e-02
3.888805e-02
1.511908e-02
2.605722e-03
4.038271e-03
3.382052e-02
1.443750e-01
8.473729e-02
3.948515e-03
1.159264e-02
3.503853e-02
2.116122e-01
8.632982e-05
3.759024e-04
2.788183e-03
1.552639e-02
3.115053e-02
1.770045e-01
1.106315e-04
2.697551e-02
3.646682e-02
3.867257e-03
4.935606e-02
3.971762e-04
5.813346e-02
1.086250e-02
1.451684e-03
3.365740e-01
3.869653e-02
1.428850e-03
1.367898e-01
1.751645e-03
1.275521e-01
7.880079e-03
1.382073e-01
1.815259e-03
9.572396e-02
1.141153e-01
9.327176e-02
1.679556e-03
2.147483e-02
1.972447e-04
2.640751e-02
3.696606e-01
1.222570e-03
4.094166e-02
1.658857e-03
3.467295e-02
3.498288e-02
4.498701e-01
1.467199e-02
1.322056e-03
5.238933e-04
4.283555e-03
1.003559e-01
3.470800e-02
2.437543e-02
2.661714e-03
6.914152e-02
1.561423e-01
1.057604e-02
5.006679e-01
4.549136e-02
4.423062e-03
3.069555e-03
2.765749e-03
1.091912e-02
7.273151e-02
6.031389e-03
5.234493e-02
8.224271e-03
7.104024e-06
8.847553e-02
1.949754e-02
1.263209e-04
8.148220e-03
1.247071e-02
1.958657e-03
6.235662e-02
4.091415e-02
1.126432e-03
5.254329e-02
3.479872e-05
1.047615e-03
2.132531e-01
1.165250e-01
2.215431e-03
1.168145e-04
9.901396e-02
1.584151e-02
2.112025e-03
1.016046e-01
1.475887e-03
8.955317e-04
3.400992e-02
7.924024e-02
1.168621e-03
9.719451e-04
1.831947e-02
2.997958e-02
3.217222e-02
4.076178e-02
3.762967e-03
9.029871e-04
1.276154e-03
3.486377e-03
7.001730e-04
5.195417e-03
2.870789e-01
2.568406e-01
1.863618e-01
1.914272e-02
9.090822e-04
7.751578e-02
1.192579e-01
6.825600e-02
4.027483e-04
1.837634e-02
1.711110e-02
9.151852e-03
3.957776e-04
1.489541e-02
5.635046e-03
4.259538e-02
6.352877e-06
5.510868e-02
2.531058e-03
5.593271e-02
4.789039e-05
4.789780e-04
2.842108e-03
7.003232e-03
1.708196e-03
1.001376e-01
1.947611e-01
5.705269e-04
3.412693e-02
9.971886e-04
9.459595e-03
1.958009e-02
1.226266e-02
1.040228e-02
3.224833e-02
6.879454e-02
7.251927e-02
1.656525e-01
1.495041e-02
1.961185e-02
6.573547e-02
7.607950e-03
2.546909e-02
3.207165e-02
9.341679e-03
1.147120e-04
3.500446e-02
4.149308e-02
2.419020e-03
1.011353e-01
1.575194e-02
1.157619e-01
6.871990e-02
2.742255e-05
1.948079e-02
2.166935e-01
7.225388e-02
3.375274e-02
1.502966e-01
1.141571e-02
7.421789e-03
4.213622e-04
2.596613e-02
3.123222e-01
6.177897e-03
7.640206e-03
1.782722e-01
9.478868e-02
1.172932e-01
3.607412e-01
2.734286e-03
1.046245e-04
1.942259e-02
1.928480e-03
2.811849e-02
5.397225e-04
2.358237e-03
8.074024e-02
6.970420e-02
4.805188e-03
6.082069e-02
6.751789e-05
9.888827e-02
1.566990e-02
4.080383e-05
5.613617e-03
2.205323e-01
9.986750e-04
2.166276e-01
1.194604e-02
3.059446e-02
3.176158e-02
1.147797e-02
9.753569e-04
9.057200e-02
1.868093e-02
7.933313e-03
3.865641e-02
5.570836e-02
1.396915e-02
3.912889e-02
1.535814e-03
2.466257e-03
1.330849e-02
3.416662e-02
9.323372e-02
3.304632e-02
1.108291e-01
6.573621e-05
1.190177e-02
3.292841e-03
4.525797e-02
1.778099e-02
9.767447e-03
6.498974e-02
8.121515e-02
5.025837e-03
4.635918e-03
9.806150e-03
1.017172e-01
6.061379e-04
1.748237e-04
5.445125e-02
3.757451e-03
2.971213e-02
1.114279e-02
5.972323e-02
2.273725e-03
6.828314e-03
1.470795e-02
4.622313e-02
1.329326e-04
1.751275e-02
8.370410e-02
1.294822e-02
4.430240e-04
1.574462e-01
7.836560e-03
2.316421e-02
4.153833e-04
5.562858e-03
6.170653e-03
4.324083e-03
3.054927e-02
1.932019e-02
1.265414e-02
7.693896e-02
8.286453e-02
8.882994e-03
1.963094e-04
9.783957e-02
3.857153e-02
3.234873e-03
1.037875e-01
4.905000e-02
4.923570e-02
9.733100e-02
9.416653e-04
2.449603e-01
1.459659e-01
1.687370e-02
9.693161e-02
2.792058e-03
4.828572e-02
7.568786e-02
1.063519e-01
3.201799e-02
1.435290e-02
6.917902e-04
4.050526e-02
8.211433e-03
5.395589e-02
8.238066e-02
1.736325e-03
1.828514e-05
1.962167e-01
6.590032e-02
2.853753e-01
1.621481e-03
8.222357e-04
1.219184e-04
2.031292e-01
4.621761e-03
1.669750e-03
4.603054e-02
1.081021e-01
2.906948e-02
6.627262e-03
7.048166e-02
5.037765e-03
9.940235e-03
8.197462e-02
3.934608e-03
7.715791e-03
3.202599e-02
1.085343e-03
9.763747e-03
3.604804e-03
1.410986e-02
7.462093e-02
3.125712e-03
2.849878e-02
1.236344e-02
5.201872e-03
8.448414e-02
5.874800e-02
2.156823e-02
5.037255e-02
5.300070e-06
9.868713e-02
4.275204e-03
5.986317e-03
7.841662e-04
1.971814e-01
1.277355e-02
4.887669e-03
2.054179e-02
1.271255e-02
1.868312e-02
8.938535e-04
4.823095e-03
4.074031e-02
6.824263e-04
1.576657e-02
1.246053e-01
5.168503e-02
8.574189e-02
2.152041e-02
2.338048e-02
3.691110e-02
9.650841e-02
8.656053e-02
9.023779e-03
1.480189e-01
4.891354e-02
1.594372e-02
1.107004e-04
8.066517e-02
1.750798e-03
3.540518e-02
3.766205e-02
8.308578e-02
9.637451e-02
1.427810e-03
1.086880e-01
1.668864e-02
1.164660e-02
1.240056e-01
9.106883e-04
8.375459e-05
6.110199e-03
1.190196e-01
6.897592e-03
1.850801e-03
1.487399e-02
1.804940e-05
4.852716e-03
6.121516e-02
2.058157e-02
4.766006e-02
2.334489e-02
1.141330e-01
2.323083e-03
9.680929e-02
1.889288e-02
5.434386e-04
3.848323e-01
1.929094e-03
2.242746e-02
1.482269e-02
1.672858e-02
2.391225e-01
4.771124e-02
8.352779e-02
9.231000e-03
2.669796e-03
7.925174e-06
4.021581e-03
3.262848e-03
3.160926e-03
1.852665e-02
8.011690e-02
8.108721e-03
1.324983e-02
1.208479e-01
9.238728e-02
1.520818e-01
2.153473e-02
2.690591e-02
4.084307e-03
3.556610e-03
2.522162e-05
6.822520e-02
5.371979e-03
1.449416e-02
9.897975e-03
2.416573e-02
3.909417e-02
4.798700e-03
8.151907e-03
9.272451e-02
4.799803e-02
1.417342e-01
1.904144e-02
4.696193e-04
2.428177e-01
4.620149e-02
7.428277e-03
4.502771e-05
5.967197e-02
1.519992e-02
2.330956e-01
1.072935e-01
7.401370e-02
1.922278e-03
1.780813e-03
2.309356e-02
2.192960e-02
1.421697e-04
5.016118e-03
1.593730e-03
2.678210e-03
4.624291e-02
1.241724e-01
5.382583e-02
4.162113e-02
1.274042e-03
1.525950e-01
1.991641e-02
2.301236e-02
4.177040e-02
5.773105e-02
3.008530e-01
8.431296e-02
6.392319e-03
2.552081e-05
1.681716e-02
2.521760e-02
2.059916e-03
7.251352e-02
3.771265e-01
1.717295e-02
1.032316e-02
1.047071e-01
1.282197e-03
2.218303e-03
7.113584e-03
3.779782e-02
1.599170e-01
1.928716e-01
1.345592e-03
3.841833e-02
5.542485e-04
1.236700e-01
2.529954e-02
8.983791e-03
2.516031e-04
7.663407e-02
2.482733e-03
4.398488e-03
1.334883e-01
4.871007e-02
2.585653e-02
7.618393e-02
5.088370e-02
4.237075e-03
5.929968e-04
7.678740e-03
9.509892e-06
1.710612e-02
5.400511e-02
1.696794e-03
9.199070e-02
5.322481e-02
2.344560e-02
8.526212e-03
1.587134e-02
4.435057e-02
9.431692e-02
1.111736e-02
3.320311e-04
2.219340e-02
1.277467e-02
4.829291e-02
4.596066e-02
1.604558e-01
2.408412e-01
4.059425e-02
