3.936545e-03
4.947504e-03
3.401983e-02
3.982639e-01
2.173965e-02
3.888575e-02
1.137254e-02
2.342329e-04
1.593719e-02
1.594479e-02
1.387081e-03
2.658108e-02
6.226564e-05
9.863913e-07
1.876395e-02
2.369382e-02
5.974229e-04
2.391142e-02
2.022937e-02
1.236448e-01
1.593211e-02
4.306117e-04
1.744035e-02
1.208018e-02
1.816413e-03
9.009567e-02
2.067321e-03
1.087826e-01
2.193543e-02
3.862076e-02
3.185841e-03
5.805203e-04
1.262522e-04
3.049413e-04
3.122685e-03
4.275151e-03
2.063249e-03
5.078068e-02
2.536386e-02
2.370498e-04
3.187060e-02
1.313819e-02
2.783625e-04
1.383858e-06
1.250639e-02
6.045142e-02
2.659971e-02
1.438700e-03
3.448042e-02
4.337870e-03
1.216782e-01
9.928935e-02
1.747567e-03
2.333447e-02
3.093756e-02
6.904982e-03
1.656181e-01
2.966491e-02
8.521840e-03
1.386839e-02
8.619877e-02
1.919489e-03
4.442145e-02
9.378506e-02
6.069271e-03
4.671795e-02
1.819211e-01
4.705546e-02
2.604486e-02
8.133608e-04
3.923808e-03
5.747533e-03
6.552880e-03
6.279307e-07
6.233190e-03
7.179788e-02
8.951484e-03
1.510146e-01
3.172376e-02
1.044079e-01
2.779014e-03
1.906853e-04
1.860232e-02
8.694117e-02
1.244578e-02
1.483607e-01
9.124226e-02
9.585865e-02
1.361449e-02
1.065444e-01
6.702139e-02
1.870344e-02
1.123041e-01
5.113787e-02
4.607906e-04
5.388277e-02
6.679666e-02
4.479981e-02
1.056840e-01
5.336528e-02
4.265503e-02
1.737416e-02
4.172603e-02
7.685398e-02
1.513554e-03
2.993187e-02
4.604798e-02
1.388703e-01
3.668049e-02
3.685271e-02
1.099740e-02
3.908239e-03
8.474528e-02
2.082122e-03
1.583019e-02
1.296260e-02
2.713685e-02
5.337604e-03
1.235722e-03
4.074704e-02
1.064319e-03
4.223747e-04
5.941234e-02
1.464493e-02
4.626056e-02
1.102165e-02
2.295974e-02
2.752911e-02
9.362478e-02
1.996788e-01
7.257949e-02
1.618763e-02
1.129023e-01
7.757646e-03
8.722296e-03
3.568973e-02
1.227980e-01
7.411446e-04
4.324181e-02
1.177198e-02
4.094991e-02
1.140790e-01
2.148425e-03
1.266471e-02
7.585227e-04
3.052467e-02
7.557668e-02
1.231652e-02
4.830468e-02
3.204117e-02
3.005560e-03
5.284942e-02
2.728597e-02
1.154893e-01
1.568708e-02
9.236957e-02
2.094682e-01
6.294138e-04
1.662649e-01
1.133441e-03
7.106164e-04
2.369926e-01
4.140523e-02
3.612365e-01
4.054110e-03
1.079320e-02
2.782031e-02
1.631006e-01
1.177918e-02
2.681862e-03
1.486504e-01
5.067816e-01
1.807663e-02
1.608570e-02
1.006972e-03
5.098255e-03
4.607923e-02
9.987906e-02
2.726730e-04
2.034323e-01
8.413717e-03
1.965841e-02
2.285835e-02
1.496819e-01
1.434971e-01
5.217378e-02
1.080897e-02
2.268725e-03
8.203449e-02
3.548251e-03
9.432533e-03
4.506586e-03
1.756288e-02
2.035196e-02
2.762810e-02
9.476749e-02
5.171367e-02
9.910347e-03
1.546977e-01
2.052102e-01
1.374304e-04
1.222304e-01
1.452507e-01
5.926503e-02
1.257189e-01
2.085371e-03
5.197935e-02
8.582544e-02
8.054290e-03
9.376236e-03
1.274922e-02
2.202844e-02
2.294469e-01
1.821669e-03
5.528059e-03
1.047172e-03
2.192532e-01
2.366803e-02
1.688660e-01
4.953073e-02
1.361465e-02
1.780472e-02
1.200808e-02
3.801355e-02
2.564733e-02
4.272163e-02
3.733669e-03
6.527254e-02
2.471116e-02
1.327493e-03
1.744841e-02
1.072289e-02
9.316710e-02
1.801076e-01
1.839495e-03
7.175875e-02
8.880658e-03
2.252782e-01
1.550382e-01
5.348142e-03
6.356334e-02
7.374842e-02
5.769568e-02
2.511976e-01
5.896004e-02
2.356467e-02
3.771189e-02
1.757464e-02
2.639327e-02
4.513908e-02
2.481395e-03
1.267542e-01
2.157564e-04
3.533548e-02
6.127618e-03
1.339492e-02
1.108928e-01
1.802275e-02
1.335238e-02
5.509284e-02
1.305809e-01
2.248501e-02
4.161201e-02
3.281893e-02
9.052701e-02
6.938920e-02
2.558018e-01
7.912185e-02
1.894426e-03
6.556369e-03
1.998268e-02
1.138818e-01
1.162460e-01
7.858657e-03
7.275816e-02
3.567873e-03
1.547481e-02
3.231380e-01
2.633299e-02
4.692994e-03
2.541265e-03
6.971931e-02
2.031820e-01
8.728162e-05
1.743805e-06
3.182197e-02
4.088559e-03
1.092395e-02
1.050188e-01
1.713941e-01
5.950582e-04
2.281637e-01
5.637312e-03
6.164588e-02
4.163276e-03
8.175837e-03
2.401501e-02
3.107828e-04
1.093355e-01
6.557849e-03
6.453918e-02
1.479668e-01
5.468083e-02
2.100670e-01
5.858366e-05
1.010533e-03
1.558366e-02
3.834337e-01
1.664850e-03
6.474500e-03
1.997212e-02
2.298361e-01
4.200411e-02
4.994538e-03
8.164235e-03
2.032891e-01
4.942245e-02
8.174530e-05
2.425931e-02
4.129269e-04
4.138499e-02
4.852910e-01
8.593751e-04
3.460652e-06
6.065868e-03
2.687561e-03
1.148926e-03
1.374517e-02
3.065354e-03
5.380980e-03
7.331898e-03
1.411958e-02
1.658123e-01
8.115228e-03
1.212517e-01
1.019741e-02
2.007231e-01
1.113821e-01
9.904577e-03
2.858421e-03
3.531423e-02
9.771732e-03
1.280195e-01
4.362872e-02
9.668258e-02
4.740715e-03
1.586508e-02
9.872560e-03
3.643129e-02
8.403072e-02
1.080311e-04
1.558001e-03
2.000671e-02
1.021842e-01
1.255306e-01
4.183572e-05
1.081074e-02
1.311876e-03
2.197523e-01
1.410499e-03
1.752276e-02
2.154914e-02
4.822856e-03
3.975133e-02
2.191139e-02
1.964475e-02
3.490543e-02
7.597555e-02
8.640837e-02
1.212377e-02
1.419305e-02
1.331682e-02
1.077675e-03
4.870729e-03
6.503241e-02
4.717573e-04
2.120649e-03
2.138131e-03
1.189277e-01
1.182472e-02
4.070161e-03
9.978889e-05
6.373689e-02
8.659360e-04
3.200302e-05
3.555940e-02
3.582999e-03
4.964926e-02
1.522475e-01
1.363529e-02
2.690071e-02
2.082224e-02
1.151052e-01
1.512404e-03
7.562208e-02
1.155490e-01
4.016165e-02
1.404424e-02
1.269091e-01
4.715920e-03
2.368048e-01
1.716896e-01
6.424083e-03
1.312891e-01
4.392222e-04
8.377657e-04
2.403847e-03
1.194460e-01
4.179559e-03
1.331569e-02
6.857582e-05
2.281630e-03
2.561581e-01
5.233612e-06
1.275500e-03
6.071435e-02
6.131448e-03
2.158496e-01
7.305262e-02
4.662695e-04
1.477806e-02
3.490341e-02
1.470459e-01
2.235366e-03
5.070806e-02
5.412180e-02
4.574875e-02
1.148920e-03
2.810346e-01
4.421149e-03
8.151343e-02
4.002841e-02
5.206287e-02
1.858900e-02
7.927901e-03
1.459363e-02
5.040316e-02
5.463737e-02
9.414536e-02
4.502373e-02
5.110845e-02
7.129931e-02
4.018155e-02
1.362006e-03
1.660352e-02
2.853582e-03
5.944710e-02
1.237593e-01
9.145029e-04
2.077457e-04
3.313422e-03
2.913821e-02
6.616462e-02
2.593895e-03
6.944016e-03
5.919770e-02
1.963433e-02
2.494737e-02
4.298313e-04
2.629227e-02
3.135678e-02
6.385691e-02
1.884325e-03
1.407389e-02
4.819361e-02
1.575511e-03
8.340770e-04
4.784790e-02
2.089127e-01
3.103852e-03
1.173948e-01
2.217171e-01
1.892210e-02
2.012304e-01
8.535510e-03
2.177175e-02
2.780037e-02
1.082405e-01
3.491782e-03
9.229235e-02
1.393816e-01
1.677223e-02
1.745632e-02
6.434450e-03
1.856801e-02
1.289082e-02
9.162096e-03
1.412585e-01
2.193216e-02
5.101097e-07
5.406804e-03
5.444395e-03
4.160686e-03
4.131124e-06
4.969896e-03
1.275826e-03
2.145642e-03
1.423389e-01
9.987094e-03
2.022846e-02
4.690447e-03
4.926184e-02
8.540833e-04
8.241868e-05
3.784528e-02
1.895561e-02
3.699191e-03
2.581245e-02
6.748362e-04
2.202819e-02
5.201468e-02
2.371339e-01
3.576709e-03
1.824620e-02
7.819071e-02
7.762300e-02
4.245855e-02
2.001013e-01
1.238178e-04
7.023840e-04
2.627852e-03
6.670921e-02
3.009021e-04
1.851017e-01
6.380325e-02
3.446523e-02
6.245272e-02
1.737052e-01
6.994884e-04
6.464998e-03
3.111243e-02
6.885534e-06
2.323861e-05
3.422000e-02
2.674052e-02
9.050497e-03
4.505656e-02
1.761962e-02
6.430976e-05
7.291476e-03
3.516299e-01
1.907432e-02
6.252303e-05
8.841210e-02
3.280113e-01
7.004806e-02
1.344642e-05
4.245098e-03
3.482370e-01
9.372518e-02
6.105348e-03
2.261143e-01
7.145699e-02
6.458023e-02
1.433044e-02
3.747959e-03
2.671030e-02
2.564249e-02
7.577181e-02
2.207241e-02
5.625754e-02
2.005352e-02
4.568256e-02
1.180534e-01
1.859641e-02
6.849625e-02
9.448966e-04
8.322510e-04
3.545152e-02
2.537868e-01
4.040225e-01
6.576937e-02
1.678437e-04
5.476766e-02
1.374572e-03
5.133133e-02
8.610784e-04
6.692707e-03
1.459739e-01
2.037315e-02
3.605000e-02
6.161324e-03
1.377000e-02
5.152722e-02
3.853901e-02
9.923781e-03
6.444983e-02
2.165124e-02
7.894381e-03
2.942182e-02
5.610863e-03
7.974589e-03
1.026177e-01
3.106584e-02
