4.813497e-03
5.938618e-04
2.878937e-03
2.331912e-01
6.827312e-03
6.770841e-04
2.461419e-02
2.558268e-02
1.039776e-02
1.152392e-02
1.090008e-02
4.224267e-04
1.576609e-03
1.185247e-02
3.099089e-04
1.314836e-02
1.212052e-01
7.671935e-02
4.526324e-02
2.178520e-04
2.354315e-03
1.455656e-02
2.922643e-02
5.072673e-02
2.062978e-03
1.569256e-01
2.393689e-02
1.296497e-01
5.639121e-02
4.681922e-02
1.951685e-05
3.878119e-01
1.197566e-02
1.543682e-02
1.716399e-02
1.753136e-02
1.505640e-01
5.602140e-02
1.680153e-01
8.655760e-04
6.880535e-04
2.061502e-02
2.289083e-02
3.079792e-02
2.884379e-02
2.778666e-05
1.592885e-02
3.366677e-02
1.024699e-02
8.198135e-03
2.822859e-01
6.795104e-02
2.539236e-02
2.809051e-05
3.064691e-02
4.813761e-03
1.139787e-01
4.239653e-02
5.098915e-02
9.712759e-02
1.729959e-02
4.769494e-02
1.312550e-04
5.818726e-03
3.750270e-02
9.239155e-02
3.436002e-01
5.641851e-02
7.339775e-02
1.047876e-04
2.816318e-02
9.390942e-02
5.819272e-02
1.818627e-02
3.016987e-03
5.959484e-04
8.217982e-03
1.005587e-01
8.208387e-03
8.979768e-03
1.767586e-04
1.946295e-02
9.532821e-02
7.072625e-03
5.306455e-02
2.643341e-02
7.119869e-02
1.424952e-02
6.858758e-02
6.367006e-03
2.464313e-04
6.826662e-03
2.975179e-01
2.725894e-01
1.606862e-02
1.757916e-02
6.165186e-02
4.107654e-02
4.321484e-02
4.896193e-02
1.559738e-02
3.721570e-02
1.628255e-01
8.010401e-02
1.394409e-01
2.716233e-03
3.512772e-03
1.931805e-02
1.386785e-02
1.262432e-02
5.329088e-02
6.321954e-02
4.989352e-02
1.205146e-02
4.924343e-02
2.350755e-01
6.362753e-04
2.295686e-02
6.771078e-03
2.434577e-04
4.049708e-02
2.481701e-02
1.310814e-02
1.620340e-02
2.040848e-01
3.090019e-03
3.236821e-01
9.428782e-02
2.292236e-02
6.818823e-02
5.047037e-02
2.273025e-01
9.361250e-02
3.440080e-02
5.649751e-02
1.404748e-01
7.048577e-04
1.266389e-02
1.274262e-02
3.347735e-03
5.418368e-03
3.980896e-04
6.714047e-03
5.899412e-03
9.455000e-02
1.660113e-02
2.557276e-03
9.584943e-02
3.679817e-02
1.983961e-02
1.370216e-02
6.141183e-03
5.883522e-02
4.698934e-02
7.091798e-02
1.865799e-01
7.187825e-02
1.945025e-01
1.482644e-01
5.764319e-02
1.813815e-02
2.644216e-02
7.767238e-03
1.093579e-01
8.010758e-04
4.865274e-01
4.307665e-03
1.907049e-02
3.125928e-02
1.418506e-02
1.418459e-01
1.753064e-01
2.644241e-02
2.884286e-02
3.191697e-02
3.037577e-04
2.541623e-02
1.713388e-01
1.099826e-02
2.178491e-03
6.153092e-06
4.781887e-02
2.263201e-04
6.823872e-02
2.128897e-01
2.647019e-02
2.352619e-02
7.903096e-05
5.101497e-02
9.007519e-02
8.238025e-02
1.465952e-02
1.147225e-02
1.351516e-01
1.557268e-01
9.697783e-02
5.411815e-03
2.686188e-02
3.599689e-02
1.246185e-02
1.420412e-02
1.249434e-02
2.383855e-02
2.508906e-04
3.260725e-02
4.523764e-04
3.530603e-03
8.333189e-02
4.121547e-03
6.404664e-03
1.004873e-04
1.320824e-01
4.715670e-02
2.695095e-02
2.359998e-02
9.781206e-02
5.009815e-03
5.907358e-02
1.506192e-03
5.120164e-02
2.676666e-03
8.361014e-02
6.585905e-02
2.507835e-02
1.179005e-01
1.057543e-02
3.294712e-06
2.175956e-01
7.362795e-02
1.259780e-01
1.600666e-02
7.980488e-04
1.860403e-02
3.802518e-03
8.235561e-02
1.094142e-03
1.639575e-01
7.468121e-02
2.883659e-02
5.874600e-02
1.361490e-01
7.905398e-02
5.709634e-03
2.894530e-03
6.333445e-02
2.488482e-02
5.207049e-02
2.163377e-01
2.440447e-02
3.743979e-02
5.139951e-02
4.148511e-02
5.995774e-02
9.288206e-02
4.036344e-02
2.652242e-02
2.308077e-01
5.183268e-03
1.778563e-02
3.258490e-03
1.747846e-02
8.984294e-02
6.867459e-03
8.693477e-04
3.700042e-03
1.065473e-01
6.790992e-02
1.491233e-01
2.620365e-03
1.076144e-01
3.795962e-03
4.300847e-01
2.719839e-01
1.342748e-01
2.796538e-01
2.144730e-02
3.690436e-02
3.001354e-02
6.923588e-04
2.241520e-02
1.322826e-02
4.543600e-02
4.480170e-02
1.541551e-02
1.701225e-02
1.897718e-01
1.858215e-02
4.543444e-02
1.413976e-01
8.336157e-02
2.295194e-02
3.659769e-03
4.043022e-03
6.588707e-02
7.884744e-04
2.262247e-01
1.274954e-03
6.409917e-03
1.892856e-02
5.446647e-04
6.977044e-04
1.295293e-01
9.050681e-03
4.158139e-02
1.016350e-01
9.073455e-03
1.099680e-01
1.636888e-02
7.136403e-02
3.601077e-03
1.165939e-02
1.586015e-03
1.075450e-02
6.803036e-04
3.233545e-03
8.522321e-03
6.492245e-02
6.539559e-03
3.971783e-03
7.721417e-03
2.484038e-01
1.563608e-02
2.975476e-04
1.313583e-01
4.684288e-02
8.681065e-02
5.225835e-04
7.888321e-03
3.736742e-02
4.310493e-03
2.205252e-03
1.397268e-01
2.156278e-01
4.622111e-02
1.114814e-01
4.263920e-02
2.311931e-02
3.912363e-02
1.657207e-02
3.481612e-02
2.642911e-07
1.295914e-02
1.015536e-01
3.332429e-03
2.101135e-02
1.445735e-01
1.564932e-03
2.362782e-04
1.572283e-02
6.801430e-02
3.222876e-03
1.326017e-04
3.939822e-03
1.378314e-03
1.346238e-04
1.515181e-03
7.834433e-03
2.056678e-05
1.837032e-01
1.483837e-02
3.876310e-03
9.122494e-02
9.994338e-02
2.333662e-03
8.914815e-03
2.213585e-01
1.051418e-01
1.508321e-02
2.233378e-03
1.117022e-01
5.738583e-03
1.657563e-04
1.817691e-01
1.923563e-01
2.702294e-02
1.730419e-01
1.237015e-02
1.862097e-02
1.223659e-02
3.352626e-02
3.090622e-02
1.109638e-01
1.456738e-01
1.311294e-02
1.768183e-03
4.306829e-01
6.841262e-02
1.075927e-01
3.231952e-02
1.777657e-02
2.682768e-04
1.132077e-01
5.432956e-04
2.734683e-02
5.260496e-02
1.346887e-01
2.922904e-03
2.563291e-03
8.544734e-02
6.954352e-04
9.084824e-02
2.976654e-02
1.016316e-01
5.289966e-02
7.813546e-02
5.562492e-03
1.136072e-01
2.417637e-02
1.148964e-02
2.591354e-03
1.705455e-01
9.415802e-03
5.452786e-02
7.856405e-03
8.403161e-02
6.905750e-02
2.749014e-02
4.192849e-01
4.322597e-05
5.505170e-03
3.509030e-03
4.263996e-03
9.006782e-02
3.071066e-03
8.741802e-02
8.663898e-02
4.550684e-03
6.900603e-03
1.200786e-03
6.456856e-02
2.539530e-02
1.671520e-01
4.691204e-02
4.411627e-03
2.600604e-02
1.315371e-01
2.184238e-02
6.775083e-05
1.769194e-03
8.684466e-02
2.941622e-02
8.770170e-02
5.569660e-03
1.474727e-01
8.365116e-03
5.690519e-02
9.117300e-03
2.991721e-04
3.914829e-03
3.845627e-02
2.092377e-02
9.587087e-03
7.588971e-03
1.810679e-02
1.415649e-02
6.188960e-04
2.015306e-03
1.685834e-03
1.799330e-03
5.533472e-03
2.994854e-02
1.019319e-01
8.028504e-02
4.090786e-02
1.144156e-01
6.190846e-03
7.852755e-04
4.464119e-01
7.410075e-05
1.006155e-01
1.703793e-01
1.775881e-02
2.894510e-02
8.914305e-02
6.500085e-02
4.416160e-02
3.076499e-03
1.390135e-03
3.116893e-02
1.061767e-01
2.251556e-02
1.080517e-02
1.086469e-01
1.037479e-02
1.410830e-03
3.064032e-03
1.565975e-05
2.280162e-02
6.917245e-03
2.131337e-03
3.789036e-02
2.330383e-03
6.603941e-03
1.307338e-02
9.527117e-03
2.149086e-02
2.102128e-04
6.548882e-03
2.485172e-02
3.809089e-02
1.588889e-02
1.806332e-01
6.804878e-02
8.176594e-02
1.148099e-04
3.630239e-02
8.997314e-02
9.713849e-01
1.111652e-01
1.330387e-02
3.152610e-03
3.728540e-02
1.720042e-02
6.468070e-03
6.005540e-01
3.446936e-01
1.677043e-01
1.469178e-02
3.560816e-02
7.876883e-02
3.567897e-05
7.980224e-02
4.342617e-02
5.563648e-02
6.563618e-02
1.829250e-02
4.295250e-02
1.535953e-04
7.604126e-03
7.241747e-02
7.762799e-02
2.124099e-02
3.743547e-02
4.657263e-02
1.710765e-01
2.231134e-01
5.131627e-02
4.101568e-04
2.128924e-02
7.999874e-02
2.628112e-02
5.553276e-03
1.693478e-02
3.710526e-02
3.927188e-03
2.177421e-02
3.136081e-03
3.468852e-01
4.592226e-03
1.262944e-01
9.004088e-02
1.320424e-02
3.045955e-04
8.364205e-03
1.268278e-02
1.622896e-01
4.435458e-04
5.771149e-02
1.994781e-07
7.143754e-02
5.069075e-04
1.307635e-01
2.341469e-02
7.519166e-02
6.359127e-02
3.175971e-02
6.908409e-03
5.471462e-03
3.684998e-02
2.554400e-02
2.828442e-02
3.577577e-02
3.078430e-03
1.194134e-04
2.411515e-02
4.520063e-03
6.414534e-02
7.857489e-04
4.383516e-02
8.059971e-02
1.475380e-03
7.422705e-04
2.519062e-02
3.554227e-03
9.613442e-05
5.370940e-03
3.021217e-01
6.520092e-02
1.149416e-03
6.269763e-02
1.445499e-03
1.833491e-02
4.729314e-02
6.498814e-04
