1.471473e-02
3.002313e-03
3.394811e-04
4.361078e-02
6.060383e-04
5.300663e-02
1.831425e-01
2.746546e-02
5.885474e-05
2.299160e-02
1.424940e-01
1.335052e-04
2.514369e-01
5.945501e-03
1.881986e-01
6.567279e-02
2.511264e-05
3.732416e-01
5.495476e-03
5.255706e-02
1.812966e-02
5.504877e-03
6.050151e-03
1.497129e-02
5.376366e-03
8.123527e-03
5.402992e-04
1.074621e-01
1.318962e-02
3.432799e-06
3.464035e-02
9.500813e-02
2.742313e-02
1.233073e-01
3.323142e-06
4.967809e-02
8.545202e-02
6.562753e-03
8.609855e-07
6.479545e-03
1.781178e-03
1.081336e-01
9.580004e-04
6.266608e-03
6.305235e-02
6.926683e-02
1.056139e-02
4.950933e-02
1.237234e-03
7.599136e-03
3.106314e-02
3.946147e-02
6.114159e-02
4.745019e-03
1.130001e-01
1.051205e-01
6.058721e-02
6.767100e-02
1.365507e-01
1.760016e-02
3.693475e-02
1.187421e-01
1.455758e-03
5.008669e-02
3.544794e-02
2.299337e-03
2.518601e-02
2.920682e-02
1.374201e-01
1.632259e-02
3.077543e-05
1.879980e-04
1.751247e-02
3.066130e-01
9.411821e-02
6.152607e-02
1.883949e-02
5.566064e-05
4.070038e-03
5.225866e-02
2.812586e-01
4.216630e-02
3.652616e-03
1.114877e-01
3.677805e-02
2.985759e-03
2.659676e-02
2.420235e-01
6.877520e-02
1.100597e-03
3.211136e-02
1.834019e-01
6.856046e-02
1.068624e-01
4.151113e-02
8.123348e-02
1.009669e-02
8.383299e-02
7.116425e-02
1.962952e-01
2.574923e-04
1.216803e-03
2.396918e-06
6.588114e-03
7.539797e-02
1.576552e-02
7.738594e-02
2.259678e-01
2.399130e-02
2.534669e-01
4.115317e-02
9.316617e-02
5.618797e-05
1.101947e-03
2.740565e-01
6.204413e-03
4.806745e-02
4.757137e-02
2.781168e-02
4.042583e-03
1.926299e-05
1.208397e-03
3.779518e-02
1.795011e-03
4.488549e-02
4.279892e-02
2.025077e-01
3.666075e-03
1.070248e-01
1.790078e-01
4.701321e-04
1.047649e-02
1.057706e-01
1.495912e-02
5.086465e-02
2.654511e-03
1.583829e-01
3.162735e-04
5.872995e-03
4.821326e-02
1.397855e-01
3.710193e-02
4.551178e-03
1.735845e-01
7.101574e-02
1.406053e-04
1.519639e-02
4.198700e-02
5.097731e-03
9.659748e-02
3.836884e-02
6.709548e-03
1.237796e-02
4.280036e-04
5.762584e-02
1.207749e-02
2.671868e-02
3.891997e-02
3.579647e-02
9.231651e-01
4.588904e-02
2.824640e-01
1.264221e-01
7.692528e-04
1.292860e-01
2.794702e-02
6.171808e-03
7.903501e-03
1.505278e-01
1.908332e-04
6.188119e-02
1.201113e-02
1.237266e-03
4.395671e-03
1.056164e-01
2.144678e-03
3.784835e-02
3.661439e-01
3.514554e-02
1.298663e-02
2.483128e-03
8.147848e-04
3.824735e-02
5.642222e-02
1.616219e-01
7.879583e-02
3.457050e-05
1.475314e-01
1.204144e-03
5.051894e-02
3.199151e-03
3.395687e-04
9.951710e-02
3.910651e-03
3.065540e-02
1.363561e-01
1.607838e-02
2.465099e-01
7.527124e-03
1.692114e-02
1.097975e-02
2.244043e-02
4.129236e-03
2.335649e-02
6.480193e-02
5.096475e-02
2.671664e-02
3.189109e-02
7.277903e-04
4.813603e-04
5.898803e-02
9.054553e-02
2.290744e-02
5.638786e-04
3.066988e-02
4.675686e-02
1.032557e-01
2.013422e-01
6.789867e-02
1.174083e-04
2.265875e-02
4.934574e-03
2.121466e-04
7.278983e-03
1.937107e-01
3.117018e-04
4.000534e-03
3.433165e-06
2.056152e-04
6.574097e-04
4.737938e-05
6.379321e-04
5.516105e-07
3.039333e-02
1.390709e-01
4.297708e-02
1.128351e-02
6.480113e-03
2.061717e-02
1.137401e-02
3.694691e-02
1.389188e-03
1.891239e-02
1.779550e-02
1.498817e-03
1.156910e-03
5.891300e-02
3.323857e-03
7.131430e-02
5.713479e-02
2.655570e-02
2.456521e-02
7.408203e-02
1.066921e-01
8.577768e-02
1.129889e-02
1.707193e-02
2.559464e-02
1.404593e-02
2.981516e-02
1.735812e-01
5.408344e-02
1.898658e-04
2.694066e-02
3.161817e-03
1.305299e-01
2.645445e-02
2.107715e-02
2.336798e-03
4.893886e-03
1.764438e-02
1.993754e-02
2.132413e-02
1.661721e-02
4.504767e-02
3.476247e-01
7.842279e-02
3.140049e-02
1.415877e-02
5.562599e-02
2.237606e-02
1.256430e-04
3.813613e-02
1.326680e-01
3.503333e-02
1.292919e-02
5.139864e-03
7.191609e-04
1.231731e-02
4.352621e-06
5.463806e-04
9.217460e-03
5.726608e-02
7.330376e-02
1.040212e-01
3.026345e-03
8.758885e-03
4.512951e-01
6.353441e-02
4.183937e-02
4.486567e-03
2.103299e-03
1.324757e-04
8.287375e-02
3.536612e-02
5.354766e-03
6.448772e-02
3.318419e-03
9.354475e-03
7.950325e-02
2.478126e-02
1.933188e-03
3.479440e-03
2.248682e-02
3.224813e-01
1.795324e-02
1.140661e-04
1.445785e-02
1.678885e-01
1.417995e-02
8.020553e-02
2.854707e-03
8.772008e-03
2.114518e-01
1.353135e-01
9.912310e-02
2.380867e-04
6.838158e-02
1.230156e-01
4.603893e-02
2.833367e-02
1.663964e-03
6.568613e-02
4.809870e-02
6.914318e-02
9.933985e-02
4.296753e-02
2.006713e-01
1.826710e-03
5.647958e-03
8.880390e-02
9.690679e-02
5.540004e-02
1.448677e-01
6.068857e-03
2.535043e-02
2.197480e-02
3.385707e-04
3.901844e-02
4.667975e-02
1.089018e-03
1.341207e-01
3.814998e-02
9.380380e-02
9.042757e-02
6.212512e-02
4.104988e-03
7.962847e-02
1.455913e-02
1.149932e-01
1.579269e-01
2.723950e-01
1.348234e-02
4.111228e-02
2.937935e-02
8.017047e-03
4.461968e-02
2.760251e-02
1.013513e-02
1.720590e-01
9.017412e-03
1.837719e-02
1.527659e-02
2.275088e-03
1.278414e-02
5.695034e-04
2.000238e-01
4.079118e-02
2.757016e-03
8.591091e-03
5.824191e-03
7.228903e-04
2.332490e-03
1.999136e-02
1.376162e-02
3.001532e-01
4.792455e-02
6.364859e-02
1.622568e-02
5.814376e-04
2.267557e-01
8.057653e-02
9.089082e-02
2.985737e-03
7.467554e-02
4.224487e-03
9.733044e-03
8.062651e-02
3.361593e-03
2.261280e-03
1.963074e-01
4.786605e-06
1.096730e-02
1.830241e-01
3.550065e-02
2.305911e-02
1.015730e-01
1.224847e-01
1.170500e-03
5.556794e-02
1.261965e-01
5.090597e-03
3.985031e-03
2.610931e-02
8.388871e-02
1.418126e-02
2.652770e-02
1.224625e-01
2.836162e-02
5.598049e-02
2.691985e-01
3.844922e-03
2.099009e-01
4.827282e-02
8.938871e-02
9.361877e-03
8.141924e-03
2.240628e-02
6.962074e-04
1.359005e-03
2.201739e-04
1.053710e-01
1.243125e-01
4.603651e-04
2.113461e-02
7.821837e-02
1.759105e-02
5.080005e-03
1.147835e-01
8.614974e-02
1.371813e-01
1.532010e-02
7.850026e-03
1.394930e-01
1.228533e-02
1.205340e-02
9.635353e-03
5.263748e-02
3.159205e-02
4.501824e-02
4.037221e-02
2.720966e-03
3.941725e-02
1.021273e-01
9.513790e-04
5.079631e-02
2.275146e-04
3.420568e-03
4.468488e-03
4.092079e-02
3.858521e-03
1.415558e-02
2.395747e-01
1.754888e-02
3.228280e-02
1.212628e-02
2.007043e-03
6.460365e-06
6.413165e-02
2.057690e-02
1.617957e-02
1.087647e+00
4.682499e-01
3.185725e-03
4.244926e-02
2.954849e-02
2.000508e-06
2.530711e-02
2.174703e-03
9.918014e-02
1.373825e-01
2.784811e-04
5.897882e-03
1.794372e-03
1.316487e-02
1.702013e-01
1.545212e-02
2.746355e-02
1.115554e-02
3.674995e-03
2.055662e-02
3.973996e-04
1.421064e-02
2.082952e-03
4.891658e-02
1.334568e-03
1.581461e-05
2.091401e-02
4.444105e-02
7.399527e-02
3.410823e-03
3.826598e-02
3.307001e-04
2.837280e-02
9.414483e-02
1.676035e-01
1.110726e-02
2.659325e-01
7.596521e-03
1.817559e-02
1.361750e-02
5.551797e-02
9.547336e-04
2.362918e-03
1.446011e-01
4.680369e-02
4.654756e-02
1.284632e-02
3.886069e-02
1.756936e-04
3.926503e-02
8.729453e-03
4.755295e-02
2.119240e-03
4.045414e-02
1.995296e-01
3.065893e-01
4.880115e-03
1.079822e-01
1.763532e-01
3.871468e-02
1.498659e-01
1.172708e-01
9.653879e-04
3.156754e-02
1.283707e-01
9.447956e-04
2.748981e-02
7.891848e-03
8.087414e-03
9.183281e-01
8.026299e-02
9.516420e-04
4.074008e-02
1.055853e-01
1.475394e-03
1.065326e-03
2.073829e-03
3.287343e-03
9.905468e-03
3.773369e-03
1.069972e-02
3.666663e-02
3.046550e-02
1.136394e-02
3.783800e-02
1.779845e-02
1.099572e-01
1.099507e-04
8.987991e-04
1.952533e-02
2.471494e-01
1.001116e-01
7.874905e-03
3.298564e-04
6.568169e-02
1.486334e-03
5.581554e-03
8.689808e-03
9.126351e-05
6.584540e-03
7.318786e-02
5.169023e-04
4.859452e-02
1.266304e-01
4.462030e-04
1.204847e-01
2.795912e-03
7.150516e-03
1.007911e-01
1.148332e-02
3.817903e-03
3.478522e-03
1.765790e-01
1.921749e-02
8.773865e-02
4.819356e-02
3.941005e-03
5.785315e-02
1.149385e-02
2.075949e-03
5.655702e-02
1.372619e-01
4.238725e-03
