2.802421e-01
1.777303e-02
5.630012e-04
1.053644e-02
8.876548e-03
6.074676e-03
1.013618e-02
2.061019e-02
9.480323e-03
7.125977e-03
1.231368e-02
8.738717e-02
1.124641e-01
5.675111e-03
6.530738e-02
5.014927e-04
4.205082e-02
3.576461e-02
3.053523e-03
3.982575e-03
5.773022e-03
1.399991e-02
1.047100e-02
2.451686e-02
1.456148e-01
9.693565e-02
1.430596e-02
2.689673e-04
1.016212e-02
7.654060e-02
1.562605e-02
8.505791e-03
7.280855e-02
1.429883e-01
9.056382e-03
7.584577e-02
1.267368e-01
3.054715e-03
4.620286e-02
4.439522e-03
1.246658e-01
2.090222e-02
1.399172e-02
4.645449e-02
1.540222e-01
4.063320e-02
9.197444e-03
1.752254e-02
2.032877e-04
1.844254e-04
9.392792e-03
8.640380e-03
8.255476e-02
1.105300e-01
2.184097e-02
1.162328e-01
6.383177e-03
4.263777e-02
6.602278e-02
5.198750e-02
3.738059e-02
6.636146e-04
9.879505e-02
2.245230e-03
8.888583e-03
5.136306e-02
3.782727e-02
1.508632e-01
1.454500e-01
2.271896e-02
1.339521e-02
5.430081e-02
4.245414e-02
1.933493e-01
9.958674e-04
5.762209e-02
2.600096e-03
2.193561e-07
4.151084e-03
8.252083e-03
1.188196e-02
3.466410e-02
5.648157e-03
2.886382e-02
1.584592e-03
5.606349e-02
4.680977e-03
3.931345e-03
1.213861e-02
3.452705e-02
6.108817e-02
7.374467e-02
1.572821e-02
3.342425e-03
2.359698e-02
1.472836e-02
5.869144e-02
1.503828e-02
1.603922e-01
6.881874e-02
8.863324e-03
1.340008e-01
1.957615e-01
1.102718e-02
2.151670e-05
5.387256e-02
6.643483e-03
6.215517e-02
9.273758e-02
1.467909e-04
1.290249e-01
9.000538e-03
5.725466e-02
6.886057e-02
1.003735e-01
5.912717e-02
6.896898e-02
4.186327e-02
1.392923e-01
5.094308e-02
4.321760e-02
7.636629e-03
1.298527e-01
7.270136e-02
4.675245e-03
1.101947e-02
3.673044e-02
2.196810e-01
1.219235e-02
5.073856e-03
3.854616e-02
9.876177e-04
1.608744e-01
1.083592e-02
2.230535e-02
1.454743e-01
2.637167e-03
3.353279e-03
1.924525e-01
1.861542e-04
5.148899e-02
3.020169e-02
4.098928e-03
1.176850e-01
7.633144e-04
5.844967e-03
2.915760e-02
1.178612e-01
3.077697e-02
2.951306e-02
1.224843e-01
1.496847e-03
6.488862e-02
1.098097e-05
4.944248e-05
3.562089e-02
6.654934e-03
6.362952e-03
6.789015e-03
4.448505e-02
4.570085e-02
1.475407e-01
5.734298e-02
2.675764e-02
2.186871e-02
1.183151e-01
7.526687e-03
3.743570e-01
2.142081e-02
1.019844e-02
1.805198e-03
4.013380e-04
3.714066e-02
1.848906e-01
5.407617e-02
2.855435e-02
5.439657e-03
1.888928e-03
6.897029e-02
7.765627e-02
1.607095e-02
1.413595e-01
2.296400e-02
1.000971e-01
5.201806e-06
1.763676e-01
4.760457e-02
7.832577e-02
2.276772e-02
1.115110e-02
1.018949e-02
1.194410e-01
1.806883e-03
2.023108e-01
1.535386e-01
4.950816e-02
1.948115e-02
2.155138e-05
8.458407e-02
3.563730e-02
4.783812e-02
5.643142e-03
2.831424e-02
8.082016e-04
8.994890e-02
1.535795e-01
3.241740e-03
6.575353e-03
1.461221e-03
2.909353e-02
1.015534e-03
1.671786e-06
1.689443e-02
1.233775e-01
4.779559e-02
2.313568e-04
9.247325e-02
5.188401e-04
5.574920e-04
1.283100e-01
6.227301e-02
5.069210e-02
3.423694e-02
6.884724e-04
5.198204e-02
1.415432e-03
2.559267e-03
1.009578e-03
1.976707e-03
1.467263e-01
1.387552e-02
4.653381e-03
1.550885e-02
1.068172e-02
1.843199e-06
1.285353e-01
2.139673e-02
8.173338e-02
7.961996e-02
5.114801e-03
4.893032e-01
2.422484e-02
3.124611e-03
6.596173e-03
1.914746e-02
6.770874e-02
1.745273e-02
2.988390e-02
7.480255e-02
4.355303e-02
5.147816e-02
1.254162e-02
1.968709e-02
1.599066e-02
1.643526e-01
1.934783e-01
1.164762e-01
2.654400e-02
6.074744e-02
4.698860e-03
8.840809e-02
6.817908e-05
1.899031e-02
4.478155e-02
3.938556e-02
3.949669e-01
2.152974e-02
2.536001e-02
2.130727e-02
7.343201e-03
5.426192e-02
1.094447e-02
4.862870e-02
1.584316e-02
5.384948e-02
2.017283e-02
1.249792e-02
4.702345e-03
1.387084e-02
2.420988e-02
8.005801e-03
3.732099e-02
2.635332e-02
3.432869e-02
2.371213e-01
2.114928e-04
7.119933e-02
3.932616e-02
2.405736e-02
1.133477e-02
1.045413e-01
1.623677e-02
1.334212e-01
1.443415e-02
2.444114e-01
8.537088e-03
7.889860e-02
1.766028e-02
9.616393e-03
5.788408e-04
1.546617e-01
2.557877e-02
8.646769e-02
5.671970e-03
3.034683e-02
4.084760e-02
1.471513e-04
9.060097e-02
3.832348e-02
6.108736e-04
1.337310e-04
3.472082e-02
5.154214e-02
2.841666e-02
1.470975e-01
3.077972e-03
4.199307e-02
3.904768e-08
8.784368e-02
2.144300e-01
2.389787e-02
3.136862e-05
7.013091e-03
5.229975e-03
4.778693e-03
8.150485e-02
1.881354e-02
6.470600e-02
1.137384e-02
2.970169e-02
1.011002e-03
1.112232e-02
1.835117e-01
1.723528e-01
2.401871e-01
6.892752e-02
6.536699e-03
5.408410e-01
1.643485e-02
4.369463e-10
1.777357e-01
1.191099e-05
1.450008e-02
6.411809e-02
2.514234e-01
2.259244e-02
4.604114e-02
4.083983e-02
1.092323e-02
7.569492e-03
3.507169e-03
6.153434e-02
1.714094e-01
3.270998e-02
7.236487e-02
1.239684e-01
2.088241e-01
5.993193e-03
5.097652e-03
6.290878e-03
7.481854e-03
3.400383e-03
9.766294e-03
9.690081e-03
3.673601e-02
2.601134e-03
1.576338e-01
2.144831e-02
1.180574e-02
3.413438e-03
3.061854e-03
1.951492e-02
3.628131e-02
4.407285e-03
2.721453e-02
1.034106e-01
4.922816e-02
1.662837e-02
5.399416e-04
5.870036e-02
2.279554e-02
8.144816e-03
5.586070e-02
9.353222e-02
6.310103e-02
5.698497e-02
4.045483e-03
8.509990e-04
7.845594e-02
2.061554e-05
7.823157e-04
3.008149e-03
8.874354e-04
1.241436e-02
1.975937e-02
1.121525e-05
2.294357e-02
1.967356e-04
2.678710e-01
5.038696e-05
3.704433e-04
6.002095e-02
1.049507e-01
2.698276e-01
1.911442e-02
3.688787e-03
4.553295e-05
2.638581e-02
1.134352e-03
9.505352e-02
7.183544e-03
2.922733e-01
7.349956e-03
2.623107e-01
2.076314e-02
1.113185e-02
2.066435e-02
3.099251e-03
3.480300e-02
8.857472e-03
3.778852e-04
2.418731e-02
4.413161e-02
7.307916e-02
3.979934e-02
8.407931e-03
5.069832e-03
1.776847e-01
7.759222e-04
2.173408e-03
8.118966e-02
3.498714e-01
3.085058e-02
3.519517e-01
3.920724e-02
1.099226e-02
1.201770e-02
4.043827e-02
2.850362e-02
6.246470e-03
9.728525e-03
3.239072e-04
4.363087e-02
1.863922e-01
1.430436e-06
4.552130e-03
6.356448e-02
7.901929e-03
1.985748e-04
2.806112e-02
2.041640e-02
4.141319e-03
2.554085e-03
4.883909e-02
4.991571e-02
1.211880e-02
3.454783e-02
2.535794e-03
5.516337e-03
1.434345e-02
3.339057e-01
2.295906e-02
2.858345e-01
1.172496e-01
2.352863e-03
4.406281e-03
1.895443e-01
2.407667e-02
2.096693e-01
2.568325e-02
5.270933e-02
8.014159e-02
6.113466e-02
2.962564e-04
5.113390e-02
3.330582e-02
1.065566e-03
1.243675e-01
2.555873e-04
1.060929e-01
7.044755e-03
1.300738e-01
2.803187e-02
2.683192e-02
6.513580e-02
4.995570e-04
2.744580e-02
6.150232e-03
9.021938e-03
1.035191e-01
7.869646e-03
1.165214e-01
2.571249e-02
1.666278e-02
4.613821e-02
2.080703e-02
1.184462e-02
6.042985e-03
1.028579e-01
5.696528e-03
3.165726e-02
1.203959e-02
3.322168e-02
1.684413e-06
1.558062e-02
7.658524e-02
1.330498e-03
8.105994e-01
2.942027e-02
4.199128e-02
7.724450e-02
1.448081e-03
3.018309e-01
1.894974e-02
1.511512e-01
1.391678e-03
3.942551e-04
3.913121e-02
2.980370e-03
1.636617e-03
6.192029e-03
1.930800e-03
4.623110e-02
9.847345e-02
2.111476e-02
3.198469e-01
5.495159e-02
3.972639e-03
1.031503e-01
1.983574e-01
2.334655e-02
1.298622e-02
1.368852e-02
8.664959e-03
1.730244e-02
4.389373e-02
1.082233e-02
2.662777e-01
9.130729e-03
1.345942e-02
6.205616e-03
6.927986e-02
1.206497e-01
2.849649e-04
7.996476e-02
5.434039e-02
1.840831e-03
1.407070e-02
7.265304e-03
8.846057e-03
1.182114e-01
3.926478e-02
1.971161e-01
6.653786e-03
2.559841e-04
6.193174e-03
5.288579e-03
1.129494e-01
1.423980e-01
4.669558e-03
1.315921e-02
1.891080e-03
1.564363e-02
1.853062e-01
3.022001e-02
1.249676e-01
1.280546e-01
2.859090e-02
2.676801e-03
9.587087e-03
4.190572e-02
3.131235e-03
5.146978e-02
6.420491e-02
4.298537e-04
2.457988e-04
1.643204e-01
8.453017e-02
9.288775e-03
1.825966e-03
1.467667e-01
2.065372e-03
1.837827e-03
7.455725e-03
4.081975e-04
4.545325e-02
1.391201e-03
1.987343e-03
8.164944e-02
1.010144e-01
5.494740e-03
4.884816e-02
1.812015e-03
1.057504e-03
