6.916661e-05
1.400852e-01
2.605714e-02
3.896893e-02
3.536351e-03
4.631127e-03
1.462812e-02
1.282941e-02
1.384436e-01
2.617406e-03
8.685166e-02
3.275306e-02
2.793651e-02
1.183595e-01
1.693975e-02
4.639902e-02
4.990236e-02
1.396494e-02
1.631409e-01
2.311867e-02
1.055859e-01
1.208067e-01
2.291614e-04
1.906389e-02
3.883168e-04
4.599773e-02
5.413832e-02
1.076988e-04
4.030301e-02
3.208987e-03
6.355032e-03
1.933670e-04
4.556422e-03
6.804079e-02
1.043888e-01
8.714062e-02
1.317521e-02
8.188440e-05
1.303105e-01
8.770299e-02
9.099745e-05
2.423243e-03
5.631794e-02
1.102404e-02
9.148038e-02
1.498717e-03
3.741960e-03
8.453480e-03
2.859124e-02
6.002603e-03
1.464886e-01
1.328320e-03
1.594341e-02
9.689362e-02
7.777392e-02
2.605401e-05
2.343592e-03
1.036120e-02
1.346219e-02
1.252323e-01
1.783124e-01
3.717983e-02
2.029589e-05
9.986597e-05
1.377075e-01
3.569876e-05
9.074490e-02
9.674666e-04
1.645922e-01
6.504071e-04
5.022837e-02
8.569326e-03
2.873816e-01
3.078953e-02
3.505938e-05
3.407530e-02
8.420796e-03
6.920507e-04
1.736295e-01
3.896450e-03
2.831001e-02
2.847145e-01
1.396230e-03
3.117993e-02
1.945726e-07
6.263033e-03
5.489420e-02
1.134270e-01
3.864223e-02
1.030302e-02
6.401744e-03
1.996843e-01
3.428863e-02
6.861305e-02
1.119857e-02
2.407602e-01
5.122514e-02
1.029551e-02
1.493300e-02
2.436247e-02
3.440390e-03
1.555046e-01
4.657692e-02
3.259933e-02
2.446813e-02
2.964161e-08
5.171909e-02
4.615487e-02
2.503724e-02
7.726564e-02
2.636084e-03
3.477465e-02
1.998743e-02
2.251192e-02
4.748206e-05
5.305337e-02
3.942407e-03
1.178131e-03
2.043455e-02
1.123234e-01
5.428778e-02
1.152413e-01
1.028369e-03
3.605713e-02
1.537877e-02
3.298225e-02
6.606963e-02
3.846859e-02
5.145671e-02
4.233651e-04
3.319491e-02
1.091224e-02
4.525343e-02
1.413070e-02
1.225693e-02
5.577908e-03
1.478849e-02
7.039742e-03
5.591417e-03
7.268709e-02
4.894490e-03
1.664436e-04
6.155073e-03
2.467175e-03
1.336712e-01
7.707601e-03
6.650605e-02
5.061972e-02
6.048184e-02
8.862110e-03
1.348583e-01
1.095155e-01
4.140674e-02
1.684416e-01
4.732835e-03
8.037566e-02
2.728156e-02
6.017899e-03
2.458447e-03
2.303171e-01
4.046288e-01
7.260227e-03
1.111291e-02
2.602309e-02
4.346142e-03
4.166672e-01
9.508817e-02
3.471721e-02
1.911756e-04
1.637353e-03
6.311131e-02
2.122802e-02
4.221211e-03
1.178048e-04
2.140028e-02
1.866110e-01
1.567684e-04
7.789733e-02
7.614892e-02
1.464614e-02
8.945660e-03
6.296869e-02
3.616123e-02
2.233281e-03
2.900798e-03
7.121705e-02
1.870874e-01
4.720940e-05
1.476690e-02
1.916000e-02
3.064302e-01
1.136350e-01
1.247698e-01
4.373623e-03
1.538491e-01
8.343974e-02
1.659843e-03
4.025081e-03
3.787556e-02
3.364935e-02
2.049427e-03
7.146809e-02
5.866223e-02
1.805165e-03
6.526185e-04
4.496214e-02
2.231227e-02
7.475518e-02
1.277502e-02
1.777405e-02
4.959614e-03
1.703872e-01
1.023335e-01
6.624821e-03
1.210068e-01
2.828043e-02
4.461540e-02
6.141278e-02
6.387049e-03
2.301893e-02
2.293050e-02
4.519071e-04
2.851581e-02
6.223382e-04
2.779118e-02
4.989468e-02
4.449710e-03
7.863796e-02
1.388108e-01
1.872666e-02
1.110894e-04
5.486878e-03
2.845866e-02
9.988213e-06
3.942552e-02
4.118745e-02
1.242918e-01
2.247139e-02
3.009447e-02
9.925876e-03
2.031585e-01
6.575535e-04
2.851007e-02
8.722058e-03
2.510720e-03
1.156763e-01
2.244705e-03
1.458992e-05
3.327682e-02
1.030351e-01
1.318232e-01
5.780099e-03
9.492898e-06
7.188882e-02
9.137458e-04
3.712204e-02
7.048360e-03
5.394040e-02
2.422748e-03
8.117457e-03
2.972319e-01
2.255656e-02
4.069330e-03
1.116739e-01
4.563195e-03
6.524122e-02
2.607862e-02
1.358069e-03
1.296838e-01
1.085328e-02
1.285886e-01
2.578018e-02
2.310893e-03
4.934777e-02
3.514232e-03
8.842038e-02
1.128256e-01
1.471076e-03
2.574101e-02
1.202361e-02
1.980485e-01
1.835898e-02
3.268473e-02
1.606908e-02
9.759677e-03
2.048403e-02
6.762357e-02
3.099987e-03
1.556319e-01
1.176763e-02
1.051885e-01
3.692689e-02
2.900527e-04
3.132187e-03
1.371287e-04
5.668380e-03
4.594383e-02
9.862103e-02
3.965247e-02
1.192173e-04
3.347881e-02
3.668151e-02
2.683312e-01
5.093534e-02
8.973339e-03
1.232811e-02
2.939438e-01
6.499169e-02
1.363815e-01
3.858768e-03
4.007630e-02
1.203537e-02
1.352639e-03
4.305995e-02
4.919705e-02
1.423268e-02
9.887079e-03
5.185967e-04
2.578753e-04
4.303527e-02
1.193379e-01
1.490325e-02
1.325032e-03
1.667565e-02
1.679403e-02
4.391421e-03
7.984467e-02
1.320966e-02
3.829621e-03
3.683210e-02
9.866182e-06
1.444354e-01
2.606538e-02
6.741757e-03
7.631523e-02
1.471898e-02
6.992570e-02
2.740147e-01
1.879416e-01
9.153438e-02
4.780807e-02
4.189380e-05
1.032141e-01
4.296576e-03
3.922743e-04
3.038968e-04
1.011628e-03
8.300290e-02
3.105057e-02
3.382960e-03
2.244917e-02
5.702496e-02
3.812625e-02
2.411543e-03
8.907735e-02
7.717256e-02
2.686310e-01
4.207670e-02
1.300355e-02
7.198204e-06
9.256440e-02
1.789494e-02
3.029314e-05
4.770779e-02
2.604311e-03
7.396282e-02
2.405024e-01
8.439530e-03
1.877793e-03
2.296559e-02
2.392597e-01
2.369354e-02
5.710674e-03
2.716031e-02
2.471726e-02
9.533467e-03
8.633888e-02
3.120710e-04
1.300890e-02
2.395777e-06
9.219449e-04
4.418005e-02
1.612884e-03
6.772616e-02
7.691595e-03
7.337022e-03
1.217676e-02
3.137000e-02
7.792474e-02
6.357925e-02
1.453443e-02
2.208974e-01
3.129906e-02
4.072099e-02
1.428869e-02
6.527256e-03
3.401437e-02
4.902131e-03
8.991137e-02
2.805253e-02
8.833831e-02
3.521230e-04
1.076837e-02
2.819649e-04
8.259310e-02
7.959316e-05
2.043659e-01
1.156235e-02
1.531554e-01
7.792861e-04
2.523806e-01
7.102532e-02
9.499841e-02
5.947376e-03
6.959483e-02
2.199667e-01
9.411084e-03
1.500226e-02
7.212400e-02
9.766989e-02
6.198952e-04
5.267379e-02
2.220564e-02
6.542082e-04
2.464416e-03
1.087653e-01
2.933064e-02
1.286386e-02
4.435966e-02
3.281249e-02
1.191177e-02
1.739346e-02
4.340871e-01
3.044599e-03
1.052954e-02
1.346704e-01
1.003892e-02
8.284583e-02
1.710063e-01
1.070835e-02
3.291748e-03
2.017357e-02
4.296128e-03
8.354591e-03
8.134328e-02
1.005292e-02
2.412050e-03
1.943159e-04
1.547938e-01
2.339577e-02
1.290594e-02
1.021068e-03
2.318908e-02
1.084072e-01
4.706151e-03
3.488090e-03
8.454555e-02
4.168120e-02
5.561633e-03
1.941000e-01
2.930657e-01
3.263564e-03
3.342690e-03
8.617199e-03
1.421778e-02
7.257960e-03
1.206419e-01
1.791777e-02
2.742811e-01
7.856985e-03
2.052025e-03
2.746507e-01
3.043148e-03
4.552253e-02
3.436048e-03
6.081279e-02
3.199531e-03
7.446690e-02
6.899434e-02
5.461794e-02
4.228003e-02
6.203317e-03
7.968573e-03
2.545466e-01
1.368308e-01
9.378124e-03
4.017846e-03
2.010507e-02
1.418006e-03
5.031927e-02
4.175868e-02
1.004678e-03
2.940440e-02
1.899263e-04
1.257952e-01
1.107649e-02
4.036361e-02
1.723577e-02
5.552081e-06
2.349424e-02
1.837824e-03
6.179961e-02
1.149370e-01
7.820932e-02
2.821797e-02
1.936682e-04
4.032107e-02
8.707630e-02
1.037134e-01
8.836806e-03
3.685473e-02
1.478649e-02
2.167276e-02
3.827143e-02
2.383066e-02
1.362532e-01
4.091909e-02
4.379430e-02
7.211106e-03
2.897288e-04
5.474238e-02
2.031318e-01
6.559688e-03
1.915103e-01
3.096173e-03
1.742807e-01
7.372119e-03
9.339965e-02
3.621194e-03
9.912220e-02
3.755889e-02
2.232815e-03
1.576370e-01
1.755372e-02
1.688781e-02
1.304772e-01
3.709680e-02
2.051164e-03
5.426897e-02
5.947281e-02
1.210815e-01
1.719775e-02
9.781895e-03
7.782992e-02
3.262202e-02
1.504617e-02
5.079459e-02
5.166087e-04
5.696172e-03
1.601609e-03
1.170588e-02
1.665875e-08
2.662154e-02
1.115362e-01
5.864128e-02
9.783922e-02
4.254981e-02
4.165880e-04
1.256913e-03
3.203794e-03
1.394077e-02
1.013965e-01
1.379003e-02
1.287958e-01
2.062225e-02
5.061977e-03
8.563334e-03
7.834070e-02
1.239447e-02
2.928769e-02
2.311149e-02
5.342260e-03
6.956476e-02
9.167233e-02
6.564500e-02
8.571255e-04
1.191678e-02
2.833268e-02
3.023521e-03
2.089186e-02
6.717209e-02
1.936760e-02
1.214602e-01
1.260473e-02
8.729502e-03
1.745411e-02
3.142446e-04
1.338886e-01
5.908478e-05
2.690802e-02
2.984205e-05
1.296326e-02
1.424346e-01
2.714716e-02
