5.243306e-01
2.844988e-03
8.453076e-02
8.461355e-02
3.372557e-03
9.092880e-02
1.068867e-04
1.591299e-01
5.096676e-02
7.581219e-03
2.793673e-02
1.411404e-02
4.807226e-03
1.186294e-01
3.989278e-02
2.781733e-02
3.088554e-02
8.170178e-02
5.012242e-04
2.577230e-02
8.979686e-05
1.660983e-01
3.642429e-03
6.235957e-04
1.352812e-04
2.395905e-01
1.009367e-01
1.500429e-03
3.856763e-03
2.390663e-03
3.053716e-04
9.470435e-03
8.858595e-02
4.793536e-02
9.391629e-02
1.567935e-01
3.804115e-03
5.979937e-03
2.534641e-02
5.805434e-02
3.902425e-02
6.417396e-02
1.064461e-03
7.997052e-02
5.810083e-01
6.534632e-02
1.292699e-04
1.957278e-01
7.430803e-02
2.452079e-01
3.072171e-02
5.810241e-02
6.714143e-05
1.630749e-02
3.752904e-02
1.292266e-01
1.591954e-02
4.373441e-03
4.507526e-04
7.304395e-03
8.351917e-03
1.443309e-01
1.080105e-01
1.138912e-03
9.155296e-02
3.066007e-01
3.730418e-05
7.493641e-03
2.263699e-04
1.866149e-03
2.726415e-04
3.707159e-03
1.171373e-01
3.867385e-02
3.067822e-04
3.897358e-04
2.220029e-01
4.624072e-04
9.698214e-04
9.774457e-03
4.236108e-02
9.406302e-02
2.670639e-02
1.810807e-05
1.793145e-03
4.373180e-04
1.108523e-02
6.165444e-02
1.420824e-02
3.459531e-03
3.128673e-03
1.140927e-03
5.700261e-02
7.833733e-03
4.990196e-03
2.014176e-03
1.075323e-01
3.737397e-02
7.993997e-02
8.950077e-03
7.725345e-03
1.065525e-05
2.418656e-04
4.480449e-02
1.900298e-03
1.938482e-01
1.448793e-06
1.823617e-02
6.462333e-03
5.566997e-03
3.745125e-02
5.277361e-02
4.251430e-02
2.486890e-02
2.714011e-03
2.198546e-03
5.252975e-02
1.222735e-02
1.885165e-02
3.327237e-02
7.430281e-02
1.156498e-01
1.003686e-01
3.858058e-02
4.533809e-02
7.240107e-02
1.832713e-01
2.098559e-03
5.056507e-06
2.244680e-02
7.490053e-04
1.195559e-03
3.481398e-01
2.219498e-01
1.606827e-03
3.835065e-03
4.691986e-01
1.508628e-01
5.185868e-01
4.238448e-02
5.709304e-02
1.260122e-02
9.692749e-03
5.477964e-02
3.793672e-02
1.653153e-02
1.064349e-04
2.903251e-02
6.722071e-02
1.335443e-01
5.165768e-02
1.396327e-02
4.766536e-02
1.583342e-03
4.222013e-03
3.028970e-03
2.250184e-02
9.028789e-02
2.016554e-01
9.990723e-02
1.189481e-03
2.350913e-02
6.654533e-03
5.117319e-02
6.688002e-03
1.147996e-01
3.928846e-04
6.698745e-03
1.997294e-02
1.149692e-02
4.057063e-03
5.866087e-03
6.959794e-03
1.292433e-01
5.364347e-03
1.013659e-02
2.324136e-01
1.925514e-02
2.573513e-02
1.356867e-03
1.186759e-02
2.107438e-03
3.582753e-03
9.314173e-03
3.451078e-03
3.187878e-03
3.257066e-02
2.551425e-01
6.287863e-02
8.246726e-03
9.922041e-02
2.028747e-03
6.149112e-03
8.497650e-02
5.319873e-03
2.711811e-02
3.970399e-03
1.252856e-02
5.189729e-02
2.701187e-02
2.200793e-03
5.677151e-03
5.054988e-03
7.007744e-02
3.577633e-02
4.688423e-02
9.396235e-03
4.059271e-02
1.269974e-01
3.477739e-02
2.488515e-02
2.294455e-02
3.795519e-03
1.765309e-02
3.233596e-01
9.386371e-02
5.099941e-02
7.442680e-03
1.365769e-01
3.539679e-02
7.659913e-04
1.080224e-04
1.232180e-01
2.962866e-03
1.497001e-02
2.618703e-02
5.461269e-02
6.873029e-03
3.616422e-03
5.609082e-02
1.750509e-02
1.573402e-02
8.198380e-03
2.269608e-03
1.356290e-01
5.701362e-06
1.376516e-02
1.542492e-02
4.283565e-03
6.390296e-02
3.696648e-02
2.204137e-02
8.203685e-02
1.753970e-01
5.016949e-02
1.164674e-01
9.098103e-03
1.241100e-01
8.850728e-02
1.918634e-02
2.806833e-04
2.933223e-02
3.083644e-02
3.886544e-02
1.338591e-02
3.124631e-04
4.423238e-02
7.609459e-03
5.782101e-04
2.565323e-03
7.840205e-04
1.687701e-04
2.271546e-03
4.117570e-03
4.788075e-02
2.278835e-01
5.246916e-04
1.133974e-02
2.124157e-02
1.515439e-04
4.633577e-03
3.543300e-02
1.487456e-02
2.800534e-03
1.266695e-01
1.487679e-02
8.483669e-02
5.871116e-02
3.164355e-02
1.032606e-01
1.065182e-01
1.317820e-01
4.988662e-02
7.035519e-02
3.121002e-03
4.413840e-02
1.649913e-02
1.600987e-02
7.339351e-02
5.866594e-03
4.651218e-03
7.455008e-02
7.464905e-03
1.369753e-04
1.444021e-01
1.034450e-01
1.358475e-01
2.361159e-02
2.901914e-02
8.700364e-04
2.378939e-02
5.190098e-04
1.687682e-02
9.738710e-02
1.142616e-02
1.643730e-01
1.938939e-02
1.626733e-01
4.891394e-06
3.154442e-02
3.498184e-04
2.482704e-03
2.133971e-02
4.747719e-03
2.128841e-03
1.674368e-02
9.218220e-02
1.063852e-02
3.475620e-02
4.398627e-03
6.768037e-06
4.194193e-02
2.953685e-02
8.493010e-04
1.265086e-02
3.124849e-03
8.800597e-02
4.995042e-02
2.641737e-04
6.925188e-02
5.938841e-04
7.657845e-02
6.952436e-03
5.870243e-04
4.544055e-02
2.285822e-03
5.236299e-02
5.229640e-02
3.583438e-02
1.448549e-02
1.811912e-02
1.973213e-02
8.372024e-02
1.866714e-04
4.363347e-02
6.606299e-01
9.343834e-03
2.122928e-03
1.134551e-02
6.641907e-04
4.869986e-03
5.364826e-06
1.355885e-02
1.007176e-01
5.669406e-03
7.254143e-02
2.526755e-01
4.178457e-02
2.993585e-02
3.542159e-05
4.264273e-02
1.972078e-02
2.239363e-02
8.778198e-02
1.376540e-03
2.657215e-02
9.900384e-02
7.429902e-02
5.765285e-03
9.689826e-02
1.156381e-03
8.925504e-02
1.142807e-01
5.907597e-02
2.944436e-02
4.046907e-02
1.557364e-04
1.821823e-01
8.578862e-05
2.829313e-02
1.104704e-01
2.481806e-05
1.011219e-04
8.564969e-02
8.894371e-02
6.116191e-02
1.391416e-01
5.932378e-01
8.825317e-03
7.604653e-03
9.426333e-03
4.312214e-02
1.055701e-01
5.042304e-04
4.471269e-02
1.670383e-01
5.808241e-02
1.515870e-03
2.125656e-01
4.344418e-03
1.529479e-04
1.815254e-03
1.241440e-01
1.628596e-02
4.601973e-02
1.074831e-01
1.321709e-03
2.356384e-02
4.800896e-03
8.856450e-04
1.232877e-03
1.175415e-01
1.942193e-02
2.809919e-02
8.514897e-03
6.708306e-03
1.195944e-01
5.787333e-03
7.510766e-02
1.212947e-01
5.025236e-02
5.620953e-04
8.761962e-02
2.843473e-03
2.482518e-03
3.006170e-02
9.802197e-04
5.242845e-03
2.529080e-02
8.987296e-03
4.467208e-02
4.867423e-02
8.546637e-03
1.243168e-02
1.800819e-04
1.923697e-03
3.536979e-02
6.977891e-03
5.227695e-02
4.812983e-02
2.098727e-02
4.049617e-03
3.272030e-03
1.644551e-01
7.760701e-03
2.577481e-04
3.633647e-02
3.035235e-02
2.612820e-03
4.673079e-04
1.181249e-04
2.201766e-05
1.451732e-01
9.967332e-03
1.606915e-01
4.130444e-01
1.444189e-02
9.835261e-02
4.151850e-02
4.577126e-03
2.447693e-02
3.486422e-02
2.386044e-01
1.354752e-04
9.863340e-02
5.818807e-03
1.401466e-01
7.872138e-02
1.398123e-01
2.161536e-02
7.328560e-05
8.672163e-02
7.163078e-02
3.842774e-02
1.678910e-01
8.349594e-02
4.345189e-02
2.082789e-02
5.547844e-02
1.985318e-01
2.119622e-03
4.182822e-02
1.759001e-02
8.250558e-03
6.722852e-05
1.518072e-02
8.837137e-04
6.591190e-02
4.530149e-02
2.004969e-02
1.386825e-02
3.571169e-02
1.236066e-01
2.104946e-01
9.786358e-02
1.723570e-01
1.911150e-02
5.322157e-02
7.485029e-04
1.952990e-03
2.795451e-02
2.299595e-02
7.484262e-02
1.708360e-02
2.937689e-01
1.251979e-01
9.495744e-02
1.835282e-01
2.263621e-03
4.193567e-02
2.563795e-04
5.160213e-02
9.675599e-02
3.023883e-03
1.318041e-02
3.151919e-05
1.982071e-02
1.019757e-01
6.420399e-02
4.828916e-02
1.327928e-02
1.816532e-02
1.635254e-01
1.135289e-01
1.456817e-02
2.632113e-02
4.367435e-02
1.576282e-01
1.616084e-02
1.425404e-01
1.058137e-01
7.427329e-04
1.032615e-01
1.479601e-02
4.351835e-03
2.520906e-03
7.154874e-04
1.226814e-11
4.452418e-02
3.565179e-02
1.252676e-01
3.406263e-02
7.307899e-02
1.118471e-01
2.425404e-04
1.598453e-02
2.423296e-01
1.886600e-01
7.825549e-02
1.094180e-02
8.333317e-06
5.428019e-03
8.809527e-03
4.139359e-03
2.795605e-02
1.551453e-03
8.566900e-02
1.008805e-04
1.051042e-02
4.159426e-05
1.659540e-03
4.606062e-02
3.160850e-02
3.994563e-02
7.776832e-03
9.542702e-03
6.076090e-02
9.668048e-03
1.629919e-05
2.454908e-01
5.339576e-02
1.499144e-02
1.129530e-02
4.709040e-02
9.754579e-04
5.774001e-02
1.216841e-03
7.044867e-03
9.927143e-02
6.254473e-03
7.449625e-03
2.496162e-02
2.625357e-02
8.724008e-04
9.116763e-04
2.287062e-02
7.905796e-03
5.950030e-02
1.778066e-01
3.888576e-03
5.563896e-07
1.095849e-02
2.014824e-02
1.068926e-02
