6.597989e-02
1.893903e-04
2.201764e-04
3.980273e-03
5.808525e-01
8.351037e-02
9.535385e-02
4.332342e-02
7.978951e-03
1.978579e-01
3.590200e-03
2.495037e-03
5.240465e-03
2.335560e-01
1.143507e-01
1.175438e-02
4.480319e-03
1.517522e-01
2.185234e-03
3.018228e-02
1.023651e-02
3.382961e-02
1.119895e-01
3.356144e-02
4.819757e-05
5.440108e-02
9.161513e-03
4.551667e-03
1.106678e-03
1.724489e-02
2.813773e-02
1.736962e-02
1.924027e-03
2.417429e-02
4.187107e-03
6.032305e-02
2.899094e-02
1.815116e-02
8.166166e-03
4.323253e-05
3.094409e-02
2.896944e-02
4.437348e-02
9.241534e-03
4.593583e-02
1.047983e-01
1.818184e-02
9.112136e-03
2.161634e-01
2.292271e-01
7.241829e-03
1.288348e-01
6.965228e-02
1.118895e-03
2.067807e-02
4.708421e-02
2.442347e-01
1.785169e-03
5.940758e-03
5.023146e-03
6.233519e-02
5.090418e-03
3.984000e-02
3.258522e-04
2.346033e-03
6.442552e-03
3.976254e-03
7.019939e-02
6.553892e-02
9.948640e-02
2.051672e-02
4.698762e-03
1.085246e-01
2.797409e-04
1.158408e-02
2.341470e-01
5.987494e-03
1.041394e-02
2.902677e-01
9.446397e-03
1.491421e-04
3.865307e-02
3.801266e-03
1.308952e-01
2.124582e-02
2.028790e-02
1.920278e-02
8.916545e-02
7.532867e-02
1.389191e-01
2.033929e-01
1.669122e-02
6.740419e-03
1.777162e-01
1.910104e-03
5.794240e-03
3.173741e-04
1.589393e-02
5.995898e-02
4.633096e-03
5.449443e-02
2.030008e-03
2.206138e-01
1.260256e-01
9.284654e-02
1.040634e-01
1.547660e-02
1.038595e-04
3.842137e-03
4.357059e-02
1.505348e-01
8.513375e-03
9.066037e-02
8.341185e-02
4.401880e-02
1.103097e-01
1.922766e-02
6.236836e-02
3.419414e-01
6.910171e-02
8.418037e-02
2.016829e-02
4.802650e-02
6.269709e-03
4.293549e-02
4.371035e-01
4.895553e-02
2.031101e-02
9.611905e-02
1.066673e-02
3.594187e-02
1.860000e-02
1.835919e-01
1.504108e-02
2.279772e-03
1.317824e-01
1.661383e-01
9.331903e-03
1.474435e-02
1.540460e-02
1.353668e-03
4.553992e-02
2.760520e-03
1.602668e-02
2.819569e-02
9.064804e-02
3.665052e-04
4.513237e-05
9.835197e-03
7.107996e-04
8.729563e-02
1.860631e-02
1.771441e-02
2.036678e-02
5.322283e-02
1.213423e-02
3.153518e-02
6.783877e-02
1.823517e-01
2.596468e-01
5.811540e-02
2.398464e-01
5.669515e-02
2.324061e-03
4.153506e-02
5.885593e-04
1.607346e-05
8.876674e-03
1.336334e-02
1.541605e-01
6.657776e-02
8.314329e-02
5.129548e-02
2.385278e-02
5.329485e-02
1.687307e-02
7.893129e-03
2.497366e-04
1.990361e-02
4.151007e-02
8.499818e-03
3.875884e-02
3.024368e-02
1.210748e-03
3.310271e-01
1.247970e-02
7.121567e-03
1.790074e-01
4.529091e-02
6.156292e-03
7.284994e-03
7.797362e-02
2.328373e-01
3.555546e-02
3.596629e-01
2.446288e-02
3.318482e-02
2.682059e-04
2.872408e-04
7.074274e-02
1.841013e-04
1.884537e-03
5.966527e-02
2.907480e-02
6.331020e-02
2.368210e-02
1.629030e-02
1.949247e-02
7.937182e-03
2.431298e-04
1.188929e-02
8.764006e-02
4.604643e-04
1.037728e-01
6.297576e-04
2.582872e-03
2.931836e-02
1.845439e-01
3.308769e-02
2.290856e-05
1.453026e-03
1.455132e-01
1.705158e-01
1.091500e-01
2.351064e-01
2.786512e-01
5.930938e-02
2.356131e-02
1.444857e-03
3.221535e-03
1.025272e-02
3.437567e-03
1.222679e-01
4.989080e-02
3.347892e-02
2.592346e-03
6.848797e-02
1.958293e-03
1.502442e-02
3.484046e-03
1.895094e-02
1.305859e-01
1.750786e-02
4.541802e-02
7.038227e-04
2.639891e-02
1.780388e-02
8.495439e-03
5.748822e-02
1.359303e-02
9.849125e-03
6.098946e-02
3.663653e-02
4.593887e-02
4.274465e-02
2.218952e-02
3.365305e-03
3.260842e-03
4.835218e-02
1.274023e-01
2.089312e-02
1.145659e-01
3.047725e-02
1.593483e-03
7.266551e-03
3.242925e-03
4.369998e-04
1.068835e-04
6.402369e-02
2.858078e-02
3.684942e-02
1.103915e-03
3.388929e-01
7.250461e-02
4.077243e-02
1.351047e-04
8.549800e-02
1.277383e-02
7.199758e-03
1.447958e-02
1.343105e-01
1.462895e-01
1.212544e-03
1.061125e-01
2.075027e-02
5.340081e-02
4.257105e-02
4.454784e-02
6.571509e-02
8.262032e-04
3.030638e-03
2.853789e-02
2.444812e-02
4.286189e-02
6.521758e-03
1.061472e-01
5.111575e-02
9.038464e-02
9.607013e-02
7.150521e-02
1.298920e-02
4.869304e-02
1.458566e-03
1.017975e-01
1.045643e-01
1.198862e-01
9.218260e-03
5.055551e-02
3.248458e-02
1.663527e-02
4.326874e-02
9.285970e-03
8.974340e-03
1.824331e-02
7.851770e-04
6.392338e-03
2.032510e-01
2.205733e-03
4.391841e-02
1.213232e-04
7.215379e-03
5.224643e-02
4.309052e-02
2.135960e-01
6.641573e-02
2.115104e-01
7.528232e-04
1.578258e-04
2.296442e-04
3.188005e-02
1.821568e-01
3.962444e-02
5.692123e-03
1.702203e-02
3.195484e-03
5.901680e-02
5.401796e-02
4.991869e-02
1.287039e-01
6.906134e-03
1.259239e-01
3.357712e-04
2.831582e-01
4.499261e-03
4.433246e-02
2.597530e-01
1.387816e-02
7.511317e-03
2.146033e-02
1.465700e-01
4.734635e-04
1.501488e-01
5.590485e-02
6.975323e-04
3.575151e-03
1.403903e-02
3.153458e-03
1.234268e-01
6.726731e-03
1.028781e-01
4.817202e-02
2.612650e-03
6.004887e-02
1.234524e-02
2.374300e-02
5.834416e-03
3.446329e-02
1.344973e-02
2.559867e-02
7.018306e-02
1.770719e-02
2.630557e-03
2.155508e-02
9.445460e-02
1.705540e-01
1.532693e-02
2.531394e-01
2.542011e-02
7.075432e-02
7.336094e-02
4.035792e-02
6.586384e-04
2.923103e-03
1.830840e-03
3.339692e-02
2.179956e-03
9.527443e-03
1.056637e-02
2.373402e-02
1.219764e-02
8.358732e-02
1.949611e-02
4.665608e-03
5.152586e-02
8.986707e-03
1.759260e-01
3.404763e-03
2.558667e-02
1.524984e-01
1.067586e-03
8.440146e-02
8.602660e-02
1.634814e-03
1.437200e-03
9.107333e-02
1.511881e-01
2.545290e-02
3.553042e-02
2.571387e-02
1.594347e-01
2.700195e-02
1.366778e-02
1.387283e-02
4.308675e-03
7.626543e-04
1.921717e-02
1.331542e-04
2.199040e-03
7.067636e-02
6.431124e-02
1.809710e-01
2.063816e-02
7.480285e-03
4.592237e-02
3.810747e-03
4.702313e-04
3.176802e-03
1.110128e-02
5.814857e-03
8.632845e-06
1.837885e-01
2.935445e-03
3.269122e-03
5.675362e-02
2.568777e-02
1.162057e-02
5.272069e-02
2.454994e-02
4.461173e-02
4.929851e-02
6.500893e-02
4.298291e-02
1.872842e-02
2.456534e-02
8.032525e-03
3.578173e-02
1.604283e-02
6.756372e-02
8.815029e-02
1.369664e-01
1.058317e-01
1.620355e-04
5.976722e-06
1.309402e-01
2.424467e-05
9.510961e-02
4.708342e-03
4.281658e-03
3.953376e-02
4.991560e-02
2.776677e-04
1.247496e-03
4.543975e-02
2.559913e-02
8.169688e-02
6.697630e-02
5.154234e-02
8.667019e-05
6.016258e-01
2.480185e-04
4.467792e-02
3.519394e-01
2.847896e-01
1.650702e-02
1.412020e-02
5.388631e-05
2.973195e-02
2.355973e-02
1.638673e-02
1.164800e-01
5.976256e-02
3.352753e-02
9.312756e-02
2.235997e-04
3.729150e-02
6.171308e-03
4.773950e-05
3.609071e-02
4.501815e-03
2.078902e-01
7.540982e-02
1.046221e-02
8.366591e-03
3.126192e-04
1.260013e-02
1.349083e-01
4.474547e-07
2.612450e-02
1.291125e-01
9.516661e-02
2.342649e-02
5.261587e-02
7.664767e-02
2.355399e-02
4.402999e-04
9.402926e-02
1.657231e-02
2.423448e-02
3.833611e-04
4.636081e-03
6.787124e-02
3.941291e-02
2.712639e-02
2.979627e-02
3.492386e-04
1.325227e-02
3.825120e-03
1.286997e-05
3.082808e-02
1.199586e-03
3.495428e-01
4.182632e-02
1.612056e-01
3.870799e-03
1.703097e-01
1.660777e-01
2.952640e-02
1.244219e-03
8.275371e-03
1.294745e-02
4.510809e-01
2.158724e-01
8.077966e-08
1.875776e-02
1.279391e-03
8.816279e-02
1.017758e-05
5.216734e-02
1.209086e-01
1.166833e-01
5.724849e-01
5.139479e-03
2.957667e-01
1.344273e-01
9.289753e-04
1.892589e-02
5.238397e-02
8.760604e-02
2.579604e-01
4.819363e-03
1.962398e-04
5.290439e-02
8.866454e-02
7.861149e-02
5.556841e-05
1.645337e-02
6.006899e-02
1.186949e-01
1.042015e-02
1.056452e-02
1.126567e-02
2.357228e-02
4.518711e-04
4.179376e-03
1.790775e-03
3.446690e-02
2.053412e-02
1.297957e-02
2.936732e-02
2.984122e-02
1.998865e-02
4.243918e-04
2.971604e-06
1.232017e-01
6.696561e-04
2.476859e-03
1.430638e-01
2.988162e-02
2.251625e-01
4.578165e-02
3.307742e-01
4.145875e-02
5.589663e-02
6.603107e-04
2.528133e-02
6.175540e-03
4.475132e-03
1.618093e-02
9.255420e-02
6.226793e-02
9.729901e-04
1.723548e-04
5.081879e-02
3.286944e-02
