2.425611e-02
8.559611e-04
1.521304e-01
4.382411e-02
4.592947e-02
4.777327e-02
6.123184e-02
2.026733e-02
1.495259e-01
2.021089e-01
1.781163e-03
9.550146e-02
1.160951e-02
9.084603e-03
1.603745e-01
2.327317e-02
2.377085e-01
2.968469e-03
1.360516e-01
3.799163e-03
6.965812e-03
7.394326e-04
1.274939e-02
6.377215e-02
1.148870e-02
2.989162e-02
1.662854e-03
5.733350e-03
1.394099e-01
4.004815e-02
8.828419e-04
4.126654e-05
3.269196e-02
3.324256e-03
2.501068e-02
9.551016e-04
8.517265e-02
8.952992e-02
2.522969e-01
6.745346e-02
5.213901e-03
6.320955e-02
9.930353e-02
1.532355e-02
3.469118e-03
7.614479e-03
5.327125e-03
9.955805e-03
1.582183e-02
2.680278e-02
3.365687e-02
9.866416e-02
3.437138e-03
7.000792e-02
3.829030e-02
3.765026e-02
4.586907e-02
2.937506e-02
3.879657e-06
1.630458e-03
2.441768e-02
1.997316e-02
9.715634e-03
1.008856e-03
4.818625e-02
1.755527e-05
1.731376e-01
1.587011e-04
7.479027e-02
5.950652e-03
1.687660e-02
1.794782e-01
7.891618e-02
2.441058e-02
3.029724e-01
2.949278e-04
1.860709e-01
5.834420e-02
4.038762e-02
1.085855e-02
4.984240e-02
4.188565e-02
8.119649e-02
1.549238e-01
1.183526e-02
3.255434e-03
1.746494e-03
9.541311e-04
1.399327e-01
9.032314e-05
1.461695e-01
8.605667e-03
2.241668e-02
1.711720e-01
3.246999e-02
9.232232e-02
5.844489e-03
6.336331e-04
2.289300e-02
3.793766e-04
9.365490e-03
1.005483e-02
1.849764e-01
2.565698e-02
4.966143e-03
6.600394e-03
2.240072e-03
4.440339e-02
2.022859e-02
1.202315e-01
9.154853e-02
1.126210e-05
3.002898e-02
2.811172e-02
1.433833e-02
1.386652e-01
1.984713e-01
2.522138e-02
1.606331e-02
8.882058e-03
1.323615e-01
3.957852e-02
1.478637e-04
3.488355e-02
3.868468e-02
1.159111e-01
1.716855e-01
1.716397e-01
2.268551e-02
6.811592e-02
1.056531e-04
8.768366e-03
6.366385e-03
2.169228e-02
2.436370e-02
7.011702e-03
4.279718e-06
7.513956e-02
1.483432e-01
2.579873e-04
3.612834e-02
2.804723e-02
4.567048e-03
1.757542e-01
1.260036e-02
1.033645e-01
2.407318e-02
2.535166e-01
1.527480e-04
3.678183e-03
1.184882e-01
1.004112e-02
6.537276e-03
1.035588e-01
1.830741e-02
6.590645e-02
1.462341e-01
2.437645e-02
2.213483e-04
5.961876e-01
2.392865e-02
1.451790e-01
1.513452e-01
4.171327e-02
9.499924e-02
8.536505e-02
1.769404e-02
4.219181e-02
1.631621e-02
2.100725e-03
2.906439e-04
4.082145e-02
1.888898e-01
6.181354e-03
1.328395e-02
1.878388e-01
1.917743e-01
1.006298e-02
4.511189e-03
1.142580e-02
1.024019e-01
3.040799e-02
3.120262e-04
1.655287e-04
2.632675e-02
5.467028e-04
2.555981e-02
1.538998e-01
2.122791e-01
1.049373e-01
4.855262e-02
9.319677e-03
1.252034e-01
1.657930e-02
6.065304e-05
4.354598e-02
6.583043e-06
3.370516e-02
1.281288e-01
1.757064e-02
8.271126e-03
3.830439e-02
1.321488e-01
6.746904e-04
8.355122e-03
1.326824e-01
2.607671e-02
3.623229e-02
5.932267e-03
3.354526e-03
1.105822e-01
1.952428e-02
2.232420e-01
2.669887e-03
2.221070e-02
3.202260e-02
1.014636e-01
2.686814e-02
9.108893e-02
8.857745e-03
1.085896e-01
8.346120e-03
5.299567e-02
9.552403e-02
7.661760e-02
6.612481e-03
1.934837e-04
9.618647e-04
7.909896e-03
1.326066e-01
1.050222e-03
1.877730e-02
2.782874e-02
1.511301e-01
1.439678e-01
9.011549e-03
2.480281e-01
1.741717e-01
1.061048e-02
3.119893e-04
3.825515e-02
2.304658e-03
7.915988e-02
3.585328e-03
1.911303e-02
1.659685e-04
1.353045e-02
1.230397e-02
7.443608e-03
1.905539e-03
7.027750e-02
3.515437e-03
1.122348e-02
5.159775e-02
2.236169e-02
1.338272e-01
1.777764e-04
3.930280e-02
1.524376e-02
9.567155e-02
3.955183e-03
8.373276e-02
7.217148e-04
6.686468e-02
2.683664e-04
1.039928e-01
3.698578e-02
1.034553e-01
7.918183e-02
3.972438e-02
1.192597e-03
5.190812e-02
5.810628e-03
3.301295e-02
3.463506e-02
2.390385e-02
3.942264e-03
6.839334e-02
1.442102e-01
2.880558e-01
3.312935e-03
2.527364e-03
1.433100e-02
3.145976e-02
1.024018e-01
4.897960e-03
5.622971e-02
1.612814e-01
1.255872e-01
1.230354e-01
2.558833e-02
4.647449e-02
8.319912e-02
1.942250e-02
5.223741e-03
3.482733e-02
6.254024e-02
7.314269e-02
1.196012e-01
1.655455e-01
4.026492e-01
4.850991e-02
1.246300e-01
1.075936e-02
1.859295e-03
2.080992e-02
2.645864e-02
8.294468e-02
8.979501e-04
3.117139e-02
6.205499e-03
4.710065e-02
1.277035e-02
5.289140e-03
7.450095e-02
2.241705e-03
4.566388e-02
1.485137e-02
5.097414e-04
3.942027e-02
3.476911e-04
5.096128e-03
1.813368e-02
8.412699e-03
1.951477e-01
1.747176e-01
1.897275e-03
5.505901e-02
8.833005e-05
1.319813e-02
2.419594e-02
3.500905e-02
9.393525e-02
1.156593e-01
1.387565e-03
4.118279e-02
7.449459e-02
6.937587e-03
1.638830e-02
5.646332e-03
2.919231e-03
1.257744e-02
1.059442e-01
3.161505e-02
1.389971e-02
2.353906e-02
5.941104e-02
2.811741e-04
1.022182e-02
6.505303e-05
8.477274e-02
3.144619e-06
2.379124e-03
2.470837e-03
4.897390e-04
3.424986e-02
1.043022e-03
2.430255e-02
9.181528e-02
6.358828e-02
7.262986e-02
4.596147e-02
2.228990e-03
2.044823e-02
7.348091e-02
3.319422e-02
6.144320e-02
7.787698e-02
1.761028e-02
3.264515e-03
1.135239e-03
3.609052e-01
9.403526e-03
3.970345e-01
6.488678e-02
1.911521e-02
2.722831e-02
2.726569e-02
9.492939e-02
1.144895e-03
3.128110e-02
4.284806e-02
1.516848e-03
4.768875e-03
6.511671e-02
9.388794e-04
7.125352e-04
5.220685e-02
3.541586e-02
1.276252e-02
1.021740e-01
5.139045e-02
2.326528e-02
9.490382e-02
2.919656e-02
4.447061e-02
3.430187e-02
6.884964e-02
1.023088e-02
5.807430e-02
9.079594e-03
3.434622e-02
3.854113e-02
4.441583e-02
1.438661e-03
4.610411e-03
1.090156e-01
3.832811e-04
1.591659e-03
1.907899e-04
3.407639e-02
2.642721e-02
2.221601e-02
7.989462e-03
8.824295e-03
1.263850e-02
1.715116e-03
8.424450e-02
1.701281e-01
2.159446e-06
1.830279e-02
2.053795e-02
7.885344e-02
9.212254e-03
1.003723e-02
2.223730e-01
1.637679e-01
3.603049e-01
7.455349e-04
5.726538e-04
2.403277e-01
9.795482e-02
2.996956e-02
8.003373e-03
9.719690e-02
2.890620e-02
8.094753e-03
1.517962e-01
5.882697e-02
2.380995e-02
1.067180e-01
2.470081e-04
2.850576e-05
9.952941e-02
1.332642e-01
5.285650e-03
1.735682e-02
3.758397e-02
6.245699e-03
2.242304e-02
4.488205e-03
2.352642e-02
2.188129e-03
1.942647e-02
1.765739e-02
1.796924e-02
1.872954e-01
1.584898e-03
3.460885e-03
7.747984e-03
7.418698e-02
4.924702e-02
1.585396e-02
2.457574e-01
1.701362e-02
5.787181e-02
4.178260e-02
3.310328e-02
5.428321e-02
2.524028e-02
6.964741e-02
8.266816e-02
4.896189e-02
8.828669e-03
1.571132e-01
1.106065e-03
2.182907e-02
4.731417e-03
5.675380e-04
1.901035e-01
2.636314e-03
1.240464e-01
2.550145e-06
4.881505e-02
1.000392e-02
1.091885e-02
1.555231e-03
8.679076e-03
3.173424e-05
1.176517e-02
2.166981e-02
1.304447e-02
1.155093e-01
9.239000e-03
7.752155e-03
2.880939e-01
4.861067e-03
2.987499e-01
5.515939e-02
4.667021e-03
1.853209e-02
8.834046e-02
2.207939e-02
2.668917e-03
4.053768e-02
1.057290e-02
3.193785e-02
9.171880e-02
9.293973e-02
1.025255e-02
4.931667e-02
2.442061e-03
3.938491e-02
4.934959e-02
1.185678e-04
3.045196e-02
1.835157e-02
5.710674e-02
2.131315e-02
3.202350e-02
2.785114e-03
9.389287e-02
1.120285e-02
6.049727e-02
2.914470e-02
9.636290e-02
1.067468e-01
4.760394e-03
1.617618e-01
5.816066e-04
4.813816e-02
2.774722e-02
3.367172e-01
1.347876e-01
2.498062e-02
1.585598e-02
1.061210e-01
2.128504e-04
8.988493e-02
2.024415e-02
6.511291e-03
6.279237e-05
4.107501e-03
6.132267e-04
1.887435e-03
9.455010e-02
6.874100e-02
1.243752e-01
7.442939e-05
7.466408e-04
2.727263e-02
6.906697e-03
1.774161e-02
6.614540e-02
9.704341e-02
9.814754e-03
1.109319e-02
5.044049e-03
7.524324e-03
2.370750e-03
3.080089e-02
8.568850e-03
2.825486e-02
1.670526e-02
1.276309e-01
8.815749e-02
8.866009e-02
6.661582e-03
4.814106e-03
2.266206e-02
2.379102e-02
2.967280e-01
8.766623e-02
8.630035e-02
3.420754e-04
1.050309e-01
1.586469e-02
1.173428e-05
2.655077e-02
6.546252e-02
8.601445e-02
1.505946e-02
5.599063e-02
1.648374e-01
1.053057e-03
1.940476e-02
2.337735e-01
3.133457e-02
5.199534e-02
8.819566e-03
1.167137e-01
3.565021e-02
5.938858e-03
6.133669e-03
