1.402644e-02
2.967281e-01
5.497911e-02
1.211513e-01
5.456508e-01
3.060173e-03
1.127598e-02
4.891129e-03
6.169071e-03
1.184377e-02
1.009433e-03
5.146349e-02
1.050991e-02
8.981841e-02
9.209654e-02
3.298350e-05
8.605922e-03
1.163954e-01
1.420950e-02
1.773219e-02
5.114513e-04
8.048337e-02
1.248273e-05
1.009281e-01
3.481461e-02
5.374704e-02
1.128747e-02
1.754252e-01
3.995370e-02
2.500877e-02
3.640165e-05
5.370480e-03
2.088432e-05
2.726378e-03
2.348501e-01
6.926069e-02
2.890289e-07
7.988712e-03
4.745925e-04
7.022121e-03
8.352464e-02
8.839132e-03
2.284745e-02
2.243436e-05
4.794374e-03
3.108163e-02
3.176879e-02
1.671787e-03
2.245091e-02
1.566835e-01
6.037404e-04
2.404521e-05
3.151122e-04
2.660784e-02
5.043987e-02
5.090592e-03
1.316050e-01
1.377059e-03
6.243225e-02
1.616332e-01
4.366253e-02
6.869714e-02
2.223239e-02
1.570636e-01
6.106885e-03
1.506203e-01
1.252427e-01
3.314715e-01
9.718674e-04
1.035851e-01
4.363634e-02
3.231272e-03
3.271522e-02
2.668734e-01
7.693764e-02
3.208249e-01
1.169825e-03
3.371765e-03
2.646307e-03
1.214060e-01
2.316321e-03
5.648275e-04
2.913030e-03
2.174675e-03
3.101901e-05
1.457264e-02
5.863937e-02
4.294620e-02
6.712305e-04
9.110853e-02
2.230801e-02
8.877076e-02
3.208059e-01
1.627708e-03
2.126788e-02
3.405016e-03
1.221017e-03
8.849060e-02
4.114947e-02
9.440126e-02
1.247104e-02
6.746488e-02
2.203651e-02
7.057979e-02
6.856192e-02
5.618794e-02
9.251528e-02
2.722401e-03
4.150233e-03
1.045874e-03
8.558361e-03
1.197441e-02
3.013947e-02
2.660930e-02
2.576920e-03
4.447152e-03
3.091595e-02
6.112483e-02
3.177668e-03
3.965769e-02
4.376921e-02
3.392478e-02
1.395144e-01
3.327865e-01
4.562241e-02
8.216300e-04
4.295846e-03
1.496499e-01
1.091998e-02
1.084173e-02
4.837521e-02
4.446806e-02
1.310747e-02
3.524431e-04
8.374111e-05
4.667390e-03
4.981738e-03
9.769975e-04
9.190122e-02
1.377282e-02
2.305614e-02
4.683096e-02
8.202458e-05
5.887433e-03
1.851225e-02
8.994449e-03
2.494618e-02
2.172772e-02
1.483128e-01
1.373795e-02
2.453854e-02
4.022680e-02
7.687548e-03
1.924701e-02
2.353623e-02
2.298673e-02
4.301070e-02
3.057279e-02
7.380000e-05
2.460236e-01
5.360548e-02
3.250053e-01
1.691696e-03
1.000097e-02
3.314212e-03
2.055689e-03
8.107221e-02
4.539694e-03
1.504510e-01
2.740259e-02
1.256615e-02
5.525846e-02
1.584855e-01
2.318975e-04
8.158007e-04
2.965728e-03
9.348170e-02
3.110527e-02
4.409526e-02
5.874630e-02
2.181694e-02
4.463587e-03
5.622900e-02
1.404492e-02
5.256709e-02
1.552808e-02
1.406897e-03
2.281408e-02
7.398396e-02
2.669821e-02
2.954483e-02
3.952781e-03
1.543721e-01
1.095175e-01
2.803014e-01
3.323551e-02
6.100943e-02
5.311018e-04
1.885567e-02
4.345213e-02
2.726969e-03
2.674551e-02
2.669022e-02
3.274795e-03
2.876253e-03
2.019732e-01
5.777289e-02
1.806821e-03
8.202107e-02
4.929169e-02
3.851289e-04
2.787375e-02
2.969981e-03
3.835548e-02
2.415984e-01
5.548665e-03
1.453036e-01
2.158605e-02
8.618500e-05
1.931703e-02
8.582287e-02
2.177516e-02
2.188207e-02
9.997161e-02
5.307283e-02
6.919621e-02
3.172688e-02
2.804503e-03
7.539287e-04
3.719121e-02
6.642607e-03
8.526734e-02
1.589144e-01
2.004861e-01
2.125717e-01
9.487396e-02
5.307452e-02
1.144220e-02
1.113169e-02
3.441163e-03
1.453714e-01
1.981291e-02
3.169377e-02
6.479398e-02
4.831070e-03
4.603902e-02
2.117744e-02
1.910573e-02
9.578777e-05
1.129781e-01
3.331702e-02
3.365704e-02
1.712758e-03
4.802890e-03
2.995355e-02
4.955063e-03
2.981002e-02
1.153367e-02
2.088795e-02
5.253991e-03
2.696562e-01
1.679438e-01
1.208866e-02
1.156138e-02
7.034387e-04
1.236501e-01
7.251165e-07
1.584106e-02
3.177550e-02
2.194555e-02
2.252932e-03
6.026644e-02
2.009247e-01
1.554274e-02
2.112868e-02
7.624268e-03
2.222767e-02
1.342227e-02
1.681963e-01
2.186001e-02
1.914045e-02
3.480575e-03
7.208340e-03
1.195203e-01
5.953551e-02
6.002945e-05
1.009095e-03
1.729855e-03
2.547855e-04
9.278255e-03
3.297693e-03
7.484062e-03
9.473669e-02
1.695172e-01
2.317477e-02
3.260375e-02
3.955625e-02
2.691747e-02
1.794255e-01
4.703948e-03
3.850553e-02
3.923002e-04
9.163652e-04
1.117622e-01
1.345950e-02
2.238081e-01
2.501496e-02
9.077530e-04
2.799483e-01
2.462126e-03
1.933699e-02
3.275604e-02
1.102198e-02
2.890749e-02
1.401434e-03
1.469797e-02
2.764511e-03
1.041048e-01
1.994438e-01
1.611867e-01
1.638892e-02
5.397699e-02
2.144217e-02
3.019699e-03
4.929440e-03
6.980236e-03
1.979667e-02
1.233297e-02
1.382770e-02
8.352932e-03
8.810734e-03
4.425483e-04
1.693953e-03
8.758692e-02
1.843158e-02
9.094951e-03
1.997143e-03
1.071510e-03
1.940814e-02
5.012274e-03
5.399460e-02
4.676577e-02
1.123970e-01
2.310130e-03
1.376951e-02
5.119570e-02
7.722660e-02
7.943073e-04
5.640676e-03
1.511476e-03
1.814480e-03
4.977015e-02
3.332371e-02
2.293066e-02
2.808082e-03
1.071129e-02
1.318886e-01
5.035749e-02
2.443651e-03
1.860809e-04
1.012207e-01
1.046731e-02
9.185825e-03
7.767268e-03
8.336261e-02
9.915733e-03
6.978064e-04
2.474300e-03
1.010607e-01
2.401843e-01
2.958462e-01
1.622651e-02
5.293809e-03
1.781034e-03
3.168360e-02
9.477866e-04
1.548621e-03
1.035960e-01
3.207693e-01
2.681086e-03
8.184031e-02
3.221538e-05
7.398786e-02
7.288084e-02
3.234526e-02
8.028621e-02
1.002580e-02
3.149732e-02
7.426877e-03
4.995751e-02
1.616560e-01
4.006866e-02
1.072191e-02
2.934567e-01
2.530460e-02
1.047469e-04
1.297844e-02
3.178976e-02
3.157702e-05
1.736963e-02
3.782999e-03
6.306120e-02
1.983235e-01
1.132688e-01
1.462249e-02
4.042390e-02
4.480136e-03
9.197515e-03
8.791485e-02
4.894061e-02
3.610651e-04
1.284636e-01
7.061264e-03
1.771962e-02
3.554305e-04
4.456596e-02
5.288117e-02
8.359362e-03
1.191718e-01
2.100528e-02
3.642017e-02
3.294215e-03
5.073211e-02
1.051752e-03
3.135760e-04
7.774845e-02
6.996467e-03
5.910896e-02
3.127228e-04
1.957572e-03
2.962112e-02
2.511235e-03
2.477370e-04
6.289996e-02
1.980812e-02
7.164216e-04
4.112567e-03
1.929924e-01
1.048642e-01
9.432588e-05
1.154064e-03
1.481803e-01
1.481408e-01
6.222635e-01
3.718897e-03
1.700436e-03
1.701596e-02
2.802897e-02
1.322537e-05
7.411157e-02
5.128268e-02
2.258083e-01
1.117004e-01
1.679916e-01
1.234054e-01
1.872840e-02
5.568036e-03
1.959118e-02
3.948998e-02
2.818983e-02
3.656083e-03
1.986356e-01
1.114174e-01
4.194465e-03
2.166597e-03
8.003073e-03
6.842125e-03
3.125345e-02
5.217230e-02
3.259225e-02
1.703487e-01
1.147168e-01
6.203974e-02
1.100092e-01
5.686257e-02
4.406767e-02
1.192409e-01
2.025277e-02
2.056673e-01
9.068730e-03
1.649157e-03
2.026359e-01
3.383836e-02
2.042805e-04
7.399250e-03
5.988070e-02
1.777023e-02
3.232077e-02
2.647358e-02
2.167417e-02
6.254932e-03
7.058009e-03
3.708615e-03
3.897248e-03
2.322728e-01
2.905895e-02
5.125199e-02
2.379835e-02
2.394865e-03
1.001828e-02
3.356686e-05
3.685389e-03
9.004876e-03
3.528866e-03
1.604618e-01
1.740065e-02
3.559539e-02
7.306622e-03
5.311721e-05
1.579253e-03
1.749871e-02
1.319884e-04
4.240833e-02
4.061034e-03
8.889335e-02
1.411406e-02
5.280614e-03
1.860601e-02
1.909083e-01
5.031021e-01
9.456068e-02
1.279620e-02
1.327204e-01
4.758899e-04
7.550254e-03
1.415075e-04
1.564865e-02
3.256602e-03
7.715583e-02
1.063628e-01
2.632916e-02
1.554059e-02
3.638079e-02
1.398989e-01
5.454582e-02
1.278708e-02
2.801648e-02
1.524348e-02
3.553580e-02
1.521372e-01
2.501723e-02
7.067092e-03
3.267835e-02
1.480409e-03
1.493592e-02
5.607752e-02
1.896563e-01
9.056616e-02
4.351162e-02
1.274798e-02
3.154789e-01
3.387606e-01
1.822019e-05
8.130511e-02
2.362020e-02
1.979254e-02
1.098588e-05
8.045026e-02
7.602170e-02
3.305774e-02
4.836015e-02
2.230682e-02
9.142720e-02
1.214862e-03
3.985018e-02
5.569098e-05
2.457426e-03
1.406722e-02
5.570210e-03
7.347853e-03
1.655383e-01
6.673071e-04
2.829783e-01
8.239674e-02
1.440424e-01
1.692231e-04
6.607466e-04
6.293130e-03
2.084454e-01
7.441021e-03
1.749355e-02
2.120295e-02
3.298617e-02
1.902143e-04
1.273238e-03
5.428230e-02
5.207789e-03
3.429397e-02
6.570174e-03
3.084394e-02
1.555250e-02
2.196243e-02
1.268122e-02
1.623074e-05
