2.923316e-02
4.210155e-02
1.240779e-01
4.549031e-02
5.058701e-02
8.571568e-03
9.763269e-04
5.826559e-02
1.919234e-02
1.112765e-01
5.749559e-05
1.305369e-02
4.568133e-02
1.100923e-02
4.502038e-02
3.472967e-02
4.546611e-02
3.744100e-03
2.015368e-04
3.299238e-04
6.670849e-03
2.071306e-02
1.716103e-01
2.393991e-02
6.222898e-02
4.615185e-02
1.006573e-01
2.400152e-03
1.378152e-04
1.018978e-02
1.278051e-01
1.161477e-02
3.974177e-02
2.836571e-02
1.446730e-01
3.496299e-02
1.961898e-02
2.647048e-02
6.699456e-05
7.838757e-03
6.625134e-04
1.111688e-02
1.327050e-01
1.293226e-01
2.330028e-02
9.055774e-02
8.796834e-03
8.879515e-02
5.443615e-02
9.022825e-02
2.442774e-03
3.287144e-02
2.142090e-03
3.887580e-03
1.053314e-01
4.666893e-02
7.769070e-04
2.053336e-03
1.637509e-01
1.641524e-01
1.696447e-02
4.179360e-03
1.247800e-02
5.369252e-01
8.198728e-03
1.902492e-02
2.273973e-03
1.821138e-01
9.094472e-02
9.329022e-04
1.421012e-02
2.938960e-05
1.138461e-02
8.431030e-02
1.920273e-02
9.752423e-02
1.054103e-01
3.950939e-02
3.270565e-02
3.535260e-01
9.891461e-03
9.246402e-02
2.729302e-03
2.648410e-03
2.257617e-03
1.013646e-01
6.721166e-02
4.696993e-03
1.955178e-04
7.701401e-03
7.663342e-02
8.736738e-04
2.122156e-05
5.429599e-03
1.983751e-02
1.994222e-01
2.583781e-02
1.329061e-04
2.820664e-02
2.126149e-02
3.547767e-03
1.230243e-02
5.762695e-02
5.758609e-03
8.970147e-03
5.202171e-02
5.114165e-02
1.134995e-02
4.525396e-04
3.945247e-03
1.412676e-01
4.743296e-04
2.029379e-03
1.548113e-01
2.102995e-02
7.655365e-04
4.528737e-02
8.848774e-03
5.505020e-02
6.113320e-02
1.342771e-02
1.895983e-01
3.710339e-02
2.166955e-03
1.234838e-01
1.868363e-02
1.610507e-01
4.572954e-02
2.431920e-01
1.005566e-01
4.162290e-03
7.408463e-02
7.509336e-03
1.516145e-01
4.700432e-03
1.355987e-01
9.432126e-02
5.574833e-02
2.727342e-02
4.008718e-04
9.271587e-02
4.407681e-02
1.492408e-03
7.739900e-02
9.057085e-03
2.174256e-01
6.360280e-02
1.192257e-01
6.288283e-02
3.208738e-05
7.641149e-02
2.727712e-02
2.487224e-05
5.334670e-02
5.053303e-02
1.082851e-04
3.953211e-02
2.379943e-07
1.680418e-01
1.421861e-01
1.632755e-04
1.542988e-03
2.088426e-02
7.062994e-02
2.557042e-05
1.127281e-02
3.865358e-03
1.682822e-03
5.469478e-04
1.037225e-01
9.015882e-03
1.095382e-01
1.788159e-04
2.127654e-02
1.221604e-03
1.547345e-01
5.827862e-02
3.081187e-04
4.820696e-02
1.559845e-02
4.217840e-01
8.340625e-02
3.974880e-02
6.213103e-04
2.513363e-02
2.476049e-02
7.696326e-06
5.446976e-03
1.355610e-01
2.119586e-02
1.059724e-01
3.276185e-02
6.651314e-02
6.340629e-03
1.220629e-03
7.074792e-02
6.189162e-02
1.774686e-03
4.690519e-02
1.597300e-04
4.550667e-03
6.145956e-03
1.736295e-04
3.925475e-04
1.039149e-04
1.215786e-02
1.329835e-02
2.474685e-02
1.785534e-01
5.884231e-05
5.087428e-04
1.246390e-02
1.239780e-05
6.598349e-03
2.971437e-01
2.994241e-03
6.087370e-03
2.520780e-02
5.045312e-03
4.180151e-01
1.330398e-02
9.953070e-04
3.303658e-02
8.941714e-02
6.327702e-04
1.360441e-03
2.540463e-01
1.888342e-01
2.645564e-03
7.181638e-03
1.698800e-01
3.541605e-03
3.166431e-01
3.733105e-03
3.381541e-01
2.294092e-02
2.097643e-03
7.902407e-03
3.456019e-02
8.365932e-02
1.033210e-01
1.894225e-01
7.902583e-02
9.895541e-03
2.816131e-04
1.247918e-02
1.481363e-02
3.424179e-03
1.147128e-02
3.102136e-03
1.196172e-01
1.173900e-01
1.095441e-01
7.915245e-02
3.280447e-02
2.201295e-02
3.024526e-01
1.310004e-01
1.559284e-01
8.026673e-02
1.584245e-02
1.267140e-01
2.672085e-02
3.042004e-04
2.198132e-04
8.787462e-02
6.177698e-02
6.745324e-04
2.590669e-03
7.071608e-02
1.039122e-02
1.352321e-02
5.325721e-02
1.618662e-01
5.185873e-04
5.168839e-03
1.819255e-02
3.610137e-02
3.635200e-02
3.799273e-03
2.929261e-01
9.788229e-02
1.353164e-02
1.858109e-02
2.285663e-01
1.889837e-01
4.679815e-03
1.481782e-01
6.033840e-02
9.576817e-02
1.505027e-06
1.048014e-01
2.367319e-03
1.271284e-01
1.723355e-01
6.258264e-02
1.497483e-01
6.666015e-03
7.370094e-02
1.021134e-01
4.871321e-02
1.804509e-02
3.952807e-02
5.557157e-02
1.534213e-04
4.082851e-02
7.441859e-02
2.802928e-02
2.180155e-01
5.715449e-02
7.306635e-02
1.357251e-02
4.878201e-03
8.004978e-03
1.662860e-01
7.500870e-03
2.758416e-02
6.613081e-03
1.387247e-03
2.530551e-02
3.265971e-02
1.107300e-01
1.184308e-04
5.658305e-02
1.079765e-01
2.553453e-07
5.398177e-02
5.712094e-02
1.565898e-02
5.041798e-02
4.484733e-03
1.400772e-05
7.041605e-02
9.772101e-02
1.386204e-02
3.289042e-02
4.806022e-02
8.010052e-03
4.694209e-03
1.904558e-01
1.639916e-01
9.490405e-03
7.636120e-03
4.674439e-02
7.570497e-02
1.168323e-02
1.412104e-02
2.332067e-02
3.746423e-02
5.790777e-02
6.933823e-02
7.790459e-05
1.433231e-03
8.442615e-04
9.435932e-02
1.147668e-01
7.382172e-03
7.759156e-02
2.128426e-03
2.037958e-02
2.614205e-01
5.481976e-05
1.825513e-01
2.323390e-02
1.928268e-01
1.560880e-02
8.543304e-04
3.332285e-02
1.196043e-01
1.412238e-01
1.994085e-01
4.298029e-02
1.375966e-04
2.516206e-02
1.540326e-02
1.455809e-02
1.773206e-02
2.898633e-03
2.339461e-02
1.935322e-02
5.648633e-03
5.014699e-02
2.395597e-03
3.175379e-02
2.287027e-01
4.202259e-03
5.480260e-02
2.566141e-02
3.013726e-02
5.788263e-02
8.417319e-03
8.646493e-03
1.106585e-01
7.222989e-02
3.108881e-02
7.437696e-02
5.615761e-02
2.541884e-02
1.019728e-01
8.247011e-02
1.280594e-03
5.480474e-02
3.343396e-01
5.085242e-02
1.539934e-03
9.897199e-05
5.188660e-01
1.212231e-02
8.940463e-05
2.023355e-04
3.173629e-02
9.677084e-03
6.002984e-05
1.707113e-03
1.615166e-02
1.617448e-01
1.618832e-02
2.417701e-01
1.693028e-03
1.741335e-03
2.472332e-05
4.934700e-03
1.093937e-03
3.771188e-03
3.932513e-01
1.733510e-02
8.664670e-02
8.226536e-03
3.907348e-01
4.211594e-03
1.229693e-02
9.112757e-03
1.320765e-01
7.016147e-02
2.583898e-02
1.108324e-04
3.078429e-01
1.401690e-02
6.155535e-03
4.214736e-02
1.521236e-01
1.667090e-02
3.684930e-03
6.976334e-02
5.597323e-03
1.121547e-01
3.316940e-02
3.328148e-02
1.024136e-03
5.344850e-02
2.362707e-01
5.950078e-03
1.014333e-01
5.294149e-02
6.116518e-03
6.698616e-02
1.112992e-01
5.121268e-02
1.352225e-02
1.094818e-02
8.518996e-02
2.839597e-02
2.417208e-01
4.822526e-03
3.319519e-02
2.594413e-03
1.025389e-02
1.186672e-04
1.948975e-01
1.820390e-01
1.440550e-02
4.728893e-01
1.730473e-01
3.651250e-04
8.403058e-02
8.799993e-05
3.374311e-02
4.448248e-01
1.891915e-01
2.717732e-03
1.453887e-01
1.144511e-02
2.234674e-02
7.883652e-02
8.411027e-03
3.024001e-02
1.381370e-03
3.771007e-03
1.217255e-03
1.319688e-03
7.145054e-02
5.793178e-02
5.850019e-03
3.076400e-04
4.582288e-03
2.319110e-04
8.217762e-02
2.094273e-02
1.446345e-01
2.155181e-02
3.054016e-02
8.071616e-03
1.174197e-01
5.785428e-03
6.122225e-02
1.880815e-02
1.669570e-02
6.517792e-02
1.294381e-01
2.632286e-02
6.638585e-02
7.955846e-03
3.191914e-01
2.203146e-02
9.878795e-05
1.483885e-01
4.448923e-02
7.755560e-03
2.151062e-04
1.160072e-02
1.126556e-01
6.318416e-03
2.487322e-02
1.434593e-02
8.880529e-02
8.207499e-02
3.564975e-01
1.569345e-01
4.417402e-02
4.417279e-01
4.404718e-02
2.750991e-02
3.240044e-03
1.900011e-05
7.300737e-02
2.440419e-03
7.295649e-03
1.418014e-02
1.071501e-03
4.657408e-03
1.288737e+00
7.473419e-03
5.472880e-02
4.241019e-02
1.892341e-02
2.285698e-02
6.778908e-04
2.755473e-02
7.596234e-02
1.284707e-01
8.283426e-04
9.413831e-03
4.356051e-04
1.773807e-02
1.251244e-01
3.252049e-02
1.431518e-02
1.082233e-01
5.300666e-03
2.651590e-02
2.705723e-03
5.830616e-02
3.115721e-02
1.796344e-01
5.690727e-04
4.062982e-02
1.292618e-02
8.691665e-02
1.928354e-01
4.806567e-02
5.829073e-02
1.930634e-02
2.478438e-02
5.835595e-02
5.345503e-02
3.046198e-03
4.779537e-02
4.439981e-02
1.338725e-01
3.285866e-02
7.172962e-04
4.357264e-02
2.265059e-01
1.131848e-01
4.126710e-03
2.836588e-03
1.745504e-01
1.196032e-02
5.556452e-02
2.853088e-02
4.491852e-02
4.507229e-02
8.564102e-02
1.298360e-01
