3.906355e-02
3.476145e-02
7.353578e-02
3.524746e-02
5.006120e-01
1.235111e-01
9.028872e-02
9.372876e-03
5.552028e-03
2.343845e-02
2.478170e-02
6.650267e-03
3.794274e-03
6.642802e-02
4.033735e-02
2.779376e-03
1.537215e-03
1.224954e-01
1.549074e-01
2.514230e-02
2.934298e-02
1.907171e-02
3.158207e-02
1.641566e-04
4.621657e-03
3.962710e-02
1.252375e-02
3.365239e-02
2.352249e-02
1.016095e-01
3.384363e-02
3.700024e-04
1.951255e-03
1.353373e-01
4.076421e-02
2.088280e-02
1.261182e-02
2.348300e-01
7.773663e-02
8.438621e-02
4.027102e-02
1.738321e-02
2.345300e-02
3.855068e-03
9.234290e-03
5.151551e-03
3.240164e-05
4.043470e-02
1.606083e-02
4.011277e-02
3.255391e-02
4.727452e-03
9.858077e-04
6.131806e-02
1.440936e-01
3.140073e-01
1.378411e-01
1.953239e-01
1.220343e-03
6.621779e-02
1.955576e-06
5.125308e-02
1.403143e-04
1.118698e-03
2.317553e-03
1.077103e-03
2.220601e-03
3.191587e-02
1.020285e-02
2.228654e-02
1.020709e-01
1.936990e-05
3.178079e-02
2.747585e-02
3.886035e-03
1.965132e-01
1.407773e-02
1.048599e-01
4.295083e-02
5.287493e-02
4.378193e-03
1.443666e-02
4.521674e-02
5.197198e-03
1.542952e-02
4.462475e-03
1.819789e-01
1.049183e-01
3.025859e-04
1.406074e-02
1.944682e-03
6.003380e-02
2.605264e-02
3.533721e-02
1.409240e-01
5.317499e-04
1.933645e-02
1.345829e-01
1.699032e-03
2.708834e-02
7.721660e-02
6.489854e-02
1.748908e-02
3.042972e-03
9.294937e-05
9.741320e-02
1.051349e-01
5.936699e-04
1.365908e-02
1.209595e-02
1.565801e-03
8.096206e-01
8.678197e-02
1.556504e-01
7.284095e-02
1.184256e-04
4.278599e-02
3.264691e-02
6.204122e-02
1.088843e-04
2.929103e-03
1.479509e-01
4.964511e-03
2.859912e-01
1.181441e-02
4.691864e-03
1.243619e-03
1.112979e-01
1.320975e-02
4.924039e-02
4.404336e-02
1.303041e-01
4.979732e-02
4.249354e-02
1.591878e-05
1.888300e-03
1.490848e-02
9.437664e-02
1.704101e-05
3.305796e-05
4.407529e-02
1.081396e-02
2.464972e-04
1.049510e-02
2.491566e-03
5.986309e-02
1.159904e-02
9.663512e-03
2.491870e-02
2.725326e-02
1.601242e-01
3.156688e-03
3.901789e-04
6.572852e-02
6.063583e-02
3.933997e-02
6.733393e-02
1.699715e-01
3.201304e-02
8.909899e-01
1.558686e-02
3.383609e-02
3.188050e-02
1.271716e-01
6.870468e-03
3.136515e-02
2.183670e-03
2.140886e-02
2.158249e-02
3.602351e-04
7.015526e-02
3.459733e-03
7.263247e-03
7.902751e-03
6.792198e-03
2.916589e-02
3.495065e-02
1.444299e-01
1.767836e-04
5.973221e-01
1.852981e-02
2.789528e-02
1.855142e-02
2.355114e-02
4.397722e-04
2.306987e-02
3.141934e-03
2.934441e-03
5.927631e-02
1.379355e-02
3.068453e-02
4.707693e-02
3.201950e-02
4.685296e-03
8.288589e-04
7.728124e-02
1.701083e-02
1.314825e-01
5.248986e-02
3.259915e-02
7.789590e-02
3.100084e-02
3.780184e-03
6.683247e-03
3.218680e-01
6.381198e-02
5.869694e-04
1.477077e-01
2.326385e-02
2.260535e-03
9.712359e-03
1.241104e-01
4.527772e-02
2.654775e-04
1.528084e-02
5.839055e-02
2.257728e-01
2.500910e-02
8.582292e-03
4.618356e-03
4.274283e-03
1.443659e-02
1.311596e-02
4.521609e-02
2.601126e-03
6.765085e-03
3.028397e-02
1.804830e-03
1.211022e-01
3.777847e-02
2.781499e-03
4.201460e-02
2.472568e-03
1.384787e-01
2.941788e-02
4.235958e-02
3.431317e-04
6.617034e-02
1.111988e-02
5.921246e-02
2.343572e-01
5.336054e-04
2.331285e-01
2.614418e-02
1.935267e-02
2.867582e-03
8.969728e-03
1.282033e-02
6.504915e-03
4.285329e-03
1.083659e-01
3.030320e-02
1.249338e-01
3.113251e-07
1.554393e-02
4.710780e-03
8.530243e-04
2.253184e-02
1.868310e-02
2.170543e-02
4.553122e-01
3.696267e-05
1.103796e-03
5.650161e-04
2.533354e-04
1.112886e-03
2.101095e-05
7.032055e-02
2.977415e-01
8.509407e-02
2.430943e-02
1.267462e-02
5.107392e-01
4.128007e-03
2.806719e-03
4.227405e-02
1.075280e-02
3.323266e-01
6.805015e-02
3.144813e-02
4.971502e-03
5.022564e-03
2.074734e-01
2.459993e-02
9.319874e-02
5.608355e-02
1.782523e-02
1.181532e-02
6.022914e-02
3.435788e-03
3.326021e-02
1.110781e-03
2.387921e-03
1.228543e-02
1.755448e-03
2.421974e-02
6.344808e-02
1.429925e-01
3.039007e-02
8.766007e-03
9.956017e-02
3.423420e-02
9.921818e-02
8.428408e-03
6.851988e-02
8.150055e-03
5.469977e-02
2.464070e-03
2.974371e-02
5.194678e-02
9.014284e-02
3.586430e-02
1.004679e-02
1.480759e-03
4.431735e-02
8.356571e-03
5.874011e-02
3.637331e-04
2.916012e-02
1.966901e-02
3.181846e-03
1.059633e-02
2.009120e-02
1.200358e-02
2.832572e-02
1.112103e-01
1.722154e-03
1.079193e-01
3.685388e-05
4.882460e-03
1.212536e-01
5.610153e-02
1.708393e-01
3.921819e-02
7.752903e-04
3.881492e-07
1.292217e-03
2.103629e-02
2.835919e-02
9.109474e-02
4.607850e-03
1.095772e-02
1.317448e-02
8.104498e-02
6.546554e-03
7.809665e-05
2.387157e-02
7.824942e-04
7.015580e-02
1.621613e-04
5.561178e-03
7.876412e-01
2.074605e-02
3.494361e-02
1.104415e-02
1.081831e-03
5.933541e-03
2.544834e-02
2.670256e-02
8.991717e-03
2.455445e-02
2.522851e-02
2.469943e-04
2.658457e-02
6.417214e-02
1.456644e-01
1.932420e-01
4.563652e-03
2.725482e-03
4.244341e-02
6.002645e-06
5.338636e-02
1.085236e-01
6.060625e-04
4.185586e-03
1.218899e-05
1.136840e-04
8.110550e-02
1.746142e-02
1.072272e-04
1.145066e-03
1.073853e-01
5.218006e-03
6.220258e-03
2.416063e-02
7.182513e-02
1.868864e-02
3.829206e-04
2.813095e-02
1.203612e-01
9.839667e-03
4.978827e-02
1.166876e-01
1.117469e-01
6.709293e-02
1.757571e-01
1.175944e-01
1.689910e-01
3.909003e-02
2.487448e-02
1.058853e-01
1.458433e-05
3.634778e-02
8.065093e-02
1.579548e-03
1.039570e-02
7.648259e-03
1.185756e-01
3.846820e-03
1.267137e-01
2.267966e-02
8.090357e-04
7.655461e-03
7.515299e-03
3.090155e-02
3.562605e-02
1.626884e-02
1.883463e-02
6.647822e-02
5.997237e-02
1.354071e-01
1.392455e-01
1.545598e-01
3.681409e-02
4.851071e-05
7.224086e-02
3.949534e-02
1.562051e-02
3.036976e-03
6.532880e-02
5.929226e-03
1.314659e-01
1.413029e-02
9.880688e-03
2.743974e-01
5.217763e-04
2.104351e-02
7.597805e-02
1.344351e-01
9.839932e-02
1.020463e-01
1.184311e-01
1.907418e-02
1.959078e-03
4.801595e-02
3.413371e-05
9.271536e-04
1.572138e-03
5.528371e-03
9.470627e-03
7.085499e-03
1.121009e-04
1.204626e-02
2.963239e-03
9.159621e-02
1.523150e-01
3.792704e-05
5.787924e-02
5.498605e-03
5.500020e-02
2.007107e-02
2.549864e-02
2.165524e-02
6.137549e-04
7.105906e-03
3.342966e-02
3.403939e-01
7.331191e-02
3.709009e-01
4.083624e-01
2.385037e-01
2.821329e-01
1.267474e-02
4.587458e-02
9.575645e-02
4.860280e-02
1.598876e-02
7.584225e-02
1.975268e-02
1.477781e-01
1.191293e-03
1.552727e-02
1.891706e-01
5.387245e-02
1.201210e-01
5.388403e-02
1.571217e-02
1.161664e-01
7.968399e-02
2.233102e-02
8.533113e-02
2.467987e-03
8.590981e-02
1.026933e-01
4.518853e-02
1.266771e-02
1.122604e-01
5.880157e-02
2.150540e-02
7.019440e-02
3.305508e-02
2.511875e-02
5.571686e-04
5.016745e-06
1.558756e-02
3.437434e-06
4.543826e-03
2.048283e+00
1.489516e-02
7.526884e-03
6.398452e-02
2.647359e-01
9.056560e-02
1.565062e-01
2.777229e-02
2.150877e-02
1.150545e-02
2.971254e-01
1.078453e-01
1.428068e-02
1.589936e-02
8.161596e-03
1.354601e-01
2.484391e-01
2.549902e-03
6.169830e-01
3.098754e-02
6.266688e-03
1.065663e-01
3.495465e-02
6.933960e-02
1.529140e-01
8.949341e-02
5.306868e-03
2.031871e-02
2.084823e-02
1.472877e-01
3.174365e-02
7.619735e-02
3.849547e-02
4.434577e-02
2.433595e-03
1.020072e-01
4.905977e-03
4.074263e-02
6.269335e-04
7.749363e-04
1.706231e-02
7.679603e-02
3.334923e-02
3.117462e-02
9.577791e-03
3.378193e-04
2.827552e-05
3.245945e-02
2.370798e-01
1.029802e-01
8.620113e-02
1.628605e-03
1.915644e-02
6.022990e-02
1.601427e-01
4.312813e-04
1.097346e-01
7.359717e-02
1.006507e-01
1.254665e-02
6.706549e-03
3.235901e-03
9.639713e-02
7.197127e-02
2.289152e-01
4.034967e-02
3.507580e-02
2.174955e-02
1.915145e-02
3.170062e-02
1.407480e-01
9.502930e-02
7.036893e-02
5.642829e-02
2.404523e-02
1.238634e-01
5.121293e-03
1.474694e-02
7.996277e-02
7.932085e-02
9.382973e-02
2.053460e-01
3.966432e-02
3.555580e-02
1.837522e-01
5.912465e-02
1.054186e-04
