1.696621e-02
7.218853e-03
4.931710e-02
1.311388e-03
2.632879e-01
3.382791e-02
4.825994e-03
5.813694e-02
2.246212e-02
5.383380e-03
1.722247e-01
1.384301e-02
7.510340e-02
3.526388e-03
9.403887e-06
5.393274e-02
1.631866e-02
1.170107e-03
7.694295e-08
8.486255e-06
6.156720e-02
9.868033e-02
6.449958e-02
9.766659e-03
1.371839e-02
3.219533e-01
5.145989e-03
1.080867e-01
6.900659e-04
2.044023e-02
2.376772e-02
2.267899e-02
4.661968e-02
2.494235e-03
4.552419e-02
5.674610e-02
4.141502e-03
8.430506e-02
1.444843e-02
5.203172e-02
9.138698e-05
1.124502e-03
1.133825e-01
4.523359e-02
2.986302e-03
4.452938e-02
9.713064e-03
7.485393e-03
5.008854e-04
1.039821e-01
6.102196e-02
8.050646e-05
4.880510e-02
7.182801e-02
1.354754e-02
1.475743e-01
2.514466e-01
1.846713e-02
1.343142e-02
1.190107e-01
1.889017e-01
2.260831e-01
9.992958e-02
6.452710e-02
2.036257e-01
5.276211e-02
2.306785e-02
5.212089e-02
6.220527e-02
3.515267e-04
2.434962e-03
2.956532e-02
1.893162e-01
7.518721e-02
1.315704e-02
1.595964e-01
2.660277e-03
8.761955e-02
1.886298e-02
9.754360e-02
2.555374e-02
2.106451e-03
1.429024e-02
8.477592e-03
1.944135e-03
6.919643e-03
2.002493e-01
5.740307e-04
2.698395e-02
9.031924e-03
5.177080e-02
7.860661e-02
5.738444e-02
3.206429e-02
1.868035e-01
1.426633e-04
1.076867e-01
4.041086e-03
6.329080e-04
1.820385e-01
1.363941e-03
1.097833e-03
1.793855e-03
3.434216e-02
1.129013e-02
1.997093e-02
2.251581e-02
5.128022e-03
1.643105e-02
6.521929e-02
3.832590e-07
7.061614e-01
9.597822e-03
2.580079e-02
1.639096e-03
8.764354e-02
1.163268e-01
4.601650e-03
4.609552e-02
4.405178e-02
2.988174e-02
1.958417e-01
2.394410e-04
5.440870e-02
1.140695e-02
9.394161e-03
8.438257e-02
3.009432e-02
2.847823e-01
6.319304e-03
9.314499e-03
4.004888e-03
5.588024e-03
7.799331e-03
7.315918e-03
2.584870e-01
1.119168e-01
2.920798e-03
1.628433e-02
1.314882e-02
8.373366e-02
4.924434e-02
1.242285e-02
1.413908e-01
7.922492e-05
3.658261e-03
1.833112e-01
1.016208e-01
5.038209e-02
2.708128e-04
5.672221e-02
2.806801e-03
1.196450e-01
3.522160e-03
1.607606e-01
1.891420e-02
2.726154e-02
3.546988e-03
3.833677e-02
2.758143e-03
7.090813e-02
4.272740e-03
1.106508e-03
2.577911e-02
1.020053e-01
2.354729e-01
2.570052e-02
4.615927e-05
1.657947e-02
7.109207e-02
1.747675e-04
2.259316e-01
7.869648e-02
2.016877e-03
5.315923e-03
1.921211e-02
3.843713e-03
1.369158e-02
3.915644e-02
6.148830e-03
1.280191e-01
2.706914e-02
2.479428e-01
4.488977e-03
4.588914e-03
4.633980e-04
6.419799e-02
1.824415e-02
5.853918e-02
9.659173e-02
6.980274e-02
6.473090e-03
4.867332e-02
2.177998e-03
1.253959e-01
8.734967e-03
1.442898e-01
1.149894e-02
5.405370e-03
4.576139e-02
2.895295e-02
1.763989e-02
5.489163e-03
3.000663e-02
1.760121e-03
1.035136e-02
1.147792e-01
4.521519e-02
1.012568e-01
1.707732e-02
2.326165e-02
1.269636e-02
1.737816e-02
1.804625e-01
2.383959e-01
1.869856e-02
1.004002e-03
1.760524e-03
4.961432e-02
8.926057e-02
2.517442e-02
6.109173e-02
3.181587e-03
2.567145e-02
5.084259e-03
4.808966e-04
1.019292e-05
2.370521e-01
4.143872e-02
2.926982e-02
3.136131e-02
7.567447e-02
1.107979e-02
1.867739e-01
8.085949e-04
2.252893e-02
1.813364e-01
7.989895e-02
1.171086e-04
2.021364e-01
5.059039e-02
1.351068e-02
3.749226e-02
2.941069e-02
3.109124e-02
9.674252e-03
6.593202e-03
7.288344e-02
3.152517e-03
8.104049e-02
4.387358e-03
1.988459e-04
3.831907e-03
1.530860e-02
4.236275e-04
7.094034e-06
2.636008e-03
8.769150e-02
5.097239e-02
1.786132e-02
1.422431e-01
1.408420e-03
1.078540e-01
8.526743e-03
1.847172e-03
1.154231e-03
4.324505e-04
3.832659e-04
1.393140e-02
1.513368e-01
7.550002e-02
2.993267e-04
1.807401e-01
7.567596e-05
4.766347e-02
1.350299e-01
5.995590e-02
2.774812e-02
1.808610e-03
4.201631e-03
7.289685e-02
2.180390e-02
7.518808e-04
1.308698e-02
4.765446e-01
4.975379e-02
1.310851e-01
1.695795e-01
3.613448e-06
2.351537e-02
1.165535e-02
1.197239e-01
1.489443e-01
2.624016e-02
8.248613e-02
6.868626e-02
2.640236e-02
5.671974e-02
1.240921e-02
5.878775e-02
5.988349e-04
2.711246e-02
2.879340e-03
4.335978e-04
1.162452e-01
5.713731e-02
3.326467e-01
3.929278e-02
4.480891e-04
6.185385e-02
4.049252e-01
1.837923e-02
1.039766e-02
3.773911e-02
1.789728e-02
6.333444e-02
1.059731e-01
1.750891e-03
4.661319e-02
1.117953e-01
1.142822e-03
1.131771e-01
1.199768e-01
3.281244e-02
1.410755e-03
1.346723e-01
1.115452e-03
1.370280e-03
2.794606e-07
8.629440e-03
4.527279e-03
4.250748e-02
1.790923e-03
4.319663e-02
1.995547e-02
2.715996e-02
9.371083e-04
2.244115e-02
1.179223e-02
4.953092e-02
2.784675e-02
4.576920e-02
6.636847e-02
1.070263e-01
1.439590e-01
1.100167e-04
6.819766e-03
2.051727e-04
2.457712e-03
2.055207e-01
7.314269e-03
2.585107e-04
3.463540e-04
1.528877e-02
8.013178e-02
3.896508e-02
1.422880e-01
6.341118e-03
2.741095e-07
8.481462e-03
8.077736e-02
1.642656e-01
1.606694e-01
5.947057e-02
1.006682e-02
9.575544e-02
1.070779e-01
6.602373e-02
4.355856e-02
3.795003e-04
1.757291e-03
7.966865e-04
9.001299e-03
5.992467e-02
2.921727e-02
4.146475e-02
6.769436e-03
2.524801e-01
1.577732e-02
9.085742e-02
4.386010e-02
4.754621e-04
1.903032e-04
4.916095e-02
2.191637e-03
6.547760e-02
2.401651e-02
3.136562e-05
9.119917e-05
1.132686e-02
1.605177e-01
5.896277e-03
9.769681e-05
2.568683e-01
1.216564e-01
1.695521e-03
2.323467e-02
1.441642e-01
3.635984e-02
1.298831e-01
4.288124e-02
2.425616e-04
1.750027e-02
2.739038e-02
2.416615e-02
4.089088e-02
1.557199e-01
2.288438e-05
3.051779e-02
6.998684e-02
2.660784e-05
1.758049e-01
7.020340e-03
2.013970e-01
3.689417e-02
2.140438e-04
1.836865e-04
1.036395e-02
1.589375e-02
6.656543e-02
3.536706e-03
2.044715e-02
2.278804e-01
3.412748e-02
1.019688e-01
5.327974e-03
5.507177e-02
1.499248e-01
2.144642e-02
5.848394e-02
4.966971e-03
3.308398e-03
3.884816e-04
4.273969e-02
3.133621e-03
1.104667e-02
8.301455e-03
1.013700e-01
2.467995e-01
1.081215e-02
4.403110e-02
4.333158e-02
6.136033e-02
6.420618e-04
3.397888e-02
5.646085e-02
3.995410e-02
1.979700e-03
3.576174e-02
7.850417e-02
3.315004e-02
1.281288e-02
1.324702e-01
6.110093e-02
1.661793e-01
6.672326e-03
1.749366e-01
2.562473e-02
3.187799e-03
2.279406e-03
1.304879e-01
1.993597e-02
6.828538e-04
1.523462e-03
2.269312e-01
4.862298e-02
2.471499e-02
2.031211e-03
8.500918e-02
3.273813e-03
8.808961e-02
9.410979e-03
1.589225e-02
2.951046e-01
2.328579e-01
4.988812e-03
4.045388e-02
2.834405e-02
3.302132e-02
1.998070e-02
1.468790e-02
3.804789e-03
5.522271e-04
4.184045e-03
7.232805e-02
1.051208e-02
6.080109e-02
7.316850e-02
8.424207e-02
3.776431e-02
6.159652e-02
6.061870e-02
1.169915e-03
2.611988e-02
1.331040e-01
7.587737e-03
1.528642e-03
2.307582e-03
3.725537e-02
1.294763e-01
1.078484e-01
1.737688e-01
1.526494e-04
9.651554e-06
4.739818e-02
1.553228e-01
6.032639e-02
4.062262e-03
3.299400e-02
5.656570e-03
1.671127e-01
2.856235e-02
1.224864e-01
4.881906e-03
2.074068e-01
4.166224e-02
1.076985e-02
1.197423e-01
1.169308e-01
1.307806e-01
1.345248e-02
1.575163e-01
8.058680e-03
9.240810e-02
7.793395e-03
4.857318e-05
3.811039e-03
4.413101e-02
6.767234e-02
3.938796e-01
9.461070e-05
1.919595e-02
1.110035e-01
9.789320e-04
1.029185e-01
3.184771e-02
8.236752e-02
1.394538e-01
1.132413e-02
1.034518e-01
2.753781e-02
4.056050e-02
2.190981e-02
1.262973e-01
7.145961e-02
5.439842e-07
1.769916e-02
5.440014e-02
6.732540e-02
2.349922e-03
5.997571e-03
7.940704e-03
1.285045e-02
3.221010e-03
3.367515e-03
9.254456e-02
2.328987e-01
6.256668e-02
6.327582e-03
6.027103e-03
3.444450e-03
9.626989e-02
4.745748e-02
1.152433e-02
8.572750e-02
4.638271e-02
4.136684e-02
2.815312e-01
8.842439e-03
9.217536e-04
3.464700e-03
9.708285e-04
1.327811e-01
1.486193e-01
2.431656e-01
8.028357e-02
7.130668e-04
1.899474e-03
9.709633e-04
2.103654e-02
9.935476e-03
9.119139e-03
2.519329e-02
6.550438e-03
6.380866e-02
8.973091e-03
4.899677e-03
3.067750e-03
9.355087e-02
1.931089e-01
3.864699e-05
2.696637e-01
1.051717e-01
1.005570e-03
