3.069287e-02
7.418200e-02
3.034557e-02
4.815197e-04
2.985931e-03
2.670090e-02
7.357704e-03
5.461861e-03
1.104900e-01
1.047481e-03
1.768304e-02
4.335292e-03
5.911447e-02
5.696824e-02
9.426842e-03
1.103421e-02
4.052956e-04
2.759551e-05
1.021280e-01
5.059306e-05
1.838978e-01
5.255886e-02
1.242375e-01
5.345542e-05
1.750074e-03
9.745048e-03
7.597725e-02
6.995903e-02
1.268611e-01
6.310251e-03
5.754931e-04
2.032302e-02
6.632882e-02
1.253768e-02
1.133801e-05
1.940470e-02
1.821789e-02
8.986474e-03
2.582346e-02
8.386837e-02
1.351609e-02
4.742895e-02
2.456700e-02
7.383112e-02
3.801540e-01
1.736577e-01
2.355938e-05
1.246296e-01
1.469296e-04
5.910613e-02
9.325976e-03
3.941051e-02
4.769247e-02
1.632532e-01
8.418449e-02
1.509214e-04
4.917601e-02
7.465179e-02
2.293079e-02
7.409055e-02
5.605978e-02
6.988154e-03
8.923750e-04
2.187457e-02
6.525658e-02
1.465016e-05
6.823637e-02
3.004394e-02
5.831541e-02
2.082996e-02
1.445901e-01
1.394720e-01
7.464863e-02
1.258315e-02
8.824237e-02
2.323406e-01
9.339360e-02
7.842412e-02
2.866572e-02
1.464176e-04
5.416722e-05
2.609528e-02
7.643307e-04
4.177317e-03
9.988483e-06
1.779927e-01
8.983252e-02
3.698290e-02
1.164418e-02
9.623549e-03
1.362577e-01
2.132327e-02
7.770138e-03
2.962262e-02
2.108382e-01
8.948534e-03
3.914814e-02
6.654695e-03
1.061230e-01
2.291598e-01
3.431475e-01
1.564093e-01
1.831199e-02
3.699823e-02
1.004830e-01
8.715339e-02
7.806652e-02
8.991070e-03
2.195722e-02
1.786907e-01
1.353853e-04
2.038836e-03
7.789886e-02
2.109615e-01
4.464592e-02
3.379466e-02
2.128456e-01
1.404358e-03
2.984950e-02
5.614029e-02
1.568230e-02
3.160328e-02
2.821198e-01
2.473285e-02
9.693824e-03
9.506129e-02
1.705200e-02
1.388134e-03
3.938997e-06
2.290449e-02
6.054275e-03
4.515246e-02
3.074794e-03
5.168440e-04
2.166403e-04
3.175896e-02
3.804405e-02
5.016206e-02
5.892186e-03
2.232464e-01
5.554904e-02
3.050086e-03
1.180353e-02
7.342347e-02
2.627786e-01
3.428991e-02
8.637036e-02
1.835466e-04
4.789665e-02
1.350098e-04
1.852028e-02
3.522560e-02
4.608348e-02
6.832879e-02
1.899928e-03
1.628886e-02
9.791855e-02
3.196927e-04
8.988256e-02
4.858056e-01
2.512376e-03
4.317007e-02
5.864926e-03
2.426365e-04
9.336725e-02
5.255053e-01
6.487135e-03
1.111155e-02
4.436330e-03
4.292287e-02
9.568280e-04
5.837672e-03
2.139930e-05
2.986494e-02
4.194442e-03
1.075781e-01
3.343643e-02
4.565889e-03
4.131335e-02
1.375394e-02
1.014098e-01
1.077660e-02
2.827263e-02
2.226444e-04
1.525555e-02
5.025443e-02
1.569095e-02
5.370309e-02
5.402547e-02
8.881069e-02
4.844186e-02
1.090212e-01
1.570712e-01
1.628174e-05
1.711809e-02
2.202415e-01
2.184364e-01
1.119027e-02
1.178948e-01
3.739124e-02
3.204085e-02
1.044636e-02
1.675752e-03
2.203961e-03
2.806385e-04
9.803423e-04
7.344800e-03
4.537591e-02
1.354825e-03
4.129537e-03
9.909454e-03
9.545658e-02
7.119686e-03
2.801293e-07
1.954986e-01
3.067373e-02
5.486141e-03
1.861110e-01
8.416107e-02
7.519190e-03
1.342011e-02
1.334971e-02
8.256759e-03
7.625415e-02
1.029294e-02
1.722196e-03
9.254007e-02
1.689375e-03
6.624910e-02
2.086795e-03
2.553274e-01
4.712472e-03
8.223591e-05
3.009404e-03
1.204332e-01
2.418682e-02
1.751110e-01
5.402618e-03
4.318327e-02
5.915314e-04
5.012341e-02
1.448334e-02
1.083134e-01
2.395878e-02
3.094093e-02
8.661155e-02
4.574677e-02
5.241755e-02
4.295205e-02
2.006031e-01
1.063375e-01
5.722380e-02
1.775760e-01
5.602650e-03
9.797693e-02
4.840400e-02
1.825196e-01
8.474329e-02
1.060377e-01
5.977429e-02
3.816902e-02
2.256598e-02
9.903171e-02
2.892291e-02
1.553849e-05
1.664823e-02
4.978553e-02
2.547945e-03
1.057546e-01
1.052570e-01
2.339801e-01
3.907973e-02
3.152071e-02
2.731943e-02
1.751056e-02
2.372964e-01
2.675921e-02
7.149222e-04
5.801788e-02
1.671608e-02
6.541740e-03
1.514775e-02
1.954748e-02
2.832718e-02
6.521406e-03
1.296460e-01
2.438374e-01
5.117281e-02
2.269579e-02
9.529122e-05
8.428154e-03
1.043508e-03
3.476507e-02
3.945515e-03
1.628924e-03
3.430641e-04
7.540647e-03
2.751206e-02
2.205334e-02
2.856102e-02
3.779234e-04
4.655527e-02
1.613507e-01
3.055897e-05
2.552330e-01
4.776779e-02
1.622054e-01
1.847054e-03
4.813358e-04
6.921352e-02
2.966622e-02
2.139589e-01
7.943725e-02
3.108009e-02
1.421096e-05
8.926589e-02
3.229531e-03
4.651199e-02
1.880847e-01
1.955812e-01
2.261893e-01
2.009914e-03
1.062951e-04
2.733577e-01
2.361866e-01
1.705036e-01
4.820441e-02
7.800812e-04
9.869779e-03
5.423188e-03
5.789722e-02
1.744678e-02
2.768703e-03
9.749756e-03
6.799979e-02
1.126242e-01
3.839700e-02
2.677720e-04
1.166553e-02
3.083985e-02
4.685444e-04
8.308294e-03
4.443099e-02
6.633972e-02
1.301761e-02
3.397500e-02
5.314951e-03
3.420552e-02
3.463517e-03
1.590742e-03
1.639310e-02
2.632119e-03
3.069863e-02
6.659051e-02
1.807675e-01
1.851193e-01
6.431857e-03
4.572585e-02
2.350637e-01
1.276682e-01
7.007373e-03
3.207554e-04
1.180461e-02
2.018611e-03
1.196550e-02
1.278382e-02
2.116251e-02
2.443808e-03
1.108606e-02
2.046659e-01
1.949421e-01
7.543614e-02
3.979688e-03
2.941140e-02
1.345262e-02
2.042143e-03
1.242437e-01
3.336377e-02
2.126822e-02
3.687450e-02
1.085394e-03
9.395677e-02
6.439391e-04
1.597211e-02
7.256300e-03
4.876982e-02
1.089499e-05
7.494131e-02
2.738457e-02
1.388265e-02
3.805298e-04
9.616001e-02
2.501557e-01
3.146026e-04
1.142624e-03
1.423594e-02
5.287483e-02
9.616643e-03
1.381663e-02
2.074129e-02
3.204044e-05
3.231652e-02
1.442318e-01
8.033260e-03
4.761638e-02
1.919276e-02
9.845861e-03
3.181209e-03
6.342853e-02
6.368828e-02
2.078750e-02
2.305674e-02
1.185162e-01
5.395488e-02
5.193146e-04
3.216542e-01
5.391947e-04
1.846731e-01
1.925693e-03
3.971850e-02
1.145722e-01
9.189930e-03
7.634436e-03
1.337863e-02
2.119122e-02
2.009885e-02
2.328510e-02
4.635840e-02
9.146412e-02
1.695139e-02
2.478982e-02
2.955940e-02
1.081961e-01
6.684591e-03
2.326188e-01
3.136978e-02
7.922771e-03
1.664932e-01
1.292614e-02
2.392978e-01
3.953044e-02
1.660258e-01
2.214359e-01
4.200500e-02
1.208135e-01
3.390996e-02
9.382556e-02
1.084985e-03
9.954603e-04
3.092152e-03
3.303713e-02
1.881209e-02
3.680255e-02
1.305149e-01
6.109939e-02
1.598354e-12
1.050978e-02
1.778291e-04
1.235807e-02
7.404648e-03
4.608973e-04
1.225733e-01
7.938467e-04
1.531780e-02
4.092032e-03
1.830433e-02
1.646768e-02
8.365744e-03
5.493378e-02
4.394431e-02
4.734859e-02
2.037746e-01
2.374401e-04
1.187989e-03
1.537165e-01
2.241574e-02
8.192473e-02
2.699257e-01
1.770157e-02
2.640146e-02
7.555378e-02
2.476074e-01
3.176967e-02
6.486744e-02
1.966455e-02
4.647025e-02
1.467694e-02
5.887569e-02
5.826095e-02
2.966780e-02
1.564585e-01
5.986436e-04
2.706292e-04
4.517363e-03
3.153878e-03
1.858866e-02
1.363178e-01
9.007749e-02
5.891220e-05
2.847726e-02
4.940461e-03
3.587486e-02
7.994310e-03
3.559546e-02
1.095997e-01
1.520399e-02
9.164491e-02
8.241967e-01
7.570370e-02
1.169766e-02
4.321600e-01
7.606952e-02
9.740842e-04
1.448712e-02
2.722015e-03
1.405482e-02
2.407971e-02
1.080196e-02
3.922032e-03
7.415002e-02
8.144956e-02
6.784791e-05
2.360874e-03
2.312363e-01
1.327437e-02
2.604779e-03
5.936911e-04
3.504756e-03
3.204924e-03
8.344475e-02
2.085453e-01
7.898033e-02
8.952262e-02
1.448947e-02
5.853431e-02
8.984743e-04
3.568678e-03
8.186968e-04
5.175104e-02
2.111744e-02
3.898723e-01
2.071815e-02
4.641447e-02
2.182191e-02
4.451882e-02
1.158499e-03
1.637765e-01
9.803092e-05
4.312723e-02
2.930300e-02
2.069392e-01
1.825813e-01
5.520310e-05
1.870994e-02
1.760246e-02
2.821094e-02
5.833291e-02
5.797748e-03
9.524008e-02
2.117835e-03
2.119317e-02
2.767977e-05
3.516225e-02
2.682008e-02
1.656190e-03
1.942813e-01
3.193305e-02
2.780922e-03
7.485926e-03
1.460279e-02
4.218825e-02
5.861182e-02
9.502418e-02
1.289466e-02
9.025712e-02
2.251778e-02
1.766921e-04
1.623203e-02
5.960341e-03
1.178865e-02
4.368055e-02
4.770604e-02
3.275751e-05
3.029928e-03
5.029501e-02
2.746085e-02
2.966799e-02
6.430193e-02
2.983143e-03
8.382308e-02
1.261574e-01
8.740352e-02
6.411633e-02
2.831087e-03
