3.784733e-02
9.599224e-02
1.607304e-02
5.338037e-02
6.525138e-02
3.762760e-02
1.039202e-01
9.763322e-05
3.742253e-02
6.859713e-05
2.503925e-02
1.033005e-01
4.009439e-02
2.585638e-03
4.972508e-02
3.771602e-05
3.137351e-02
6.302674e-03
4.862479e-02
7.704074e-02
3.469993e-02
2.601503e-02
1.056519e-02
1.274894e-02
9.576281e-02
2.793805e-02
3.240068e-02
9.190903e-03
2.830780e-02
2.306471e-02
6.989302e-03
6.297843e-03
2.349910e-02
2.139412e-02
6.711338e-02
1.126536e-03
9.100196e-02
8.249972e-05
9.226745e-02
5.089552e-03
7.908323e-03
6.562892e-03
8.586296e-03
3.233155e-03
4.058661e-03
6.215427e-02
5.299666e-02
1.350714e-01
3.361564e-02
1.159908e-01
5.785402e-03
6.029199e-05
3.292984e-01
3.499165e-02
7.118582e-02
8.609941e-04
9.841344e-02
1.015411e-03
3.937724e-02
4.510691e-03
2.682319e-02
1.503424e-02
1.576365e-03
1.385597e-03
7.545504e-02
1.046550e-02
2.383893e-01
4.900977e-02
1.865670e-02
3.594232e-02
2.346201e-02
1.834003e-02
4.732023e-03
1.301257e-04
3.109331e-03
8.183825e-02
1.189225e-01
2.126364e-02
4.990215e-03
5.352765e-03
1.871728e-02
1.778500e-02
6.494232e-03
1.113612e-02
4.265538e-01
2.067052e-02
2.393098e-02
1.059086e-01
2.372085e-02
2.123849e-02
7.441517e-03
6.675432e-03
3.855976e-02
3.818867e-03
1.846108e-03
7.830545e-02
9.266005e-02
6.329380e-02
1.529443e-01
6.507074e-02
2.931908e-02
9.913679e-03
6.658199e-02
2.504646e-02
1.260057e-02
4.744038e-02
1.990602e-02
8.692135e-02
3.509860e-03
9.352274e-03
8.802411e-05
8.330014e-03
8.947365e-03
2.721703e-02
1.084621e-02
3.806860e-02
2.942976e-02
5.940458e-02
1.049237e-02
1.501229e-04
3.394681e-01
5.897698e-03
1.574109e-02
3.897080e-04
1.393211e-01
1.041750e-01
6.765899e-03
3.157775e-02
4.191029e-02
5.719579e-02
1.467884e-02
2.015795e-02
7.168751e-02
1.934976e-01
8.898887e-02
4.741646e-03
4.651739e-02
1.273071e-01
1.330058e-02
3.871495e-01
7.088379e-02
3.872536e-02
1.052532e-03
6.682154e-03
3.378468e-02
7.955906e-02
2.802132e-02
2.161135e-02
3.996797e-02
1.207512e-02
1.549626e-01
2.822795e-03
2.335278e-02
1.593877e-05
2.763096e-02
1.896691e-01
5.118182e-02
5.954769e-02
8.017763e-02
6.567861e-02
6.059957e-04
1.509159e-01
2.286639e-01
1.209817e-02
9.094518e-02
9.474330e-02
7.507927e-04
9.010522e-02
3.095288e-02
6.305446e-02
2.680041e-02
2.102978e-02
1.442558e-04
1.023501e-03
3.925316e-03
4.402624e-02
3.521600e-03
5.324964e-02
1.456026e-04
3.911932e-02
1.305474e-02
7.754168e-03
2.871054e-01
5.544892e-03
1.527970e-02
4.051493e-03
1.199051e-01
1.391424e-01
1.018126e-01
2.484527e-04
3.780720e-02
1.440544e-02
2.203249e-02
3.404933e-03
1.070820e-02
7.136971e-02
2.221009e-02
3.250430e-01
5.939590e-03
2.721722e-03
1.474159e-03
1.280827e-02
1.246185e-02
2.606939e-04
6.242066e-02
4.156588e-02
9.754958e-03
6.411392e-03
6.589136e-02
9.838277e-03
6.797310e-02
3.218974e-03
2.442830e-03
6.192460e-03
2.148625e-04
4.916907e-02
6.813432e-02
1.320525e-01
3.190915e-02
1.262407e-01
3.771133e-02
4.581490e-03
1.352302e-01
8.956948e-02
2.353802e-02
8.748597e-04
6.084448e-03
1.645970e-03
2.801559e-03
1.269046e-01
2.322389e-03
2.368409e-03
1.915993e-01
3.201717e-02
1.749800e-02
1.556129e-02
5.844714e-03
3.337577e-03
2.478986e-01
3.825490e-03
2.595300e-02
2.015214e-01
2.484104e-02
2.037900e-02
2.516729e-02
2.769810e-02
9.222022e-02
4.113623e-03
3.824078e-03
1.017184e-03
1.605097e-03
8.039173e-03
5.046355e-03
9.693236e-02
4.100191e-02
1.309129e-01
1.531626e-03
4.231860e-02
1.448078e-04
1.046113e-01
2.782735e-05
1.245596e-01
5.185615e-02
7.315303e-03
3.696876e-04
1.443230e-01
2.369416e-03
1.284959e-03
4.155142e-02
3.627110e-02
7.172708e-02
1.774073e-01
1.547347e-02
3.482754e-01
6.621025e-02
6.877122e-02
4.444332e-02
2.426255e-02
1.585484e-01
1.506859e-02
3.692742e-04
2.012346e-02
1.215081e-02
1.122192e-01
1.806032e-01
3.815753e-04
9.779277e-02
3.757178e-03
1.267118e-02
2.767647e-02
9.177905e-03
9.180221e-04
1.062259e-01
1.035498e-02
5.521765e-02
7.774809e-02
6.470508e-03
4.891461e-02
1.040907e-01
6.579038e-03
3.652089e-02
4.102702e-03
1.822332e-02
1.810385e-01
3.118619e-04
1.061041e-03
7.415316e-03
5.645910e-02
1.758659e-02
2.667359e-03
3.375734e-02
3.708225e-02
9.062241e-03
1.868638e-01
6.623460e-03
1.000935e-01
3.062869e-03
3.324071e-02
1.075921e-01
8.974394e-04
1.186526e-02
1.983675e-02
7.207297e-03
7.645170e-02
2.221301e-04
8.711791e-04
4.344626e-02
3.455634e-02
1.513144e-02
3.206311e-03
8.608989e-02
4.098030e-02
2.060778e-02
5.504010e-02
1.331525e-02
1.670734e-03
5.223786e-04
8.770736e-02
1.353412e-02
1.198291e-01
1.487984e-03
2.973383e-01
8.007411e-03
1.057619e-01
1.943809e-05
3.034898e-02
4.633357e-02
8.900626e-03
6.514319e-02
1.728277e-01
9.376534e-04
1.010587e-02
1.463539e-01
7.926203e-03
2.201926e-01
5.658867e-02
2.068223e-02
4.645230e-02
3.731527e-02
3.833008e-02
2.184859e-02
3.870870e-02
9.420258e-03
4.803023e-02
6.490981e-03
5.959922e-02
2.519267e-04
6.432283e-03
3.011549e-02
3.190735e-02
3.542857e-02
1.202489e-08
1.542634e-02
4.958950e-03
1.522613e-03
8.041160e-02
1.777927e-02
1.315909e-04
3.303277e-02
1.024755e-01
1.387652e-01
2.690091e-02
4.733096e-02
4.241110e-04
9.838064e-03
6.438445e-05
1.298170e-01
3.548831e-02
4.068279e-03
5.058463e-02
1.237107e-02
2.644266e-03
9.030079e-02
9.519539e-03
2.630704e-06
5.726966e-02
9.598899e-03
9.525038e-02
6.904265e-02
2.922989e-01
3.600849e-02
4.375307e-03
9.843286e-04
5.705759e-03
1.294182e-02
2.439050e-02
7.913487e-04
1.135041e-04
1.456138e-01
5.675487e-05
2.448206e-02
4.257385e-03
5.278674e-01
4.478490e-03
4.868578e-02
2.587805e-02
4.100366e-01
8.935187e-03
2.095453e-02
1.028576e-02
3.729279e-02
5.638254e-04
2.455942e-04
5.259598e-04
6.489157e-02
1.904249e-02
5.135199e-02
1.568859e-01
2.614400e-01
4.097033e-03
6.001233e-02
2.204802e-02
4.495038e-03
2.828453e-02
1.013360e-01
1.167562e-01
5.967631e-02
2.538134e-03
1.919646e-03
3.412165e-02
4.723052e-03
2.381238e-04
1.053917e-01
1.073821e-02
5.297669e-04
5.157574e-02
6.161342e-03
4.190556e-01
8.057912e-04
5.590903e-04
8.097814e-04
1.988759e-01
3.048757e-03
9.278321e-03
2.288216e-03
2.778135e-03
2.709431e-02
6.951593e-04
1.385031e-02
9.995182e-03
3.593735e-02
1.019897e-01
3.830438e-04
8.733112e-02
1.531975e-02
1.434820e-01
1.247908e-03
1.769820e-02
2.576034e-02
4.628589e-02
1.077126e-05
2.173885e-03
9.285727e-02
1.800113e-02
3.721583e-02
1.919121e-01
1.287766e-01
6.569086e-02
1.693005e-03
7.174309e-02
5.319878e-02
1.679674e-02
4.207734e-03
6.157765e-02
3.316645e-03
9.403589e-04
7.449951e-02
4.077710e-03
1.901390e-02
4.947366e-02
1.583307e-02
1.219351e-03
1.877914e-01
4.836650e-02
1.068239e-02
7.631428e-02
9.911906e-03
3.006297e-01
7.230614e-03
9.013859e-02
2.953618e-05
4.846306e-02
3.075292e-01
7.501429e-02
4.538434e-02
4.061391e-04
2.539898e-02
9.942487e-01
2.395316e-01
4.863057e-02
1.454461e-03
1.869478e-03
2.758051e-04
1.608032e-02
6.601163e-02
3.471065e-03
2.956286e-03
5.054078e-02
1.899985e-03
6.045423e-02
1.344997e-01
1.780891e-05
9.949483e-03
1.213696e-02
1.367617e-01
2.693023e-04
2.586782e-03
3.462550e-02
3.392776e-02
6.382808e-02
8.249272e-03
5.563219e-02
1.791312e-04
1.615330e-02
8.970740e-07
5.553821e-02
4.232176e-02
8.004050e-02
2.244160e-02
7.602013e-02
7.513253e-02
4.034883e-02
1.375668e-02
3.733401e-02
2.627618e-01
1.801453e-01
6.297184e-04
5.321273e-03
4.528276e-02
8.370496e-02
1.303941e-02
1.280910e-02
4.246519e-02
6.800655e-04
4.954713e-02
1.643747e-03
1.873366e-02
4.049259e-02
1.423028e-03
2.736703e-01
2.675218e-02
6.004303e-02
1.408941e-02
1.456549e-02
2.307620e-02
3.387454e-02
4.542720e-02
6.877881e-03
1.189534e-02
2.288302e-01
8.920051e-02
3.594380e-02
1.090711e-01
2.509602e-01
4.216849e-06
2.207486e-02
9.172506e-04
3.314778e-02
9.865418e-02
2.007802e-01
6.356611e-02
7.042606e-07
2.718453e-02
1.433909e-01
1.807687e-01
6.815889e-02
2.777744e-03
1.361020e-01
5.551326e-02
8.499626e-03
1.065714e-02
4.556939e-02
2.397624e-03
3.562899e-02
