2.482827e-02
6.242046e-02
1.722727e-01
1.145300e-01
6.740689e-02
2.622232e-02
8.734441e-03
4.043393e-04
2.699334e-02
6.590913e-03
6.341120e-02
1.272516e-01
1.998257e-01
2.665321e-02
2.772831e-02
1.912915e-02
4.453173e-02
7.023411e-02
3.910254e-03
8.756382e-04
3.715962e-02
8.236126e-04
1.730309e-02
2.017494e-02
1.259598e-01
1.565566e-02
1.300348e-02
7.691383e-03
2.598281e-01
1.293932e-02
8.107313e-03
1.577952e-03
1.225169e-03
3.952483e-03
3.435270e-02
8.444363e-03
3.537002e-03
1.312000e-01
2.385328e-03
5.455533e-03
3.515459e-02
1.485489e-03
2.960967e-02
3.254236e-03
1.105511e-01
3.378288e-02
1.333093e-02
8.203938e-02
8.395610e-02
1.323156e-02
5.702277e-03
9.324114e-03
1.245955e-01
1.062546e-02
2.141471e-02
1.218554e-03
2.513180e-02
4.705774e-02
9.917517e-04
3.158756e-03
4.009227e-02
1.064279e-01
2.438693e-02
1.645359e-01
7.424839e-02
3.474818e-03
1.575301e-01
4.268717e-02
1.828893e-02
3.769700e-02
2.296851e-02
8.944991e-04
6.347065e-02
3.724644e-04
1.433638e-03
4.428822e-02
1.910899e-01
7.786605e-02
1.136377e-02
8.950645e-03
1.978488e-02
4.622205e-04
1.988979e-02
3.938978e-02
1.801641e-03
7.539773e-03
5.870478e-02
2.855210e-02
2.498251e-03
3.525327e-02
2.192761e-02
2.637052e-02
1.263566e-03
1.104398e-01
6.472144e-02
1.075646e-01
2.681274e-02
8.060988e-03
2.261767e-02
2.841538e-01
2.561843e-02
5.294862e-03
9.420441e-03
2.332229e-02
1.136522e-01
1.339734e-01
1.953629e-01
1.586658e-02
1.019905e-02
1.030864e-02
1.036765e-01
9.024049e-01
1.204204e-01
1.294379e-02
4.168988e-02
3.672992e-02
1.230373e-02
5.975913e-02
1.279578e-02
4.420282e-04
3.545225e-02
3.949654e-03
3.115902e-03
3.602809e-02
1.318364e-03
1.996261e-02
2.734702e-02
2.546785e-03
5.244352e-04
3.436034e-03
4.853506e-03
5.656387e-02
9.924332e-07
3.086714e-03
7.844385e-04
9.485855e-03
5.605326e-02
1.226095e-03
1.784031e-01
1.619989e-02
1.040672e-02
1.202632e-01
4.944015e-03
2.037782e-04
1.340724e-04
1.762279e-02
3.215402e-03
2.868968e-02
1.451804e-01
1.976572e-02
8.419115e-02
8.585745e-02
1.415831e-02
3.077831e-02
1.181002e-02
3.198127e-03
7.318711e-03
1.357622e-02
1.459951e-02
4.411082e-01
4.955706e-02
3.630290e-03
2.119424e-02
1.479398e-02
1.246832e-02
1.748585e-01
4.529892e-01
6.587541e-03
7.900909e-04
6.821923e-06
5.959210e-02
3.482863e-03
9.320669e-02
1.684558e-03
1.606901e-03
8.739140e-02
1.085813e-03
5.962978e-02
2.274113e-02
8.188268e-02
2.961646e-02
1.419826e-02
2.152245e-01
3.224825e-02
1.740022e-01
2.606600e-02
2.224811e-02
6.460322e-04
9.740802e-03
2.531298e-04
1.640995e-02
1.714469e-01
1.032006e-02
1.862070e-02
2.107129e-02
1.087790e-02
6.326046e-04
4.831167e-05
1.819750e-02
4.768048e-03
1.284775e-04
1.099815e-01
4.871611e-03
1.898676e-02
9.313334e-02
1.403355e-03
7.395091e-02
2.484511e-02
3.233845e-01
4.580099e-02
6.323412e-02
3.801151e-02
2.740608e-02
3.749733e-02
1.506904e-01
1.335172e-04
9.517476e-05
4.654394e-03
3.561537e-02
3.600156e-02
3.603226e-02
5.389255e-02
7.408424e-02
1.396558e-02
3.761560e-03
1.913970e-02
2.224813e-03
8.816672e-03
1.889964e-05
7.147698e-02
1.127131e-02
1.729740e-02
1.556836e-01
1.357389e-02
7.484945e-05
8.897787e-02
3.659658e-02
8.179656e-02
5.790735e-03
1.189199e-01
5.054352e-04
1.704420e-03
3.417367e-02
1.097423e-01
1.413146e-01
1.438838e-01
2.886657e-02
2.656311e-01
8.751481e-03
3.604887e-05
4.695514e-03
1.419430e-03
9.297893e-02
4.000090e-02
7.356421e-02
3.177129e-03
6.159803e-03
2.199684e-03
6.250689e-03
5.866393e-02
4.072273e-02
4.273882e-02
3.044422e-03
6.200965e-03
1.129911e-01
5.215364e-03
1.172367e-02
3.636092e-02
1.884792e-03
2.403584e-02
2.983402e-03
2.287306e-03
6.715505e-05
2.509094e-02
9.905629e-02
1.635185e-01
2.230201e-03
3.128096e-04
4.433422e-04
1.075636e-02
6.261103e-02
2.678637e-02
3.221009e-02
3.515523e-03
1.003944e-01
2.179945e-06
6.250466e-02
4.028360e-02
5.281086e-02
9.815434e-02
7.405323e-03
5.641441e-02
2.087073e-01
2.447094e-02
2.085512e-01
1.122648e-02
9.176119e-02
1.505608e-03
2.486769e-02
2.228457e-03
3.012864e-02
9.315224e-03
1.241167e-03
8.737762e-03
7.393786e-02
1.142392e-02
1.631259e-01
1.175108e-02
7.665948e-04
2.340236e-02
5.597928e-02
6.830484e-02
4.639169e-02
1.567490e-02
2.664048e-02
2.948287e-03
1.487444e-02
1.727644e-01
1.415112e-02
1.893752e-02
6.874721e-02
4.317927e-02
1.789272e-02
2.135989e-02
1.050281e-02
2.612829e-02
3.225484e-02
2.467174e-02
5.260238e-02
5.935649e-02
2.682050e-03
1.088153e-02
2.405240e-02
1.164780e-01
1.289948e-01
4.057547e-02
9.736144e-03
1.482640e-01
4.137189e-02
1.195217e-02
2.089927e-02
5.756165e-03
2.140216e-05
1.371611e-02
2.250475e-02
6.329477e-04
1.851843e-01
6.578508e-02
2.021908e-01
1.704385e-02
4.643483e-02
2.817041e-03
6.317694e-02
1.602345e-02
7.172060e-03
8.576455e-03
1.938691e-02
2.370129e-02
4.431932e-05
3.240975e-02
1.485035e-01
1.934321e-02
3.993588e-02
2.000949e-02
2.672048e-01
1.701889e-02
5.607084e-03
8.460715e-04
8.570977e-03
2.743448e-03
5.614328e-02
3.622239e-02
1.024678e-02
4.229498e-02
1.082066e-02
8.947555e-03
5.759137e-03
2.905361e-02
1.569533e-02
6.797671e-04
8.278471e-03
1.903375e-02
2.877895e-02
8.206189e-03
7.927631e-02
1.484886e-02
3.552807e-04
4.231190e-04
4.755529e-02
3.846556e-02
2.655711e-02
1.014200e-02
1.309379e-01
6.497163e-02
1.405458e-02
1.267169e-01
1.968952e-02
4.498859e-03
3.874374e-03
6.257345e-03
1.416108e-03
1.088898e-04
2.364842e-01
2.695536e-03
2.622144e-02
2.029997e-01
2.591314e-02
8.237160e-03
2.009870e-03
5.549277e-02
1.028819e-02
2.902911e-02
3.550895e-02
1.012815e-02
3.344594e-04
3.624355e-02
6.165801e-03
2.198994e-02
8.642911e-04
2.275182e-04
3.820637e-03
3.374697e-02
8.882865e-03
5.835675e-03
5.053274e-02
3.442534e-03
9.043455e-04
5.168018e-03
4.039762e-02
9.851807e-06
8.716424e-02
4.053935e-03
1.457886e-04
2.956655e-02
1.149500e-02
5.092255e-03
8.668910e-03
3.118482e-02
9.559005e-05
1.175142e-01
1.582001e-03
5.295871e-06
3.832652e-02
9.507097e-02
2.720948e-03
2.832514e-02
4.999301e-01
7.911129e-02
3.964891e-02
1.844830e-01
2.468014e-01
1.137686e-06
4.370773e-02
2.010498e-02
8.958354e-04
9.826319e-02
3.226366e-02
8.626394e-02
6.364476e-03
1.084362e-01
1.405689e-01
1.013624e-02
1.193100e-01
2.924912e-04
1.209549e-02
1.311915e-01
5.233690e-05
3.819068e-04
3.803413e-02
3.314308e-03
1.905694e-02
2.823456e-05
1.892001e-01
2.344633e-02
4.989691e-06
7.088279e-05
1.406454e-02
3.838948e-02
8.947145e-02
5.842337e-04
1.350701e-01
5.020059e-02
3.054994e-03
4.959815e-02
5.044735e-02
3.843702e-02
2.276739e-02
3.655486e-03
1.568135e-02
6.042870e-02
4.599036e-03
2.458890e-02
1.517467e-02
4.259903e-04
1.544123e-02
3.185459e-04
1.996606e-02
8.677555e-02
7.480110e-03
1.151951e-02
3.307923e-02
3.814350e-02
3.660491e-02
3.331834e-02
9.630632e-02
1.582674e-02
9.946378e-03
1.665484e-01
1.093748e-02
1.219663e-01
6.237822e-03
5.842143e-02
7.404450e-03
3.995404e-02
1.447019e-02
3.889470e-02
5.506086e-03
5.053412e-02
2.430683e-02
1.657246e-03
3.073127e-05
1.566633e-01
1.187587e-01
1.067946e-01
1.037682e-04
1.502222e-01
5.302693e-04
6.070651e-02
3.653668e-03
9.182652e-02
1.530520e-02
1.092345e-02
8.866613e-04
1.135359e-01
2.582134e-02
3.014410e-02
2.782306e-02
1.960168e-02
2.277383e-03
5.447368e-02
6.996787e-06
3.704035e-03
1.136250e-03
1.047979e-01
3.679238e-02
1.101958e-03
4.390888e-02
3.577215e-02
3.443796e-02
3.427815e-07
3.022714e-02
5.913841e-02
8.755620e-04
1.361627e-04
8.397604e-07
4.633594e-02
2.967037e-02
1.186935e-01
8.350835e-02
1.892502e-03
3.754598e-03
1.325189e-02
1.313800e-01
1.855960e-02
1.448903e-02
1.167043e-02
1.593493e-02
3.369276e-02
7.660154e-03
2.010326e-04
1.705715e-02
6.162141e-02
7.803817e-03
1.506835e-01
1.404396e-02
3.890580e-02
8.742366e-03
5.106736e-02
1.206766e-03
3.098117e-06
2.971261e-02
8.851254e-03
1.269688e-02
5.792651e-02
1.101499e-01
6.077032e-04
1.830836e-02
4.333290e-03
5.982596e-02
1.818581e-03
5.762799e-02
2.997065e-02
7.329389e-02
1.154075e-02
