3.655500e-02
5.318134e-03
5.005033e-02
8.113542e-05
4.226801e-02
1.196415e-03
2.269608e-06
1.194664e-01
5.862165e-02
2.383991e-02
4.428145e-02
2.996835e-02
2.733261e-02
2.261834e-02
1.366681e-02
6.727588e-02
7.666180e-02
3.651017e-03
1.609974e-03
3.387888e-04
1.603666e-01
1.306909e-03
1.357739e-01
2.632812e-02
1.665344e-05
2.435076e-02
3.573140e-05
2.029479e-04
4.886350e-02
5.563830e-02
1.812580e-02
5.646182e-03
7.283226e-04
7.039776e-02
3.644793e-02
1.519364e-02
1.387794e-02
3.149254e-02
1.173257e-02
4.073865e-02
2.758932e-02
1.186958e-02
2.083580e-01
1.593319e-02
1.714600e-02
1.128693e-02
2.115738e-02
9.287157e-03
9.001955e-02
5.695211e-02
1.845813e-02
1.800209e-01
5.258795e-02
2.165639e-01
3.776415e-02
1.608906e-03
3.899051e-02
4.285185e-03
5.164608e-02
2.459340e-01
2.724567e-01
8.874694e-03
4.587565e-02
3.682430e-02
7.732754e-02
1.003066e-02
2.700120e-02
6.350521e-05
1.119027e-02
7.930302e-02
2.391013e-01
4.383969e-02
7.265134e-03
3.540049e-04
5.226848e-03
6.902086e-04
1.964900e-03
7.027548e-02
1.224309e-02
1.215073e-01
2.841410e-02
7.151868e-03
1.625979e-03
1.234876e-01
7.906922e-03
4.522374e-03
3.294965e-02
3.528104e-02
1.074349e-01
2.317307e-02
1.122051e-01
8.560331e-03
2.393394e-02
2.836678e-03
9.154005e-03
1.167660e-02
1.932538e-04
6.899579e-03
2.192642e-03
2.269539e-02
1.172937e-02
4.301204e-03
2.493668e-01
4.314240e-03
2.362588e-02
7.132508e-02
1.423343e-01
1.690293e-02
1.024334e-02
1.218584e-03
1.632415e-02
2.483507e-02
1.507650e-04
1.170936e-01
5.902411e-02
7.318909e-02
1.425616e-01
1.298200e-01
2.701194e-04
3.274485e-02
2.653388e-02
1.355467e-02
1.651925e-01
2.194458e-02
3.468213e-01
5.693105e-02
9.684479e-02
1.274565e-02
1.075690e-01
1.543712e-02
7.000735e-02
1.255938e-02
2.256366e-02
2.239314e-03
1.495938e-02
7.429674e-04
2.117151e-04
1.396098e-02
7.740770e-02
1.474172e-03
2.125463e-02
8.228508e-02
1.502076e-02
6.956112e-02
6.118689e-02
8.668026e-03
2.027008e-02
4.728349e-05
2.745869e-02
4.663076e-02
1.993492e-01
4.397849e-02
1.085306e-01
2.329736e-02
2.719314e-02
8.235073e-03
1.511161e-02
9.552367e-03
1.587043e-02
4.862655e-02
1.001574e-01
2.189791e-03
1.109819e-01
2.802478e-03
3.089021e-02
7.889066e-01
4.479224e-04
3.857829e-05
4.336417e-03
3.166520e-02
3.605765e-03
3.874407e-02
8.107488e-02
8.420528e-02
1.853471e-02
1.411121e-01
3.527049e-05
1.510339e-01
6.302780e-03
1.993247e-02
2.280078e-05
1.064513e-02
5.376611e-03
1.818203e-01
8.444410e-02
1.280438e-01
2.313428e-02
3.336812e-04
6.939248e-03
2.040184e-02
1.578183e-03
9.227301e-02
5.017018e-02
2.670742e-03
1.245640e-01
6.584591e-02
9.914919e-03
3.743984e-02
1.187752e-05
4.863913e-02
6.894317e-03
8.723693e-02
4.064815e-04
5.735316e-03
1.746304e-01
1.206768e-02
7.161607e-03
3.645559e-02
1.458408e-03
1.263105e-01
2.865903e-01
1.269567e-01
2.590807e-02
5.582517e-04
9.998304e-04
1.215726e-02
8.542865e-04
5.030504e-01
4.905627e-02
1.679465e-02
1.440343e-02
1.298785e-01
5.772218e-03
5.200273e-03
8.751154e-02
9.801031e-02
2.428993e-02
4.834936e-03
8.661942e-02
1.323453e-01
3.232070e-02
3.451401e-03
3.406875e-02
2.501508e-04
3.916389e-03
1.730597e-02
1.909082e-01
3.526515e-04
3.046399e-03
2.099224e-02
2.932415e-03
2.256274e-02
1.206314e-01
3.579096e-03
1.909264e-02
8.183048e-02
2.411304e-03
3.943700e-02
1.085137e-02
3.187848e-03
8.885389e-03
3.276414e-02
2.155685e-02
4.872406e-02
6.544268e-03
1.009696e-01
4.844315e-03
4.988823e-03
1.419786e-01
6.724773e-02
3.255746e-01
1.256207e-02
9.550160e-06
6.141889e-02
2.355422e-02
1.072317e-01
1.642767e-06
5.885048e-04
1.377794e-02
3.494098e-03
8.269992e-03
9.397852e-02
1.380734e-01
2.924071e-03
4.891683e-02
1.682294e-01
4.707883e-02
3.845057e-03
3.828151e-02
3.076936e-02
3.914942e-03
8.375455e-02
1.569740e-02
8.456299e-03
1.485823e-03
1.694510e-01
1.881278e-01
4.175984e-02
1.383660e-02
2.313470e-02
1.948752e-02
1.713401e-02
9.266625e-02
1.238014e-01
1.415002e-01
1.677396e-01
6.080579e-05
1.497795e-02
7.528167e-02
3.356156e-02
5.135876e-03
1.684384e-01
2.862119e-02
3.943678e-03
1.891332e-02
2.318807e-02
6.813804e-02
3.104443e-02
2.567992e-02
5.806930e-02
8.152663e-02
4.218775e-02
1.424287e-03
4.351209e-02
2.444536e-01
1.245923e-01
1.913024e-01
2.719641e-03
3.031939e-03
1.005766e-01
1.005729e-01
7.162101e-03
1.378864e-02
3.871957e-03
1.863752e-03
2.256221e-02
1.453609e-01
4.243861e-02
2.352726e-04
3.424146e-03
9.174326e-02
1.264824e-02
2.885083e-02
3.978718e-04
1.036219e-02
1.342312e-01
7.981593e-03
5.719374e-02
2.358321e-05
5.348440e-02
1.517914e-02
2.597059e-02
1.596276e-03
1.489185e-04
6.593712e-03
1.466488e-02
2.633388e-02
1.246126e-01
1.032684e-01
5.470028e-05
2.758413e-03
2.253286e-01
1.924512e-01
2.241508e-01
7.205590e-02
4.158215e-02
4.335095e-02
1.680374e-04
2.759224e-02
5.754741e-03
1.470280e-02
7.820872e-02
2.166485e-03
6.696196e-02
8.384587e-03
6.321465e-02
7.048725e-02
1.326226e-02
1.756514e-02
1.664924e-01
4.576104e-02
2.247786e-03
1.789035e-02
1.651577e-01
1.589288e-01
7.330224e-02
5.292387e-02
1.254011e-01
1.347517e-01
3.680767e-03
9.063199e-04
2.069824e-02
6.235914e-02
2.255054e-01
1.438984e-01
1.317494e-02
1.821054e-02
6.626456e-03
3.525075e-02
1.958404e-02
3.686851e-04
2.213224e-02
6.982863e-02
2.819018e-04
2.521694e-02
1.644444e-01
2.551478e-03
3.128499e-02
1.644690e-02
4.609123e-02
6.108649e-03
1.341111e-01
2.616163e-03
1.750419e-02
5.633817e-02
9.637268e-02
2.563592e-01
7.042931e-03
2.170407e-03
5.822525e-02
9.172790e-03
1.494740e-02
8.716558e-03
1.606105e-02
4.661606e-03
4.657635e-02
3.160785e-03
3.847940e-03
1.671119e-02
1.305740e-02
1.255612e-02
1.237020e-01
4.650636e-04
2.737408e-03
6.290287e-02
2.383064e-01
9.040197e-02
1.148571e-02
3.974533e-04
2.400253e-01
9.186468e-02
7.704840e-02
1.355411e-01
2.537700e-02
7.310652e-03
1.325858e-03
9.597282e-05
2.614268e-02
2.432740e-02
3.017800e-03
1.454605e-01
1.457522e-02
7.615923e-05
2.384259e-02
7.760881e-02
1.367183e-01
6.419192e-04
1.482851e-01
7.723587e-02
6.755356e-05
1.555927e-01
1.085394e-01
5.375513e-02
4.231771e-02
8.997845e-03
2.500408e-03
1.025137e-01
2.242203e-03
6.978512e-02
1.307587e-01
8.647718e-02
4.486178e-03
6.194890e-03
9.247461e-02
2.947589e-02
1.176136e-03
1.020641e-02
3.290040e-02
5.414141e-01
8.166598e-02
1.051438e-01
4.128820e-03
1.371921e-02
1.955686e-02
1.097935e-01
2.885628e-04
1.010472e-01
2.534935e-02
2.931479e-01
7.251982e-03
1.340913e-03
1.196215e-02
2.142378e-01
2.460363e-02
1.110518e-03
2.052003e-03
1.493918e-01
2.162410e-01
2.880224e-02
5.028109e-03
1.141708e-01
1.509283e-01
1.008631e-01
7.520754e-04
4.451470e-04
2.416695e-02
6.669671e-02
1.647878e-01
3.820182e-03
8.655448e-02
8.899209e-02
2.021575e-02
1.214374e-01
2.015808e-01
1.614650e-03
1.450189e-02
1.046013e-01
7.503603e-03
1.366849e-01
5.653379e-02
1.013351e-03
2.598285e-03
6.946836e-02
1.173181e-01
9.706194e-02
2.271650e-02
1.616581e-02
1.196421e-01
7.757878e-02
5.704663e-02
1.966481e-01
5.681159e-02
2.766289e-02
1.046661e-01
1.108612e-01
1.078922e-03
3.960361e-03
3.370847e-02
4.197564e-04
1.553441e-03
1.392674e-01
1.758233e-01
5.080202e-02
6.369504e-03
3.615965e-01
1.602731e-02
1.488026e-02
3.659401e-02
4.443137e-02
5.155975e-02
2.298033e-01
1.992698e-03
2.255292e-01
3.412583e-03
4.085037e-04
3.220561e-02
3.233854e-03
3.916699e-02
7.659454e-02
2.283002e-03
1.261504e-02
1.813884e-02
1.861859e-04
6.936284e-03
1.618818e-01
1.264291e-01
7.649666e-03
5.156118e-03
7.654270e-04
5.892543e-05
1.014762e-03
6.963478e-02
1.394948e-02
6.343518e-03
5.288255e-02
1.802688e-03
3.890210e-03
8.472268e-02
3.413641e-04
4.229288e-02
5.814520e-03
2.102564e-02
8.436937e-02
8.619460e-02
1.881076e-02
3.831642e-03
3.058143e-02
1.224728e-01
1.239993e-03
3.271156e-03
3.417553e-02
1.630576e-03
1.432341e-03
7.285871e-04
1.920894e-01
9.160746e-02
4.440791e-04
4.929229e-02
5.838732e-02
6.174256e-02
9.956745e-02
2.254433e-03
1.810461e-02
5.376210e-03
