1.604750e-02
2.065876e-01
7.912061e-02
1.667498e-02
7.249819e-02
3.360448e-02
1.497684e-01
2.188831e-02
2.862881e-01
2.984912e-04
4.833904e-04
2.881161e-01
1.241313e-01
6.028026e-02
1.028755e-02
6.453645e-03
5.726840e-02
1.794811e-01
2.588871e-02
1.313654e-04
1.369229e-01
1.277218e-01
1.459944e-02
2.731617e-03
1.605102e-02
4.718684e-02
9.805437e-04
1.033079e-01
4.136241e-03
7.562530e-02
3.861933e-05
8.404338e-03
6.016237e-03
2.524130e-02
4.125900e-02
3.865948e-02
3.925110e-02
5.201261e-03
8.094245e-02
2.047572e-01
4.222062e-04
9.818088e-02
8.344043e-03
1.761401e-04
2.247345e-03
3.732693e-03
2.314195e-02
1.709389e-03
3.772538e-04
1.231355e-01
1.286516e-03
9.138943e-03
7.224950e-03
8.363395e-05
1.459626e-02
7.917848e-02
1.187660e-01
3.445368e-02
3.085350e-02
3.897459e-02
1.642038e-03
4.449627e-02
6.515455e-03
7.739737e-03
9.106021e-03
1.196197e-02
4.946987e-02
4.378038e-04
2.105962e-05
6.107755e-02
7.275509e-03
5.096215e-02
4.733570e-03
4.945248e-04
5.653933e-02
1.771249e-02
4.548906e-02
1.085479e-01
6.823110e-02
2.767828e-01
1.384774e-02
1.189560e-01
9.765649e-03
3.793536e-02
2.269506e-02
1.748050e-02
7.872071e-01
4.743228e-03
2.411956e-02
7.891825e-02
4.349935e-03
1.142236e-06
6.246633e-02
1.188307e-01
2.920307e-03
2.681102e-01
9.275478e-03
8.441993e-03
3.278676e-01
6.495737e-02
8.350968e-04
3.849806e-03
1.721733e-01
7.797723e-02
3.538836e-02
1.428297e-01
6.322307e-02
1.892443e-02
2.786495e-02
5.900051e-04
2.808497e-03
3.440998e-03
2.716714e-03
1.061716e-01
1.050532e-01
2.254426e-02
9.968651e-03
1.247631e-03
3.697406e-03
3.956125e-02
9.828527e-02
5.740662e-03
8.058038e-03
2.621382e-02
1.290816e-02
3.558973e-02
2.727736e-05
2.574015e-02
5.904004e-03
2.027890e-02
2.540870e-02
1.551897e-01
1.334496e-02
6.301373e-02
6.696535e-02
2.511354e-01
2.847940e-02
5.355682e-02
3.049919e-04
8.767472e-03
3.894195e-04
9.834355e-02
1.010136e-02
1.320545e-02
2.700678e-03
4.945211e-03
7.790237e-03
1.732473e-01
5.400062e-04
2.849695e-03
9.176565e-02
5.170185e-04
2.465379e-02
5.526553e-02
2.825604e-02
3.345580e-02
9.806200e-03
9.708961e-02
7.372630e-04
2.371030e-01
4.884230e-02
1.630103e-02
8.852275e-02
1.603401e-03
8.679808e-02
6.785320e-04
1.966216e-03
1.143857e-04
3.820062e-02
3.363933e-02
4.696885e-02
1.507003e-02
7.397681e-02
1.426545e-02
1.283275e-03
2.019535e-02
6.455398e-03
1.793147e-01
1.030011e-03
2.210014e-03
5.854670e-02
1.126413e-02
7.228393e-02
1.273987e-05
2.409765e-01
1.606785e-03
3.697295e-02
2.238858e-01
1.554368e-02
3.440609e-02
1.960171e-02
7.007112e-02
1.317890e-04
6.914610e-02
1.159767e-02
5.821627e-03
8.430355e-04
5.969719e-02
3.639004e-02
7.746414e-05
1.102999e-03
1.156901e-01
3.813597e-02
8.118426e-03
1.735235e-02
1.907061e-03
3.708649e-02
2.453474e-02
2.089403e-01
3.594287e-02
2.326522e-02
4.414181e-03
3.701665e-05
6.450765e-04
5.443801e-04
1.323283e-01
1.903625e-02
1.069170e-01
7.488403e-02
2.132188e-03
1.708216e-02
4.483291e-03
2.993717e-01
1.029106e-01
5.209875e-02
9.905823e-02
7.292645e-04
1.051471e-03
5.377907e-02
5.492952e-02
2.992179e-02
1.294564e-01
1.120138e-01
1.553914e-04
2.791661e-03
1.631247e-03
7.304871e-03
3.907258e-02
8.411071e-05
1.384558e-02
8.849761e-02
8.718130e-03
3.853236e-02
1.013278e-01
3.987763e-02
3.716731e-03
3.396905e-02
7.705650e-03
4.473827e-02
2.059875e-02
3.662853e-03
3.445618e-02
2.171844e-03
5.679961e-04
3.442549e-01
2.783533e-02
1.819968e-01
1.235955e-01
5.200523e-02
1.019372e-01
6.998220e-03
1.331742e-01
3.381956e-03
5.491013e-02
3.302115e-02
2.800912e-04
6.149545e-02
1.446873e-02
3.537880e-01
1.055519e-01
3.394907e-02
9.128330e-02
3.628315e-02
9.389120e-02
3.824839e-02
1.088829e-01
4.118071e-03
4.964186e-04
3.638504e-02
4.848586e-02
3.984349e-02
2.117810e-02
6.826062e-04
6.327475e-02
5.739759e-02
4.412958e-02
1.871910e-01
4.170333e-03
8.944648e-02
3.508514e-02
2.604905e-07
2.271804e-02
9.304914e-03
8.708143e-02
1.780005e-01
6.275645e-05
9.061405e-03
2.818870e-04
2.134377e-04
1.375961e-02
1.303489e-01
2.869944e-02
2.432127e-02
1.130027e-02
2.465059e-02
5.815513e-02
1.111903e-01
5.558737e-02
5.075800e-02
8.504135e-05
4.227725e-02
2.384808e-03
5.373352e-02
7.761288e-03
3.606602e-01
2.144684e-02
1.035673e-02
7.258042e-03
8.901296e-04
6.287878e-02
3.222547e-02
1.008175e-01
6.489934e-04
2.743963e-03
3.550666e-03
1.166582e-01
5.398307e-02
1.912659e-03
3.194697e-02
3.625527e-03
3.164544e-04
4.456675e-02
3.934318e-02
1.220072e-01
3.100304e-02
8.571209e-02
1.784261e-02
1.412613e-03
4.982154e-03
1.987408e-01
7.669317e-03
1.746640e-05
7.859357e-02
1.699528e-02
5.730489e-03
1.106171e-03
1.008456e-01
3.188044e-05
8.183996e-02
3.503817e-02
1.529807e-03
6.995155e-03
6.716603e-02
1.646904e-01
3.834402e-02
3.653740e-02
1.215803e-03
4.903014e-02
3.068752e-02
2.874702e-02
6.679068e-02
4.616628e-03
1.209124e-03
5.560564e-02
1.184185e-01
7.539155e-02
1.036060e-03
1.395651e-02
7.245740e-02
8.020513e-04
1.359616e-03
3.216633e-01
1.812166e-02
2.866265e-02
2.475948e-04
1.682312e-02
3.321561e-04
3.877572e-03
5.527027e-02
4.280750e-02
1.893142e-02
2.772412e-02
5.474921e-02
4.129667e-02
4.083029e-02
9.529925e-04
1.538634e-01
2.614791e-02
2.826389e-02
5.129082e-03
1.406555e-01
1.512973e-02
5.063520e-02
6.392924e-02
2.353301e-03
1.204338e-02
1.037085e-01
3.475583e-02
4.966988e-03
5.705727e-02
4.310301e-03
1.371297e-03
3.135749e-03
1.330734e-06
2.283688e-04
4.390270e-02
6.011384e-02
4.108094e-05
2.665413e-01
5.074610e-02
4.682090e-02
1.653974e-01
3.556833e-04
2.638353e-02
1.708580e-02
9.764863e-05
4.013520e-02
2.495023e-01
7.228146e-02
6.872689e-03
3.504135e-02
9.341032e-02
3.828527e-02
3.545437e-03
3.777800e-02
6.951867e-02
5.547453e-02
9.368756e-02
4.864041e-06
2.011081e-03
1.438793e-02
1.030451e-02
2.200307e-05
1.481025e-04
2.987025e-02
1.049757e-04
1.012939e-03
9.156460e-02
6.845970e-02
1.252762e-02
2.493578e-01
2.070238e-02
4.447630e-02
4.476021e-02
1.122151e-02
3.348928e-02
1.581985e-02
9.094769e-02
5.867724e-02
9.451088e-03
7.828887e-02
8.445072e-04
1.017254e-02
8.624861e-02
1.162538e-03
2.121435e-02
2.471204e-02
1.387121e-01
2.797651e-03
3.732385e-04
1.060835e-01
1.398628e-01
2.468550e-01
2.104603e-02
3.123170e-02
2.008036e-02
5.851295e-03
3.376678e-03
5.438201e-03
1.264934e-01
3.174606e-02
4.018892e-02
1.091947e-02
1.598987e-02
2.528839e-01
3.005081e-02
2.260148e-03
1.519063e-01
1.114460e-02
1.191072e-05
3.756039e-02
3.378566e-03
2.909799e-02
1.891369e-03
1.709235e-02
5.371509e-02
3.863198e-03
1.011422e-01
3.532152e-02
3.817105e-04
1.075921e-05
5.146494e-03
7.035675e-02
8.544763e-02
6.038417e-02
9.583111e-02
1.012726e-01
1.050130e-01
4.376660e-03
7.195832e-02
4.868793e-02
2.698446e-01
7.564596e-02
2.207285e-02
2.133566e-02
9.534546e-02
2.189250e-02
1.840529e-04
1.573607e-01
7.954248e-05
2.190636e-01
5.118561e-02
1.040176e-01
7.651328e-05
7.017202e-02
1.141617e-01
1.478588e-04
7.526254e-02
2.578601e-02
8.246977e-02
1.159098e-01
3.909552e-02
1.439404e-02
1.273831e-02
4.181132e-03
1.194727e-02
1.293177e-02
6.857100e-02
5.316892e-02
1.494975e-02
2.600548e-02
2.182510e-03
1.948030e-06
7.593410e-03
2.135269e-02
1.303150e-01
1.279772e-02
1.761674e-03
2.905380e-02
1.800549e-01
5.911351e-01
1.499539e-04
4.486772e-02
5.315108e-02
1.276485e-01
6.693141e-04
3.947361e-05
1.612213e-03
4.985024e-01
3.442727e-03
5.806733e-03
4.175339e-02
4.504267e-03
2.214926e-02
5.533110e-02
6.256664e-03
1.004777e-01
1.942211e-03
9.621744e-02
9.393242e-03
5.932537e-02
4.543007e-02
3.968411e-04
9.934692e-02
6.600436e-02
7.413524e-03
2.007497e-02
3.056791e-03
3.023873e-02
3.266389e-01
5.404855e-02
5.254450e-02
3.420807e-03
9.482717e-02
5.018493e-01
2.297184e-01
9.619616e-02
1.952225e-01
2.651286e-02
3.575369e-03
1.746235e-02
2.937594e-04
1.048285e-02
1.088215e-02
1.689307e-02
1.921361e-04
5.910831e-02
8.600636e-03
7.043580e-03
2.674279e-02
1.453174e-03
7.185364e-02
9.281302e-02
4.512758e-02
