4.255243e-02
2.841193e-02
2.092081e-05
1.831942e-01
2.190922e-03
1.168719e-02
1.902913e-01
5.038426e-04
1.804323e-01
8.448836e-05
8.364790e-02
7.196914e-02
2.721926e-02
2.159805e-02
6.002095e-06
1.407878e-02
5.082760e-03
6.483532e-02
8.373118e-02
2.183027e-02
4.646558e-03
1.156696e-01
6.428794e-03
9.509487e-04
2.236147e-01
4.056548e-02
1.114897e-01
3.603969e-02
3.370498e-02
1.125090e-01
4.969800e-02
9.694938e-02
2.687781e-04
7.168731e-02
3.531238e-02
5.692103e-02
6.114187e-03
1.405763e-02
5.252998e-05
3.597136e-05
4.219231e-02
1.793652e-01
1.899970e-02
3.689171e-05
1.483609e-01
1.622942e-04
3.103117e-02
1.798925e-02
1.542856e-01
6.105248e-02
3.407680e-03
3.413780e-02
4.262615e-02
1.188545e-03
3.375681e-05
8.324237e-02
3.490407e-02
7.468502e-02
2.860263e-02
4.658091e-02
6.554107e-01
1.615116e-03
1.335177e-03
2.906148e-04
3.794011e-02
7.612968e-03
1.492529e-01
2.569139e-02
2.373987e-02
2.667680e-02
1.686404e-02
7.439410e-03
3.332772e-02
5.237327e-04
1.297020e-03
1.197774e-03
2.616705e-01
8.030185e-03
1.094280e-07
1.152782e-01
4.739852e-04
7.913243e-03
2.027331e-02
1.130767e-01
4.204853e-03
1.189577e-03
1.343907e-01
3.242304e-02
3.982562e-02
2.076372e-03
4.631281e-02
6.403049e-03
2.813529e-02
1.181916e-01
1.188203e-01
1.710224e-01
3.540150e-02
5.313220e-02
9.546003e-02
1.097781e-04
3.469459e-03
5.108579e-02
7.871637e-05
1.702321e-03
1.890646e-02
5.114563e-02
1.985664e-04
8.451777e-02
2.877489e-04
1.356921e-01
7.594004e-02
9.065920e-02
2.830643e-01
3.323590e-02
3.524907e-03
3.715401e-02
1.972285e-03
2.322667e-04
2.081743e-02
1.100941e-01
9.522670e-02
8.252924e-02
1.621835e-03
7.586313e-03
5.313394e-02
8.401596e-03
1.571737e-02
9.922082e-03
2.051605e-03
2.512397e-03
2.348862e-02
3.001409e-02
1.217349e-01
7.486795e-04
1.434308e-03
9.175356e-04
1.653387e-03
1.303005e-02
7.205562e-02
2.635074e-02
1.801980e-01
2.705368e-01
5.314544e-04
1.240013e-02
5.499268e-02
5.282661e-03
9.256396e-02
8.683302e-03
8.584450e-02
8.834979e-02
1.500267e-01
2.756942e-01
2.248677e-03
3.882673e-03
6.697328e-02
2.576027e-04
1.172477e-02
1.395092e-03
3.091435e-03
1.836036e+00
2.188443e-03
2.268384e-04
8.585685e-04
3.521604e-03
8.571586e-02
1.706207e+00
2.233614e-01
1.565526e-02
1.118576e-04
5.148391e-02
8.246598e-03
8.783254e-02
3.636884e-04
1.503368e-05
2.236314e-04
6.239242e-02
1.316662e-02
1.877217e-02
8.678208e-02
1.060129e-03
3.757495e-03
6.945450e-02
4.817343e-03
4.298451e-02
2.229910e-02
9.443097e-05
4.098599e-02
8.532098e-02
1.820565e-02
3.048742e-01
1.045042e-02
2.861521e-02
2.865887e-02
1.025552e-02
2.628778e-02
1.309598e-03
1.414435e-02
5.911794e-04
4.607518e-02
9.467666e-02
3.539982e-05
6.883227e-02
2.548446e-02
2.288423e-02
2.228546e-01
1.307662e-01
8.976987e-02
3.818050e-03
2.236096e-02
1.424345e-01
9.197270e-03
1.306770e-03
3.185269e-02
2.373476e-01
4.036748e-02
4.668180e-02
1.340394e-02
7.867589e-02
2.667697e-02
9.935643e-03
3.836561e-02
9.693958e-03
7.156665e-03
1.329809e-03
3.495493e-02
7.516161e-03
6.233565e-04
2.298943e-02
1.366607e-03
2.982701e-01
1.143086e-02
7.073802e-03
1.149206e-01
9.960714e-03
1.422591e-02
1.138246e-02
1.550155e-01
7.586130e-02
8.829475e-02
2.295138e-02
8.319423e-03
1.142827e-03
4.568122e-02
9.824032e-03
8.114665e-02
1.311541e-01
1.222519e-02
5.961663e-02
4.467716e-03
6.779491e-03
5.734935e-02
1.097028e-02
1.384871e-03
4.710076e-02
4.844201e-01
8.818749e-03
9.914571e-02
5.753360e-02
1.469662e-01
4.569066e-02
5.975892e-02
7.674503e-03
9.161372e-03
1.545977e-02
6.107876e-02
3.445742e-03
4.620604e-02
3.145146e-02
2.464249e-02
7.988992e-05
8.456081e-03
6.448137e-02
1.559683e-02
2.674409e-01
6.141907e-03
1.226470e-01
1.883080e-01
9.208758e-02
6.905653e-03
2.274357e-01
6.385425e-02
1.489274e-01
4.973947e-04
1.382469e-01
6.177972e-02
3.111968e-02
2.353635e-03
2.968349e-02
2.196797e-02
8.185634e-02
1.387613e-01
1.514474e-03
1.035042e-02
8.100379e-04
3.078173e-02
4.971370e-02
1.291264e-01
9.166327e-02
2.201842e-02
1.893614e-01
9.272060e-03
8.345944e-04
1.628321e-01
2.189423e-01
2.875429e-02
1.747275e-02
5.560958e-05
5.741396e-02
4.188559e-02
3.876814e-03
5.101130e-02
2.821614e-02
1.502109e-01
2.787882e-03
1.365734e-02
4.807218e-03
8.180300e-03
3.840061e-02
7.933172e-05
7.336203e-02
4.688256e-02
2.313627e-02
2.165585e-01
1.148504e-02
1.423671e-01
1.244752e-01
2.807406e-04
6.753762e-04
5.379915e-02
2.945053e-01
1.037718e-02
3.200708e-02
2.857303e-03
5.784563e-02
6.195860e-02
1.023826e-02
2.163097e-03
1.519439e-02
1.250249e-01
4.568557e-02
2.128914e-02
2.222983e-03
8.134270e-02
9.502105e-03
3.604778e-04
8.780830e-03
8.526716e-02
5.529205e-02
2.139113e-03
5.500739e-02
7.395616e-02
1.209610e-01
5.541260e-02
3.654045e-02
2.932965e-02
1.139582e-01
2.046341e-02
1.152580e-01
3.171190e-02
3.739864e-02
1.073282e-03
1.276289e-02
2.933365e-02
1.568128e-01
2.225261e-01
6.488454e-05
1.883010e-01
3.544992e-03
1.213681e-01
1.434965e-02
9.184900e-02
1.204599e-01
5.456050e-02
1.296692e-01
6.084647e-05
3.253614e-02
3.206665e-01
2.684586e-02
1.536532e-01
3.407816e-02
1.792345e-01
8.800796e-02
5.096895e-03
1.524014e-04
6.462911e-03
4.121670e-03
3.086670e-01
7.840243e-02
2.063427e-02
1.190747e-01
2.959814e-03
1.255359e-03
1.124576e-01
8.274467e-02
6.331063e-02
1.206354e-01
1.385238e-01
2.273898e-01
2.122333e-03
5.758537e-04
5.831650e-02
4.883836e-02
4.621339e-02
1.082312e-01
9.904447e-02
1.238241e-01
3.574041e-02
2.256175e-03
1.024391e-01
9.022701e-03
1.665981e-03
5.005359e-02
1.710586e-03
1.128510e-01
3.315490e-02
1.753018e-04
1.059379e-01
2.661582e-03
3.233597e-02
2.541381e-04
6.829389e-02
1.623086e-02
1.932012e-01
4.802007e-06
1.194436e-02
8.699236e-02
1.917689e-02
1.004493e-01
6.870702e-03
3.252391e-03
1.695880e-03
1.388817e-05
7.757631e-03
9.372245e-02
1.084599e-01
1.850358e-03
6.806977e-02
4.819005e-03
4.091331e-02
1.728242e-03
5.006135e-02
2.232035e-03
4.968482e-03
9.457839e-02
1.127836e-03
3.025174e-03
1.035935e-01
4.133262e-02
4.185397e-03
1.349683e-01
2.498447e-02
2.303588e-02
8.244151e-02
1.766771e-03
2.947902e-02
8.040037e-03
3.053947e-02
3.617814e-03
4.037413e-02
2.619486e-02
1.660587e-01
9.974631e-03
2.660621e-01
1.009643e-01
1.489196e-02
1.341374e-05
8.629979e-04
1.879923e-03
1.571724e-01
1.158869e-02
8.389029e-06
1.042266e-02
1.276692e-02
3.473057e-01
9.429042e-03
9.542294e-02
3.242250e-02
2.044654e-03
1.248242e-02
1.047222e-01
5.498543e-03
8.528074e-04
4.582777e-02
2.078060e-02
3.679050e-03
9.695366e-02
1.826877e-04
1.339853e-02
8.341282e-03
2.246790e-03
2.253660e-03
7.309487e-03
5.386851e-04
1.190772e-03
9.422467e-02
6.867066e-02
1.133220e-02
4.755101e-01
1.698673e-01
5.991408e-02
1.453989e-03
1.715200e-03
2.551726e-02
1.586367e-03
1.550389e-02
1.170678e-01
2.429214e-02
8.344942e-04
2.041621e-02
9.102379e-02
2.304598e-02
6.500303e-02
4.303902e-01
1.585540e-02
7.268402e-02
8.402754e-02
4.150390e-02
1.359629e-03
2.409729e-02
3.388465e-01
1.309019e-02
6.368252e-03
2.438472e-02
3.401959e-02
8.612060e-03
1.473222e-02
8.499827e-02
5.607850e-02
3.355888e-02
1.150855e-01
2.743943e-01
7.599123e-02
7.198219e-04
4.103687e-02
3.055722e-02
6.556122e-02
9.256518e-03
8.691087e-04
2.802290e-02
7.233634e-02
1.519059e-01
3.112922e-02
8.407187e-02
9.003978e-03
3.294051e-04
4.087042e-02
2.187736e-02
7.487478e-04
2.489920e-02
9.575899e-03
1.077322e-02
5.064029e-04
1.037099e-03
1.120178e-02
4.987226e-03
1.002432e-02
1.160482e-02
5.149928e-03
1.243830e-02
1.556617e-02
4.546749e-03
3.909319e-02
2.366713e-01
3.198990e-02
7.137939e-03
1.425974e-02
2.245534e-02
1.213627e-02
6.944117e-03
2.512780e-02
9.055301e-02
3.125630e-03
3.415184e-02
4.621704e-02
7.618468e-02
4.011217e-02
5.605717e-04
5.351932e-02
1.780173e-02
5.424036e-02
6.598298e-02
1.105359e-01
1.175848e-01
1.115831e-01
2.089760e-03
1.221115e-02
7.903263e-02
5.283068e-02
9.105323e-04
7.878882e-02
1.457237e-04
2.274113e-01
4.935805e-02
4.824974e-03
