2.325130e-02
2.230790e-02
8.363877e-02
2.124933e-04
1.934009e-02
1.090107e-01
2.101403e-02
9.743684e-03
2.483029e-02
1.213625e-03
3.686491e-02
2.931097e-01
1.071736e-02
8.999581e-03
3.414947e-02
1.860821e-02
6.417025e-02
2.778584e-01
7.022687e-03
7.878242e-02
1.341171e-01
1.087554e-01
1.865640e-04
3.939472e-04
5.989929e-02
3.594284e-02
1.299381e-01
3.450199e-02
2.095145e-02
2.003226e-05
7.889428e-02
1.502376e-02
7.394832e-02
2.318307e-02
2.595583e-02
3.302053e-03
2.383353e-03
9.346309e-02
6.630208e-02
4.215986e-02
3.954282e-02
7.351151e-02
4.194149e-02
5.368470e-02
1.184288e-03
6.106013e-02
1.081898e-03
1.040718e-03
1.198835e-04
4.782156e-02
7.458466e-04
4.086441e-02
2.728731e-01
2.848588e-02
5.507608e-02
3.845726e-02
4.017599e-03
5.283055e-02
3.464192e-01
3.125505e-03
2.407489e-02
8.309761e-03
6.061829e-02
1.043731e-02
1.028522e-01
1.125373e-01
4.307309e-02
1.310231e-02
3.469477e-03
1.124300e-02
1.728469e-01
1.655792e-02
8.575958e-02
1.811379e-03
8.677582e-03
1.143111e-02
1.443827e-02
1.227353e-03
5.549466e-02
3.211229e-03
3.861908e-03
1.542430e-01
1.926717e-01
2.714520e-02
1.332403e-02
6.722358e-02
5.268948e-02
1.547920e-04
8.091971e-03
8.009699e-03
1.819482e-02
1.157163e-02
1.467247e-01
8.269475e-02
1.892852e-01
1.058080e-01
8.822496e-03
7.131108e-02
2.601256e-02
5.068664e-03
2.246104e-01
6.254352e-03
1.744507e-01
3.885797e-02
2.099508e-02
1.992925e-02
2.906100e-02
4.479948e-02
5.074041e-02
1.654899e-01
2.001846e-01
2.966527e-02
7.712948e-03
2.805361e-02
7.339957e-02
4.916909e-02
4.061955e-07
6.199429e-02
6.387735e-02
6.990200e-05
2.181851e-02
3.084330e-05
9.174646e-04
2.016829e-01
2.488628e-03
3.968975e-03
4.181545e-03
3.868351e-03
1.104521e-01
2.852108e-02
9.414835e-05
6.400325e-02
3.453721e-02
2.449100e-02
8.988841e-04
6.206170e-02
1.978852e-01
5.374357e-04
2.005828e-02
8.497206e-02
2.131616e-04
3.053288e-01
2.964201e-04
5.230083e-02
2.875766e-01
1.864102e-03
2.971448e-02
7.675637e-03
1.478106e-02
7.844133e-04
1.487812e-01
3.931169e-02
7.507144e-02
1.336467e-01
2.341330e-02
1.722412e-02
4.975001e-02
2.092927e-02
8.628127e-03
1.914059e-01
4.563788e-03
8.754056e-02
1.035503e-01
1.425793e-02
7.332396e-02
4.505394e-02
2.296391e-01
5.513319e-02
1.525916e-01
2.592229e-03
1.949850e-04
7.138150e-03
2.335366e-03
3.962890e-02
3.427128e-02
1.575531e-02
8.153187e-02
4.375837e-02
4.469779e-03
4.996621e-02
8.939199e-04
6.128398e-02
3.757169e-02
7.478771e-03
1.666845e-03
6.687393e-02
7.612901e-05
8.717924e-03
4.998199e-02
2.995783e-04
1.204205e-01
1.865497e-02
5.922103e-05
7.798552e-03
5.618870e-02
1.986372e-02
7.786527e-02
4.864378e-04
1.301862e-01
4.149428e-03
1.246452e-01
3.035977e-03
2.326671e-02
8.373643e-03
1.641573e-02
2.576797e-02
3.450750e-05
1.378070e-02
8.680672e-03
6.574897e-02
1.311927e-01
1.202277e-01
5.734124e-02
2.661018e-03
4.910489e-03
1.306942e-01
8.684491e-02
3.212888e-02
2.183824e-02
1.299078e-01
3.977401e-02
2.331592e-02
4.231714e-03
4.001670e-05
4.400136e-02
1.102894e-01
1.738574e-01
6.356347e-05
4.159785e-03
2.539466e-02
2.949359e-01
4.407123e-03
3.722692e-03
1.341887e-02
2.796130e-02
2.216410e-03
1.139899e-02
1.956297e-02
5.749545e-03
1.549619e-02
1.019991e-01
5.341489e-02
3.455222e-01
1.543355e-02
4.757027e-03
2.521162e-02
2.982283e-02
3.109554e-02
2.050574e-02
2.831729e-02
1.008241e-03
1.417287e-01
3.711859e-02
9.287263e-03
1.325156e-01
1.598553e-02
1.617905e-05
1.570253e-02
4.809877e-03
1.284472e-03
8.004333e-02
8.258263e-02
7.924155e-03
2.560432e-02
4.711872e-02
1.087316e-02
2.501114e-02
1.106173e-02
1.915926e-02
8.618987e-04
2.594006e-03
3.818523e-03
1.134267e-02
2.505694e-03
7.930108e-03
3.599099e-03
5.436899e-02
4.054491e-02
5.854987e-02
3.125616e-02
1.580882e-03
2.799514e-03
4.466878e-02
6.376812e-06
7.848977e-03
9.062574e-04
3.425734e-02
6.087677e-02
3.335374e-03
7.986547e-02
2.741196e-03
2.398162e-02
6.831859e-02
5.883235e-02
3.107647e-02
2.649805e-02
4.179530e-03
1.304302e-01
2.393905e-03
2.375608e-01
2.732809e-02
1.490192e-01
8.946540e-02
4.932722e-02
3.311412e-02
9.824606e-03
1.152603e-01
4.923555e-02
1.522524e-02
6.221602e-02
5.556009e-02
1.073272e-01
3.104237e-02
5.730831e-02
2.856495e-02
5.472632e-02
6.240095e-02
5.501418e-03
1.877682e-02
7.286120e-02
8.774459e-02
7.315816e-03
1.546033e-02
2.225952e-02
1.661594e-02
1.120941e-01
8.342737e-05
6.809587e-02
1.869786e-01
8.352429e-02
1.000702e-02
3.013386e-02
2.906990e-02
3.528213e-03
1.502989e-03
4.162474e-02
1.185244e-02
4.720602e-02
1.075277e-01
4.402154e-02
2.089743e-03
3.391120e-03
4.036176e-02
5.520127e-02
1.293377e-02
1.443011e-01
1.143035e-04
1.719557e-04
2.098019e-03
5.562413e-03
1.243177e-02
1.361914e-02
8.137351e-02
1.649738e-04
1.506206e-02
5.217876e-05
8.461469e-02
2.480774e-02
1.026423e-01
1.914144e-01
2.970056e-02
5.591920e-04
2.404100e-02
1.168409e-01
4.208968e-02
5.083397e-04
5.274123e-02
2.872769e-02
2.486510e-03
7.449201e-02
2.655278e-02
1.887578e-04
2.517125e-01
8.037999e-02
7.302235e-02
2.552780e-02
3.179439e-03
2.052104e-02
2.260577e-01
1.002463e-02
2.048074e-02
1.359459e-01
1.519867e-02
1.175704e-02
7.974986e-02
9.954221e-03
1.624755e-03
7.696372e-02
6.338494e-03
1.152571e-01
6.435096e-03
2.294228e-01
8.508699e-03
2.974844e-01
6.105905e-02
1.190720e-01
6.386449e-02
5.859677e-02
6.202769e-02
4.776630e-02
6.953453e-03
1.019414e-02
1.897317e-03
2.695503e-03
1.913710e-04
6.082963e-02
1.692111e-02
3.448383e-02
6.417503e-02
9.416037e-03
6.714791e-02
5.849360e-03
9.399484e-02
2.617990e-02
8.759043e-02
2.666943e-02
2.114375e-02
1.306050e-01
4.396911e-02
1.460463e-03
1.585731e-02
7.373618e-02
5.034842e-03
5.581816e-02
1.288832e-04
4.828295e-02
4.453665e-05
1.574409e-01
4.013840e-02
2.519437e-02
7.894285e-03
1.476963e-01
8.313390e-03
2.564392e-02
7.380862e-05
1.773864e-02
1.854037e-01
2.910133e-02
2.590475e-04
2.432711e-02
1.617136e-03
3.411834e-02
1.983404e-02
5.400603e-02
1.667758e-03
6.223556e-03
1.787052e-02
4.493079e-01
3.712197e-02
2.922425e-02
1.426229e-03
2.422041e-01
1.285408e-02
8.364880e-10
1.365448e-02
3.283597e-02
5.751353e-03
5.379739e-03
4.579212e-02
1.167691e-02
2.246467e-02
3.097541e-01
3.191581e-02
3.050478e-03
2.348417e-03
1.065264e-02
2.094930e-01
6.677814e-03
2.235757e-01
7.716505e-05
1.879971e-01
2.495721e-02
6.325245e-03
2.443677e-06
8.163392e-02
9.267307e-02
1.028261e-02
2.422323e-04
1.748203e-01
1.048376e-02
3.153341e-02
1.157591e-02
1.675095e-02
2.520242e-03
9.659546e-02
1.125806e-02
2.568962e-03
2.932000e-02
6.112900e-02
8.881623e-02
5.858864e-02
1.628697e-02
1.719542e-03
5.841686e-02
1.123189e-01
2.137258e-04
1.041423e-02
4.303114e-03
7.281773e-02
7.561923e-02
8.142174e-03
3.669980e-02
1.285278e-02
6.713406e-03
1.545120e-02
1.385073e-02
2.274360e-03
1.943584e-01
1.025698e-01
1.146878e-01
1.217755e-01
8.175562e-04
2.716119e-03
1.628853e-01
4.090490e-02
2.232214e-01
1.764470e-05
2.709807e-01
8.405283e-02
8.674679e-03
2.432851e-02
1.964379e-02
5.340384e-03
2.935457e-02
9.080544e-02
4.812996e-02
2.379177e-03
6.142260e-02
8.272899e-04
3.557908e-02
5.038876e-02
1.646394e-01
1.634221e-03
6.372116e-03
1.287557e-02
1.690579e-02
1.883963e-03
1.059128e-02
1.275691e-02
1.464411e-01
1.212476e-03
3.153757e-03
7.125317e-02
1.139550e-01
6.788432e-02
5.742207e-03
2.294531e-02
2.523734e-02
3.410268e-01
4.502326e-03
1.818283e-02
6.868217e-06
3.381399e-02
1.427535e-02
1.712868e-03
1.777969e-05
5.672668e-02
6.742917e-03
2.530247e-05
4.897337e-02
1.376677e-03
2.196913e-02
1.821477e-02
6.386311e-04
5.433326e-02
1.487904e-02
9.358017e-03
1.081354e-02
1.133048e-02
5.637105e-04
3.547140e-04
7.433432e-02
3.963891e-03
1.315361e-02
1.580431e-03
1.495570e-03
1.030553e-01
1.649025e-03
7.671971e-03
7.168770e-04
2.180965e-03
2.941475e-02
1.255328e-01
1.401630e-01
9.946978e-02
3.425460e-02
2.933022e-03
2.422092e-03
2.192177e-05
9.607945e-04
9.084734e-02
1.492705e-03
1.964967e-03
2.607710e-02
