9.544755e-02
1.812802e-01
7.741788e-02
9.550175e-03
6.712991e-03
2.381866e-02
2.932921e-02
1.854177e-02
9.070466e-02
5.708319e-02
8.444992e-02
9.323435e-05
8.502979e-02
7.100665e-02
2.186998e-01
2.657367e-02
1.107453e-01
8.257773e-02
9.378344e-02
2.362286e-02
8.167350e-04
2.323645e-02
1.762831e-03
1.004528e-01
7.424389e-02
1.792245e-03
2.506512e-02
1.674441e-05
1.178926e-01
1.962996e-01
4.404784e-02
3.852872e-02
3.118249e-04
9.564639e-02
2.603352e-04
4.012758e-04
5.311240e-04
8.669249e-02
5.560546e-02
1.475129e-02
8.504408e-03
4.088464e-02
2.853134e-02
6.743251e-03
2.044768e-04
1.239886e-02
1.935433e-03
4.020922e-02
6.045208e-03
3.296028e-02
1.563701e-04
1.845351e-02
1.925038e-02
6.138322e-08
9.450976e-04
6.881143e-03
5.003521e-03
1.373974e-02
1.463333e-02
3.111044e-02
1.136698e-01
5.887455e-03
1.061129e-01
2.273296e-02
1.572808e-02
7.923691e-03
1.950162e-03
1.628932e-04
1.224260e-01
4.471706e-02
4.407548e-02
1.579705e-02
2.223741e-02
2.608678e-02
7.238111e-04
1.190398e-01
1.675637e-01
2.917255e-02
8.359218e-03
5.529687e-02
1.050543e-03
1.948431e-02
3.026414e-02
1.404074e-01
7.672164e-02
2.356087e-02
2.098490e-04
5.553408e-02
1.307882e-03
2.953466e-02
2.358453e-03
3.650885e-06
3.971439e-02
6.269522e-02
1.572929e-01
5.873298e-02
1.088954e-01
1.014370e-01
9.581150e-02
4.214578e-02
2.992486e-02
9.042456e-02
7.235811e-02
2.476135e-02
3.250083e-02
4.503482e-03
9.235969e-02
5.675774e-03
8.095799e-02
4.417508e-02
1.145286e-04
1.274647e-01
6.121956e-03
3.560435e-02
8.455839e-06
9.558216e-02
4.342994e-04
1.471084e-03
1.670200e-02
1.573348e-01
1.031401e-01
4.588425e-03
1.249647e-02
6.806773e-03
1.112373e-01
3.412745e-03
5.775942e-02
6.338639e-03
3.659742e-02
5.419771e-02
5.742184e-02
2.898764e-03
5.037058e-03
9.137257e-03
1.064270e-02
5.484487e-02
1.157470e-02
3.538882e-02
4.311717e-03
2.042680e-02
3.373578e-04
1.948023e-02
1.545964e-03
1.227780e-02
6.513464e-02
1.319643e-01
2.199575e-02
2.343464e-03
4.782579e-03
2.298044e-02
8.577211e-02
6.379485e-02
1.247407e-01
2.371484e-02
1.124247e-03
1.186954e-01
1.144705e-03
7.600737e-04
2.910670e-01
1.326280e-02
4.429897e-02
4.497250e-03
1.693219e-02
9.658846e-03
2.434439e-02
2.267131e-02
3.990337e-03
3.228143e-02
8.081209e-02
6.997436e-03
9.002124e-02
2.962944e-02
2.141130e-03
1.101809e-01
8.940717e-03
7.515134e-04
1.000577e-01
1.223653e-01
1.277597e-01
2.419880e-01
2.411118e-02
9.451416e-03
4.435785e-03
1.147332e-02
1.559710e-01
8.734171e-02
4.635238e-02
7.683713e-03
9.769748e-02
6.021008e-03
1.202649e-01
1.523143e-02
2.653763e-02
2.243189e-02
1.316107e-02
9.451546e-02
6.872352e-02
1.677910e-02
8.523324e-03
8.990915e-02
4.002128e-02
6.182576e-03
9.793750e-02
7.052472e-03
3.357297e-02
3.225971e-02
1.284153e-03
6.393566e-03
4.004674e-03
9.655391e-02
1.512309e-01
5.655023e-02
9.599520e-03
4.085276e-02
1.303958e-01
9.719880e-03
2.794048e-01
6.483542e-02
6.191962e-03
1.904522e-02
5.713255e-05
8.051353e-03
9.440375e-02
1.279097e-01
8.239253e-02
6.766334e-02
5.986519e-02
1.799782e-02
1.013348e-02
1.674679e-01
1.430087e-02
1.953310e-02
7.351669e-02
2.100956e-01
1.763740e-02
3.309762e-02
4.209078e-02
9.486294e-02
8.965955e-02
1.338775e-02
3.021049e-04
3.486178e-02
1.090901e-02
1.232613e-03
8.954813e-02
6.634311e-03
7.372425e-03
4.971641e-03
1.571105e-02
1.113288e-01
9.668565e-06
2.234539e-02
1.155597e-02
1.943689e-02
2.232381e-01
1.914016e-02
9.553977e-02
1.687496e-02
1.972070e-01
3.521136e-03
1.959907e-03
4.201159e-03
9.183326e-06
1.228591e-01
1.210822e-02
5.922397e-02
7.868479e-02
3.647430e-02
2.347764e-04
2.173919e-02
1.019252e-04
4.511574e-02
1.058126e-01
2.202153e-02
6.653870e-02
3.886388e-08
8.729731e-03
5.068342e-02
7.619987e-03
1.078440e-03
1.388942e-02
3.033390e-02
1.957317e-02
2.018335e-02
1.185222e-01
8.073583e-02
6.275017e-02
3.005808e-03
5.703292e-03
8.185501e-03
2.161427e-02
5.362652e-02
5.931807e-04
2.758320e-02
1.209473e-02
2.289314e-03
5.972036e-02
5.587417e-02
9.218249e-02
7.188523e-02
1.216163e-01
7.312917e-03
4.476335e-03
7.843702e-03
1.591615e-02
1.290024e-02
9.045412e-03
7.057297e-02
5.669066e-02
9.822113e-03
5.761421e-02
8.107455e-03
1.013283e-01
1.156485e-02
9.282235e-03
5.684010e-02
1.557928e-02
3.531576e-02
4.572949e-02
1.299022e-03
5.509026e-02
4.189558e-03
9.266272e-04
1.024578e-02
3.770835e-02
4.963724e-03
2.120539e-03
1.470831e-02
1.374443e-01
3.541218e-03
4.858490e-02
2.544878e-04
5.931683e-02
4.113843e-02
1.679331e-01
1.251214e-01
5.171027e-02
1.123134e-02
6.922145e-03
1.530808e-02
6.525948e-02
1.061357e-04
4.252978e-03
4.100859e-02
6.509033e-02
2.743748e-01
1.253101e-03
8.593135e-02
4.584005e-04
3.661409e-02
7.126521e-03
2.714374e-02
1.119705e-01
1.278954e-01
4.581267e-02
1.374073e-02
1.743717e-01
9.411302e-03
2.882596e-03
1.376889e-02
4.064570e-03
7.625072e-04
8.831030e-03
2.969848e-02
1.677748e-02
3.975270e-01
1.529405e-01
6.024777e-02
1.774446e-02
8.048364e-05
3.426407e-02
4.133662e-02
3.355847e-02
2.540131e-02
1.172186e-02
3.689412e-02
3.363176e-02
2.447535e-02
6.000876e-02
3.106791e-02
1.182505e-02
2.992560e-01
9.875734e-04
3.945322e-02
1.949996e-01
6.886590e-02
1.428696e-02
1.337872e-02
5.516967e-03
4.541642e-04
1.049624e-01
2.554319e-03
1.349869e-02
2.764264e-02
4.369394e-02
1.203224e-02
6.870891e-02
5.285990e-02
3.745030e-02
3.343066e-06
2.707835e-02
1.358817e-01
1.529373e-03
1.292960e-02
8.693240e-02
7.449891e-02
1.648754e-03
7.514561e-02
4.796840e-04
3.267749e-04
2.058922e-03
6.053391e-02
7.771699e-03
1.205916e-02
6.724555e-03
1.232561e-03
7.284571e-03
2.935978e-02
8.220451e-02
2.318842e-02
1.023075e-01
4.428115e-03
1.095231e-02
3.203213e-02
3.146487e-01
1.131457e-01
1.646264e-02
7.899790e-02
2.245335e-02
6.186499e-04
4.450485e-03
2.542234e-02
1.890605e-01
1.078795e-04
1.667858e-04
8.027401e-02
1.616109e-03
1.350086e-02
7.385305e-03
1.473006e-01
2.964881e-02
1.547457e-03
5.490170e-04
1.091163e-02
7.943302e-02
8.113106e-03
2.384260e-02
2.490800e-02
1.811445e-02
1.792107e-02
1.215924e-01
2.080588e-02
8.450657e-02
1.231572e-02
1.545290e-01
5.128399e-03
5.258404e-02
2.518561e-02
7.268178e-02
8.566101e-05
8.684415e-02
2.295462e-02
1.564215e-01
7.364921e-02
3.259144e-02
2.793907e-02
3.568044e-03
6.840623e-02
7.427543e-02
1.676385e-01
4.699935e-03
2.355307e-01
1.758097e-01
1.638837e-02
2.565422e-01
1.369742e-02
6.107950e-05
1.760407e-02
7.729523e-03
6.071140e-03
3.938874e-02
1.926982e-01
1.035016e-01
2.613126e-04
1.520576e-01
7.566984e-02
3.171776e-02
3.180323e-02
5.389425e-02
1.444341e-02
7.218052e-02
8.549644e-02
4.300889e-03
1.760114e-01
7.663237e-04
6.886454e-02
1.444636e-01
1.097283e-01
2.102478e-02
5.284806e-02
1.764848e-01
2.155180e-01
1.066328e-02
1.103580e-03
4.901915e-02
1.679147e-01
2.896637e-02
1.570903e-01
1.696724e-02
4.455901e-05
2.416719e-01
8.748254e-02
4.409232e-04
1.331605e-02
1.385977e-02
5.398928e-02
9.352210e-02
8.383206e-03
3.968562e-02
8.122907e-03
1.497413e-03
1.777827e-03
1.532556e-01
1.032106e-01
6.003002e-02
6.376826e-02
8.254051e-03
2.316360e-03
2.459131e-03
1.437023e-01
1.028329e-04
7.165108e-03
3.152184e-03
3.763560e-02
1.603075e-02
3.747804e-03
9.445242e-02
3.965862e-04
6.098622e-03
6.158595e-02
3.584274e-02
2.054138e-03
2.917622e-04
1.050936e-02
3.040629e-03
4.917023e-02
1.031098e-01
3.192370e-02
6.659548e-02
1.490571e-02
1.575889e-02
2.390101e-02
1.882225e-04
1.995254e-02
7.972079e-02
5.715714e-02
1.298836e-02
1.484445e-03
4.195819e-02
2.596316e-02
9.529261e-02
1.406511e-01
8.308931e-04
1.719506e-03
2.383203e-04
1.840388e-01
8.950861e-02
6.698664e-03
3.284020e-02
9.429816e-02
4.344701e-02
6.146123e-02
8.752798e-02
1.086258e-02
7.401595e-03
3.571406e-02
1.542393e-02
4.099633e-02
2.632303e-03
6.189480e-02
1.928210e-01
2.409668e-01
2.790895e-02
1.276630e-01
5.763576e-02
6.847381e-03
2.427694e-04
1.436672e-02
2.178325e-02
7.402320e-04
2.765262e-02
1.426201e-02
1.881165e-02
8.478835e-02
