5.822902e-02
9.008050e-02
1.179390e-02
2.485493e-03
3.266900e-02
5.513274e-07
1.244776e-02
2.390380e-02
3.364176e-03
2.395623e-01
8.132016e-02
3.983464e-02
7.921317e-02
3.567623e-02
4.965703e-03
1.445594e-02
8.616502e-03
1.985699e-01
1.059497e-01
1.397605e-02
2.197809e-03
9.059233e-02
3.071642e-02
1.453814e-03
9.966250e-02
1.549548e-01
6.528929e-03
3.042683e-03
7.253585e-02
5.005144e-02
8.778410e-03
5.118302e-02
2.727182e-03
1.606189e-02
1.701769e-03
3.650663e-02
2.064136e-02
7.501072e-02
8.351318e-02
2.779406e-02
1.217773e-01
4.920908e-03
1.337147e-03
7.281184e-02
1.892259e-02
1.411311e-01
4.196574e-02
9.918252e-02
1.178245e-01
9.495816e-03
8.819993e-02
4.635624e-02
6.706053e-02
3.760814e-02
4.950427e-02
1.631677e-01
8.879793e-02
1.234156e-01
6.088506e-03
3.992807e-02
1.058720e-03
3.423505e-02
6.938561e-03
2.088051e-02
3.545573e-02
3.092257e-02
6.255042e-02
1.027491e-02
2.989976e-05
3.925578e-02
1.948805e-01
4.739642e-02
4.743333e-02
3.784798e-02
1.143363e-02
3.326523e-02
3.213747e-02
1.980131e-02
7.668829e-02
3.509111e-02
2.770489e-02
8.587650e-03
1.061779e-03
8.728785e-01
1.651316e-01
3.191175e-03
5.242613e-04
1.003390e-02
4.910125e-02
9.325583e-06
3.879037e-03
9.109552e-03
7.709901e-03
3.864117e-02
1.606931e-02
4.957722e-02
6.737618e-02
2.689385e-02
2.011635e-03
4.643925e-02
4.103059e-03
3.090293e-01
1.325049e-02
4.427157e-02
2.719826e-03
1.159297e-01
2.272279e-04
5.004484e-02
3.354649e-03
8.476025e-03
9.475605e-03
6.754309e-04
3.702139e-02
2.809154e-03
2.067977e-02
6.678186e-01
1.873785e-02
5.023347e-02
7.933359e-02
9.246061e-04
1.219323e-02
1.074905e-01
6.903079e-03
1.306103e-02
3.206658e-03
1.979467e-02
6.805673e-02
2.373616e-02
4.051679e-02
8.039430e-03
1.700528e-03
1.827916e-02
2.739101e-04
9.649843e-03
2.641294e-02
3.343419e-04
1.636953e-02
5.927220e-03
1.652550e-03
2.052271e-02
1.487582e-02
9.249771e-04
2.803342e-04
7.509013e-04
5.521157e-03
7.475326e-04
8.968961e-02
9.293674e-03
5.667314e-02
2.582433e-02
3.028569e-03
6.021262e-03
1.095946e-01
1.521673e-03
9.248838e-03
7.709608e-02
7.995935e-02
6.255814e-02
1.932090e-01
8.574711e-01
2.285549e-02
1.469834e-02
1.119315e-02
2.105157e-02
1.719460e-01
4.297969e-02
3.398547e-03
2.799464e-01
8.179608e-02
6.775447e-03
1.351896e-03
4.810152e-02
1.200206e-01
2.650561e-02
2.132643e-01
4.027540e-03
3.106211e-03
5.924749e-02
6.358132e-02
2.921487e-03
2.897787e-03
5.887944e-01
2.987131e-02
3.541285e-02
2.431023e-02
1.696273e-01
1.111310e-02
2.085996e-02
4.573253e-03
3.876651e-02
4.968484e-03
5.008485e-03
1.159707e-01
1.313905e-01
8.510756e-02
2.755750e-01
1.589944e-02
1.263964e-01
3.610717e-04
3.550312e-02
2.528103e-02
1.253135e-02
8.715374e-03
4.185555e-04
6.332987e-03
6.571786e-02
1.359379e-04
5.639467e-03
1.089477e-02
3.945220e-02
2.077131e-02
1.349889e-04
1.762619e-03
2.183615e-03
3.879314e-02
5.347950e-04
1.827133e-02
1.976518e-05
1.467882e-03
4.079858e-03
9.870594e-02
2.152814e-02
1.104834e-02
9.661115e-02
8.800215e-04
1.336129e-01
3.140392e-04
4.613284e-02
5.919938e-03
1.514036e-04
4.364402e-04
3.452813e-02
4.738836e-01
8.858847e-02
2.769843e-01
4.935059e-02
5.581589e-02
1.527203e-01
2.727278e-02
8.190355e-05
3.200292e-02
3.764028e-02
3.582203e-01
4.879896e-04
4.686382e-03
4.128212e-02
3.239373e-01
2.282527e-02
2.711979e-02
1.085541e-01
9.283134e-03
9.709783e-03
1.106155e-02
1.199271e-03
3.352020e-06
2.950904e-03
2.416479e-02
4.387752e-03
6.477744e-03
5.940704e-02
3.482117e-02
4.247057e-02
1.740432e-01
5.380241e-03
1.161335e-02
7.384954e-02
6.086629e-04
2.196134e-02
6.143826e-02
2.494734e-03
2.694290e-03
1.547882e-01
6.704982e-03
2.724188e-02
8.649535e-02
7.263631e-03
4.371349e-02
3.548647e-02
1.843400e-02
9.993007e-03
7.415266e-02
3.216183e-01
7.432855e-03
2.256975e-03
8.538220e-02
1.843774e-01
1.310019e-02
2.677221e-03
5.998323e-03
9.217622e-02
6.272517e-03
1.494752e-02
1.252549e-01
3.647302e-02
2.121460e-01
7.463497e-03
1.911814e-03
1.618365e-02
5.082745e-05
2.556574e-02
3.432147e-02
2.834207e-02
1.539268e-01
3.856803e-02
4.981877e-02
2.819893e-02
6.228784e-02
1.093842e-02
3.369838e-03
4.870993e-04
1.012503e-01
1.139828e-02
6.505511e-02
6.080348e-02
5.728384e-02
2.809675e-02
8.172120e-02
6.816362e-03
4.596256e-04
1.451375e-02
9.496341e-03
1.528942e-01
1.110241e-03
7.436385e-03
2.575777e-02
1.195369e-03
8.973943e-03
1.651020e-02
2.996299e-03
6.297203e-04
3.303797e-03
2.990403e-02
5.809067e-03
1.207277e-01
3.047855e-02
1.418343e-04
2.111678e-03
1.101776e-04
1.194755e-02
4.721264e-04
5.400065e-02
1.170275e-01
5.217647e-04
1.012980e-02
1.314349e-02
6.340615e-02
4.118328e-02
8.773265e-04
2.168851e-03
1.432506e-02
4.870075e-02
3.677519e-02
1.731329e-01
1.070052e-04
1.061565e-01
3.637331e-02
7.242024e-03
1.243640e-01
1.496926e-01
4.589358e-04
6.524304e-04
8.519181e-03
3.078370e-02
7.890262e-03
1.092399e-02
2.836891e-02
8.338191e-03
3.973867e-02
2.367432e-02
2.588851e-02
2.549914e-02
1.682755e-02
3.165526e-03
2.360878e-02
3.713229e-02
4.145591e-02
1.164293e-01
9.064057e-02
6.019290e-04
5.940418e-03
4.017754e-02
5.774046e-05
3.142149e-02
7.505576e-02
1.079866e-03
4.980149e-02
1.767747e-02
5.461653e-03
6.306635e-03
5.383027e-03
3.253491e-03
4.676783e-04
1.709885e-02
2.737113e-01
2.378108e-02
4.468667e-02
2.569707e-02
4.761345e-02
1.438840e-02
9.318873e-03
1.920928e-02
6.828073e-05
1.474390e-01
1.246468e-04
2.791963e-01
2.924492e-03
2.861996e-02
4.577982e-02
4.123138e-02
6.846699e-04
1.579095e-01
2.627788e-02
1.656776e-04
1.581587e-02
2.976158e-02
4.915242e-02
7.398149e-02
1.707176e-01
1.885947e-02
7.087684e-02
1.017436e-03
1.925452e-02
1.008691e-01
8.682992e-04
6.643216e-03
2.799507e-04
7.867426e-02
3.594438e-02
4.908764e-03
4.279794e-02
2.839585e-02
1.672583e-01
1.156076e-02
4.512552e-04
4.140523e-02
3.101727e-02
2.547559e-03
2.761858e-03
2.324716e-02
5.408373e-02
7.443030e-02
4.865112e-04
2.388426e-03
5.569438e-02
4.086413e-03
2.553789e-06
1.789260e-01
4.439549e-02
3.137313e-02
5.114393e-02
1.889656e-01
1.326664e-02
2.150926e-02
1.968961e-01
7.131747e-03
5.755569e-02
5.239697e-02
7.342419e-02
1.208307e-02
1.273813e-01
3.651472e-02
1.681226e-01
3.268251e-02
6.362826e-03
9.344059e-02
3.573528e-04
2.222379e-01
8.588033e-02
4.828292e-04
7.430925e-02
1.563197e-01
3.180211e-01
5.982983e-02
5.439176e-04
8.403548e-02
2.719024e-02
3.190021e-02
5.451615e-04
1.925795e-02
7.189383e-03
1.152855e-02
9.392607e-02
9.624146e-04
8.228925e-02
2.353146e-02
3.709173e-02
1.197656e-01
1.227560e-01
8.100530e-02
9.566417e-02
1.603280e-02
5.929152e-03
2.102393e-02
1.218403e-01
2.697398e-03
1.334708e-04
8.609918e-03
4.399656e-03
6.644805e-03
1.374898e-03
1.261298e-02
1.865016e-02
2.449373e-02
6.065549e-02
1.867875e-02
3.532623e-02
1.744685e-02
1.053699e-01
4.142386e-02
2.273347e-02
1.363673e-01
4.009039e-02
1.792622e-02
1.125210e-05
3.755449e-03
1.439209e-01
4.051841e-02
2.755552e-04
5.672357e-04
2.093243e-01
9.657415e-03
1.919304e-02
2.248036e-02
5.682791e-04
4.101981e-06
1.054579e-01
1.124966e-05
2.306690e-02
2.106515e-02
4.371578e-02
1.613752e-01
1.151133e-02
7.575052e-02
1.598813e-02
1.213840e-01
2.242399e-04
1.718162e-02
5.066845e-02
4.191314e-03
2.625008e-02
2.220841e-01
4.722335e-02
1.660508e-01
7.035546e-04
2.373966e-02
6.789882e-02
2.021158e-02
2.119572e-01
1.395697e-02
4.553803e-02
1.928742e-02
1.952356e-02
3.269522e-02
6.699144e-04
1.086429e-01
7.336515e-02
1.320883e-01
3.861006e-02
1.113549e-01
3.834156e-03
1.203996e-01
5.668539e-02
2.699492e-03
1.267884e-01
9.321840e-02
2.978956e-02
5.916360e-02
2.757848e-04
5.182774e-03
9.876813e-04
6.070539e-03
5.912285e-04
2.187932e-04
5.989959e-04
4.072794e-02
1.692549e-01
1.691337e-02
7.496317e-03
7.352433e-05
3.410925e-02
1.959765e-01
1.079611e-01
3.446690e-04
1.723677e-01
3.727970e-04
1.802415e-01
7.419352e-03
8.142205e-02
1.209866e-01
1.471401e-01
2.664704e-02
1.751959e-01
4.549906e-02
8.436657e-03
