7.014995e-02
4.054873e-02
1.889049e-02
6.069367e-02
5.838320e-02
2.776457e-01
1.413097e-02
3.473533e-02
3.563671e-03
2.691300e-02
1.803171e-01
7.840182e-02
1.001884e-04
1.239696e-02
7.924357e-02
1.824489e-02
2.758826e-02
1.941348e-02
8.135239e-03
3.214933e-03
4.115464e-02
8.180043e-02
3.248598e-04
2.685974e-03
3.051751e-03
1.608998e-02
5.454787e-02
1.609416e-02
4.111004e-02
6.664393e-03
1.036874e-01
1.383565e-02
1.969028e-02
3.177219e-03
7.979579e-04
2.029557e-02
1.501946e-01
1.457086e-02
8.564389e-03
2.306611e-04
3.055589e-02
6.060965e-02
1.066863e-02
9.126518e-05
1.057360e-02
9.656851e-03
5.734841e-02
2.780341e-02
1.581224e-02
6.421146e-02
7.537895e-02
5.936884e-03
1.873817e-01
1.331516e-01
2.970948e-02
3.814508e-02
1.544664e-01
5.364720e-02
3.620006e-02
2.516207e-02
4.284064e-05
1.593384e-02
1.196363e-02
1.530308e-04
1.365375e-03
4.165227e-03
2.790189e-01
5.659520e-02
7.740145e-04
1.323244e-03
1.066628e-01
2.871934e-02
2.786830e-02
2.840571e-02
1.299388e-02
4.992506e-02
4.331501e-03
8.587454e-02
3.073158e-04
1.208865e-01
5.057372e-02
1.063912e-01
1.603438e-01
6.861018e-02
9.707006e-03
8.395791e-03
4.617892e-02
9.750245e-04
3.696991e-02
2.868497e-02
2.489455e-01
6.727247e-05
7.882277e-03
1.045572e-04
3.460588e-02
2.436004e-01
3.013547e-02
6.037401e-02
4.001718e-01
1.267151e-01
2.084585e-03
4.295592e-02
2.128973e-01
6.520802e-04
7.218295e-02
4.235021e-03
1.074329e-02
1.362446e-02
2.649714e-02
1.336763e-02
8.682819e-02
1.142416e-01
4.053739e-02
5.488533e-02
4.327683e-02
3.761304e-03
4.883681e-02
4.628928e-02
4.027813e-02
4.024915e-03
1.340641e-01
1.439793e-02
9.826500e-02
9.664962e-04
1.348625e-01
2.575963e-03
3.570629e-03
1.938200e-02
5.167588e-02
1.092500e-01
5.390346e-03
6.959911e-03
3.600704e-03
1.364126e-03
1.948735e-01
1.247693e-01
4.627920e-01
2.740600e-03
1.575049e-02
6.565472e-02
2.972280e-02
7.894391e-02
2.808469e-04
1.576611e-01
1.125854e-01
6.908044e-02
2.030148e-02
4.165347e-02
3.004542e-03
2.823195e-03
4.701149e-02
1.013138e-01
1.082480e-04
6.162814e-02
5.497420e-02
7.051768e-02
1.055334e-01
1.259766e-04
7.390994e-03
4.275591e-03
2.283930e-02
3.800906e-03
6.721879e-03
1.859772e-03
2.538522e-02
3.478643e-01
6.971106e-02
6.351294e-03
2.455353e-03
1.674675e-02
6.583141e-02
3.547654e-02
3.131883e-02
2.288195e-03
1.075907e-01
4.994135e-02
5.271768e-04
8.061650e-03
5.143743e-03
1.130057e-02
4.305765e-03
2.101213e-03
1.146232e-04
6.416628e-02
8.306093e-03
1.707713e-01
1.595848e-01
5.120869e-03
1.340586e-02
2.282189e-01
1.974095e-02
4.854817e-05
8.793826e-04
8.782507e-03
3.322203e-02
1.211919e-01
1.768316e-04
4.654713e-02
1.020111e-01
1.247595e-01
3.385325e-03
6.554359e-02
8.351635e-05
7.691902e-04
1.800213e-02
6.058659e-04
8.565014e-02
1.861891e-04
1.566029e-01
2.452815e-02
5.244738e-02
8.482244e-03
1.289715e-02
9.169560e-03
1.130909e-01
6.082515e-03
1.092183e-01
5.000422e-02
5.030690e-03
4.799637e-03
1.605597e-01
1.300086e-03
7.022160e-02
5.556070e-02
2.515478e-03
3.424844e-04
6.643339e-03
1.576202e-03
8.645002e-04
2.240676e-02
4.329821e-02
2.753000e-02
6.464164e-02
4.312183e-03
2.151507e-02
7.599899e-02
1.859691e-02
1.602024e-01
1.716838e-02
7.758834e-02
3.496322e-01
3.288462e-03
1.084008e+00
9.356175e-03
5.723752e-02
8.147338e-04
1.672652e-02
5.993060e-03
5.945112e-02
4.886891e-03
1.011214e-01
8.595665e-02
7.698123e-02
2.828497e-05
1.474038e-01
7.508678e-02
3.061029e-01
1.203176e-01
2.797633e-02
8.286782e-02
7.735121e-01
1.832066e-01
5.841569e-04
5.691297e-03
2.305171e-02
5.799589e-03
6.311857e-02
4.504394e-02
7.873057e-03
1.281082e-01
4.851943e-02
9.378781e-03
8.815651e-02
5.738050e-03
1.198663e-02
3.139000e-01
2.068748e-02
6.399783e-02
5.353063e-03
6.180237e-03
2.492775e-01
3.976092e-02
1.657515e-03
2.386484e-01
2.969127e-02
7.276754e-02
1.071109e-03
3.387575e-02
1.351982e-01
1.590479e-03
2.134486e-02
1.680218e-01
1.963945e-01
1.668982e-02
1.361086e-02
4.684075e-03
1.206904e-02
1.181665e-02
6.421757e-11
5.203379e-03
6.499021e-03
1.398165e-01
7.441955e-04
5.827603e-05
1.387457e-03
3.757862e-01
4.407986e-02
5.114163e-02
3.914407e-03
5.699642e-02
1.002442e-01
4.428959e-02
5.794418e-03
3.569679e-04
5.819632e-02
2.593598e-02
2.389383e-02
3.551788e-02
4.519620e-03
9.601598e-05
3.917027e-02
7.326424e-03
4.081174e-04
1.301098e-01
1.175975e-01
4.200663e-03
5.333609e-02
3.451868e-03
1.049879e-01
4.966522e-03
9.126319e-03
9.934740e-03
2.321978e-02
2.971543e-02
7.558174e-05
5.745180e-02
4.249454e-02
2.997768e-02
4.635247e-04
3.110752e-01
1.355376e-02
6.514870e-02
5.730055e-03
2.845014e-03
1.192340e-01
4.089028e-02
2.397760e-04
3.485804e-03
2.718049e-02
1.133193e-02
1.362959e-02
1.435398e-03
5.333461e-03
1.781623e-02
2.275801e-02
4.859030e-04
2.817166e-02
6.267573e-03
9.631428e-03
1.296344e-03
6.327872e-02
3.070032e-02
2.003799e-03
7.884394e-02
1.892918e-02
2.377306e-01
7.293937e-04
1.725715e-02
4.854596e-03
1.242221e-02
2.587837e-02
3.783087e-02
2.290915e-02
1.356283e-01
3.831286e-03
2.485437e-02
6.301134e-04
4.179112e-02
6.513708e-02
5.469373e-05
3.286438e-02
1.551710e-01
2.869664e-02
1.918485e-03
4.388722e-02
2.134966e-02
2.480326e-02
5.267098e-02
1.502655e-01
2.170515e-02
1.464737e-02
2.871123e-02
1.368413e-02
2.501639e-01
1.023867e-02
4.053081e-02
2.478572e-02
2.153222e-02
3.844882e-02
1.806118e-05
1.764163e-02
7.269573e-03
2.076239e-02
2.918067e-03
1.932367e-01
5.766609e-02
1.062439e-02
1.152494e-01
1.735942e-02
2.220910e-03
4.238995e-02
3.729625e-03
1.626094e-03
3.059355e-02
5.744758e-03
1.689459e-02
6.740766e-02
7.521629e-02
6.889581e-02
1.540994e-02
4.467498e-02
2.693565e-05
1.558034e-02
2.211336e-02
1.000732e-02
1.262715e-02
5.708153e-02
1.971240e-02
2.604568e-01
8.361808e-02
3.884319e-03
5.670355e-02
5.919435e-04
3.335523e-04
2.251018e-02
2.061003e-01
1.652741e-03
3.043738e-02
3.292074e-02
1.585459e-02
1.335176e-02
9.384564e-02
3.096161e-03
1.804660e-02
8.403709e-05
1.011310e-02
2.364868e-03
2.347279e-04
2.430913e-01
1.080576e-01
4.658287e-02
2.598864e-02
1.252656e-01
2.915774e-02
1.278069e-04
2.080576e-02
4.134607e-02
1.745677e-01
1.619628e-02
3.109703e-03
7.516591e-04
1.749646e-01
1.922727e-01
2.347207e-01
5.609045e-02
6.700044e-02
5.872637e-02
4.479387e-03
1.681687e-02
1.067990e-01
8.311984e-02
1.658951e+00
2.208919e-02
3.184428e-02
2.711851e-02
9.784729e-04
2.712491e-05
7.388105e-02
2.545581e-02
3.276177e-02
1.442745e-01
1.525059e-01
9.791872e-03
3.990943e-03
9.389800e-02
4.194589e-02
1.878974e-06
6.136975e-03
1.115865e-02
6.577985e-02
4.844986e-05
4.473584e-02
6.986881e-02
2.927071e-02
4.284716e-07
4.857807e-02
1.912892e-02
2.322559e-03
9.570425e-04
2.252037e-03
2.989438e-02
1.482844e-01
4.536876e-02
4.181231e-02
8.230044e-04
3.313378e-03
4.742848e-03
2.180098e-02
6.742544e-03
1.567606e-04
2.344014e-02
1.023223e-01
2.588151e-04
5.559249e-02
9.678623e-03
6.766045e-02
3.250183e-02
4.557568e-02
3.846452e-02
2.940244e-02
3.425890e-02
2.080637e-04
3.978699e-03
4.408357e-04
1.010834e-02
6.905676e-02
5.812427e-02
6.908284e-03
9.197309e-02
1.146244e-01
3.957664e-03
2.062945e-02
3.631627e-07
6.379997e-02
2.227306e-02
8.235634e-02
1.919941e-03
9.398775e-03
2.390925e-02
9.048391e-02
7.411533e-01
3.416629e-02
3.301602e-02
6.212527e-02
8.472907e-03
2.756952e-02
7.755789e-05
3.291439e-02
9.191308e-04
2.110911e-02
1.403227e-02
9.172754e-03
4.922464e-03
2.241751e-02
1.890033e-02
4.812532e-02
8.711364e-02
1.777902e-04
1.071673e-02
6.291861e-06
3.744327e-02
7.090165e-02
7.011536e-02
3.404227e-03
2.015565e-01
3.128250e-03
1.485130e-01
3.982279e-02
8.644973e-02
1.580780e-03
4.621681e-03
2.658876e-01
1.176282e-01
9.299874e-03
1.684841e-02
3.396592e-04
4.800117e-03
1.211886e-01
2.258689e-02
1.227927e-02
3.043929e-02
1.921145e-02
1.755508e-03
4.693072e-03
1.908271e-04
6.717309e-03
1.895677e-01
1.832604e-02
9.665681e-02
1.957217e-01
3.970218e-03
6.916446e-02
1.120788e-02
8.498673e-03
