7.120301e-03
3.028025e-01
7.336894e-02
8.446814e-02
2.861574e-03
3.317913e-02
5.452159e-03
5.495181e-02
7.430788e-02
7.990453e-03
2.204620e-06
1.818798e-02
6.468669e-02
5.512370e-05
2.245744e-02
6.882462e-03
1.010090e-01
5.626792e-02
7.712455e-02
6.500335e-02
3.269294e-02
1.650185e-02
3.227240e-02
3.813023e-02
1.840318e-02
2.762689e-03
1.846139e-02
9.440868e-05
1.671334e-03
9.712030e-02
6.623038e-04
2.506994e-02
4.338372e-02
2.349904e-02
1.374534e-02
1.366388e-02
1.195150e-03
5.172090e-02
7.607849e-02
3.298787e-01
1.233714e-02
6.421564e-03
8.154360e-02
3.271763e-02
4.970427e-04
3.234442e-04
8.868296e-02
2.481492e-03
1.790621e-03
2.981916e-03
4.122905e-02
4.301134e-02
8.048217e-04
3.261069e-03
4.153561e-03
5.683566e-02
7.323080e-04
8.989872e-03
5.309091e-02
1.349664e-02
1.004290e-01
2.559167e-03
2.677769e-03
1.546838e-04
3.585091e-02
3.906939e-02
1.148625e-01
1.408177e-02
2.913996e-02
7.077525e-03
1.107069e-01
3.965290e-02
3.304801e-01
1.632321e-02
1.820800e-03
4.843039e-02
5.007598e-02
1.163890e-01
1.485232e-03
4.569968e-02
1.000794e-01
1.416745e-04
1.349404e-01
9.308790e-02
2.141771e-03
1.748281e-02
2.740418e-03
9.208456e-02
9.349995e-04
2.144182e-01
2.725530e-03
7.923115e-03
5.525150e-02
1.652463e-02
2.345192e-01
1.035361e-02
8.202625e-03
4.584619e-02
1.787660e-05
1.341117e-01
4.442677e-02
6.314112e-03
1.521224e-04
6.338494e-02
2.111268e-02
1.664401e-01
1.276019e-01
4.196072e-02
9.276424e-02
2.104748e-02
3.362104e-02
8.218997e-02
3.905664e-01
1.100318e-02
2.103701e-04
4.226487e-05
4.704449e-03
2.205639e-02
3.340256e-03
8.416404e-05
4.421808e-03
1.551719e-02
8.700909e-05
1.371250e-02
1.909107e-01
1.191167e-02
8.956801e-06
1.030826e-02
2.155484e-02
1.126336e-02
2.339418e-02
8.463588e-02
5.030953e-02
2.865027e-02
5.127916e-06
5.014477e-05
7.264360e-04
7.875163e-02
3.949680e-02
5.441823e-02
6.439358e-03
3.792327e-03
2.330911e-03
3.696863e-03
1.321635e-02
6.937084e-02
8.425548e-02
9.273276e-02
1.066943e-02
9.778716e-02
5.589765e-02
2.384989e-03
2.332712e-05
1.511763e-04
5.685235e-02
1.707061e-06
1.822244e-01
7.848397e-02
3.423097e-03
4.113516e-04
1.252308e-02
5.324689e-03
4.547368e-02
8.406353e-02
1.039690e-01
9.889461e-02
8.534623e-03
8.225360e-02
1.279396e-01
1.301628e-02
8.902984e-02
8.975423e-06
2.235618e-01
2.969790e-03
5.403405e-02
2.270346e-02
1.022593e-02
2.202872e-04
9.698756e-03
1.363559e-01
4.283195e-03
3.120909e-02
2.141414e-02
6.648943e-02
4.263528e-03
9.337582e-04
8.021076e-03
1.236903e-01
2.081737e-02
1.077193e-04
4.047640e-02
1.584716e-01
5.949279e-02
4.099347e-04
6.448416e-02
4.419999e-03
1.148681e-02
8.894542e-03
3.228381e-01
1.365057e-03
2.244271e-02
1.661965e-03
2.992273e-02
9.354860e-03
1.028363e-01
3.193373e-04
1.453731e-01
9.196599e-05
1.605276e-01
1.331685e-02
1.973961e-02
3.989284e-05
1.613381e-01
2.592621e-01
4.835919e-02
1.073990e-03
1.209780e-02
9.518190e-04
1.972070e-01
2.396045e-03
1.944743e-02
1.722803e-04
4.060673e-02
2.498961e-02
6.595089e-03
3.050100e-02
2.132057e-02
9.781421e-03
6.826353e-02
2.904001e-02
2.824295e-02
2.332809e-02
7.222058e-02
2.843947e-02
5.605532e-02
4.907613e-02
1.470888e-01
5.337024e-03
1.947442e-01
1.515750e-01
6.438939e-02
9.767738e-02
3.538989e-02
9.002147e-03
7.049040e-02
2.594579e-02
1.504434e-02
1.024917e-03
1.499208e-01
5.251384e-02
2.789587e-04
1.857089e-01
9.673150e-02
9.460954e-02
8.826495e-02
6.597269e-02
2.245194e-02
2.515371e-02
1.890837e-02
1.837381e-03
2.759243e-03
3.633847e-03
1.905289e-02
5.119291e-02
8.374409e-02
9.373244e-02
4.135761e-05
4.639895e-02
1.889399e-01
6.321204e-04
2.234115e-02
7.719240e-03
1.937895e-03
1.161036e-02
5.351673e-03
1.156791e-01
9.714539e-03
2.900999e-05
2.941703e-02
2.165438e-05
4.419140e-02
1.914340e-02
1.020744e-02
9.362974e-03
9.033236e-02
1.688115e-02
1.065977e-02
2.784594e-03
1.756885e-02
8.053828e-02
8.875910e-04
1.411809e-02
3.690881e-04
4.873242e-02
9.935257e-04
1.679153e-02
5.070939e-02
1.392716e-02
4.956696e-02
3.447160e-02
1.831456e-01
2.402731e-01
8.432661e-04
3.341255e-02
6.025766e-02
2.321273e-02
2.242386e-01
1.349240e-01
5.336678e-03
5.350560e-03
5.450641e-02
4.687585e-03
6.630709e-03
4.454697e-02
1.262397e-04
1.036200e-03
7.150415e-03
1.867879e-02
2.082241e-01
9.284299e-02
6.597830e-02
2.810191e-01
1.429293e-01
6.488837e-02
2.730521e-01
1.042632e-03
3.077326e-02
5.738139e-03
9.535382e-04
6.398481e-02
8.610815e-03
2.662655e-02
7.885981e-05
4.790384e-02
1.194111e-02
1.998529e-02
1.317624e-04
2.264383e-02
1.607391e-02
3.556901e-03
2.320784e-02
1.662201e-02
1.045362e-01
1.572002e-04
1.181838e-01
2.570253e-02
8.269604e-02
3.457408e-03
4.769950e-03
1.067812e-01
1.468946e-01
1.347861e-01
1.675309e-01
9.562774e-02
2.601807e-03
3.693961e-02
7.197987e-03
6.042885e-02
5.433139e-02
3.394758e-03
2.765755e-02
2.112831e-02
5.355197e-02
1.102346e-04
3.691782e-02
8.270694e-04
2.997641e-03
5.689330e-03
1.406532e-01
7.020249e-03
7.897624e-04
2.546346e-02
1.407540e-02
6.149812e-03
4.951491e-03
1.056035e-01
2.971737e-02
5.595993e-03
6.457600e-04
9.757775e-03
4.305840e-05
9.584179e-03
4.470464e-02
8.074063e-02
1.276081e-01
7.631684e-03
1.550898e-01
2.215181e-02
5.833254e-02
3.877140e-02
1.201477e-01
3.681282e-02
9.162290e-03
3.873778e-03
7.195600e-03
1.705731e-02
1.207771e-02
9.440774e-03
5.751215e-02
3.460582e-02
6.474825e-03
2.953180e-04
6.898424e-02
3.608458e-03
1.801188e-01
8.963335e-03
3.410913e-01
1.378497e-02
2.945922e-02
3.928717e-02
2.475741e-02
7.748178e-03
1.778988e-01
7.384572e-03
1.077974e-04
7.498600e-02
1.565244e-01
1.810888e-02
8.842955e-03
1.499596e-04
2.258484e-03
1.632079e-02
5.022427e-04
5.884614e-03
2.429813e-01
5.639476e-02
3.923262e-03
1.896628e-02
4.304648e-02
1.014900e-01
2.659241e-02
6.659023e-03
7.192425e-02
4.918080e-02
3.295075e-04
1.527086e-02
4.954558e-02
5.676497e-05
1.310776e-01
6.489050e-03
1.257089e-01
7.033242e-02
2.096297e-02
4.108527e-03
1.477523e-02
5.031148e-04
6.507006e-02
1.501713e-03
5.423195e-05
3.288065e-03
8.564160e-04
3.237927e-03
6.662280e-04
5.920217e-04
8.845650e-03
4.833152e-02
1.012924e-02
9.338745e-03
2.698059e-03
1.075275e-02
2.395907e-03
5.983185e-02
2.458078e-02
3.292597e-03
1.516367e-02
8.424479e-02
4.087417e-02
3.512465e-02
1.713285e-01
9.062598e-02
6.659297e-02
2.639723e-04
2.289256e-01
2.807253e-02
1.323179e-01
3.446057e-02
4.280862e-02
1.069235e-02
1.151149e-03
3.520369e-02
6.038304e-03
1.156151e-05
5.744883e-02
4.820340e-04
5.193895e-02
2.661108e-02
6.883635e-03
3.101791e-02
4.874138e-03
8.255468e-02
7.463980e-03
2.136994e-02
3.180520e-01
9.201342e-02
4.783031e-02
1.278869e-03
6.360640e-03
1.088967e-02
5.440631e-03
8.385367e-02
1.661443e-01
6.163716e-02
2.191689e-02
1.376228e-03
5.149958e-02
4.334114e-02
3.627415e-02
6.876504e-01
3.176757e-02
3.084721e-05
6.246100e-01
1.432571e-02
4.136253e-02
2.711976e-03
1.221891e-03
5.152722e-02
1.854688e-02
1.734508e-02
7.180204e-03
2.449178e-03
5.401767e-02
6.884714e-02
2.867859e-02
4.933735e-02
2.011174e-02
1.486094e-01
2.927868e-02
2.084774e-03
2.723433e-03
2.917615e-01
1.126807e-01
5.980060e-02
2.312387e-02
2.678715e-03
5.134089e-02
8.467792e-02
2.617552e-02
4.590200e-03
2.233677e-02
1.384090e-02
1.106104e-01
7.416383e-06
6.758352e-03
1.069819e-01
1.009094e-01
3.394725e-03
8.806352e-04
6.684203e-02
2.149600e-03
8.603325e-02
8.344140e-02
8.408592e-02
2.128216e-03
1.286339e-02
2.508073e-02
2.391911e-03
3.502552e-02
5.599168e-04
7.333224e-03
4.772425e-02
5.542099e-03
2.245951e-04
5.139759e-02
4.248543e-02
5.633016e-03
2.148787e-02
5.926237e-03
3.607692e-03
3.525250e-02
2.849553e-02
7.362161e-02
2.978763e-04
2.057278e-01
1.490484e-02
2.947602e-02
2.140367e-02
4.232626e-01
1.523007e-01
9.314158e-02
7.484299e-02
1.835871e-01
5.270904e-02
7.069232e-03
2.886114e-03
1.728498e-04
1.830405e-02
3.102906e-03
6.416307e-05
2.765321e-02
6.682419e-02
3.008381e-03
5.036245e-02
2.677191e-01
6.744349e-02
