5.470429e-03
4.767880e-02
1.217665e-01
2.067943e-01
5.141156e-02
1.866719e-02
6.671567e-03
1.543345e-02
3.137142e-02
4.146552e-03
2.389995e-02
1.294118e-02
2.057051e-02
1.593086e-02
4.467431e-02
4.405736e-03
1.085991e-02
1.651056e-01
6.296342e-03
4.751154e-04
2.876738e-03
6.898248e-02
2.245360e-05
9.509785e-03
1.975002e-02
3.354469e-04
2.449872e-02
2.472924e-01
2.070421e-04
8.966656e-02
4.847767e-02
6.395630e-04
2.138717e-02
4.721856e-06
1.816884e-01
2.260493e-02
4.221520e-05
3.021907e-03
4.083005e-02
8.845184e-02
4.022608e-01
3.088031e-02
7.208500e-03
1.597290e-02
1.051979e-01
2.185759e-02
1.770803e-01
2.202889e-04
1.674190e-02
1.194919e-02
3.452364e-02
4.123294e-03
2.160943e-02
4.983548e-02
1.243906e-02
3.450158e-02
1.606564e-04
4.944756e-01
1.507278e-02
4.761728e-03
1.503363e-02
7.084589e-02
5.839957e-03
1.218129e-01
1.319690e-02
2.014658e-04
8.499661e-02
3.743544e-02
1.030315e-01
1.282778e-01
5.295408e-05
1.045021e-01
2.035509e-03
5.328955e-03
1.594712e-02
1.884617e-01
1.083968e-01
1.483976e-02
2.317107e-02
3.632229e-02
2.291805e-05
4.688024e-02
2.895251e-03
1.791060e-04
1.401223e-07
1.114047e-03
1.713526e-04
1.989196e-01
3.157769e-02
2.442031e-01
7.261857e-02
1.381428e-02
1.774163e-03
1.241633e-03
7.995067e-02
4.404065e-03
8.807074e-02
1.706682e-02
1.265669e-01
1.250762e-04
1.036632e-01
6.988832e-02
6.931771e-02
2.646596e-02
2.490613e-02
2.747644e-02
3.479906e-02
1.094301e-03
1.550686e-01
2.031188e-03
2.970900e-03
8.431852e-03
3.886688e-04
1.274013e-03
1.867983e-02
3.112347e-03
1.442479e-01
9.050273e-02
1.535534e-02
1.136414e-02
7.978427e-02
2.308026e-02
3.100251e-02
1.071206e-01
5.576744e-02
4.869243e-02
1.225801e-01
3.421910e-02
3.046921e-02
3.945582e-02
8.589213e-02
8.183384e-02
2.712837e-02
2.775940e-01
1.206830e-04
1.230886e-01
1.163811e-01
2.882279e-02
2.546446e-04
4.276294e-02
7.355369e-02
3.542626e-03
2.841537e-04
1.002554e-01
1.615575e-03
1.461874e-03
1.845561e-01
1.736294e-05
7.847813e-02
1.171979e-03
1.910051e-01
4.591355e-02
3.311951e-02
2.572531e-02
1.836199e-02
3.577597e-02
6.444108e-03
6.701911e-03
3.382934e-02
2.927376e-02
3.679476e-02
5.169543e-02
2.472007e-03
2.127018e-01
3.257144e-03
1.695915e-01
3.358431e-02
1.026410e-01
1.732895e-01
1.080257e-02
7.089277e-03
1.171069e-07
5.348119e-04
2.751861e-02
7.377087e-03
2.275691e-03
1.363118e-07
5.733117e-02
3.628094e-02
2.632799e-02
3.092549e-01
1.561312e-03
5.121059e-02
3.303819e-02
7.862157e-02
2.411261e-01
7.804883e-02
1.305217e-01
8.866013e-03
3.376707e-02
1.510446e-02
5.300385e-03
3.729704e-05
2.906057e-02
3.263406e-02
3.105972e-02
4.814243e-02
1.692421e-01
2.894721e-02
3.174142e-02
2.866377e-02
1.456606e-01
3.049244e-02
1.706138e-02
1.062233e-02
1.840153e-03
3.291952e-02
7.754540e-04
1.529244e-02
1.167961e-01
3.391898e-02
2.155100e-01
8.737294e-02
1.565873e-02
1.648045e-01
1.069279e-03
1.799373e-02
4.260770e-03
4.130042e-02
2.172796e-04
8.444105e-02
3.067037e-02
5.683816e-04
2.118513e-04
1.092773e-02
2.057691e-02
3.994509e-02
4.435364e-06
3.251973e-01
3.249848e-02
2.584818e-02
5.390897e-03
1.539466e-02
1.086809e-03
6.853390e-02
2.573785e-01
1.606666e-03
2.965994e-02
1.246238e-02
1.206650e-02
3.849010e-04
2.412538e-03
7.628168e-01
6.340796e-03
4.528269e-03
3.552407e-02
1.551506e-01
5.887500e-02
1.288134e-01
3.619866e-04
5.168468e-03
1.019826e-02
1.358336e-02
7.156253e-04
1.289050e-01
3.647554e-01
1.467772e-02
1.597490e-01
1.046020e-04
2.975904e-01
1.495759e-01
1.739727e-01
3.388343e-02
7.568269e-03
2.863539e-02
2.359238e-02
1.648319e-01
1.772639e-02
6.114133e-04
7.827674e-02
1.026638e-01
7.201283e-03
5.744782e-01
1.074404e-04
1.213892e-01
1.888002e-01
1.713411e-02
2.479483e-05
1.429472e-03
5.658871e-02
1.153668e-01
4.277325e-02
9.008497e-03
7.506164e-03
5.926650e-02
6.434194e-03
4.424648e-02
5.267189e-02
2.831495e-02
5.051236e-02
5.175037e-02
2.223648e-03
1.176645e-02
3.489514e-02
2.919494e-02
3.509997e-02
1.218955e-02
1.769259e-01
1.924751e-02
1.783824e-03
2.404901e-02
1.069497e-01
5.552078e-02
3.628621e-01
7.249923e-07
1.095984e-01
2.941165e-02
5.105430e-02
5.083827e-03
4.799939e-02
1.862465e-02
5.975722e-03
1.474180e-02
2.977276e-03
4.797958e-02
4.188117e-02
1.686091e-04
5.643161e-02
3.775567e-02
8.827892e-02
1.559073e-02
8.853289e-05
3.251421e-02
3.049720e-02
4.681213e-02
2.271256e-01
1.949055e-03
1.198581e-02
2.243680e-02
2.312360e-01
3.435856e-03
9.557262e-03
1.563619e-01
2.299386e-01
1.517128e-02
7.636795e-03
4.960945e-04
1.968902e-04
8.958711e-02
3.725628e-02
2.301245e-03
8.591651e-03
1.973532e-01
3.747155e-02
3.531476e-03
6.036610e-05
1.896637e-02
3.462485e-02
2.064995e-04
2.407179e-03
3.920508e-04
4.909717e-02
7.558715e-03
6.866020e-02
3.192210e-04
1.623206e-02
1.020183e-01
2.344664e-02
4.388538e-03
1.125720e-02
2.088479e-01
5.418315e-02
6.758626e-03
4.664582e-04
6.504108e-03
7.057801e-02
4.241050e-02
7.758826e-02
6.261381e-02
6.998591e-02
2.346627e-02
7.425628e-03
1.486632e-02
9.803320e-03
1.677513e-01
6.474184e-03
4.063490e-01
6.026640e-02
8.392803e-03
4.748834e-03
8.557549e-02
3.341014e-04
2.046974e-03
8.314109e-02
5.299895e-03
7.583838e-02
2.334106e-02
7.224987e-03
2.404608e-03
2.295496e-01
4.222740e-02
8.721972e-02
1.747900e-02
1.087799e-01
5.685930e-02
9.393978e-02
8.787049e-02
1.500061e-03
2.161850e-04
3.548247e-02
1.039742e-02
4.197712e-03
6.163179e-02
8.118355e-03
1.020282e-01
2.427048e-02
8.675617e-04
2.337279e-02
6.058657e-07
2.130664e-01
2.690321e-02
7.190485e-02
5.051057e-04
5.918775e-02
3.552607e-05
1.042317e-02
2.148144e-04
1.610143e-01
9.253218e-03
5.399939e-04
1.945891e-02
5.504248e-02
1.109402e-01
9.406533e-03
1.752028e-01
7.242817e-03
7.942277e-02
1.079691e-02
4.670300e-02
1.151089e-01
1.248865e-03
5.203778e-03
2.263327e-01
1.726806e-01
3.070142e-02
1.413755e-03
3.279019e-02
5.212347e-04
1.513723e-04
8.707881e-03
2.082536e-01
1.388348e-02
1.598429e-01
1.177238e-01
3.563070e-02
4.975620e-03
1.644941e-02
1.257838e-01
1.575465e-02
1.300332e-01
2.601890e-02
1.095553e-01
7.642505e-02
2.926048e-01
2.294001e-02
1.721636e-02
1.020832e-01
1.561429e-01
1.021094e-02
4.838826e-02
2.670450e-02
8.287003e-02
3.961091e-01
2.899396e-02
1.091663e-03
3.962231e-03
5.269340e-04
5.798176e-02
3.470241e-01
2.951039e-02
6.607115e-02
2.564708e-02
4.849637e-02
1.824081e-02
3.046155e-03
5.848619e-02
3.280600e-03
1.606841e-04
3.076429e-02
1.328246e-01
5.047604e-02
1.113961e-01
1.370910e-01
1.632742e-04
6.491862e-03
4.452622e-04
7.559045e-03
8.976305e-03
5.155679e-03
2.767307e-02
1.919320e-01
3.558964e-03
1.828329e-01
3.002146e-02
3.918671e-03
1.273593e-02
1.737541e-01
2.917993e-01
3.010313e-02
2.689465e-01
4.176511e-03
9.626014e-02
8.219512e-03
9.754741e-03
3.652032e-02
3.309836e-03
6.578998e-02
9.479162e-02
2.258447e-02
2.247014e-02
1.268247e-02
1.808066e-02
3.902073e-03
7.508096e-02
2.296985e-03
1.684501e-01
5.622819e-03
3.988631e-02
1.265772e-03
1.037054e-01
8.861980e-05
3.973519e-06
1.965149e-02
1.099895e-01
3.338292e-02
2.770585e-04
8.137390e-03
3.366448e-02
4.771943e-03
6.750562e-02
6.793555e-03
1.817647e-02
5.988272e-04
9.275681e-02
3.862857e-02
4.520116e-02
7.146123e-04
5.647347e-03
1.032702e-02
1.613690e-03
1.390895e-01
6.928649e-02
3.515537e-02
7.226550e-03
8.599875e-02
7.024914e-02
1.436541e-03
9.317975e-02
1.535881e-02
1.396970e-02
1.708518e-02
5.047147e-02
3.179178e-03
4.047919e-02
1.456337e-02
7.127841e-02
3.499813e-01
4.797442e-02
7.240599e-02
1.695383e-02
2.478692e-01
1.431428e-02
6.217166e-03
5.828650e-05
9.009060e-02
8.058239e-02
3.514943e-02
1.587849e-02
2.872804e-01
6.378104e-02
1.412657e-02
1.100791e-02
1.341791e-03
2.753858e-01
1.124120e-01
2.830163e-02
1.672896e-01
3.058632e-02
3.192895e-02
5.089397e-02
3.428973e-02
1.728088e-02
2.142870e-01
2.381657e-01
3.270672e-02
7.665286e-02
2.780766e-02
1.330075e-02
6.479230e-01
3.926222e-03
3.942405e-02
2.410926e-01
1.499030e-03
8.212078e-02
