1.482358e-04
2.865993e-03
2.952873e-01
4.413265e-02
2.747234e-03
6.738697e-01
1.842653e-05
1.702331e-02
5.011910e-03
1.358831e-03
1.241015e-02
9.619512e-03
6.004589e-02
7.386111e-02
7.300243e-03
3.334285e-02
4.150729e-02
3.446121e-02
1.814169e-01
1.130155e-02
3.240551e-02
2.770163e-02
2.373951e-03
1.612635e-01
7.439828e-03
1.092652e-01
5.935071e-04
9.045352e-03
1.970739e-02
3.387822e-02
1.708094e-02
1.552666e-01
1.776642e-02
9.307790e-06
1.546911e-03
4.519500e-03
1.642362e-03
3.218455e-03
3.046232e-01
8.606537e-02
1.991689e-01
5.645633e-02
4.623127e-03
5.573000e-03
3.109102e-03
1.208331e-02
5.083421e-02
1.803949e-02
1.851003e-01
8.978970e-03
2.762382e-02
3.991238e-02
4.926996e-02
1.597649e-02
1.913968e-03
7.720448e-03
2.959308e-01
3.513834e-02
6.924254e-02
2.300881e-04
6.344153e-04
6.004334e-02
2.039487e-02
2.699240e-02
1.996768e-01
1.013931e-02
3.709953e-01
8.094214e-02
1.636479e-03
4.617736e-02
9.339733e-02
1.398128e-06
1.202203e-01
1.072176e-01
3.238282e-02
2.173320e-02
1.352929e-03
5.894364e-02
3.562510e-03
4.593304e-02
5.631941e-02
1.474840e-02
1.244192e-02
4.213562e-03
7.249878e-04
1.305315e-04
1.791144e-02
6.265649e-03
3.146730e-03
1.159982e-02
1.853577e-02
2.352057e-02
5.181347e-03
4.198437e-01
1.179344e-01
3.081681e-02
4.270072e-02
3.408231e-02
5.446520e-02
1.690648e-03
7.901509e-03
5.935550e-02
4.176501e-01
3.240695e-02
9.932622e-03
3.386046e-01
1.683906e-04
5.128712e-04
1.503599e-04
2.368522e-03
1.889818e-02
7.641808e-01
2.251096e-01
8.699864e-03
2.727411e-03
5.085708e-02
4.895788e-02
2.846296e-02
4.495743e-05
2.369998e-02
8.449364e-02
2.661443e-03
3.044120e-02
4.767669e-02
1.626235e-02
1.443985e-03
3.477114e-02
7.166856e-04
5.969565e-03
1.909834e-02
4.223609e-03
1.484494e-02
7.991547e-03
4.355088e-05
1.168625e-03
5.891431e-02
2.241194e-03
3.055180e-03
3.822826e-02
1.075713e-01
3.303240e-02
2.556643e-01
8.283902e-03
6.111977e-04
5.298663e-02
2.143849e-02
1.279424e-02
6.951445e-03
9.289307e-02
8.998862e-04
3.944212e-03
2.063833e-02
6.146866e-02
7.464974e-02
1.205430e-02
5.130873e-04
1.726711e-03
2.361233e-02
7.095380e-05
1.260162e+00
8.408606e-04
8.342264e-03
5.315268e-04
3.540615e-02
7.928557e-05
1.236324e-01
7.164040e-04
8.533180e-03
5.608631e-03
3.069720e-03
8.647296e-03
8.663312e-02
7.645597e-02
8.002442e-05
4.807994e-03
3.264876e-02
6.411098e-04
1.629775e-01
3.314642e-03
3.074717e-02
1.640472e-01
4.513385e-02
4.373462e-02
8.891091e-02
3.231850e-02
4.069020e-02
1.002592e-02
4.234697e-02
3.714370e-03
2.015143e-02
2.578735e-02
6.605712e-02
4.436463e-02
5.383778e-03
4.379437e-02
2.569281e-02
4.989459e-02
2.009587e-01
3.165433e-04
3.457835e-03
2.246917e-03
1.382126e-01
9.151194e-03
7.074648e-02
1.755418e-05
4.733131e-03
3.999835e-01
1.186506e-04
4.700291e-02
2.674679e-03
3.448372e-02
1.053358e-02
3.668002e-03
6.904249e-04
1.726678e-01
3.178041e-02
1.212352e-01
1.051333e-02
5.196047e-03
8.253897e-03
3.191760e-01
2.823946e-02
4.371347e-04
2.848236e-03
5.464494e-03
4.118077e-02
1.938172e-01
1.060156e-02
8.388405e-02
1.448358e-02
5.912260e-03
1.247207e-03
2.244958e-02
2.062375e-01
7.562526e-03
2.061178e-02
9.647624e-02
6.436929e-02
4.679953e-02
2.470271e-02
7.355105e-02
9.948150e-03
6.614772e-02
6.085058e-06
5.451086e-02
2.714300e-02
8.902686e-04
5.752848e-02
3.040403e-02
2.673161e-03
1.389640e-01
9.233673e-02
4.529827e-03
5.072429e-05
3.753672e-02
5.233735e-02
1.261478e-01
2.264020e-01
8.558753e-02
6.835702e-03
1.780292e-01
2.349483e-02
1.612523e-03
1.547342e-01
1.535633e-01
1.384437e-03
4.252476e-02
6.490066e-02
1.095829e-01
1.132854e-01
7.233977e-02
1.926343e-02
2.343501e-02
4.081021e-02
4.347422e-02
6.611413e-02
1.024459e-01
1.362657e-02
4.117772e-02
5.080167e-01
5.281446e-04
1.784102e-04
1.053456e-02
1.206243e-01
3.388502e-01
1.465890e-02
1.620746e-02
1.047329e-01
6.848042e-02
2.297216e-06
3.288734e-02
1.103105e-01
7.512657e-03
3.257951e-03
2.500897e-03
1.315918e-01
5.428795e-02
1.684212e-02
1.904247e-02
3.650759e-02
7.134218e-03
9.323428e-03
2.862385e-02
2.901009e-01
1.115816e-02
1.088407e-01
3.035650e-02
2.529493e-03
1.300445e-02
2.344864e-02
4.696663e-02
1.477474e-03
1.518051e-01
3.261003e-03
3.563327e-02
1.451507e-02
4.054932e-02
2.228639e-02
6.328748e-02
7.221439e-02
8.259595e-03
8.878425e-02
4.296287e-04
2.847162e-03
9.529195e-02
6.086966e-03
5.420024e-02
1.263129e-02
3.322958e-02
3.364078e-02
9.664154e-02
3.001647e-02
2.842479e-02
2.095599e-03
3.505297e-02
1.192747e-02
1.378821e-02
1.529518e-02
4.517067e-02
2.458793e-01
9.167023e-03
1.412229e-02
2.661754e-02
3.306390e-02
2.368648e-02
2.887246e-02
2.139553e-01
2.087147e-03
1.931348e-02
1.123756e-02
1.633944e-01
1.180298e-01
2.135819e-02
1.084572e-02
5.620227e-03
1.269079e-01
1.494719e-01
1.214139e-02
2.079324e-02
1.479723e-01
6.866287e-02
1.236583e-03
4.140010e-03
3.798421e-01
1.586223e-02
4.519083e-03
6.064939e-03
1.238843e-02
7.893537e-03
1.065118e-02
1.153411e-02
4.265135e-03
1.563994e-03
9.690773e-02
2.213159e-02
8.639849e-02
2.418724e-02
2.800138e-02
7.770982e-03
5.299745e-02
3.381658e-02
1.032034e-02
8.879909e-03
1.384732e-01
1.421679e-03
4.950229e-06
1.390046e-01
1.930080e-03
8.799135e-03
1.662247e-03
5.447870e-02
2.501334e-02
7.409788e-02
1.255295e-01
1.127718e-02
1.113825e-02
1.360184e-02
4.107774e-02
8.812356e-02
2.129160e-01
2.504512e-02
1.637218e-01
2.234746e-02
4.523259e-03
1.747620e-01
3.883507e-02
1.152734e-01
1.195878e-01
2.998210e-02
5.810404e-02
6.289271e-02
1.426784e-02
9.995944e-03
1.402609e-01
1.664693e-02
9.153505e-02
1.447346e-01
4.276816e-03
7.329222e-02
9.344547e-02
5.072178e-03
2.958185e-02
1.255355e-01
9.232433e-04
6.164508e-02
8.009428e-02
1.559688e-02
5.830669e-03
1.255238e-02
5.089308e-02
3.222115e-02
1.433852e-01
7.993227e-03
7.405010e-03
3.262568e-02
3.600090e-02
3.581097e-02
1.093885e-02
5.356377e-03
4.206645e-02
3.496492e-02
1.262813e-01
8.673423e-02
1.757154e-04
1.717357e-01
7.581300e-03
3.450240e-03
4.437957e-02
2.075126e-02
1.172942e-01
7.296229e-02
5.103218e-02
1.026723e-02
4.453292e-02
3.550754e-03
4.385327e-02
3.074597e-02
2.849705e-02
8.197935e-02
1.026179e-02
1.757376e-01
9.341178e-03
7.611910e-06
1.071410e-02
4.850122e-03
1.699963e-01
1.946776e-03
1.009798e-01
2.141346e-01
5.430656e-03
1.091385e-01
4.420721e-01
4.786627e-01
2.130519e-02
3.258701e-03
2.822446e-02
1.044087e-01
2.626743e-02
4.367412e-04
7.270887e-03
2.369651e-03
3.545260e-03
2.021896e-02
8.594694e-04
6.351731e-02
3.226944e-02
4.763610e-03
2.678432e-02
3.876100e-03
1.071023e-02
7.057131e-02
1.121197e-01
6.140169e-02
2.013196e-01
2.312468e-03
1.024754e-01
2.231112e-02
3.369902e-02
1.120203e-02
1.642068e-02
7.933473e-02
1.428413e-02
2.202124e-02
5.352539e-02
9.173371e-03
2.352735e-04
1.715397e-01
6.346843e-01
2.268339e-03
2.245353e-02
7.900870e-02
8.432367e-03
3.295179e-02
6.307255e-02
9.661803e-02
3.083882e-02
2.484214e-01
3.270346e-02
2.569676e-02
1.468973e-03
4.461869e-02
1.455845e-01
7.810874e-02
2.678451e-02
8.936147e-02
2.835338e-02
3.374577e-03
4.490225e-02
1.722447e-01
7.047860e-02
6.134810e-03
5.943551e-02
1.223917e-03
1.169770e-02
2.297452e-02
4.482729e-05
7.044033e-02
3.066523e-04
4.322562e-03
4.281256e-02
5.188566e-01
9.117936e-03
5.282335e-04
2.378448e-02
8.713520e-02
7.858128e-02
4.030025e-02
8.592644e-03
4.296463e-02
3.096338e-02
5.744967e-02
1.191137e-05
8.162475e-02
2.367372e-03
1.108254e-01
5.128364e-04
3.165743e-03
4.079835e-02
1.570496e-03
8.703635e-03
8.352508e-02
3.335131e-02
5.173635e-03
8.949123e-02
5.009696e-02
4.091999e-03
5.634422e-05
5.581322e-03
1.355734e-01
2.270426e-02
1.974644e-01
1.233743e-02
1.346595e-02
9.474430e-02
3.773760e-01
1.573427e-03
1.156089e-01
1.082766e-01
3.641045e-02
4.767837e-03
3.926226e-02
4.648889e-03
1.168158e-04
1.066654e-01
2.841698e-02
9.186847e-02
5.808459e-03
4.833544e-04
1.415032e-02
4.369148e-03
1.317032e-03
7.227280e-02
1.933536e-02
1.664261e-03
