3.064025e-02
1.886126e-02
2.401708e-03
1.864102e-01
2.837302e-02
8.803115e-04
1.784954e-02
5.341812e-02
7.110457e-02
5.049383e-03
1.623420e-03
1.406222e-02
1.279906e-02
9.408078e-04
5.646017e-02
4.395134e-02
2.966121e-03
4.674849e-02
5.732281e-02
5.966832e-03
2.004742e-02
1.029586e-02
8.976706e-02
2.870594e-03
1.010392e-02
8.732491e-02
6.494955e-02
3.798393e-02
9.796457e-03
2.345843e-02
5.320537e-06
7.519772e-02
3.365525e-02
6.645341e-04
1.667580e-01
9.342180e-06
2.910848e-02
2.116245e-02
2.178063e-02
2.423311e-02
4.424645e-02
5.203891e-03
1.959961e-03
1.146487e-02
2.611319e-01
1.073908e-01
4.410140e-04
7.038997e-02
1.105450e-01
1.338379e-01
4.141849e-03
5.805302e-04
2.079248e-03
1.372565e-04
1.394806e-03
1.007229e-02
7.960915e-04
4.264481e-03
8.702194e-02
1.713530e-01
1.034471e-01
5.070713e-03
2.508680e-01
3.457859e-02
1.038050e-01
2.557781e-02
3.991664e-02
5.344632e-03
2.434930e-02
9.167904e-02
1.246292e-02
2.808363e-03
2.161185e-03
1.425181e-01
8.222505e-02
4.887503e-01
2.345710e-02
3.946501e-03
3.597275e-02
3.553126e-05
2.837673e-02
3.497416e-02
4.025313e-02
2.152989e-06
1.523241e-01
6.057172e-03
1.373776e-01
3.684819e-03
3.739672e-03
1.959394e-02
2.315735e-03
8.449973e-02
1.188928e-01
6.781224e-04
6.406785e-03
9.180158e-02
3.318086e-03
6.747550e-03
2.879904e-01
2.012239e-02
9.628269e-03
1.178574e-02
3.793664e-03
4.963909e-02
1.173068e-04
4.060354e-03
2.009804e-01
1.302277e-04
1.442788e-03
7.516302e-03
3.055614e-04
6.457191e-04
4.998991e-02
1.097607e-01
6.729594e-03
8.576739e-02
1.306779e-02
2.428202e-03
1.002346e-01
5.890176e-03
1.286182e-01
7.822385e-03
6.680461e-02
1.047720e-02
1.620005e-01
1.417369e-04
2.247894e-02
7.412925e-02
2.889496e-02
7.007232e-03
1.797060e-02
1.578019e-05
1.107658e-02
9.264727e-04
6.350320e-02
2.659824e-01
8.097337e-02
1.656996e-03
2.065828e-03
4.625472e-02
1.559928e-01
1.673910e-02
4.108296e-04
2.612972e-04
2.620462e-02
2.585765e-02
1.440820e-02
2.248545e-03
1.651723e-01
1.991082e-03
9.422422e-02
1.643182e-01
3.808931e-02
1.263412e-01
2.330228e-01
8.205597e-02
5.508066e-03
8.086216e-02
3.684943e-02
7.072839e-02
1.995137e-01
1.473299e-02
1.670334e-02
4.287286e-02
7.597585e-02
2.668995e-02
6.377529e-02
1.364690e-02
6.438060e-02
7.846284e-03
6.897713e-03
1.726213e-02
2.340355e-02
2.297566e-03
6.623731e-08
1.009828e-02
1.176169e-02
2.809484e-02
1.251267e-03
6.317496e-03
9.434352e-02
1.637226e-02
1.026231e-01
1.263500e-01
3.731632e-01
1.012520e-01
5.756999e-03
3.184635e-02
3.352032e-02
2.308763e-04
2.171574e-02
1.928171e-03
9.358248e-02
1.011417e-02
9.005980e-04
3.790841e-02
1.303186e-02
9.735851e-03
4.971223e-04
1.103131e-01
1.750279e-02
9.908898e-03
5.593467e-02
9.764908e-02
1.175365e-01
7.405553e-02
1.607825e-02
1.054288e-02
7.490856e-02
1.587095e-03
6.336044e-02
7.418104e-02
6.453973e-02
1.186345e-02
1.962108e-01
2.277653e-03
4.358302e-03
1.793103e-02
2.571169e-03
1.298422e-01
1.161915e-02
5.189957e-02
1.131231e-01
9.859831e-02
1.228572e-03
1.145660e-01
6.749164e-04
1.224652e-01
1.357581e-01
3.076679e-02
8.123140e-04
8.574770e-02
4.079721e-02
3.184446e-03
2.907928e-02
2.847495e-02
7.350840e-03
1.583397e-02
6.914687e-04
1.314156e-01
1.367257e-01
3.689510e-03
1.787236e-02
4.984692e-02
5.752865e-03
1.193782e-03
1.600571e-02
2.943910e-02
6.128208e-03
1.272487e-02
6.308600e-02
5.311347e-04
7.268642e-03
3.707470e-04
1.954664e-01
5.748438e-02
1.001518e-01
4.749940e-02
6.284820e-03
1.093051e-02
2.480245e-03
2.460854e-03
1.208227e-02
6.075898e-02
2.820004e-02
9.119331e-02
2.030410e-01
3.196581e-02
4.302080e-05
1.038367e-02
2.724637e-01
3.901766e-02
2.371565e-02
9.374966e-03
2.233650e-04
1.099845e-01
5.454666e-02
1.742934e-01
6.493394e-02
1.655428e-02
1.238281e-02
1.360666e-01
7.275509e-03
1.449258e-03
2.276663e-03
7.672669e-03
2.384810e-02
8.538280e-03
1.257896e-01
4.191252e-03
3.336367e-03
7.012638e-02
1.300494e-01
2.039807e-04
8.881093e-02
1.954429e-02
1.313709e-01
1.541576e-02
1.162274e-03
2.363203e-02
2.862621e-04
1.001558e-02
4.607246e-02
5.126508e-02
3.118420e-03
1.570343e-01
8.180480e-04
2.091096e-01
4.671353e-04
1.174331e-03
2.387784e-02
1.247015e-04
2.812067e-03
8.668763e-03
4.671344e-02
1.296661e-02
3.232957e-03
4.684786e-02
2.007271e-02
6.458885e-02
1.828973e-02
9.932724e-02
6.594853e-04
2.901614e-05
3.151113e-02
8.665573e-02
1.455238e-02
1.310004e-05
1.020950e-01
1.078323e-01
4.514568e-02
1.642147e-02
7.860129e-03
7.497385e-02
2.077125e-02
9.895274e-03
8.972627e-02
4.278533e-03
3.460494e-02
1.390574e-02
2.920712e-02
7.615889e-02
7.599152e-02
3.449642e-02
1.413681e-02
7.056672e-03
6.533504e-02
4.222236e-02
1.406883e-02
8.543462e-02
1.497966e-02
6.917113e-04
2.847477e-02
5.336047e-05
3.327628e-03
6.729298e-04
4.403438e-02
5.630845e-02
8.997190e-04
2.834159e-04
3.463677e-02
1.312169e-03
2.957196e-02
7.901960e-02
5.980769e-03
8.535235e-02
2.471090e-02
1.350595e-01
9.887185e-02
4.213756e-03
1.872480e-01
9.170537e-02
3.988296e-02
2.857728e-02
7.504018e-02
5.954297e-03
1.578737e-02
1.185482e-01
5.902184e-02
9.779532e-04
2.672937e-02
1.770988e-02
5.996572e-02
1.557572e-01
5.899101e-03
3.744894e-02
8.387310e-02
8.473607e-03
4.364275e-02
2.617835e-02
3.865751e-04
2.054722e-04
9.113889e-04
8.517409e-02
1.300921e-01
9.938574e-02
6.057159e-03
4.610862e-02
3.631904e-03
1.006256e-01
4.691571e-02
5.098413e-03
2.576835e-02
4.343060e-02
1.246325e-02
1.183840e-02
1.525748e-01
2.837233e-01
1.431685e-02
1.665981e-02
5.747086e-05
6.032546e-03
1.676490e-01
2.386696e-03
1.269987e-02
1.047235e-02
3.420511e-05
1.430899e-01
2.802798e-03
2.218094e-02
4.842655e-02
4.071597e-02
3.017528e-03
7.621890e-04
3.223998e-03
6.761826e-02
2.925081e-02
1.614858e-02
1.100943e-03
6.811259e-02
1.739676e-02
1.493522e-02
3.011180e-02
4.205432e-03
5.428219e-02
8.976696e-03
1.433113e-01
6.347728e-02
4.454239e-02
2.512345e-04
4.996855e-02
7.526945e-02
1.279897e-02
1.755793e-02
2.579257e-01
1.166158e-01
1.702148e-01
3.411936e-05
1.817958e-02
7.510725e-02
3.995577e-02
7.579722e-03
3.509738e-02
2.142678e-03
1.758056e-01
6.689993e-02
4.286968e-01
1.419791e-02
1.011242e-02
1.004954e-02
8.643503e-02
4.257883e-02
2.365237e-01
2.712211e-01
1.598705e-03
1.336338e-02
1.075937e-01
1.959603e-01
4.785543e-02
9.006221e-04
1.406113e-02
8.711175e-02
4.387525e-02
3.473024e-02
2.920514e-02
6.958748e-04
2.266249e-01
2.503525e-02
1.194055e-02
3.585231e-02
4.835033e-02
1.927348e-02
1.765583e-03
4.446594e-02
3.677250e-02
9.532052e-02
1.542504e-01
1.032017e-01
1.549302e-03
3.763136e-02
4.923743e-02
1.540417e-01
2.382564e-04
1.465642e-02
9.160712e-03
4.018323e-02
1.985900e-02
7.652247e-02
8.839552e-02
9.841972e-03
4.546875e-02
6.252974e-02
7.622296e-02
2.424997e-02
5.932800e-03
2.756123e-03
4.514727e-03
1.840521e-01
1.325094e-02
7.793828e-02
2.911188e-02
1.006765e-01
9.614685e-03
6.752460e-03
3.136546e-03
3.926473e-02
2.241127e-01
1.474905e-02
1.939010e-02
7.124719e-02
4.862196e-03
8.557317e-03
5.697147e-02
2.980875e-02
1.130079e-01
1.534980e-01
2.411631e-03
8.288545e-04
6.495014e-02
4.915746e-03
1.888790e-05
2.406305e-02
1.245959e-02
6.908479e-03
3.576689e-02
3.582251e-04
1.526790e-03
1.829642e-02
1.599577e-02
4.195892e-01
3.402072e-01
1.485530e-01
6.764063e-03
4.313392e-02
6.351441e-02
1.187111e-02
2.435590e-03
4.171470e-02
7.495836e-02
5.402222e-02
2.076067e-02
7.105367e-05
5.496261e-02
4.472221e-02
2.598243e-05
1.121170e-02
1.608760e-05
2.939090e-03
1.714503e-02
9.398782e-02
6.877218e-04
4.225424e-05
7.515530e-04
4.468981e-03
1.439508e-04
3.717932e-02
4.718033e-04
2.608356e-02
3.273036e-02
1.184267e-02
8.818586e-02
2.370358e-03
5.508002e-02
1.259865e-01
1.557319e-02
7.613799e-02
6.282720e-02
3.854863e-02
8.270948e-03
4.280927e-03
3.373208e-03
4.050230e-02
3.689481e-02
1.166785e-01
2.783446e-02
7.213166e-02
2.108209e-01
9.664302e-04
1.030164e-01
3.189416e-02
1.981671e-01
8.744320e-02
5.740310e-02
1.319707e-01
