7.166762e-02
8.211580e-03
9.340207e-03
2.019596e-02
3.053933e-05
9.209842e-05
3.496433e-04
7.602925e-03
3.332059e-03
1.765664e-02
7.304334e-03
4.462554e-02
7.884160e-02
4.151995e-05
5.321065e-03
1.267283e-03
6.966987e-03
9.447458e-03
2.201234e-01
1.807279e-03
5.890716e-03
5.811841e-02
1.385066e-02
1.042436e-02
1.095097e-02
1.261313e-01
5.870989e-03
3.982135e-03
2.355093e-03
3.659042e-02
2.576751e-02
1.413915e-02
5.475165e-02
1.263039e-03
1.802114e-02
1.038284e-03
4.536464e-03
5.823823e-03
3.723511e-02
2.289029e-03
1.454801e-04
3.910601e-02
5.851765e-02
4.053063e-03
6.389138e-02
2.807756e-02
3.036799e-02
3.537214e-03
9.825617e-02
2.435234e-02
2.264398e-02
1.265822e-02
6.279933e-03
8.973498e-02
1.279890e-02
1.173263e-02
1.244804e-02
2.009672e-01
6.058106e-04
5.995442e-02
8.649244e-03
9.261840e-03
4.740441e-02
1.257484e-01
1.754941e-02
7.737922e-04
1.672829e-02
1.049229e-02
1.270267e-04
1.552243e-01
5.011012e-02
1.491505e-03
3.282127e-02
7.981766e-02
6.750107e-04
5.625170e-02
3.346787e-03
1.515777e-01
8.447101e-02
8.205189e-03
8.903629e-03
3.221815e-02
2.632105e-01
2.988285e-02
6.897839e-03
3.292006e-03
2.730481e-02
5.624014e-02
1.070494e-01
6.227563e-03
9.139746e-02
1.136097e-02
1.295481e-02
8.385158e-03
2.906293e-02
4.901757e-02
1.848297e-05
8.868428e-05
1.220164e-02
4.741832e-03
6.776792e-03
2.137585e-04
1.109451e-02
6.546563e-02
3.215401e-02
4.266669e-05
1.159441e-02
1.972544e-01
9.395898e-03
2.679796e-02
8.660143e-04
2.677302e-03
4.625794e-02
4.170894e-05
3.515671e-03
7.001435e-02
5.443005e-02
1.166905e-02
2.569297e-03
2.281745e-03
2.336244e-02
1.338531e-01
4.167587e-02
1.039359e-02
4.981039e-02
2.371909e-01
2.132581e-02
9.214924e-04
3.832577e-02
3.451854e-04
8.828463e-05
5.845108e-02
1.049089e-01
2.206108e-01
1.114762e-01
1.605639e-06
5.356644e-04
6.114575e-06
5.427727e-02
5.625412e-02
1.107347e-01
3.990375e-02
3.386218e-07
4.337413e-02
2.405989e-02
5.572350e-03
6.170296e-02
1.809645e-02
9.417020e-03
6.931139e-03
3.116331e-02
3.636355e-02
3.318770e-02
2.105406e-02
1.785969e-04
2.787800e-02
2.093976e-02
4.190319e-03
9.424068e-02
1.447501e-02
1.391434e-01
1.746917e-02
6.868319e-03
1.164771e-01
4.779217e-06
6.364206e-03
2.151546e-02
4.710137e-02
3.216988e-03
1.147716e-01
4.196669e-02
1.429211e-02
5.508719e-02
1.375188e-03
4.861517e-02
3.775511e-03
2.597944e-03
1.532501e-01
9.594936e-03
1.054196e-02
7.045502e-02
6.705372e-04
2.438032e-01
3.664068e-03
3.150307e-01
1.974817e-02
1.990637e-04
8.666480e-03
8.809148e-03
7.005166e-02
1.667297e-03
4.055254e-02
2.757828e-04
2.746558e-04
7.383429e-02
8.227440e-04
4.223541e-02
1.336264e-01
1.435350e-01
1.317742e-02
1.438205e-02
3.058610e-02
2.881408e-02
6.572123e-03
2.403650e-02
1.694795e-01
2.923102e-02
5.502145e-02
7.410571e-03
9.902933e-03
2.665612e-01
2.558488e-04
5.798702e-06
1.445323e-02
8.303457e-02
6.199735e-02
6.473318e-02
6.126995e-02
5.952383e-02
1.841482e-02
7.398402e-03
5.990979e-03
3.570002e-02
1.812806e-02
3.089625e-03
4.446147e-03
3.573376e-02
4.159887e-02
9.062540e-02
1.081784e-01
8.078049e-02
6.022996e-02
1.674170e-02
1.225242e-05
1.040863e-01
1.176683e-01
1.679202e-02
5.667999e-03
1.451605e-02
4.577648e-03
8.588849e-02
2.440112e-02
2.619000e-02
3.998893e-06
8.798436e-05
7.344207e-03
1.148549e-01
1.601104e-02
9.920387e-04
7.907997e-02
8.836524e-03
3.731782e-02
1.654260e-01
1.315010e-02
1.755403e-04
2.028912e-03
1.217760e-04
2.151226e-02
1.399449e-01
1.694806e-03
1.470157e-03
2.970065e-02
4.193264e-02
1.178885e-03
6.706466e-03
1.465984e-02
2.320341e-02
1.197085e-02
2.106523e-04
1.122925e-01
1.620010e-01
8.633242e-03
4.358244e-02
2.316898e-02
7.798586e-02
1.561957e-02
6.728888e-02
1.415898e-01
2.228150e-02
9.057415e-02
2.974404e-01
2.381584e-02
2.309563e-01
1.500915e-02
2.172724e-02
2.796279e-01
9.419198e-02
4.444370e-02
4.095631e-04
2.046364e-02
1.393222e-03
1.204297e-03
1.439513e-01
2.567230e-02
2.515320e-02
4.054107e-04
6.399613e-02
7.552709e-02
4.058890e-03
1.797508e-02
1.872257e-01
5.680664e-04
8.222552e-02
2.215123e-03
1.961184e-03
3.176810e-04
1.877468e-02
2.440985e-01
2.043676e-02
1.359678e-01
1.573089e-03
5.718039e-04
1.019488e-02
9.071088e-03
1.624400e-01
7.333592e-02
1.898002e-02
1.608382e-01
8.475420e-02
5.813499e-02
3.239842e-02
3.206357e-02
1.585553e-01
1.103517e-02
2.106695e-02
7.459191e-03
5.704642e-03
1.232825e-02
2.886473e-01
4.744076e-04
5.035096e-02
5.415756e-03
2.249495e-02
6.012658e-02
1.132938e-03
7.400620e-03
3.646514e-03
4.005743e-02
6.476650e-02
1.556996e-01
3.339201e-02
1.969436e-02
1.190441e-01
1.097948e-01
1.210216e-03
6.775885e-02
7.346615e-02
7.937893e-03
6.157956e-02
2.810098e-02
3.847958e-02
2.165379e-01
5.240245e-03
1.405578e-03
4.146324e-02
1.486361e-01
8.011129e-02
1.054651e-03
5.868883e-03
1.275394e-02
6.887381e-02
3.671409e-03
4.301230e-04
1.121054e-01
3.216490e-04
4.965012e-02
7.075624e-02
7.466690e-07
4.398607e-03
9.788051e-02
5.837665e-03
3.561788e-03
1.805835e-01
3.599939e-03
6.372548e-02
1.146452e-01
3.206977e-02
1.708003e-01
2.227569e-02
1.911776e-02
2.175544e-03
8.445210e-03
7.832984e-03
1.079933e-03
1.426050e-01
1.103353e-01
1.402830e-02
2.968466e-01
8.233184e-02
4.842372e-03
6.427737e-03
2.343138e-01
7.776383e-03
5.201072e-04
1.582652e-02
1.714428e-02
5.862121e-02
3.674048e-02
1.010950e-01
4.641917e-03
3.256066e-03
5.509945e-02
5.702977e-02
1.500108e-02
4.472845e-05
3.685156e-02
1.533581e-02
1.162696e-01
4.052223e-02
6.524278e-04
4.495091e-02
2.381136e-03
5.005772e-03
6.009788e-03
9.281483e-02
2.862626e-02
8.933589e-03
9.493147e-02
2.321556e-01
3.922850e-02
2.467371e-03
4.013690e-02
7.157201e-05
1.608254e-03
1.742435e-03
2.880106e-02
8.084389e-04
8.652203e-04
7.853652e-04
4.016720e-02
2.262017e-02
1.273245e-02
5.337432e-03
7.755830e-02
2.240959e-02
2.531985e-01
9.397535e-06
2.002858e-04
1.079898e-02
4.925755e-02
2.269255e-02
1.525957e-01
3.720066e-02
6.119940e-03
2.079689e-02
3.993038e-03
4.605792e-02
2.921077e-01
1.140976e-01
1.353752e-02
4.086409e-04
2.126672e-01
2.616293e-03
1.798710e-01
1.951522e-01
1.099710e-04
2.129635e-02
1.183718e-02
4.325077e-04
6.713218e-02
6.699798e-02
8.844090e-03
1.785197e-03
1.754191e-02
4.332097e-05
1.941077e-02
1.013810e-01
3.577270e-02
1.228870e-02
6.151879e-03
2.818959e-02
2.186258e-03
7.835766e-02
5.365474e-05
1.043614e-01
1.003926e-01
7.828944e-03
8.183980e-02
6.028444e-02
8.632508e-02
1.473739e-02
1.507145e-01
2.369883e-01
1.168478e-03
8.557711e-02
1.473106e-03
1.359524e-01
4.445695e-02
1.564215e-01
1.961478e-03
3.272475e-03
3.122774e-02
1.755731e-06
2.425017e-02
1.679499e-02
9.646779e-02
1.451962e-02
4.776891e-02
2.560434e-03
1.166205e-01
3.198082e-02
2.277025e-01
2.462267e-03
2.873676e-01
1.696613e-02
2.616260e-03
1.502484e-02
7.073071e-01
9.494806e-02
9.287511e-03
1.363564e-01
1.123721e-02
2.911475e-04
3.006534e-02
1.840931e-02
4.557739e-02
1.357325e-03
1.323262e-01
2.863959e-03
2.822381e-02
6.626688e-02
1.742262e-02
1.952322e-02
7.086726e-03
1.191500e-01
1.627321e-03
2.291749e-02
2.385674e-02
1.445732e-03
5.747291e-02
1.280071e-02
7.813866e-02
2.400879e-02
2.532154e-03
1.067614e-01
1.972800e-02
2.800417e-01
8.286479e-03
4.617714e-02
2.012479e-03
1.351519e-03
2.003014e-03
4.011541e-03
4.011982e-02
2.083313e-02
4.298488e-03
2.102707e-01
2.033173e-01
7.993526e-05
1.473854e-02
8.881206e-02
7.325611e-03
1.183336e-03
1.154638e-03
5.982521e-05
2.473276e-02
7.953502e-04
9.193229e-03
8.685743e-02
4.807618e-03
4.634965e-02
6.923407e-02
3.247050e-02
1.743841e-06
4.580265e-02
4.076313e-01
4.190155e-02
8.672591e-02
2.757776e-03
8.794778e-04
3.844898e-02
7.258448e-02
5.169420e-02
8.456413e-02
1.146602e-02
2.601189e-01
7.680166e-05
3.048602e-03
2.666986e-02
1.042867e-01
1.312796e-02
2.701255e-01
5.772752e-02
4.169198e-04
5.995403e-04
6.544400e-04
1.162320e-03
4.322146e-02
1.267232e-01
2.724744e-02
3.858507e-02
2.751224e-01
1.261806e-02
2.204569e-03
