1.085467e-01
7.357546e-05
1.658597e-02
2.835858e-01
7.213615e-03
1.932595e-01
1.701400e-03
7.687867e-02
5.566178e-04
1.199184e-01
1.693270e-01
6.949192e-02
6.291884e-02
1.312891e-02
1.840242e-02
5.511041e-03
2.555786e-01
7.856658e-02
1.844491e-02
8.239432e-03
1.556459e-02
1.070101e-04
3.248641e-02
2.167724e-01
1.686755e-03
6.587040e-02
8.756293e-04
1.155260e-01
7.915208e-03
9.668968e-04
1.743009e-02
1.521093e-02
4.495456e-04
2.367696e-01
6.323034e-02
5.072239e-02
4.643722e-03
7.293026e-02
1.018596e-01
2.030828e-01
5.542264e-02
3.198333e-02
1.164364e-02
2.401517e-01
2.978306e-02
4.093375e-02
1.276125e-03
5.669817e-03
8.745625e-02
1.550875e-01
7.671639e-05
2.151293e-01
1.387685e-03
1.770389e-03
3.978820e-02
7.284607e-02
2.033373e-02
1.740209e-02
2.841735e-02
6.428218e-03
2.126990e-02
2.918816e-01
3.688302e-02
5.275474e-02
2.982820e-03
3.762566e-02
8.653498e-02
3.699174e-04
9.861765e-03
2.407951e-01
1.165969e-02
5.415454e-02
1.455433e-02
6.656811e-03
1.302840e-01
3.680527e-03
5.444230e-02
4.505185e-04
4.521874e-03
8.072963e-03
2.160412e-02
3.512239e-02
2.313905e-03
1.519661e-02
3.622918e-02
1.144100e-01
1.619425e-01
7.720101e-02
4.688672e-02
4.066826e-02
2.921916e-03
1.673075e-01
2.147976e-02
5.023082e-02
5.668861e-02
3.530484e-06
8.406377e-04
2.435893e-02
6.670914e-02
4.906670e-02
5.836605e-03
1.773612e-03
2.051778e-02
8.961156e-03
8.553767e-02
1.121810e-01
7.644126e-02
1.028166e-02
4.887208e-02
2.509770e-03
1.455994e-01
1.533648e-02
1.279663e-01
2.458542e-02
5.597642e-03
2.541281e-02
4.016829e-02
6.914171e-02
1.171215e-02
2.849066e-05
7.820133e-01
3.887793e-02
3.033536e-02
4.578302e-03
4.417283e-02
2.648714e-02
1.496025e-02
8.901066e-02
1.163320e-03
4.095047e-02
5.589194e-03
7.803562e-02
9.068684e-02
3.179900e-03
5.596761e-02
1.905521e-02
1.180007e-03
1.417408e-01
9.614614e-06
1.276956e-04
1.326955e-03
1.292798e-02
5.778612e-03
2.092424e-02
2.111584e-03
1.365006e-01
8.592082e-02
1.987832e-02
1.413331e-02
7.647346e-03
1.886082e-03
1.326432e-02
8.592263e-05
3.984950e-02
1.032224e-02
3.642938e-04
1.401371e-02
1.350515e-02
1.062123e-01
9.154374e-02
4.212467e-02
4.208778e-04
1.423724e-03
6.039413e-02
1.375319e-01
2.361910e-03
2.973816e-01
1.836357e-03
1.293057e-02
5.751944e-02
1.923919e-02
6.093163e-02
9.653776e-02
4.376562e-04
1.333530e-04
1.098343e-01
1.471150e-02
8.755754e-04
1.033921e-03
3.766858e-05
2.632904e-03
1.891254e-02
2.271215e-02
7.909921e-02
3.644951e-03
8.991044e-02
3.446358e-02
3.080964e-03
6.594338e-03
3.218912e-04
3.552625e-03
9.033746e-03
1.032956e-01
5.739805e-03
7.472385e-03
1.537559e-01
9.295089e-04
1.732594e-03
2.708461e-02
6.607384e-02
2.127670e-01
1.687182e-02
2.000430e-03
3.802311e-02
1.187079e-03
6.994022e-02
1.983511e-01
4.606236e-02
6.690232e-03
7.228197e-03
9.549698e-03
3.120305e-02
5.144290e-03
2.818650e-03
4.100321e-02
1.046396e-01
4.566217e-02
5.246033e-02
2.412604e-02
3.586284e-02
3.125866e-02
1.761049e-04
7.312726e-02
2.315826e-03
1.695864e-02
4.866310e-02
4.207433e-02
1.491729e-04
1.319329e-01
1.032760e-01
8.672626e-02
1.011240e-02
1.122116e-02
3.798981e-02
5.429925e-02
6.877546e-03
3.541772e-05
5.343008e-02
2.930561e-03
3.487480e-03
1.502216e-01
6.095949e-02
3.246929e-03
1.952024e-02
6.515853e-02
3.424803e-03
1.434174e-04
2.008497e-02
8.334460e-02
2.118652e-01
4.192200e-03
2.016445e-01
1.777327e-04
9.746101e-04
7.764310e-02
5.933136e-03
6.062838e-03
1.759117e-02
1.579195e-02
6.936421e-03
4.628610e-02
6.241552e-04
4.078639e-02
3.100959e-03
1.154617e-01
4.998438e-02
2.848922e-02
4.240463e-04
2.943451e-03
2.657196e-03
4.200166e-03
3.056277e-03
4.382250e-01
1.298011e-01
2.544639e-02
8.876128e-03
5.592598e-02
6.091517e-02
1.825264e-02
4.704000e-02
5.246696e-03
1.392429e-01
4.094494e-03
6.021661e-02
1.417271e-02
8.984244e-03
1.072702e-03
1.140836e-02
1.605756e-02
9.804431e-04
1.497732e-01
1.599844e-01
1.969305e-03
3.984555e-02
2.079521e-02
5.644181e-03
1.668813e-02
1.105841e-02
3.207859e-02
9.765417e-02
4.938802e-03
2.040763e-03
4.030893e-03
3.993669e-02
2.067300e-02
2.432839e-03
3.761066e-04
6.280528e-04
2.091796e-04
8.304359e-03
7.776699e-04
1.140095e-01
1.789162e-02
2.751933e-02
7.566294e-02
1.221228e-03
4.740389e-03
7.921788e-05
1.316604e-02
8.512190e-02
8.036923e-04
9.719285e-03
2.589188e-03
8.530024e-02
5.036134e-02
1.011280e-02
2.347779e-02
2.025327e-03
1.386543e-03
8.552933e-03
1.019004e-01
2.338554e-02
7.474729e-02
7.037121e-05
1.070744e-01
1.915301e-02
2.449976e-03
1.035029e-02
1.409794e-01
9.729014e-03
2.406126e-02
1.850186e-01
1.410241e-01
1.477290e-01
5.065303e-02
8.971864e-04
2.620320e-02
2.912369e-02
5.027216e-03
9.637346e-02
2.182884e-02
2.364721e-04
8.098821e-02
2.294856e-02
2.012846e-02
7.123564e-02
3.789185e-02
4.835068e-02
7.857889e-02
2.210871e-02
1.112052e-01
3.335391e-03
2.901526e-02
1.296185e-01
4.624713e-02
2.442171e-02
8.746921e-02
2.446495e-02
4.839514e-04
9.497372e-02
1.089516e-01
5.804045e-03
2.183464e-02
6.854965e-02
6.527546e-02
1.613851e-02
4.708285e-02
2.973905e-06
6.541085e-03
2.674342e-02
1.252706e-01
1.759329e-01
1.695569e-02
1.618808e-02
1.303058e-03
1.225149e-02
7.039064e-03
4.591964e-01
2.243001e-02
2.113103e-01
5.277069e-04
2.514109e-03
9.438097e-05
1.032974e-01
2.989195e-01
1.591641e-03
1.544090e-01
1.842325e-02
6.041564e-03
2.988157e-02
3.159486e-02
1.649937e-03
2.796501e-02
6.663476e-02
2.782901e-02
1.474986e-02
1.006962e-01
1.842786e-03
5.162942e-03
7.499918e-03
4.853661e-02
8.910598e-05
2.502601e-02
4.121638e-03
7.691091e-05
1.906882e-02
7.704334e-02
3.130678e-02
7.072047e-02
4.068446e-01
2.265518e-03
8.650629e-04
1.236642e-04
1.207449e-02
1.242336e-02
8.648219e-02
1.353798e-02
1.546550e-01
1.202755e-01
4.695462e-02
2.597096e-01
1.168089e-02
6.664852e-02
1.414043e-03
9.530690e-02
5.968142e-02
1.071038e-01
9.145890e-03
4.888889e-02
5.474848e-02
5.642495e-02
4.259267e-02
1.904593e-03
3.076310e-02
3.194425e-03
4.222918e-02
4.413153e-03
3.751166e-03
4.653075e-02
1.777324e-03
1.914897e-01
6.701551e-02
9.406594e-04
1.268568e-02
5.924173e-02
3.137793e-02
2.732647e-04
1.685344e-02
5.953305e-02
5.077486e-02
8.202904e-03
1.450236e-02
1.489446e-02
5.221211e-03
5.136964e-03
8.062923e-03
1.008917e-02
3.006620e-02
2.152948e-01
1.887225e-03
2.251499e-03
3.366004e-01
2.215021e-03
1.944655e-03
1.620641e-01
1.549648e-02
1.287777e-02
5.704842e-03
4.011098e-03
5.155708e-02
5.737958e-02
1.961584e-02
7.130945e-02
5.808012e-02
5.339626e-02
2.022739e-02
2.730655e-02
4.406904e-02
2.174113e-03
6.919292e-03
2.075831e-02
1.432342e-01
1.803203e-03
1.183175e-03
2.846757e-01
1.543373e-01
6.696690e-04
4.607823e-04
2.342987e-05
1.088510e-01
6.970752e-02
3.281611e-01
2.092330e-04
8.531031e-04
1.188811e-02
9.372167e-03
2.006520e-02
6.552783e-02
1.037318e-01
1.776761e-01
8.587045e-03
2.707771e-03
8.124726e-03
2.126990e-05
9.505849e-03
1.502433e-01
7.641855e-02
1.631789e-03
1.113303e-05
1.535974e-02
3.552918e-03
5.238826e-02
1.113319e-01
2.844740e-02
1.949121e-03
2.311683e-03
2.929207e-01
3.525962e-02
1.340475e-04
6.987584e-02
7.943365e-02
2.407195e-02
1.269020e-02
5.289417e-02
2.438316e-03
1.097364e-02
1.150958e-02
4.521884e-03
2.752089e-01
4.872033e-02
1.073293e-01
1.727144e-01
4.278518e-02
1.254417e-02
2.916828e-02
1.206708e-01
1.753642e-01
4.573467e-03
5.754359e-02
5.193618e-03
2.772647e-03
2.144949e-02
1.601619e-01
1.042002e-02
8.227727e-02
2.343375e-02
1.620872e-04
1.642424e-01
1.714064e-01
2.845117e-03
2.825046e-02
1.395004e-03
1.297189e-01
1.463417e-02
8.560561e-04
5.831964e-02
2.046216e-02
3.154202e-02
5.698087e-02
1.935755e-01
3.397007e-03
1.334769e-02
8.336665e-03
2.536147e-02
7.475992e-03
1.300221e-02
3.734399e-02
3.683866e-04
5.443151e-03
2.425506e-03
7.760684e-02
1.481569e-01
1.086582e-02
3.060231e-02
9.162848e-03
9.267471e-03
1.337520e-02
4.406848e-02
4.979349e-03
2.554146e-03
4.672415e-02
1.772649e-06
1.136897e-02
3.636887e-02
