6.135025e-03
3.994466e-01
2.745768e-05
5.700231e-02
7.926367e-03
3.422536e-01
2.658014e-04
2.248184e-03
3.721643e-03
8.372206e-02
2.126200e-01
5.454552e-02
9.690913e-03
1.205741e-02
6.736285e-04
2.266559e-02
5.048115e-02
4.833805e-02
2.425208e-02
1.776944e-02
3.532627e-02
1.256575e-02
5.555506e-03
1.190353e-01
6.967541e-03
1.348968e-02
2.856661e-02
9.521640e-04
1.668779e-02
7.025392e-03
6.600192e-02
3.641900e-02
7.152740e-03
8.645944e-08
2.020612e-03
1.320216e-01
1.007472e-04
1.049948e-02
2.017635e-01
7.421532e-03
1.027011e-03
8.866229e-03
4.984874e-03
4.197204e-02
1.571316e-02
1.635558e-02
4.660380e-05
9.473781e-03
1.328462e-01
3.216607e-03
1.305414e-01
1.584094e-02
2.615640e-02
7.739336e-02
2.925250e-07
3.141288e-02
2.998992e-02
4.238807e-04
2.009861e-02
7.761565e-02
8.298709e-04
5.559018e-03
1.486552e-01
1.638592e-02
1.281125e-02
3.282928e-02
2.228493e-02
3.036676e-04
4.946463e-03
3.731407e-02
1.409608e-05
7.583896e-03
8.315932e-04
2.225672e-01
6.976825e-02
2.025569e-02
1.002166e-01
4.955855e-02
1.895417e-03
2.319806e-02
1.534791e-01
4.872432e-02
2.088097e-01
2.250970e-01
3.605835e-06
1.243581e-01
3.960777e-02
1.466003e-04
2.582920e-02
4.457324e-03
9.736051e-06
1.176811e-01
3.135153e-02
2.126391e-03
1.714889e-02
5.338011e-02
4.628853e-03
2.708600e-02
5.219468e-02
1.171923e-02
2.471977e-02
2.353306e-02
2.773037e-02
3.210946e-03
6.986417e-04
1.366487e-01
3.577368e-04
2.348386e-03
8.372158e-02
2.147603e-01
3.041492e-01
1.162284e-01
4.724899e-02
6.624307e-02
3.382798e-02
1.445046e-03
2.332118e-02
2.932180e-04
3.421892e-03
8.565827e-02
7.298103e-02
2.486728e-02
1.623048e-02
4.086863e-03
6.643905e-02
8.775078e-03
1.045815e-02
7.208772e-03
1.679516e-02
3.215369e-02
4.260596e-03
1.189416e-01
2.358782e-01
7.424811e-02
1.521056e-04
5.488433e-02
6.250336e-03
3.470535e-03
1.804587e-03
7.189007e-04
1.756642e-02
3.027103e-02
1.490368e-03
3.507694e-03
5.813346e-02
2.842439e-04
4.790211e-02
1.688040e-02
1.180523e-02
7.018213e-03
4.361368e-04
3.819518e-02
2.949911e-02
7.560281e-02
2.457957e-03
1.700802e-04
7.194587e-03
4.277746e-02
9.501292e-03
3.935213e-01
4.308036e-03
3.473379e-03
1.935427e-02
1.607122e-02
6.706916e-02
4.438672e-02
3.184263e-02
5.567163e-02
1.228947e-01
2.857130e-02
7.178763e-06
2.980079e-03
6.292227e-02
2.548306e-02
1.563277e-02
2.339329e-01
6.673227e-04
3.430697e-03
4.354464e-03
2.771888e-02
2.291863e-01
2.290684e-02
4.338394e-02
9.707493e-03
1.072185e-01
3.253701e-01
5.546086e-02
1.896340e-01
5.519097e-04
1.330140e-02
7.730553e-04
1.198497e-03
1.400895e-02
4.645559e-02
6.024534e-03
6.630675e-04
6.273885e-02
1.689184e-02
1.495569e-02
5.870112e-02
9.204368e-03
3.962224e-02
1.360161e-01
1.674424e-04
1.927557e-02
1.913783e-01
2.024886e-01
1.541168e-01
8.102903e-02
2.706410e-02
7.355861e-03
5.170349e-03
2.143789e-02
3.800453e-02
1.141512e-01
4.421684e-02
5.176632e-02
2.557806e-01
7.986052e-03
1.876449e-02
6.495696e-03
1.216879e-02
2.100951e-01
9.862241e-02
8.730984e-03
4.915455e-02
1.603650e-01
1.520508e-02
1.934859e-03
1.190895e-02
4.468356e-03
2.914754e-02
1.932057e-01
2.576775e-02
1.160172e-01
1.372638e-01
1.096281e-01
1.823346e-01
4.796618e-02
6.378740e-02
4.958099e-04
1.953385e-01
3.819490e-01
2.205507e-02
1.704467e-03
1.340979e-01
7.219885e-02
3.651717e-02
1.222309e-04
2.341706e-02
3.221235e-04
3.838091e-03
1.822777e-01
1.049790e-01
7.994316e-03
1.359003e-01
1.619545e-02
1.310197e-01
8.570599e-02
1.077927e-01
1.926452e-01
4.525669e-02
5.328121e-02
4.406290e-02
6.132334e-03
4.832980e-02
1.341493e-03
6.682583e-02
3.300932e-01
1.477271e-02
1.984441e-02
1.850606e-02
4.669463e-02
1.466967e-02
4.960711e-02
8.507462e-04
9.633705e-02
1.805007e-02
9.988416e-04
3.354347e-04
1.850295e-01
8.908906e-02
1.805845e-02
4.204217e-03
2.327205e-02
2.878845e-02
2.093044e-02
7.319487e-02
5.446310e-02
4.569274e-02
2.746460e-01
8.687058e-02
7.703363e-02
1.090385e-04
2.955494e-01
1.187969e-02
1.662435e-02
3.094635e-03
1.700684e-01
4.718325e-02
1.623138e-02
1.277544e-02
7.735143e-03
3.089511e-02
2.125627e-03
2.250803e-03
7.817673e-02
4.482064e-03
3.463020e-01
5.703882e-02
5.046718e-02
5.339230e-02
6.184267e-03
4.254968e-02
1.442130e-05
2.101713e-01
7.978521e-02
5.215070e-03
6.638866e-02
1.133669e-02
2.013255e-02
1.705358e-03
1.231151e-02
1.607346e-03
6.139915e-02
9.264821e-02
8.690285e-04
3.864022e-01
1.088977e-02
4.526501e-02
1.805118e-01
2.183173e-02
8.658444e-03
3.006373e-02
7.096583e-02
4.242589e-02
1.194065e-01
3.064649e-02
5.978940e-03
7.669969e-03
2.097569e-03
5.248276e-05
5.457424e-03
5.174059e-02
1.197754e-02
1.063037e-01
5.705567e-02
1.027565e-02
3.167766e-03
2.543438e-02
9.308476e-05
1.116899e-01
1.424743e-02
1.107757e-01
1.147807e-03
1.626298e-01
4.525666e-02
1.572048e-01
7.159404e-04
2.485707e-03
9.540196e-02
1.683705e-01
2.095026e-02
3.065958e-03
1.324856e-02
7.674790e-04
3.559173e-06
3.864455e-01
2.261212e-08
6.404494e-02
2.362997e-02
1.085488e-01
2.530425e-02
2.607912e-03
2.036551e-01
2.366066e-03
5.190634e-02
1.162046e-01
1.544544e-02
2.768123e-01
2.816832e-03
7.078864e-02
6.668126e-03
5.912226e-03
3.486018e-04
7.768017e-02
1.211726e-01
1.203074e-01
1.680391e-02
1.231355e-01
1.079529e-01
4.440882e-02
9.960380e-04
4.984827e-02
5.332074e-02
1.520494e-02
3.140604e-02
8.793456e-04
5.395286e-02
2.066803e-01
2.942234e-02
1.843466e-02
1.083414e-01
5.717945e-02
3.326014e-03
2.888246e-02
3.389683e-02
1.635683e-03
5.737857e-02
2.657137e-02
1.373564e-02
2.547956e-02
3.854878e-02
4.081949e-02
4.242119e-02
2.579917e-01
4.373023e-03
1.131536e-04
2.687399e-02
1.271897e-02
2.017140e-02
7.087831e-03
2.233451e-01
1.798350e-02
1.598857e-03
2.792437e-03
5.827295e-02
8.107640e-03
2.910297e-02
6.032162e-02
1.100845e-02
5.946180e-02
2.223352e-03
2.565949e-02
3.922339e-02
1.803045e-03
8.546864e-03
2.612382e-02
1.882404e-03
1.605230e-02
1.708116e-01
6.160772e-03
5.530941e-02
1.394159e-02
9.465370e-03
7.806037e-04
2.756054e-02
1.146354e-02
4.388748e-03
1.648186e-02
1.205032e-03
1.144092e-03
7.533810e-04
1.388844e-01
2.171411e-03
1.350102e-03
1.796228e-02
2.016870e-03
8.721532e-02
3.026067e-02
8.689074e-02
4.277085e-02
1.012906e-03
1.356739e-03
1.228167e-02
3.946563e-02
2.885360e-04
1.747598e-04
1.014112e-01
1.440100e-02
3.212308e-02
2.412647e-03
1.356616e-01
1.028185e-01
2.870481e-02
3.681954e-02
8.461913e-05
1.477316e-03
1.356059e-01
8.372981e-02
6.816681e-03
7.150027e-02
2.103511e-02
4.370456e-01
5.678125e-02
8.393807e-02
3.107107e-02
3.175623e-02
2.403574e-03
1.777907e-02
3.975959e-02
5.558163e-02
1.134583e-02
3.005489e-03
1.063567e-01
4.636393e-03
5.882184e-02
1.281480e-01
7.681555e-03
2.722211e-02
1.085924e-02
2.493364e-01
1.848377e-02
5.167339e-03
2.508157e-03
8.683957e-03
1.133650e-04
4.043864e-01
8.907576e-02
1.498822e-01
3.824424e-03
2.610608e-03
1.312824e-01
2.209189e-02
4.419148e-03
1.802873e-01
8.186208e-03
6.179204e-04
1.244995e-02
1.890569e-01
7.884067e-02
7.928741e-02
1.661653e-03
1.731594e-03
1.002489e-01
1.610188e-02
1.197064e-01
2.851365e-02
1.218164e-01
1.386769e-01
8.898652e-02
1.935941e-02
5.256790e-01
9.823075e-03
3.248973e-03
7.054939e-03
5.460661e-02
1.818188e-02
1.668711e-02
3.597300e-02
3.478953e-01
1.002481e-01
5.688684e-02
1.038158e-02
1.402886e-02
6.405046e-03
1.896596e-02
2.958240e-03
1.733522e-01
2.168321e-03
3.529262e-02
1.628563e-02
1.382611e-03
6.470941e-02
2.707210e-02
2.594443e-02
6.268462e-03
1.670290e-02
1.940185e-02
2.040730e-02
7.723434e-03
1.164680e-01
1.571532e-01
1.521314e-05
2.778985e-02
1.568076e-01
7.856154e-03
9.209971e-02
4.204954e-03
9.883756e-02
6.319882e-02
6.197199e-02
4.672514e-02
1.541193e-02
2.745057e-02
4.945082e-02
7.279831e-02
2.060837e-02
1.061428e-01
2.495547e-01
7.641025e-03
4.670596e-02
1.086392e-02
1.575763e-03
4.109781e-03
2.917240e-02
6.477114e-04
2.183544e-01
3.573882e-02
1.129185e-02
7.244570e-02
1.167684e-02
2.538445e-02
3.096626e-02
