4.427179e-03
2.033459e-02
4.377388e-02
1.950776e-01
4.765795e-02
1.153247e-01
8.605610e-02
1.269490e-04
2.290322e-01
1.111019e-02
1.934963e-02
2.295568e-02
2.748114e-02
5.757565e-02
7.091640e-02
1.497598e-02
4.661240e-02
2.681714e-02
4.242205e-02
5.663315e-02
1.808707e-03
2.808238e-02
3.567965e-03
1.527089e-02
1.178774e-03
1.662199e-04
1.508973e-03
9.015311e-05
1.060111e-04
2.109428e-01
2.782272e-02
2.491631e-06
5.621572e-02
2.012430e-02
8.391057e-03
5.616587e-03
4.312270e-02
9.652823e-03
1.387082e-03
8.051989e-03
6.742872e-02
2.247952e-01
2.901404e-03
2.706222e-02
8.281536e-03
1.088662e-01
1.820926e-01
1.146183e-01
1.243576e-01
3.039779e-04
2.303103e-02
1.406660e-01
1.062892e-02
1.685816e-03
1.575522e-02
2.908121e-02
4.701019e-02
9.349553e-03
6.736505e-03
2.479889e-02
1.028041e-03
3.735565e-02
2.294102e-02
6.599923e-02
1.260408e-03
4.740522e-02
1.443122e-02
5.698799e-02
4.566745e-02
3.012158e-02
1.617267e-02
4.674220e-02
9.961834e-03
1.139600e-01
2.650393e-03
2.676097e-04
5.221487e-02
3.966545e-02
1.371321e-03
5.887844e-02
6.562628e-03
1.698839e-03
4.897166e-02
9.079694e-03
1.801489e-01
6.488224e-02
8.232395e-03
1.629175e-02
4.419712e-02
1.521234e-01
4.415595e-02
1.875189e-02
3.858920e-03
7.653042e-02
1.371265e-03
3.476590e-03
1.063648e-03
2.128275e-02
5.130184e-04
5.570680e-02
1.057591e-02
7.478587e-02
5.009146e-02
2.702556e-02
1.445010e-02
2.508764e-02
2.505645e-03
1.325640e-02
2.102699e-02
5.249494e-02
4.165319e-03
9.583817e-02
3.035097e-03
1.216281e-01
6.545364e-02
2.476254e-02
3.988427e-03
2.546656e-05
2.546887e-03
5.067600e-02
2.597137e-03
2.594435e-02
5.364397e-02
3.225132e-02
1.095223e-03
4.994321e-02
2.638457e-03
4.989533e-03
2.461591e-02
4.654406e-03
1.960644e-02
2.842816e-01
1.969423e-01
1.083411e-02
9.478164e-02
9.490600e-02
1.066318e-01
1.236011e-05
9.486360e-02
3.669178e-02
5.651416e-04
2.055359e-04
8.208874e-03
1.279993e-02
3.971908e-04
9.267824e-02
5.553904e-02
3.535486e-02
1.376258e-02
3.389555e-01
8.743514e-03
5.991198e-02
9.061195e-03
5.557505e-02
9.790106e-02
2.134876e-03
7.965676e-02
1.338532e-02
2.899948e-02
3.169361e-01
2.003169e-03
1.495711e-01
3.537053e-03
2.364362e-02
2.665163e-03
3.989000e-02
1.702711e-02
2.431970e-01
8.612372e-02
1.937581e-01
1.151891e-01
1.552450e-03
8.881400e-03
2.036113e-02
2.479212e-02
5.098805e-02
1.355273e-01
7.271887e-02
2.122453e-02
1.907526e-04
2.136750e-01
9.868294e-02
3.717588e-03
1.142915e-02
4.587880e-02
1.383967e-02
1.382415e-02
1.619647e-03
3.625830e-03
1.054763e-01
3.277840e-02
4.769622e-03
2.268196e-02
1.911218e-05
2.483245e-04
8.185634e-04
1.279359e-02
4.993174e-02
5.620521e-02
1.308641e-01
3.069115e-02
1.041035e-02
2.896224e-03
3.305503e-03
2.526587e-03
2.085361e-02
1.536235e-02
2.101681e-02
3.379485e-03
3.789827e-04
5.954475e-06
1.203412e-04
3.144087e-02
9.301627e-02
3.058525e-01
1.017166e-02
5.917737e-02
3.175739e-04
2.458233e-02
9.568275e-04
8.734152e-02
6.465231e-02
1.391844e-01
6.147792e-02
7.261789e-03
5.649489e-02
3.974336e-03
5.084486e-03
2.330521e-03
4.557567e-02
1.198678e-02
1.204755e-02
6.268471e-02
1.875504e-02
1.240028e-03
1.077268e-01
4.224169e-03
3.535575e-03
3.946319e-04
9.776954e-03
2.711544e-03
4.383071e-04
3.856651e-02
7.546225e-02
7.842094e-02
3.194045e-02
9.619889e-02
1.407974e-02
9.091756e-02
4.050920e-02
7.270251e-03
3.663051e-02
1.969353e-01
8.583538e-02
5.343486e-03
2.058823e-02
1.065620e-03
1.461877e-02
2.408724e-02
1.464120e-01
1.038638e-01
1.642426e-03
5.799527e-03
1.802759e-02
8.694232e-08
1.814206e-01
1.337919e-01
6.904696e-03
6.800147e-02
3.657728e-05
2.387705e-01
1.645490e-02
3.875030e-02
7.962917e-03
2.143628e-03
2.911264e-04
2.915282e-04
2.372095e-02
1.250061e-02
3.640618e-03
5.182886e-02
2.607566e-02
4.381519e-02
4.283716e-02
6.176550e-03
8.911944e-02
2.016677e-02
2.376738e-04
4.157678e-05
6.829893e-02
1.452832e-01
1.630362e-03
2.179619e-03
1.030655e-01
5.614232e-04
3.086938e-02
1.600746e-02
1.101867e-02
1.509296e-02
3.784261e-01
3.361321e-02
6.662700e-03
6.706451e-03
4.076899e-04
7.155356e-02
1.357708e-01
4.099953e-02
3.896227e-02
4.061917e-03
2.176218e-02
2.012737e-02
8.425468e-02
8.940576e-03
1.230372e-02
7.425771e-01
9.452116e-02
9.483175e-02
7.015378e-02
1.231380e-02
3.421834e-02
5.189069e-02
1.929878e-03
8.648840e-03
1.278029e-01
2.292366e-02
9.441829e-02
1.482767e-01
3.597723e-03
7.890154e-02
1.228968e-01
5.975645e-03
1.091602e-02
1.587343e-01
1.213087e-01
3.835157e-03
1.860495e-02
5.502675e-02
2.292146e-01
2.479955e-01
1.782465e-01
3.260077e-03
7.280382e-02
3.154961e-04
9.048435e-03
9.975698e-02
5.244212e-02
9.448409e-02
4.494159e-02
1.361227e-03
2.225360e-02
4.610136e-03
5.600064e-02
3.659842e-04
6.697049e-04
7.023043e-04
1.484935e-01
3.123455e-01
3.762096e-02
1.818761e-02
9.350144e-03
1.056117e-01
1.505907e-02
3.902890e-05
4.642158e-02
1.042036e-01
1.849875e-01
2.734383e-02
4.764609e-03
9.898427e-03
6.902998e-04
5.015333e-02
6.400036e-02
2.498238e-02
1.439910e-03
2.388221e-02
1.112395e-01
1.539972e-01
1.313688e-01
3.048903e-02
7.968718e-02
1.704622e-03
2.373571e-02
1.959929e-03
3.197501e-02
1.444159e-01
1.899007e-02
6.203877e-02
1.556409e-02
1.421324e-01
1.454964e-02
1.350612e-02
7.666950e-05
5.992159e-02
1.301309e-02
1.390858e-01
6.253090e-03
2.282651e-02
2.917312e-01
1.282420e-02
8.265791e-04
9.597910e-08
2.799084e-02
6.128138e-02
5.470728e-02
5.749509e-03
1.012790e-01
4.605068e-02
5.788879e-03
7.762948e-02
1.407433e-01
3.552880e-04
7.130307e-02
3.795733e-03
6.409403e-04
3.630444e-02
4.757837e-03
1.065423e-01
2.500146e-03
1.488984e-02
4.514252e-03
2.502765e-02
6.711396e-03
3.637473e-03
3.282312e-02
1.433063e-02
6.276724e-03
3.848798e-01
4.585464e-02
8.156034e-03
1.458293e-04
3.304034e-02
1.684141e-04
4.539336e-02
1.239462e-03
1.255144e-02
1.175693e-01
6.487107e-03
7.210573e-02
6.254162e-04
3.616549e-02
4.944953e-02
5.339784e-04
1.124642e-02
2.390655e-01
3.038233e-02
1.605313e-01
8.710444e-03
5.907384e-03
1.785723e-02
2.003883e-01
3.102043e-01
4.806057e-02
4.921149e-02
7.869556e-02
5.274422e-02
3.059733e-02
1.077883e-02
1.680042e-02
8.636525e-03
1.244467e-03
3.486051e-02
1.137591e-01
2.692071e-01
1.040018e-01
3.143881e-03
1.615413e-01
7.533649e-02
1.270614e-02
3.164948e-03
4.909382e-02
5.117841e-02
1.106482e-02
4.423660e-01
1.046830e-01
8.459827e-02
1.864182e-01
2.692521e-01
5.138467e-04
1.596146e-02
9.532992e-02
2.107081e-04
2.905441e-06
1.901199e-01
1.012125e-01
4.114680e-03
8.178911e-02
2.112884e-02
9.714837e-02
1.044204e-01
2.033977e-03
4.035585e-03
1.631223e-04
7.672706e-03
7.745675e-02
1.525188e-01
7.788800e-04
3.400958e-02
1.154970e-03
6.377725e-03
3.154282e-06
7.670007e-03
1.056227e-02
7.939722e-02
1.355132e-03
5.228131e-02
3.537336e-03
1.210594e-02
7.634412e-01
2.607508e-03
1.737615e-01
5.944528e-03
3.793584e-04
3.306668e-02
2.297477e-01
8.653079e-02
1.603620e-01
3.191183e-02
2.216378e-04
5.042718e-02
2.236929e-02
7.379549e-02
7.923434e-03
3.694800e-06
5.600263e-03
2.126599e-01
9.188950e-04
5.072973e-03
5.862150e-02
1.807529e-03
9.681526e-02
2.852924e-02
1.477731e-02
1.859763e-04
2.670965e-04
6.616922e-03
6.409960e-06
2.272721e-01
1.759581e-01
9.580496e-02
7.502729e-04
1.240834e-01
2.927534e-02
8.412183e-02
4.656887e-03
1.395064e-01
1.951417e-03
1.426378e-03
1.442809e-01
9.583603e-02
2.672642e-01
2.575335e-03
2.264741e-03
1.597589e-02
1.018582e-01
2.565347e-02
1.695702e-01
5.442000e-02
2.641370e-02
1.851272e-02
4.860412e-04
2.284004e-03
9.867667e-02
2.751830e-04
3.489437e-02
9.245830e-02
3.422858e-02
1.708200e-01
1.954481e-01
9.441209e-03
3.740903e-02
1.117567e-02
1.737609e-02
4.604492e-02
1.335046e-02
3.188296e-02
1.955664e-02
8.460300e-02
1.404617e-02
3.820762e-02
1.627245e-02
5.016359e-04
1.478474e-02
1.938490e-01
1.775902e-02
8.330631e-02
7.863250e-02
2.535971e-02
7.377846e-02
1.170346e-03
3.090322e-02
1.636433e-02
1.495757e-01
5.818699e-03
3.770360e-02
