1.448497e-01
2.211042e-04
7.790257e-02
1.013554e-02
8.322081e-02
9.200932e-02
1.233633e-02
2.003824e-03
7.003060e-02
2.960572e-03
1.672077e-01
2.317413e-03
2.993598e-02
1.420710e-02
8.005769e-02
6.933049e-02
6.738615e-03
1.062409e-02
2.112106e-01
1.665957e-02
5.007152e-03
1.232989e-01
2.021388e-04
6.944705e-03
6.124891e-03
4.759047e-02
1.472381e-01
2.747768e-03
3.752212e-04
2.338066e-01
7.217776e-03
1.383185e-02
1.630478e-02
1.178970e-02
3.112431e-03
5.895254e-03
2.326163e-04
5.723951e-03
7.914469e-03
4.335968e-02
2.235898e-03
3.140451e-02
8.060087e-02
9.867681e-03
8.653698e-03
9.035643e-02
2.351502e-02
2.062537e-02
1.092749e-01
3.176948e-05
1.577511e-02
1.236654e-01
1.466142e-02
1.256174e-02
5.668748e-03
8.575894e-02
1.131691e-02
2.408136e-02
4.334402e-02
1.575149e-01
2.728638e-02
4.504907e-03
5.444823e-03
1.480136e-04
2.219971e-01
3.148271e-04
2.491023e-06
3.722091e-04
1.928886e-02
3.926671e-03
3.933577e-02
1.568461e-02
4.719640e-02
2.826604e-05
7.024713e-04
1.558758e-03
2.307990e-01
1.590537e-04
5.512227e-02
1.410443e-02
1.066688e-03
7.270967e-03
1.308587e-01
4.451006e-02
1.565633e-04
7.968033e-04
6.784092e-03
1.640064e-01
3.604985e-02
1.287005e-01
1.346132e-01
1.765059e-01
3.773850e-02
5.384606e-02
3.446824e-02
1.441231e-01
9.173371e-04
2.281768e-01
8.807727e-02
1.290404e-02
2.438346e-02
6.268934e-03
3.279965e-04
2.538609e-02
2.370251e-03
5.193003e-02
1.454444e-01
7.997236e-02
1.775471e-04
4.602621e-02
4.698165e-03
4.952425e-02
7.388035e-03
4.118567e-02
3.925717e-03
5.191860e-05
5.573751e-02
6.195153e-02
4.834399e-02
7.418998e-03
4.257057e-02
1.166887e-01
6.602289e-02
7.330038e-02
1.247545e-01
8.024046e-04
7.509185e-03
1.046935e-02
1.547347e-03
2.207220e-03
4.178195e-02
1.611393e-05
5.503117e-04
2.177329e-02
1.075237e-03
2.803858e-02
3.538853e-01
9.340918e-03
1.044580e-01
9.511016e-03
3.529130e-02
1.819930e-02
2.665101e-04
1.415113e-02
4.148936e-02
4.748343e-03
2.992588e-01
2.844669e-03
9.435695e-02
3.144123e-02
1.307013e-01
1.545063e-01
4.508111e-03
6.753897e-03
5.425373e-03
4.882920e-02
2.257971e-02
1.077505e-01
5.245260e-02
4.131280e-01
3.546654e-02
1.092492e-01
3.174730e-02
1.490873e-02
1.338942e-02
1.885024e-01
2.135611e-03
6.417151e-06
1.171314e-02
6.605290e-02
4.480871e-02
6.917754e-02
1.025265e-02
1.723512e-02
4.278532e-01
7.205601e-03
7.416445e-03
4.542897e-03
8.016283e-04
1.674318e-02
2.581311e-01
1.082116e-02
1.818939e-03
3.632668e-02
4.948377e-02
5.050680e-02
1.397967e-01
6.472185e-02
2.812249e-02
7.155894e-02
3.846793e-02
7.038613e-03
3.865345e-03
2.335679e-02
1.104076e-04
7.636900e-04
3.323406e-03
2.969680e-02
2.783757e-02
8.990460e-03
1.310657e-01
1.171635e-02
1.975257e-05
6.086643e-02
3.016876e-02
7.181826e-02
1.746780e-02
1.866833e-01
2.108742e-02
7.213964e-04
7.306621e-02
1.757453e-03
1.191061e-01
5.925979e-02
4.822897e-02
2.037232e-01
3.373276e-02
9.394299e-02
3.714425e-03
3.197407e-01
5.964744e-02
2.635236e-01
1.483571e-03
4.622214e-02
5.572268e-03
2.731197e-01
8.777916e-02
6.041012e-02
1.446014e-01
3.839110e-03
1.529195e-02
8.400279e-03
1.308648e-02
2.222490e-02
4.519100e-04
2.436404e-02
1.330837e-01
1.476368e-02
1.344883e-02
2.626429e-02
7.059597e-02
2.097232e-02
6.518088e-03
8.663934e-03
4.402095e-03
5.226464e-04
5.483344e-03
2.202267e-03
1.507542e-04
2.306347e-01
9.103027e-02
6.654061e-02
1.978794e-01
6.842501e-02
1.671897e-03
3.241574e-02
3.347009e-03
1.816218e-02
1.083510e-01
5.326848e-03
1.009534e-02
2.033012e-02
7.692024e-02
2.180537e-02
4.066333e-03
1.081814e-01
1.974647e-02
1.459732e-01
6.541758e-04
1.785149e-01
4.070106e-02
7.329761e-02
4.237528e-02
1.617237e-02
3.618982e-02
1.860882e-01
5.475222e-03
1.536620e-01
5.792973e-01
2.041068e-03
6.453401e-02
5.633026e-02
2.669671e-01
1.381668e-02
1.439678e-04
1.177040e-02
6.181576e-04
3.189234e-01
4.020636e-02
1.408087e-01
5.980150e-03
2.003798e-04
1.946488e-02
3.450364e-03
1.513055e-01
4.252009e-03
6.940474e-04
1.653575e-01
1.113123e-04
2.005920e-03
9.952549e-03
2.233654e-02
1.434344e-05
8.422968e-04
2.372482e-02
3.427852e-03
1.469335e-02
1.287901e-01
1.540680e-04
5.283897e-02
5.013276e-02
2.125050e-02
1.850600e-02
1.366057e-02
2.092960e-03
2.172588e-02
4.995745e-02
2.395798e-02
3.055351e-04
4.011454e-03
4.264867e-02
1.791780e-01
8.050347e-02
1.439708e-03
5.273659e-02
4.589959e-02
5.258623e-03
9.172393e-03
1.507326e-02
4.193262e-02
9.283076e-03
1.385533e-08
1.734067e-02
3.152758e-02
3.315892e-02
1.552247e-02
8.905661e-03
1.187210e-02
7.378280e-02
3.613438e-02
2.037718e-03
1.425010e-02
1.612125e-02
1.067117e-02
3.687648e-03
5.751944e-03
3.073817e-02
1.906920e-01
1.141774e-02
1.088532e-01
4.069843e-02
6.667587e-02
9.933984e-04
1.654094e-03
1.385781e-01
3.077170e-04
1.546385e-01
5.996431e-02
7.167940e-03
3.022885e-03
4.071622e-02
4.166334e-02
6.938961e-02
2.987154e-04
1.246438e-03
1.290919e-01
1.502545e-03
1.123188e-01
9.321104e-02
6.989059e-04
4.369538e-02
3.944173e-02
1.796329e-03
6.811562e-02
3.044481e-02
5.384106e-02
3.825145e-03
2.058566e-03
4.619165e-03
5.187113e-02
7.555847e-02
1.043970e-02
1.861124e-02
1.204259e-02
2.155209e-03
4.709670e-02
9.137911e-02
2.565539e-02
2.500480e-02
3.391467e-02
2.025818e-02
1.106254e-02
5.457377e-02
2.390248e-02
6.369767e-03
4.356015e-05
2.345472e-02
1.354900e-03
1.313725e-02
9.358119e-02
4.554951e-02
2.133444e-02
1.447055e-02
1.066974e-05
9.008040e-03
8.034248e-03
1.307723e-04
2.218075e-01
1.335560e-02
1.496281e-03
3.012520e-02
9.849019e-03
2.267408e-04
8.921339e-03
3.369034e-02
1.838862e-03
3.890470e-02
3.253683e-01
4.147301e-03
2.326837e-03
1.417052e-01
5.277510e-05
2.057533e-02
2.661225e-02
1.171062e-02
1.001219e-01
1.584509e-01
1.158263e-01
1.456042e-02
3.559372e-02
3.958159e-02
1.834111e-03
1.236275e-01
1.062431e-03
9.672694e-03
3.619297e-03
6.906247e-02
5.015992e-02
8.282161e-02
1.724605e-03
2.086946e-01
2.309857e-01
1.175462e-03
1.137453e-03
3.768804e-03
2.978776e-02
4.604701e-02
2.107455e-02
9.457266e-03
2.009040e-01
2.008177e-02
1.809383e-02
2.743623e-03
9.821040e-02
2.372403e-04
2.124433e-01
1.234843e-02
1.046379e-02
3.753519e-03
1.846213e-02
2.257346e-02
3.424711e-02
1.601271e-02
3.830805e-02
2.807912e-02
3.011381e-03
2.163234e-02
1.506807e-01
2.825274e-01
1.697024e-03
1.167287e-01
8.885937e-01
5.129924e-06
6.651749e-03
2.847019e-01
8.917274e-02
2.447602e-03
1.770350e-02
9.735096e-02
6.920994e-04
6.293491e-02
7.252199e-02
7.362459e-02
1.941994e-02
4.376911e-02
1.136516e-03
7.981025e-02
1.937977e-03
1.369926e-03
1.175078e-01
1.361899e-01
5.163618e-02
9.223383e-05
2.249139e-02
5.001092e-03
6.106811e-03
8.637647e-02
3.630877e-03
9.443062e-02
5.351774e-03
7.914482e-02
2.859395e-02
1.693838e-02
1.153790e-02
3.052244e-05
1.731040e-03
1.310521e-03
1.281277e-01
3.405822e-02
1.099241e-03
1.431746e-02
1.490882e-01
1.050137e-02
4.620754e-02
8.501658e-02
1.739493e-02
4.465217e-04
2.903965e-01
1.648669e-02
4.561871e-02
1.298760e-02
6.261689e-02
6.758276e-02
2.726822e-01
7.279015e-02
1.300692e-01
1.488421e-02
5.910639e-02
7.575560e-02
3.229971e-01
8.871190e-03
1.972439e-02
1.211120e-03
1.631449e-01
1.201532e-01
1.239398e-02
2.894913e-03
5.488377e-03
4.913060e-02
3.778615e-02
9.371131e-01
6.256701e-02
4.198990e-02
8.913683e-02
1.347376e-01
1.417930e-03
7.288315e-03
1.212240e-01
3.075314e-02
7.169254e-03
5.752066e-04
3.082863e-02
9.801791e-03
4.068377e-01
1.247452e-01
4.050711e-02
5.332550e-03
1.082507e-03
1.506904e-01
6.619167e-02
3.660349e-02
1.551409e-03
5.754830e-01
1.033256e-02
2.103061e-02
6.456219e-03
6.277054e-03
5.349334e-02
1.018744e-01
2.446677e-01
1.628016e-02
1.313303e-02
1.110392e-03
2.377652e-03
5.722460e-03
8.928668e-03
4.816373e-03
3.691084e-02
1.605188e-01
1.930705e-03
6.770245e-02
2.666723e-03
2.553756e-02
4.074938e-02
2.267316e-06
5.075006e-02
9.035579e-02
1.224872e-03
1.325459e-02
8.096795e-04
8.012526e-02
4.232468e-03
1.066999e-02
1.042331e-01
