8.486646e-03
1.034994e-01
2.932818e-02
1.116297e-01
1.566537e-01
6.156804e-02
1.118439e-02
5.340811e-02
2.234707e-01
3.179654e-02
6.833192e-06
1.303036e-02
4.478391e-03
1.757333e-01
4.764307e-02
2.645400e-02
8.957901e-03
3.173006e-02
5.480373e-02
2.746432e-02
1.293389e-01
6.319450e-02
1.232732e-01
4.852131e-03
1.116733e-03
1.809485e-04
2.672686e-03
2.450469e-01
1.297476e-02
3.941062e-02
1.693062e-02
5.603895e-04
1.560263e-02
1.076120e-02
1.649975e-02
3.598321e-02
5.586134e-02
1.654768e-02
6.990985e-01
6.347526e-01
1.029998e-02
1.002854e-02
7.552013e-04
1.537412e-02
5.526559e-02
8.432850e-03
1.960501e-01
3.506891e-03
1.933339e-01
1.725615e-06
7.110094e-05
2.796411e-03
6.057234e-02
1.359196e-02
5.419519e-03
9.736231e-02
3.765085e-03
1.595941e-04
1.653642e-02
1.220425e-05
1.148762e-04
9.851443e-04
8.780727e-02
2.131117e-03
1.146569e-01
6.458163e-03
1.718460e-01
2.050714e-04
7.542622e-02
2.416856e-02
1.596785e-04
4.511671e-03
1.276758e-01
2.502318e-02
4.725864e-03
2.112290e-04
5.155978e-02
4.205700e-02
1.389473e-02
3.824214e-01
2.755997e-02
1.650119e-03
2.327790e-02
2.350030e-04
2.161978e-02
1.617600e-01
2.300467e-03
2.675513e-02
9.577039e-02
3.227092e-02
1.529474e-04
1.317849e-03
4.458358e-03
2.041628e-03
2.618231e-01
4.073322e-02
2.358808e-02
1.561242e-03
9.298253e-02
1.533843e-01
7.215962e-04
2.492033e-04
1.115761e-02
8.115066e-03
1.214334e-02
1.102447e-01
2.637743e-05
6.430931e-04
2.991237e-04
3.224944e-01
9.193780e-04
1.264620e-01
3.068726e-02
1.120441e-02
6.205250e-02
8.363457e-03
2.781875e-02
2.007352e-02
2.530559e-02
3.111316e-02
1.769760e-02
4.444287e-04
4.498075e-01
3.956885e-03
3.889236e-04
6.726520e-04
1.520510e-04
8.912039e-03
6.635225e-03
2.108396e-01
8.705937e-02
2.565283e-02
1.016563e-02
3.154119e-02
1.048281e-01
7.091910e-03
3.105329e-01
7.653955e-04
1.499163e-01
1.068597e-03
1.292231e-02
2.579385e-03
6.505787e-03
3.028541e-02
6.080961e-03
4.352774e-02
3.860883e-04
2.480429e-02
7.205483e-02
8.942974e-03
5.243271e-06
9.964391e-02
3.831221e-02
2.422257e-02
1.996818e-01
5.087257e-02
6.344512e-02
2.270063e-02
3.732034e-03
3.144332e-02
1.655223e-02
9.316212e-03
6.954479e-03
3.769296e-03
1.253438e-02
1.546217e-02
1.247360e-04
2.843730e-01
1.460578e-02
7.514914e-03
1.826843e-01
2.404732e-02
7.677792e-04
1.234639e-02
6.410078e-02
1.392840e-02
2.804728e-02
4.091392e-02
5.254840e-02
1.554642e-02
7.983221e-02
5.060614e-02
5.800710e-02
1.845354e-03
2.284705e-04
1.813081e-02
3.679971e-02
4.531730e-03
9.294968e-02
6.626768e-02
2.104717e-01
7.398487e-02
2.481377e-02
6.275522e-02
6.562885e-02
3.217169e-02
3.437483e-02
4.875863e-04
6.300537e-04
4.204854e-03
8.596645e-04
2.793901e-02
3.359827e-03
2.418386e-01
1.381568e-02
1.959775e-04
3.092844e-03
1.077643e-01
1.254466e-03
1.370242e-02
1.487906e-02
2.141694e-01
8.428278e-02
6.299812e-06
1.864899e-02
1.055960e-01
3.505361e-02
7.532121e-02
1.479478e-03
1.029610e-03
9.376560e-02
2.159927e-01
6.438249e-02
1.048667e-02
3.225577e-03
4.519574e-03
1.176799e-02
9.843689e-02
3.630375e-03
1.868690e-02
1.010744e-02
1.266956e-01
2.206882e-02
6.866966e-04
1.236667e-02
5.206098e-04
2.786406e-04
7.273791e-02
2.050769e-01
6.963187e-03
6.823602e-02
1.003327e-01
2.249792e-03
1.460174e-01
1.074264e-01
6.366243e-02
7.026889e-02
3.115310e-02
5.017185e-02
3.346640e-02
1.828736e-02
5.709616e-02
2.396183e-02
6.221318e-02
5.346309e-02
1.931891e-01
3.351099e-04
1.395875e-02
7.321009e-04
3.958386e-02
5.879003e-02
2.047444e-01
8.160588e-02
2.930267e-01
3.950359e-05
7.976407e-04
6.633678e-02
4.072121e-02
3.288612e-02
1.438518e-04
1.922494e-01
6.772325e-04
9.058928e-02
1.129433e-01
9.089370e-02
4.296742e-05
9.429792e-04
1.038940e-01
8.564045e-02
1.060954e-01
3.523726e-02
1.655754e-02
1.066706e-03
1.889896e-02
2.261385e-02
7.777405e-02
2.076130e-02
7.922868e-02
2.487531e-03
1.091983e-01
1.795582e-01
2.252794e-02
4.219258e-02
7.054292e-02
1.038669e-03
5.781542e-04
4.366041e-03
5.080477e-02
1.061051e-01
1.970176e-02
2.152072e-02
3.201033e-04
2.435841e-02
2.398749e-02
6.407118e-03
7.568705e-04
6.749011e-03
1.299673e-01
4.845505e-02
1.286228e-01
5.023194e-03
3.917325e-02
5.250814e-02
1.033488e-03
2.018850e-06
2.689071e-02
1.120372e-01
1.961836e-01
9.050814e-03
7.762885e-03
2.372853e-03
5.054774e-04
1.985810e-02
3.404949e-02
3.046872e-02
8.865828e-02
1.241164e-02
1.012220e-02
1.338998e-03
3.979142e-02
3.176501e-01
8.828753e-03
1.056456e-02
2.223861e-02
1.575116e-02
6.605752e-02
3.398785e-02
4.455810e-01
1.110218e-02
6.838809e-03
1.760022e-02
1.864165e-01
9.071928e-02
5.772789e-02
4.443543e-03
1.872154e-01
5.771346e-03
8.218840e-05
4.180208e-02
2.806697e-02
9.552979e-02
1.060061e-02
8.005746e-02
8.930512e-02
1.438942e-02
9.946091e-03
2.024353e-03
2.002484e-02
4.996136e-02
8.207873e-03
5.514211e-03
1.667869e-01
1.517274e-01
1.997476e-02
2.172905e-02
6.130112e-03
3.873878e-02
1.942885e-02
6.751201e-02
1.152235e-01
9.297800e-03
4.361863e-02
4.734400e-02
6.360296e-02
1.416333e-02
1.042019e-02
7.495540e-02
2.310911e-03
1.561323e-03
7.232825e-02
1.310902e-01
3.578986e-02
3.021791e-03
1.170269e-01
5.560318e-02
8.583905e-03
3.407641e-01
5.954892e-03
8.512285e-02
1.084715e-02
1.677088e-05
3.875236e-03
1.004685e-02
3.840292e-01
2.221981e-03
4.377343e-02
5.456337e-02
3.553218e-03
4.810672e-02
4.922558e-01
1.871970e-04
5.402162e-03
6.558053e-03
3.438390e-02
1.148442e-03
3.403407e-04
1.128823e-02
9.923013e-02
2.291847e-02
6.544165e-02
2.782743e-02
2.816281e-02
1.431354e-02
7.795095e-02
8.780103e-05
5.417714e-02
2.528642e-03
1.770675e-02
2.891113e-03
1.913731e-03
5.391913e-02
1.004557e-01
4.654982e-02
2.191052e-02
2.270361e-03
2.356676e-04
2.154348e-02
1.623058e-01
1.218569e-02
2.267069e-02
2.119294e-03
5.068393e-03
2.551185e-02
3.364699e-02
1.087125e-01
4.503421e-02
1.768999e-01
6.045399e-02
5.795061e-03
9.470444e-04
7.527837e-03
9.502800e-03
1.056876e-02
1.797930e-01
1.290474e-04
5.538467e-02
2.415865e-02
1.948334e-02
3.022761e-01
7.393807e-02
4.962929e-03
5.140362e-02
1.883718e-03
8.610150e-02
3.208338e-03
3.697107e-03
1.651823e-01
4.172213e-03
2.183930e-04
1.013761e-01
1.569378e-02
6.505272e-03
4.533034e-04
2.810597e-02
2.548837e-01
9.648447e-02
8.440824e-03
2.462443e-02
1.217454e-01
5.292219e-04
4.213892e-02
4.499515e-01
8.142768e-02
5.837293e-02
3.534478e-04
1.633503e-03
1.638338e-02
2.647355e-03
7.290047e-03
3.316126e-03
6.968850e-03
1.455088e-04
1.250762e-01
4.248765e-02
7.825479e-02
4.378495e-02
1.119326e-01
1.125314e-02
3.214367e-03
5.801954e-02
1.061891e-02
1.082479e-01
7.101425e-02
1.067833e-01
1.585729e-02
1.078819e-01
1.078835e-01
5.346795e-02
5.134212e-05
1.148859e-01
8.635085e-02
1.177273e-03
7.593441e-02
9.742272e-02
2.665949e-02
5.650441e-04
3.863697e-04
6.250846e-03
1.908165e-02
3.023001e-03
6.848407e-03
1.403639e-01
1.597824e-01
1.026708e-02
2.902299e-03
9.664644e-02
1.874240e-02
3.955527e-02
2.488196e-02
8.248952e-04
1.327261e-02
3.482200e-02
5.090116e-03
4.084352e-02
5.008865e-02
2.080240e-02
5.120022e-03
8.290832e-02
1.173453e-05
6.643658e-02
2.393654e-03
2.997489e-03
2.385968e-03
7.355520e-02
1.963864e-03
2.181708e-02
1.106273e-01
2.942198e-03
9.356762e-03
8.836560e-05
1.983577e-01
1.165355e-04
1.737741e-04
3.048187e-02
6.625582e-02
1.145214e-02
4.339972e-02
6.997248e-03
8.100734e-03
7.071299e-03
8.273676e-05
1.931399e-01
5.107307e-02
2.549210e-03
1.805103e-02
1.791480e-02
2.596547e-02
1.213572e-02
3.084929e-01
1.832853e-02
1.016978e-01
5.333599e-03
2.475572e-03
2.629166e-02
3.348017e-03
2.380656e-02
1.905365e-03
1.311439e-03
1.263834e-02
9.300832e-03
1.140102e-02
1.855951e-02
7.113416e-03
2.100061e-02
6.093993e-02
3.985795e-03
1.364824e-04
9.298126e-02
1.359296e-01
6.671125e-05
2.270356e-03
7.313823e-02
1.772196e-01
8.652092e-02
2.111681e-03
2.972391e-02
2.926965e-03
2.814775e-03
2.370716e-03
5.394602e-02
2.557970e-02
1.305704e-02
7.502783e-03
1.025298e-01
