6.266052e-04
3.286508e-02
1.446984e-04
3.404136e-02
2.352006e-03
2.170114e-02
3.507610e-02
2.473078e-02
2.981979e-03
1.471069e-01
7.033596e-02
1.862024e-02
3.346124e-01
3.915054e-02
3.153134e-02
1.521502e-02
1.705156e-01
4.400780e-05
1.148592e-03
5.653210e-05
5.623199e-02
2.134927e-02
1.501993e-01
3.516838e-02
5.025311e-02
5.946852e-04
1.696691e-02
1.079650e-01
6.876500e-02
1.309617e-03
1.233358e-03
1.269276e-01
5.516528e-03
8.846446e-04
8.529681e-02
1.844829e-03
1.117504e-02
1.888037e-03
4.859826e-02
5.257669e-02
4.550508e-05
3.124425e-02
7.775798e-03
2.274042e-01
3.899753e-03
1.633645e-02
2.683745e-02
1.310420e-02
2.014400e-02
9.444804e-03
7.339278e-03
2.267712e-01
5.225064e-03
3.395226e-02
1.815132e-02
6.446629e-02
5.825001e-02
1.735976e-03
1.007318e-04
7.630931e-02
2.188049e-02
1.224351e-02
1.297576e-03
2.474201e-02
1.430367e-02
2.010825e-01
7.224722e-03
9.297235e-02
4.199346e-03
1.240165e-02
5.063439e-02
1.875208e-01
2.071588e-03
8.373811e-02
2.942549e-04
1.116725e-01
3.469522e-04
5.876649e-02
3.175287e-02
5.541479e-03
4.300227e-02
1.228845e-01
8.507994e-03
2.509448e-03
5.187651e-03
1.573946e-02
1.563124e-04
6.504711e-03
7.789831e-04
8.736752e-02
1.883445e-02
9.121694e-03
9.142605e-02
1.315639e-01
7.542708e-06
1.236666e-03
5.148804e-03
2.731820e-01
6.964793e-02
1.502871e-03
3.088083e-02
9.274602e-03
5.549961e-03
3.758414e-03
5.365542e-02
1.343723e-02
2.402589e-02
2.533209e-02
1.223971e-01
3.228907e-03
2.914609e-01
1.541211e-03
9.500800e-03
1.912477e-01
2.313857e-03
8.222864e-02
2.802555e-02
2.401185e-03
3.380268e-02
3.436611e-03
1.122353e-02
1.804080e-01
1.550824e-01
6.709339e-03
9.647517e-02
1.132594e-02
7.056973e-04
2.377915e-02
8.851059e-02
8.753615e-03
6.534804e-03
3.009753e-03
5.203343e-02
7.796065e-02
3.227632e-02
1.112572e-03
6.455050e-02
1.614995e-01
4.114987e-02
5.912048e-02
7.702398e-04
4.878431e-02
4.974546e-03
1.562929e-01
1.079916e-02
1.646651e-02
6.957908e-03
2.032635e-01
4.739909e-02
6.064441e-03
2.334514e-02
1.110939e-03
1.225220e-01
4.460440e-02
7.748527e-02
3.697162e-02
1.104295e-02
1.316359e-02
2.696640e-02
8.079275e-02
6.569753e-02
7.268139e-02
3.932329e-03
4.239779e-02
3.358687e-02
8.065318e-02
2.431735e-02
7.326736e-03
7.083710e-02
1.968937e-02
3.189752e-02
8.724463e-02
1.903359e-02
2.406125e-02
3.154674e-01
1.493456e-02
1.110889e-03
9.781378e-04
4.566967e-02
5.108931e-03
4.268523e-04
1.363140e-02
1.388454e-01
2.534608e-02
3.435771e-02
4.296493e-02
5.034514e-02
1.670432e-01
4.132984e-02
6.299739e-02
4.160696e-03
5.543185e-03
1.809756e-04
7.490986e-05
1.476153e-01
2.600026e-03
1.265348e-02
7.006650e-02
9.633460e-03
2.755583e-03
5.217056e-01
2.789730e-04
8.953033e-02
1.188497e-02
1.196149e-01
5.014872e-02
2.476770e-02
1.636473e-01
8.589518e-03
5.030400e-03
6.630970e-02
1.009708e-02
2.356293e-04
4.099512e-01
5.036839e-03
6.787798e-04
4.002012e-01
3.054164e-02
6.589083e-03
2.161619e-02
2.638685e-03
8.369178e-02
2.083795e-01
7.735357e-02
7.236106e-02
4.080336e-03
4.354519e-02
2.553597e-02
1.314114e-02
3.513556e-02
3.566433e-02
1.637162e-02
5.317589e-03
9.805132e-02
1.609281e-02
3.232121e-02
2.137658e-02
7.736206e-02
1.051900e-02
3.293279e-02
1.213155e-01
2.652131e-02
2.445022e-02
1.789846e-02
8.608314e-03
4.843898e-02
2.746134e-02
2.381600e-05
2.330247e-01
2.293881e-03
2.724075e-03
5.956346e-02
6.862744e-02
9.642921e-03
5.036917e-04
1.948764e-02
2.868383e-02
9.340347e-02
1.137999e-03
5.990572e-03
3.212631e-03
1.549140e-01
9.958779e-02
2.214234e-03
3.573089e-01
2.822510e-03
1.110637e-02
6.128458e-02
6.235855e-02
1.554464e-03
2.555928e-03
2.826794e-04
8.008303e-02
7.307867e-02
1.840526e-02
4.383176e-02
9.520876e-02
7.479350e-02
6.957483e-02
3.065159e-02
5.675540e-02
8.359973e-02
6.564747e-03
3.945555e-02
4.212648e-04
2.411623e-01
3.813819e-03
1.258657e-01
1.466110e-01
2.674118e-01
2.191008e-02
1.462724e-02
3.579936e-01
1.941641e-02
1.644128e-01
2.348340e-02
5.155127e-03
7.769591e-03
1.706836e-01
8.835543e-04
1.041186e-01
5.865204e-03
1.040901e-02
1.354075e-02
3.198633e-02
9.521816e-02
1.084168e-01
5.588396e-02
5.139108e-03
1.776437e-02
3.833965e-02
6.472297e-03
3.242447e-02
4.038982e-05
1.565850e-02
1.111642e-01
5.437546e-02
6.283236e-02
1.934345e-02
1.868472e-02
2.921733e-02
3.412205e-05
5.838084e-02
2.561297e-03
3.806031e-02
1.083346e-02
1.615826e-02
2.545895e-02
1.305922e-02
4.504080e-02
1.722727e-02
5.381413e-04
1.333134e-01
1.596359e-03
3.509404e-02
1.414283e-02
1.924912e-03
1.986504e-01
4.860128e-02
1.496037e-02
2.098414e-01
1.190894e-01
1.486711e-01
4.533161e-02
2.974653e-02
7.576862e-02
4.670631e-03
1.028796e-02
2.095196e-01
9.605474e-02
1.049433e-01
8.145259e-04
1.019865e-02
1.133590e-01
1.599572e-03
3.941865e-03
1.368647e-04
3.661385e-02
1.051331e-02
8.822054e-02
3.380861e-02
2.095637e-02
6.929148e-02
7.385838e-02
2.179367e-04
4.652420e-02
2.851667e-03
4.484763e-02
7.025160e-02
2.667299e-02
2.529341e-03
8.927108e-03
3.627711e-05
5.070413e-03
1.797742e-04
8.288370e-03
5.082077e-02
2.244500e-02
3.483141e-03
3.025765e-03
7.799426e-03
1.413343e-09
1.262703e-04
1.827811e-02
2.969618e-02
6.099077e-02
1.521145e-03
7.845354e-06
1.317812e-04
4.277417e-03
5.465446e-02
1.852175e-02
5.993420e-03
7.449097e-02
6.644954e-02
1.495219e-01
2.468279e-02
1.537764e-02
5.144239e-02
8.381820e-03
2.229866e-02
4.136638e-02
1.831641e-02
3.577547e-02
3.300497e-03
6.796815e-02
2.460887e-02
3.185767e-04
6.409224e-02
5.206301e-02
3.717884e-02
9.103345e-05
3.194886e-02
2.604537e-03
1.508306e-02
6.220151e-03
1.009890e-06
7.754777e-03
7.043679e-02
5.336135e-02
6.787099e-03
2.657328e-02
1.722027e-02
3.798975e-03
1.381276e-02
1.411359e-01
1.516685e-02
6.473698e-04
8.544046e-03
2.747965e-02
3.150233e-03
2.868120e-02
4.338235e-01
1.480849e-02
1.032591e-01
1.081768e-02
1.101289e-01
3.170833e-01
2.654498e-02
1.422822e-02
9.243716e-03
8.539549e-02
6.695900e-02
5.047009e-03
1.123056e-01
1.066973e-02
4.138457e-02
2.592988e-01
6.963624e-03
4.628337e-06
4.161471e-03
1.122398e-02
2.587626e-01
7.051385e-02
7.579955e-03
6.833616e-03
2.254752e-01
1.677574e-03
9.880152e-04
5.032807e-02
1.137599e-02
2.429470e-02
6.726075e-02
8.737007e-03
1.355840e-01
1.193144e-01
1.111208e-02
2.925891e-01
3.191694e-01
3.270592e-02
8.180817e-04
2.830136e-01
1.806461e-03
8.887539e-02
9.671486e-03
1.006845e-04
1.299977e-03
1.955527e-03
2.083671e-01
1.445353e-02
1.354315e-01
4.568536e-03
5.747759e-04
3.279466e-01
9.796514e-03
1.875776e-01
1.155070e-01
9.183199e-03
6.505821e-05
1.662505e-01
2.116299e-03
1.179824e-01
5.233923e-02
6.081317e-02
4.061965e-02
1.498109e-02
1.775467e-01
3.745085e-03
2.615658e-03
7.369545e-02
2.754600e-04
8.155079e-02
2.032531e-02
3.315338e-02
2.906751e-02
6.084077e-03
7.319640e-05
2.767430e-01
2.842480e-02
1.711173e-03
3.964988e-03
1.651544e-01
4.176141e-03
2.616994e-02
2.034776e-02
7.618867e-02
7.220788e-02
2.846121e-02
7.207966e-03
5.804197e-02
6.179985e-03
1.955187e-04
4.644834e-02
1.798062e-03
1.144154e-03
6.801374e-03
1.395733e-02
1.105408e-01
2.592830e-01
8.652982e-03
8.462148e-03
9.947973e-02
3.818460e-03
8.213371e-03
9.557778e-02
9.073984e-03
2.780060e-02
7.412509e-04
2.582780e-02
1.269844e-01
4.217544e-01
4.144086e-05
4.832667e-02
4.158300e-02
1.321674e-01
3.031628e-02
1.625277e-02
7.389827e-03
1.193107e-05
2.360346e-03
7.212178e-03
1.598443e-02
2.484154e-02
3.045126e-02
2.486232e-02
1.571657e-02
8.607403e-03
3.672036e-03
4.401165e-03
1.986615e-01
1.410429e-01
4.203021e-03
6.270464e-02
3.887235e-02
1.956650e-04
2.352197e-03
5.576097e-03
3.826958e-02
3.516239e-02
1.796025e-02
4.788388e-02
5.111073e-02
5.093281e-02
6.837005e-05
1.080343e-01
1.507328e-02
1.177237e-02
1.772436e-03
1.903352e-04
1.468795e-01
7.793331e-02
2.875911e-02
4.700907e-03
2.564061e-06
7.286072e-02
1.910061e-02
1.940364e-02
7.754267e-02
4.220919e-04
3.290749e-02
1.828204e-01
2.329843e-02
2.525989e-03
2.114646e-03
