1.688792e-02
9.299512e-02
3.005757e-04
1.562585e-03
1.342889e-01
4.136505e-02
5.352679e-03
6.813780e-02
2.060229e-02
9.150778e-03
2.264478e-01
3.041367e-02
4.614588e-02
1.690484e-03
8.981421e-02
2.841601e-02
1.258189e-01
1.705285e-02
2.760970e-01
2.826548e-01
4.116632e-01
8.003829e-03
3.075630e-02
1.657460e-02
1.243035e-01
5.505762e-02
5.274192e-04
3.296933e-02
4.228539e-02
4.629293e-02
5.417812e-02
2.191094e-04
3.910240e-03
7.909000e-04
6.790735e-06
3.906758e-03
4.304726e-02
6.926034e-04
5.039721e-04
2.612345e-02
1.449351e-01
1.536304e-01
1.634221e-02
2.074132e-02
1.495875e-02
7.100126e-03
8.959997e-03
1.298427e-04
5.514894e-02
2.284297e-02
1.456752e-02
2.400326e-02
1.615045e-01
3.946588e-03
9.278765e-02
2.137818e-02
1.210025e-02
1.102681e-02
1.065005e-02
1.427279e-02
1.490009e-03
2.810658e-02
4.211922e-03
1.802720e-03
1.421725e-01
7.825888e-03
5.121465e-02
3.947763e-03
4.349955e-02
2.845852e-02
2.147730e-04
3.494080e-02
8.310634e-02
2.470783e-03
2.748192e-02
2.531080e-04
1.345946e-01
2.650201e-02
1.895634e-02
8.208514e-02
4.127631e-02
9.647224e-02
4.169902e-02
4.424934e-03
1.990061e-02
8.474000e-04
3.964571e-04
1.529525e-03
6.987644e-04
8.328012e-02
3.733301e-02
1.329805e-01
1.324648e-01
3.083353e-03
4.466725e-02
2.206558e-04
2.023449e-03
5.673056e-02
5.604479e-02
6.346352e-04
1.304777e-05
8.091455e-02
6.372861e-03
2.047600e-04
3.170908e-02
5.714787e-03
9.473301e-02
1.352251e-02
3.478847e-02
4.574215e-02
4.759969e-02
2.746003e-01
4.210978e-02
9.209953e-02
8.083343e-02
2.417135e-03
5.202077e-02
1.652492e-01
8.774004e-03
1.859155e-01
2.699546e-03
5.994137e-02
8.122351e-02
2.282864e-01
6.040057e-02
2.667992e-02
1.032835e-01
6.599485e-03
1.260805e-02
5.567493e-02
3.867905e-02
2.333175e-04
1.139154e-02
1.621272e-03
2.573432e-02
4.379361e-02
7.170812e-02
2.851615e-04
4.948561e-05
9.662639e-04
2.741644e-02
2.981530e-02
3.075535e-03
9.492242e-03
1.436539e-02
7.202812e-03
8.440362e-03
2.017678e-02
1.739409e-02
5.504926e-03
2.104892e-02
1.544350e-01
7.738946e-03
9.647237e-03
5.094477e-05
4.703873e-02
1.388535e-02
8.362792e-05
1.104868e-02
1.323584e-01
7.512074e-02
1.202134e-02
5.081985e-02
1.538060e-01
1.674348e-01
2.264125e-02
1.660968e-01
1.093039e-02
3.211712e-01
7.103202e-04
1.294012e-02
2.778664e-03
5.749307e-04
1.007260e-02
1.914031e-02
3.490183e-02
2.108793e-02
1.438588e-02
1.060160e-02
3.730711e-02
1.652198e-01
9.537733e-02
1.041506e-04
1.207282e-04
2.640582e-01
4.216335e-02
1.820034e-03
4.792823e-04
8.378548e-02
1.007826e-02
1.445005e-05
1.345603e-04
1.183960e-03
4.187989e-01
3.564630e-03
4.046812e-03
1.241286e-02
1.258540e-01
1.660891e-02
1.371102e-01
6.846224e-02
1.678428e-02
3.669620e-02
1.188952e-02
1.185624e-02
8.187707e-03
3.227757e-03
1.051673e-01
5.306004e-03
2.117986e-01
2.707293e-02
1.004618e-01
2.436428e-03
7.454342e-02
3.871526e-02
5.071351e-02
3.093207e-02
5.386301e-02
1.917545e-01
4.685570e-04
5.228780e-02
4.712316e-02
1.011165e-01
7.823600e-02
1.208405e-02
2.679249e-02
5.846127e-03
1.168919e-02
9.285884e-03
9.574244e-02
5.174866e-01
1.066994e-02
1.488647e-02
5.124131e-03
4.812019e-03
2.427359e-02
2.358822e-02
3.092662e-03
8.995947e-03
6.578697e-03
6.129236e-04
5.410760e-03
2.869490e-02
1.629615e-03
1.736313e-02
4.594127e-04
1.275488e-01
7.945535e-03
5.471032e-02
1.680178e-02
7.814053e-04
1.597884e-01
4.802899e-03
8.094339e-02
7.035086e-04
2.244856e-02
2.727426e-03
6.767925e-02
4.951263e-02
1.120915e-01
5.537143e-01
1.221330e-01
1.657873e-05
4.879540e-02
9.419513e-03
1.855647e-03
2.446983e-02
4.630373e-02
4.607325e-02
1.270828e-01
5.180930e-01
7.538298e-02
1.419682e-03
2.102302e-02
8.585928e-08
1.247114e-01
8.614784e-04
3.270946e-01
2.818055e-04
4.054699e-03
9.933210e-04
1.014347e-01
2.634822e-03
1.331201e-04
7.492697e-02
1.821518e-03
1.695610e-02
7.147460e-04
2.545118e-01
1.290716e-01
5.703626e-01
6.225481e-02
3.614026e-02
6.069517e-04
7.872510e-03
4.047170e-03
4.991517e-05
6.965623e-03
1.972505e-01
4.155814e-03
9.054313e-04
1.694652e-01
2.169094e-02
2.947089e-02
1.014991e-02
2.570131e-02
4.506194e-03
7.182293e-03
1.061597e-02
2.869076e-02
1.363005e-02
1.558664e-02
1.482696e-01
3.523516e-03
5.169826e-02
3.034869e-02
2.214922e-02
3.200862e-03
1.606523e-03
3.912722e-02
1.023516e-01
2.495104e-03
6.241833e-02
1.086028e-03
9.866560e-03
1.774133e-01
2.489917e-02
9.448244e-03
2.915334e-03
3.938783e-02
7.455001e-02
7.636416e-03
1.479420e-01
2.384920e-02
1.360032e-01
3.864855e-03
1.999750e-02
1.325229e-01
5.834962e-02
1.044844e-01
1.572454e-02
1.176490e-01
1.364162e-02
2.515119e-02
1.181775e-01
3.680614e-02
3.016362e-01
1.744450e-02
7.466334e-03
3.995135e-02
8.992962e-03
1.979320e-02
1.028182e-02
1.441102e-02
3.874366e-02
1.346183e-02
8.951196e-02
1.011885e-02
3.180390e-02
1.659198e-04
1.358500e-01
5.666316e-04
1.439704e-01
2.855999e-02
1.046920e-02
6.357826e-02
9.321559e-02
5.800421e-02
1.799728e-04
2.648080e-02
6.061306e-02
2.183636e-03
3.408538e-04
9.022103e-02
2.171220e-02
6.967568e-02
8.331547e-04
1.027832e-03
1.204598e-01
7.229224e-03
7.979211e-02
1.723779e-02
2.154038e-03
8.000670e-03
4.503683e-03
1.756104e-02
1.911696e-02
8.520819e-03
3.075774e-02
1.288152e-01
7.167371e-04
9.690482e-03
7.936911e-02
1.468220e-01
2.059998e-01
7.279203e-04
2.449833e-06
1.203467e-01
3.432882e-02
5.739723e-02
2.603408e-02
2.884188e-02
5.138534e-03
6.311809e-02
2.110162e-02
4.031820e-02
2.373410e-05
2.308314e-02
9.644590e-03
1.000643e-01
6.367088e-02
4.757261e-04
4.490779e-04
1.706702e-02
2.103054e-03
5.012266e-03
6.184236e-02
1.853784e-02
1.277031e-01
6.586329e-03
2.125824e-03
1.094338e-03
7.869285e-02
6.923838e-07
3.265443e-01
7.943915e-02
4.231423e-02
1.670305e-01
2.274283e-02
3.353454e-02
2.794316e-02
1.438534e-02
7.049593e-03
4.828854e-03
4.688553e-02
1.500515e-03
6.756340e-02
1.992557e-03
2.275817e-01
6.359178e-02
1.468923e-01
1.646951e-02
2.508300e-01
1.188362e-04
5.367355e-02
2.251367e-01
2.458202e-02
5.101931e-01
2.438645e-02
5.089985e-02
6.550520e-05
3.135834e-04
8.157046e-03
1.181606e-02
1.814620e-04
2.662706e-01
5.254088e-03
2.933188e-04
2.803372e-03
1.560947e-02
1.188798e-03
6.465389e-03
1.100966e-02
9.490706e-03
4.832417e-02
6.766125e-03
1.091577e-01
3.544341e-02
3.682303e-02
2.859248e-02
7.909967e-03
1.919021e-02
4.050839e-01
1.263178e-02
1.882107e-01
3.111952e-02
7.873343e-04
1.016464e-01
1.569161e-02
6.207611e-02
4.785960e-03
9.306940e-06
5.116436e-02
1.839462e-04
7.727900e-03
9.741426e-02
4.782885e-02
1.501128e-03
1.437358e-03
3.945223e-02
1.969261e-02
8.221443e-06
3.415615e-01
1.709498e-04
1.744551e-01
4.118788e-02
8.433215e-03
1.424138e-02
2.146620e-06
3.318315e-02
1.557627e-01
1.424566e-04
1.220217e-03
6.316586e-03
4.895034e-03
2.749279e-02
1.121574e-01
1.450337e-01
8.480656e-02
5.587815e-03
1.129668e-02
3.575729e-02
3.761469e-02
1.223498e-02
2.347052e-02
1.183673e-03
5.531611e-02
2.480020e-02
8.813957e-02
1.605668e-03
5.370732e-04
6.736466e-02
3.846300e-03
6.329783e-02
7.159960e-02
1.481654e-02
7.004864e-03
2.178500e-01
2.316548e-02
6.985815e-02
5.329138e-02
1.128974e-02
5.722262e-03
6.002820e-05
1.382445e-02
6.747196e-02
2.164324e-02
5.493732e-02
1.170886e-02
4.841494e-06
3.225308e-01
6.246990e-02
1.060485e-02
1.267832e-01
2.722023e-04
6.494734e-02
1.215623e-02
9.615320e-02
3.164033e-03
1.127371e-02
3.474241e-02
1.359450e-02
2.782161e-03
2.924146e-01
2.065823e-01
5.313955e-02
1.016561e-03
5.790826e-02
1.383816e-02
2.920451e-02
2.362015e-04
3.649891e-03
2.059137e-02
6.019860e-03
9.505863e-05
1.064688e-02
1.015598e-01
4.023656e-03
6.165050e-02
2.361473e-02
8.765125e-02
3.636463e-01
6.471337e-02
4.072868e-03
1.127123e-02
1.798090e-01
8.744377e-03
1.190388e-02
6.007510e-03
2.253151e-03
2.576634e-02
3.092270e-02
9.718848e-02
7.812343e-03
7.260283e-03
1.251636e-01
1.549138e-01
2.536037e-01
5.583361e-03
8.217801e-03
1.170542e-02
1.008129e-01
4.530345e-02
2.278344e-02
