7.211307e-06
4.483560e-02
3.906642e-01
6.766794e-03
1.353659e-02
1.541090e-02
1.029671e-02
3.004400e-05
4.944621e-03
4.866313e-02
5.905248e-02
1.794752e-01
1.058220e-01
3.328003e-02
1.337165e-02
3.336169e-03
1.699184e-01
1.129751e-04
5.972397e-05
2.272405e-01
7.667138e-04
3.466969e-02
2.272621e-02
2.176841e-02
1.686037e-02
3.879910e-04
8.184609e-02
1.687712e-01
8.028402e-04
9.689324e-02
6.537956e-02
2.831881e-02
4.833113e-04
4.646515e-02
5.637960e-02
7.866102e-02
4.450760e-05
1.493465e-03
4.353094e-02
2.170224e-02
8.838726e-03
1.137214e-01
2.334192e-02
1.148578e-01
5.545443e-02
1.130655e-01
1.963270e-03
2.721001e-02
1.396122e-01
4.163220e-02
3.835840e-02
6.436476e-06
2.823806e-02
4.732613e-02
3.541150e-02
9.435884e-04
1.694156e-03
5.557587e-03
3.987527e-02
5.725276e-02
1.177693e-02
1.003977e-01
1.915593e-01
2.692172e-02
1.245461e-02
7.881757e-04
4.384142e-02
1.555606e-03
3.044752e-02
3.835045e-01
1.404692e-02
5.270963e-04
1.312333e-01
7.867648e-04
8.313333e-02
3.469464e-01
2.739510e-03
7.990783e-02
6.037233e-03
4.419956e-03
5.406505e-02
2.698602e-02
3.853797e-02
3.184961e-02
1.226765e-02
7.170521e-04
2.015140e-01
2.046507e-04
6.772977e-02
2.316233e-04
7.225278e-05
1.926997e-02
5.004099e-02
5.852218e-02
1.109056e-01
1.928686e-01
3.116212e-06
4.269526e-03
4.727592e-03
7.680576e-02
1.708216e-05
1.606485e-03
1.867476e-01
8.171835e-03
4.548782e-03
3.891321e-02
7.636218e-02
1.966112e-05
7.027807e-04
2.160532e-03
4.741369e-03
3.700530e-01
7.341656e-02
5.184049e-02
4.118236e-02
9.442917e-05
1.181912e-02
5.612631e-04
5.621643e-02
2.720192e-02
2.688664e-03
6.202327e-04
2.354521e-03
2.441726e-02
1.536370e-01
1.379550e-01
1.579255e-02
3.009214e-02
1.739026e-02
6.351196e-02
1.812838e-02
1.228079e-01
4.358191e-02
1.829388e-02
6.172039e-04
1.032866e-01
3.419228e-03
9.918842e-04
2.948720e-02
5.679651e-03
7.905725e-04
3.330257e-02
1.652855e-03
2.685190e-02
2.111829e-02
2.082191e-01
1.080954e-02
1.462224e-02
5.280383e-02
3.684429e-01
2.148764e-02
3.283912e-02
8.550063e-03
3.002705e-01
2.830200e-01
1.643689e-01
1.299214e-01
1.490481e-02
8.464669e-03
9.075040e-02
6.830694e-04
4.990941e-05
3.285468e-02
4.946878e-02
2.140981e-02
1.409319e-02
6.196312e-02
9.074370e-03
6.487791e-03
6.394353e-02
1.723894e-03
7.523802e-05
2.103839e-01
1.179218e-01
2.352951e-01
7.081071e-03
5.299182e-02
2.694320e-03
7.173442e-02
1.438791e-02
5.463106e-02
1.521996e-02
2.093553e-02
8.919278e-02
1.794084e-02
6.651803e-02
9.205748e-02
1.927648e-01
1.678047e-02
2.648762e-01
2.865837e-02
9.161450e-03
1.732140e-02
4.985056e-02
1.611748e-01
1.369912e-01
3.211053e-02
5.969045e-02
1.172594e-02
1.954126e-02
3.015548e-02
3.156515e-03
2.543723e-02
3.530847e-02
9.516112e-03
7.049654e-03
1.620792e-01
6.462008e-02
1.901560e-02
1.324176e-03
1.106898e-04
2.289590e-03
1.081100e-01
7.836811e-02
8.844583e-03
7.289998e-03
4.601374e-01
1.955911e-02
2.899611e-02
1.361817e-05
1.031262e-02
1.676062e-02
9.292779e-02
1.869484e-03
6.836611e-03
2.856908e-01
1.043595e-02
9.932088e-02
2.813330e-01
5.097825e-02
2.352911e-01
5.079244e-03
4.630425e-02
1.923980e-01
2.500101e-01
6.466738e-02
2.546555e-02
8.528224e-02
3.937806e-02
6.778727e-02
1.300955e-01
1.304546e-02
7.431830e-03
1.621634e-01
1.440826e-03
1.462125e-02
2.864882e-04
2.692289e-02
5.057397e-02
4.820206e-03
1.963577e-03
4.379678e-02
2.650620e-02
4.279324e-02
1.340309e-03
1.364719e-06
8.378076e-04
7.206435e-02
1.084593e-02
3.283300e-02
1.917500e-01
5.768586e-02
7.391219e-02
2.953281e-03
1.667986e-01
2.257706e-04
4.994815e-02
2.582605e-03
6.852310e-03
1.247417e-01
8.424671e-03
1.988594e-02
2.179779e-01
1.569028e-02
1.994680e-02
3.837868e-02
2.640724e-02
1.712573e-02
8.477472e-04
1.417725e-01
3.224465e-05
5.040944e-02
2.693993e-02
3.624184e-03
3.625228e-02
1.969664e-01
8.494599e-04
8.113740e-03
8.662046e-02
2.527563e-01
3.273955e-03
2.879196e-03
1.197137e-02
8.161100e-05
3.093559e-02
5.995098e-04
6.135495e-02
3.328350e-01
1.067400e-01
6.668447e-05
2.655027e-02
3.375927e-02
2.700129e-05
1.847240e-02
2.035901e-02
1.026866e-02
1.011078e-01
1.941316e-02
2.119951e-02
2.928971e-02
1.359579e-02
1.712017e-03
6.286221e-03
6.873705e-04
2.784253e-02
1.619977e-03
2.403508e-02
6.764817e-02
4.327335e-01
8.219487e-02
6.666394e-03
6.791277e-02
3.386798e-02
7.062882e-02
8.268447e-02
7.139377e-02
4.730971e-02
2.324089e-01
1.041947e-02
8.036489e-02
4.316588e-04
2.258044e-03
2.055349e-04
8.449762e-03
1.651602e-02
7.881860e-02
8.064872e-03
8.833101e-02
1.774344e-02
3.108731e-02
8.624240e-02
1.141112e-02
1.614475e-01
2.236585e-03
6.519312e-02
1.538367e-02
3.595704e-02
2.887985e-02
2.407671e-01
6.535181e-03
8.220409e-02
4.299628e-04
1.376442e-01
8.979052e-02
7.417810e-03
5.059920e-02
3.759465e-04
4.266875e-02
7.056209e-03
1.988765e-01
3.816508e-03
3.822932e-02
6.720940e-03
4.961394e-03
3.089806e-02
2.895232e-02
4.398546e-02
8.591020e-03
6.331534e-02
1.244684e-02
1.528859e-01
1.421359e-03
7.791202e-02
3.335935e-01
8.966533e-02
3.025024e-02
8.241924e-02
5.327289e-02
9.214896e-04
4.559796e-02
2.055284e-04
5.997288e-04
2.302673e-04
1.335876e-01
9.228035e-03
2.796528e-01
4.026099e-01
3.056559e-02
7.948071e-02
1.338386e-05
4.756629e-02
3.728453e-02
5.042530e-03
3.183259e-03
5.600863e-02
8.008909e-02
5.022715e-02
1.028588e-01
4.805747e-03
1.890881e-02
3.090710e-03
2.688816e-03
1.365665e-01
2.255501e-03
2.961647e-04
1.064947e-03
5.424718e-02
8.485976e-03
6.428201e-03
3.720764e-02
3.853933e-02
5.261786e-03
1.280396e-01
1.127524e-02
7.654632e-03
2.478116e-01
6.836812e-03
3.825006e-02
1.536522e-01
1.502789e-02
9.718572e-02
1.632403e-03
2.060051e-02
2.296132e-02
6.450587e-04
1.563073e-02
9.177279e-02
8.208503e-02
2.239517e-02
5.314420e-02
7.309637e-02
3.247616e-02
3.592924e-02
2.082840e-04
1.038458e-03
9.695356e-03
2.663619e-02
8.489253e-03
7.724965e-03
3.805198e-02
3.765565e-02
1.770932e-01
3.365627e-02
1.948523e-02
1.040387e-03
1.754389e-03
6.694647e-04
7.872332e-04
5.459742e-04
2.127854e-03
7.253712e-02
1.996570e-01
1.087307e-01
4.203130e-02
6.567081e-04
3.857472e-05
3.110507e-04
1.429864e-03
1.566605e-02
5.235559e-05
2.272713e-03
9.016242e-02
9.110638e-04
1.452560e-03
3.534904e-02
5.237113e-03
9.469855e-03
2.048625e-02
7.488963e-02
6.283136e-03
2.311018e-01
1.855484e+00
5.828690e-02
2.604341e-03
4.737622e-03
2.420376e-02
4.347045e-02
7.217766e-02
3.045437e-03
3.976968e-02
5.783769e-04
1.381631e-02
4.819134e-02
5.602598e-03
3.022300e-02
4.916014e-02
1.078547e-01
2.765542e-01
8.854998e-02
1.594168e-07
2.039037e-03
1.352424e-01
3.682672e-02
1.031731e-02
5.331613e-03
3.189061e-02
3.847629e-02
2.973447e-02
3.269145e-02
5.376996e-04
5.176295e-03
1.926807e-02
9.553316e-03
1.909842e-02
7.715631e-03
3.645572e-02
3.770341e-04
2.557596e+00
1.434998e-01
2.393144e-04
1.095287e-01
1.060409e-02
7.276162e-04
2.824001e-02
4.110051e-02
5.838545e-02
1.146693e-02
7.524282e-03
2.263612e-02
1.213896e-03
6.533717e-02
1.122190e-02
6.330724e-02
8.852166e-02
1.351583e-02
6.089304e-02
1.097388e-01
2.151750e-02
1.491088e-03
8.638260e-02
1.503710e-01
1.160134e-01
2.741738e-03
1.262899e-01
2.427394e-02
6.959616e-05
3.952306e-03
1.279716e-02
3.938236e-02
7.729028e-02
1.851716e+00
7.382971e-02
3.728703e-02
1.161388e-01
2.385298e-01
2.256764e-02
1.455829e-03
3.262160e-02
2.884029e-02
1.058887e-02
2.761175e-02
6.592554e-03
1.283701e-01
2.608940e-01
8.534783e-02
1.222753e-01
2.611255e-02
2.139141e-02
7.947283e-03
2.875271e-02
1.423371e-02
1.289209e-02
2.003085e-03
9.200855e-03
8.833172e-02
3.570417e-05
1.516183e-01
2.366492e-02
1.536559e-01
4.774927e-02
1.743885e-02
1.104401e-02
5.487287e-02
4.146023e-03
7.456752e-02
1.073598e-02
2.591337e-01
2.025239e-02
2.894832e-02
3.855123e-01
1.171459e-02
1.397208e-01
3.467033e-01
8.946202e-03
1.982559e-02
1.099984e-02
1.014500e-03
3.008092e-02
7.154739e-02
1.010763e-02
2.088533e-03
3.312112e-02
2.379107e-04
1.600170e-02
