5.042303e-04
3.114686e-02
1.561020e-01
1.764663e-02
2.637722e-02
3.849339e-02
4.563140e-03
2.590936e-01
5.809041e-03
1.903600e-02
2.526414e-02
1.204659e-01
6.743726e-03
1.712098e-03
1.925660e-01
2.693238e-02
8.461242e-02
7.860489e-03
1.038124e-02
2.143921e-02
1.322574e-01
6.144405e-02
2.134505e-03
1.332329e-03
2.672011e-02
4.276928e-01
1.102515e-02
4.834584e-02
2.759818e-03
9.527605e-02
1.129722e-01
1.030232e-01
4.509331e-02
1.414317e-02
2.218238e-01
1.977010e-01
2.210832e-02
1.048321e-01
7.951518e-02
6.322673e-02
1.891189e-04
4.377619e-05
8.725478e-02
2.857102e-03
2.552911e-03
1.768207e-01
9.128987e-03
4.231358e-01
8.762533e-02
1.252738e-01
1.208394e-01
3.079025e-02
9.292970e-03
6.451801e-03
4.624107e-03
2.384759e-02
3.437491e-02
5.565407e-03
1.838178e-01
1.380552e-01
2.966469e-04
1.591213e-01
3.481661e-03
1.886592e-02
1.347446e-02
3.487289e-02
1.095592e-01
2.021293e-03
2.929504e-02
4.186110e-03
9.119008e-02
5.773190e-05
2.816376e-04
3.114992e-02
3.091916e-02
1.191728e-04
2.102012e-02
1.831699e-02
3.328095e-02
2.159096e-02
8.047440e-04
1.153860e-02
2.458295e-05
1.050263e-01
6.509263e-02
8.462466e-02
1.085866e-02
5.144865e-01
5.501063e-04
5.294936e-03
2.030508e-02
3.959354e-02
4.708788e-03
3.817052e-02
7.934978e-03
2.234572e-01
3.871003e-02
1.584081e-02
4.547798e-03
4.798851e-02
1.201711e-01
7.579144e-02
2.291816e-03
3.048724e-05
1.669682e-03
6.771392e-02
1.226971e-03
3.612917e-03
1.032608e-02
2.755547e-01
1.795946e-03
5.332619e-02
5.658857e-03
2.095426e-02
1.743216e-01
1.553362e-01
2.911315e-04
2.602422e-02
2.541233e-03
1.330221e-01
3.725934e-04
5.086811e-02
2.610203e-02
1.266934e-03
2.937950e-04
1.725593e-02
4.943418e-02
3.322536e-02
4.323388e-02
1.896650e-01
1.265193e-02
1.930881e-02
3.418440e-02
4.242080e-03
4.087947e-02
9.063495e-02
8.294093e-03
8.926279e-02
4.530791e-02
9.370671e-02
4.181362e-02
2.631175e-02
1.161905e-06
5.405407e-02
4.785344e-02
1.850534e-02
1.732039e-03
1.135387e-02
5.540189e-02
6.417451e-04
6.264655e-03
2.839623e-02
3.180248e-02
6.526720e-02
3.690161e-03
1.114307e-02
1.101796e-03
1.782160e-02
2.813352e-02
1.809002e-02
8.011027e-03
7.148229e-02
1.065176e-03
1.578151e-02
1.861714e-03
4.190508e-02
1.884152e-02
1.504672e-05
8.814604e-02
2.535162e-02
1.078990e-01
2.130900e-01
1.179325e-03
9.978356e-02
1.699545e-01
2.029740e-02
1.404337e-02
6.084098e-05
2.851195e-02
3.093747e-02
3.027348e-03
2.264799e-02
2.564662e-03
2.137434e-02
3.456029e-02
2.326054e-02
5.301893e-02
7.837684e-02
4.730697e-04
5.628251e-02
4.652482e-02
1.757917e-01
1.949994e-01
1.007857e-02
2.509454e-02
1.005970e-01
8.857009e-02
3.541936e-01
7.456795e-02
8.213478e-03
2.798851e-03
7.205013e-02
5.072082e-03
8.848060e-03
3.247750e-02
2.149028e-02
1.149898e-02
1.812572e-01
6.455895e-02
1.502183e-02
1.912308e-03
7.717602e-04
9.273551e-02
5.832027e-03
1.207891e-04
6.275233e-02
4.463808e-02
6.945934e-02
4.904473e-03
1.213060e-01
9.662934e-02
5.948167e-02
2.406374e-01
2.086435e-02
5.663779e-03
6.771039e-03
7.628235e-02
7.089957e-02
3.948389e-04
2.133923e-02
6.658387e-04
2.147737e-03
1.216738e-02
5.573538e-01
4.344755e-02
9.100009e-03
4.990828e-04
1.802928e-03
1.573006e-01
1.035631e-01
1.563314e-01
1.536016e-03
3.107038e-03
1.859004e-03
3.439611e-02
2.560251e-03
1.615687e-02
1.229565e-03
3.929734e-02
8.881127e-03
2.383672e-02
7.696997e-02
5.247063e-02
8.053449e-02
4.641426e-02
2.418611e-01
1.195026e-02
2.539916e-02
7.495267e-02
5.170550e-02
1.969351e-03
4.301370e-02
8.049489e-04
5.188938e-02
8.639573e-03
2.333722e-04
7.158499e-02
4.423723e-02
3.474079e-04
9.015226e-02
7.141732e-03
5.919317e-02
1.680530e-02
1.839456e-02
1.553814e-03
5.190280e-02
1.135970e-02
1.185505e-02
1.326802e-01
3.745393e-02
1.935548e-03
4.136711e-05
7.826634e-02
5.741998e-06
2.451019e-03
4.424352e-01
2.752811e-02
6.207676e-02
1.533443e-02
6.228809e-04
2.347944e-02
1.064200e-02
1.226530e-02
5.485483e-02
1.353587e-02
2.976980e-02
3.831111e-04
5.831364e-02
2.215342e-02
3.602819e-04
1.290583e-02
9.319596e-02
3.610102e-02
1.517103e-03
7.508826e-02
5.315363e-03
3.229224e-01
1.929786e-01
1.631533e-02
9.244562e-03
3.864127e-02
1.079610e-01
2.327239e-03
2.530889e-01
8.725320e-02
4.014533e-02
1.021437e-01
4.456535e-02
1.112509e-06
1.225958e-03
1.294511e-01
2.722518e-01
7.650419e-02
2.165879e-02
4.327385e-01
2.375877e-02
2.804642e-02
8.721985e-03
3.171821e-03
6.438810e-02
1.427244e-01
3.769723e-02
2.918921e-02
1.242015e-02
5.874911e-02
3.467072e-03
6.479605e-03
5.334116e-02
1.172338e-01
5.397187e-04
3.486863e-02
5.280159e-02
8.557250e-02
2.301378e-01
2.438144e-02
3.200049e-02
2.180704e-03
1.478756e-02
4.325009e-03
7.155574e-02
4.497981e-03
1.969682e-02
1.823181e-02
1.241191e-02
2.862270e-02
1.784875e-01
5.101674e-02
5.538715e-02
2.873556e-02
3.529420e-02
1.711273e-01
8.271491e-02
9.316380e-02
1.497681e-05
6.256308e-04
7.277362e-03
2.100317e-02
1.902786e-01
8.767032e-02
2.999390e-02
2.560362e-03
2.164435e-03
1.724357e-01
4.493330e-02
4.204540e-02
2.829311e-03
1.715027e-01
5.174902e-03
8.817498e-03
3.675814e-02
1.129067e-04
1.142976e-01
2.519953e-02
6.457990e-02
7.487849e-03
1.695734e-01
2.909788e-03
3.113912e-02
3.313328e-03
2.139822e-02
9.732135e-03
3.015271e-04
2.890139e-03
4.438067e-02
1.681141e-01
5.422602e-02
4.797811e-05
6.049709e-03
8.378034e-02
5.301782e-02
4.686591e-04
8.723760e-02
1.579484e-02
2.930365e-03
1.201515e-03
1.432284e-02
1.866322e-03
9.914901e-03
1.803367e-02
4.307729e-02
1.379658e-03
8.546507e-02
1.793072e-02
2.424889e-04
5.805682e-01
1.832019e-02
1.146495e-02
1.732248e-01
1.545979e-03
3.848975e-02
2.825220e-03
1.614702e-02
8.929269e-02
1.407266e-03
6.110984e-02
4.708035e-03
2.205950e-02
1.009295e-02
4.179179e-03
3.201120e-02
5.506385e-02
7.992471e-03
3.404250e-02
3.770676e-02
1.274558e-03
3.360345e-02
1.456044e-01
7.253660e-02
4.773444e-02
7.265736e-02
5.687111e-02
7.073983e-02
6.843677e-02
5.639666e-03
1.179232e-01
3.286518e-05
6.578276e-03
6.962218e-04
4.118054e-02
9.366111e-02
7.465826e-02
4.476353e-02
2.335124e-02
4.564223e-02
6.604460e-02
1.840223e-02
3.901209e-02
4.288450e-04
8.991124e-03
4.936771e-05
7.966837e-02
1.709826e-03
9.634953e-03
2.116947e-02
2.133629e-03
2.322563e-02
5.182189e-03
8.868051e-03
4.685896e-02
1.393387e-03
7.468270e-02
3.955310e-02
8.273050e-03
4.912600e-06
1.702898e-01
1.276240e-01
3.689355e-02
1.385213e-01
1.141182e-02
3.889607e-02
2.106727e-03
9.799505e-05
8.258958e-02
6.352995e-03
1.124532e-02
1.493495e-02
5.019765e-02
2.450792e-02
7.646403e-03
8.486193e-04
1.327143e-02
2.088202e-02
9.622684e-03
2.507852e-02
8.623469e-03
1.121380e-01
1.655774e-02
6.847066e-02
2.393301e-02
1.296462e-01
2.859318e-01
1.638365e-01
1.615903e-01
6.103831e-02
7.753908e-03
2.329844e-03
1.721889e-02
2.881730e-01
2.542532e-01
4.799640e-03
1.826990e-01
3.522788e-02
8.610648e-04
2.760241e-02
4.127300e-02
8.177294e-03
1.528209e-02
3.264983e-02
1.115014e-02
5.867831e-02
3.361643e-03
4.881680e-03
3.445582e-02
1.242860e-03
3.164925e-04
1.922950e-01
7.624767e-03
2.978201e-02
9.122875e-04
1.575419e-02
4.230959e-02
4.547951e-02
1.149834e-02
3.774571e-02
9.736383e-02
4.386778e-02
1.514425e-01
2.771537e-02
3.702695e-02
5.089234e-02
5.642903e-02
4.173239e-02
6.355088e-02
2.993441e-02
7.664315e-02
7.291850e-02
6.934880e-02
6.668576e-02
8.377947e-05
1.213846e-02
1.001732e-01
2.721816e-02
3.580722e-01
3.977428e-02
4.308246e-03
1.050528e-01
3.471778e-04
5.882363e-02
5.557593e-02
1.455208e-02
7.672261e-04
1.672342e-02
4.469697e-02
2.579383e-02
3.919298e-03
4.794126e-02
8.548865e-03
4.658688e-03
6.521534e-02
3.322882e-02
1.099161e-02
9.443497e-02
1.198812e-02
8.597122e-02
4.236853e-02
4.663122e-02
1.658100e-02
7.139543e-03
9.488524e-02
7.315384e-02
2.263433e-02
5.375854e-02
5.187827e-03
1.037957e-03
5.499817e-02
8.521135e-02
6.524202e-03
1.564188e-01
2.462615e-02
5.752839e-02
1.465872e-02
2.275619e-03
1.745017e-02
2.271658e-02
