2.564746e-03
3.114181e-03
2.642636e-02
5.945191e-03
1.766630e-03
2.638485e-03
8.455577e-02
1.001541e-02
3.663405e-03
4.623188e-03
4.938960e-02
7.148305e-02
2.618436e-02
2.991565e-02
1.555809e-04
5.109010e-02
1.028878e-01
3.459826e-03
8.774557e-02
7.835654e-06
1.615142e-03
3.790292e-02
6.416007e-05
1.322306e-01
4.603126e-04
2.531962e-02
3.750357e-02
9.072822e-02
2.951028e-02
1.533068e-01
2.540267e-02
1.271705e-02
6.598812e-05
5.916889e-02
6.827756e-02
3.228101e-02
5.966109e-04
4.197867e-02
3.527723e-03
3.546285e-02
2.920173e-03
8.351188e-03
4.826781e-04
6.077185e-03
1.047260e-01
6.657025e-03
4.958661e-03
1.481256e-02
1.389109e-02
2.765122e-02
7.031680e-02
4.230900e-02
9.258685e-02
1.653467e-02
9.003694e-03
2.733990e-02
7.942243e-03
2.462794e-02
1.845829e-02
1.667522e-01
2.009751e-03
5.738006e-02
2.953774e-05
2.176169e-03
1.350619e-01
4.504294e-02
6.244347e-02
2.515455e-01
1.241160e-02
4.319208e-04
4.150060e-02
1.267289e-02
1.316481e-02
1.055076e-01
3.593176e-03
1.470764e-02
2.500548e-02
9.516289e-05
9.455370e-03
4.354969e-02
1.472875e-05
7.375220e-02
1.619717e-03
2.548870e-02
1.479282e-04
9.106688e-02
2.991995e-04
1.279304e-01
3.233351e-02
4.525186e-02
2.122885e-02
2.072952e-03
1.357890e-03
7.732040e-03
3.040854e-02
3.934833e-02
6.114762e-02
1.834890e-01
4.041465e-02
4.021888e-02
1.045696e-03
2.196421e-01
6.650199e-01
3.927770e-02
9.229042e-02
3.467088e-02
2.421732e-02
1.104187e-02
1.036908e-01
3.489175e-03
3.163101e-01
1.000270e-01
4.554361e-03
7.169046e-02
5.265566e-01
2.034558e-02
3.261685e-02
2.426099e-01
1.214361e-06
6.757830e-03
2.747753e-04
4.938635e-02
1.900727e-03
5.399966e-02
1.522580e-02
1.645917e-01
4.497023e-02
2.039493e-01
1.770120e-01
1.715129e-02
8.212344e-04
1.108747e-01
2.962642e-02
9.943198e-02
3.767020e-04
2.899856e-02
6.519216e-02
4.752025e-03
2.168979e-03
1.656932e-02
4.527774e-02
2.313172e-03
1.196405e-03
8.775336e-03
6.637802e-03
3.764331e-04
1.605550e-02
2.415434e-02
1.531881e-02
1.596843e-03
6.786228e-04
1.700781e-01
1.032938e-01
1.255843e-01
8.439324e-03
8.941672e-03
2.677976e-01
8.523007e-03
3.902467e-03
4.918063e-02
8.558537e-02
4.669885e-06
3.183254e-02
1.267793e-02
5.600955e-02
2.315022e-02
3.703951e-02
2.836742e-04
3.000097e-02
6.778287e-04
4.617484e-02
2.218739e-01
1.763558e-02
1.346429e-02
3.782505e-03
6.065023e-02
1.085506e-02
5.910159e-02
1.151208e-02
6.781499e-02
4.626895e-07
2.591205e-04
3.419487e-02
5.708580e-02
1.335187e-02
1.802255e-02
4.772881e-02
1.767310e-02
5.872284e-04
1.989097e-02
1.283199e-04
2.068938e-01
7.237219e-05
1.113762e-02
1.438707e-01
5.094833e-02
6.310951e-05
9.256226e-02
3.649909e-03
7.451396e-02
3.136626e-03
4.139752e-06
1.101264e-02
1.066737e-03
1.167985e-01
4.812621e-02
1.312590e-01
1.219034e-04
1.231197e-02
1.107084e-03
7.214149e-02
1.659353e-02
1.479157e-02
3.481807e-02
6.011832e-03
4.484702e-03
3.116298e-03
1.013682e-01
1.210956e-03
5.526928e-03
9.321830e-04
1.345806e-02
5.582951e-04
1.741152e-03
8.404566e-04
1.642511e-01
6.927490e-03
2.250800e-02
4.767525e-02
1.949134e-02
9.607923e-04
1.000518e-01
2.192625e-02
1.930461e-01
2.788359e-03
3.391208e-02
2.463921e-01
4.169122e-02
1.540749e-01
3.722405e-03
3.643307e-03
1.424984e-01
4.171511e-02
1.900062e-02
1.549598e-01
9.408992e-04
2.108596e-02
3.993525e-03
8.820632e-03
3.064555e-01
1.616783e-01
1.652154e-03
7.750560e-02
1.840970e-02
2.770514e-02
4.177787e-02
2.172624e-01
3.295756e-04
2.187230e-02
4.432590e-02
5.098922e-02
1.778188e-03
7.300943e-03
1.110777e-01
3.286521e-02
5.161254e-02
8.007325e-02
4.545124e-02
4.498702e-02
2.116683e-02
3.322687e-03
2.957256e-02
1.189039e-02
3.711230e-03
5.263260e-04
9.060440e-02
1.173888e-03
1.791524e-02
6.665663e-03
9.174996e-02
3.711419e-02
8.298293e-04
3.470734e-02
2.530557e-03
1.235695e-01
3.129789e-02
1.658846e-02
1.872917e-01
3.363000e-02
5.249537e-05
4.227855e-03
6.519862e-02
8.180070e-02
5.331472e-03
1.164217e-01
6.317945e-04
1.659954e-01
6.407935e-02
3.342310e-03
9.530538e-02
3.886251e-02
2.894461e-02
2.264811e-02
4.674200e-03
2.188470e-01
7.519283e-02
2.842856e-01
5.537728e-03
1.262966e-01
3.253673e-01
5.919259e-03
2.024869e-02
3.379184e-04
4.307937e-04
9.929409e-02
1.329932e-04
3.415157e-03
1.360169e-02
1.145580e-02
7.157083e-03
4.874392e-06
1.872218e-02
2.784174e-04
8.358350e-03
1.161639e-01
6.890313e-02
4.905851e-02
2.231706e-02
5.559711e-02
7.746650e-03
1.059620e-01
7.099374e-04
1.180816e-01
8.638467e-02
2.190002e-03
6.233365e-04
4.684955e-02
1.664698e-02
9.091306e-02
1.064355e-01
1.807526e-02
9.270352e-02
8.163207e-02
1.696318e-01
4.676332e-02
2.718350e-02
8.226509e-04
9.053958e-02
3.610832e-02
7.150029e-02
4.170067e-02
1.769368e-01
2.475515e-01
1.917131e-02
2.019424e-02
1.302106e-02
1.419880e-03
1.538827e-02
1.403317e-01
1.110087e-02
8.808680e-03
9.029198e-02
5.491935e-04
3.403681e-03
1.075805e-03
2.007064e-03
2.144910e-01
9.651210e-05
2.999028e-02
1.276738e-02
1.240196e-03
2.895403e-02
4.963713e-02
1.187634e-02
9.686557e-03
3.840423e-04
3.342336e-02
3.793209e-04
5.142411e-06
6.357838e-03
1.443875e-02
4.707175e-02
2.256982e-02
1.141196e-03
7.602629e-03
7.216989e-02
1.181869e-01
3.809526e-05
3.153362e-01
3.565643e-03
7.023647e-04
3.997446e-02
6.209192e-03
1.442664e-02
9.116597e-03
2.765595e-03
1.488865e-03
3.381417e-03
4.363139e-02
6.734575e-02
9.508368e-03
1.854370e-02
2.444589e-02
1.207619e-01
1.605542e-01
6.192034e-02
5.003343e-02
8.786032e-03
1.889108e-01
1.275703e-02
1.416151e-02
1.290730e-03
1.006948e-01
1.188719e-02
3.896529e-02
1.453379e-01
6.444405e-02
5.022146e-03
7.252301e-02
2.509933e-01
1.635512e-02
1.771189e-02
3.637460e-05
2.008326e-03
9.891911e-05
1.620178e-02
1.745095e-04
7.511975e-03
1.377875e-04
1.007595e-01
7.240245e-02
3.953936e-02
6.176674e-02
1.393054e-03
2.016357e-01
7.418952e-04
5.528494e-02
3.401926e-03
8.212184e-02
3.016896e-01
5.616231e-02
6.591167e-02
5.819786e-03
7.056822e-01
8.715613e-04
3.968923e-02
9.177400e-03
1.313474e-01
1.759388e-03
4.418568e-02
1.803559e-02
7.623872e-03
2.915026e-02
2.563359e-02
1.865675e-04
6.404883e-02
2.022205e-02
4.101782e-02
9.891121e-02
3.879701e-03
7.881886e-04
2.933318e-02
1.127235e-01
6.199479e-02
1.190001e-02
2.510608e-04
5.742539e-03
9.207698e-02
3.005482e-02
1.529912e-04
6.229616e-03
5.500004e-01
1.491558e-01
8.154269e-02
1.210474e-01
7.345890e-02
1.922671e-02
1.502628e-01
1.795859e-02
1.764384e-04
1.401537e-02
4.292393e-02
3.282867e-02
3.297550e-02
3.842599e-02
2.897952e-02
7.384372e-02
2.225925e-02
4.115221e-02
6.507509e-03
9.721747e-03
4.186704e-02
1.330459e-03
1.667370e-02
2.387592e-02
5.705412e-03
2.280749e-02
2.420756e-02
2.574232e-02
6.569710e-04
8.519191e-05
5.816017e-02
9.277708e-02
3.403768e-03
1.017062e-01
8.223608e-03
9.369506e-03
2.574870e-06
5.103089e-03
3.125268e-02
6.211260e-02
5.656882e-05
3.084434e-02
1.131843e-02
4.153430e-03
6.011665e-02
1.785683e-04
2.441598e-05
3.022433e-02
2.593635e-02
6.722205e-02
2.628198e-02
9.712016e-03
5.376210e-03
2.410450e-02
9.129948e-02
2.759979e-03
3.375843e-03
6.393859e-04
5.967785e-03
6.721337e-02
3.014146e-02
1.548125e-05
1.430323e-02
2.401018e-01
2.674469e-02
3.523919e-02
3.184230e-03
2.248197e-01
8.000929e-03
1.560148e-02
2.006792e-02
6.119356e-02
6.580234e-03
3.655363e-02
2.257328e-04
1.444740e-01
2.619915e-02
9.727958e-02
4.994653e-02
3.948418e-02
3.616582e-02
5.244559e-04
3.788484e-03
4.702511e-02
2.609231e-01
2.125627e-01
1.478346e-01
5.325376e-02
3.011839e-03
5.096224e-02
2.572401e-03
3.934701e-02
8.331399e-02
8.998594e-02
1.443875e-01
6.222260e-03
7.628243e-02
2.054388e-04
1.654453e-02
2.065385e-02
7.355836e-03
9.026206e-02
1.385877e-01
1.307637e-04
1.249919e-02
3.986484e-02
8.915453e-02
2.584619e-02
5.332234e-02
8.453267e-02
4.552083e-02
1.750849e-01
5.140890e-02
4.469572e-05
6.391596e-03
1.542771e-02
6.137020e-02
9.082169e-05
1.871727e-03
7.360301e-03
2.064250e-01
6.814138e-05
1.234608e-01
