1.717584e-02
1.044138e-01
1.179455e-02
4.975404e-05
1.478343e-02
7.864826e-03
6.250737e-02
1.417607e-02
1.923291e-01
1.181230e-02
1.132910e-02
7.453307e-04
5.580080e-04
6.994840e-02
5.847113e-02
5.853019e-02
3.144456e-02
1.221023e-02
1.193298e-05
5.934921e-03
1.357656e-04
2.443592e-02
3.504916e-04
1.225189e-03
1.903102e-01
8.207931e-02
6.103800e-03
1.796291e-02
6.831967e-02
1.781008e-02
3.692483e-02
1.462589e-01
9.313400e-03
4.239943e-02
1.754878e-01
2.618556e-02
1.996749e-02
4.399302e-02
2.258701e-02
4.742495e-02
9.056257e-03
2.790161e-01
1.084317e-01
8.383343e-03
4.757202e-03
2.119182e-02
4.115411e-02
5.353540e-02
3.903116e-02
6.505256e-02
9.517293e-02
2.576069e-02
9.438138e-02
1.038238e-01
3.056672e-02
9.275499e-03
1.540013e-02
7.161115e-02
7.286844e-02
1.367847e-01
2.185627e-02
8.022798e-02
1.860475e-04
9.049033e-03
1.295863e-02
1.456653e-01
2.785517e-02
2.519445e-03
2.199193e-02
1.106446e-02
1.053156e-01
2.909436e-02
1.988666e-02
7.839130e-02
1.481658e-03
1.189568e-02
5.978966e-02
5.527481e-02
9.028729e-03
8.706775e-03
1.721824e-03
1.710899e-02
1.121189e-02
2.470245e-02
1.762576e-01
1.455823e-01
4.619782e-06
3.843548e-02
6.284307e-02
3.374669e-02
4.580377e-03
5.105350e-02
1.168295e-01
4.315948e-02
1.255629e-01
2.501075e-02
2.761099e-02
2.082785e-04
4.524067e-02
1.155816e-01
2.932865e-02
2.455515e-03
3.348797e-02
7.848742e-04
1.670119e-03
1.300482e-02
3.751213e-02
1.272762e-02
5.884152e-02
3.146221e-02
1.702016e-03
6.843893e-02
1.299875e-01
9.029543e-03
2.253202e-01
5.294977e-02
1.278173e-02
6.037439e-02
3.366698e-03
9.571542e-02
3.194998e-02
2.871177e-04
9.771630e-02
5.275655e-02
3.414216e-02
4.534472e-03
3.888920e-02
1.447894e-01
1.095630e-02
2.725325e-02
2.511766e-01
4.790417e-03
2.663939e-03
1.808678e-01
8.257672e-03
3.184238e-02
1.096622e-05
1.214560e-02
6.883915e-06
1.153545e-01
5.685211e-03
1.757013e-01
5.259092e-03
1.098268e-01
3.232174e-03
1.305194e-01
8.422632e-04
2.804110e-02
5.272471e-03
5.770450e-03
2.312608e-02
1.790202e-01
1.632460e-02
3.277399e-04
9.316696e-02
5.505902e-02
4.862482e-03
1.238705e-04
6.090032e-06
5.640078e-02
1.017364e-01
1.460381e-02
3.374586e-02
5.885839e-03
1.362178e-01
2.928199e-02
1.248193e-02
4.368297e-02
2.873487e-01
8.241272e-03
5.330922e-03
1.015216e-02
1.837477e-03
6.578934e-03
1.849192e-02
1.860401e-04
1.061397e-01
2.788602e-02
6.921166e-03
5.374750e-02
8.353482e-02
5.411027e-03
2.686552e-02
9.587655e-04
9.895638e-02
4.524780e-03
1.361389e-03
2.568785e-02
1.350155e-01
2.061187e-03
3.194527e-03
1.492357e-02
4.656745e-02
3.458491e-02
1.548253e-01
1.809640e-02
4.088709e-02
1.866977e-03
7.388881e-03
8.836596e-02
2.774949e-03
7.557791e-02
7.314397e-04
1.880871e-03
8.600970e-02
4.426368e-04
7.598278e-02
3.277039e-03
6.483638e-02
1.732339e-01
5.215114e-01
6.806833e-03
4.998413e-02
1.952640e-01
2.854759e-02
2.999821e-02
4.313975e-03
6.388504e-03
2.520139e-03
4.492354e-01
3.607175e-01
1.050190e-03
1.048628e-01
1.493996e-02
2.232378e-06
3.184253e-03
5.211657e-02
1.190386e-02
1.948332e-03
1.326149e-02
9.443651e-02
1.125473e-02
7.055949e-02
5.464398e-03
9.808365e-02
1.967785e-01
8.751797e-02
2.615544e-04
2.100667e-02
3.276689e-01
9.530080e-06
1.028053e-02
1.210457e-01
9.212854e-04
1.028878e-02
1.033124e-02
1.211410e-02
2.796458e-02
4.186391e-04
9.235047e-02
7.609346e-02
2.067071e-03
8.817286e-02
4.304384e-02
3.376530e-02
2.426453e-02
1.564400e-04
1.261430e-02
3.578588e-02
5.039305e-02
7.775628e-03
5.300208e-02
1.797565e-02
6.159546e-02
1.379580e-01
9.446147e-04
2.076017e-02
4.641541e-02
5.983743e-05
8.228557e-02
2.969779e-02
1.113286e-02
4.329481e-02
1.261777e-02
8.545764e-03
8.815634e-04
4.134357e-02
1.327782e-03
4.633728e-02
1.205939e-01
4.263681e-03
9.871363e-02
1.660327e-02
2.958630e-01
8.162759e-02
1.343047e-02
1.940540e-03
6.599639e-02
7.664353e-02
1.108396e-01
3.244177e-02
1.215328e-03
8.650031e-02
6.412975e-02
4.183476e-02
1.138390e-01
2.561073e-03
9.707909e-02
3.698552e-04
5.767576e-02
1.593623e-01
3.253146e-02
1.023735e-04
1.508799e-02
2.987080e-02
1.547760e-02
3.164588e-02
1.256642e-03
3.177411e-03
2.379999e-02
4.806857e-02
4.486661e-03
1.067689e-03
3.379390e-02
1.497486e-02
5.824194e-03
1.256828e-02
2.244833e-02
7.747476e-03
1.564341e-01
1.049811e-03
4.546539e-03
1.465212e-02
3.464811e-06
7.477944e-02
5.511541e-05
1.375502e-02
1.642124e-02
4.885899e-02
2.027028e-02
8.271615e-03
1.310179e-04
3.528423e-02
3.366328e-04
6.557314e-02
7.856401e-02
3.999073e-04
4.882983e-02
1.922138e-03
1.361866e-02
6.289815e-02
6.465571e-02
4.974212e-03
2.011955e-01
2.084609e-02
1.614918e-02
1.236228e-02
5.976084e-02
5.968407e-03
5.632456e-03
1.479997e-02
9.806189e-02
6.298583e-02
3.319264e-02
1.518965e-02
7.347166e-03
8.520534e-03
1.152210e-02
1.971606e-03
2.856166e-02
2.793413e-02
1.020813e-02
6.142716e-03
2.624150e-02
8.597232e-02
2.853862e-03
3.781481e-06
3.012056e-03
1.337948e-02
2.598428e-03
1.792384e-01
1.653454e-01
1.234811e-02
3.202426e-02
4.713645e-02
8.057930e-03
2.133641e-01
8.019556e-02
2.813165e-03
6.929086e-03
3.283758e-03
1.018132e-01
2.569732e-01
3.030266e-02
2.948850e-01
5.192135e-04
1.721263e-01
2.482774e-02
6.518227e-02
1.593372e-01
1.108166e-03
1.050957e-01
4.551071e-04
9.976806e-05
2.405386e-03
3.837393e-03
1.214068e-01
1.548937e-01
9.582082e-03
1.975266e-04
1.454185e-03
8.116393e-03
7.915211e-03
2.985137e-02
8.511787e-02
2.889562e-02
3.569788e-02
2.463739e-03
1.489508e-01
1.635254e-02
9.350001e-02
1.683628e-02
1.323189e-01
1.430984e-01
3.682506e-03
4.722074e-03
5.163058e-03
1.577969e-03
2.934138e-02
1.268793e-03
6.703636e-02
2.544307e-02
4.087639e-02
3.199114e-03
1.518846e-02
5.247509e-02
2.288519e-05
1.098849e-03
4.401799e-03
6.565825e-02
1.967948e-02
2.373632e-02
7.735037e-04
9.279261e-04
1.305845e-02
1.183020e-01
2.783216e-03
1.878294e-03
8.312977e-03
1.702734e-01
8.361113e-03
4.935854e-02
1.245713e-02
1.583794e-01
2.015274e-03
9.217839e-03
4.523194e-03
3.253743e-02
2.601228e-02
3.270593e-02
2.891538e-03
3.411299e-01
1.695226e-02
1.820825e-02
1.483155e-03
8.245634e-02
2.524291e-06
2.345222e-02
3.811749e-03
1.125562e-01
6.615752e-03
2.915703e-01
1.257048e-02
5.339714e-03
5.301596e-01
5.477846e-02
1.377328e-03
3.023424e-02
1.734258e-02
6.702403e-02
3.843640e-06
1.247744e-01
3.713336e-02
3.055349e-03
9.607837e-02
1.496928e-02
6.437335e-03
1.063478e-02
2.370984e-02
3.953306e-04
3.916151e-02
1.507244e-02
8.343600e-03
4.806531e-02
1.346561e-03
1.481360e-01
6.293614e-03
4.394801e-02
7.099651e-03
3.878833e-02
8.170404e-05
7.256046e-03
1.050041e-01
1.498522e-03
1.069251e-02
2.077669e-01
2.788729e-02
1.964946e-01
1.275431e-01
1.652713e-03
1.760321e-01
7.156972e-03
3.502065e-03
6.589035e-02
4.953244e-03
6.397536e-01
3.296117e-03
8.171735e-03
1.055800e-02
9.040722e-02
3.105504e-02
1.016142e-01
4.148153e-02
2.062733e-02
7.899641e-03
7.695677e-04
4.402763e-02
1.428951e-01
1.169433e-01
9.609834e-04
5.275375e-02
2.388473e-01
3.681583e-03
2.155620e-02
2.075984e-02
9.757265e-02
2.756779e-01
4.957814e-06
1.881621e-03
1.331923e-02
3.706564e-02
1.228336e-01
3.925634e-02
1.585481e-04
5.528233e-05
6.971119e-02
1.071696e-02
1.389996e-02
5.656750e-02
8.760812e-05
1.679799e-01
1.525065e-01
4.119057e-04
2.222145e-02
1.072631e-02
5.375373e-02
9.352785e-03
1.943879e-02
1.080118e-02
1.035040e-02
6.314493e-03
2.601566e-02
1.303912e-02
6.740981e-02
8.905216e-03
1.177220e-05
3.441645e-02
1.721605e-01
1.890677e-03
8.227816e-02
1.059058e-02
3.284864e-01
1.924391e-02
1.661263e-01
9.601179e-02
6.934138e-03
3.422858e-02
3.258726e-02
1.102168e-01
3.363895e-02
1.617129e-02
6.128099e-02
1.396240e-02
9.199111e-02
2.224457e-02
1.253820e-02
8.083449e-02
1.176864e-01
1.414164e-02
2.579773e-04
1.221879e-01
2.056754e-01
8.289541e-04
1.118775e-04
6.208389e-02
1.219706e-01
6.636237e-02
7.201261e-03
9.651538e-05
1.669436e-02
7.987507e-03
1.561531e-01
7.844251e-02
6.330084e-02
