6.810221e-02
1.607813e-04
5.061231e-02
3.410712e-03
1.147007e-01
3.524727e-02
3.857938e-02
5.254524e-02
1.018585e-02
6.406941e-04
4.879951e-03
9.560390e-03
9.162085e-03
5.378333e-02
4.349222e-02
4.364062e-03
5.645603e-02
1.707915e-01
2.116079e-01
1.962409e-04
1.242567e-01
4.337737e-03
1.200713e-03
1.992893e-02
2.293354e-04
9.693742e-02
1.379799e-02
1.583558e-03
2.639855e-03
9.269877e-02
2.194515e-04
2.526759e-01
3.348260e-02
1.770201e-02
7.511712e-02
3.773573e-01
8.358506e-04
3.768911e-01
2.785238e-01
2.181824e-03
2.386483e-02
1.694066e-01
1.869669e-02
7.179148e-02
3.616784e-01
1.298997e-01
3.718663e-03
1.038130e-01
1.647801e-01
9.430824e-03
4.702017e-05
5.567285e-03
4.301272e-03
5.497920e-07
4.248742e-02
7.451150e-02
8.647040e-05
9.285184e-03
1.375463e-03
3.154811e-02
2.012895e-02
5.916649e-03
6.980829e-02
2.396222e-05
9.400339e-04
8.146474e-03
1.272175e-02
1.113257e-02
2.746429e-02
9.245040e-02
5.204376e-05
3.257958e-02
6.777788e-03
3.237858e-02
2.308792e-02
3.522841e-04
1.878914e-01
2.591765e-01
6.120360e-02
9.093984e-04
2.730708e-03
3.886108e-02
5.294887e-04
3.073902e-02
2.920383e-03
1.927309e-04
1.677478e-01
3.639902e-02
6.242703e-03
3.621442e-02
1.183855e-02
7.715174e-02
5.179376e-02
9.000350e-02
6.838574e-03
6.624799e-04
4.133961e-02
4.098202e-02
6.903448e-02
6.738303e-08
6.789866e-03
1.957296e-02
5.045580e-02
2.753094e-03
4.422046e-03
7.165165e-02
8.541750e-02
9.575630e-03
1.561564e-02
1.605449e-01
9.924866e-02
1.065135e-01
2.663798e-03
1.964291e-02
9.279253e-02
4.897963e-02
1.932527e-03
4.898452e-02
9.467727e-05
6.801763e-06
3.557417e-03
1.838914e-03
1.168591e-02
1.292471e-03
4.679106e-02
4.804434e-02
8.610253e-03
7.709751e-02
5.427312e-02
1.036942e-01
1.706531e-02
3.993838e-03
5.404029e-03
7.199094e-03
1.735188e-02
4.817421e-03
2.066464e-01
1.157698e-02
4.841495e-02
1.697831e-02
1.906784e-02
2.342159e-02
8.398404e-03
4.786247e-02
1.614260e-02
1.840676e-01
6.219852e-02
2.611003e-03
2.920421e-02
3.798913e-01
7.775100e-03
2.730043e-03
1.737609e-02
6.706327e-02
5.886222e-03
4.633207e-02
8.377660e-03
2.348007e-02
1.309625e-02
2.647189e-03
9.865054e-06
2.598601e-02
7.827532e-02
6.346652e-03
1.085332e-01
6.587968e-02
2.260946e-02
1.618217e-02
1.870482e-02
1.726105e-02
1.215695e-02
1.766306e-04
1.975495e-01
4.146847e-02
5.139186e-05
5.750635e-02
8.078034e-02
1.988712e-03
1.241199e-01
1.830929e-02
5.630281e-02
9.888263e-03
1.582393e-04
2.529069e-04
1.755769e-01
9.814202e-03
3.335444e-02
2.001419e-02
2.763994e-02
3.407166e-02
1.194631e-01
1.524144e-02
3.925641e-03
8.950366e-02
6.501777e-02
1.827922e-01
6.530408e-03
2.093646e-01
1.905244e-01
4.469912e-04
1.257013e-01
8.694683e-02
4.450682e-04
1.153566e-02
3.279419e-02
1.866139e-02
3.636542e-03
9.141086e-03
7.686202e-03
4.088602e-03
2.046300e-03
1.298846e-01
2.897231e-04
7.003673e-02
2.647114e-04
2.001786e-04
3.424881e-02
1.016997e-02
3.138361e-03
6.753853e-02
1.861020e-01
9.904443e-02
1.203116e-01
2.468880e-05
3.382942e-03
8.401431e-02
1.032341e-01
2.024136e-02
2.233355e-02
4.262929e-03
6.202086e-02
2.594119e-01
2.851033e-02
6.252925e-02
1.570489e-01
5.845443e-04
7.350246e-03
4.638520e-02
9.276567e-02
5.685877e-02
2.065844e-01
4.450460e-03
4.161716e-01
2.620648e-02
1.160451e-03
7.185836e-03
8.464268e-02
5.053295e-02
1.920028e-02
2.204345e-02
1.150510e-04
5.057360e-02
1.038055e-02
3.235455e-02
4.941907e-03
2.981522e-02
5.101285e-01
8.973971e-02
9.008308e-02
2.128330e-03
1.557057e-01
3.375542e-03
4.431627e-02
4.824869e-07
5.643549e-02
1.047071e-03
6.094433e-03
5.883122e-02
1.191420e-02
3.103610e-01
5.582719e-02
7.192545e-02
2.266288e-02
2.429509e-02
1.545014e-01
5.203159e-02
4.161818e-03
2.899517e-02
2.271571e-03
2.331717e-03
3.964927e-02
1.797890e-01
5.019527e-05
8.349771e-02
4.781569e-02
3.671055e-03
2.621472e-02
1.488032e-01
1.548168e-01
2.745418e-02
3.376244e-03
6.226460e-03
3.374342e-02
5.187160e-03
3.684674e-02
1.744851e-02
1.501170e-03
3.367661e-03
1.689092e-02
3.748647e-02
4.005868e-02
3.767620e-02
7.328280e-04
1.039862e-01
5.745088e-03
1.558628e-01
8.532367e-02
4.892388e-02
8.438045e-02
5.114191e-02
5.396336e-03
8.628241e-02
3.945207e-02
5.799781e-02
1.567737e-01
1.770080e-01
8.105190e-02
1.141187e-01
1.346858e-04
2.748939e-02
1.592178e-03
4.990037e-02
7.784464e-03
3.334966e-02
1.067006e-02
3.220269e-01
1.319441e-02
3.958583e-03
1.511108e-01
2.483741e-03
8.375833e-05
8.600557e-03
2.427707e-02
1.693362e-01
8.484334e-02
2.054596e-05
2.369245e-02
3.828716e-03
4.012215e-02
5.101386e-02
5.225288e-02
1.881336e-01
2.066555e-01
1.018239e-02
1.293479e-01
2.789124e-02
2.302036e-02
2.454464e-04
8.877130e-02
9.634575e-03
2.870515e-02
1.526216e-02
4.414149e-03
2.994228e-01
1.046612e-01
8.965238e-02
1.299629e-01
2.647742e-02
1.061907e-01
1.512396e-04
5.037947e-02
7.385303e-02
6.066095e-03
2.840940e-01
2.237098e-03
6.814166e-04
1.846560e-01
2.869943e-02
1.456262e-03
3.407469e-02
1.457565e-01
6.325536e-03
5.675478e-03
7.686287e-04
7.563822e-03
1.822002e-02
2.287106e-02
1.329051e-02
6.152171e-03
1.108579e-01
1.866378e-02
1.857243e-01
1.060874e-02
2.224885e-02
9.587966e-03
2.174369e-02
1.168888e-01
3.778070e-03
1.374738e-03
2.169946e-01
1.882046e-02
1.545658e-02
2.661154e-02
4.499210e-02
3.481236e-05
4.263632e-02
4.063980e-02
8.398275e-02
4.427358e-03
2.767316e-02
3.582210e-02
3.061708e-02
4.354835e-02
2.047477e-01
1.342295e-02
3.307712e-02
1.178599e-01
6.698771e-03
2.346648e-01
5.409945e-02
3.678603e-03
3.219241e-02
7.669066e-02
1.297043e-03
3.182901e-03
1.069211e-02
3.392774e-02
4.357774e-02
1.216894e-02
2.820940e-02
1.301056e-01
6.659315e-02
1.123158e-01
2.480877e-02
6.736234e-03
8.797549e-02
1.968331e-02
9.415105e-02
3.918331e-05
2.100380e-03
1.799391e-01
2.749622e-02
7.308905e-02
5.070299e-04
1.047320e-01
1.047839e-05
9.855687e-03
5.599602e-03
1.071674e-02
1.239951e-01
1.867820e-04
1.737554e-02
1.037472e-03
2.041598e-04
3.215658e-02
4.541732e-02
1.017720e-03
1.115189e-02
1.049748e-02
9.606346e-02
1.894451e-01
4.201302e-02
1.525634e-01
1.504704e-01
4.508361e-03
1.950007e-02
1.102551e-01
2.332440e-02
5.978355e-03
1.957286e-03
3.232755e-04
1.560555e-03
5.697060e-02
8.031785e-02
2.061445e-03
2.673328e-02
1.061924e-01
2.029940e-02
3.598050e-02
1.648672e-02
1.271662e-01
5.122675e-04
1.308044e-01
3.268474e-03
5.757990e-04
3.145737e-01
3.002442e-01
8.874369e-02
3.452200e-03
5.302938e-05
1.178245e-02
3.764767e-02
2.248298e-02
1.736312e-01
3.550959e-01
8.574306e-02
1.578012e-01
3.872248e-05
2.379779e-03
8.812507e-02
3.717718e-02
9.880250e-02
4.280896e-02
4.944382e-03
2.962267e-02
9.674312e-02
7.950734e-02
4.815148e-02
5.027320e-02
4.303004e-02
4.976517e-01
2.713573e-01
4.262266e-02
6.878117e-05
1.025428e-01
2.043359e-02
6.336547e-02
5.187510e-02
7.214565e-03
4.496125e-03
4.944888e-01
6.048555e-03
2.764991e-01
1.919572e-02
4.790979e-02
1.133549e-01
1.283608e-03
8.198655e-02
3.356266e-02
6.228143e-03
1.031658e-02
5.349899e-03
1.461350e-01
6.572484e-03
1.888361e-02
6.071015e-02
1.960928e-03
9.953880e-02
3.041383e-02
3.495860e-02
1.471640e-01
1.247957e-01
1.566462e-02
2.115140e-01
2.196159e-01
1.771301e-04
1.966805e-01
2.891930e-02
6.578320e-03
2.323421e-02
9.579784e-03
1.179172e-02
2.358253e-02
1.038531e-01
4.128663e-01
7.874709e-03
1.932788e-02
1.029296e-02
1.229106e-02
6.534846e-02
2.495718e-01
4.331120e-03
3.060408e-04
8.490717e-03
4.374784e-01
7.690839e-02
7.493697e-03
4.195926e-02
7.286695e-02
3.382104e-02
4.034073e-02
7.040425e-02
7.777048e-03
9.096818e-02
2.897615e-02
3.539314e-01
5.379262e-03
1.877556e-02
1.975437e-02
2.873662e-03
7.016992e-03
4.711464e-05
5.739890e-03
1.683153e-02
2.182909e-01
5.774779e-02
4.445898e-02
1.253071e-04
5.761453e-02
7.705477e-03
5.363608e-03
1.421194e-02
3.007468e-03
6.311143e-03
2.748701e-01
7.342803e-03
1.670757e-01
2.028279e-02
1.893728e-02
1.707735e-02
1.209399e-01
2.701804e-01
2.320804e-01
9.951039e-03
