9.289812e-02
6.458033e-02
1.839134e-02
7.011131e-03
6.472027e-03
4.170282e-02
8.492292e-02
8.775076e-04
6.166986e-03
4.534042e-02
1.281709e-01
9.851491e-03
6.401862e-03
1.011775e-03
1.604489e-02
7.082214e-02
6.065277e-02
1.946129e-02
5.184208e-02
3.785315e-02
1.693347e-04
1.280117e-01
2.692456e-02
3.914191e-03
1.559318e-03
7.507882e-03
4.310573e-02
3.340089e-02
6.393366e-02
3.069989e-03
1.263720e-01
1.502611e-04
1.052592e-02
9.979039e-03
3.462958e-04
1.072196e-04
7.695277e-02
5.455017e-02
8.227696e-02
6.287517e-03
2.147580e-02
2.115322e-03
1.624710e-02
1.270162e-01
3.762172e-02
1.458278e-03
3.207799e-01
2.809365e-02
2.148003e-02
8.246229e-04
4.306763e-02
6.526687e-02
5.312634e-02
1.610355e-02
8.657705e-03
2.609505e-02
4.642946e-03
1.259953e-02
8.223586e-03
8.124318e-06
3.827823e-02
6.048909e-02
4.218694e-05
2.319447e-02
4.302215e-02
1.389393e-02
6.973275e-02
1.265552e-02
5.025964e-02
5.043914e-03
1.074646e-02
1.955793e-03
4.276647e-03
1.784848e-02
6.392147e-02
1.008402e-04
1.146475e-02
6.776738e-02
2.293238e-02
1.090195e-01
1.538494e-02
5.232667e-02
2.881976e-02
5.006984e-03
1.535164e-02
4.617900e-02
4.724037e-02
2.836873e-01
1.564159e-03
5.795124e-03
4.175371e-01
1.436471e-03
5.660906e-03
1.138228e-01
1.095609e-02
3.906234e-03
2.264975e-01
1.692705e-02
5.631439e-02
6.838302e-02
8.768769e-02
6.367982e-03
1.888321e-01
4.209464e-03
3.792824e-01
7.171354e-02
1.625033e-01
5.849448e-02
7.810983e-04
9.263638e-02
1.207294e-01
2.031073e-01
2.538245e-04
9.004893e-02
3.489259e-02
3.178541e-03
1.424087e-02
7.187073e-02
1.244925e-02
1.142167e-01
1.000101e-03
5.772344e-04
1.715685e-01
7.029440e-03
2.195114e-06
5.664899e-02
1.160094e-03
4.428046e-02
4.734185e-02
1.384267e-01
6.888207e-02
2.168177e-05
4.879915e-02
1.953547e-02
1.459766e-03
1.615116e-02
6.959479e-02
1.394962e-04
2.166775e-02
1.121873e-01
1.963192e-01
3.034685e-02
1.868874e-05
1.792105e-02
1.500406e-02
1.365506e-04
3.162918e-01
2.889481e-03
6.884164e-02
5.403932e-04
2.834661e-03
1.233743e-02
2.251561e-02
4.213354e-03
1.768722e-02
1.976233e-03
1.986177e-02
3.177604e-02
1.429090e-02
5.004519e-01
4.894221e-02
6.992708e-03
3.744966e-02
1.623679e-03
4.491860e-01
1.110510e-01
2.797831e-02
2.299038e-03
3.752750e-02
7.476678e-03
1.643140e-02
1.305054e-03
1.324231e-01
9.113420e-03
3.022771e-01
3.895493e-02
2.382655e-02
2.543860e-02
9.806432e-03
4.392729e-02
1.711073e-01
1.332436e-02
1.635434e-04
2.579109e-02
5.167780e-03
2.486054e-03
1.127914e-01
1.814621e-01
6.262872e-02
5.853552e-02
1.345040e-02
2.139261e-03
7.471128e-03
1.038041e-02
2.482951e-02
2.341578e-03
1.338760e-07
1.254016e-02
1.242743e-03
1.835120e-06
5.409388e-02
1.780017e-02
4.318530e-02
9.384586e-04
4.420116e-02
2.481115e-03
5.270544e-02
6.682059e-03
1.141432e-03
4.044777e-03
4.344590e-02
1.484007e-02
3.773658e-02
4.146286e-02
6.712663e-02
7.044725e-02
1.409571e-01
3.216617e-03
3.836528e-02
1.838328e-02
1.739659e-01
6.336900e-05
2.091357e-02
2.881222e-05
6.267437e-02
7.652396e-05
1.162957e-01
9.479571e-03
9.234617e-02
1.024589e-05
1.711688e-02
3.021312e-03
7.432010e-03
3.404827e-02
7.267727e-02
6.330418e-02
1.502369e-02
1.197653e-02
1.392773e-01
5.135122e-03
2.546615e-02
6.900938e-04
1.990207e-01
1.327340e-01
4.167641e-02
6.250882e-02
2.192569e-01
6.511651e-03
2.975578e-02
5.961937e-02
6.156147e-04
2.660344e-06
9.992754e-03
8.171903e-02
1.461769e-02
4.362252e-03
1.853631e-01
1.483170e-02
1.085112e-03
7.381175e-04
1.483887e-01
7.755230e-02
6.077884e-03
4.300425e-02
3.255543e-03
1.703947e-01
3.447894e-03
2.380000e-05
4.246176e-04
6.131145e-03
2.485896e-06
2.148300e-01
1.012693e-02
9.660567e-02
3.708841e-02
7.892412e-08
1.012412e-01
6.287394e-02
5.511809e-02
1.312099e-05
1.811686e-01
7.269102e-02
5.435553e-02
6.277189e-03
1.370789e-02
1.081421e-01
4.015532e-03
7.580048e-02
1.027240e-02
1.077388e-01
1.489091e-02
1.002822e-03
1.532881e-01
1.263944e-01
5.969168e-01
1.749104e-03
5.449931e-02
6.604584e-03
2.095174e-02
4.114729e-02
3.351145e-03
6.471409e-02
1.809382e-02
8.320909e-02
7.588598e-03
4.761312e-02
1.738364e-02
8.482704e-02
1.000443e-01
5.507046e-03
3.175573e-02
5.854120e-02
1.434112e-02
1.012936e-01
7.867002e-03
9.846631e-03
6.643870e-02
1.446605e-02
5.293619e-04
6.664916e-04
2.214107e-01
1.441607e-01
1.332313e-02
1.914941e-03
2.246635e-02
4.988348e-03
1.876470e-02
4.441428e-02
1.488556e-03
2.917338e-03
5.511599e-03
5.774456e-03
1.111803e-02
7.534305e-03
3.454283e-02
4.661644e-02
9.217295e-03
5.008739e-03
4.018672e-02
1.241654e-01
1.344453e-01
1.756375e-03
4.420316e-03
3.682049e-04
8.553403e-02
3.454407e-02
7.625934e-02
1.986149e-02
5.139541e-05
5.137717e-02
7.283102e-02
7.160275e-02
3.559916e-03
5.186984e-03
8.693697e-02
9.921238e-04
1.534577e-02
2.213968e-01
2.336178e-02
1.079737e-02
1.218235e-02
1.354540e-02
1.878595e-01
5.700586e-03
1.460692e-02
3.982629e-02
5.272174e-01
3.626357e-02
5.982625e-03
5.642077e-03
3.842069e-02
8.602835e-03
3.180473e-02
7.583592e-02
8.825137e-03
2.810318e-04
1.006456e-01
4.326604e-04
4.096215e-02
5.831476e-03
4.620252e-06
1.056453e-01
3.085619e-02
6.878811e-03
1.231674e-01
8.847015e-02
7.301970e-03
7.858476e-02
3.929999e-03
8.220527e-05
2.542406e-05
5.429685e-02
2.216467e-02
1.294456e-02
3.282600e-04
2.879775e-02
5.464413e-02
1.219439e-01
4.644325e-02
9.383991e-02
2.055925e-02
5.567820e-02
1.921605e-02
1.803053e-03
5.632067e-03
1.996350e-04
7.270022e-05
7.758465e-03
1.365336e-01
1.187921e-01
1.200810e-02
4.740571e-02
1.192375e-02
4.509416e-03
8.330288e-03
5.958721e-03
4.355757e-02
5.816178e-02
8.722484e-05
1.303180e-02
1.257870e-01
2.298558e-03
4.033498e-02
6.052535e-04
7.811636e-03
1.196057e-04
8.312785e-04
8.210389e-02
1.501001e-01
1.035373e-04
1.233496e-01
1.636450e-01
3.343333e-03
8.771170e-03
1.829900e-02
9.228190e-03
1.013384e-01
1.539996e-01
1.326905e-01
1.060703e-02
2.681750e-01
1.083215e-02
4.020103e-02
1.815203e-01
4.490389e-02
1.954767e-01
2.899782e-02
2.528790e-02
4.118779e-02
3.147246e-02
1.273263e-01
6.904650e-02
1.136528e-03
2.200249e-03
1.164443e-03
2.571980e-03
2.124266e-01
2.789474e-02
2.572088e-03
7.835292e-03
2.124910e-02
2.400752e-02
3.353061e-02
6.018224e-03
2.178841e-03
6.170837e-02
1.372725e-02
2.903239e-02
1.020109e-02
4.448016e-03
1.384002e-02
3.662449e-01
1.385285e-02
3.874451e-03
1.671022e-02
5.180218e-02
3.075272e-03
2.789782e-04
7.128979e-03
2.232303e-02
1.338977e-01
3.880530e-02
4.092624e-02
1.209620e-03
1.997314e-02
2.775904e-01
8.448345e-02
8.324427e-04
1.038885e-03
1.399652e-01
6.127019e-03
6.879459e-03
5.760832e-02
7.897843e-02
1.557508e-03
6.104445e-02
1.038162e-03
2.728856e-03
5.112555e-03
4.741741e-03
1.086243e-02
5.079119e-02
8.843878e-02
5.032541e-04
4.429552e-02
5.726935e-02
2.201874e-02
2.044023e-01
2.684097e-02
1.874136e-03
6.805038e-02
3.372958e-02
5.364737e-02
1.212888e-02
1.215344e-02
1.829755e-02
1.436541e-01
1.430768e-01
4.981980e-03
2.046438e-03
4.749586e-02
3.389665e-01
1.404208e-03
1.268567e-02
1.124281e-01
2.070549e-02
5.796035e-03
3.554529e-03
6.612815e-02
3.150901e-03
7.172194e-03
5.088485e-07
1.042151e-02
1.454755e-02
4.094264e-02
2.132617e-01
9.644444e-02
5.655550e-02
7.152518e-02
3.815551e-03
1.448252e+00
4.738003e-02
1.057244e-02
9.007333e-03
1.094400e-03
4.259801e-02
2.474603e-02
9.037020e-02
9.951132e-03
2.255251e-02
4.453422e-02
1.749336e-03
1.184959e-02
1.481232e-03
2.640337e-02
4.726450e-02
6.939356e-03
7.985294e-03
7.400626e-04
8.082932e-02
3.978470e-03
1.003065e-01
5.259822e-02
5.495473e-03
3.799642e-02
7.757321e-02
6.775268e-02
5.143204e-02
1.286602e-01
1.399881e-03
1.764652e-02
9.237904e-02
1.764590e-01
6.427647e-04
6.446074e-02
1.500348e-01
5.288682e-02
1.344123e-01
2.844682e-01
1.422208e-02
1.163748e-02
1.746490e-02
1.643360e-02
3.044081e-01
1.015201e-02
2.191402e-01
1.273858e-04
6.693557e-03
8.782740e-03
1.938876e-01
2.972735e-02
1.966947e-01
9.826865e-02
7.328933e-02
