8.713589e-02
1.522563e-02
2.347531e-01
4.154955e-02
3.163653e-03
1.971428e-02
4.908476e-03
3.036873e-04
2.767129e-02
9.031282e-03
6.081178e-02
3.147263e-03
1.621680e-03
1.531279e-02
2.636799e-02
3.158066e-02
7.738199e-03
4.559572e-02
1.350989e-01
1.202532e-06
1.420304e-02
6.125620e-03
4.205313e-04
1.351162e-03
6.451842e-05
3.843638e-04
1.678160e-03
3.076177e-02
5.864749e-02
2.456606e-02
1.006028e-01
1.320423e-01
2.047229e-02
7.890071e-03
2.409558e-03
5.986812e-02
3.245924e-02
4.811206e-02
1.113403e-02
2.398085e-03
5.293157e-02
2.903605e-02
2.846524e-02
2.610916e-06
8.733205e-02
2.581112e-03
4.209180e-02
8.746522e-02
1.368054e-01
2.657968e-04
2.577896e-03
5.416417e-07
8.474047e-02
2.827399e-02
3.196848e-04
2.289081e-03
1.366600e-02
8.415900e-03
2.271490e-02
1.202204e-02
1.219146e-02
5.311641e-03
3.813133e-02
1.868001e-01
5.891945e-02
1.892098e-02
2.162949e-01
7.066363e-03
1.138493e-02
3.470893e-02
1.593651e-02
1.281366e-02
7.134816e-02
3.199712e-01
1.791175e-02
1.510175e-02
7.724905e-04
8.059430e-02
4.130792e-02
1.106683e-02
2.311293e-02
2.751840e-01
1.418248e-01
5.330581e-02
1.476765e-01
2.992981e-02
5.542949e-03
4.542739e-02
2.847456e-01
3.478634e-02
1.518810e-02
3.049875e-03
1.208905e-02
2.054463e-04
1.303006e-01
5.248836e-02
1.759075e-01
8.384031e-02
2.236876e-02
9.167840e-03
2.236325e-01
1.578630e-02
1.210046e-01
4.011051e-02
6.220751e-04
6.449400e-02
3.321717e-01
3.094385e-02
5.546050e-03
1.464251e-01
1.408691e-02
2.495675e-02
3.677308e-03
1.045616e-01
3.416159e-02
2.350020e-02
1.858383e-02
1.516758e-03
1.132176e-02
1.185220e-01
2.534000e-02
1.762741e-01
5.688691e-03
1.084946e-01
2.647439e-02
5.166476e-02
2.029625e-03
9.940197e-03
2.068419e-02
9.019234e-02
1.344391e-02
1.121648e-03
6.343177e-02
9.277623e-02
5.846991e-02
2.734720e-02
5.305150e-02
1.255492e-02
3.507398e-02
1.781761e-01
6.085852e-03
2.500602e-01
7.132758e-03
7.630893e-02
3.216954e-03
1.857739e-01
1.533908e-02
1.894036e-02
3.353349e-03
8.461877e-02
2.597796e-03
2.170432e-03
3.775373e-03
5.241779e-03
2.611379e-02
1.183751e-01
6.014838e-02
1.917923e-01
3.545639e-04
1.737191e+00
1.440963e-02
1.968705e-01
1.806341e-03
1.447608e-01
1.809764e-02
6.223937e-02
2.865215e-03
4.135668e-03
1.573941e-02
6.319963e-02
4.605725e-02
1.301347e-01
1.211947e-01
1.914217e-02
3.399317e-02
5.724347e-02
1.772470e-02
2.424627e-01
1.598808e-03
7.641004e-03
2.023276e-01
3.563114e-02
5.087616e-02
7.388755e-02
1.200470e-01
1.866679e-01
2.551256e-02
8.207356e-03
2.034719e-02
5.276307e-02
1.626464e-02
5.529350e-03
3.285710e-02
3.868284e-03
5.619294e-02
5.013109e-04
1.197006e-02
5.589674e-02
3.010853e-02
3.541229e-02
5.608453e-02
2.022760e-03
2.994917e-03
9.742354e-03
8.101350e-06
1.051704e-01
6.956298e-02
2.515951e-02
1.630605e-03
8.456528e-02
2.414469e-02
3.539680e-01
4.959655e-02
8.310162e-03
1.126255e-04
9.467115e-04
5.522845e-02
1.228662e-02
5.885574e-04
2.481678e-02
2.386221e-02
3.168525e-02
1.632984e-03
4.657569e-02
5.235626e-02
2.302690e-04
8.368418e-02
4.178023e-02
1.523159e-02
2.588730e-03
3.787904e-04
1.122085e-01
3.969208e-01
5.568559e-02
7.599647e-03
1.323533e-01
1.515284e-03
2.236376e-02
1.134977e-01
3.367615e-04
8.189814e-05
7.789301e-04
4.648919e-02
2.608593e-02
1.271855e-01
1.037211e-03
2.050011e-01
6.888364e-04
1.087805e-02
4.074592e-03
1.187604e-01
1.044031e-01
1.211179e-01
1.397836e-02
1.497014e-04
1.742533e-02
1.084406e-02
2.090018e-03
8.129309e-02
1.858159e-01
4.546265e-02
4.598430e-05
4.110162e-04
3.981201e-02
5.838051e-02
2.228844e-02
7.733237e-03
2.307564e-02
5.389276e-02
8.245805e-04
3.202998e-02
3.252158e-02
5.075389e-03
2.510678e-02
5.942247e-03
1.298877e-02
6.755009e-02
9.986405e-03
2.070299e-03
1.667937e-01
4.706516e-02
7.029763e-02
1.315764e-02
1.795225e-02
4.385723e-02
9.667953e-03
1.076220e-01
6.132430e-05
1.045580e-01
2.659071e-03
1.291207e-01
4.559159e-01
7.087076e-02
5.527234e-05
8.306294e-02
5.971391e-02
4.859674e-02
8.756829e-03
5.420206e-02
2.681595e-01
2.038323e-02
4.630299e-03
1.345941e-07
2.975799e-01
1.188050e-02
3.449095e-02
8.182164e-02
6.561632e-02
1.074744e-02
2.301310e-02
1.623543e-03
8.821687e-03
5.857099e-02
1.896762e-01
9.240378e-02
9.637078e-03
1.193043e-01
2.059325e-02
2.736531e-02
1.649933e-02
6.959411e-02
2.638184e-02
1.091743e-02
9.217170e-04
2.733749e-02
3.121569e-02
1.082950e-02
1.197173e-02
1.762749e-02
2.176481e-01
1.094973e-03
2.045481e-03
6.853268e-03
9.039306e-04
3.059301e-01
1.169348e-02
2.415954e-02
3.687568e-04
7.426204e-04
1.980970e-02
6.225125e-02
3.897906e-02
1.610172e-02
1.561075e-03
6.831543e-02
5.088834e-06
5.284969e-02
5.935791e-02
1.137655e-03
1.343819e-02
2.203908e-04
1.144445e-02
1.169758e-01
2.761149e-03
1.023820e-03
1.487981e-04
8.072275e-02
6.925891e-02
2.416694e-03
6.899209e-02
1.474908e-03
7.594747e-02
1.673182e-02
2.547488e-03
3.751940e-04
7.010109e-03
3.364238e-02
2.181472e-01
6.434564e-02
3.798008e-02
3.730926e-02
7.083415e-03
7.347503e-02
6.129534e-04
2.229014e-01
1.015636e-02
4.999113e-02
5.728506e-03
3.688028e-02
1.624316e-01
6.871951e-02
2.987056e-02
1.341293e-05
1.582865e-02
1.069343e-01
7.120827e-03
4.675168e-04
5.816137e-02
3.571841e-03
1.894599e-02
9.150747e-06
8.392656e-02
1.754044e-01
2.545576e-02
2.139116e-04
1.650797e-01
4.238285e-02
1.742592e-02
1.075348e-03
3.162776e-02
8.725015e-02
3.898792e-02
1.317849e-02
4.638119e-03
6.104206e-04
1.725416e-01
2.700825e-05
1.906363e-02
1.473737e-01
1.172222e-01
2.198644e-01
8.068155e-02
2.737481e-02
3.368758e-03
3.910138e-02
1.816879e-04
9.253244e-02
9.158210e-02
1.750184e-02
3.957493e-02
5.857683e-02
4.659534e-04
1.426665e-02
2.540526e-03
9.882904e-03
3.461329e-04
8.233720e-04
2.620018e-03
2.141086e-03
4.910010e-02
7.771003e-02
3.878741e-05
3.434205e-01
6.589971e-03
1.443006e-04
2.182557e-01
1.087103e-02
4.265955e-03
1.354417e-01
4.560947e-03
5.479878e-04
1.004495e-02
1.034166e-01
5.323575e-02
5.186761e-03
1.046331e-02
9.330721e-04
1.302905e-02
2.942429e-05
2.602074e-02
2.784271e-04
1.572930e-01
2.073111e-04
3.297680e-03
1.923152e-02
2.475440e-02
9.102321e-02
3.502632e-02
1.062193e-02
1.310595e-02
8.341134e-02
3.781361e-02
1.735786e-04
4.344935e-03
1.216847e-02
1.138309e-01
1.276298e-01
1.422698e-03
4.729840e-02
1.130852e-02
7.599590e-03
7.624899e-01
7.600855e-02
1.157231e-03
5.772095e-02
4.460980e-02
3.998001e-03
1.731327e-02
1.074836e-03
4.529659e-02
4.049817e-02
4.801393e-02
9.032958e-02
6.582573e-06
1.411467e-01
5.936498e-02
5.022388e-03
3.953541e-02
8.504572e-02
1.438963e-01
2.882377e-02
2.971745e-01
9.472227e-02
1.082727e-01
7.218902e-02
1.562087e-02
5.743135e-02
1.404908e-01
3.905887e-02
7.707147e-02
6.197389e-04
7.960429e-02
2.043251e-03
7.299162e-02
6.656875e-03
8.588097e-04
1.377048e-02
3.588717e-04
5.496568e-02
2.434444e-04
1.313563e-02
2.122556e-01
1.522630e-02
2.809423e-05
9.426404e-02
1.804034e-02
1.270037e-02
3.639971e-02
1.957594e-02
1.144048e-01
1.587018e-02
1.350104e-02
4.374650e-03
2.800896e-01
4.919524e-02
1.653263e-02
2.178397e-01
2.633764e-02
6.223439e-06
8.134369e-03
2.558175e-09
6.824690e-02
1.701988e-02
2.724113e-02
6.268393e-02
1.757126e-02
1.465182e-02
5.003139e-02
2.470735e-02
6.164369e-02
5.372216e-02
9.635742e-05
4.761868e-02
1.434930e-01
1.190669e-02
1.882880e-05
7.434569e-03
3.377968e-03
3.467611e-02
2.696371e-02
1.094464e-02
2.573378e-02
1.189278e-01
3.132610e-02
1.001675e-02
7.463244e-03
2.851523e-03
2.398519e-03
3.609399e-03
1.292071e-02
4.063865e-03
7.174017e-02
2.121359e-02
3.519875e-01
5.836560e-02
4.718516e-02
2.892292e-01
2.045126e-03
1.402350e-02
2.077086e-01
7.790986e-03
3.049940e-02
6.917604e-02
8.060888e-02
5.743950e-02
1.785677e-02
1.696374e-04
3.472544e-02
6.386048e-02
7.067566e-03
1.858125e-03
2.141480e-02
1.971301e-01
5.658452e-03
2.916525e-02
1.668057e-02
8.221645e-03
3.322585e-02
9.673355e-03
9.434633e-03
4.198282e-03
3.366313e-02
1.658384e-03
5.352804e-03
