1.066231e-02
2.047067e-03
6.083791e-02
5.247026e-02
1.718287e-02
7.879344e-02
1.242998e-02
3.954634e-03
2.586711e-02
1.234471e-02
7.126379e-05
6.103839e-02
7.262656e-03
3.796329e-03
8.809961e-03
5.332324e-02
4.858523e-02
2.686682e-02
9.272511e-02
2.814270e-06
2.153734e-02
3.096073e-02
1.514128e-02
1.702491e-03
4.602344e-02
3.064892e-02
2.193052e-02
7.742592e-02
2.290224e-02
3.729796e-03
1.426988e-02
5.128033e-05
1.425421e-01
7.538191e-02
6.850092e-03
1.351089e-03
8.328906e-02
3.888839e-02
4.195475e-03
1.557579e-02
2.543075e-02
8.266707e-04
1.737482e-01
1.289655e-03
9.585738e-02
7.601296e-02
1.163678e-01
1.527864e-01
1.186038e-02
2.021642e-02
8.651334e-03
1.000928e-01
4.983638e-02
2.468595e-05
2.394467e-02
1.340904e-01
1.651900e-02
5.481043e-02
1.056715e-02
1.629752e-02
6.583628e-01
1.600425e-01
6.515047e-03
1.061726e-02
1.751616e-01
2.261430e-02
7.184877e-04
5.644522e-04
1.681458e-02
3.911527e-04
2.420296e-02
1.356561e-01
3.007449e-04
2.324731e-02
7.003678e-02
3.371841e-03
1.393549e-05
3.400286e-03
1.149700e-02
1.977951e-01
4.507854e-03
1.531695e-03
5.111776e-02
3.936276e-02
1.048446e-01
8.549827e-03
2.100600e-02
7.860551e-03
2.002709e-03
2.939569e-02
4.136721e-02
1.479784e-01
1.099737e-01
4.549577e-02
2.518169e-03
9.559873e-02
8.597100e-02
2.075524e-02
7.084383e-03
9.074002e-03
5.226995e-02
3.361951e-01
4.884097e-03
4.060059e-02
9.096979e-03
2.749498e-03
3.861899e-02
3.880115e-02
1.064516e-02
3.746092e-02
1.313122e-02
7.656520e-02
3.430530e-05
1.198004e-02
1.621195e-01
1.376275e-02
2.690767e-02
9.058063e-03
4.088173e-01
6.813807e-02
8.133745e-04
2.191860e-04
3.370061e-03
7.490365e-06
3.964774e-02
1.940232e-02
4.687669e-03
5.182533e-02
3.802771e-02
3.449583e-05
2.557192e-02
1.938477e-02
9.718324e-02
1.664628e-05
1.997672e-02
2.365813e-02
1.301258e-01
4.437615e-02
1.871244e-02
1.780994e-02
8.888122e-02
2.018254e-03
1.078471e-03
5.467786e-04
2.016132e-01
7.811515e-02
5.526829e-02
1.841110e-02
2.985649e-03
1.896016e-05
1.169829e-01
5.176015e-02
4.962395e-03
2.975184e-02
5.151444e-02
5.045520e-03
4.060929e-03
5.434559e-02
7.420742e-02
2.724065e-02
5.584766e-04
1.871372e-01
8.575162e-04
1.260165e-03
1.137894e-02
1.485440e-01
1.306818e-02
2.732754e-02
5.051257e-03
4.074791e-02
3.954811e-02
1.780851e-01
1.261859e-01
1.408588e-01
1.784306e-03
1.478959e-04
1.857855e-02
1.510759e-02
2.159760e-02
4.468335e-04
7.659866e-02
1.256656e-01
2.609231e-03
7.017517e-05
1.942912e-02
4.523333e-02
2.253875e-02
7.806525e-03
1.538435e-01
4.049756e-02
1.358060e-01
1.181729e-03
5.009702e-02
3.406410e-03
3.193576e-02
1.901656e-02
4.259647e-02
3.780557e-03
1.683838e-01
3.501864e-03
3.249537e-02
1.333945e-01
1.316560e-02
4.351132e-02
5.693228e-03
9.894367e-02
7.213474e-02
2.655462e-01
4.316992e-04
7.467549e-03
9.431907e-02
2.440325e-02
4.669839e-02
1.921315e-02
1.958559e-02
1.270858e-02
1.180825e-04
2.197830e-02
3.470636e-02
1.853484e-01
3.270112e-02
2.595762e-01
1.369680e-01
1.303588e-01
9.628700e-05
8.372087e-02
6.970881e-02
1.317449e-01
2.089282e-03
1.343471e-02
7.037462e-02
4.001786e-03
7.088510e-02
2.385700e-02
4.950079e-04
2.724741e-02
8.847555e-02
8.708973e-02
8.503736e-02
1.559559e-02
1.958707e-02
1.122620e-01
2.202150e-03
3.566897e-02
4.049469e-03
6.582767e-02
1.400293e-01
3.489644e-02
3.293592e-02
8.361543e-02
1.366090e-02
9.468490e-03
6.692693e-05
2.647524e-02
2.381842e-02
8.775837e-04
7.180886e-02
6.927958e-03
6.015592e-02
7.609605e-04
1.459316e-02
1.664894e-02
1.058614e-01
7.020511e-02
2.214514e-01
9.903023e-02
1.084994e-02
1.736326e-02
2.299668e-02
1.469764e-02
9.746959e-03
3.358033e-02
1.315863e-01
4.190638e-01
1.182674e-01
1.434757e-02
2.198672e-03
1.911038e-04
6.678363e-02
3.162039e-02
8.073159e-02
7.131575e-03
1.942691e-02
1.212073e-04
7.687978e-02
8.555558e-03
7.378545e-03
1.694882e-01
4.078094e-03
3.297079e-02
3.260222e-02
8.776932e-02
1.132784e-01
4.793316e-02
2.485565e-02
5.721232e-02
1.287468e-01
2.308313e-01
7.243735e-02
3.429463e-02
4.356891e-02
3.315283e-02
9.839268e-02
1.252096e-08
9.768184e-02
2.351345e-01
9.749597e-03
6.249613e-02
3.723036e-02
2.826747e-02
8.324845e-02
1.655941e-01
2.650301e-03
3.233332e-02
6.948208e-02
3.492359e-02
8.211556e-02
8.287329e-05
1.019366e-03
1.493836e-02
5.595295e-02
1.805117e-02
4.738552e-03
4.322556e-02
2.575569e-02
2.526773e-01
2.033401e-02
1.956833e-03
1.715426e-02
9.713558e-03
1.155865e-01
5.193285e-01
1.905102e-02
8.253347e-02
2.204980e-03
2.998951e-02
4.055347e-02
8.124477e-03
1.268520e-01
1.715411e-02
3.316459e-03
3.012191e-02
8.632387e-02
2.716056e-02
3.393820e-03
1.712306e-02
2.120514e-01
5.650313e-03
2.677311e-04
5.744710e-03
3.999159e-02
4.050064e-04
5.382791e-03
9.145773e-04
3.532716e-03
2.326840e-01
4.671295e-01
2.843494e-02
1.460174e-01
5.249569e-02
1.579141e-01
9.881618e-02
8.912215e-03
5.864644e-02
5.027189e-02
1.697898e-02
4.683273e-02
1.170274e-02
5.767479e-02
6.862371e-02
9.994091e-03
1.260564e-02
9.834293e-03
3.051658e-02
1.483024e-01
7.692878e-04
1.213067e-01
3.175248e-02
1.619867e-02
9.953838e-02
4.622313e-05
3.192584e-04
8.068139e-03
6.125357e-02
8.462451e-03
8.571722e-03
4.444127e-02
1.245607e-02
6.481779e-02
1.204608e-01
2.681677e-04
1.654272e-01
1.012431e-01
2.663100e-03
4.443300e-02
2.730413e-03
9.572374e-02
3.093151e-02
3.487084e-02
8.173331e-02
3.187160e-03
1.148389e-01
4.454557e-01
4.197895e-03
2.710075e-02
6.354370e-02
8.168178e-02
9.454653e-05
2.259204e-02
2.559309e-02
4.635254e-07
6.094326e-03
5.372408e-02
1.651716e-02
2.022189e-02
5.103972e-02
1.980374e-02
1.456949e-05
2.499548e-01
1.229347e-01
9.509644e-02
1.946684e-02
3.504899e-03
1.387131e-02
1.097614e-02
6.145084e-02
1.759024e-03
8.969054e-03
5.289597e-02
3.401700e-02
3.921362e-02
8.539459e-03
6.662540e-02
2.526954e-03
5.709318e-05
2.133031e-02
4.555282e-02
2.872058e-02
5.731182e-02
3.568421e-03
6.818399e-04
1.924507e-02
9.904656e-03
1.259115e-01
1.850467e-01
8.776107e-02
1.082035e-01
6.653144e-03
4.851247e-02
1.149959e-01
5.027903e-02
2.486780e-03
6.959905e-03
2.375583e-01
1.473214e-03
9.345579e-03
7.133536e-02
1.456068e-04
1.569386e-01
6.088393e-02
7.814601e-02
5.354966e-02
1.943782e-03
1.483950e-02
3.812279e-04
2.939540e-01
3.856809e-02
1.197684e-02
3.395521e-02
1.506410e-02
1.439920e-03
2.385202e-04
1.264129e-01
1.682073e-03
1.313386e-06
2.572283e-03
5.309673e-05
3.254197e-02
1.321969e-03
8.093334e-02
8.865822e-02
5.095454e-02
5.749224e-04
2.292132e-04
1.545010e-02
5.182961e-03
4.151092e-04
3.081047e-02
4.404753e-03
1.190737e-02
1.374516e-03
4.413462e-02
3.330863e-02
8.914293e-03
1.250159e-02
3.540071e-02
7.097982e-07
1.749138e-01
2.807089e-03
5.435615e-03
8.220549e-02
1.003706e-01
1.224311e-01
1.933277e-03
1.160412e-04
1.390087e-04
9.982528e-02
3.153469e-01
8.384446e-04
2.509324e-03
1.833649e-03
2.135435e-02
1.349785e-03
3.670936e-03
1.492178e-03
9.593771e-03
3.187434e-01
1.144983e-02
9.562924e-02
4.283748e-03
4.285576e-03
1.192013e-03
1.194930e-02
7.117102e-02
4.064087e-02
9.736312e-03
6.280238e-02
3.862505e-02
2.973769e-02
2.079358e-01
3.227353e-02
4.124204e-03
3.208850e-02
9.368763e-03
2.403503e-03
6.257620e-02
1.573680e-02
1.382913e-01
7.012168e-02
1.689133e-01
9.474620e-02
1.288360e-01
3.851820e-02
1.675666e-02
3.084849e-02
6.415602e-02
2.553114e-04
2.344459e-04
4.400491e-02
1.662279e-02
2.004991e-03
1.669487e-03
6.404293e-02
5.807008e-04
4.478294e-01
2.109079e-04
2.654253e-02
3.302404e-04
1.853774e-03
3.049084e-02
2.673968e-03
1.892384e-02
1.233188e-01
3.984824e-01
3.417606e-02
5.841399e-05
6.856404e-03
2.032424e-02
3.147676e-02
2.348176e-03
1.774840e-04
1.284657e-02
7.688280e-02
5.096871e-03
7.519619e-03
3.655016e-02
5.705974e-03
1.055343e-08
2.320753e-01
2.785407e-02
4.308609e-02
4.149998e-02
7.843111e-02
2.420237e-02
3.475905e-02
8.844595e-03
3.827152e-02
4.060617e-05
4.624700e-02
1.239380e-01
2.712544e-04
8.647480e-03
3.845615e-03
9.945738e-03
