6.265575e-04
3.514173e-04
1.591162e-01
1.323111e-02
6.477313e-03
1.315344e-02
2.182470e-04
5.807397e-03
2.645878e-02
1.157936e-01
7.698630e-03
6.456396e-02
2.915116e-03
4.844103e-03
1.046754e-02
2.370756e-01
2.262966e-02
9.793184e-03
2.081372e-02
4.711666e-02
1.402845e-03
7.797548e-02
8.707808e-02
7.552115e-02
1.735790e-03
1.577964e-01
1.040242e-02
2.323453e-02
3.703556e-02
1.744243e-02
3.369679e-03
1.883829e-01
1.552942e-02
1.213164e-05
1.898823e-02
2.151992e-01
4.563523e-02
2.671177e-02
6.489516e-03
1.668971e-02
3.988611e-04
4.706000e-02
4.878453e-02
8.761660e-02
1.611803e-03
8.864986e-03
8.798097e-03
1.290549e-02
2.645919e-01
6.150716e-02
3.628348e-01
7.704085e-03
1.216187e-01
3.864407e-02
5.524637e-02
5.999322e-02
1.099639e-01
5.798154e-02
4.490127e-02
1.104252e-01
3.547324e-02
2.222877e-03
8.669466e-05
2.155641e-02
6.863393e-02
3.297686e-02
6.232142e-02
1.066424e-01
1.960796e-02
1.480695e-02
7.843639e-04
4.937156e-04
3.471911e-02
1.326103e-02
1.050146e-02
5.005965e-02
3.951938e-02
4.273907e-04
4.738204e-02
3.323018e-03
1.105316e-02
1.206404e-02
2.466576e-02
1.029578e-01
2.048312e-02
4.131475e-01
5.347070e-02
6.267756e-02
1.308637e-02
7.869594e-02
2.906144e-02
4.659652e-02
1.170376e-02
5.445065e-02
1.881189e-02
5.102431e-02
8.791197e-02
6.892255e-02
3.778666e-03
2.588372e-03
5.764543e-03
8.453475e-05
5.098745e-03
1.586201e-03
6.352339e-03
6.224260e-03
1.953068e-01
1.862380e-01
3.005720e-04
1.778335e-01
3.411224e-03
6.853888e-02
1.126389e-02
4.167181e-02
4.185013e-03
1.423474e-01
1.114935e-02
3.332719e-03
3.686629e-02
7.141278e-02
2.737299e-01
1.289736e-03
1.005230e-01
1.967382e-03
8.842626e-05
8.320313e-02
3.003114e-03
4.098151e-03
8.111664e-03
9.922738e-03
7.710987e-02
7.922182e-02
4.806652e-02
6.794955e-02
5.075677e-03
7.203954e-03
2.208491e-01
9.460908e-02
1.714880e-02
8.619255e-03
2.749556e-01
3.650582e-02
7.016939e-03
8.845607e-02
2.237055e-02
1.886506e-03
1.332587e-03
6.810985e-02
2.610842e-02
2.092081e-02
9.616543e-03
1.263302e-02
6.970853e-02
1.446343e-01
4.311683e-04
4.671973e-02
1.232389e-01
5.642088e-03
1.350497e-02
2.675616e-02
6.006359e-02
6.595602e-03
4.210076e-02
4.496996e-02
2.241085e-02
1.318238e-01
4.060197e-02
9.121063e-03
2.341530e-02
6.097016e-03
1.021293e-02
4.185900e-04
9.085142e-03
1.401901e-01
6.799527e-02
1.449196e-03
9.505792e-04
4.961723e-03
3.885011e-02
1.035271e-04
6.304111e-03
4.887863e-04
7.373211e-02
7.754710e-02
1.780576e-02
1.398258e-01
1.390520e-01
5.677904e-03
2.542645e-05
3.430944e-03
4.460948e-03
6.355145e-02
1.737022e-01
1.345866e-03
1.148408e-01
1.106935e-01
7.150713e-02
4.591489e-02
2.256148e-04
4.446852e-04
7.032461e-02
7.166253e-04
9.196452e-02
9.889088e-03
4.652742e-02
2.492399e-03
2.762325e-02
6.638927e-03
2.607253e-02
2.792944e-02
4.758271e-02
6.274519e-04
3.530142e-02
1.638213e-01
1.772459e-02
4.981609e-04
1.013353e-03
5.480652e-02
2.293197e-02
4.277894e-02
6.172491e-02
1.535768e-02
2.957966e-03
1.011491e-01
2.924469e-02
4.640396e-02
6.802541e-04
2.552010e-03
1.725819e-04
2.084569e-02
1.578757e-01
4.700374e-02
8.828325e-02
2.102470e-02
2.024196e-01
9.847835e-03
5.249698e-04
3.710492e-03
1.569518e-04
2.100102e-01
7.686294e-03
2.410707e-04
1.295046e-03
3.203986e-02
4.794978e-02
2.509271e-01
3.336548e-02
2.154928e-02
4.521645e-04
2.335859e-02
5.139015e-02
9.190442e-02
1.218546e-02
2.142710e-02
1.429857e-02
1.403170e-01
4.947116e-02
4.311997e-02
1.305229e-01
5.541123e-03
4.007304e-02
2.239688e-02
1.350336e-01
1.163706e-01
5.345511e-02
4.179179e-03
4.491191e-02
1.046205e-01
2.337229e-02
3.354212e-02
1.068053e-02
3.247897e-02
2.038281e-01
2.335543e-01
1.305015e-01
5.185084e-03
1.082334e-02
1.430792e-03
1.115068e-01
2.642614e-03
1.547851e-01
3.539192e-02
5.474354e-02
2.886477e-01
2.831043e-02
3.488521e-02
5.310781e-04
3.282429e-02
2.755260e-05
4.377744e-02
2.908669e-02
4.451001e-02
9.146500e-02
3.377410e-02
2.942321e-01
2.812462e-03
6.782906e-03
1.473537e-01
2.766284e-02
1.055864e-04
4.447464e-03
1.519523e-03
3.863731e-02
1.305500e-03
1.827538e-01
1.957742e-01
1.046543e-01
3.467563e-03
4.237912e-02
6.337597e-02
1.062504e-03
4.210463e-02
2.764616e-01
4.852840e-06
7.627164e-03
6.571347e-02
3.708262e-02
4.934445e-02
2.036128e-01
7.384629e-03
3.216890e-01
2.011328e-03
1.366268e-01
1.250378e-05
6.477063e-02
1.744897e-04
1.835494e-02
2.135933e-04
5.548524e-02
2.265640e-03
8.761086e-05
7.132274e-02
3.838054e-03
7.576741e-03
2.444333e-03
1.375398e-03
8.603560e-03
3.671158e-05
1.132018e-02
6.456356e-05
1.178155e-01
4.811067e-02
5.044117e-04
7.072723e-06
2.810607e-03
1.937178e-05
1.034073e-02
4.472281e-02
3.328739e-02
7.536890e-04
5.160613e-03
1.541209e-01
1.704797e-02
1.241658e-01
3.758528e-02
4.600154e-03
6.068595e-02
1.302888e-03
1.373007e-02
1.149398e-02
5.260641e-02
3.167156e-02
2.349909e-04
1.056268e-02
1.161815e-01
7.953891e-03
4.429781e-02
1.177492e-01
2.568866e-03
2.458520e-03
1.577767e-02
1.001426e-03
4.204896e-02
1.492586e-02
2.259255e-01
4.851083e-03
1.357604e-03
4.117809e-01
1.842538e-01
9.710102e-03
3.837107e-03
1.102429e-01
4.580437e-02
3.310942e-02
1.396814e-02
2.218272e-03
2.182214e-03
2.858856e-03
7.486992e-03
9.276333e-03
3.478432e-03
3.713258e-02
2.294761e-01
5.617173e-03
4.731991e-02
4.899335e-03
1.334722e-01
3.204680e-03
3.207762e-02
9.675676e-03
7.475653e-02
2.036818e-03
1.108804e-01
8.736729e-05
6.637619e-02
4.929368e-02
5.434246e-02
2.930205e-02
2.884524e-02
4.409071e-03
3.559891e-02
2.807823e-02
4.057938e-03
2.096645e-01
9.896354e-03
5.262404e-02
7.049929e-02
1.136111e-01
2.815576e-02
5.071784e-03
8.528174e-03
9.997766e-03
6.484766e-02
2.645608e-04
1.398822e-01
2.083853e-01
8.207731e-02
3.188400e-02
2.249439e-03
6.754921e-03
1.474108e-06
2.722778e-02
5.119794e-02
5.927561e-03
2.692286e-03
9.915837e-03
5.408186e-02
1.053421e-02
8.576173e-02
7.791002e-02
4.221616e-06
1.033693e-02
3.810592e-03
2.882024e-01
4.278549e-03
1.135384e-02
5.104555e-02
3.833605e-03
3.555652e-02
2.908238e-04
2.502406e-02
4.813186e-02
1.489945e-02
4.147562e-02
3.858889e-05
1.251121e-03
1.060957e-01
8.634274e-03
1.090152e-02
4.207661e-02
1.390892e-02
1.874419e-01
5.438595e-02
6.819395e-02
2.857754e-02
1.557622e-02
1.455850e-03
1.428879e-02
2.866047e-02
1.006850e-01
1.048605e-01
3.931980e-02
2.325382e-03
7.531239e-02
9.793858e-02
2.866545e-03
6.830852e-03
1.503996e-03
1.299162e-03
2.504993e-02
2.850105e-04
1.149526e-01
7.691886e-04
3.249687e-02
9.401670e-03
4.440898e-03
3.373155e-03
3.349198e-02
8.184766e-03
2.441607e-02
2.989897e-02
1.049804e-02
6.291171e-02
1.845095e-01
4.855898e-03
7.350395e-02
3.150536e-02
3.365249e-02
5.608489e-02
2.647817e-02
7.137076e-03
1.129061e-01
7.597661e-02
5.851201e-03
1.053231e-02
5.860298e-02
1.468826e-02
8.126352e-01
9.532174e-04
1.357038e-03
4.121858e-03
2.064647e-02
2.546361e-01
1.106336e-01
4.742533e-03
1.352135e-03
4.846858e-02
4.449314e-02
2.304839e-02
7.555355e-02
5.295488e-02
7.656604e-02
1.323619e-02
1.375630e-03
9.505872e-03
1.043090e-03
3.796972e-02
2.477751e-03
4.034370e-03
1.558908e-02
2.347131e-04
4.067901e-01
5.092075e-02
6.605111e-02
1.374158e-02
7.746065e-04
3.473320e-03
4.028036e-02
4.740321e-02
1.640235e-02
4.560748e-02
1.874649e-01
2.133255e-03
1.900111e-02
2.894514e-02
2.064444e-04
1.096885e-01
2.404217e-02
1.051973e-02
7.075568e-02
4.419080e-02
2.060555e-04
5.764280e-02
3.504501e-02
6.363779e-03
3.476504e-02
1.812885e-03
2.489313e-02
3.989198e-02
1.165682e-02
1.447484e-01
1.030447e-03
2.372055e-02
1.471189e-01
9.028905e-02
9.179144e-02
6.401242e-03
4.214251e-06
8.072921e-02
7.063039e-03
3.285838e-03
6.946773e-03
5.670315e-03
9.308433e-03
2.616908e-01
1.482065e-01
3.465802e-03
1.518601e-02
8.579170e-02
4.630452e-02
1.858222e-01
2.263923e-01
2.689996e-01
9.021403e-04
5.196298e-03
1.329885e-04
2.261071e-01
2.113698e-01
3.676528e-03
2.073100e-01
5.316560e-03
2.087011e-04
8.767138e-05
9.972624e-03
