1.263931e-02
3.906488e-06
8.125699e-02
3.036655e-02
3.654182e-03
2.793324e-02
1.984046e-07
1.398855e-02
4.936260e-03
2.835060e-02
6.043764e-02
2.045070e-03
4.813529e-02
2.835150e-02
8.746603e-02
3.024638e-02
1.744480e-02
8.625505e-02
2.382855e-01
3.582812e-01
1.629186e-01
4.195447e-02
2.450206e-01
4.434409e-02
7.548053e-02
9.420023e-02
2.264551e-04
4.911702e-03
5.672697e-02
2.124052e-02
5.142879e-03
1.730797e-01
4.208765e-02
1.532641e-02
2.204889e-03
4.490028e-03
3.306994e-04
1.496192e-02
1.177435e-02
2.032459e-02
8.889460e-02
1.445922e-02
6.010760e-02
2.825582e-02
4.980497e-03
3.415995e-03
7.726877e-02
4.611590e-02
1.625858e-02
1.853286e-01
1.391195e-04
3.129302e-02
1.064865e-03
4.856945e-03
4.167513e-02
2.515307e-03
4.036011e-02
2.404665e-03
7.521405e-02
2.923685e-02
2.313209e-02
1.983987e-02
1.094008e-01
3.307794e-02
9.341628e-02
9.556065e-04
1.518528e-02
1.346797e-01
2.205631e-03
2.509765e-02
9.381552e-02
1.142363e-01
2.299521e-03
9.015956e-02
1.490373e-01
1.648070e-01
1.585650e-02
2.400233e-02
2.932447e-01
1.199985e-03
2.155593e-05
9.940349e-02
9.832077e-02
2.089533e-02
5.258987e-03
4.139090e-04
1.192637e-01
9.731348e-03
3.371141e-03
7.632366e-05
2.630932e-01
3.111571e-02
1.000933e-01
1.082104e-02
1.560839e-04
1.292066e-04
2.560340e-03
2.893969e-02
2.804611e-02
7.246859e-03
1.075726e-01
4.681011e-02
1.514843e-01
2.577678e-02
1.479797e-01
5.199537e-02
1.071396e-02
2.297101e-02
1.051104e-01
7.725681e-04
4.465874e-02
8.517064e-02
6.888536e-02
9.104617e-03
4.757969e-02
9.043359e-02
9.949793e-02
3.810378e-05
1.560907e-04
2.419666e-03
1.626634e-02
2.317993e-03
1.084050e-01
6.067871e-02
3.775911e-02
1.260753e-01
2.620832e-01
1.731010e-03
1.029949e-02
2.591235e-02
2.813505e-03
2.995076e-02
3.053767e-02
6.594972e-02
1.319929e-02
7.813948e-02
7.840966e-01
8.047040e-03
1.670097e-02
3.793785e-01
1.329616e-03
1.813336e-01
6.699148e-03
4.498288e-04
5.300182e-02
2.293121e-02
1.167798e-02
6.258722e-03
1.991491e-01
3.262523e-02
2.998536e-03
7.966479e-02
1.814767e-02
4.290941e-03
3.542578e-02
7.660341e-02
4.372415e-05
8.250813e-03
2.068042e-03
4.801312e-03
1.841157e-01
3.674621e-02
2.735130e-03
3.946699e-02
2.129324e-03
1.497126e-01
1.243955e-02
4.352631e-04
2.122032e-02
1.328075e-01
1.372066e-01
1.670227e-01
2.058024e-02
7.466045e-03
2.977427e-02
3.971635e-03
1.082974e-02
4.039686e-03
8.637288e-04
6.284393e-03
4.311746e-02
1.156296e-01
7.469317e-02
4.260524e-02
6.103868e-02
1.623648e-07
2.756228e-04
1.764369e-02
6.837525e-02
7.570778e-03
1.468889e-02
1.231735e-02
1.678101e-03
2.100664e-01
8.469100e-02
1.069222e-01
7.539976e-02
5.717482e-02
1.589680e-01
2.683708e-02
4.352628e-02
1.428397e-02
9.330980e-03
2.063664e-04
1.185577e-01
6.322164e-03
2.983480e-02
8.148203e-03
2.937806e-01
3.759436e-05
1.974706e-01
1.791389e-03
1.761743e-02
3.336330e-02
2.859355e-02
1.076024e-01
1.969333e-02
2.427374e-02
3.901658e-01
1.294909e-02
5.287586e-03
7.354724e-03
7.430339e-02
5.952710e-04
8.389567e-03
1.773616e-02
1.375599e-02
4.355998e-05
4.433549e-03
2.570191e-02
2.902283e-04
5.022218e-04
1.224958e-01
4.965756e-02
1.671723e-01
7.874598e-03
6.285395e-06
7.043668e-05
2.396332e-02
2.646284e-02
6.194063e-02
7.927201e-02
6.816630e-03
7.641859e-04
1.215196e-02
1.454960e-03
3.018810e-01
1.374336e-03
2.675202e-03
1.119013e-02
2.467437e-02
1.002240e-02
2.864381e-02
3.991557e-02
3.270171e-02
5.296060e-03
4.511852e-02
2.357823e-03
1.558509e-02
1.061670e-02
2.239597e-04
6.012834e-02
2.474004e-02
4.949273e-03
2.879537e-03
2.794623e-02
5.711287e-01
9.526888e-03
9.927445e-02
1.585331e-03
9.276931e-03
8.042728e-02
1.985160e-02
2.051816e-02
1.145401e-02
3.691776e-05
1.416363e-03
4.697276e-04
7.644795e-03
4.222976e-02
4.408492e-02
1.512403e-01
3.939976e-02
1.139079e-01
6.592838e-02
1.473451e-01
4.646615e-02
1.802756e-01
8.640607e-02
5.969457e-02
1.118398e-02
5.979539e-02
8.334970e-02
1.161204e-01
3.063021e-02
8.364315e-02
4.216504e-02
6.597849e-03
1.612136e-01
6.609384e-03
1.115236e-02
4.751345e-02
1.199983e-02
8.148999e-02
7.451136e-04
1.431815e-02
1.008152e-01
6.779928e-02
3.312367e-03
1.525617e-01
1.528141e-02
1.948488e-01
3.436196e-05
1.920524e-02
1.675162e-01
4.514111e-02
2.623826e-02
1.342799e-02
9.536389e-02
2.063988e-02
1.626382e-04
7.380264e-02
2.874921e-02
5.368053e-04
2.147590e-01
5.346228e-03
3.502009e-03
3.172407e-02
3.366104e-04
7.833527e-02
2.420810e-02
1.194257e-02
2.271345e-02
2.179169e-02
8.476084e-02
1.698233e-03
7.817496e-03
5.993820e-03
2.620330e-05
3.649301e-01
5.562046e-02
8.735392e-04
3.519185e-02
2.160147e-03
2.106477e-03
1.257636e-03
3.934565e-03
1.046547e-01
1.060656e-03
4.483810e-03
9.773870e-04
2.294345e-02
1.268204e-01
2.412239e-01
2.374797e-02
4.832821e-02
3.373915e-01
3.470023e-03
7.049194e-02
4.358195e-04
7.862104e-02
4.291349e-02
5.824614e-02
1.237972e-02
1.544882e-02
4.117159e-02
4.769810e-01
1.017851e-03
6.723831e-02
4.470150e-02
2.456031e-01
3.168593e-03
9.056992e-04
2.719558e-01
1.409259e-02
4.380173e-01
5.923221e-02
3.026714e-02
7.997805e-03
2.616351e-02
2.304548e-01
1.915152e-01
3.576758e-03
1.009928e-01
1.012198e-01
1.051454e-04
4.899348e-02
9.003150e-03
7.717583e-03
1.724756e-02
1.890563e-02
3.356031e-02
1.784906e-03
6.163681e-03
7.287370e-04
2.356742e-01
7.777208e-05
2.232123e-01
1.280609e-04
9.505925e-02
1.001140e-04
1.474404e-03
2.506896e-03
5.594929e-03
1.324420e-02
2.981895e-02
2.356591e-01
3.755362e-02
1.073045e-01
6.427066e-03
7.192235e-03
3.303213e-03
3.577383e-03
2.885330e-02
1.208089e-01
2.563530e-02
2.741757e-03
1.441911e-01
5.343939e-02
3.925934e-03
6.737609e-02
1.313122e-01
4.710973e-02
1.613667e-03
4.259059e-02
3.792350e-02
2.204443e-04
1.183591e-01
1.212898e-01
2.636008e-02
8.889218e-03
2.194351e-04
3.508175e-02
1.843107e-01
4.314782e-02
3.366778e-02
6.924298e-04
4.623811e-03
1.676488e-02
6.175703e-03
5.368203e-03
3.380272e-02
4.552176e-02
1.292243e-03
4.284949e-02
2.724325e-01
6.498184e-04
2.626130e-02
1.173988e-01
4.103289e-04
8.578368e-02
9.557527e-03
4.632441e-02
2.877182e-02
1.431223e-02
2.184043e-02
4.779420e-02
1.019981e-01
5.443564e-03
1.701657e-03
1.311585e-01
9.669816e-03
9.812032e-04
2.950366e-02
1.079439e-02
1.429366e-01
3.224067e-03
3.270541e-02
1.401915e-04
1.146399e-01
4.185713e-03
6.426328e-03
5.119936e-03
1.496294e-04
6.192344e-03
3.265991e-02
2.095948e-02
1.450831e-03
2.068364e-01
5.544998e-03
1.149541e-02
4.678895e-02
1.006554e-02
2.535730e-02
1.871921e-01
2.466432e-01
1.399598e-02
2.293653e-03
8.425137e-02
8.702468e-03
7.364618e-03
7.333228e-02
5.228104e-05
5.715262e-04
1.028111e-02
4.732763e-02
2.743114e-02
3.929170e-04
2.165301e-01
2.366904e-03
1.259438e-04
7.949032e-03
2.557894e-02
6.630564e-04
2.119018e-02
3.678781e-04
6.414531e-02
5.341577e-01
1.609615e-03
1.847556e-02
2.444741e-02
2.321499e-02
8.503903e-03
9.455507e-02
7.624434e-02
4.080195e-03
2.542363e-02
3.661586e-03
8.582165e-02
1.404591e-02
1.404252e-01
5.978787e-02
6.253552e-02
5.631816e-02
4.345637e-03
1.249441e-01
7.387702e-02
1.317097e-02
7.827281e-02
9.381792e-02
6.753563e-03
4.908314e-02
9.341356e-03
1.061676e-01
1.264510e-01
1.237770e-01
2.284175e-02
3.591248e-04
2.303755e-04
4.467168e-01
1.781782e-02
1.100528e-04
6.633949e-05
2.992553e-03
1.457594e-01
5.745351e-02
8.388283e-02
1.523881e-01
1.531427e-02
9.934602e-02
1.017428e-03
5.600715e-02
1.117979e-01
8.061472e-02
1.194606e-02
5.158620e-03
9.503476e-03
7.089464e-02
8.183890e-02
1.347574e-01
7.759611e-02
9.422283e-03
1.228110e-02
1.026409e-01
3.635406e-02
1.246410e-01
1.161714e-02
6.001749e-02
2.255424e-02
4.081883e-02
7.228045e-02
7.256358e-03
3.836949e-01
1.269460e-02
1.048067e-01
2.006584e-03
2.736577e-05
4.945304e-02
8.049991e-03
9.464024e-03
1.501959e-01
1.156647e-01
1.047591e-02
1.410974e-02
1.439400e-01
4.572462e-04
2.567259e-01
1.748846e-01
3.336535e-04
1.736112e-02
2.312151e-03
3.031161e-02
4.172819e-04
8.575094e-03
