2.498347e-02
4.830595e-02
7.736282e-02
2.275116e-02
1.965062e-02
2.738355e-02
5.277671e-03
1.894707e-02
4.832901e-02
1.401714e-01
5.735237e-03
1.382646e-01
9.075319e-02
4.719575e-02
1.324815e-07
1.988149e-01
6.213175e-04
1.672580e-03
4.646127e-03
5.942803e-02
7.873292e-03
5.134315e-02
6.355118e-03
3.427722e-01
6.862012e-02
6.405985e-02
1.288775e-02
1.254897e-03
3.367664e-04
3.193413e-01
6.843812e-03
3.542690e-03
1.352063e-01
3.163080e-02
4.091161e-02
3.359273e-02
1.275294e-01
2.648024e-02
2.273522e-03
2.753593e-01
6.712291e-03
1.211071e-02
1.394758e-01
1.011670e-02
5.561059e-03
2.709232e-03
5.618982e-03
1.909031e-04
9.301628e-03
1.798016e-05
3.511225e-02
5.878536e-02
3.426886e-02
2.321559e-02
1.508377e-02
3.834114e-02
4.694192e-02
1.177210e-01
4.995407e-03
1.886747e-02
9.329506e-02
2.544048e-02
7.236240e-02
1.197556e-02
1.411382e-03
1.368820e-02
5.228822e-03
1.915373e-02
4.568396e-02
5.223814e-02
6.214330e-03
3.045224e-02
4.391996e-03
4.209744e-03
4.338780e-02
1.805466e-02
2.826362e-01
5.774274e-03
2.100736e-02
1.347842e-01
2.457142e-02
9.682579e-02
6.964353e-03
1.764128e-01
1.914198e-01
1.644808e-02
3.614793e-03
2.426155e-02
3.218286e-02
3.155621e-02
8.134308e-02
1.588464e-03
5.426351e-02
3.232833e-02
4.800754e-03
3.018647e-02
4.104411e-02
1.389091e-01
1.197983e-01
9.192077e-03
2.396393e-02
6.323199e-03
2.590186e-03
1.255370e-02
1.530320e-02
1.262382e-01
5.071521e-02
5.237071e-02
1.639463e-02
1.400812e-03
1.855164e-02
3.373565e-01
5.665497e-02
8.323764e-02
1.199295e-01
3.266382e-03
2.942371e-02
2.581494e-03
1.460883e-02
9.410364e-02
8.695895e-04
1.642862e-02
3.780295e-01
1.951133e-02
6.795621e-03
1.746172e-07
3.210565e-02
1.969141e-02
8.387379e-02
1.175829e-03
2.041961e-02
4.429094e-02
6.806941e-03
1.923705e-01
2.504421e-01
1.897557e-01
1.209421e-03
2.361693e-02
1.018648e-01
3.240519e-01
3.471348e-01
5.320977e-02
6.578974e-04
3.108977e-03
4.938903e-03
7.753602e-02
8.946202e-03
1.407595e-02
2.590092e-01
2.006157e-04
5.356831e-02
2.713265e-03
3.353882e-02
2.927672e-02
8.357112e-02
1.000953e-02
3.382315e-03
1.927788e-03
1.559662e-01
2.214971e-03
6.459922e-06
1.283481e-04
2.039638e-02
8.706556e-04
9.815550e-03
6.745876e-03
6.921419e-02
2.929213e-03
2.160644e-01
1.288958e-04
6.852440e-03
3.727313e-02
1.586311e-02
2.483710e-02
4.369939e-03
1.152507e-01
9.323456e-03
1.600025e-01
3.748113e-03
2.580890e-01
2.846888e-03
8.767424e-03
1.411100e-03
1.667018e-03
5.853719e-03
1.337728e-01
6.486350e-02
1.566917e-01
1.189592e-01
6.494890e-02
8.523110e-03
2.864983e-03
1.707839e-01
1.096721e-01
2.463134e-04
2.424636e-02
5.999155e-02
7.177703e-03
9.572237e-02
1.259301e-01
3.782257e-02
1.794676e-01
9.367032e-03
2.786871e-03
1.989573e-03
7.624233e-02
4.186574e-02
4.008866e-03
3.570644e-02
3.899142e-02
7.155926e-03
8.479441e-04
7.360797e-02
2.882035e-03
4.689726e-03
6.983840e-03
7.773818e-03
2.504685e-02
4.783122e-03
2.486441e-02
1.515758e-03
2.767319e-01
3.472160e-03
6.256846e-02
1.204604e-02
9.651791e-02
2.084123e-01
3.023096e-02
2.661050e-02
2.099838e-03
9.344833e-02
1.830265e-03
8.290377e-02
2.964306e-02
1.642592e-03
5.099610e-02
4.473090e-02
1.721022e-02
1.416523e-01
2.362562e-02
2.190611e-02
2.671660e-02
3.574967e-01
4.433211e-02
1.021658e-01
3.095507e-02
7.529727e-02
9.098765e-03
1.879915e-02
6.328437e-03
1.695606e-02
1.735383e-01
2.299000e-02
4.556644e-05
4.827495e-02
2.899759e-03
8.310017e-02
2.370746e-02
7.825877e-03
9.060223e-03
5.783247e-02
2.106342e-04
2.453469e-04
1.764479e-01
1.015638e-01
4.099271e-02
3.517289e-02
5.064127e-05
2.359493e-01
1.317577e-04
1.425446e-01
8.263138e-06
3.280037e-02
2.312255e-02
3.898304e-02
2.427835e-02
2.758770e-03
7.656250e-02
6.045072e-04
2.368146e-02
6.942422e-02
2.217148e-01
1.037148e-01
8.887777e-05
2.988559e-02
2.200079e-02
2.054035e-01
6.893074e-02
3.675780e-03
1.809355e-03
9.161598e-02
4.289561e-02
1.466418e-02
1.451912e-01
1.325896e-04
8.764806e-04
1.374443e-02
5.069295e-02
1.994128e-02
5.493030e-02
2.385745e-04
5.209685e-02
1.018343e-02
2.515811e-03
5.117969e-02
1.397631e-01
3.442483e-02
4.128192e-02
4.323928e-02
4.877442e-02
3.922749e-03
1.796883e-02
3.423875e-03
7.854847e-04
4.385026e-04
9.995397e-03
1.357648e-01
5.671053e-02
4.938452e-06
1.580026e-01
1.299659e-01
8.657236e-03
3.365730e-02
4.270678e-02
1.055554e-02
1.889447e-02
3.702439e-04
8.511172e-03
3.524218e-02
1.039215e-02
2.855276e-02
2.184864e-02
9.811997e-03
1.681435e-03
1.535050e-02
1.465374e-02
9.246647e-02
2.077309e-04
2.052404e-02
1.989740e-02
9.626275e-03
1.559761e-02
3.435861e-03
2.603807e-02
3.772598e-02
1.129559e-01
2.046158e-03
4.175373e-02
1.316717e-02
3.668788e-02
9.360763e-02
7.877011e-02
9.986608e-02
7.152776e-03
2.211688e-02
2.161366e-03
1.378643e-01
2.761971e-02
6.251016e-02
7.357386e-03
2.210249e-01
3.944135e-03
1.042466e-02
5.708233e-02
7.078865e-02
2.174413e-02
5.432092e-02
3.761424e-02
1.591730e-01
2.709717e-03
1.770313e-03
5.063634e-02
8.562374e-03
4.381634e-03
9.666265e-02
4.687333e-03
8.352082e-02
4.463955e-03
2.338326e-01
1.784903e-02
5.160216e-04
3.589062e-02
3.507200e-04
1.567984e-02
1.172503e-01
8.246484e-04
1.981543e-02
3.813592e-03
4.937265e-03
3.211756e-01
1.797095e-01
4.886372e-03
1.267416e-01
1.764270e-05
2.937471e-02
2.625452e-01
6.040500e-02
1.355308e-03
2.742739e-03
3.636208e-03
1.097506e-01
1.107923e-04
3.175878e-03
1.896608e-02
5.871473e-03
2.477828e-03
1.551700e-01
6.491181e-02
1.274179e-01
5.467488e-02
1.754697e-01
3.656347e-02
1.553274e-01
9.942436e-03
5.349512e-02
4.179436e-02
2.209142e-01
3.963471e-02
3.030784e-02
1.745042e-02
1.108017e-03
1.687227e-02
6.847315e-02
9.627641e-04
6.568531e-03
2.647932e-06
9.438622e-02
9.233383e-05
4.139018e-02
1.867915e-01
1.831189e-01
1.815865e-01
1.232172e-02
1.382162e-01
4.542892e-03
4.370785e-02
7.284807e-04
3.096268e-02
1.437713e-01
2.479152e-03
9.715290e-02
2.125050e-02
3.234471e-02
2.775901e-02
4.798724e-02
2.311924e-02
2.662117e-05
5.459621e-03
1.614453e-03
1.886725e-03
6.492964e-03
3.405218e-02
1.843124e-01
5.221292e-03
5.454140e-02
1.579667e-02
1.062452e-01
7.214160e-02
1.104876e-02
6.360039e-02
2.925099e-02
7.573683e-06
4.818564e-03
1.537873e-01
4.169612e-02
3.439215e-02
3.874705e-02
2.387197e-02
2.945194e-01
3.370985e-02
1.421939e-01
1.832055e-01
6.622933e-03
5.559740e-03
7.665141e-02
1.546470e-01
4.877732e-02
3.235984e-02
4.027408e-04
8.282546e-02
3.880165e-03
5.643322e-02
2.451899e-02
2.966788e-02
1.717855e-01
5.775254e-02
7.729475e-02
1.844371e-03
5.733326e-03
6.632150e-04
6.563367e-04
3.118617e-02
1.092417e-02
2.214804e-05
6.495616e-03
5.906769e-02
2.050104e-02
4.240245e-02
1.984539e-02
2.398872e-01
1.600846e-02
1.031688e-01
2.949685e-02
8.242549e-04
5.225153e-02
2.611675e-03
6.648694e-03
2.221095e-01
3.133162e-02
2.335023e-02
1.830144e-01
1.171444e-01
4.428744e-02
3.109834e-02
2.610458e-05
4.190865e-02
1.488750e-02
1.251533e-02
5.478368e-02
3.177893e-03
1.958997e-01
8.608243e-03
3.891676e-02
4.649656e-02
6.811069e-02
9.744824e-02
5.663772e-03
1.286247e-03
1.433021e-02
1.594593e-04
1.161353e-01
5.786461e-03
9.702340e-02
1.275418e-02
2.472362e-02
1.084098e-01
4.061679e-02
7.835858e-03
1.480118e-03
3.030138e-01
1.582202e-01
3.673217e-02
3.358627e-03
1.899554e-03
2.794872e-03
2.222275e-02
8.329476e-03
3.822938e-03
7.811838e-04
1.998947e-02
1.618298e-03
3.030365e-01
2.134158e-02
3.602020e-05
8.421290e-02
2.078654e-01
7.260615e-02
1.289070e-02
7.305284e-03
5.334009e-02
1.674538e-03
1.087107e-01
2.738646e-02
3.089780e-03
9.970419e-02
1.919630e-01
5.401226e-02
3.504194e-01
1.229241e-01
3.126917e-02
9.105034e-02
3.395748e-03
4.524458e-03
8.419059e-02
2.238901e-04
1.813872e-03
7.235433e-02
4.164752e-04
1.312834e-02
9.608417e-03
5.990337e-03
9.640546e-02
2.466520e-03
1.583125e-01
6.534007e-02
6.751348e-02
9.540524e-02
6.260633e-02
3.429831e-02
1.998077e-02
4.385808e-02
5.192125e-02
3.119071e-04
3.261586e-01
