5.488012e-02
3.194161e-02
4.264645e-02
3.319025e-02
2.828482e-02
2.318796e-03
1.112859e-02
3.725783e-02
2.162423e-02
1.139189e-04
1.811110e-02
4.825643e-03
1.896766e-03
1.467175e-02
6.329679e-02
5.467460e-02
5.525964e-02
9.766390e-03
1.337075e-03
2.401584e-03
3.061499e-02
1.239892e-01
1.093629e-01
5.516520e-03
5.367125e-02
4.808310e-02
2.485126e-03
3.785118e-03
7.923187e-02
7.366747e-02
2.514057e-04
7.678750e-02
1.520597e-02
1.029252e-03
3.506024e-02
1.289637e-02
2.531419e-02
8.565310e-04
3.512692e-04
4.609179e-02
1.725028e-01
2.764799e-02
4.426273e-03
3.195596e-01
1.123657e-01
4.676725e-02
7.344397e-02
1.214469e-01
3.031183e-01
7.368776e-02
1.139675e-01
2.294416e-01
8.150649e-02
4.289490e-03
8.042342e-02
1.589043e-02
9.598923e-06
2.517874e-02
1.437791e-02
7.728047e-02
7.494439e-04
1.043171e-03
2.326626e-03
9.737831e-03
5.063621e-02
8.301083e-02
5.478264e-02
1.035541e-02
2.521633e-04
1.225120e-02
2.067992e-02
1.339865e-02
1.515167e-02
1.539917e-03
1.041667e-02
1.689436e-02
4.458520e-02
4.306335e-02
7.828199e-02
5.352388e-02
2.652780e-01
1.163466e-01
8.130891e-04
7.710652e-03
1.174140e-02
1.049135e-01
4.127795e-02
1.784896e-01
1.421719e-02
2.885115e-01
3.157386e-05
6.280187e-02
1.309451e-02
1.177550e-01
1.296818e-02
6.248951e-02
9.574464e-03
6.921141e-02
2.491753e-01
3.273779e-01
5.147932e-02
1.289425e-02
2.239123e-02
2.940534e-03
1.236182e-01
1.407566e-01
1.235835e-02
1.770019e-02
2.926597e-04
3.193519e-02
9.313707e-02
2.803180e-02
3.464155e-02
2.901625e-03
7.901322e-05
7.131744e-02
6.905369e-04
6.526785e-02
1.573374e-03
4.275444e-02
1.324266e-02
4.373988e-03
2.090668e-04
7.862912e-03
4.160236e-04
2.064053e-03
1.020527e-02
1.748163e-04
1.991928e-06
4.201207e-02
4.241076e-02
9.882299e-02
1.369429e-02
1.544342e-01
1.652123e-04
4.399657e-01
5.720665e-01
2.993799e-02
2.304071e-02
7.025529e-02
2.397287e-04
5.267318e-02
4.923825e-03
9.802460e-03
5.950516e-02
1.203138e-02
1.372047e-02
3.851152e-02
3.369634e-02
5.763523e-02
1.416124e-02
5.224343e-04
7.387787e-03
1.219381e-02
4.502446e-02
1.150117e-01
5.520880e-02
2.923801e-02
2.824257e-02
1.104438e-01
1.887732e-02
1.828383e-02
6.069728e-02
1.217100e-01
1.485408e-02
1.001455e-03
6.378119e-02
1.025427e-03
4.155138e-03
1.790649e-03
6.662339e-02
9.748802e-03
8.810512e-02
2.062581e-01
1.374863e-02
7.993033e-02
1.647555e-04
6.161528e-02
1.390342e-01
1.678906e-02
5.491991e-03
4.376769e-02
4.512470e-03
4.647106e-03
1.655068e-01
3.064642e-01
3.080366e-02
7.268667e-02
1.199619e-02
4.493522e-02
1.763000e-03
6.372742e-02
3.502461e-02
9.848600e-02
1.508693e-01
1.461088e-01
3.426951e-02
1.362135e-01
2.281103e-02
3.754966e-04
7.918722e-03
3.673110e-03
6.691471e-03
5.463427e-02
3.576380e-03
2.743714e-02
4.395108e-05
1.068012e-02
2.509764e-03
5.659727e-02
4.906500e-02
6.009442e-07
5.360712e-02
4.963480e-02
9.540439e-03
3.890572e-02
6.012116e-04
5.263941e-02
1.955075e-03
1.300502e-02
1.659404e-02
3.606886e-03
1.194876e-01
3.185882e-01
1.170241e-02
4.629064e-02
6.202326e-03
1.280553e-02
4.134850e-04
1.756133e-01
1.225117e-01
6.869484e-02
8.477162e-02
3.495005e-02
1.262700e-02
8.508001e-02
4.130831e-03
2.948751e-04
1.719279e-02
1.241668e-02
1.795266e-01
1.257927e-02
2.503956e-03
1.079242e-01
2.770457e-02
4.749781e-02
9.920513e-05
8.228175e-02
4.360879e-02
2.143601e-01
1.319552e-02
5.523096e-02
1.825127e-02
6.730045e-03
2.308053e-02
1.461330e-03
7.081136e-04
1.498145e-01
2.291977e-01
2.747856e-01
4.233260e-02
2.056268e-03
2.040980e-03
8.020634e-02
2.176046e-02
3.288548e-02
1.450164e-01
1.759797e-02
1.379988e-02
1.240393e-01
1.699396e-01
8.376497e-04
4.133421e-02
1.947537e-01
5.414199e-03
3.445002e-02
4.956324e-03
5.282099e-02
3.809148e-03
1.498303e-01
1.180819e-01
8.792845e-02
2.659141e-02
2.130300e-01
1.000934e-01
2.576504e-02
7.145565e-02
7.804221e-03
1.106329e-01
5.730550e-02
1.566709e-02
2.274197e-01
7.248610e-04
3.952627e-02
8.517574e-03
6.526874e-03
3.705790e-02
7.980863e-04
4.013372e-03
3.057487e-01
4.513416e-02
1.587036e-02
4.354955e-02
6.546499e-06
9.532607e-02
6.130550e-02
2.915251e-02
2.178226e-05
4.143626e-02
1.031755e-01
4.923938e-02
2.826688e-02
1.694657e-04
5.767895e-03
2.248122e-03
9.145141e-02
7.261108e-02
3.472965e-02
2.968226e-03
1.743452e-02
2.973539e-03
6.550221e-02
8.669115e-02
5.621614e-03
5.718676e-02
1.328824e-03
4.512292e-02
2.780990e-01
1.666815e-02
9.151983e-03
1.204960e-01
3.513276e-02
1.892224e-02
4.449210e-03
1.031677e-01
1.369067e-02
7.396260e-02
9.161968e-02
2.599341e-02
1.793606e-01
1.227122e-01
7.634132e-03
6.857404e-02
6.106109e-02
2.449171e-02
9.368378e-02
3.777749e-02
6.624498e-04
1.871041e-03
2.085856e-01
5.477053e-03
9.546579e-03
8.327245e-02
1.786107e-02
6.715850e-02
6.700972e-03
1.814972e-01
7.859330e-02
6.330937e-02
1.474908e-02
2.423628e-03
1.079043e-01
1.981953e-02
3.698704e-03
3.438892e-02
1.150351e-01
1.513307e-01
1.243391e-01
6.703035e-02
1.866669e-02
4.493743e-02
4.892586e-02
7.967107e-06
1.398748e-01
1.271415e-01
1.727018e-02
1.420774e-02
5.984962e-03
1.016596e-02
7.994491e-03
1.270053e-01
5.861601e-02
2.329825e-03
8.118231e-03
4.588941e-02
1.568394e-01
5.178493e-03
2.101624e-03
1.406682e-02
2.835591e-02
1.965691e-04
3.806154e-02
4.863173e-03
2.447348e-02
1.397498e-01
4.281835e-03
4.266406e-02
1.497295e-03
3.821719e-03
1.432601e-01
1.063730e-01
2.138968e-04
3.158887e-02
4.909459e-06
9.058723e-03
1.436276e-02
2.198888e-01
7.077699e-02
3.987744e-03
3.029272e-02
1.177764e-01
2.589812e-02
1.226683e-01
4.010622e-06
6.914238e-02
1.588281e-01
1.569041e-02
3.397801e-02
2.596537e-02
1.217804e-01
1.416507e-02
9.084344e-04
6.683983e-03
1.539549e-04
5.315006e-03
2.322442e-03
2.626979e-02
1.462148e-02
3.394955e-03
1.951927e-01
5.591099e-02
3.418362e-01
1.008158e-02
3.462265e-02
1.424001e-02
6.508894e-02
3.080940e-03
1.168150e-01
1.576697e-01
1.553098e-01
1.088741e-02
3.109653e-01
3.737836e-02
1.654275e-03
4.642255e-02
1.769856e-01
9.720931e-04
5.134506e-02
4.109330e-02
6.079688e-04
2.702560e-04
8.274200e-06
5.543797e-02
3.342061e-03
5.184124e-03
8.111122e-02
3.122125e-02
6.282278e-02
3.963048e-02
5.775176e-03
3.031026e-03
5.255781e-02
4.319096e-02
8.713310e-02
2.803585e-03
5.401575e-02
1.197165e-05
9.425785e-02
2.037814e-01
6.483749e-02
6.436074e-04
1.406879e-01
4.150787e-04
2.112000e-02
2.416922e-03
2.246140e-02
2.636350e-02
1.533091e-04
1.331531e-01
1.572383e-02
1.192925e-01
6.071467e-02
6.535329e-02
2.127664e-02
7.605137e-03
6.887927e-02
2.156958e-02
8.598952e-02
1.482384e-02
1.766878e-03
1.138219e-01
4.607130e-02
9.869057e-04
1.378883e-02
1.048812e-01
4.720945e-02
7.814395e-02
4.515355e-02
1.898603e-03
8.243036e-02
8.893812e-02
6.247477e-04
1.518797e-02
1.385003e-02
4.869121e-03
1.446327e-01
1.850386e-03
1.131686e-02
4.716185e-03
3.636678e-02
1.481692e-05
3.845931e-02
8.508666e-03
2.255483e-02
1.178395e-03
2.041456e-03
1.394124e-04
1.507160e-02
1.727353e-02
1.748012e-02
7.167481e-03
1.150303e-02
5.186234e-02
7.975258e-02
7.658408e-02
4.007205e-02
6.265240e-03
9.095931e-03
1.622046e-01
8.933426e-02
2.639725e-03
1.678785e-01
1.791874e-01
1.806364e-02
1.207916e-01
1.791032e-02
6.110604e-03
1.928779e-02
9.661390e-02
6.790368e-02
3.994786e-03
3.203896e-02
1.133446e-01
2.948044e-01
8.396134e-02
6.130927e-04
2.854124e-02
1.168437e-01
1.637705e-03
1.033594e-01
9.695163e-02
4.785274e-02
2.910512e-03
4.447266e-02
6.665570e-05
4.189857e-02
5.500338e-02
3.016470e-02
1.505570e-04
1.024944e-03
1.869594e-03
4.126609e-02
4.103970e-02
5.817413e-02
1.441347e-02
9.947307e-02
5.250648e-02
3.511896e-02
3.201255e-02
6.729423e-03
6.077798e-02
1.095465e-03
1.532732e-01
1.304613e-05
4.002210e-02
1.606464e-01
7.496838e-02
1.825242e-02
4.656113e-04
5.689687e-02
1.081905e-01
1.514266e-02
3.159001e-03
2.406129e-01
1.919473e-02
1.187283e-02
2.447094e-05
1.083510e-02
1.316734e-01
5.731494e-03
5.349488e-03
9.194156e-02
9.053250e-02
3.473102e-02
