4.372557e-02
1.537397e-02
1.268364e-01
1.445943e-02
1.836266e-03
3.267052e-04
1.250759e-04
2.531960e-03
2.097895e-01
3.694633e-02
1.573098e-02
6.165866e-02
2.822796e-03
4.711724e-03
4.901386e-02
2.786735e-02
3.043163e-01
2.787690e-02
4.674110e-04
2.561405e-03
1.569329e-02
2.595772e-03
1.993827e-03
1.449449e-01
5.225002e-03
8.700023e-03
1.159812e-03
8.637229e-03
5.424028e-02
6.738649e-02
2.299456e-04
6.516933e-02
2.122121e-02
4.648178e-03
2.361038e-02
7.700179e-05
6.617197e-02
5.352395e-02
5.171672e-04
8.539693e-03
5.426957e-02
4.245603e-02
7.409295e-03
7.923510e-02
2.692915e-02
6.641615e-03
2.412331e-02
7.801727e-02
2.444891e-02
3.943280e-04
1.237826e-04
2.164881e-05
1.436381e-02
8.771386e-02
3.634096e-02
2.172684e-01
3.252377e-04
9.726325e-02
2.529413e-01
6.564072e-02
2.325002e-02
3.448770e-02
3.106305e-02
1.998946e-02
6.536648e-02
9.451375e-02
7.195812e-02
1.117109e-03
3.096677e-02
1.021817e-03
3.164169e-02
1.843923e-02
2.751659e-03
1.985917e-01
7.532155e-04
1.534622e-03
1.689380e-01
2.987651e-02
9.609875e-04
2.226617e-02
3.332006e-04
1.757104e-01
1.653327e-02
7.010273e-02
9.427060e-03
1.647811e-02
3.771860e-03
3.231553e-02
5.851355e-02
1.252932e-02
2.376995e-03
1.669843e-02
1.095587e-03
2.726408e-02
2.368019e-02
5.419429e-03
3.560257e-03
1.023626e-03
1.833306e-01
3.043641e-02
2.686526e-02
9.547949e-04
1.937549e-03
2.488334e-02
6.326096e-03
8.612701e-04
9.868556e-02
1.534312e-01
1.151029e-02
2.467591e-01
1.663454e-01
2.211651e-02
4.428964e-02
9.050507e-02
7.576252e-02
1.397406e-01
2.187516e-03
3.110620e-02
7.042449e-02
6.032687e-04
1.766399e-02
1.406262e-02
8.205642e-03
1.623306e-02
6.800964e-02
1.547315e-01
2.421957e-02
3.416289e-02
7.009112e-02
3.464933e-04
2.739153e-02
3.039219e-02
3.265271e-03
2.031499e-04
2.488921e-01
1.281582e-02
6.077867e-03
1.408734e-05
1.804602e-01
6.105766e-03
8.738058e-02
2.630064e-02
1.104441e-02
9.603696e-02
1.555487e-02
6.485091e-02
6.860677e-03
1.503275e-02
7.029598e-03
1.681390e-02
8.821271e-03
3.893435e-05
1.372516e-03
5.867700e-02
1.514132e-05
6.002429e-02
8.870378e-04
1.436534e-02
4.402254e-02
1.889403e-01
1.650365e-02
3.225614e-02
7.686493e-03
1.632520e-01
8.923386e-02
5.819749e-01
9.811251e-02
3.239792e-02
6.658164e-02
8.856746e-03
1.770333e-04
3.792654e-05
1.192774e-04
2.031565e-02
9.919628e-04
1.947996e-03
5.866310e-03
7.923122e-03
1.231374e-01
1.789732e-02
2.170625e-02
8.127159e-04
1.097510e-02
2.176754e-01
4.735664e-02
1.982085e-03
2.968046e-02
1.288035e-02
3.218936e-03
2.728660e-03
2.342992e-01
2.249745e-02
3.378651e-03
9.512655e-03
5.875632e-04
1.201350e-01
5.073698e-02
2.215709e-01
9.568280e-05
3.288650e-02
9.714595e-03
1.398880e-02
4.130230e-02
3.936919e-02
3.241224e-02
3.164921e-02
2.604129e-02
6.641623e-03
7.749925e-03
3.096947e-02
5.725863e-03
7.991694e-03
2.867332e-02
1.769113e-02
3.493461e-03
1.845966e-04
2.412771e-02
6.624326e-03
1.118808e-01
3.474036e-02
6.746356e-02
2.640554e-03
5.524639e-02
1.619976e-01
3.872237e-02
1.333819e-03
5.404040e-03
9.105299e-04
4.292245e-03
6.666673e-06
1.720746e-02
3.919525e-02
1.301698e-01
9.900507e-02
4.373106e-01
1.830906e-02
2.009568e-01
1.851587e-01
3.194591e-03
1.492687e-02
5.504886e-02
2.209428e-03
1.510040e-02
8.182001e-03
1.012679e-01
5.313715e-03
1.748848e-02
3.535818e-02
1.767124e-03
1.087075e-02
2.208113e-06
5.687190e-02
1.192952e-01
1.951379e-03
1.265766e-01
2.298706e-04
1.556284e-02
2.250170e-01
9.184579e-02
6.346267e-06
1.176789e-01
1.460404e-02
1.387648e-02
4.767895e-02
7.023099e-02
5.569130e-02
1.428159e-01
1.892214e-02
3.654615e-04
1.513135e-02
2.164426e-04
2.181819e-02
5.295222e-03
6.718805e-04
1.035934e-01
3.705151e-02
1.207673e-02
3.880327e-02
3.437900e-02
6.048362e-03
1.427662e-02
1.396741e-01
7.850839e-02
1.560997e-01
1.059880e-01
1.418714e-01
3.862467e-03
3.455020e-02
4.751858e-03
6.341657e-04
2.570740e-02
5.994413e-02
3.142942e-02
9.291770e-04
2.298348e-02
2.450856e-01
1.760668e-03
4.232243e-03
1.808011e-03
8.281947e-02
3.520678e-02
1.373538e-02
9.478154e-02
2.328384e-02
5.407806e-03
5.991698e-02
2.161901e-01
1.096757e-01
3.475407e-03
6.475852e-02
1.542964e-02
9.338447e-04
8.770348e-03
5.914389e-03
1.504365e-01
6.191156e-02
4.952595e-05
4.925805e-02
2.075223e-04
1.579907e-01
7.763200e-02
2.463435e-02
6.552899e-02
3.436846e-02
1.115392e-01
1.779935e-01
7.879449e-02
1.551849e-02
9.089382e-03
8.892550e-03
9.325370e-02
9.035936e-02
5.897071e-02
5.132623e-03
1.827882e-04
7.164180e-02
5.529233e-09
1.463041e-04
6.805891e-02
3.437908e-02
3.037749e-02
2.285689e-02
1.043634e-01
1.749494e-02
7.142314e-04
7.764199e-03
1.263750e-02
1.505028e-03
1.474417e-02
1.291900e-03
1.241314e-02
2.014404e-02
5.476594e-02
6.958638e-03
3.524912e-02
6.117709e-03
1.376651e-02
1.718226e-01
2.422143e-02
4.609520e-02
1.564155e-02
7.794959e-03
7.761819e-02
3.313071e-02
1.523991e-01
8.557003e-02
5.212921e-02
1.734146e-02
3.397155e-03
8.289936e-04
5.592571e-02
5.644814e-05
1.635546e-01
9.754069e-02
8.665555e-03
1.205847e-02
6.632099e-02
3.383725e-03
1.509196e-01
3.802124e-02
9.800184e-03
1.277768e-03
3.459378e-03
1.247940e-01
9.802947e-03
5.679452e-05
1.380633e-01
4.770141e-03
1.783410e-02
8.269234e-02
1.430064e-01
7.743545e-03
4.707850e-02
3.709555e-02
3.483121e-02
2.496131e-01
1.816459e-01
8.755015e-02
1.777473e-01
1.360130e-02
4.109260e-02
1.573558e-02
5.670580e-03
4.699045e-02
3.598426e-02
4.979048e-02
2.572304e-01
9.308696e-02
1.714222e-02
4.031307e-02
1.272224e-01
1.085337e-02
1.784945e-03
6.769844e-02
1.535245e-02
5.682696e-02
2.547075e-02
1.295874e-02
1.500117e-01
6.686964e-02
2.573270e-02
1.023025e-01
1.856486e-04
8.329144e-03
3.462234e-05
8.669567e-03
6.041803e-03
4.425903e-02
4.600317e-04
3.221255e-05
5.920595e-02
1.897938e-02
1.152653e-01
8.424107e-02
1.304830e-02
8.705837e-02
6.043377e-03
1.297719e-02
1.181481e-01
5.608233e-02
3.631706e-02
2.300975e-01
2.742439e-01
2.784955e-05
1.077015e-01
1.048856e-03
2.308075e-02
3.484994e-03
4.449964e-02
3.682157e-03
3.197813e-01
7.643305e-03
2.267033e-01
2.300143e-02
4.437846e-02
1.610363e-02
2.029536e-03
2.306269e-02
3.088261e-02
1.025683e-01
5.707819e-03
2.109539e-02
1.650213e-01
3.646813e-03
2.345492e-02
2.227463e-04
2.918896e-02
4.604566e-02
1.991700e-02
2.940402e-02
3.226335e-02
1.595560e-01
8.591248e-03
9.968186e-02
3.612737e-04
3.339665e-03
4.830786e-02
1.427514e-02
1.818009e-02
6.359463e-03
5.368131e-03
4.055928e-03
3.024521e-02
5.424503e-05
1.389905e-02
5.348575e-03
2.333284e-02
3.557354e-04
2.121227e-03
4.026870e-03
1.043410e-03
8.176388e-02
3.161047e-02
1.154142e-01
9.724778e-02
1.378636e-02
4.511625e-04
7.297806e-03
1.524343e-01
4.620699e-02
5.445062e-02
1.491880e-02
3.294217e-02
4.040724e-02
2.699470e-02
2.880463e-02
5.107743e-03
4.461360e-01
1.644318e-04
8.728871e-04
2.007582e-04
4.163586e-03
4.659466e-05
3.711347e-03
7.481905e-03
6.824325e-02
7.949175e-03
1.068928e-02
1.741951e-01
3.277595e-01
2.752687e-02
1.360612e-05
1.722130e-01
1.760912e-01
1.749861e-02
8.011521e-02
4.084847e-02
6.833139e-02
1.598885e-01
8.629461e-02
1.208301e-04
8.024396e-02
4.942404e-02
2.187967e-02
5.323601e-02
6.239182e-02
9.910650e-02
1.269294e-03
3.522986e-03
2.613881e-02
6.880033e-02
6.886627e-05
7.053304e-02
2.606447e-02
1.455073e-02
1.639338e-01
7.742421e-02
1.321367e-03
1.032127e-01
1.405683e-02
1.069375e-01
5.928876e-02
3.213292e-03
1.300733e-03
2.537090e-02
1.406251e-05
6.406462e-02
2.152394e-03
1.179303e-02
9.774045e-03
7.392241e-02
4.774713e-05
4.117979e-02
6.055886e-02
5.896991e-02
1.486645e-01
7.980857e-04
2.645109e-04
1.338255e-02
1.648378e-01
6.789587e-02
5.868508e-02
1.913297e-03
8.521277e-03
5.283671e-03
1.557829e-02
1.848156e-01
3.562762e-03
6.156410e-03
4.801450e-03
3.380122e-03
1.217305e-02
4.395097e-01
1.816749e-02
9.324355e-02
1.570438e-01
4.007242e-02
1.521479e-01
1.179927e-01
9.094862e-03
6.266338e-03
5.322940e-02
4.530696e-03
2.437172e-02
