1.755875e-02
7.349653e-05
5.513769e-02
2.049253e-01
5.687953e-04
7.628907e-02
3.472831e-03
5.447116e-03
4.164610e-02
4.557653e-03
1.279303e-02
1.274274e-01
1.635331e-04
2.803866e-02
9.314874e-04
2.586712e-02
4.381898e-02
2.209262e-01
1.768570e-01
5.715205e-02
1.317036e-03
1.402959e-02
1.101758e-01
4.969227e-02
2.143025e-04
3.323691e-03
6.322548e-02
3.479259e-02
2.682275e-02
1.835082e-02
1.815158e-04
1.443163e-01
2.646180e-03
1.243303e-01
2.409973e-01
8.614763e-03
3.228033e-01
1.267709e-02
1.090334e-05
4.849619e-02
1.064975e-05
1.253371e-02
5.419902e-03
2.832719e-02
7.674107e-04
4.256909e-02
1.791101e-02
7.841998e-03
3.435700e-01
9.467900e-02
6.488806e-02
1.393901e-02
7.288014e-03
5.004557e-02
3.425361e-02
1.423075e-02
7.196676e-02
6.936867e-02
2.829340e-02
1.828621e-01
1.675416e-01
8.081008e-03
1.557957e-02
1.392882e-02
3.161966e-04
1.723952e-03
6.912379e-03
2.950810e-02
6.317089e-04
3.985631e-01
1.370756e-02
2.115291e-02
2.818416e-02
1.750004e-03
3.734354e-03
1.040301e-01
1.474089e-03
5.871709e-02
1.601906e-02
1.605255e-01
8.325782e-02
6.131820e-03
4.166188e-03
1.935837e-01
1.521621e-02
3.347069e-04
2.915472e-01
9.089521e-02
8.878011e-02
7.226149e-03
2.087962e-02
4.126855e-03
9.516701e-02
3.355571e-03
1.335403e-01
1.087746e-01
8.140242e-03
7.087579e-02
1.689953e-02
1.698095e-02
6.691650e-02
5.454065e-03
5.414836e-03
6.047007e-04
1.090416e-02
2.960230e-03
6.640740e-02
3.880268e-02
6.810528e-02
3.786640e-02
1.655131e-02
8.950855e-03
2.312313e-03
2.262415e-02
1.204746e-01
1.431954e-05
5.919155e-03
1.656916e-01
3.789544e-02
3.894304e-01
4.556573e-03
4.932029e-02
1.677306e-02
4.065406e-02
1.047214e-02
4.028212e-02
6.589969e-02
3.557476e-01
4.222116e-02
9.344579e-02
2.989899e-02
1.654698e-01
5.310611e-03
3.819293e-02
6.454536e-02
4.694472e-03
2.341910e-03
6.509525e-02
2.610291e-02
8.534293e-02
5.317059e-02
2.187295e-01
1.278685e-02
4.449769e-02
8.829331e-03
3.499669e-03
1.021282e-02
1.495058e-01
1.163238e-03
5.892441e-02
6.366462e-03
2.875210e-05
5.015840e-01
8.337771e-02
1.357040e-03
2.996116e-01
3.419080e-02
1.277442e-02
1.897432e-02
6.253595e-02
1.394809e-01
2.429469e-03
8.967957e-02
2.074360e-03
6.989202e-02
4.698586e-02
6.607174e-02
1.723196e-02
4.107131e-03
5.037677e-03
2.345418e-03
4.415701e-02
1.550345e-02
1.284178e-03
2.543819e-03
4.010233e-02
1.185112e-01
3.647189e-02
4.502354e-02
1.792086e-03
5.805531e-03
3.520364e-02
8.729390e-02
1.016762e-02
8.469780e-03
4.106363e-02
7.072037e-04
6.040171e-02
3.857187e-02
7.189582e-03
2.960212e-02
4.818233e-02
9.091582e-03
4.532169e-03
3.187169e-02
6.906733e-03
3.640995e-02
2.022929e-03
1.525754e-02
5.391886e-03
2.299062e-05
2.349646e-01
2.520012e-01
1.256903e-02
3.482119e-04
1.124268e-01
2.793648e-01
4.080468e-03
2.468837e-02
2.007225e-01
5.320759e-02
6.647079e-02
1.285697e-01
7.273283e-03
2.779964e-02
2.200232e-01
1.195193e-01
3.833884e-02
1.184960e-01
5.172579e-04
8.687773e-02
2.014351e-03
1.153712e-01
4.720613e-02
8.241660e-02
4.917929e-02
5.160165e-03
3.569526e-02
1.089790e-06
2.038316e-02
3.076475e-03
4.754672e-02
1.474930e-04
5.440776e-03
4.333754e-03
6.215819e-02
1.373460e-02
5.617843e-03
4.831776e-02
5.997452e-02
2.581548e-03
2.737247e-04
2.955609e-02
3.943686e-02
1.165669e-02
1.971796e-02
2.825487e-01
9.885066e-03
2.965097e-04
3.415645e-02
4.029847e-05
6.904245e-03
4.821192e-02
7.818038e-03
8.453484e-07
3.491432e-03
1.695686e-06
1.210955e-01
2.994685e-03
2.009086e-01
4.355134e-02
5.060333e-02
2.112961e-01
6.786858e-02
1.846487e-03
5.684196e-04
2.401112e-02
2.346968e-01
3.348647e-05
6.881674e-02
7.714190e-04
8.449815e-03
6.410630e-02
1.217768e-02
2.311227e-02
4.224782e-03
1.171197e-02
2.024242e-02
1.476211e-03
1.325202e-03
2.111613e-02
4.318493e-03
1.448452e-02
1.752335e-04
1.126249e-01
1.124633e-01
3.870475e-03
3.578235e-02
6.278562e-03
6.236956e-02
5.111504e-02
1.111245e-01
3.832163e-03
1.672813e-01
8.317211e-02
5.807909e-02
1.949094e-02
4.805895e-02
3.099763e-03
5.121251e-02
1.266220e-03
2.652497e-01
1.375712e-03
1.480414e-01
3.855457e-02
6.572638e-03
1.536507e-02
2.237219e-01
5.285589e-03
2.097831e-02
2.180435e-02
6.577465e-02
5.570836e-03
1.045691e-01
6.704069e-02
8.271775e-02
3.135172e-02
1.621397e-02
3.572841e-02
5.454803e-02
4.465508e-04
1.703362e-02
8.528826e-02
1.405099e-03
4.433303e-02
2.387090e-02
4.431699e-02
5.296086e-06
5.503228e-02
1.327686e-02
5.221632e-03
1.183339e-03
1.025627e-03
7.313607e-03
5.779513e-04
2.496686e-01
5.095912e-03
2.628196e-02
1.359750e-01
1.016178e-01
2.494216e-02
2.009568e-04
6.944250e-02
2.277400e-02
4.325380e-02
3.481087e-02
6.851473e-05
1.646712e-03
1.167944e-01
8.555782e-02
7.007292e-03
2.452306e-04
1.903134e-03
5.915930e-03
1.440061e-02
1.063637e-04
1.136454e-01
4.751584e-02
1.343188e-02
1.867701e-03
2.345286e-04
3.438268e-02
7.113668e-04
2.207650e-02
4.083950e-03
3.736157e-02
2.213324e-02
2.477070e-02
6.478900e-02
1.669799e-03
6.455003e-05
1.674109e-02
1.737096e-02
1.871818e-02
2.410278e-02
2.703079e-01
1.007739e-01
1.826605e-02
1.892302e-02
4.197294e-02
1.469294e-01
1.419538e-04
1.758242e-05
2.234518e-02
8.029980e-02
1.319553e-03
3.054574e-02
1.840609e-01
5.011860e-04
2.642886e-03
9.386525e-02
7.620585e-02
7.981153e-02
1.000236e-02
3.897128e-03
9.492453e-02
5.792702e-02
1.257311e-01
2.259891e-01
1.210778e-02
4.989391e-02
7.848459e-03
8.305073e-03
1.366613e-02
1.404600e-02
7.478513e-02
2.729858e-02
2.766701e-03
1.714353e-02
5.809306e-02
1.379502e-01
1.574162e-01
5.792433e-03
7.672530e-02
5.170728e-03
9.994663e-02
1.092380e-01
9.679945e-04
4.241000e-03
5.888941e-02
4.807985e-03
8.776293e-04
4.214463e-03
4.749851e-03
2.461098e-02
3.343056e-02
1.019744e-01
5.144888e-02
3.490062e-02
9.592830e-02
5.741196e-03
3.923371e-02
3.054178e-02
3.013219e-04
2.004691e-03
4.682009e-02
9.752377e-02
1.159434e-02
2.671835e-02
3.326804e-03
2.710189e-02
2.973254e-03
1.253612e-01
6.906318e-01
7.411234e-04
1.412777e-04
3.878381e-02
1.678270e-02
5.173950e-02
9.045684e-03
4.373203e-02
2.716333e-02
8.121141e-02
5.328519e-06
9.137474e-02
8.638913e-02
2.231667e-01
3.996730e-02
1.551081e-02
4.420815e-02
2.064660e-01
7.089292e-02
9.555177e-04
2.795472e-03
5.048676e-02
8.455180e-02
4.368622e-02
1.415529e-02
8.160855e-02
7.209717e-03
2.533425e-02
4.292126e-03
1.974806e-01
9.951239e-04
8.658105e-02
7.992142e-03
5.866843e-04
6.381484e-03
2.019864e-02
8.211937e-04
2.491490e-01
8.552797e-03
2.999634e-04
1.797440e-01
4.074933e-02
1.642868e-01
6.329906e-03
1.016904e-05
1.084930e-02
2.014954e-02
4.066226e-02
8.790853e-02
2.000955e-01
9.546972e-02
5.875559e-03
7.926000e-03
1.069012e-03
5.809958e-02
2.483854e-02
5.251170e-01
1.524144e-02
5.268705e-02
1.579776e-03
7.009966e-03
1.304869e-02
3.234771e-03
1.173119e-01
5.542589e-01
3.690022e-02
4.866546e-02
5.196188e-02
1.379394e-01
2.036649e-02
5.858248e-02
2.482862e-01
3.518249e-04
6.510290e-02
2.800669e-02
1.723729e-02
4.509303e-02
2.857751e-01
1.186533e-03
6.819677e-02
2.647235e-02
2.440297e-03
8.571338e-04
1.336772e-04
1.123306e-02
6.789147e-03
8.521475e-05
1.159242e-03
5.493413e-02
2.361428e-01
1.230660e-01
8.052848e-02
1.620676e-03
9.324399e-02
6.505939e-03
4.010369e-02
2.068676e-03
1.504256e-01
1.653446e-04
1.272822e-04
2.129099e-02
1.131522e-02
1.050658e-03
1.245212e-03
4.970548e-02
2.137632e-02
1.756377e-02
4.535367e-02
8.779609e-02
2.825543e-02
8.019669e-03
1.415516e-02
9.703207e-03
2.029394e-02
1.254203e-03
2.592312e-02
1.201576e-01
8.859705e-04
2.578401e-01
1.434395e-04
2.947367e-01
1.656879e-02
8.183783e-02
2.779306e-02
5.207486e-03
3.089954e-03
2.522732e-01
1.437763e-01
1.978934e-04
1.295806e-02
4.515641e-03
3.046374e-03
1.433205e-02
5.252810e-02
4.296340e-03
3.589466e-03
2.028298e-01
7.998500e-03
3.062066e-02
6.162295e-02
4.935725e-02
6.837111e-04
5.429574e-02
8.033287e-02
1.384384e-02
5.423855e-03
9.535147e-02
2.196044e-02
2.211042e-02
4.503140e-02
4.155461e-03
