2.632114e-03
1.686000e-02
5.063723e-02
1.982813e-03
2.938272e-02
2.011742e-02
2.382728e-02
1.442479e-03
1.425143e-02
3.382407e-05
5.323068e-02
6.244130e-03
1.288149e-02
3.707809e-03
1.500045e-04
4.444236e-02
2.096113e-04
2.390409e-01
9.678635e-04
9.189544e-02
5.140417e-03
1.711444e-01
2.625279e-02
1.861244e-02
4.427641e-02
3.582044e-02
4.029486e-02
1.398115e-05
1.585462e-01
3.006225e-02
3.169958e-03
2.001761e-04
2.996994e-02
2.841367e-02
1.701275e-01
2.476479e-03
6.344148e-03
1.601195e-03
2.983921e-02
2.542849e-02
9.347120e-02
5.735223e-02
4.967171e-02
3.583402e-02
3.145083e-04
9.933273e-03
4.330482e-02
6.810962e-04
6.491330e-02
1.680531e-03
1.383981e-01
5.197504e-02
1.601633e-01
4.565144e-02
7.804197e-04
2.541957e-05
3.349434e-02
9.268922e-03
1.494539e-02
1.059255e-02
2.752260e-02
6.457074e-02
1.344799e-01
1.004269e-02
1.141267e-02
1.201910e-02
9.872823e-02
6.685106e-02
3.782004e-02
3.805448e-05
2.192748e-01
6.211664e-03
7.355318e-03
5.694327e-03
5.718895e-02
6.081448e-04
2.610438e-02
4.375767e-02
1.840450e-03
4.942679e-03
4.326067e-02
6.916306e-03
3.307754e-02
2.475111e-01
2.614018e-03
7.861629e-02
5.574258e-04
2.578094e-02
1.008485e-02
1.109896e-04
2.099008e-02
1.217782e-02
1.839629e-02
2.086388e-03
6.913589e-02
9.362436e-03
2.255275e-02
7.483704e-03
1.472543e-03
1.454354e-01
2.179077e-02
1.289642e-01
2.145442e-03
6.609009e-04
4.001416e-02
1.248864e-02
1.176555e-01
2.282161e-02
7.117140e-03
5.448532e-04
1.604753e-08
1.434481e-04
6.121375e-03
5.448297e-02
1.876358e-02
3.828080e-04
3.366391e-02
3.694184e-02
4.318643e-03
1.755492e-02
4.214618e-02
4.009282e-03
4.111468e-02
5.537454e-03
1.892430e-01
6.122068e-02
5.127320e-03
3.130641e-02
8.404628e-02
4.476679e-02
3.219840e-04
1.189520e-02
3.842313e-04
2.346117e-02
3.051293e-02
1.935975e-01
5.975001e-02
1.949268e-02
4.450401e-02
1.286010e-01
4.798593e-03
1.189102e-01
3.921484e-05
3.635722e-02
2.316514e-02
2.655479e-03
1.123814e-01
7.124568e-03
2.277071e-02
3.094653e-03
1.343404e-02
4.105817e-02
1.402481e-02
2.098376e-01
2.197364e-02
4.435876e-03
1.395354e-02
8.939045e-03
1.258745e-01
2.308890e-02
1.679220e-02
8.087097e-04
6.084680e-07
1.405593e-01
6.902463e-02
3.956634e-04
1.703082e-03
5.830945e-05
3.673527e-03
2.296470e-01
1.114747e-02
2.138128e-01
3.621434e-02
2.069371e-02
4.374668e-03
1.445052e-01
1.434405e-01
1.421577e-03
9.269918e-03
7.906544e-02
3.503324e-02
1.962103e-02
4.291213e-04
3.436095e-02
1.475271e-03
1.029668e-04
1.555795e-01
8.755453e-04
3.000515e-02
9.956109e-02
5.879631e-02
2.067198e-03
1.258723e-02
1.624471e-04
2.000851e-03
1.848896e-02
3.121093e-02
8.026669e-02
7.146152e-02
2.606766e-02
3.533324e-02
1.955044e-02
1.105747e-02
7.619003e-02
3.857799e-03
2.044085e-02
2.120415e-04
8.275246e-03
5.689558e-03
1.082881e-03
2.068404e-02
2.661268e-03
8.263369e-04
2.268163e-02
1.660266e-01
3.574213e-02
8.391617e-04
3.175178e-01
2.684840e-02
1.721025e-03
1.070583e-03
9.179031e-06
2.177144e-02
1.602046e-01
1.778386e-02
1.690178e-01
2.584621e-02
3.942347e-05
1.540707e-02
3.881947e-04
4.515887e-02
1.467772e-01
5.635899e-03
1.128189e-03
2.706746e-03
1.854167e-01
7.018211e-03
3.551418e-05
5.080481e-03
3.260874e-02
9.149492e-02
1.701480e-02
5.624106e-01
7.950444e-03
4.993491e-03
1.992280e-04
3.073970e-03
6.169365e-02
2.595966e-02
1.274485e-02
2.081212e-02
4.945057e-02
3.733794e-02
2.048120e-03
1.655628e-03
2.065231e-03
1.707153e-01
3.380472e-02
3.906951e-02
2.173158e-02
7.248491e-02
3.967567e-02
1.919450e-02
1.124873e-02
1.514846e-02
2.801297e-03
2.451741e-01
1.609423e-02
5.623173e-02
3.908711e-03
4.581675e-04
2.799350e-02
4.224649e-04
1.425903e-01
8.115052e-02
5.429801e-03
1.178538e-01
1.229489e-01
6.473988e-02
4.249391e-02
1.630334e-01
3.489879e-02
1.126560e-02
5.721985e-02
1.008783e-02
3.263700e-02
1.932995e-01
2.519069e-02
1.012803e-01
6.868621e-04
1.508381e-04
1.586693e-05
3.010759e-03
9.805577e-02
4.285656e-04
3.394847e-02
2.832265e-04
9.240291e-06
5.158688e-03
6.199165e-02
9.394593e-02
6.877974e-03
1.669240e-01
2.531460e-03
1.440891e-01
9.322060e-02
5.810379e-02
1.975656e-02
4.080389e-02
2.990409e-02
1.295859e-03
3.150745e-01
3.287725e-04
4.573161e-04
5.787546e-04
3.822866e-02
6.567835e-03
2.037257e-03
2.559822e-03
7.460597e-03
2.700643e-03
5.407809e-04
4.638003e-03
5.798251e-04
4.339562e-03
2.179164e-03
5.475262e-02
6.277521e-03
8.609538e-04
9.664754e-02
8.977113e-05
2.836401e-01
1.943060e-03
1.796497e-02
5.923137e-02
1.288556e-01
1.665499e-02
6.354573e-03
1.800149e-02
3.845862e-02
4.733833e-02
3.040214e-02
1.030924e-01
1.499583e-01
9.742028e-03
1.978912e-01
1.041707e-02
2.639101e-02
1.456377e-02
8.364181e-03
7.913485e-03
1.483673e-01
5.100880e-04
1.147606e-01
8.703216e-04
7.426140e-02
7.375151e-03
1.264611e-01
1.438856e-01
1.797828e-01
4.786746e-02
1.366214e-02
5.346269e-02
1.921839e-02
4.399954e-04
1.140677e-02
1.989856e-02
4.066423e-02
3.839090e-02
2.411695e-01
3.928855e-01
2.295306e-02
1.471222e-01
8.034138e-02
8.490527e-02
2.262113e-03
2.086075e-02
5.279264e-02
1.527418e-02
5.582155e-04
7.278737e-03
2.565887e-04
1.175034e-03
6.593859e-02
1.850550e-02
1.120574e-01
1.875603e-05
1.214318e-02
7.553624e-04
3.007919e-02
5.581263e-02
1.862372e-01
1.227220e-01
9.285076e-03
3.893545e-03
6.940675e-02
8.602855e-02
4.734571e-02
1.021145e-01
3.306005e-02
2.088529e-02
9.711955e-02
1.113125e-01
3.430553e-02
3.887239e-02
1.401429e-04
8.091550e-02
4.121535e-01
1.330977e-02
5.664188e-04
7.250072e-03
1.252315e-02
1.222651e-02
1.091042e-04
1.614565e-02
1.995969e-01
6.738124e-03
5.610318e-04
3.107957e-03
4.609381e-02
1.022246e-05
9.883593e-04
5.564068e-02
1.149978e-02
4.114352e-02
1.208377e-03
4.763658e-02
2.510493e-02
2.207766e-02
1.122640e-02
1.024103e-01
1.137508e-01
2.198073e-02
6.287486e-02
7.212557e-02
1.409393e-02
2.498685e-03
7.894556e-03
1.113779e-01
2.003208e-01
3.711665e-02
2.489936e-02
2.208619e-02
1.173313e-01
3.094007e-05
1.576729e-03
2.150616e-02
3.236908e-03
1.379354e-01
3.758650e-02
5.940324e-02
6.631476e-03
3.036013e-03
1.084240e-02
1.849286e-01
2.048014e-02
6.442921e-02
6.578116e-04
5.454287e-03
2.178058e-03
9.992249e-02
2.534410e-02
6.497321e-02
7.505134e-02
2.976866e-03
6.949258e-03
1.614532e-03
4.971547e-02
1.706633e-01
7.748970e-02
6.138877e-02
2.123376e-01
8.785143e-03
1.341860e-01
2.218156e-03
2.379252e-03
1.378736e-04
6.777902e-02
1.101196e-01
2.095977e-03
7.601979e-03
8.219919e-02
1.320942e-03
1.841731e-01
1.408107e-01
5.451650e-04
1.096223e-01
9.432139e-03
2.427256e-02
1.277176e-03
3.100658e-02
9.950080e-02
1.371785e-02
3.852980e-02
5.203545e-03
9.222013e-04
4.788157e-02
2.461982e-02
2.973384e-04
3.133472e-02
3.749407e-02
1.824575e-03
2.293151e-02
7.350590e-02
2.231432e-01
2.098866e-02
2.059956e-01
9.560577e-01
2.828056e-01
8.762502e-02
1.121759e-02
2.063155e-03
9.289680e-03
6.014504e-03
3.196197e-02
1.059737e-02
1.732805e-02
6.575260e-03
2.074269e-02
2.659110e-02
1.008598e-03
4.309719e-02
1.808663e-02
2.686602e-01
6.743655e-03
1.700158e-01
1.204198e-02
1.269289e-03
1.359916e-02
4.024530e-02
1.493655e-01
2.886561e-03
2.250303e-02
2.190618e-03
1.309496e-02
1.719570e-03
3.472666e-03
3.008301e-04
2.745679e-02
3.270175e-02
1.626422e-02
3.902773e-02
2.259371e-02
9.468903e-03
1.231261e-02
3.141882e-02
1.109570e-03
2.425617e-01
5.177873e-01
7.773768e-03
9.326386e-03
8.378989e-02
3.835926e-03
2.216038e-04
5.347921e-03
1.373195e-01
1.285718e-03
1.828070e-04
2.998786e-02
2.876437e-02
1.948218e-02
7.199539e-04
8.629244e-03
1.790154e-01
8.065487e-02
4.460774e-02
6.129949e-02
8.489889e-03
6.772164e-02
2.537411e-01
1.118045e-04
1.372624e-02
3.694472e-03
4.064073e-02
1.821595e-02
1.366046e-01
1.511590e-02
6.195274e-01
8.625331e-03
3.029017e-02
7.640132e-03
1.255091e-02
1.135308e-02
1.004334e-02
4.712524e-02
9.765148e-03
1.814107e-03
1.162759e-01
1.130311e-02
1.327951e-01
9.247364e-02
4.531708e-02
3.556332e-04
2.080404e-03
