8.342178e-04
3.067225e-02
7.663613e-03
3.371490e-02
3.399403e-01
1.654715e-01
8.758326e-03
5.172325e-03
1.032516e-01
2.602480e-02
1.469905e-02
1.851625e-02
3.026739e-05
3.725512e-02
8.133609e-03
2.108360e-01
1.059707e-01
5.804471e-02
4.558485e-03
2.682238e-03
8.215653e-02
3.721096e-03
8.420747e-02
3.667574e-02
4.911670e-02
1.847284e-01
1.524895e-01
8.660610e-03
9.850350e-04
4.339021e-03
8.526295e-02
2.224978e-01
9.947678e-02
2.326907e-03
4.524203e-02
8.741825e-04
4.055739e-03
1.553969e-04
1.346548e-02
2.567889e-02
5.095043e-02
7.401341e-03
2.470679e-01
2.534850e-02
6.637176e-02
6.756926e-02
7.130468e-03
4.441864e-02
1.462892e-01
2.267507e-02
1.021447e-03
6.895354e-03
9.245853e-04
1.327482e-04
5.365129e-03
4.816314e-02
2.865587e-02
1.240504e-01
1.768866e-02
1.141962e-02
4.056379e-02
1.221188e-02
7.033432e-02
8.560923e-02
8.049410e-04
1.315086e-01
9.743436e-03
6.324559e-02
1.359690e-01
3.705972e-02
5.388471e-02
1.271839e-02
3.223350e-03
6.602574e-02
1.302036e-03
8.437559e-02
1.228681e-02
9.129163e-03
6.215723e-02
9.009382e-02
1.167116e-04
1.864834e-01
9.204518e-03
5.109738e-02
1.271735e-02
1.032030e-02
6.753440e-03
8.530408e-03
1.283653e-01
3.404931e-02
6.367559e-03
2.524632e-02
4.201772e-02
7.983838e-03
1.966748e-03
4.275643e-02
1.876012e-02
4.327100e-05
6.522456e-04
2.015503e-02
1.385180e-01
1.011926e-01
9.679620e-03
6.411027e-02
7.560835e-03
3.228746e-03
7.367245e-02
8.522155e-03
8.056752e-02
1.050515e-01
6.467333e-02
3.974662e-01
3.720953e-02
2.136821e-02
4.827776e-02
2.503227e-02
9.977268e-05
2.899588e-02
6.596594e-02
2.579009e-02
1.908255e-02
4.202217e-03
3.414773e-02
2.341406e-02
2.295723e-02
1.610979e-02
2.974635e-02
7.536791e-03
1.238665e-04
1.590576e-02
1.683866e-03
7.896760e-03
1.564592e-03
8.633436e-02
1.747533e-02
4.738443e-02
1.381227e-01
3.586767e-01
1.970263e-01
2.240532e-03
1.077833e-01
1.101437e-02
4.901599e-07
1.894369e-01
1.236149e-03
1.070238e-02
2.661360e-02
5.496109e-02
5.104907e-02
2.976746e-04
1.755828e-03
5.378149e-02
5.331722e-03
1.229035e-02
2.324039e-04
8.903623e-02
1.007648e-02
3.972165e-04
6.923710e-03
2.496584e-02
8.230721e-03
2.335542e-02
1.495204e-01
1.757241e-02
1.246690e-03
3.316861e-02
1.415753e-03
1.546441e-02
1.512851e-02
2.173105e-01
1.452840e-01
7.239716e-05
7.603238e-02
7.720954e-02
4.393243e-02
5.218980e-02
9.172784e-02
9.757861e-02
2.362320e-02
2.455870e-01
6.518468e-05
2.914078e-03
8.833010e-03
3.471906e-02
1.981139e-05
3.595325e-04
1.070026e-01
2.508279e-01
9.423712e-03
5.816593e-03
2.186425e-01
1.106329e-01
2.743010e-04
9.350160e-04
1.276046e-01
1.761458e-01
1.823483e-01
2.283280e-02
2.062137e-03
1.840535e-02
1.422248e-03
3.620751e-03
4.631046e-02
3.012589e-03
1.238299e-02
1.451558e-02
3.538894e-02
2.752767e-02
9.012759e-04
7.787766e-03
1.013596e-02
1.271473e-02
4.738965e-02
4.009185e-02
3.648772e-02
8.430917e-05
1.761138e-01
1.147815e-02
3.863731e-02
1.853903e-02
2.615518e-02
3.586620e-03
2.510361e-02
5.758195e-02
2.124241e-02
8.079866e-04
1.411687e-03
1.398447e-02
3.205092e-02
4.457588e-02
5.222286e-03
4.627925e-02
5.843266e-04
8.961604e-04
4.054479e-02
7.053796e-02
6.863243e-02
8.242038e-03
1.078353e-01
2.962867e-02
2.694284e-04
4.593226e-02
1.019632e-01
5.878463e-02
6.481124e-02
1.219144e-02
3.725170e-02
9.388698e-02
3.868486e-03
1.221483e-01
6.453574e-02
1.510931e-01
6.883873e-03
3.442544e-01
2.492785e-04
2.058183e-02
1.488667e-02
5.009310e-02
1.262576e-03
9.085851e-03
1.108297e-01
1.901662e-02
7.988389e-02
1.264930e-01
1.715535e-02
1.445510e-02
1.970455e-01
2.903077e-03
8.994740e-02
1.121649e-02
2.098418e-02
3.055927e-02
1.622872e-01
2.951955e-04
1.297337e-02
8.414734e-03
1.194245e-01
3.427256e-02
2.537930e-03
4.141644e-02
2.431757e-03
3.073729e-03
2.661739e-02
8.867916e-04
1.391128e-01
7.095895e-02
5.940415e-03
9.304027e-02
1.159656e-03
1.660249e-02
5.159770e-02
1.770363e-01
6.408524e-03
1.315439e-02
5.090413e-03
1.898031e-02
1.095450e-03
9.314900e-03
1.981298e-02
4.701903e-04
1.037116e-02
7.911476e-02
3.039253e-02
4.325769e-03
1.210895e-02
4.956448e-03
2.095682e-02
6.569918e-03
1.742701e-02
8.519438e-02
1.653995e-02
1.063615e-03
3.024659e-01
5.744770e-04
5.096074e-02
1.276623e-02
6.761869e-03
4.335705e-03
5.071668e-02
9.576347e-02
4.592648e-02
9.999211e-02
2.371169e-01
1.556199e-02
3.415268e-03
1.007218e-02
4.770959e-02
2.548902e-02
1.577825e-02
2.413570e-01
1.905962e-02
1.103936e-01
4.205230e-02
5.823867e-02
2.973110e-02
1.889014e-03
1.197104e-01
1.211626e-02
2.772598e-02
3.523837e-02
6.131560e-02
2.159054e-02
1.859235e-02
4.323133e-03
4.196631e-04
2.954486e-06
7.895780e-02
3.965153e-02
1.707504e-02
1.592357e-02
1.855681e-03
1.013335e-07
5.992798e-04
9.645522e-02
3.566818e-03
2.404769e-02
4.827600e-02
1.740341e-04
7.274200e-03
6.957565e-03
3.666957e-02
9.962421e-02
7.171060e-02
2.727230e-03
9.110463e-02
3.529624e-03
4.482964e-02
3.424137e-03
1.769674e-01
3.463908e-02
7.343179e-03
3.742452e-02
6.850521e-02
8.387352e-05
3.504350e-02
1.884689e-01
1.911846e-03
1.147498e-03
9.196134e-02
1.029714e-01
1.378171e-01
4.595349e-04
4.482656e-05
9.168382e-03
7.141633e-03
3.677501e-03
4.172118e-03
6.024616e-03
3.601941e-02
1.059322e-03
6.363598e-02
2.850568e-01
5.648896e-02
1.911000e-02
7.231880e-03
2.399196e-03
4.626181e-04
1.195769e-02
8.514313e-03
1.511777e-01
4.035046e-02
4.759840e-04
2.696937e-02
1.230832e-01
4.457662e-04
7.861424e-03
5.914115e-02
1.722118e-01
1.334691e-03
3.862356e-01
5.350945e-03
7.777166e-02
4.469639e-02
1.851898e-01
5.268773e-02
2.170506e-03
2.899749e-02
6.860624e-02
3.999863e-02
6.416712e-03
2.177261e-02
1.989879e-02
4.792102e-05
1.050013e-02
4.406299e-02
1.512956e-01
2.215743e-02
1.058255e-01
2.693802e-02
6.835089e-03
3.933451e-02
4.296423e-03
2.073670e-03
2.819132e-02
1.427022e-03
1.736797e-02
2.302847e-06
4.347493e-02
1.879982e-05
4.782199e-02
3.980467e-02
4.715852e-02
8.805968e-04
8.744086e-02
9.796751e-02
5.975566e-02
7.418164e-03
3.133644e-02
6.664976e-03
4.383683e-02
2.676807e-02
4.444616e-02
2.158421e-01
2.539648e-01
4.088020e-02
9.471150e-03
5.823877e-03
2.082676e-02
2.613495e-01
6.746164e-04
1.364022e-01
1.061541e-02
2.962274e-02
5.314848e-04
8.706201e-04
6.873396e-02
1.263395e-01
2.299719e-01
1.060146e-01
6.763587e-05
2.855585e-03
7.803792e-01
1.238160e-01
3.677182e-02
1.513592e-01
6.714465e-02
3.173033e-02
2.447363e-02
3.451316e-03
1.549926e-01
1.058841e-01
5.917540e-04
2.685863e-04
2.098435e-02
1.553596e-01
4.738013e-04
2.469286e-01
1.518012e-02
1.397803e-01
3.498211e-02
4.704415e-02
1.580583e-02
5.399450e-02
3.817936e-04
2.995818e-02
2.780586e-03
2.444183e-04
1.293418e-01
1.278167e-02
1.965167e-01
1.048750e-02
8.869494e-04
1.725111e-01
7.841720e-02
4.146363e-02
2.073065e-03
9.178720e-02
2.284066e-02
3.163448e-04
3.516208e-02
3.473032e-01
1.142884e-02
2.688583e-05
3.920974e-02
1.224587e-01
4.783322e-02
6.167294e-02
4.543122e-02
1.793305e-02
1.777493e-02
5.409392e-03
1.389426e-04
1.845395e-01
1.166822e-01
1.772015e-02
9.473290e-02
5.127291e-03
1.176731e-02
5.199812e-04
1.278894e-03
2.108027e-02
1.023631e-01
9.263703e-04
1.051386e-02
1.898845e-01
2.265317e-02
1.696138e-01
1.084050e-01
8.864845e-04
5.813333e-04
7.417421e-01
9.434423e-02
3.501032e-02
2.211098e-02
7.554155e-04
3.509671e-02
1.806510e-01
2.890248e-03
1.545175e-01
3.312156e-02
4.687708e-02
1.078339e-02
3.913073e-02
5.850401e-02
2.926468e-02
1.691931e-02
3.053907e-02
2.284630e-02
1.086452e-02
3.053758e-02
5.246284e-02
7.532355e-03
9.194932e-02
5.960984e-02
1.627328e-01
1.219148e-02
2.628993e-01
2.609056e-02
1.849889e-03
1.040878e-01
2.360683e-02
6.879844e-06
4.180694e-03
5.238954e-02
3.144038e-01
2.793968e-02
5.437844e-03
1.269637e-01
1.426141e-02
5.787793e-03
5.924638e-03
5.807126e-02
2.629720e-02
1.926266e-01
2.667708e-02
7.063407e-02
1.566906e-04
2.623320e-02
3.182569e-02
1.336388e-02
4.740053e-02
3.733941e-03
7.077428e-06
1.918852e-02
