1.825575e-02
2.295452e-04
1.126756e-04
4.514415e-04
7.415724e-02
8.478443e-03
1.190817e-02
9.697280e-04
6.114768e-03
5.032316e-02
2.036997e-02
3.807203e-02
4.966794e-03
1.067296e-01
8.374162e-02
1.258126e-02
5.266907e-03
9.528108e-02
3.933608e-02
9.389426e-02
1.598817e-01
3.444196e-02
5.726916e-03
4.233957e-01
4.426633e-02
2.304992e-03
3.280036e-04
2.444664e-02
3.086934e-02
6.379847e-02
4.368656e-02
3.438785e-05
1.721000e-02
8.987893e-02
2.070751e-06
7.665686e-02
2.754778e-02
2.438947e-05
1.213016e-03
6.161038e-02
8.975811e-03
3.532309e-03
3.549087e-02
5.323796e-04
3.824126e-01
7.792210e-03
1.060453e-02
1.200508e-01
1.865422e-02
2.826803e-01
2.009386e-01
1.612308e-02
8.647188e-02
6.117639e-04
8.456098e-02
1.007985e-01
2.930347e-04
5.315643e-03
6.566949e-03
2.789120e-03
4.704966e-01
4.240880e-02
3.625537e-03
6.010754e-02
5.926541e-03
6.315645e-03
8.618209e-02
4.229400e-05
1.553477e-01
3.581254e-02
2.529094e-02
3.381946e-01
2.144535e-03
2.914708e-02
1.208996e-03
1.219846e-01
2.540129e-02
5.667405e-02
4.356390e-03
5.236337e-03
4.643875e-02
2.404471e-04
2.001943e-02
8.687512e-03
3.019681e-03
1.287648e-02
1.851044e-02
1.016268e-02
9.886122e-02
2.862172e-02
2.138593e-02
1.203026e-01
1.163642e-04
8.536957e-03
1.134759e-03
3.979712e-03
1.248513e-01
1.347440e-02
6.780002e-05
1.639104e-02
3.238506e-03
8.901493e-02
1.688308e-02
7.798336e-03
1.774024e-01
1.578985e-01
1.052953e-02
1.369503e-02
1.000980e-01
6.287026e-02
3.330021e-02
7.902772e-03
1.276846e-02
1.586103e-02
2.512206e-02
1.351548e-01
6.718967e-02
4.423879e-03
1.759030e-02
3.624555e-02
7.938666e-02
1.692020e-01
8.836466e-02
1.227063e-02
9.352392e-03
1.054616e-02
1.129977e-02
1.090131e-02
1.547051e-02
1.898462e-02
8.023874e-03
6.024485e-02
8.990341e-02
5.293703e-02
1.138239e-03
2.291518e-03
1.805084e-01
8.660954e-03
1.907799e-01
6.954969e-03
1.493136e-01
1.423834e-02
2.191812e-02
6.390891e-02
2.954574e-03
5.107236e-02
1.004853e-02
9.279368e-03
5.617570e-02
1.856929e-01
2.207278e-02
3.875047e-02
9.472981e-03
5.683322e-03
6.410802e-03
5.951172e-03
6.736888e-03
2.156234e-02
2.124677e-04
6.404306e-01
1.842608e-01
2.140921e-01
6.810334e-02
4.036852e-02
7.932885e-04
3.589807e-01
7.871260e-03
3.128159e-03
5.644485e-02
1.661695e-01
1.158843e-01
3.787251e-02
1.030498e-03
1.158278e-04
1.987305e-04
7.576122e-03
1.164898e-02
1.839608e-01
8.503598e-02
5.310061e-03
3.460136e-01
7.992699e-03
5.952106e-03
4.876486e-02
1.916393e-02
1.112339e-02
2.021495e-01
5.174534e-02
1.630699e-02
1.461966e-07
3.258401e-03
7.970644e-03
3.451854e-02
8.714725e-03
1.039964e-02
3.709880e-02
1.134621e-06
8.490377e-03
2.995655e-01
5.358973e-03
3.057698e-02
1.442961e-01
3.127366e-02
2.956498e-01
1.680603e-01
3.210197e-02
3.553839e-04
4.278755e-03
9.086908e-03
8.550380e-03
3.645207e-03
1.182223e-01
4.390953e-02
6.759593e-02
3.851987e-02
9.806417e-03
1.399366e-02
1.413313e-06
1.762437e-02
3.638003e-02
1.610835e-02
3.109947e-02
3.572744e-02
1.614567e-01
7.716894e-02
6.365561e-03
3.026122e-05
2.874867e-03
1.945745e-04
1.429094e-02
1.538598e-02
8.280857e-02
4.043049e-02
7.675820e-02
2.382491e-04
6.512468e-03
1.084639e-02
4.918405e-02
1.893888e-02
9.545101e-03
2.539011e-02
8.875958e-03
4.834818e-01
6.402927e-03
3.243772e-02
9.907702e-04
4.299273e-02
5.424415e-03
1.927562e-03
6.723300e-02
6.238223e-04
3.637669e-02
1.183953e-01
2.647239e-02
2.559877e-02
5.702159e-02
8.177971e-02
5.001364e-03
3.907055e-01
7.698760e-04
5.212042e-02
3.033674e-02
4.540643e-02
1.028030e-01
1.633530e-01
3.793994e-02
1.486210e-02
3.793787e-02
2.072274e-01
2.909494e-03
4.299988e-02
1.364716e-02
2.182367e-01
2.441278e-02
1.598349e-01
8.062553e-02
3.384615e-03
3.489184e-01
3.383018e-02
9.751054e-02
3.053553e-02
3.590326e-03
9.216466e-03
2.800663e-02
5.870299e-02
3.680540e-02
2.072335e-03
5.232121e-03
1.197887e-01
7.454795e-04
8.871207e-03
1.230504e-01
6.146949e-02
4.872740e-03
1.373832e-01
2.202194e-04
9.559944e-02
4.774037e-02
2.692630e-01
1.019373e-01
4.803448e-02
9.672052e-02
8.132010e-04
1.070478e-02
3.607462e-02
3.588140e-02
4.624828e-02
2.056250e-02
2.600806e-01
9.065209e-04
9.316025e-04
5.811083e-02
8.566622e-02
4.193306e-02
3.736065e-02
1.191443e-02
1.621795e-03
2.621996e-02
8.601826e-02
1.189762e-02
3.388392e-03
1.019429e-01
6.716883e-03
2.028024e-02
3.679804e-02
1.715614e-04
2.074607e-01
1.276383e-02
1.110840e-03
3.130864e-02
6.907307e-02
2.103125e-04
4.221851e-03
3.505168e-02
8.875573e-02
1.231270e-03
2.913340e-02
1.847202e-03
3.685121e-02
8.576849e-04
3.619044e-02
6.896179e-02
1.169514e-06
4.181561e-03
1.513993e-03
5.998112e-03
8.551435e-02
3.291492e-02
5.852890e-02
4.163580e-03
2.021586e-03
2.276177e-03
1.806155e-01
8.862601e-03
8.622435e-04
2.444956e-02
6.134165e-02
1.467504e-02
4.793969e-02
7.427416e-02
3.149668e-02
4.818112e-02
5.622387e-03
5.250610e-03
7.493550e-05
3.965175e-01
8.075857e-02
2.828812e-01
1.171286e-02
3.420725e-02
7.283588e-02
3.831014e-04
6.620917e-04
9.386760e-03
1.365015e-02
9.911641e-02
9.510229e-02
3.667709e-02
1.308738e-02
2.227765e-02
5.668561e-02
1.672742e-03
1.318223e-01
2.835382e-04
7.944485e-02
4.634705e-02
9.144909e-03
3.025236e-03
1.688680e-04
3.509286e-05
4.670414e-04
1.207185e-01
2.794750e-02
1.111134e-02
7.770816e-02
3.978758e-03
3.176035e-03
4.955176e-02
2.767925e-02
8.244321e-03
2.041780e-02
3.038447e-03
1.261373e-01
3.022315e-03
2.073199e-03
3.902621e-03
6.472817e-02
3.511524e-02
1.709371e-02
4.648785e-02
6.161823e-02
5.624450e-03
1.374359e-03
6.365623e-02
7.505032e-03
6.717976e-03
6.933017e-02
3.945602e-02
2.503926e-02
4.977218e-03
3.707406e-03
1.043252e-01
6.602314e-02
1.271967e-01
8.421805e-02
9.362270e-03
1.157096e-03
1.405437e-01
3.033041e-02
7.476010e-04
6.116699e-02
1.672180e-01
8.298251e-04
2.065644e-03
2.432624e-02
2.208725e-03
1.314238e-01
7.880153e-02
5.104117e-02
1.185352e-02
4.145673e-03
4.852709e-02
1.502105e-02
2.416563e-01
2.422460e-03
1.408407e-03
1.061665e-01
1.252578e-02
2.681217e-01
5.681430e-02
7.897269e-02
2.875512e-02
5.326587e-03
1.337928e-02
3.174738e-03
6.776889e-03
5.646652e-02
4.668686e-02
5.749452e-02
1.601158e-02
1.726874e-01
1.487885e-02
4.821533e-02
4.691580e-06
1.267747e-03
3.441418e-02
3.040041e-02
1.392314e-02
2.948572e-01
4.464308e-02
2.939925e-02
7.746182e-02
1.257942e-01
7.113643e-03
2.901907e-04
3.353364e-03
1.039950e-01
2.204473e-03
1.494892e-01
2.746850e-02
2.813993e-02
4.744340e-02
1.213483e-01
1.094078e-02
8.987217e-04
4.309197e-03
1.728726e-02
1.483268e-01
2.210138e-02
8.731560e-02
1.283784e-04
7.700008e-02
1.105063e-02
5.069956e-03
2.911480e-02
8.129101e-02
5.590421e-03
5.361535e-02
2.062581e-02
6.820232e-04
1.906487e-01
2.024882e-02
1.562899e-01
1.227125e-03
1.916600e-04
6.033956e-02
1.385605e-01
1.132401e-01
1.342139e-02
9.013676e-02
2.086109e-02
2.617649e-01
9.015759e-02
1.954529e-02
3.471376e-02
4.762222e-02
8.275108e-02
1.799030e-02
2.497231e-02
1.036060e-02
9.962275e-02
2.053648e-03
8.790273e-03
3.109054e-04
3.839244e-02
3.027553e-01
9.682980e-04
2.790142e-02
2.702767e-03
1.088089e-01
7.319134e-02
3.049840e-04
1.692328e-01
3.019484e-03
7.387115e-03
1.749273e-01
2.940855e-03
2.274143e-02
1.068506e-01
6.119986e-04
7.267961e-03
4.500925e-02
4.318399e-03
5.376407e-04
1.743170e-02
8.025595e-02
2.085721e-02
4.109702e-02
3.389037e-01
1.533815e-03
5.882135e-02
1.815536e-03
9.393391e-03
4.710483e-05
3.871201e-03
1.089130e-01
4.191978e-02
3.518405e-02
3.783880e-03
1.682882e-01
1.522183e-03
6.172249e-02
3.136147e-02
7.730198e-03
9.762692e-03
4.127699e-04
6.659771e-04
3.958028e-02
3.591989e-02
1.244099e-01
6.960349e-04
1.057106e-01
2.320542e-03
2.652646e-02
3.357240e-01
1.329488e-03
1.478861e-06
2.813888e-02
1.210936e-02
1.511346e-01
1.948987e-03
2.606850e-02
3.354076e-03
9.085422e-02
1.704584e-02
1.238689e-01
6.873450e-02
1.709690e-01
1.959057e-02
1.733184e-02
3.345566e-02
2.704457e-02
4.650389e-02
1.459750e-02
