5.317239e-03
1.125203e-01
7.092473e-03
1.563764e-01
1.854400e-03
4.594196e-02
1.387744e-02
3.617754e-03
2.013512e-03
3.425381e-04
2.775963e-02
1.676932e-02
1.229383e-02
6.631019e-03
3.576052e-03
3.388271e-03
1.080246e-04
1.323135e-01
9.901111e-02
2.655445e-02
1.862437e-02
5.945059e-04
3.015152e-03
4.115873e-02
3.362298e-04
2.506112e-02
1.913284e-02
1.992308e-04
3.001919e-02
2.227631e-03
5.938356e-02
2.739426e-03
1.134316e-01
5.916773e-03
5.417680e-02
9.546608e-03
6.530388e-02
7.585114e-02
2.996323e-03
2.721263e-03
1.007526e-01
5.389226e-04
1.302080e-01
6.249632e-02
2.085281e-02
9.731987e-02
8.338192e-05
1.402066e-02
1.198515e-02
2.340506e-02
1.277062e-01
2.100697e-04
1.053354e-02
1.634563e-04
8.928999e-02
5.228850e-02
2.472654e-02
3.702185e-02
6.013959e-04
6.780328e-03
5.173828e-03
2.820328e-02
3.500391e-02
4.040468e-05
3.450038e-02
3.642653e-04
1.303360e-02
5.405935e-03
3.409899e-04
2.011131e-04
3.836022e-02
1.125685e-02
1.906776e-03
7.192779e-02
3.190883e-03
1.319862e-01
5.772146e-02
1.541534e-03
7.417689e-03
8.859104e-02
7.366337e-02
1.464695e-02
2.381705e-02
6.457447e-04
1.038865e-01
2.565199e-04
4.949697e-02
7.230713e-03
1.926564e-03
3.635211e-03
6.906898e-03
5.884375e-02
4.092579e-02
1.648987e-02
2.843403e-03
1.094736e-03
4.347550e-02
3.335304e-02
4.155896e-02
3.275313e-04
3.354391e-02
1.903541e-02
3.555251e-01
2.159550e-03
4.084871e-03
2.411377e-03
1.013288e-02
1.903098e-02
3.668789e-02
7.543695e-05
8.224673e-03
1.153084e+00
7.717227e-03
8.278282e-05
1.094812e-02
5.617336e-02
1.433568e-02
1.415321e-02
8.370154e-03
1.380214e-02
1.651144e-05
1.780469e-02
5.000212e-02
5.746922e-02
7.935899e-02
7.253857e-03
3.708835e-02
4.292338e-02
3.434278e-02
8.701765e-02
9.766296e-02
1.091524e-01
1.709880e-02
2.114667e-01
6.589523e-02
1.983218e-02
8.486418e-02
9.837300e-02
4.622830e-03
3.798267e-02
1.477899e-02
2.192767e-01
2.827919e-03
1.725727e-02
4.751079e-03
4.024688e-03
4.031594e-04
2.557541e-02
1.486976e-02
9.297906e-05
3.228894e-01
6.687030e-03
4.354063e-02
1.027383e-02
3.825959e-04
1.007557e-01
1.377875e-02
4.163408e-02
1.436705e-03
4.985300e-02
1.998010e-02
1.053926e-04
7.941590e-02
1.999283e-04
4.674994e-02
2.828026e-07
1.109351e-01
4.989658e-03
1.967728e-01
4.106750e-03
2.012255e-02
2.838043e-04
1.740325e-01
4.031913e-03
3.828797e-02
7.626000e-03
3.604165e-04
8.326747e-03
7.427010e-03
4.465349e-03
2.239831e-02
6.933952e-03
2.116836e-03
1.125152e-04
6.718075e-02
4.204872e-01
1.725433e-02
6.811378e-03
1.395620e-01
8.702654e-03
2.082717e-02
8.120393e-02
5.319713e-04
2.096031e-02
1.486705e-03
2.407296e-02
2.245727e-01
1.603953e-02
1.202142e-01
1.639305e-01
1.834225e-02
1.487875e-02
1.890747e-03
1.600068e-03
2.181412e-02
1.797859e-03
9.845535e-04
1.306051e-02
7.384825e-02
1.344459e-02
1.418176e-02
5.793517e-02
5.665346e-02
8.605203e-02
4.004930e-02
5.548356e-03
4.441832e-02
2.752089e-02
2.221493e-02
1.256880e-01
1.591318e-01
2.257678e-02
9.933025e-02
3.305027e-02
1.836447e-04
3.252363e-01
3.270343e-01
2.326668e-01
4.943163e-05
2.313241e-04
1.883449e-01
3.109141e-03
1.170219e-02
3.134619e-03
1.517891e-01
4.663314e-02
1.915667e-02
3.681027e-02
2.808933e-02
9.457391e-03
3.995127e-02
2.381507e-01
3.896943e-02
3.519495e-02
4.080187e-02
8.730870e-02
1.769767e-01
6.984080e-02
4.606449e-02
1.978785e-03
3.489500e-02
1.930548e-02
1.316705e-04
5.279982e-02
1.317369e-02
1.127081e-02
7.163188e-03
1.692778e-02
2.139076e-01
4.251726e-03
1.001514e-01
1.437032e-02
3.175707e-02
1.943229e-02
1.382364e-02
4.431722e-03
6.150987e-03
1.060723e-02
1.517790e-02
2.741919e-03
1.938611e-02
9.548344e-02
5.078862e-02
1.389263e-04
1.409426e-02
3.080694e-01
1.662251e-01
2.135020e-03
9.694270e-04
1.151313e-02
7.730541e-03
6.456432e-02
1.362725e-02
9.739851e-02
1.168354e-01
2.595258e-02
1.113167e-01
6.754267e-03
6.707829e-02
1.377575e-03
5.804464e-02
1.106499e-02
1.827873e-02
3.686761e-02
3.129132e-03
1.206410e-01
6.949752e-03
1.194195e-02
2.982226e-04
9.492425e-03
7.609925e-04
2.048215e-02
9.159799e-02
1.103990e-01
7.104575e-05
2.966592e-02
2.489912e-03
1.146115e-02
4.150455e-02
4.308314e-01
4.298649e-02
6.187473e-03
1.956340e-01
3.131937e-02
2.902732e-02
6.713737e-02
5.880881e-03
8.494360e-03
2.998076e-01
3.495265e-02
4.020232e-07
2.302766e-03
1.336451e-01
1.700329e-02
1.246334e-01
1.885203e-02
3.282001e-02
2.395920e-04
5.306277e-02
8.709349e-02
6.461372e-05
1.327913e-01
1.188463e-01
4.613957e-03
8.777190e-02
9.779302e-04
7.941767e-02
2.919613e-02
8.855974e-02
5.623029e-03
9.027733e-04
1.066458e-01
4.771765e-02
2.342071e-02
3.423564e-02
1.577099e-02
1.412997e-01
1.905646e-02
1.187388e-02
7.318350e-02
1.933597e-03
4.329147e-03
1.361870e-02
6.994838e-04
1.008963e-01
7.862679e-02
1.398197e-03
6.576634e-02
2.248471e-02
6.562143e-02
1.462726e-01
3.039273e-02
1.499108e-03
1.773035e-02
4.253647e-01
5.579295e-04
8.177836e-02
1.175734e-03
4.308121e-02
7.431146e-02
4.178664e-04
4.052407e-03
3.344624e-04
7.255198e-03
1.808318e-01
9.533183e-03
3.408421e-03
7.339815e-02
5.446273e-02
1.560223e-02
1.687192e-01
4.072575e-02
2.574147e-02
7.730903e-03
2.272553e-03
4.492505e-03
1.895285e-01
8.854340e-02
7.096661e-02
8.054055e-02
4.394092e-05
8.006128e-03
1.612941e-02
2.724960e-02
3.654765e-02
2.111045e-01
6.237998e-02
4.390559e-04
2.414959e-02
5.479274e-02
2.270474e-03
6.838257e-02
7.440802e-02
2.965880e-01
3.613137e-02
3.604445e-02
8.985846e-02
4.251216e-02
5.208836e-02
2.019710e-02
4.368168e-02
5.551629e-03
1.694211e-02
4.468979e-02
1.404364e-04
1.982255e-04
4.331657e-02
7.308937e-02
4.011855e-02
2.451922e-02
1.935649e-03
4.153450e-04
5.551971e-03
1.311679e-03
3.656468e-02
8.490384e-02
2.136284e-03
4.123538e-02
1.468430e-01
1.090716e-02
1.323484e-02
5.296509e-03
2.625866e-02
2.080977e-02
4.541422e-02
3.698653e-02
2.391795e-02
3.580372e-02
1.187618e-01
1.047176e-02
2.515732e-03
4.516203e-02
3.566893e-02
1.458611e-01
3.674186e-02
4.025802e-02
2.825301e-03
1.754867e-02
4.121724e-02
3.223536e-02
4.136175e-04
4.989641e-03
1.519637e-04
3.703630e-02
1.500457e-02
5.893497e-02
9.297489e-02
1.071855e-02
1.286506e-02
6.655743e-02
1.063241e-02
3.657559e-04
1.034615e-02
4.527592e-02
3.980214e-02
3.793199e-04
3.929892e-02
2.475904e-03
1.070154e-01
5.844561e-04
1.344156e-01
1.967131e-01
2.265197e-01
6.730857e-02
3.745686e-03
7.912570e-02
7.407966e-02
7.541759e-07
1.702426e-01
5.810350e-03
1.379157e-01
2.943021e-04
2.153977e-02
1.209798e-04
2.375856e-02
1.828483e-03
7.450036e-02
2.018659e-01
2.535970e-03
7.434201e-02
1.746641e-03
3.207132e-02
1.258842e-01
3.083500e-02
1.265593e-04
2.105888e-02
3.860759e-02
2.328064e-03
1.120887e-01
7.526827e-03
4.539064e-02
1.908905e-03
2.213738e-04
1.282539e-03
2.325985e-02
1.120532e-02
4.298139e-03
3.549021e-02
2.988914e-03
3.197444e-02
6.148693e-03
6.162343e-04
8.515445e-04
7.276264e-02
2.286347e-01
9.815953e-02
1.627878e-02
2.933510e-02
5.099645e-06
4.909340e-02
1.486929e-02
1.574008e-01
1.479615e-04
1.891489e-03
2.408936e-03
4.095348e-01
2.008709e-01
4.637678e-02
3.366058e-02
1.738633e-01
2.617473e-02
1.436714e-03
6.235303e-03
1.604219e-02
6.209034e-04
3.329586e-02
1.536109e-02
1.796430e-05
3.343847e-01
6.454354e-03
3.275012e-01
1.608624e-03
5.281393e-02
8.809446e-03
1.401054e-01
3.004172e-02
1.811853e-01
4.679801e-02
1.993483e-02
3.115020e-03
1.203622e-01
2.908073e-02
6.575644e-03
2.595917e-04
1.611734e-02
3.763094e-03
1.266936e-03
1.035141e-02
9.956198e-02
2.942322e-02
1.246964e-01
2.670400e-02
2.094280e-01
2.370582e-02
5.033908e-02
3.717206e-03
4.368062e-04
2.501200e-04
1.962832e-02
4.196723e-02
8.670063e-03
7.571664e-03
2.331658e-02
3.118548e-03
3.959819e-02
1.459701e-01
1.001442e-01
4.756090e-02
1.136143e-02
2.114116e-03
4.745228e-02
5.601339e-03
2.345528e-03
6.265259e-02
2.217446e-01
1.128125e-03
3.718662e-02
5.331907e-04
7.542717e-03
3.504824e-02
6.352874e-02
6.832706e-05
1.493366e-02
8.653739e-02
