2.528441e-02
1.560926e-03
5.639765e-04
2.700537e-02
4.062446e-02
1.530456e-02
4.728778e-03
2.809815e-02
3.291562e-02
8.165722e-02
8.152113e-03
2.785222e-02
1.038176e-02
1.234381e-02
2.078783e-02
2.652377e-02
9.736324e-03
8.754949e-02
7.410700e-02
5.274102e-02
3.949152e-02
2.608489e-04
3.517767e-02
4.906482e-03
1.362947e-03
2.422287e-02
1.636593e-01
7.000484e-02
5.520959e-02
1.649669e-05
1.711877e-01
1.403049e-02
2.763582e-01
2.245898e-02
3.968934e-02
4.343786e-03
4.866428e-03
1.627204e-02
4.134823e-02
8.555337e-02
6.490319e-02
6.631098e-03
8.464841e-04
6.886394e-02
4.264848e-02
3.183319e-02
1.302382e-02
1.212643e-02
4.551319e-02
1.783312e-03
5.544940e-02
4.206719e-02
1.065374e-04
1.358950e-01
3.851363e-02
6.380536e-03
4.385402e-02
6.878087e-04
7.453856e-02
7.519087e-02
2.400333e-04
3.953390e-02
3.801371e-02
9.398326e-02
5.086683e-02
5.981635e-02
1.137046e-03
9.124829e-02
2.639012e-02
3.675919e-03
8.457635e-03
1.107886e-02
2.359876e-02
7.745848e-02
1.045775e-02
6.809182e-02
1.694905e-03
3.412225e-02
4.303367e-02
9.668981e-02
1.140830e-02
5.979458e-03
4.453440e-03
6.929087e-04
6.270756e-04
2.115902e-01
3.060372e-03
3.869413e-03
2.105520e-03
7.477495e-04
1.850759e-03
4.211640e-02
7.606357e-02
1.561134e-03
3.311713e-05
2.488753e-02
6.205520e-02
1.398533e-01
1.561300e-01
8.591263e-03
9.408144e-03
2.734955e-01
2.205898e-01
6.054034e-02
3.016066e-01
7.560832e-02
7.376523e-04
6.770185e-04
5.037394e-02
8.084918e-02
1.792146e-04
1.480080e-01
1.456281e-02
1.501723e-02
5.108635e-02
1.458528e-01
5.482707e-04
4.663790e-03
1.818518e-03
2.008416e-02
3.377478e-03
4.754487e-02
4.919250e-04
7.243319e-02
1.549658e-05
3.762130e-02
8.591640e-02
3.680408e-03
3.015434e-03
5.814912e-03
3.472233e-04
1.363708e-02
5.019947e-02
1.228598e-01
1.274055e-02
3.307208e-04
1.375829e-01
2.677102e-01
4.139433e-02
7.670414e-02
7.306103e-02
7.627968e-03
4.244405e-03
5.126600e-01
1.461941e-03
9.396243e-02
3.618032e-04
1.351427e-01
4.652496e-02
4.284326e-02
1.135723e-01
1.443077e-02
5.555397e-02
1.569122e-03
2.283772e-02
4.886291e-02
2.020662e-03
7.355763e-05
2.307656e-03
6.714474e-01
3.074190e-02
3.422235e-05
1.275734e-03
6.660266e-03
1.016871e-01
5.399193e-02
1.111375e-02
2.843935e-03
5.010231e-02
6.131927e-02
3.157594e-03
1.393577e-02
6.761859e-03
3.213627e-01
4.901846e-02
3.743195e-03
1.174856e-03
6.221165e-02
5.622774e-03
1.984887e-02
5.615234e-02
3.784130e-03
2.124868e-02
2.143631e-02
1.367891e-01
7.891711e-02
1.237158e-01
3.336500e-05
1.917468e-02
2.688671e-03
2.351076e-02
1.153817e-01
6.368572e-04
3.139180e-03
7.515967e-06
1.076652e-01
6.087884e-03
2.022794e-02
1.526488e-02
1.666678e-01
2.369862e-02
1.132017e-02
1.628097e-01
6.471061e-02
1.052298e-01
6.939885e-02
1.238570e-02
1.650467e-02
1.490615e-03
1.221271e-01
6.533296e-02
1.669547e-04
1.125058e-03
6.650969e-02
1.960645e-03
3.862640e-02
4.328003e-02
2.592456e-02
9.376543e-02
1.271775e-03
4.354186e-02
2.730681e-02
6.502658e-02
4.341349e-02
2.034567e-02
1.262568e-02
1.483603e-01
3.484134e-02
3.978104e-02
8.379450e-02
9.445838e-02
2.733325e-02
3.047903e-03
3.432553e-02
1.023906e-02
1.412496e-01
5.657613e-02
9.484061e-03
6.250091e-02
1.662602e-02
3.835835e-02
3.507774e-02
1.540842e-02
6.346664e-04
1.378428e-01
2.397392e-04
8.624502e-04
6.857538e-02
4.665951e-04
7.079693e-02
7.113711e-03
9.355091e-03
4.139059e-02
3.179241e-01
7.961475e-03
2.649308e-03
3.524123e-01
4.907817e-03
9.160770e-02
1.842113e-02
9.921065e-03
1.079621e-02
2.272596e-02
2.326787e-02
4.375118e-02
3.015836e-01
1.457319e-01
1.436343e-01
1.543496e-01
8.655107e-05
1.658771e-01
4.172002e-01
9.831150e-02
4.673565e-03
3.408078e-01
1.026423e-01
5.096586e-03
2.046022e-03
5.316565e-04
6.165197e-02
1.025894e-01
7.566228e-02
4.764634e-04
1.252447e-01
7.797610e-05
1.163171e-02
7.321844e-05
1.119909e-02
1.860506e-02
1.424449e-01
9.180815e-02
4.596710e-03
1.457782e-02
1.019156e-01
1.257566e-01
5.983143e-03
8.136439e-02
2.011213e-03
5.945153e-02
7.105444e-02
4.185068e-04
3.195146e-03
2.017790e-03
1.001978e-01
8.172570e-05
4.111537e-02
3.437717e-03
7.417799e-02
2.567065e-02
1.883473e-02
6.065490e-03
8.841892e-04
8.411472e-03
1.614677e-01
6.533103e-03
1.474483e-03
7.127218e-02
3.440946e-02
2.046743e-02
4.897731e-01
1.035669e-03
2.337222e-04
2.116129e-02
2.173556e-02
2.074735e-04
1.444372e-01
4.487840e-02
4.111396e-03
1.100507e-01
5.380534e-03
2.489438e-02
2.104845e-02
3.893428e-01
2.114476e-03
6.264223e-02
3.865694e-02
6.032334e-03
5.914221e-02
4.495556e-02
2.934360e-04
2.995379e-02
2.673505e-02
1.094799e-01
1.261986e-02
1.962136e-03
1.542285e-02
2.431082e-03
1.425978e-02
1.912554e-02
1.077935e-01
3.123361e-03
7.716971e-03
3.976913e-02
5.145752e-02
2.633878e-03
3.853494e-02
1.268355e-02
3.104502e-02
9.084258e-02
1.275599e-02
1.754429e-02
4.595090e-02
3.426642e-02
2.269448e-04
7.803411e-02
4.038530e-02
2.203247e-02
1.370110e-03
3.745747e-02
4.416521e-02
1.099985e-02
2.805145e-02
7.483803e-03
4.319234e-02
5.080886e-02
1.089538e-02
2.865088e-02
1.769228e-02
1.192488e-02
3.374925e-02
1.557369e-02
3.779157e-04
1.726113e-01
2.144120e-01
5.325074e-03
3.226803e-02
1.814272e-01
6.939686e-03
3.735582e-03
3.632339e-02
2.458032e-03
1.075644e-01
1.038660e-02
5.093078e-03
2.581789e-01
3.965168e-02
3.132582e-02
7.542571e-03
1.394100e-01
1.358321e-02
1.033822e-03
3.719387e-03
2.675319e-02
1.176227e-02
4.628917e-02
6.270002e-04
9.972317e-02
1.984222e-02
4.446647e-02
3.353602e-03
2.141363e-01
1.883723e-02
2.999686e-05
5.483087e-05
2.465768e-02
5.332705e-03
1.061861e-02
2.252388e-02
5.274090e-04
1.024154e-03
4.124848e-02
6.241403e-02
8.917425e-03
1.135904e-03
1.036587e-02
1.788755e-01
6.465091e-03
1.426994e-02
5.154452e-03
1.047808e-02
1.190900e-01
1.956137e-03
4.086023e-02
3.226254e-01
3.938153e-02
1.696495e-03
2.825275e-02
1.127415e-01
1.250797e-01
1.901736e-02
1.184876e-06
6.759440e-03
1.269131e-01
1.230503e-01
1.380969e-04
4.861547e-02
2.310565e-02
8.324819e-06
2.280420e-03
2.513720e-02
8.584927e-02
7.837225e-03
2.033914e-02
3.008096e-02
1.487977e-04
2.859085e-02
5.758699e-03
1.825943e-01
1.398595e-01
8.819535e-02
3.571469e-04
1.101577e-02
7.185572e-03
6.662624e-02
5.081953e-02
2.097920e-01
1.206877e-02
4.132451e-02
3.339402e-01
9.726954e-03
1.147507e-03
5.968946e-02
3.925231e-01
3.087527e-04
1.844057e-01
7.784890e-02
3.500359e-01
3.069359e-03
1.298962e-01
2.073788e-02
2.550085e-04
7.754757e-02
1.842367e-02
5.975019e-02
4.695427e-02
2.619477e-02
2.795942e-02
1.482697e-01
1.514304e-04
8.991657e-06
6.867180e-03
7.507168e-03
1.365719e-02
8.421879e-02
1.001811e-03
2.700420e-01
1.354026e-02
9.532703e-03
9.401001e-03
5.290505e-02
2.534187e-04
1.371587e-04
1.877244e-02
3.019370e-02
1.927842e-02
9.090463e-03
9.368622e-07
6.666383e-01
7.366350e-02
7.161206e-02
1.384359e-02
6.888914e-03
5.137218e-02
8.266304e-02
2.451496e-01
5.230615e-02
1.876066e-01
1.722694e-04
5.490221e-02
1.099470e-02
8.027460e-03
8.660327e-03
3.281505e-02
5.601105e-03
3.425960e-02
1.699495e-01
1.295133e-03
1.825720e-02
4.742577e-02
5.195117e-02
3.280954e-03
1.413904e-01
5.055964e-02
4.817789e-02
5.153506e-01
1.370529e-02
1.014952e-04
4.940325e-02
6.174770e-02
7.659108e-02
8.117778e-03
2.556350e-03
1.837301e-02
9.892644e-03
2.434210e-02
6.316336e-05
1.942325e-02
1.330312e-02
4.880819e-02
2.987097e-02
7.538134e-02
6.709335e-04
8.751820e-02
9.844311e-04
4.148066e-02
2.885516e-02
2.879675e-03
4.195215e-03
6.503696e-04
8.779036e-04
8.817896e-04
1.416659e-03
1.208466e-01
9.011215e-03
6.209582e-03
8.530286e-04
2.578737e-02
7.324429e-03
4.690112e-03
1.059471e-01
5.682048e-03
8.937822e-02
4.520704e-04
2.495311e-01
4.897384e-03
2.629471e-02
5.018250e-02
3.625109e-02
6.480982e-02
6.704023e-07
5.864764e-05
1.498656e-01
2.680574e-03
5.813326e-04
3.767446e-02
2.146965e-04
8.013081e-05
1.871276e-01
3.900317e-03
1.331843e-01
2.240194e-02
1.515477e-02
2.402877e-05
3.980434e-03
