5.429485e-02
3.882644e-02
3.019614e-02
9.176909e-03
1.785510e-01
6.894232e-03
1.143044e-02
6.520806e-02
7.092529e-02
1.332336e-01
1.537238e-03
6.497101e-06
1.394249e-04
5.377138e-03
3.706629e-02
1.306944e-01
5.794569e-03
4.956968e-02
1.113517e-02
6.257755e-02
4.886680e-02
5.095471e-03
2.442482e-03
1.259192e-01
2.798882e-03
9.906745e-02
3.099811e-02
9.041654e-03
3.078505e-03
1.709373e-01
7.971493e-02
1.977093e-04
2.638333e-01
1.077771e-02
4.945964e-03
7.134007e-03
5.669457e-02
1.093185e-01
4.514512e-02
1.880079e-03
3.175235e-02
6.924835e-02
2.641363e-02
1.887827e-02
9.527292e-04
1.221527e-09
6.352133e-02
7.413942e-04
5.668359e-03
3.589271e-01
9.266613e-03
4.327348e-02
3.503388e-03
1.519752e-02
1.480306e-01
1.644856e-02
4.555945e-02
2.416950e-02
1.825191e-02
2.033494e-04
4.923691e-02
4.355458e-02
7.316728e-03
3.153143e-03
3.685914e-03
5.664773e-02
2.128724e-01
4.907279e-02
7.579800e-02
2.021066e-03
1.266305e-02
7.071721e-02
2.005430e-04
1.907409e-02
1.150832e-01
2.595160e-02
3.109472e-02
1.911507e-02
4.179042e-03
3.857680e-03
5.612946e-02
6.265517e-04
4.640700e-01
9.281934e-03
4.131913e-02
3.684300e-01
1.122355e-03
2.622201e-03
2.881044e-02
2.030269e-02
1.334908e-01
4.224470e-03
2.649916e-02
1.056985e-02
6.684826e-03
2.233982e-03
1.580320e-02
1.185871e-05
1.854523e-01
8.977808e-02
2.319635e-02
3.533423e-02
1.795659e-01
9.545269e-02
3.413622e-01
1.754846e-02
3.897517e-02
8.354116e-02
1.874458e-02
2.299985e-02
9.136955e-02
2.916494e-01
1.402263e-04
1.531571e-02
2.004978e-04
1.203196e-01
4.925612e-02
8.611476e-05
1.798500e-02
2.649609e-01
1.095558e-02
8.588369e-02
2.255104e-03
4.021788e-02
1.028987e-01
4.315690e-02
3.072043e-02
3.425726e-02
4.969205e-04
2.332830e-04
7.194758e-02
2.715263e-02
3.958447e-02
1.065398e-02
1.616476e-01
1.019579e-02
2.228027e-03
1.440185e-02
1.228214e-01
6.198974e-03
2.845729e-02
1.281019e-01
2.346652e-03
7.138437e-03
2.834168e-03
3.970730e-04
3.529874e-04
2.166506e-03
5.091166e-02
8.702833e-02
6.402689e-02
7.448408e-07
3.753725e-02
6.849737e-02
1.791114e-01
6.170371e-03
1.204927e-01
1.612258e-02
5.573968e-02
1.703539e-01
6.383392e-02
3.729809e-02
6.558483e-02
5.250059e-02
5.347772e-02
1.014047e-01
2.570838e-01
1.854348e-02
2.380173e-02
5.136387e-02
1.133563e-01
1.416388e-01
1.436729e-03
2.347914e-03
7.624149e-03
3.413911e-03
5.152236e-02
5.903984e-03
6.635563e-03
1.496801e-02
2.811057e-05
1.682506e-03
2.135547e-02
1.500226e-02
3.228003e-01
3.082946e-02
2.509392e-03
1.832411e-04
3.775405e-03
5.403743e-03
7.158890e-02
1.040696e-02
4.186016e-02
2.089080e-02
2.609351e-03
4.868976e-06
1.117863e-01
3.944478e-03
5.451046e-02
1.616334e-01
2.011210e-04
1.098617e-02
6.362159e-03
6.866885e-03
5.030185e-03
1.385673e-01
6.724475e-02
6.378241e-02
1.652716e-02
7.087972e-03
7.271277e-05
1.197487e-02
7.613714e-05
9.294430e-03
3.049770e-02
4.853884e-02
1.184284e-02
2.266284e-02
6.173000e-02
1.061969e-02
5.574590e-02
5.229389e-03
3.241486e-03
3.175044e-04
8.854689e-02
1.171046e-02
1.135248e-02
5.750345e-02
4.409523e-01
1.334416e-01
1.263014e-01
5.261806e-03
2.258934e-02
1.103233e-02
2.661942e-02
9.744954e-02
5.436251e-03
2.019433e-01
4.252531e-03
1.407757e-02
1.865116e-02
3.665930e-04
3.241033e-02
9.335201e-03
1.155979e-02
2.922327e-02
2.758156e-03
1.024844e-01
7.265529e-02
1.596868e-01
7.042024e-02
2.275473e-01
3.785482e-02
4.185724e-03
5.021322e-03
1.505905e-04
5.278114e-02
2.341281e-03
1.172083e-01
8.994120e-02
3.210056e-03
5.134615e-01
8.973246e-03
8.173901e-05
7.143123e-04
2.153591e-03
1.108173e-02
6.117554e-02
5.890393e-02
1.300080e-03
2.860197e-03
8.507707e-04
4.098813e-02
6.442937e-03
9.599624e-05
2.030582e-01
3.051713e-03
1.942339e-02
2.776462e-02
1.060243e-02
1.745727e-02
1.356388e-04
2.971852e-02
5.556398e-02
1.024201e-02
5.967664e-02
6.838190e-03
7.084508e-02
2.701400e-02
6.822691e-03
2.176343e-01
1.364404e-02
3.611241e-01
8.977512e-02
2.210334e-01
2.017332e-02
4.341883e-02
1.451344e-02
4.435184e-02
1.360701e-02
8.763809e-04
1.155969e-05
3.045196e-03
2.672691e-02
2.620930e-02
2.972577e-02
1.264677e-01
2.962031e-05
2.523025e-02
6.222669e-02
3.545553e-02
1.003185e-01
1.034696e-03
1.466433e-03
1.490522e-02
1.545534e-02
1.006135e-02
1.141973e-01
1.488386e-02
1.406891e-03
6.906931e-02
1.645838e-02
3.953885e-02
2.543173e-02
2.695745e-02
2.744423e-02
2.334704e-02
2.703833e-02
2.826199e-02
2.014617e-03
8.452975e-02
1.225387e-02
2.936859e-02
5.160776e-02
9.591023e-03
1.980460e-03
1.157452e-01
1.001004e-03
1.093411e-01
4.869343e-03
1.786464e-04
2.956007e-02
4.057544e-03
3.941249e-02
6.669487e-03
2.339323e-03
6.938580e-02
5.384336e-02
5.226285e-02
2.241759e-03
2.043682e-01
1.634705e-02
5.038947e-04
1.021982e-02
9.322906e-02
4.896710e-02
4.490228e-03
4.676166e-02
4.445350e-03
7.052030e-02
1.564232e-01
9.303461e-04
6.126231e-06
5.081354e-03
9.293281e-05
5.036453e-05
7.748834e-02
4.496070e-03
4.603050e-03
1.468395e-02
9.474036e-03
1.234524e-02
2.191055e-02
1.842064e-02
9.436616e-03
1.086647e-03
1.267512e-02
8.125624e-04
7.523027e-05
2.755703e-03
8.652596e-05
2.878214e-02
3.299648e-04
4.404229e-02
7.417505e-03
1.603308e-02
2.847653e-04
4.654129e-03
5.412172e-02
4.824969e-02
7.506398e-02
2.975812e-02
6.294835e-02
3.834038e-02
1.900306e-01
2.082289e-03
2.307982e-02
1.513384e-02
2.216596e-04
1.123765e-02
4.650537e-05
1.359867e-04
3.435062e-02
3.904695e-02
2.496378e-02
1.110923e-02
4.995278e-03
1.130341e-01
2.813075e-03
2.998771e-03
3.372569e-02
1.386456e-02
4.904232e-02
2.689873e-01
5.933153e-03
2.491224e-02
2.242331e-04
1.594611e-04
9.929345e-03
1.298185e-01
6.046006e-02
2.826443e-04
4.048244e-03
7.734510e-03
1.022077e-04
7.802131e-03
4.677195e-03
4.840634e-02
1.174066e-01
1.460556e-01
6.005232e-04
5.760654e-02
3.457848e-02
1.652938e-04
1.482558e-02
7.181243e-02
3.483208e-03
6.499430e-03
8.014709e-03
9.991414e-03
3.910133e-02
1.215192e-02
9.148942e-02
1.860511e-01
1.646434e-03
3.262303e-02
6.468222e-02
2.477743e-01
1.999956e-02
1.094064e-01
7.709017e-02
5.294558e-03
5.913969e-03
4.769454e-03
1.201221e-01
1.953508e-04
3.294313e-02
3.649007e-02
1.467798e-03
3.759980e-03
5.591406e-02
6.117889e-02
1.242904e-01
5.628342e-02
1.479538e-02
3.088879e-04
6.406415e-02
6.630846e-02
3.008361e-02
2.242804e-02
3.505773e-02
4.761978e-03
2.059342e-02
4.272341e-03
1.719990e-02
1.032697e-03
1.525909e-01
2.922531e-02
9.450940e-02
9.094391e-02
3.499829e-05
1.886015e-02
1.135120e-03
1.027344e-02
6.658048e-04
1.101194e-04
3.379705e-02
3.269682e-01
4.107181e-02
3.557833e-02
4.363691e-03
9.063352e-04
4.539499e-03
1.357130e-01
1.223936e-03
5.689777e-03
5.054043e-03
2.739397e-02
1.958226e-03
1.467432e-01
1.018885e-01
2.084424e-05
3.860727e-02
5.643014e-02
1.536351e-01
8.056444e-03
2.198191e-02
2.119590e-01
5.137551e-04
4.017462e-02
1.773707e-03
1.567425e-02
1.069482e-02
2.741400e-02
7.098284e-03
9.619861e-02
7.767760e-03
3.036595e-07
2.753121e-02
5.305616e-03
1.218430e-01
3.747670e-02
1.686149e-01
1.769085e-02
1.627021e-04
2.335167e-02
2.824451e-02
1.588041e-02
4.209459e-02
1.562221e-01
4.236504e-03
1.427973e-02
9.025994e-03
4.558756e-02
9.283253e-03
1.074752e-01
3.977762e-03
5.962112e-02
1.030601e-01
1.148798e-01
1.088527e-01
4.629990e-03
2.477242e-02
8.491228e-02
8.919320e-03
1.006110e-01
6.998823e-02
3.439410e-02
9.918280e-02
8.440530e-02
9.441805e-05
2.784488e-02
1.976480e-02
1.944985e-02
2.203558e-02
7.409484e-05
5.859978e-02
5.624971e-03
9.912867e-03
1.077466e-02
2.796799e-02
8.537586e-03
1.201612e-01
1.126791e-01
1.477692e-02
9.805057e-02
1.068849e-02
7.515085e-03
3.943046e-02
2.582076e-01
4.760508e-02
7.955370e-02
2.699370e-04
1.036780e-01
1.432212e-01
4.327064e-02
1.058855e-01
3.973495e-02
1.026532e-05
7.733500e-03
3.011640e-03
6.601523e-03
7.040220e-04
3.068733e-04
1.220097e-01
3.893657e-02
1.219054e-03
4.421520e-02
1.390184e-01
8.742650e-04
5.147114e-02
2.005036e-02
3.161121e-02
5.963946e-02
