6.193754e-04
8.928934e-02
2.643264e-01
1.410639e-01
4.140127e-01
2.101100e-02
6.664130e-02
4.987610e-02
9.380502e-03
2.935834e-02
2.213373e-02
5.931075e-04
1.091929e-02
2.948257e-02
1.483568e-02
9.206534e-03
4.363644e-02
3.857396e-04
9.728405e-02
1.670576e-01
4.777166e-03
2.742554e-03
2.382902e-02
3.499658e-02
2.184841e-02
8.845775e-02
2.284705e-01
2.555984e-02
1.909787e-01
6.481520e-09
8.287850e-03
3.471564e-03
1.250384e-01
1.102633e-02
9.445475e-02
1.314834e-01
2.336631e-03
9.412386e-02
4.391564e-02
1.473788e-02
7.334555e-02
1.802086e-04
1.729858e-02
1.703415e-05
4.555234e-02
4.919034e-02
1.971152e-02
2.010169e-02
4.838308e-03
7.922176e-02
7.981277e-03
2.957416e-05
8.536816e-03
9.313447e-03
7.560281e-04
2.156561e-01
1.037210e-01
1.499719e-02
2.022191e-07
5.220089e-02
2.886666e-03
4.581298e-02
6.771973e-03
1.078294e-01
9.623391e-03
6.610358e-03
1.219090e-02
4.327888e-01
9.830345e-02
1.414300e-02
2.435526e-02
1.050092e-01
1.101203e-01
9.067863e-02
6.297149e-04
1.395009e-02
9.545388e-02
3.428913e-04
4.267103e-04
1.194392e-04
3.378997e-02
1.411034e-01
1.927076e-02
1.690085e-02
7.597857e-03
4.745755e-02
7.433088e-03
1.816654e-01
4.329772e-02
9.678476e-04
7.377576e-02
1.479326e-02
2.424135e-01
6.040398e-02
1.476473e-01
4.964630e-02
1.895359e-02
7.661371e-02
8.994199e-04
1.077888e-01
1.640110e-01
1.289811e-02
4.806496e-02
3.236510e-02
1.119170e-03
4.565849e-02
6.438624e-02
5.178740e-02
1.191701e-02
1.501828e-03
2.813913e-02
2.277476e-02
2.763667e-01
7.174629e-03
2.074519e-02
4.972792e-03
3.369135e-02
2.388479e-02
2.384230e-03
4.060717e-02
1.278918e-01
4.313608e-03
3.983452e-02
8.259328e-04
4.762479e-02
1.540904e-01
9.406341e-02
5.766290e-04
1.319567e-01
4.833668e-03
6.600322e-03
8.697447e-02
1.166137e-02
8.630694e-03
5.376326e-03
2.280371e-03
1.139688e-02
1.026580e-02
8.750151e-03
1.477898e-03
2.705485e-03
1.360852e-02
4.146591e-03
1.633734e-02
6.710951e-02
4.281997e-03
3.598548e-02
2.239708e-05
3.051431e-02
4.372070e-04
1.037537e-01
4.216055e-02
2.157798e-03
8.739858e-02
1.086554e-06
7.010163e-03
6.288395e-03
1.962526e-01
4.172560e-02
8.891847e-03
1.362025e-01
2.097044e-02
6.927509e-02
1.232884e-02
6.565129e-03
1.008487e-01
2.929906e-02
1.065006e-01
1.182840e-02
2.763567e-02
4.008158e-02
6.797242e-04
1.003591e-02
7.579620e-02
4.135349e-03
7.218950e-03
2.637972e-02
7.738541e-02
1.194919e-01
1.596158e-01
1.967913e-02
1.256824e-01
1.738457e-02
1.157064e-05
9.546832e-02
1.538378e-03
2.093838e-03
2.406174e-02
1.882271e-05
1.226506e-02
1.923735e-02
3.177798e-03
7.893046e-03
4.567906e-05
8.637111e-02
3.164196e-02
4.181324e-02
1.093147e-01
1.852478e-04
1.247486e-02
6.574510e-02
6.235873e-03
1.515348e-02
1.332048e-02
3.006063e-03
5.450261e-02
1.158823e-01
1.502364e-02
6.713399e-02
1.091270e-01
1.240531e-02
1.089028e-01
7.725207e-03
7.406291e-03
3.371701e-02
2.299171e-02
6.251044e-04
2.463228e-03
9.277323e-05
1.065405e-01
7.836396e-05
4.687332e-04
2.398362e-03
5.858230e-02
2.207800e-04
2.937399e-02
2.907170e-02
8.835047e-02
1.620512e-06
1.451224e-01
1.679269e-01
1.648792e-01
5.894578e-02
3.527314e-02
7.916438e-03
7.488059e-02
8.053942e-03
1.646200e-02
1.468883e-04
1.759095e-01
5.417801e-03
4.651548e-02
2.035962e-02
5.401203e-02
1.895243e-02
7.680812e-02
1.173489e-03
1.357975e-03
1.239014e-03
1.361107e-01
5.585534e-02
1.642892e-01
5.360764e-03
1.832655e-02
1.560538e-02
2.620000e-02
7.072064e-02
2.130537e-04
1.375447e-02
9.841369e-02
2.512634e-03
1.169369e-02
3.761751e-02
2.117882e-02
1.531478e-02
2.181647e-02
9.061353e-01
9.914835e-05
1.597430e-02
7.315029e-02
6.096542e-02
8.228050e-03
5.453134e-02
1.013228e-04
1.531235e-02
7.531960e-02
2.785176e-04
4.100981e-02
5.370819e-03
2.411353e-02
2.779559e-03
1.404601e-02
2.152415e-01
3.031131e-02
7.745950e-02
5.220085e-02
1.164144e-01
2.938226e-02
1.594497e-03
1.158947e-02
7.549353e-04
9.983528e-02
6.251076e-02
2.002246e-02
1.262262e-02
1.464428e-01
8.441977e-02
3.376801e-04
1.974132e-01
7.378307e-02
9.343170e-02
7.794853e-03
3.084547e-02
2.073251e-01
4.049168e-01
8.802296e-02
1.924004e-02
2.134640e-02
2.458565e-02
2.602807e-01
2.064335e-03
8.789343e-02
2.293576e-01
6.758387e-03
1.538175e-03
4.722163e-01
3.444251e-03
5.061274e-03
1.370891e-02
1.105596e-04
1.143350e-02
7.005330e-02
1.448370e-01
4.469139e-05
6.341640e-03
2.049160e-06
5.869858e-02
2.316499e-03
2.355332e-02
3.798608e-03
1.176965e-01
5.097646e-04
2.628036e-03
3.946757e-03
1.334622e-02
3.628440e-02
8.373401e-04
4.421237e-03
2.747199e-02
2.175941e-03
2.484163e-02
3.536969e-02
7.086345e-02
1.405839e-01
1.136938e-02
1.068368e-03
2.390117e-02
3.581299e-02
2.288032e-02
2.540742e-02
3.326184e-02
5.891451e-02
1.375308e-02
1.646925e-01
2.623622e-02
2.196920e-01
6.931251e-04
5.128617e-04
1.747202e-02
3.903185e-02
8.865745e-03
1.822036e-04
6.611350e-02
2.289519e-02
1.728552e-03
3.520941e-02
7.863500e-03
3.244426e-02
2.128613e-01
2.386802e-04
2.804322e-02
2.256657e-02
3.809867e-02
7.759070e-05
4.806821e-04
2.351444e-01
5.322616e-02
3.098245e-02
9.913998e-02
3.526117e-03
2.791797e-02
1.207879e-02
1.066099e-01
3.538751e-04
9.009377e-02
3.839501e-02
3.444237e-02
5.639722e-02
1.359488e-01
8.084859e-02
1.214254e-02
2.862968e-02
2.224703e-03
1.272458e-02
8.069677e-04
2.243854e-02
1.313507e-02
6.586449e-02
3.072398e-02
5.079794e-06
7.584080e-02
1.104371e-02
1.773756e-03
3.214199e-02
1.444458e-01
1.657810e-03
5.631459e-03
2.205412e-02
4.165728e-02
8.210925e-03
1.491817e-02
9.600775e-02
2.771456e-02
1.045702e-02
1.209313e-01
3.196866e-03
2.242228e-02
5.051220e-03
2.992150e-02
4.100106e-02
1.473196e-01
1.934204e-02
3.301862e-02
2.236082e-02
3.452376e-03
6.459426e-03
7.402941e-03
3.757967e-02
1.524980e-02
6.756922e-04
1.695867e-01
4.374642e-02
1.120722e-02
3.089771e-01
3.548800e-02
9.020850e-04
6.683117e-02
1.123970e-03
1.536926e-04
1.314857e-02
2.553897e-02
1.091955e-01
4.658029e-03
1.950973e-02
9.251920e-03
1.078515e-03
4.481330e-02
3.034890e-03
1.996272e-01
5.843974e-02
3.848740e-02
9.227988e-02
1.287745e-01
1.413120e-02
3.322796e-02
8.756636e-02
4.487354e-02
2.222416e-02
5.910099e-02
3.327900e-01
6.216880e-03
2.428760e-02
5.211799e-03
6.088328e-02
3.982009e-02
3.477270e-03
2.345492e-01
3.538316e-04
8.685662e-04
1.356309e-02
3.310996e-02
5.576179e-03
3.668495e-02
1.357913e-02
3.825645e-02
2.892120e-04
3.086011e-02
1.329945e-03
2.772997e-02
2.667161e-03
3.469860e-02
2.499690e-03
2.572125e-03
7.116223e-03
4.238089e-02
7.109042e-03
1.916876e-01
3.852374e-02
2.292457e-02
3.086490e-05
1.853138e-03
2.011251e-03
1.711503e-01
1.630684e-02
1.110999e-02
2.905937e-03
4.766182e-03
2.183886e-02
6.241494e-02
4.444138e-04
1.424782e-02
1.339482e-03
2.481788e-02
1.869009e-02
1.395593e-01
4.400775e-02
4.966183e-03
4.241415e-01
3.795599e-02
4.613657e-02
3.281295e-02
5.765014e-02
3.131156e-02
6.809769e-02
3.247007e-03
2.536379e-02
2.244898e-01
1.060473e-03
2.308775e-01
5.851702e-03
2.140646e-02
7.932091e-04
8.316149e-02
8.901369e-02
9.028840e-02
1.587947e-02
1.307624e-01
1.570844e-02
2.600708e-02
1.505492e-02
2.614133e-03
4.245951e-02
5.913966e-03
2.224892e-04
6.836434e-02
2.315637e-02
1.227312e-03
2.147415e-02
4.908281e-02
2.801262e-02
4.488830e-02
1.119941e-02
7.287940e-02
4.069009e-02
1.171969e-02
1.599520e-03
8.534914e-03
2.239183e-01
4.737768e-02
5.503630e-02
2.718613e-02
1.640143e-01
1.848042e-04
4.908190e-02
5.753198e-03
1.237768e-02
1.302498e-01
7.150532e-02
1.619526e-02
2.312837e-03
3.199754e-02
3.755531e-03
3.498992e-02
1.559427e-01
5.835121e-02
1.193492e-02
1.023001e-03
4.438595e-02
1.458276e-02
2.314012e-03
6.117374e-03
1.022988e-01
1.009649e-02
2.291622e-03
8.267448e-02
4.723907e-04
2.551814e-02
1.134546e-03
1.468593e-02
9.239051e-03
4.675990e-02
9.512600e-04
1.167951e-03
8.117148e-02
1.776979e-01
3.472654e-01
1.670140e-02
5.681660e-03
5.999389e-02
4.433073e-03
6.200939e-04
4.230353e-02
3.927176e-03
4.058837e-03
