9.861066e-04
5.756943e-02
2.300580e-02
2.791062e-01
5.401296e-02
1.234804e-01
3.745750e-02
4.451315e-03
6.034940e-02
1.714278e-01
7.197924e-03
1.262435e-02
4.004466e-03
6.894937e-04
1.584105e-01
2.699447e-03
8.612283e-04
2.227564e-03
9.616319e-03
3.226567e-02
5.773343e-02
4.928236e-06
3.561118e-02
2.059997e-02
4.433525e-02
6.251468e-02
4.544665e-02
2.085934e-01
3.729161e-04
3.767128e-02
2.474443e-02
1.649606e-01
8.930089e-02
1.401670e-02
5.382350e-02
1.632244e-02
1.339302e-02
2.295617e-02
4.558542e-03
1.288882e-03
2.251610e-02
9.582102e-04
4.987907e-03
1.926927e-03
1.299365e-02
1.232195e-01
1.017381e-04
9.497040e-03
6.869775e-03
1.567480e-02
2.172609e-01
3.511702e-02
1.715673e-01
1.601742e-04
4.368562e-02
1.111236e-02
4.570985e-02
1.949627e-01
1.028950e-02
3.835697e-02
9.298139e-02
1.573731e-04
6.117215e-02
2.841385e-04
8.420873e-02
2.117198e-02
1.891925e-02
2.235836e-01
1.189176e-02
8.973656e-03
4.179654e-01
3.620730e-02
3.092250e-02
1.309116e-01
4.798528e-03
8.789123e-02
1.656959e-01
4.184798e-03
2.833080e-05
2.386983e-01
2.167817e-02
2.165859e-02
3.229177e-01
7.076097e-02
8.457438e-03
9.237674e-02
4.741084e-02
2.262142e-02
4.767388e-03
3.739781e-02
3.629696e-04
1.531069e-02
1.992049e-01
8.034434e-02
2.024259e-02
1.071372e-03
1.272951e-01
1.682078e-05
9.950721e-02
2.870607e-02
3.200366e-02
2.248880e-02
3.960094e-02
1.211936e-01
6.268414e-03
7.500684e-04
3.239830e-02
7.493958e-02
1.159924e-01
5.392644e-02
8.855046e-03
2.527705e-02
1.900771e-02
8.818488e-04
2.086490e-02
1.728313e-01
3.176316e-03
3.549789e-02
1.562654e-03
7.164425e-02
2.276806e-02
8.005536e-03
1.063799e-03
2.930346e-05
1.573490e-02
3.477027e-04
5.543538e-02
2.039663e-01
6.629205e-02
1.057081e-06
6.363310e-02
5.008567e-02
1.340061e-01
1.068844e-01
1.781178e-03
7.815874e-02
1.894537e-01
2.293444e-02
5.072330e-02
7.140330e-07
9.265893e-02
9.055978e-04
1.825684e-03
7.015149e-03
6.709651e-03
1.316933e-02
3.372389e-03
2.674108e-02
2.605129e-02
4.220136e-02
1.531937e-02
2.555169e-02
4.250727e-02
7.013196e-03
1.028159e-01
3.401698e-02
1.119635e-01
3.545886e-02
5.656688e-04
3.818838e-01
1.927659e-01
2.172408e-03
1.211933e-01
3.836815e-03
1.020569e-01
1.055682e-01
3.139887e-02
1.248040e-02
8.977855e-03
5.379097e-02
6.405461e-02
4.947003e-02
1.105211e-01
3.148401e-01
1.561413e-02
2.874530e-03
1.995813e-02
3.261128e-02
3.550997e-03
5.679860e-03
1.163340e-02
1.231988e-03
8.597919e-02
9.392019e-04
2.615638e-02
2.871097e-03
2.400609e-02
4.084478e-02
1.871295e-02
1.302837e-01
1.510235e-06
8.606394e-02
1.097882e-02
3.952788e-04
5.703574e-02
3.381690e-02
5.433164e-02
4.153716e-02
1.067582e-01
9.057944e-03
3.726885e-01
2.710337e-02
9.876410e-02
1.403063e-03
5.902699e-03
6.226452e-02
4.936365e-04
6.821701e-02
1.107054e-01
8.782001e-03
3.953691e-02
4.382131e-01
1.565851e-04
7.934749e-02
1.893233e-02
1.516085e-02
9.779273e-04
1.208292e-02
5.056174e-03
2.832604e-02
9.868312e-02
1.545286e-02
3.787662e-05
4.452133e-05
3.214533e-02
1.193235e-03
6.747986e-03
6.507348e-02
9.494394e-02
3.602785e-04
1.429468e-02
2.092053e-03
6.132272e-02
1.282401e-01
7.980950e-02
1.345783e-02
1.286448e-02
1.749779e-02
2.321739e-02
6.255856e-03
9.443375e-02
1.034356e-02
5.036281e-02
2.007306e-02
3.867667e-05
2.499101e-02
3.864136e-02
3.753392e-02
7.363358e-03
1.152093e-02
4.422666e-04
3.639385e-02
1.662872e-01
5.254270e-02
3.473394e-02
2.210865e-02
5.411481e-02
8.626737e-02
7.724250e-03
2.771606e-02
7.657855e-06
1.982352e-03
6.180870e-02
9.927277e-05
9.604337e-03
8.432820e-03
1.780483e-02
3.046269e-03
1.708527e-01
9.123288e-03
6.060208e-02
4.688056e-04
3.177044e-02
5.117738e-03
3.726424e-03
1.636323e-02
7.998236e-02
1.625115e-02
7.150599e-03
1.276294e-02
2.302485e-02
2.510910e-02
1.670777e-02
7.385573e-06
6.503558e-05
1.043470e-02
1.141166e-02
2.154972e-02
5.754275e-02
4.717934e-03
2.081866e-04
7.106600e-02
1.590395e-01
1.975940e-02
5.400679e-02
1.341551e-01
2.440503e-04
8.745612e-03
4.256517e-02
2.442519e-02
1.351334e-02
6.446845e-04
5.924789e-05
6.230284e-03
1.543749e-04
3.049604e-02
4.888600e-02
5.483197e-03
9.319912e-03
3.179309e-02
8.963995e-02
6.193150e-02
9.252463e-02
4.657485e-04
4.097078e-04
4.557858e-02
1.369126e-01
3.580627e-04
1.553683e-01
8.791378e-02
2.839824e-02
1.339989e-01
2.476908e-02
1.215509e-02
6.053391e-02
5.136521e-02
4.393018e-02
4.425764e-02
2.006473e-03
1.537282e-02
8.121933e-03
1.590023e-03
2.604081e-03
1.790944e-01
3.528883e-02
5.254182e-02
4.418714e-02
2.241490e-02
3.020019e-01
2.317245e-02
1.970840e-03
8.220514e-03
2.442127e-02
2.445409e-04
1.182409e-01
2.792442e-03
2.923215e-03
1.132800e-01
1.705511e-03
4.834440e-02
6.990373e-02
4.172858e-03
7.615330e-02
1.033957e-03
3.602834e-03
3.618577e-05
1.276850e-01
2.346305e-02
3.123842e-02
3.114475e-03
5.883027e-02
9.775621e-04
6.771333e-02
1.223374e-02
1.691695e-05
1.043689e-02
3.210634e-04
2.818104e-02
5.721969e-02
5.284065e-02
2.479005e-03
3.898424e-04
6.045856e-03
2.254033e-01
1.006009e-02
1.721476e-01
1.896483e-02
6.500814e-02
6.382765e-03
3.543762e-03
1.459989e-01
6.713871e-04
4.220637e-01
2.326557e-05
3.641566e-03
1.333945e-02
7.065632e-03
3.027570e-03
7.696562e-03
3.747946e-02
1.777456e-02
1.362890e-02
4.585973e-04
1.250946e-03
1.256455e-02
3.629907e-02
8.343336e-02
3.429571e-02
6.805679e-02
1.980180e-02
3.955138e-03
5.978378e-02
3.405555e-02
3.708441e-03
6.064688e-02
1.668640e-02
1.529635e-02
3.203064e-03
2.114675e-02
1.571575e-02
8.548455e-03
5.696286e-02
6.588092e-02
1.694029e-01
7.333351e-03
6.550754e-02
1.789882e-02
2.138644e-02
8.866829e-02
1.347841e-02
7.986496e-02
1.788844e-02
3.504815e-01
3.526956e-03
2.986495e-06
5.167962e-03
2.548190e-03
2.404306e-02
1.262377e-02
7.631735e-03
6.851615e-02
6.342107e-02
1.201473e-01
2.450881e-02
1.263282e-03
2.128548e-05
9.786751e-02
1.306850e-02
1.749588e-03
8.739567e-02
1.300116e-01
2.764661e-02
5.817548e-02
1.384813e-02
3.549635e-02
2.089790e-05
1.153186e-04
7.626717e-06
4.589311e-06
2.775834e-01
1.240791e-01
1.118187e-05
6.276269e-02
1.767149e-01
3.533314e-03
7.169981e-02
9.002122e-02
2.027588e-03
1.764279e-05
8.918311e-03
3.228016e-02
6.600360e-02
6.988254e-03
5.508289e-02
1.549521e-03
3.756659e-02
3.496296e-03
5.871892e-03
6.351498e-03
6.635372e-03
9.362039e-03
2.328426e-01
1.119003e-02
2.246256e-02
1.307537e-03
3.312612e-01
6.008865e-03
7.651648e-03
3.134798e-01
1.125396e-02
4.453484e-03
1.978007e-03
6.992227e-02
5.359086e-02
3.038108e-03
1.962520e-03
3.359934e-03
2.321744e-03
6.559312e-02
1.021226e-01
8.838633e-02
4.632532e-02
4.779695e-02
9.453220e-02
2.745185e-02
4.413039e-02
1.042600e-02
1.069907e-02
3.143691e-03
6.828178e-02
1.804686e-03
7.626535e-02
2.936763e-03
4.433775e-02
1.042631e-03
2.215919e-01
3.768774e-05
2.751325e-02
7.573029e-03
8.083318e-02
4.116137e-02
5.889694e-02
3.744573e-01
3.673647e-02
5.767537e-06
1.759007e-01
3.264870e-03
2.171091e-02
5.784470e-03
6.019560e-03
4.892612e-03
1.372970e-02
1.882005e-01
1.777862e-03
2.108890e-01
6.850690e-04
8.607595e-02
1.343218e-02
3.263415e-02
3.677133e-03
3.971018e-01
1.704895e-01
2.759437e-02
1.811949e-02
6.931806e-02
2.398426e-02
1.688151e-02
3.471831e-03
1.819354e-02
1.771136e-01
7.396442e-03
2.500322e-01
3.188611e-01
1.529181e-02
1.322067e-01
1.493336e-02
5.195230e-03
4.749641e-03
1.181709e-01
8.758953e-03
1.349314e-02
1.054916e-01
5.367553e-01
9.880337e-04
1.583806e-03
5.624005e-02
5.640899e-02
8.103106e-02
4.073079e-02
1.215154e-01
4.946072e-02
1.215157e-01
1.954157e-02
1.360232e-01
1.717128e-01
2.308825e-04
6.283823e-03
1.023394e-01
3.180134e-02
1.838488e-02
4.577187e-04
6.834752e-03
1.433990e-03
1.004393e-04
4.280891e-03
9.398016e-02
5.480168e-02
2.423971e-01
1.211406e-01
3.258568e-02
4.350577e-02
1.139339e-02
3.638657e-02
1.404971e-04
9.923683e-04
8.193583e-02
4.191760e-02
2.595520e-02
8.165315e-03
2.350131e-01
6.522194e-02
9.819617e-02
6.249374e-02
5.094048e-02
