6.243161e-04
6.822343e-03
1.820327e-02
9.158723e-02
4.541948e-02
8.992324e-04
5.406225e-02
1.493070e-02
1.020009e-01
8.409086e-02
6.961574e-02
1.229255e-01
3.555010e-02
1.831519e-02
7.088057e-02
2.176837e-02
5.263325e-04
6.283701e-03
5.227719e-02
8.800327e-02
7.319294e-04
2.189761e-02
1.696390e-01
1.018894e-02
8.737211e-04
8.298797e-03
9.773124e-03
3.379731e-02
1.461079e-01
4.211156e-04
1.400180e-01
2.753591e-04
7.144471e-04
2.633400e-01
6.083076e-02
1.577404e-01
1.797484e-01
3.920849e-02
1.150793e-02
3.100321e-03
1.385766e-03
1.177488e-02
1.274802e-01
2.009242e-01
3.113286e-02
1.158211e-01
4.450934e-02
3.931729e-02
4.323605e-02
7.644529e-03
3.693819e-04
4.416708e-06
1.338056e-01
2.097918e-02
1.560997e-01
2.959452e-03
8.812970e-03
1.742895e-02
1.881029e-03
2.468364e-03
3.730853e-02
9.447496e-02
5.260380e-03
5.068250e-02
8.477453e-02
9.209250e-03
7.153951e-02
1.847893e-02
2.597694e-03
5.667490e-02
2.748703e-03
3.272824e-02
8.809304e-05
1.498050e-02
7.764166e-02
4.401318e-04
1.171121e-01
6.161033e-02
6.098736e-04
5.676721e-02
5.749293e-04
1.247945e-03
8.396217e-02
1.680319e-02
6.960112e-02
1.304970e-03
9.796621e-03
1.416591e-01
2.987836e-03
2.019448e-01
1.984223e-03
4.739609e-03
4.861437e-02
9.911891e-02
1.576359e-03
1.372084e-01
2.369433e-02
1.174815e-02
4.625446e-01
2.492205e-03
6.226629e-02
3.152249e-02
7.159046e-01
3.619625e-02
1.825725e-02
1.405122e-01
1.589930e-02
9.032487e-03
1.125503e-01
1.473435e-02
1.583613e-03
9.695800e-02
9.442098e-02
2.932608e-02
1.414572e-02
3.751289e-01
2.991982e-03
4.856630e-03
5.394610e-03
1.432034e-01
3.263864e-02
1.012640e-02
1.914613e-02
1.031461e-02
1.427938e-04
5.412265e-03
2.150234e-02
2.477927e-01
3.347979e-02
7.044446e-02
7.517805e-02
3.472803e-05
1.346634e-02
1.670058e-01
1.151713e-02
2.118308e-03
1.392473e-03
1.449361e-03
5.229696e-03
1.192474e-02
4.929329e-03
1.535477e-02
1.963605e-05
7.661119e-03
4.344922e-02
8.319850e-02
2.388056e-02
5.700291e-02
2.446825e-03
1.064078e-01
1.544736e-01
2.077817e-03
2.771376e-02
4.387341e-02
6.286085e-03
5.548098e-02
2.306410e-02
1.255468e-01
1.738425e-02
6.521329e-02
6.128679e-03
8.406839e-02
1.922362e-02
3.409667e-02
9.068751e-02
6.684027e-01
1.183026e-01
5.722772e-02
9.222393e-02
3.843348e-02
2.186168e-02
3.124973e-04
1.174751e-02
8.116007e-03
2.800281e-02
7.415160e-03
5.197271e-02
8.073138e-03
4.521585e-03
3.785773e-01
9.638582e-03
2.654776e-03
2.512345e-03
2.002576e-02
1.669511e-03
5.774858e-02
4.940778e-02
2.071392e-02
2.584252e-02
1.282916e-04
1.870005e-02
2.278676e-01
1.702591e-02
4.013406e-02
2.353801e-01
1.254860e-03
1.149923e-01
1.793430e-02
6.212634e-03
1.673175e-02
1.605005e-01
5.105927e-05
6.915991e-03
8.328586e-03
5.478460e-02
1.079045e-01
1.067365e-02
2.857551e-02
6.364597e-03
7.995355e-03
1.964660e-02
5.460188e-07
6.781473e-02
1.906557e-02
7.529491e-02
1.676585e-02
2.182707e-01
1.528570e-02
2.178776e-01
1.906932e-01
1.141104e-01
9.514779e-02
8.014332e-02
4.174331e-02
6.291507e-03
3.164275e-02
6.762954e-05
1.695588e-03
5.581850e-02
6.722720e-02
2.871575e-02
4.732801e-02
2.323247e-03
3.871308e-03
1.568810e-01
1.952165e-02
5.754628e-02
5.182404e-02
2.558409e-05
4.483503e-02
7.316030e-03
6.123920e-02
2.422003e-01
1.521773e-02
7.014616e-02
3.051219e-02
4.889613e-02
3.945133e-03
6.584485e-02
1.582207e-02
3.529416e-02
4.999456e-08
1.284845e-03
2.075758e-01
3.918067e-02
3.010245e-02
4.364861e-02
1.179901e-02
1.667856e-02
2.976576e-02
3.046937e-01
4.224979e-02
2.583886e-03
2.943008e-02
2.621998e-02
1.379886e-03
7.267927e-01
8.448488e-03
3.466653e-03
7.543818e-02
1.857485e-03
1.001277e-01
2.827597e-02
6.920744e-03
2.488199e-02
6.955462e-02
7.262957e-02
4.028582e-02
3.419903e-02
5.112638e-02
9.070140e-04
1.400016e-03
4.827662e-02
5.078186e-03
8.775054e-03
2.103325e-05
1.441536e-03
1.520943e-04
4.403326e-02
7.527698e-02
8.718137e-02
1.092044e-01
1.163771e-03
1.939563e-02
4.350199e-02
6.702137e-03
1.481382e-02
1.037218e-01
7.654303e-02
2.786163e-02
9.882572e-03
4.997841e-02
3.201174e-02
1.233356e-02
1.520677e-02
1.528423e-01
4.053741e-02
1.270372e-02
1.626968e-02
9.571892e-03
2.068090e-02
2.397658e-03
3.296362e-01
2.206124e-02
3.895566e-02
1.204908e-01
1.093711e-01
2.763323e-01
5.759150e-03
9.256094e-03
4.494780e-02
2.761067e-03
7.538160e-02
8.443942e-02
1.891716e-02
1.971795e-02
4.516431e-02
1.389175e-02
1.440646e-01
1.084733e-01
5.299504e-02
8.487214e-02
4.921333e-02
1.431382e-01
1.244533e-02
1.834099e-01
3.248515e-02
3.625507e-05
5.296133e-02
2.292224e-02
2.730711e-03
6.984172e-03
5.909993e-04
1.644717e-01
8.251820e-03
9.929986e-04
1.110110e-02
3.350656e-02
1.538123e-02
1.771565e-02
3.950633e-02
2.605873e-02
7.344841e-02
4.842846e-02
1.701417e-01
2.583555e-02
8.380675e-02
1.099224e-01
3.758813e-02
8.554162e-05
1.473079e-01
1.010125e-02
5.808405e-05
1.605671e-02
3.989699e-04
2.465256e-03
1.323141e-02
1.560074e-02
3.444670e-02
1.561133e-02
1.234227e-02
1.918969e-01
7.840661e-02
3.759985e-01
2.551111e-05
2.589191e-02
1.695933e-05
2.197594e-01
1.370331e-02
2.987675e-01
2.846951e-04
1.697603e-01
2.910171e-03
1.637815e-02
8.106268e-03
5.355835e-04
2.002881e-01
9.915670e-02
1.121624e-03
5.964506e-02
2.339349e-06
3.451138e-02
9.509625e-02
3.343022e-02
1.061724e-03
1.107585e-01
1.442160e-01
3.236896e-02
8.456508e-02
9.324328e-02
3.208726e-02
7.580301e-02
3.948131e-03
3.455483e-02
2.704438e-06
7.960598e-03
4.700720e-02
7.986694e-03
1.593895e-04
5.392719e-02
3.207725e-02
2.981467e-02
4.972264e-02
2.387144e-01
2.522307e-01
6.247286e-02
2.219676e-02
5.925751e-01
3.089104e-03
6.335321e-03
5.049594e-01
1.843949e-01
1.496818e-02
1.465623e-02
7.997694e-02
6.218669e-07
2.238646e-04
2.979963e-02
1.285195e-07
6.113949e-02
8.808575e-04
1.361226e-05
1.959945e-02
7.109473e-02
5.461419e-03
2.208334e-02
1.065769e-02
5.521444e-02
4.730812e-02
6.007951e-02
1.058781e-02
1.191074e-01
7.965203e-02
2.788216e-02
1.753378e-02
6.235047e-02
1.448130e-03
1.660112e-02
9.811064e-02
3.236671e-03
7.240910e-05
3.312190e-01
5.865047e-02
3.766094e-02
1.760153e-01
1.395563e-02
3.929134e-03
2.975724e-02
1.233385e-01
1.745818e-02
1.591832e-02
4.891764e-02
1.095447e-01
2.113141e-02
2.934058e-04
1.706762e-03
5.004602e-05
1.887892e-03
4.454833e-01
9.596086e-03
3.884132e-02
9.276012e-03
2.343156e-02
3.385889e-03
8.272676e-02
3.541179e-02
1.066266e-01
1.601623e-01
3.337060e-02
2.103575e-02
1.639884e-01
7.527842e-02
4.900932e-02
3.778261e-04
4.846876e-02
2.488275e-02
9.853461e-03
1.190908e-02
2.294848e-02
3.387446e-03
4.279588e-02
1.341341e-01
3.644682e-02
1.538514e-01
5.521585e-02
9.136571e-02
2.218478e-02
1.236409e-02
1.324666e-02
2.457582e-02
1.144271e-02
5.955924e-02
2.648236e-02
7.770085e-02
1.421856e-01
5.729800e-04
5.053982e-02
7.026242e-02
4.627519e-04
4.122644e-06
3.222771e-02
5.480526e-03
3.389890e-02
4.669364e-02
2.084039e-03
7.594658e-03
9.487062e-02
1.030176e-01
5.552650e-02
2.145551e-02
5.729672e-02
3.547680e-05
4.678856e-02
8.982952e-02
4.152605e-02
2.873309e-05
1.944686e-02
8.329682e-04
4.067378e-05
4.318006e-02
3.138219e-02
2.362502e-02
1.627815e-02
2.957243e-02
4.958474e-05
4.314418e-02
9.815245e-04
3.804206e-02
3.663810e-06
6.604258e-03
3.448027e-02
1.264743e-03
2.593370e-02
2.644731e-02
5.259792e-01
9.914327e-02
8.393581e-03
3.744576e-02
5.018584e-02
2.459903e-03
1.807288e-02
2.361822e-02
8.199482e-03
2.961983e-03
1.925103e-01
1.188246e-02
9.850785e-02
1.439154e-02
1.170174e-01
1.517512e-02
1.296593e-02
1.881155e-02
5.438874e-05
2.740089e-04
2.776956e-01
6.347357e-04
1.025823e-02
2.035625e-03
3.888293e-03
1.557196e-02
5.785838e-02
1.221124e-01
1.017983e-01
2.396565e-02
6.606050e-02
5.709721e-03
3.469442e-01
3.970104e-02
1.463074e-01
2.090074e-06
4.461787e-02
2.833177e-03
1.732524e-01
1.628242e-02
4.612405e-02
3.971754e-03
8.367312e-02
2.117206e-02
9.948026e-04
6.167893e-04
1.663365e-01
1.324317e-03
2.725334e-03
2.080499e-02
