8.301883e-02
2.592388e-02
6.283181e-02
3.245816e-03
5.243022e-02
1.138968e-01
3.823787e-02
3.638598e-02
3.264084e-02
5.778393e-02
2.972468e-02
8.736178e-02
1.847121e-02
3.486678e-05
9.109537e-03
2.746706e-02
3.262828e-02
4.858972e-02
6.782678e-02
2.366809e-03
2.346259e-04
3.323449e-03
2.332154e-02
1.477830e-04
1.758754e-01
1.691187e-03
9.310864e-03
2.688752e-02
4.399611e-04
5.210545e-03
4.057098e-03
7.651545e-02
1.404494e-02
7.786179e-03
4.534619e-02
1.848095e-02
1.017099e-02
1.195608e-01
6.196903e-03
7.577010e-06
1.726288e-02
5.120315e-03
4.676549e-02
9.091040e-03
9.780004e-03
4.091504e-02
1.864262e-01
1.650378e-03
1.392896e-01
4.276619e-04
4.826693e-02
5.613227e-03
8.110029e-02
7.379030e-03
1.223917e-01
6.979313e-02
1.923974e-03
4.961324e-03
6.837202e-02
3.251089e-02
8.485906e-02
7.605523e-03
2.309675e-02
3.214704e-02
1.098114e-01
9.828384e-03
3.623848e-03
2.614420e-01
3.771649e-02
1.838868e-02
1.374489e-02
1.351533e-02
4.572851e-04
1.664502e-02
2.064010e-03
1.871174e-01
2.250641e-03
1.972672e-03
1.637420e-03
7.238801e-02
6.570648e-05
1.998539e-04
3.322538e-02
1.675332e-02
8.679626e-02
1.276086e-01
2.491368e-02
4.286781e-04
2.375207e-02
4.227118e-03
2.224646e-02
9.465495e-03
2.710899e-02
7.160933e-02
1.180910e-02
5.083967e-02
7.184578e-02
5.556460e-02
1.358841e-02
6.003443e-03
3.308865e-02
6.275580e-02
1.370736e-01
2.116795e-03
2.989740e-02
2.647765e-01
1.016258e-01
6.401805e-03
3.437079e-02
1.380283e-03
1.438614e-02
6.896434e-01
1.816020e-05
1.968500e-02
2.651231e-04
4.793186e-02
7.165375e-04
4.049041e-03
1.807304e-01
1.336663e-01
3.046271e-02
6.263007e-03
5.752575e-02
4.264977e-06
7.874816e-03
4.573611e-02
1.155112e-02
2.286189e-03
1.480129e-02
4.255227e-03
3.208347e-02
2.553650e-02
7.904668e-03
1.602159e-02
6.163295e-03
5.489192e-03
2.253414e-01
2.914995e-03
5.954867e-02
5.817482e-02
3.684966e-02
3.318993e-02
6.103958e-04
1.233689e-02
2.849227e-02
7.012327e-04
2.527639e-02
3.921870e-02
9.411446e-02
4.760672e-02
4.799632e-02
3.148253e-04
2.850741e-02
8.599773e-02
2.139243e-02
4.927857e-03
8.320729e-04
5.801845e-02
1.432718e-01
1.544798e-02
6.508231e-05
9.439635e-02
1.330556e-02
1.212837e-02
9.999511e-02
9.125691e-02
9.785245e-02
4.432157e-02
6.732866e-05
2.640344e-03
6.191934e-03
2.829482e-04
1.900840e-03
9.955461e-03
3.308207e-02
5.100500e-03
2.181960e-01
1.365581e-01
6.922388e-02
5.995367e-03
1.151011e-01
4.310533e-04
5.233366e-02
8.943006e-06
1.133996e-02
3.952916e-02
2.300961e-03
9.448740e-02
7.755440e-03
8.929011e-02
1.229157e-01
1.314565e-02
3.815197e-03
1.145338e-01
6.105146e-03
2.689971e-02
4.277845e-04
1.030426e-01
9.129070e-03
7.466355e-02
2.400319e-04
2.218913e-01
2.368955e-02
5.960291e-04
1.987860e-03
4.336461e-03
1.069877e-02
1.623190e-02
5.030973e-02
3.967662e-03
3.123549e-03
1.111488e-03
2.356224e-04
1.580709e-02
4.239773e-02
3.042827e-02
8.857813e-02
8.448034e-02
4.751890e-02
3.140345e-02
3.302975e-06
1.588618e-01
7.426977e-02
9.271799e-02
1.354961e-02
1.374408e-02
1.075852e-03
5.043129e-02
1.759174e-04
2.325182e-02
2.938219e-03
6.095012e-02
1.417667e-03
6.855603e-02
6.679041e-02
1.252325e-08
7.618185e-02
1.015679e-01
5.811709e-02
1.216981e-01
1.622675e-02
1.098933e-03
3.515902e-02
4.885811e-04
9.471063e-02
3.194637e-02
6.168601e-02
1.184199e-02
2.346435e-01
7.780916e-02
6.922119e-04
3.082827e-03
3.325200e-01
7.109618e-02
1.139207e-01
1.519138e-02
2.287409e-03
1.033799e-01
4.884166e-02
3.856029e-02
8.745854e-02
4.137987e-03
8.693932e-02
1.149210e-01
1.587990e-02
1.115784e-02
5.353855e-02
1.271117e-01
1.369605e-01
9.616008e-02
1.220628e-01
2.745032e-01
6.174875e-02
6.916380e-03
7.339606e-02
2.757811e-02
2.904054e-01
3.221842e-02
5.143999e-02
1.147724e-02
7.426458e-02
1.737855e-01
1.432751e-03
7.202894e-02
6.003496e-03
9.834207e-03
2.023609e-04
8.413110e-03
6.768946e-02
1.823159e-02
1.830219e-02
8.025405e-02
5.036180e-02
2.779204e-03
1.212380e-03
8.465700e-03
1.521155e-02
4.477428e-02
1.161037e-01
2.817574e-01
6.901902e-02
1.771401e-01
3.246924e-02
7.963288e-02
3.445961e-02
6.949427e-04
8.958960e-02
3.407400e-02
6.894292e-03
1.493455e-03
1.798109e-01
1.577731e-01
9.207505e-02
1.067375e-01
9.611202e-01
6.181204e-02
2.252230e-01
6.131297e-03
4.293413e-02
4.024544e-01
7.074825e-04
1.683797e-02
2.145768e-03
5.427212e-02
7.819768e-02
1.282362e-01
1.542790e-02
7.810144e-03
6.467248e-02
4.338859e-02
6.982690e-02
9.201403e-03
1.375492e-02
5.916028e-02
1.800656e-02
9.531178e-02
8.446994e-03
1.534861e-01
3.683075e-02
2.442745e-03
4.205226e-02
4.444410e-02
1.981603e-02
7.643051e-02
1.516091e-03
2.569635e-02
3.455994e-02
9.904176e-03
1.230727e-03
5.598233e-02
6.242125e-04
2.274724e-01
3.215401e-02
1.368558e-02
6.746335e-02
2.370578e-01
2.963948e-01
1.406734e-02
1.810154e-03
2.237554e-03
3.127591e-02
4.347570e-04
2.720693e-02
7.404429e-03
3.487078e-02
8.531841e-02
1.168235e-03
1.945516e-02
3.116286e-02
2.462100e-02
3.575733e-02
4.249250e-03
5.925579e-03
3.881435e-02
6.929824e-02
1.427919e-01
1.099243e-01
1.123457e-06
9.732022e-02
7.117094e-03
1.664404e-04
9.904172e-02
9.289369e-02
1.002672e-01
1.899496e-03
9.223546e-02
1.067376e-02
5.646673e-04
2.284171e-05
1.856034e-04
4.205035e-03
5.512524e-02
2.632202e-03
4.199014e-02
1.779329e-01
4.277763e-02
1.500815e-01
1.129637e-04
2.422215e-03
1.338769e-03
1.295247e-02
1.179468e-02
2.916732e-02
5.472638e-02
4.199288e-02
8.370032e-03
1.146792e-02
2.445551e-02
1.184290e-02
8.819656e-05
6.125499e-02
4.215239e-02
3.788386e-02
8.648001e-02
4.168959e-03
1.404059e-03
2.274202e-01
3.295302e-03
2.823081e-02
3.379016e-02
2.614381e-02
1.548501e-02
1.422563e-01
1.248103e-03
2.037442e-02
8.050542e-02
1.377744e-02
2.554512e-02
2.848827e-01
8.591882e-02
1.631872e-01
2.415892e-01
3.825134e-04
1.034374e-01
3.035998e-02
4.917537e-03
3.328735e-01
1.367302e-03
5.180791e-03
1.011486e-05
4.153836e-02
8.748992e-04
2.942008e-04
2.259726e-03
3.388122e-02
4.159269e-02
1.980564e-02
3.418941e-03
7.920646e-04
1.010931e-03
3.668174e-02
7.862188e-04
1.491632e-02
2.144862e-02
1.299892e-01
5.604776e-03
4.035962e-02
2.584288e-02
1.400036e-02
4.166783e-04
3.130638e-03
6.429911e-02
1.620598e-02
4.087225e-03
7.640964e-03
2.569727e-01
8.787625e-02
5.901756e-02
3.911130e-01
1.480056e-01
1.611454e-01
1.140046e-02
4.495762e-02
2.704361e-02
1.400922e-02
2.017822e-01
1.087376e-02
3.215206e-02
6.698815e-02
3.679022e-02
5.218374e-03
2.863788e-02
2.641724e-02
2.416882e-03
5.824891e-02
1.945231e-02
5.265571e-04
1.932005e-02
1.749082e-03
9.667522e-03
1.691732e-04
2.775778e-02
1.384486e-01
2.677501e-03
4.808008e-02
2.045982e-02
6.771581e-03
7.650660e-03
1.999637e-02
1.254173e-01
2.388176e-02
4.922649e-04
6.649048e-07
3.490318e-01
1.290130e-02
7.948950e-04
5.010865e-03
1.441910e+00
8.934421e-03
1.034022e-02
6.642274e-01
2.305212e-01
1.399120e-02
4.127535e-03
3.081110e-04
1.551727e-01
2.524031e-02
3.046377e-02
3.014876e-02
1.342916e-01
6.389744e-03
4.514123e-02
6.114279e-02
1.894485e-03
1.876934e-01
2.857469e-02
4.319665e-04
2.031877e-02
1.276255e-02
1.134429e-02
1.391530e-01
6.314301e-02
8.868330e-02
6.597332e-03
1.448429e-01
5.936160e-03
6.583966e-03
5.427711e-02
4.794906e-02
7.543673e-02
1.073666e-01
3.277264e-03
2.531894e-02
1.653966e-03
2.082882e-01
1.591926e-01
8.507544e-04
1.762463e-01
2.319280e-01
2.204396e-03
1.186244e-02
1.213123e-01
1.997426e-02
4.766026e-02
6.320177e-03
5.125639e-02
5.771209e-04
5.092028e-03
5.546928e-04
3.947947e-03
2.157460e-03
9.350155e-02
3.967991e-03
1.407041e-02
4.788983e-05
1.278130e-03
6.675143e-03
1.942627e-01
4.120946e-01
4.731630e-04
7.637330e-03
8.712392e-03
2.026330e-02
8.157799e-04
1.127157e-01
5.620590e-02
1.005877e-02
4.611620e-02
1.047364e-01
2.797283e-03
3.946985e-03
2.472696e-03
4.201500e-05
5.120505e-02
8.196036e-02
1.024211e-03
4.567921e-07
8.850511e-03
1.121361e-01
8.997514e-02
4.812919e-02
2.028261e-02
9.701007e-02
9.811348e-07
