7.581590e-03
3.449072e-02
1.511677e-01
3.345663e-03
4.624472e-02
4.828829e-03
5.523231e-02
5.888001e-02
5.344854e-04
1.212212e-01
4.061121e-02
2.158963e-01
4.043803e-02
6.869348e-02
1.115545e-02
1.330419e-02
1.398768e-01
1.648213e-01
1.320441e-02
2.045035e-02
4.518066e-03
1.948481e-02
1.174714e-02
2.694939e-03
1.396178e-01
1.616731e-03
6.483455e-03
2.183006e-03
2.405224e-01
1.116847e-02
2.449471e-02
6.905800e-03
4.978766e-01
5.243579e-04
9.389185e-02
3.880029e-03
8.522222e-02
4.489802e-02
1.056350e-02
3.950206e-01
5.741644e-06
7.935785e-03
2.046872e-01
6.392340e-02
1.567731e-03
1.796171e-02
1.524824e-01
2.386728e-02
3.343662e-01
3.825731e-02
1.779817e-03
7.098970e-03
1.127692e-03
3.748807e-03
3.635038e-03
5.889066e-03
8.443942e-03
4.140648e-02
1.893007e-02
8.686631e-02
1.858641e-03
1.655301e-03
1.774473e-01
6.561675e-02
1.779171e-02
1.387699e-03
6.351824e-04
2.353208e-01
9.575960e-04
9.127329e-02
1.357188e-04
1.080556e-02
5.152459e-03
2.535283e-03
2.291868e-01
1.009324e-01
1.856903e-01
2.814134e-03
4.024388e-02
4.032621e-06
3.777349e-03
8.018690e-02
1.335966e-02
3.745838e-04
4.786465e-02
1.244897e-02
6.776448e-02
1.360620e-02
1.502318e-01
1.467971e-01
4.119316e-03
1.021781e-03
7.443466e-03
7.477783e-03
2.445803e-03
1.297434e-02
3.457385e-03
5.026484e-03
3.493951e-02
1.164009e-01
8.844258e-02
2.284895e-01
5.966447e-04
2.207193e-02
2.774053e-02
1.524450e-02
2.411861e-02
1.187213e-01
6.269328e-04
1.153273e-02
9.230670e-04
4.572457e-01
2.326964e-04
1.034281e-01
1.076412e-01
2.808585e-02
2.547976e-02
2.108040e-02
5.841066e-03
1.253652e-04
2.635807e-02
1.232949e-01
2.220776e-03
9.913985e-02
3.387673e-02
2.846696e-02
7.493666e-02
1.119525e-02
6.556433e-02
2.436058e-03
1.758173e-01
6.137351e-03
1.098886e-02
7.253059e-04
3.923534e-02
4.921151e-02
1.721545e-01
8.916195e-03
1.686555e-01
3.505791e-02
1.415727e-02
3.768830e-02
1.187611e-02
2.107763e-02
4.592220e-02
4.741227e-02
1.470570e-02
5.802189e-02
3.945101e-03
2.947566e-01
1.528465e-02
1.155685e-02
7.807621e-02
4.118301e-02
8.612104e-02
4.906054e-01
1.553593e-02
3.007229e-03
2.050185e-01
1.938406e-01
8.202722e-02
3.870424e-02
5.681720e-02
1.366514e-02
8.103685e-02
1.123548e-01
1.325297e-01
1.133948e-01
8.298897e-03
6.043791e-02
3.652956e-02
2.600172e-01
4.180026e-02
1.099781e-01
4.926054e-02
1.287778e-03
1.423384e-04
4.045624e-02
5.403492e-02
1.499575e-03
1.437350e-01
2.591040e-04
1.257815e-01
8.361480e-02
4.384394e-02
3.368913e-02
3.377129e-02
8.831894e-02
1.275363e-01
7.391577e-02
7.412475e-02
1.169145e-02
1.043726e-02
5.816486e-03
4.052749e-01
4.124332e-03
2.112165e-03
4.067371e-04
3.031048e-03
2.470965e-02
5.313034e-02
7.549745e-02
1.827942e-01
6.342609e-03
1.249730e-01
2.453753e-02
1.471699e-03
6.997796e-02
5.370791e-02
3.043879e-05
3.150800e-04
1.650492e-02
6.413554e-05
1.820357e-02
1.080264e-02
1.838043e-02
1.831066e-02
1.898865e-02
2.162539e-02
2.444802e-02
1.962991e-03
1.103611e-02
2.542385e-02
2.345139e-02
6.149864e-02
4.108082e-02
8.070253e-04
4.922246e-02
4.988760e-02
1.372572e-02
2.685596e-02
3.260878e-02
8.799426e-04
2.706001e-02
2.934640e-02
4.900703e-01
3.280059e-02
1.417805e-02
6.267426e-02
7.864276e-03
6.439784e-03
5.037779e-02
3.426645e-01
2.013068e-02
1.916003e-02
4.587302e-02
2.085941e-03
6.252121e-03
3.446895e-01
2.855927e-02
2.018417e-02
2.035149e-03
2.107911e-03
3.690143e-03
1.095579e-03
8.895087e-02
5.471637e-03
1.562651e-01
2.773425e-04
9.815387e-03
1.508866e-02
6.616856e-03
1.294716e-02
1.094388e-03
4.046711e-02
2.364858e-03
2.860346e-04
7.227794e-02
2.753638e-02
9.395593e-04
1.931677e-02
1.615084e-02
8.104025e-03
3.753165e-02
1.975366e-01
6.924411e-03
7.197719e-02
3.350639e-02
2.002905e-01
6.634575e-02
1.149362e-01
1.305848e-01
2.180722e-02
2.583042e-02
1.000886e-04
2.935727e-03
2.292808e-03
8.212320e-02
6.629382e-02
9.813687e-02
8.653763e-02
5.479820e-04
1.167085e-01
1.782779e-01
1.610284e-01
2.323798e-02
1.087744e-02
3.280419e-02
2.399728e-02
3.698105e-02
1.372002e-03
2.421167e-02
5.001677e-03
1.587116e-03
1.439915e-02
1.494774e-02
6.284959e-02
1.208950e-01
1.155718e-02
7.612881e-03
6.039337e-03
1.298579e-04
1.453005e-02
3.816135e-02
5.788736e-02
1.949022e-01
7.275838e-02
3.175780e-02
1.117288e-02
9.640388e-03
6.913779e-02
1.335635e-02
4.106921e-03
4.933478e-02
9.690222e-02
5.893971e-03
2.805127e-02
1.116355e-02
1.582002e-03
1.360568e-02
2.298055e-02
5.517053e-04
8.894686e-03
1.166556e-01
2.292314e-06
2.481633e-01
6.527648e-02
3.381707e-03
1.356731e-03
1.574049e-01
7.151703e-03
5.935539e-04
7.845888e-02
1.541125e-04
2.274548e-05
1.487820e-02
2.250374e-02
1.759487e-02
3.727457e-02
1.141938e-01
2.099087e-02
2.657543e-03
4.825008e-03
2.662192e-02
7.579994e-02
3.065444e-02
7.647347e-02
1.933183e-01
4.723235e-02
3.202704e-02
6.751933e-03
5.125512e-04
3.041899e-02
3.340042e-02
5.195893e-02
1.778986e-04
3.690718e-02
4.621404e-02
2.628255e-02
9.203929e-04
5.677729e-02
1.222000e-01
4.527970e-03
2.334749e-02
1.616023e-03
7.636449e-03
1.400537e-01
5.706413e-05
1.827541e-01
1.242271e-02
5.176092e-02
6.467360e-02
1.186664e-02
8.262145e-03
4.798616e-03
5.516963e-02
1.362701e-02
9.317908e-02
1.013063e-03
1.130589e-01
2.617594e-04
5.318205e-04
8.260502e-02
6.511484e-04
4.308438e-02
1.270721e-02
2.026900e-01
1.366794e-01
4.044278e-02
4.948831e-02
6.885014e-03
8.982444e-04
4.623737e-03
1.486820e-02
3.775553e-02
2.706793e-02
1.292029e-02
2.977017e-02
3.762104e-02
1.266550e-01
1.337327e-03
3.616091e-03
1.741901e-02
1.849638e-02
3.695047e-03
4.403149e-02
6.700929e-02
3.677336e-01
4.381456e-02
5.716648e-02
1.479652e-03
4.072267e-06
3.154464e-02
2.677523e-02
3.000614e-02
5.530415e-03
3.814252e-02
8.308909e-02
2.431954e-02
2.512642e-03
7.364624e-04
3.924451e-02
2.571176e-02
4.408773e-03
1.834565e-05
2.998263e-02
1.063600e-01
3.462834e-02
8.962347e-02
2.134359e-03
1.552680e-01
7.535117e-04
1.103829e-01
5.333024e-01
1.937240e-01
6.617188e-02
1.187818e-02
1.525133e-01
8.887837e-02
4.595329e-02
3.830989e-02
3.379603e-02
1.094558e-01
1.441985e-05
1.144529e-01
1.992048e-01
5.696401e-02
2.877362e-01
9.851833e-02
1.088972e-03
3.157816e-01
7.343397e-02
1.594464e-01
1.369177e-02
8.060476e-04
5.591209e-03
2.157788e-02
2.645032e-06
1.202341e-01
3.909088e-04
3.844065e-01
7.394456e-02
2.449929e-01
3.808034e-02
2.109102e-01
1.346307e-02
4.835831e-02
3.004262e-07
2.721395e-02
1.491780e-01
7.462294e-02
1.411484e-01
7.738067e-03
2.229344e-03
7.825930e-02
7.658532e-02
1.117627e-02
6.337023e-02
1.646967e-02
2.412848e-02
1.655967e-01
3.119210e-02
7.282367e-02
3.851748e-03
3.946085e-01
1.455166e-02
7.235971e-03
1.238570e-01
2.556048e-02
3.556558e-03
7.296933e-02
1.424807e-02
6.257928e-02
2.159118e-02
2.931152e-01
1.347973e-02
9.168581e-03
7.821632e-02
5.411997e-03
3.089104e-04
2.392915e-03
6.164834e-02
6.776010e-03
1.420892e-04
2.718471e-01
8.092384e-04
2.165314e-01
2.196632e-03
3.404199e-06
4.735716e-04
1.040939e-02
8.738046e-04
1.275419e-03
1.597385e-03
1.799260e-02
1.187716e-01
4.887420e-02
1.077547e-02
1.270119e-01
7.459475e-02
3.013761e-02
3.499400e-01
1.313793e-01
7.242103e-02
9.582462e-04
1.279589e-02
2.369565e-02
6.826727e-02
2.564244e-03
6.157559e-03
6.682619e-03
4.143834e-03
7.027438e-04
3.933960e-03
4.103701e-02
4.769829e-02
2.170966e-02
1.353441e-03
2.600237e-02
1.323671e-05
2.580876e-02
6.380727e-01
6.705138e-02
6.035253e-02
5.652752e-02
5.552968e-02
1.922054e-01
1.004260e-02
6.845365e-02
6.588896e-04
9.769594e-02
2.245686e-04
3.074065e-01
2.903029e-04
4.760634e-02
1.674617e-01
7.801048e-03
4.153026e-02
1.096699e-03
1.193496e-02
5.902620e-03
7.739747e-03
3.813550e-03
9.743887e-02
1.231723e-02
2.476578e-02
7.365933e-05
5.976922e-03
1.007508e-05
7.105507e-02
2.394255e-01
1.099904e-02
1.436371e-02
8.544054e-04
1.315697e-03
7.511204e-02
5.328999e-03
6.901980e-02
8.048183e-02
6.706777e-02
5.064319e-02
3.392142e-01
5.339603e-02
1.594170e-02
