2.527917e-01
2.366726e-02
8.359819e-02
3.004424e-03
1.896843e-03
1.916345e-01
1.033369e-03
9.928265e-05
4.719843e-03
4.096922e-03
1.169455e-01
2.261080e-02
1.177538e-02
3.680952e-03
5.405286e-02
7.977908e-02
5.334883e-02
1.728363e-02
1.693685e-02
4.923739e-02
3.354724e-01
4.817908e-01
9.685402e-02
8.809938e-02
3.254891e-05
7.648002e-03
6.689046e-02
2.507120e-02
2.856292e-03
8.912038e-03
7.816803e-02
3.200560e-02
4.552311e-03
4.848383e-02
3.245543e-02
1.141069e-01
1.871551e-02
1.295888e-02
1.363204e-01
5.071608e-02
4.323965e-02
2.816218e-02
2.044973e-02
2.037252e-04
1.241487e-01
4.629335e-03
7.672646e-04
6.654752e-02
1.067929e-02
5.227304e-05
7.396852e-03
6.117553e-03
8.385207e-02
4.193824e-03
7.349609e-02
1.903170e-05
3.467389e-01
2.455741e-03
2.902356e-03
4.678867e-04
6.679581e-04
2.952506e-03
3.615839e-02
7.366836e-02
3.746154e-02
7.785435e-02
3.142425e-02
1.134440e-02
1.721699e-02
4.064249e-05
7.475013e-04
2.187415e-03
9.656206e-03
1.015477e-02
3.254062e-02
3.985626e-01
3.001420e-02
9.142024e-03
1.550677e-02
3.997930e-02
5.014628e-03
1.394169e-03
6.504865e-03
1.909825e-03
1.135585e-01
8.027500e-03
6.187162e-03
3.830274e-03
3.035046e-01
8.011015e-02
1.024019e-06
2.606147e-01
7.295318e-02
5.263387e-02
3.483912e-04
3.085607e-03
3.263257e-03
2.663467e-02
8.382096e-02
3.821421e-02
6.768639e-02
5.003336e-02
8.962566e-03
4.225501e-02
6.309648e-02
1.783545e-03
4.805670e-03
3.527271e-03
9.737988e-03
1.921340e-02
2.463956e-02
8.552296e-02
6.948210e-02
5.580660e-02
1.827902e-01
3.232234e-01
4.662999e-05
1.414064e-03
1.572289e-02
1.972349e-03
1.285840e-01
1.274835e-02
2.318612e-02
4.481539e-02
1.723350e-01
3.655320e-02
9.982260e-03
6.888078e-02
2.827095e-02
5.800001e-02
5.762475e-02
1.097680e-04
4.504304e-03
1.321485e-03
2.246937e-02
1.025707e-01
7.091135e-04
1.527787e-03
2.134720e-03
2.822086e-01
2.218427e-01
5.845068e-02
5.962614e-02
5.030298e-05
5.577704e-03
4.193000e-02
2.513966e-03
1.274484e-01
6.506164e-04
1.036154e-05
3.283414e-05
1.271833e-01
3.290881e-02
9.615429e-02
3.955968e-04
5.896799e-02
3.716328e-01
4.056111e-02
2.971083e-02
6.860033e-01
9.472907e-02
1.171087e-01
1.826796e-01
6.625950e-03
6.750824e-02
2.837494e-02
6.746441e-02
1.159852e-02
1.163417e-01
6.135235e-03
2.682811e-02
1.426020e-01
2.616319e-02
6.129459e-02
3.060292e-02
2.297636e-02
3.802295e-02
4.425451e-03
3.519602e-02
1.065840e-01
6.012724e-03
2.119646e-05
5.161822e-02
1.577290e-02
1.243394e-02
4.804013e-01
1.177203e-02
5.090108e-04
2.517421e-02
1.595293e-01
8.750191e-05
2.469900e-01
4.978022e-05
6.413890e-02
5.434659e-02
2.539445e-02
9.473121e-05
1.371491e-01
1.741802e-02
4.859720e-02
8.017446e-03
6.586068e-02
1.238889e-04
5.557465e-02
5.517548e-03
1.431897e-03
1.308946e-03
5.692253e-01
1.594681e-01
2.517304e-02
5.597625e-03
8.121721e-02
2.185788e-03
4.675578e-03
3.205161e-03
4.729848e-02
3.061616e-03
1.217374e-01
2.559554e-02
1.229159e-05
5.065552e-03
1.198920e-01
8.992399e-04
3.409305e-03
1.546566e-01
9.896696e-02
2.229668e-01
1.921326e-03
5.748302e-02
1.470630e-02
8.407714e-02
1.084428e-01
1.415320e-02
1.383536e-03
4.141987e-05
7.279215e-02
1.285728e-01
1.304887e-02
1.186193e-02
3.639902e-02
2.475654e-01
1.351896e-04
2.143101e-02
1.966656e-02
2.627504e-02
1.483143e-01
1.755612e-02
1.683969e-03
2.024415e-02
3.965931e-03
2.172578e-04
3.311871e-02
4.470601e-03
6.091846e-03
4.557808e-02
3.021312e-03
1.182787e-03
3.078767e-03
1.860694e-01
5.943938e-03
5.240670e-02
1.995360e-01
1.488029e-04
7.288466e-02
8.987290e-02
1.585918e-01
1.955512e-01
5.849813e-03
4.424426e-02
3.402972e-01
1.443682e-04
1.979603e-05
7.758949e-03
1.878160e-01
8.826665e-04
9.995017e-02
1.384859e-03
2.132325e-02
9.632834e-03
3.232027e-04
2.251893e-02
3.245524e-03
4.182732e-03
3.084567e-04
2.670808e-01
3.266722e-02
1.935583e-01
2.217931e-02
2.108671e-02
8.359492e-05
1.418166e-01
4.078646e-02
2.324862e-01
1.973773e-02
2.657840e-01
2.022310e-01
1.151213e-02
6.019477e-05
9.449765e-07
2.048553e-06
2.093551e-03
1.234572e-01
3.116742e-02
9.325860e-02
1.621969e-06
2.775309e-03
1.857932e-01
1.930252e-02
3.079030e-03
2.824250e-03
1.035530e-01
2.201216e-02
2.179661e-02
3.196019e-02
4.282899e-02
9.879209e-03
7.532013e-03
2.636573e-02
3.691837e-03
4.075594e-02
7.054741e-02
5.525447e-03
2.869166e-02
2.174209e-02
1.593785e-01
1.135541e-03
2.944125e-02
5.575030e-02
3.879169e-02
6.529115e-03
9.404554e-02
7.257943e-03
9.235955e-03
4.353451e-03
2.689572e-03
7.195735e-02
8.221516e-03
4.361763e-02
1.137174e-02
1.180702e-01
4.041744e-03
1.095479e-02
1.109605e-02
4.108448e-02
1.394038e-01
2.461862e-02
4.345148e-04
2.800484e-03
3.480319e-01
4.183412e-02
6.500913e-02
3.063813e-02
1.072310e-02
6.495011e-06
9.401901e-02
5.059587e-02
5.604772e-02
1.056960e-01
5.355819e-02
6.172835e-02
5.600992e-05
2.760561e-03
1.646497e-01
1.593823e-03
3.909228e-03
5.624699e-02
5.617058e-03
1.052428e-02
4.741674e-02
1.879630e-03
1.145056e-04
7.841435e-02
4.050239e-02
4.626445e-02
2.552746e-02
2.830224e-03
1.108837e-01
5.706091e-02
1.187552e-01
3.260300e-02
3.373629e-02
2.018724e-03
3.987650e-02
1.236848e-01
9.831559e-03
5.720381e-03
2.365051e-02
1.085296e-01
2.093248e-02
7.797377e-02
7.179644e-06
7.993829e-02
9.800989e-03
8.781341e-03
1.341879e-01
3.790501e-02
1.742888e-01
2.658649e-02
1.855774e-01
6.731490e-03
5.231174e-03
1.111198e-01
4.719504e-01
1.852927e-03
6.074327e-02
1.338958e-02
1.595624e-01
2.764865e-04
1.634577e-01
1.471870e-01
5.385782e-02
1.312339e-01
5.016881e-03
7.642197e-03
1.003811e-02
7.200613e-03
1.202695e-01
5.795627e-03
8.347213e-03
1.078938e-01
4.611559e-02
5.735381e-02
1.144145e-01
1.020100e-03
2.755952e-01
7.433217e-04
1.396759e-02
7.277256e-02
6.414216e-02
9.085000e-02
9.371267e-02
1.901275e-03
8.847129e-02
1.851311e-01
6.669773e-06
4.198085e-02
3.243705e-02
3.845834e-02
3.039636e-03
1.128688e-02
1.010997e-02
1.989705e-02
2.898015e-01
7.015940e-02
1.185373e-01
9.205876e-02
2.315438e-02
1.040916e-02
7.714717e-02
1.562409e-02
2.072821e-03
6.234693e-02
3.126213e-02
9.711877e-03
1.750365e-02
4.456112e-03
9.798843e-02
1.320545e-01
5.526449e-02
4.648329e-02
9.295669e-03
2.478559e-02
2.395230e-03
1.636766e-02
3.644558e-02
2.824764e-02
3.724432e-01
2.984864e-03
6.539797e-01
2.230834e-02
5.716926e-02
3.408173e-01
4.668097e-02
5.197574e-01
6.931211e-04
8.311167e-08
1.449425e-01
4.548573e-04
2.150015e-02
3.685895e-01
3.362043e-03
2.432495e-02
3.596535e-02
7.677098e-04
7.692216e-02
2.412735e-02
8.383473e-02
4.467501e-03
5.926336e-02
2.228678e-03
3.617300e-02
5.595559e-02
3.325322e-03
7.216620e-02
1.522110e-01
1.771085e-01
2.990187e-03
2.278172e-02
1.810849e-02
3.880547e-02
1.850833e-02
4.358452e-02
6.360804e-06
3.311584e-02
7.347872e-02
7.000774e-02
8.514421e-02
2.364783e-02
8.930887e-02
4.278832e-02
2.690757e-02
2.429081e-04
1.672641e-01
9.674050e-03
6.852946e-03
1.917153e-03
3.229890e-03
3.659789e-02
6.492341e-03
1.528012e-04
6.162371e-04
2.850616e-02
5.279460e-03
6.899144e-02
7.224263e-02
3.837227e-01
1.581375e-01
1.024476e-03
1.231710e-02
1.291336e-01
7.511767e-03
1.927404e-04
2.188904e-02
2.132145e-02
7.894432e-04
1.287324e-01
3.141600e-01
5.893568e-02
7.107219e-02
8.928208e-02
1.719303e-01
3.058309e-04
1.839448e-04
1.856688e-02
1.424406e-02
8.065906e-02
4.140208e-02
1.046513e-02
1.342170e-01
5.913539e-04
3.533175e-03
4.230931e-02
1.009251e-01
1.627537e-03
1.125553e-02
1.565433e-02
3.189883e-02
1.012972e-02
1.285133e-03
1.607272e-01
3.217658e-02
4.561105e-02
1.176036e-02
4.019566e-02
1.812458e-03
4.253598e-02
2.179122e-02
2.029838e-01
1.294631e-01
6.860000e-03
2.599426e-02
9.601753e-03
1.799208e-01
2.841907e-02
1.451828e-03
6.429135e-02
3.069439e-03
7.472422e-02
1.549220e-01
1.649826e-03
9.515207e-04
1.260914e-03
8.661118e-03
7.761093e-02
2.596947e-03
1.642020e-02
1.775338e-02
3.167942e-02
9.180993e-03
3.339571e-03
7.600519e-03
3.076679e-02
1.658627e-01
6.630440e-03
