1.299472e-02
4.369955e-04
2.302130e-02
8.018589e-02
9.189641e-03
5.462701e-02
4.125271e-02
4.158043e-05
2.560552e-02
1.272685e-02
5.600880e-03
1.645690e-04
3.160300e-02
1.025205e-01
3.090470e-03
1.417327e-01
4.884185e-02
1.907160e-02
1.438213e-02
4.133646e-02
4.214823e-02
8.066892e-02
9.439005e-02
3.129429e-02
1.756132e-01
4.906279e-02
8.719684e-03
2.648050e-02
4.231647e-02
5.897777e-02
2.611524e-03
4.192927e-02
5.373336e-03
3.504975e-02
7.087734e-03
1.998741e-02
6.341176e-02
4.670165e-02
3.195915e-02
5.812229e-05
2.160734e-02
2.459207e-02
3.362582e-01
4.860745e-02
4.091130e-02
4.919145e-02
3.136169e-02
1.229022e-02
1.889961e-02
1.499266e-02
7.268642e-03
1.762034e-03
2.106642e-01
1.828326e-03
4.861484e-02
3.413242e-02
6.709479e-02
8.992347e-04
2.846099e-02
2.770308e-01
2.696551e-01
2.121758e-02
1.642879e-02
1.482779e-02
3.065880e-02
1.590389e-01
1.275378e-03
3.927909e-02
4.714137e-03
1.237715e-01
1.158793e-02
7.549537e-02
5.302695e-03
9.116361e-05
2.268754e-02
5.909132e-03
3.611643e-03
2.487425e-01
3.276827e-05
3.554820e-02
2.467501e-02
1.764828e-03
5.628624e-03
1.194409e-02
2.494093e-02
1.378607e-01
1.598763e-02
6.275247e-02
3.764370e-03
2.792372e-03
3.182783e-03
1.024560e-02
1.525914e-01
1.591305e-03
2.095885e-02
2.742495e-02
1.577757e-01
6.736734e-02
1.374932e-02
6.607462e-04
4.206181e-04
8.510339e-02
4.260366e-02
3.431136e-02
4.111531e-02
1.006845e-02
1.528490e-01
3.009509e-04
1.433570e-01
6.643077e-04
1.927044e-02
5.729333e-03
6.876244e-03
1.382376e-02
2.389850e-03
5.611542e-03
3.119241e-04
1.073561e-04
1.070481e-02
6.772045e-02
1.028628e-02
3.688548e-04
1.132493e-02
2.205781e-02
2.144265e-01
2.018880e-02
1.089064e-03
3.859159e-02
8.072216e-03
2.199918e-02
6.269602e-05
6.429590e-04
6.572126e-02
7.339229e-02
2.435835e-02
1.821120e-02
6.086091e-02
3.194384e-02
4.171968e-03
8.320319e-03
2.738630e-04
4.166223e-02
1.386015e-03
1.639883e-01
2.114829e-02
1.024262e-01
1.010890e-01
5.718893e-03
4.272811e-02
2.479750e-02
8.970000e-02
2.605365e-01
5.536285e-06
3.135834e-04
3.240320e-02
1.006753e-01
3.987921e-02
5.514244e-03
3.855171e-03
1.885549e-01
5.361116e-02
2.390069e-02
9.509184e-05
7.620188e-02
2.535424e-01
2.209085e-01
7.436259e-02
3.560888e-02
2.050604e-02
7.477745e-02
3.917307e-03
3.157993e-02
5.355839e-02
5.328787e-03
6.339287e-02
1.452862e-04
9.849048e-02
1.852703e-01
5.530376e-03
1.690801e-01
2.330930e-02
3.182378e-02
4.958006e-02
2.325493e-02
3.655836e-02
7.573836e-02
1.834863e-03
4.999692e-02
9.081547e-02
1.638274e-03
1.880328e-03
2.561686e-03
1.144230e-01
7.060524e-03
1.186102e-01
5.861144e-02
1.099195e-02
1.026909e-01
9.415933e-03
1.975303e-01
4.821379e-05
7.125643e-02
7.682089e-03
1.546295e-02
2.054799e-02
1.271162e-02
9.412048e-02
7.498460e-02
9.520713e-04
6.281722e-02
5.068638e-02
2.245374e-03
6.848455e-02
1.061075e-02
2.797123e-04
2.094356e-02
4.259024e-01
3.359119e-02
2.606685e-01
5.944011e-02
1.946865e-03
1.029499e-02
7.266267e-03
2.534567e-03
3.263022e-02
1.406616e-06
2.107475e-02
1.614322e-01
2.733346e-02
5.782092e-04
5.925751e-02
7.315907e-03
1.314136e-02
4.446820e-02
3.879215e-01
1.285953e-02
5.744804e-03
5.268290e-05
7.118047e-02
1.851728e-04
7.205575e-02
6.435780e-02
1.228871e-03
1.036639e-01
9.620708e-07
5.235106e-02
1.146691e-01
6.348614e-04
1.232153e-02
1.139868e-01
2.840915e-02
1.429398e-02
4.955809e-04
9.762415e-02
1.937746e-01
2.600979e-01
3.662542e-03
8.326790e-02
9.677846e-04
2.620291e-02
2.212601e-01
7.338283e-03
1.582092e-02
1.268235e-01
4.438998e-02
1.158291e-02
1.067507e-01
3.043402e-02
8.264797e-03
2.017900e-02
1.569772e-02
1.533986e-02
9.521250e-05
8.735475e-04
1.013372e-02
5.236541e-04
5.982540e-02
5.166531e-02
5.058544e-05
8.820512e-03
3.507287e-04
3.171228e-02
3.279238e-02
2.892581e-02
3.327862e-01
2.444431e-04
2.311777e-02
3.580432e-02
1.640321e-01
6.262571e-02
6.993594e-02
1.338062e-01
1.705835e-01
2.090490e-04
8.060902e-02
9.454605e-03
3.554687e-02
3.583770e-04
9.739314e-02
1.009195e-01
4.630968e-03
3.449931e-03
9.725858e-02
1.790693e-01
9.533453e-02
2.055917e-02
7.855064e-02
6.321330e-03
3.392472e-06
5.414067e-03
3.185726e-04
1.193662e-01
5.586593e-02
3.575525e-03
1.040296e-02
1.809042e-02
5.205543e-02
1.526909e-01
7.950311e-03
6.729742e-02
9.052659e-02
4.232732e-02
8.521461e-02
2.434250e-03
5.930504e-02
8.191528e-02
9.599192e-03
3.278329e-02
1.488029e-01
2.405231e-02
1.089605e-03
3.289209e-02
1.174082e-02
4.419009e-03
9.604378e-03
8.545034e-02
5.350604e-01
1.326295e-03
2.853224e-02
2.076942e-02
5.528864e-02
1.337332e-02
1.605816e-01
1.195601e-01
1.541584e-01
3.484171e-02
1.895218e-02
2.843634e-02
9.038158e-02
3.000383e-03
2.299821e-02
3.246774e-03
4.295468e-02
4.483921e-02
5.172424e-02
1.831118e-03
6.939122e-04
8.909141e-02
7.660054e-03
2.814816e-03
5.724538e-02
3.020166e-03
1.349487e-02
3.689717e-02
1.475595e-02
2.729334e-01
1.086097e-03
5.582602e-03
1.104437e-01
3.087737e-02
1.327531e-02
5.050143e-03
4.809928e-03
6.690398e-02
1.609865e-01
1.402769e-02
1.636967e-02
3.034534e-02
7.574033e-02
2.077242e-04
2.417064e-07
6.263240e-02
2.849480e-03
1.350277e-01
9.760589e-02
4.635797e-02
6.103427e-02
1.909654e-01
1.843347e-02
5.349311e-06
2.044542e-02
2.589670e-02
5.131251e-03
5.240430e-08
1.130622e-01
3.528163e-03
2.036778e-01
2.064909e-02
2.187413e-03
1.249629e-03
4.666277e-02
7.257223e-04
3.188803e-01
1.544481e-02
6.533729e-02
1.966803e-02
1.013675e-02
5.871567e-02
1.144960e-02
1.369657e-02
9.426355e-05
3.129686e-03
4.436284e-02
1.572592e-01
3.297837e-02
1.148403e-03
2.869782e-02
1.994119e-02
2.069599e-03
3.946156e-02
1.484450e-03
5.222172e-01
1.079201e-01
1.435466e-02
9.964774e-02
2.030991e-01
1.020216e-03
1.382226e-01
1.165897e-01
8.568407e-02
1.144000e-01
1.147636e-02
4.103717e-02
1.206316e-01
1.323730e-03
1.231356e-03
1.854489e-02
1.474304e-01
2.067794e-01
2.796130e-02
3.853026e-02
2.232592e-03
2.676271e-03
1.061902e-02
5.292223e-04
1.630040e-01
2.931358e-04
2.383894e-03
2.910860e-01
1.609399e-01
1.025206e-02
1.270187e-01
4.960552e-02
7.083923e-02
1.178515e-02
2.918582e-03
1.239809e-02
4.374204e-03
8.296790e-03
1.644000e-03
1.694518e-03
3.833874e-04
6.844547e-02
1.005811e-01
1.119146e-02
9.677828e-02
1.882985e-02
1.834798e-01
1.662558e-01
9.283422e-05
9.577642e-03
1.571996e-01
2.037583e-02
1.892389e-02
2.763868e-02
6.415328e-02
3.215151e-01
1.243702e-02
5.482193e-03
2.070091e-02
3.924095e-05
1.907342e-08
1.056673e-02
5.914736e-03
4.009379e-02
1.288977e-01
1.807570e-02
7.262512e-02
2.436666e-03
3.496686e-05
7.295542e-02
6.474503e-02
9.505108e-02
9.711996e-03
6.655867e-02
3.356701e-03
2.118900e-02
6.495441e-03
2.915108e-03
1.138500e-01
3.450922e-02
1.461528e-02
1.651394e-03
6.950028e-03
2.605603e-03
4.950457e-03
1.330167e-01
1.584732e+00
3.703584e-04
7.365993e-04
1.501290e-01
4.954849e-03
2.606715e-02
2.879910e-02
2.111455e-01
2.751636e-02
4.696811e-02
1.430732e-02
8.769032e-03
1.993739e-02
1.619464e-02
8.975879e-03
6.607453e-02
1.496609e-01
3.480185e-02
7.777628e-02
7.514407e-03
7.575448e-03
1.402430e-02
1.257532e-01
1.162186e-02
1.958622e-01
9.405709e-02
2.745233e-05
2.379970e-02
1.799732e-02
1.974758e-03
5.117858e-03
1.125429e-01
5.315823e-03
1.619294e-01
1.038180e-02
1.397466e-02
1.445028e-03
9.538438e-03
1.665495e-02
8.220450e-02
9.408419e-04
2.297330e-03
3.165006e-01
4.882994e-02
1.240867e-03
1.207665e-02
7.577514e-02
3.804038e-03
1.815276e-03
8.080350e-03
7.866306e-02
1.537044e-01
2.742524e-02
2.257004e-02
5.401590e-02
7.027867e-02
4.217221e-02
3.126561e-01
3.817219e-02
5.277914e-02
1.150412e-03
5.349663e-02
9.763987e-02
2.904508e-01
1.084594e-01
7.546833e-02
1.689121e-01
1.347113e-02
1.867463e-01
1.201859e-02
1.257023e-01
3.485674e-02
2.937546e-04
2.499374e-03
3.715552e-02
3.022652e-02
5.809534e-03
1.114443e-01
1.340840e-01
2.194691e-03
3.082447e-02
2.081060e-01
1.049458e-02
1.529510e-03
7.551447e-02
2.647531e-02
1.688780e-04
