9.505703e-05
5.154425e-03
5.938482e-02
1.673718e-02
2.444636e-03
1.084096e-01
4.409223e-02
8.348045e-03
2.370812e-02
8.481410e-04
1.404330e-03
3.392659e-03
1.334542e-02
8.673062e-03
1.170797e-01
6.001637e-02
1.127328e-01
1.409567e-03
3.776030e-02
2.356512e-02
4.588322e-02
1.095430e-03
4.824197e-02
9.364495e-05
2.063715e-02
4.564992e-02
6.340492e-03
3.296696e-01
2.012428e-04
3.441561e-02
1.423811e-02
1.160112e-02
5.742781e-02
5.720249e-02
1.226517e-02
1.973478e-01
1.209825e-01
1.338955e-01
2.281380e-02
5.351158e-02
6.003724e-02
1.478494e-02
7.003094e-03
1.003031e-01
1.487615e-01
2.322615e-02
8.108559e-02
5.389594e-02
2.686123e-04
1.406758e-04
1.699349e-01
1.129210e-02
2.839720e-03
1.430426e-01
1.956710e-02
4.650747e-03
1.281465e-02
7.029339e-02
3.222887e-03
7.634831e-03
6.758364e-02
5.364702e-02
6.629954e-02
3.772809e-02
8.072435e-03
9.118947e-02
1.788806e-02
2.053074e-01
4.458401e-02
1.123906e-01
1.298544e-04
4.037960e-04
1.531320e-02
5.053670e-03
6.502976e-02
2.212459e-06
9.591811e-04
2.419354e-02
1.089849e-02
3.218223e-02
3.238547e-03
9.441278e-03
1.113495e-01
1.990220e-02
2.639038e-01
1.233459e-01
1.003468e-02
3.154319e-02
7.088501e-03
1.019379e-02
3.688366e-02
1.263556e-01
1.463909e-01
2.825119e-03
1.252184e-02
8.894690e-02
1.985075e-02
1.684897e-05
1.550386e-01
1.358986e-05
4.362333e-03
7.563090e-02
6.307796e-02
1.311074e-02
7.398799e-03
3.005825e-03
3.942202e-02
3.951719e-04
1.288883e-04
2.261281e-02
1.520596e-02
1.096975e-01
1.282052e-01
3.545814e-02
5.447860e-02
6.970293e-04
3.440299e-02
3.413589e-02
5.546522e-03
9.471601e-02
4.098684e-01
5.466133e-02
4.944155e-04
2.240065e-03
6.505849e-02
4.595214e-03
2.684210e-02
6.969218e-03
2.123667e-02
5.303661e-02
2.348739e-01
3.859235e-01
6.221556e-03
5.846911e-02
4.067349e-02
1.110943e-02
1.353282e-02
4.306841e-02
2.050405e-02
1.603185e-01
1.989384e-01
1.084397e-02
8.216345e-04
1.481367e-02
2.144580e-01
1.733488e-03
8.486240e-03
3.424620e-02
6.398544e-05
1.586697e-02
7.980614e-02
2.468402e-02
5.105962e-03
1.866388e-02
1.814874e-02
4.220162e-02
3.095863e-03
9.718072e-02
2.138709e-01
8.790486e-05
4.363802e-02
2.802450e-02
3.110017e-05
6.798660e-02
5.441505e-03
2.810278e-01
9.854118e-03
2.827627e-03
3.977155e-02
8.543059e-02
3.618252e-02
5.286454e-03
1.417981e-01
8.614355e-02
4.050447e-02
1.888929e-03
1.914988e-02
8.615359e-02
2.409519e-02
1.553990e-01
1.395588e-02
3.294987e-02
5.381536e-04
1.191557e-03
3.090189e-02
3.734788e-03
3.027864e-01
3.795730e-02
8.227399e-02
1.828942e-02
1.288094e-01
3.126538e-03
1.559176e-01
1.422061e-04
6.411093e-03
7.975934e-02
5.235229e-02
2.463775e-03
3.029747e-01
1.636483e-01
1.105290e-01
9.643435e-02
5.407175e-02
4.153160e-02
3.693049e-02
9.270061e-03
1.127817e-01
1.978229e-02
8.090956e-06
2.715749e-02
3.322240e-02
1.793313e-01
6.220095e-03
7.734760e-02
2.962648e-03
3.747792e-02
2.555544e-01
2.505678e-02
2.532275e-02
1.383397e-02
9.438601e-07
2.377077e-02
2.427056e-01
5.642133e-04
4.383897e-02
1.546617e-02
1.138057e-03
5.666105e-02
2.447767e-02
2.327144e-02
4.632056e-02
3.528593e-03
8.942483e-03
5.002526e-02
1.291518e-01
6.423294e-05
7.193038e-02
6.808806e-02
9.664263e-04
2.948639e-02
6.413062e-02
5.115082e-02
2.436552e-02
6.092642e-02
1.783786e-01
8.578626e-03
4.940587e-02
1.012600e-02
2.543467e-03
2.401075e-03
4.843560e-02
1.436167e-03
7.270580e-02
2.844053e-02
2.343888e-02
5.295915e-04
4.071673e-01
4.328557e-03
5.864903e-02
1.219956e-01
5.391349e-03
7.248201e-04
1.312057e-02
1.532854e-02
2.249012e-02
8.956342e-03
5.185172e-03
1.307673e-01
4.990094e-04
3.543147e-02
7.644860e-02
6.518798e-03
2.046974e-01
1.720296e-03
8.101555e-02
9.372018e-05
1.554866e-03
3.830471e-05
1.643197e-02
3.803656e-03
3.223290e-03
9.608167e-04
3.650668e-02
8.575312e-02
1.548246e-01
8.426958e-03
1.960915e-01
4.152303e-02
2.340482e-02
3.255221e-02
5.103776e-02
1.836233e-04
5.489050e-02
2.451585e-02
1.447392e-01
4.897750e-02
1.590268e-03
3.323129e-04
1.192738e-02
2.592645e-02
3.215442e-03
2.937151e-04
1.207625e-02
1.286060e-02
1.519350e-02
3.525444e-02
3.873728e-03
1.255833e-01
6.898096e-03
3.055157e-02
2.316874e-05
1.743116e-01
3.432347e-03
1.747681e-04
6.174022e-03
4.983795e-03
1.484918e-02
1.583682e-01
9.874382e-06
4.585831e-03
1.437826e-02
5.613839e-02
4.137047e-03
5.628956e-03
3.197677e-02
8.594748e-03
1.040257e-01
4.966150e-03
5.299484e-02
4.244605e-04
2.550232e-03
1.241702e-01
4.100799e-02
1.215937e-02
7.994742e-03
1.482267e-03
1.878223e-02
1.441730e-03
9.326150e-03
3.467963e-02
9.962717e-02
4.962492e-02
1.304630e-01
1.277915e-01
1.108176e-02
6.868029e-04
7.782834e-02
2.277399e-02
6.386385e-03
1.049773e-01
9.852693e-03
1.376933e-02
1.755166e-02
4.200099e-05
1.790257e-04
7.322688e-02
2.726366e-01
6.198131e-02
1.582292e-02
1.907252e-03
7.546527e-05
2.610534e-02
2.660173e-02
5.407417e-03
3.139230e-03
9.455556e-02
3.794588e-02
1.123042e-06
5.368877e-02
8.541598e-03
3.613826e-03
1.045373e-01
2.063800e-02
1.708224e-02
3.205980e-02
1.546369e-02
1.989288e-02
2.126362e-01
1.484602e-04
4.079009e-02
1.060904e-01
8.545546e-02
3.728330e-02
1.238279e-03
1.382218e-02
4.333897e-02
6.677431e-02
1.157122e-01
5.858534e-02
1.357367e-01
2.185140e-02
9.480791e-02
1.358449e-02
1.137098e-02
1.223244e-01
2.370685e-02
1.926703e-02
6.260184e-03
1.238255e-02
4.061632e-03
1.840893e-02
1.144925e-02
7.482513e-02
8.853018e-02
3.601351e-05
2.008786e-02
3.669848e-02
2.426945e-04
3.172857e-02
1.885608e-02
7.635895e-02
2.019509e-03
5.800758e-03
3.971352e-03
1.722703e-03
8.725622e-02
3.821159e-01
2.657082e-02
1.996948e-02
2.537721e-02
2.039236e-01
1.989572e-01
6.821308e-04
1.497469e-02
8.408373e-02
7.815182e-02
1.513855e-01
2.242462e-02
1.448960e-01
1.282583e-03
1.421773e-01
9.542675e-02
1.651559e-01
7.652552e-03
3.591939e-04
8.121917e-02
2.012614e-02
4.390436e-03
4.216381e-02
1.261988e-01
1.094513e-02
1.795850e-01
3.041049e-02
1.194850e+00
1.455299e-01
1.065753e-02
8.815964e-03
4.025086e-03
2.927115e-02
2.187532e-01
1.163163e-02
7.141878e-02
6.043037e-01
8.220111e-04
5.806434e-03
4.765583e-03
3.231490e-02
2.578080e-02
1.297261e-01
1.266590e-01
5.786086e-02
2.900750e-02
5.132301e-03
1.370941e-02
2.570122e-01
2.458181e-02
5.809090e-03
3.177819e-01
1.102525e-01
1.156607e-02
2.175428e-01
2.670815e-02
5.307950e-01
2.105979e-02
1.566471e-03
2.575141e-02
1.066274e-02
2.066671e-02
1.682720e-02
2.527899e-01
1.192955e-04
5.439208e-02
4.374094e-04
1.554963e-01
2.271270e-02
9.554653e-03
3.702325e-02
1.680524e-02
2.846108e-04
1.092878e-01
3.400515e-02
1.662847e-06
1.109407e-03
3.934257e-02
1.152122e-02
8.126220e-02
2.532859e-01
4.360384e-03
3.267453e-02
9.808013e-02
5.173410e-02
2.015227e-02
8.717932e-02
5.349721e-04
4.092888e-02
1.032534e-02
7.080540e-02
4.987947e-03
5.397931e-02
6.161492e-02
9.375493e-03
5.921908e-03
1.303974e-04
2.359515e-02
2.415066e-03
1.108191e-02
2.786062e-01
1.041663e-01
1.267160e-02
3.134549e-02
1.410966e-02
2.640157e-03
3.365848e-01
1.281801e-02
7.922401e-03
3.172984e-01
1.454501e-01
4.383885e-02
5.621205e-07
2.155399e-02
1.460654e-02
5.665312e-03
3.447129e-04
2.625476e-03
8.598885e-02
2.305820e-01
1.574417e-02
1.061595e-02
5.978004e-02
9.789138e-03
1.558536e-03
3.373689e-02
7.075019e-03
1.937634e-02
8.206863e-02
7.452598e-04
5.626391e-02
1.842510e-02
9.320223e-02
6.129377e-02
2.669656e-04
7.013907e-02
1.473300e-03
2.232338e-02
5.391556e-04
5.543377e-03
2.780385e-01
3.145922e-02
1.582174e-03
1.757334e-05
3.953011e-03
4.277948e-02
4.568925e-02
1.020262e-01
5.013591e-03
3.671027e-03
1.982023e-03
1.712867e-01
2.448436e-02
6.600564e-02
9.703878e-03
3.529752e-02
5.612402e-05
1.578162e-01
1.109927e-04
1.777002e-01
3.527081e-02
6.684159e-05
2.771953e-02
2.630524e-03
1.445007e-02
2.091901e-02
1.259882e-03
4.024322e-03
2.007428e-03
9.259082e-04
1.876546e-01
1.040566e-01
2.749439e-02
1.917116e-02
1.420476e-02
3.341019e-04
1.463228e-01
2.242128e-03
