1.741468e-02
1.677115e-02
9.827652e-03
1.078267e-01
9.549748e-03
1.869646e-01
1.826363e-01
1.394370e-03
4.114575e-02
2.097092e-02
6.894199e-03
6.020063e-02
9.643232e-03
9.468029e-03
5.813406e-02
1.270234e-03
2.026637e-01
3.432125e-02
7.192398e-04
1.658741e-01
1.257134e-02
1.925177e-02
7.057430e-03
1.370009e-02
6.021268e-02
2.290322e-02
2.461709e-01
5.150259e-02
4.434208e-04
6.151913e-02
1.621023e-04
2.199336e-03
2.996531e-01
1.018066e-01
9.319477e-04
1.869426e-02
3.418130e-02
4.652874e-02
7.125965e-03
3.519535e-02
1.002663e-02
1.485061e-01
5.040834e-02
1.079406e-02
7.637562e-02
2.028704e-02
7.250640e-02
5.491061e-03
1.269930e-01
2.767504e-01
2.384676e-02
6.084018e-04
3.439738e-03
1.604431e-02
4.633607e-02
6.098843e-02
1.475045e-01
2.494678e-02
4.696809e-03
5.511866e-02
6.402629e-07
4.047176e-04
1.582783e-01
1.782369e-01
5.272479e-02
3.574442e-02
3.654169e-03
1.018195e-01
8.689272e-03
1.101300e-02
1.718606e-02
5.994337e-04
2.019608e-02
6.880921e-03
1.120484e-01
2.463296e-02
5.704766e-02
4.534357e-03
1.361396e-03
9.174487e-04
2.594846e-05
6.397169e-02
2.495508e-02
2.302173e-01
2.646418e-02
1.422812e-01
4.963917e-04
4.482217e-03
1.570495e-04
7.296739e-02
4.145372e-02
9.964907e-02
7.042161e-03
1.187895e-01
2.118780e-02
1.039919e-02
1.247093e-02
3.559171e-02
2.686909e-01
1.783899e-02
3.164211e-02
3.664046e-02
3.752949e-01
5.021827e-03
4.516045e-02
2.297918e-03
8.391142e-03
2.998666e-03
2.576440e-02
2.404881e-04
1.421718e-01
6.081588e-02
1.490860e-04
6.207942e-02
7.492796e-02
4.293383e-04
1.146799e-01
3.570902e-01
6.474945e-02
1.230825e-01
1.205826e-01
1.539394e-01
2.421096e-02
4.307317e-02
4.972475e-03
4.374263e-02
2.050215e-05
6.672639e-03
3.646751e-02
7.471902e-02
1.213244e-01
7.810980e-02
2.056897e-03
1.782492e-01
1.401600e-01
9.560972e-02
1.540001e-01
1.212513e-03
3.468902e-02
1.644653e-02
2.807063e-02
9.270435e-03
9.766877e-04
1.113033e-03
2.463531e-02
1.852483e-01
7.211528e-03
9.017801e-03
3.683582e-04
6.127816e-02
1.592127e-01
1.238231e-02
1.994413e-03
7.814374e-03
2.005588e-02
3.667861e-04
1.051865e-01
1.988602e-01
1.923445e-03
2.922107e-01
4.676869e-02
1.123830e-03
5.001538e-02
8.304048e-02
3.183407e-03
4.086221e-03
1.070409e-01
2.989466e-02
9.256093e-03
1.071253e-02
1.668972e-03
3.111710e-04
1.051552e-01
9.736061e-02
2.146792e-02
3.235629e-02
2.460690e-02
4.651776e-02
4.605687e-04
1.006027e-02
3.753702e-01
3.965345e-05
2.499077e-02
7.737684e-02
4.125935e-03
1.860326e-02
2.243859e-01
1.100909e-01
4.667507e-03
1.832896e-02
6.426734e-04
2.547317e-02
3.399127e-07
7.586013e-03
2.919289e-01
5.111412e-02
9.011201e-02
1.162123e-01
9.012775e-02
1.116489e-04
5.164426e-03
3.987795e-03
2.313994e-03
1.068999e-03
8.144004e-02
5.351454e-02
2.808919e-01
2.737961e-02
1.495588e-02
2.293894e-04
7.486771e-02
1.817945e-02
2.786163e-02
3.240051e-01
2.702435e-01
2.770950e-02
1.078452e-02
2.209133e-01
3.014502e-03
1.187382e-01
5.403547e-02
4.205222e-01
9.350973e-03
3.823523e-02
5.931128e-03
4.093337e-02
3.867752e-03
3.781508e-02
1.056956e-01
2.575165e-02
6.361800e-03
9.577673e-02
4.084096e-03
3.960896e-03
3.772033e-02
1.604682e-02
4.972459e-02
9.966144e-04
6.596088e-03
7.390831e-02
4.560518e-02
3.161088e-03
1.552873e-02
6.576060e-02
5.036987e-03
4.192219e-03
2.209531e-03
1.408513e-01
4.153492e-03
3.431839e-02
5.302230e-03
2.140804e-04
1.804723e-02
1.168444e-02
1.084039e-01
6.284054e-03
2.138521e-02
1.051920e-03
2.790638e-03
7.374933e-04
5.117527e-02
1.943476e-03
8.426508e-04
1.100896e-02
5.757909e-02
6.838149e-02
6.115545e-01
2.926073e-01
1.306604e-01
4.549570e-03
1.817687e-01
8.704764e-03
5.701874e-03
1.432496e-03
2.475117e-02
6.971541e-02
4.400086e-01
3.752796e-04
3.584347e-02
2.442692e-02
5.202469e-03
2.317346e-02
1.218492e-01
1.101052e-05
3.117815e-02
1.238103e-03
1.613989e-01
2.884244e-02
4.834689e-02
1.070296e-01
1.171711e-01
1.386017e-02
3.129635e-02
1.670269e-01
5.677120e-03
2.402600e-02
1.321258e-01
1.605575e-01
3.230140e-04
2.301308e-02
4.171477e-02
1.828851e-03
2.383444e-02
4.383579e-02
4.112534e-01
1.032717e-03
1.105101e-02
9.567239e-02
4.703044e-02
2.429193e-03
8.020841e-03
1.863845e-01
2.120273e-02
1.580868e-02
3.976396e-02
1.880406e-02
2.467882e-02
2.221400e-03
1.326325e-02
2.468259e-02
3.002994e-03
3.953551e-07
2.103643e-03
6.689316e-02
1.228663e-01
4.231947e-02
1.996512e-03
1.255731e-01
3.121306e-02
8.023365e-03
1.364021e-04
2.576190e-01
1.285220e-01
1.712453e-02
5.506205e-04
2.525297e-02
2.874434e-02
2.504105e-02
1.506193e-02
1.703496e-02
5.694354e-02
1.858235e-01
1.333340e-01
1.012132e-02
1.134713e-01
3.498286e-03
2.436712e-02
8.535056e-03
3.113355e-03
1.469743e-03
1.585977e-02
6.571639e-03
7.638371e-02
4.144649e-04
2.782645e-03
2.693945e-02
5.502240e-03
1.429978e-03
2.235488e-02
2.471835e-02
4.787537e-02
2.396805e-03
1.240511e-02
1.602822e-02
1.684672e-01
4.084095e-03
6.579707e-03
5.457741e-01
4.042951e-03
3.366326e-02
1.357170e-02
2.143195e-03
8.717551e-03
6.680530e-02
1.186773e-01
3.028579e-01
8.365311e-03
6.028703e-03
4.338187e-01
1.132261e-01
1.938954e-02
1.122961e-01
1.732702e-03
1.883581e-01
1.654890e-02
2.737250e-02
5.027039e-02
2.406576e-02
1.368177e-03
2.606252e-03
2.321552e-01
5.001887e-04
1.859811e-01
4.413101e-03
6.376454e-05
5.241961e-04
1.865677e-02
1.362109e-01
2.987133e-02
5.530993e-03
1.666871e-01
8.487403e-07
3.009438e-04
3.253288e-03
1.237649e-02
5.759018e-04
2.628044e-01
6.844607e-04
1.386879e-04
3.926849e-03
2.927603e-03
6.544753e-02
1.876306e-01
5.664771e-02
8.222792e-02
5.772616e-02
1.829574e-02
1.669741e-03
6.539701e-04
1.387934e-02
3.155992e-02
7.503083e-02
5.416907e-02
1.602603e-02
1.814320e-02
4.186870e-02
3.236394e-02
1.195849e-01
6.299087e-03
2.518143e-01
1.015127e-01
3.831069e-02
4.183816e-01
7.909781e-02
5.535192e-05
2.467771e-02
6.700769e-03
1.290501e-03
3.270422e-04
5.823075e-03
1.691468e-01
7.657197e-05
2.466231e-02
2.699651e-02
2.714129e-03
1.827019e-01
6.607478e-02
3.377348e-03
3.256101e-03
9.201604e-02
2.300853e-02
1.254304e-02
2.247171e-01
3.725197e-03
1.228848e-01
2.693739e-02
7.459216e-02
7.597046e-02
4.248535e-02
4.445197e-02
2.596220e-02
1.130351e-01
2.682520e-03
1.339545e-01
4.732892e-02
1.374590e-01
2.491609e-02
3.789225e-02
4.168999e-03
1.268941e-01
3.308993e-02
4.362315e-03
4.711586e-01
1.111556e-02
2.042782e-01
1.708751e-02
2.744103e-02
2.157966e-02
8.870270e-02
1.419036e-02
6.346707e-02
3.963615e-03
1.274149e-01
6.132742e-02
2.174890e-01
7.635243e-02
8.282182e-03
9.472553e-02
1.467618e-02
1.842979e-03
2.746860e-04
1.063873e-04
1.030668e-03
2.856018e-03
1.304838e-02
4.817151e-01
3.985864e-02
2.177702e-02
2.246571e-02
1.438856e-01
2.266341e-01
5.379606e-03
2.555557e-04
1.880982e-02
2.295387e-02
4.371099e-02
3.458950e-02
3.213431e-01
1.231723e-03
5.170637e-03
1.835872e-01
2.547813e-01
5.057805e-05
1.841831e-02
5.269588e-02
9.862570e-02
2.336454e-04
2.142361e-04
3.484723e-02
2.920617e-02
1.973787e-02
4.560335e-02
6.289820e-02
2.048076e-02
1.592390e-04
2.973056e-02
1.142456e-03
7.135898e-02
1.588690e-02
5.398157e-03
1.426996e-03
1.068533e-03
8.886330e-02
3.096596e-01
9.048937e-03
7.019986e-02
3.025124e-01
1.235698e-01
3.928386e-02
4.902166e-03
8.817648e-03
4.893466e-02
2.085315e-01
6.734621e-02
7.321469e-04
1.778127e-02
2.664008e-02
4.717031e-02
8.374255e-02
1.252263e-02
1.288322e-01
1.387000e-04
7.435442e-02
8.163659e-04
5.347486e-03
1.492056e-02
6.589957e-02
1.181293e-01
5.507326e-03
5.463136e-04
1.264295e-02
3.625784e-03
1.290751e-02
1.505440e-01
6.946647e-03
1.519398e-01
2.667255e-04
2.607104e-04
3.675722e-03
1.197493e-01
2.194989e-03
1.031871e-02
1.421611e-02
1.927070e-02
2.925034e-02
4.205067e-03
1.084322e-02
1.934159e-02
4.167197e-03
1.537186e-01
3.459101e-02
1.096166e-02
2.109893e-02
2.532682e-02
1.128978e-02
1.029281e-04
1.203524e-01
1.563692e-04
6.011173e-02
1.820896e-04
6.126583e-02
2.259212e-02
4.167949e-02
6.267864e-02
