4.520012e-02
1.096700e-01
3.698899e-03
3.021630e-04
4.449172e-02
1.853237e-03
3.226573e-03
2.682317e-01
2.301728e-02
4.911902e-02
1.017396e-01
1.852315e-03
3.874357e-03
8.098286e-02
3.359414e-02
1.109102e-02
3.828576e-02
1.629567e-02
1.620034e-02
3.895774e-02
2.831103e-03
7.086902e-02
2.248153e-02
4.612012e-02
1.268523e-01
2.291417e-03
7.368312e-04
2.024252e-02
2.855078e-01
1.797702e-01
7.262946e-02
1.414894e-02
3.633315e-03
7.862395e-02
6.314020e-02
6.936164e-05
7.500696e-02
3.930373e-02
1.996191e-01
6.744166e-02
2.110523e-01
8.099680e-05
3.526864e-02
2.771623e-02
7.548709e-03
1.098252e-02
4.751505e-03
7.033494e-03
3.039178e-01
7.153756e-02
3.881217e-04
5.695738e-02
3.977809e-02
3.933569e-03
3.873772e-02
1.831814e-01
1.690123e-02
2.681387e-02
6.905541e-04
1.475961e-03
2.626814e-02
1.591662e-02
2.035846e-01
1.699179e-02
3.146481e-02
1.118838e-02
9.146711e-03
1.477209e-03
2.730192e-01
2.144730e-03
2.713293e-02
5.634916e-02
2.813057e-03
2.056706e-02
5.556304e-03
4.701829e-02
3.103784e-02
2.025348e-01
2.028848e-02
7.102749e-04
5.601004e-02
7.847850e-02
2.254381e-02
5.726536e-02
4.948861e-02
4.351613e-02
9.845556e-02
1.943441e-02
8.159535e-03
1.963581e-04
8.326258e-04
3.190859e-03
1.863408e-02
6.808847e-03
4.114114e-03
1.042459e-01
3.510724e-03
1.067561e-03
1.886277e-02
2.334774e-03
2.258867e-02
3.536944e-05
1.804817e-03
1.792730e-05
1.292312e-02
2.262834e-02
8.216770e-02
2.027778e-02
2.394731e-02
1.226519e-02
3.349069e-05
1.230591e-01
3.040280e-02
1.539377e-01
3.734574e-02
4.664577e-02
3.253067e-02
6.197888e-02
5.027638e-04
8.768146e-02
1.394609e-02
7.937190e-05
2.732537e-01
2.449262e-02
6.003048e-02
7.811141e-02
2.007309e-02
9.311105e-03
2.438998e-03
1.399729e-01
2.816895e-02
9.768025e-03
1.582159e-03
1.335782e-02
8.764253e-02
1.055703e-03
2.077281e-01
1.269571e-01
3.941826e-03
6.078353e-04
1.119768e-02
3.608679e-02
6.145123e-04
1.876513e-02
1.340573e-01
1.671214e-04
3.741397e-03
4.516371e-04
4.102876e-02
1.032838e-01
2.202797e-02
2.516328e-02
1.416408e-01
3.465810e-02
9.970399e-02
1.779962e-01
8.312283e-04
4.897911e-02
5.427101e-02
2.391726e-01
5.194478e-02
3.069074e-03
1.257679e-03
1.160566e-01
3.052760e-04
6.589148e-02
4.120373e-02
4.328779e-02
5.352550e-03
8.024189e-04
8.229690e-02
2.024210e-02
9.214500e-02
3.921933e-02
2.001469e-02
1.960249e-04
5.302190e-03
2.971925e-03
7.654895e-02
8.428797e-03
6.904781e-05
8.694676e-03
1.899878e-02
1.868784e-02
2.709545e-02
4.831571e-02
7.516520e-03
7.538905e-02
5.251510e-03
2.425860e-01
1.339439e-04
1.057645e-01
6.135350e-02
4.197993e-02
3.954398e-03
2.419783e-02
6.667942e-02
3.665015e-02
9.753949e-03
4.195515e-03
1.000072e-03
2.782975e-03
8.103852e-02
3.558482e-02
1.459716e-02
3.465514e-02
7.985493e-02
1.593814e-01
7.431124e-02
1.574239e-03
4.773104e-03
7.947007e-03
1.176802e-02
1.667368e-02
1.557546e-03
2.023025e-02
7.559319e-02
4.598440e-04
5.330908e-03
1.030237e-03
5.450650e-03
6.158765e-02
1.594290e-02
7.948121e-03
2.495947e-01
2.472954e-04
3.978375e-02
2.006446e-02
8.778639e-02
5.696925e-02
2.169142e-02
6.906578e-03
4.013686e-02
5.797161e-01
5.126204e-02
7.997592e-02
1.262186e-01
3.504239e-02
2.495279e-02
6.981109e-02
1.204346e-02
1.768134e-02
1.294827e-02
3.679264e-02
7.890217e-03
6.304304e-02
5.482502e-03
3.448566e-02
1.655096e-01
1.807031e-03
2.821638e-02
1.498123e-02
2.815085e-02
8.472613e-02
8.664149e-03
9.670634e-04
1.080111e-02
2.146076e-01
4.013969e-04
6.170286e-03
1.938422e-01
1.090880e-02
6.887984e-03
1.837646e-02
3.011606e-02
2.031317e-02
1.682885e-01
1.504596e-02
7.628709e-02
8.845347e-02
4.276087e-03
3.621777e-03
1.543061e-01
5.272846e-03
1.307690e-02
3.366039e-02
6.462456e-02
4.151232e-01
1.495042e-02
5.738026e-02
9.185440e-02
1.883139e-02
2.658247e-02
1.584243e-02
1.304037e-03
2.059985e-01
3.779061e-04
3.476483e-02
2.496957e-02
1.012162e-02
5.892502e-02
2.947173e-03
2.370535e-03
2.508646e-01
1.510539e-02
3.695787e-02
1.539517e-01
9.367002e-02
6.916482e-03
2.008888e-03
2.319937e-03
2.818282e-02
3.875311e-02
5.076136e-02
1.905497e-01
2.846703e-04
2.569583e-03
6.673256e-02
3.132494e-03
2.034150e-03
2.031491e-02
8.485610e-02
4.955912e-04
1.496489e-01
3.666547e-03
2.598122e-02
1.480087e-01
4.007238e-01
4.453951e-02
8.108210e-03
9.146271e-03
4.089532e-02
3.986644e-02
2.742436e-04
8.475816e-03
2.831534e-04
3.836397e-03
2.024624e-04
2.844018e-02
1.460226e-02
1.024985e-03
5.385312e-03
2.678499e-01
2.283895e-02
3.133042e-03
3.558347e-02
1.077939e-03
1.161557e-01
1.337667e-02
9.801585e-02
1.621079e-01
9.891267e-02
9.926293e-02
1.314450e-02
2.346658e-02
3.401788e-03
9.474225e-02
3.803622e-02
1.307530e-01
1.382712e-02
1.635192e-03
1.577404e-03
7.683132e-03
5.362610e-03
1.741441e-01
1.863008e-03
1.823336e-01
7.793709e-03
4.856000e-04
5.562907e-02
4.529421e-02
2.983833e-02
7.280866e-03
1.312908e-01
1.928023e-03
7.224056e-03
1.701332e-02
8.284652e-03
1.476731e-01
2.733822e-02
2.693465e-01
9.442190e-03
4.527154e-02
8.689129e-03
4.250935e-03
1.974682e-01
8.427231e-04
4.780395e-02
7.113987e-03
6.471429e-02
7.674787e-02
6.751293e-03
1.883911e-01
3.426821e-03
3.664684e-01
8.414282e-02
1.143328e-01
2.766159e-03
1.456767e-02
1.079800e-01
1.508581e-03
7.098942e-03
5.129999e-02
4.205369e-02
2.752573e-02
8.784766e-02
2.552215e-02
5.133755e-03
1.018957e-03
1.089819e-02
1.624136e-02
4.315180e-02
3.254442e-02
1.228616e-01
1.227943e-01
2.634334e-03
6.621704e-03
1.056803e-02
1.599145e-03
5.353590e-03
5.992513e-02
1.529900e-03
1.451162e-01
3.013352e-03
1.034638e-02
2.007010e-02
1.110106e-03
1.113802e-01
1.412861e-01
6.157642e-03
2.527070e-01
3.954981e-02
9.313569e-03
2.611581e-03
9.349005e-04
4.893201e-02
3.576328e-03
3.707438e-02
6.551965e-02
2.403085e-02
4.227885e-04
8.512569e-04
8.290758e-03
1.574647e-01
7.880203e-04
9.943853e-02
3.266460e-02
3.927299e-03
8.446925e-02
1.152301e-01
8.826886e-02
7.203502e-04
1.068227e-02
3.092782e-02
4.331136e-03
4.886729e-02
3.318616e-06
1.709924e-03
1.071918e-02
6.328113e-02
1.693325e-02
1.692834e-02
1.390568e-03
2.901313e-03
1.845808e-01
9.122751e-03
4.317342e-03
7.219526e-03
1.019070e-01
6.770875e-02
2.155710e-02
1.759161e-04
3.330192e-03
3.992274e-02
1.238668e-01
3.272683e-02
5.637907e-02
1.064465e-02
5.075243e-02
3.916646e-03
2.125148e-02
3.656617e-02
2.602311e-04
1.119319e-02
1.775070e-03
4.081412e-02
7.440366e-03
1.097475e-01
1.118678e-01
3.170768e-01
4.663021e-02
3.147178e-01
2.060977e-02
1.678078e-03
9.510368e-03
8.444522e-04
1.461752e-01
3.369706e-02
1.879019e-02
8.594277e-03
7.993645e-03
6.084234e-06
4.700937e-04
4.369610e-02
4.556398e-02
4.023656e-03
3.106091e-02
9.615397e-03
2.646414e-02
2.289312e-02
1.949260e-02
3.819589e-03
1.353114e-02
1.794889e-03
1.527686e-03
1.395878e-02
3.283033e-02
1.272189e-03
2.683364e-03
3.873836e-03
9.034792e-02
7.696662e-03
6.167706e-06
5.913509e-03
1.817587e-01
3.556971e-02
8.408686e-03
6.194680e-02
2.176974e-04
1.344262e-02
8.452552e-03
8.313456e-04
6.849425e-02
6.406309e-02
4.956574e-03
8.412640e-03
1.833364e-03
2.889569e-02
2.771828e-02
1.989698e-01
2.793624e-02
1.489203e-01
6.875888e-02
1.241149e-02
2.400816e-03
1.744762e-02
5.336009e-02
4.264655e-02
9.465482e-03
8.266527e-04
8.206718e-02
1.453458e-01
8.572221e-02
5.025359e-02
3.976375e-02
4.992830e-03
7.692128e-02
1.373141e-02
8.258788e-02
4.479447e-02
7.342487e-03
1.678310e-01
2.991980e-02
4.568110e-02
3.141728e-02
1.816077e-02
2.478467e-02
2.424474e-02
2.318149e-02
2.909456e-02
1.227610e-02
6.483153e-03
6.392336e-02
3.737694e-02
1.653678e-01
1.653658e-03
1.411430e-02
4.137901e-02
7.414449e-05
2.234127e-02
9.734870e-02
1.584240e-03
1.838310e-01
9.384537e-02
3.913087e-02
1.321113e-02
1.021734e-03
2.699495e-03
8.323132e-03
2.494397e-03
4.298895e-03
1.949877e-02
1.190738e-03
1.934960e-01
2.374424e-01
1.101731e-03
2.986717e-01
4.539361e-04
2.304462e-02
1.087666e-02
4.997563e-02
3.564914e-04
1.181392e-04
3.315551e-01
