5.072252e-03
1.597024e-02
1.148084e-03
1.109036e-01
2.880721e-03
5.192643e-05
1.754478e-02
4.933039e-02
9.078428e-02
2.444044e-01
3.625983e-03
2.547550e-02
2.809302e-02
1.449475e-01
7.324573e-02
1.990646e-02
5.168870e-02
1.340078e-01
1.001479e-02
2.104257e-04
7.609967e-02
2.192211e-04
3.646012e-03
9.129640e-02
1.681998e-01
2.286488e-03
1.080282e-05
2.556880e-01
1.526073e-02
1.600096e-02
2.087267e-02
4.146620e-03
5.631126e-02
7.561101e-04
8.744879e-02
6.973447e-03
1.566961e-01
2.766531e-02
1.482181e-02
2.749644e-02
1.685800e-01
1.341558e-01
1.016096e-02
8.614276e-07
1.800269e-04
1.620288e-01
2.663953e-02
6.848155e-03
8.143190e-03
2.751494e-03
7.840928e-02
3.616340e-02
1.783703e-02
2.821803e-02
2.168483e-01
1.287736e-02
2.345329e-03
1.628609e-03
5.223528e-03
5.244705e-02
2.940625e-01
6.461104e-04
3.575663e-01
7.133323e-02
7.172543e-03
6.036353e-02
7.820274e-03
1.666603e-02
1.962668e-02
1.369955e-02
7.994631e-02
5.467570e-03
6.751933e-02
5.008910e-03
6.975480e-05
8.353525e-02
8.262016e-02
1.787373e-02
2.038417e-03
1.988815e-03
1.802148e-03
1.734036e-02
6.127560e-02
1.088711e-04
6.081021e-03
1.285143e-01
8.599885e-03
2.100081e-03
6.183016e-02
4.801425e-03
2.262272e-02
7.364395e-04
4.135233e-03
3.880867e-02
6.491203e-02
4.751362e-03
1.150164e-01
4.242882e-02
1.401916e-02
3.981125e-03
2.647115e-02
9.500586e-03
2.279517e-02
1.912799e-02
6.055589e-02
2.939818e-02
3.514231e-02
2.522712e-02
9.991960e-03
7.070095e-02
9.329925e-02
1.648033e-02
3.743263e-01
7.755162e-02
9.828321e-04
3.289903e-02
3.140930e-03
2.214507e-03
1.353574e-03
3.643355e-02
1.406571e-01
1.927334e-01
3.811108e-03
2.058735e-01
3.099332e-02
5.363394e-03
8.755804e-03
7.703891e-03
5.480615e-02
1.293638e-04
1.074636e-02
7.434258e-02
4.621714e-02
9.022486e-02
6.515752e-02
8.749100e-02
2.066805e-02
8.139175e-02
3.736426e-02
1.206636e-01
1.643864e-04
5.841635e-02
4.587371e-03
9.222734e-02
1.566696e-02
2.185126e-02
1.161733e-01
7.523035e-02
1.263391e-02
2.644096e-03
1.631298e-03
2.025059e-01
1.128908e-02
1.420009e-01
6.318885e-03
5.269973e-03
2.812502e-03
1.632988e-02
1.093923e-03
7.557559e-03
8.766237e-02
2.111424e-02
1.412696e-01
6.008055e-03
2.146789e-02
1.137198e-02
4.449768e-03
2.554379e-03
9.744212e-03
5.910626e-05
6.088483e-02
1.155275e-02
1.124880e-02
6.850030e-03
1.437213e-02
3.176152e-03
2.409921e-01
1.005385e-02
1.953588e-02
2.156080e-02
1.837088e-02
1.017915e-03
1.027680e-01
7.725279e-02
1.395938e-02
1.162287e-02
5.575571e-03
1.978024e-01
2.997658e-02
1.017534e-01
5.947932e-03
7.564453e-03
6.896621e-03
3.749054e-02
2.353868e-03
1.787710e-03
1.447999e-01
1.283552e-02
7.403457e-02
3.480911e-03
6.089867e-05
1.702447e-02
2.926635e-02
5.393598e-01
1.567194e-02
5.015562e-04
1.415494e-02
1.248244e-01
1.488170e-02
1.120639e-01
3.997206e-03
1.114263e-01
1.232476e-03
1.891242e-01
1.081062e-02
9.027199e-04
3.809893e-06
1.516225e-01
3.499382e-02
3.381952e-02
1.849626e-02
1.251159e-02
8.733379e-02
2.123522e-01
7.324741e-03
8.913360e-03
4.908110e-02
1.089529e-02
6.358619e-07
1.462382e-03
1.504249e-04
1.172550e-01
1.256651e-01
6.357865e-02
1.477036e-02
1.200478e-01
8.442598e-02
2.917816e-02
1.009079e-01
4.707422e-03
4.632359e-02
7.543340e-04
5.434360e-04
2.203144e-02
7.124164e-02
1.345136e-02
3.012823e-04
6.506337e-03
5.966634e-05
8.329794e-02
2.518251e-03
1.029763e-03
8.630830e-03
3.155327e-02
3.666580e-02
6.049427e-02
1.960755e-01
5.276907e-02
9.033413e-04
3.979536e-03
3.712296e-02
2.236850e-02
1.875668e-04
4.404162e-02
8.201615e-02
8.438209e-03
8.545274e-03
1.211588e-02
9.622995e-04
1.268659e-01
5.008187e-02
5.603961e-03
4.815305e-04
2.905728e-03
1.440229e-03
1.018552e-04
3.471409e-02
3.920260e-02
1.051770e-01
2.086186e-02
4.798424e-02
1.825537e-01
9.647703e-04
3.607459e-04
3.738933e-04
5.595351e-04
5.081882e-02
5.767957e-04
1.043607e-02
9.211101e-02
1.288048e-02
1.474994e-03
1.285189e-01
1.245176e-03
4.295189e-03
1.283741e-02
2.917667e-02
2.656054e-01
1.896690e-01
2.316530e-04
4.832328e-02
1.245546e-04
8.908017e-04
1.863322e-02
9.652633e-03
1.410779e-02
5.565359e-02
1.046735e-03
4.501596e-02
1.905071e-02
1.364854e-02
6.311220e-02
1.030010e-01
1.964769e-01
2.178600e-03
7.507422e-02
4.760138e-03
1.553110e-01
5.488173e-02
3.873907e-02
3.480405e-01
4.891940e-02
1.018368e-07
8.250709e-03
1.891317e-02
1.718485e-04
1.710751e-03
1.307111e-01
8.330558e-04
4.810234e-03
1.933396e-01
3.323088e-02
6.957943e-02
1.118336e-02
1.929928e-01
1.680698e-03
3.405082e-02
1.272677e-03
2.643026e-01
2.189963e-02
2.143180e-01
3.502178e-02
1.058748e-01
9.435786e-02
3.167927e-02
4.663004e-03
1.774097e-03
1.727552e-01
2.756661e-01
2.461667e-04
2.146238e-01
1.637075e-03
4.140562e-02
2.405387e-02
1.101823e-01
3.859527e-02
1.307537e-01
1.104054e-01
7.732742e-02
5.463256e-04
4.724011e-02
1.701214e-01
1.239438e-03
4.637052e-04
4.484599e-02
8.216101e-03
7.613701e-03
2.176310e-02
6.465015e-03
4.940884e-03
7.218623e-02
1.424433e-02
2.053410e-02
5.624098e-04
1.193301e-02
6.168807e-02
5.547349e-02
2.640982e-02
7.071227e-02
4.125658e-02
3.710504e-02
7.491658e-03
1.995113e-02
6.405880e-03
4.286873e-03
7.634356e-02
4.168547e-01
1.263739e-01
4.506096e-02
2.287536e-02
2.480125e-02
5.849796e-02
1.972078e-02
4.645762e-02
1.039042e-01
4.352982e-02
6.644273e-02
4.084320e-03
7.928127e-02
1.084986e-02
1.078449e-01
8.459147e-05
1.172495e-01
8.185585e-02
8.873136e-02
4.270050e-02
1.123903e-02
1.600296e-02
1.214023e-01
3.574479e-02
4.377494e-02
6.858431e-03
5.115706e-02
9.864608e-02
2.752821e-03
1.507504e-01
3.734330e-02
1.714486e-01
3.788298e-02
2.948016e-02
1.396214e-02
2.787395e-01
3.679171e-02
7.533920e-03
3.495701e-02
1.838387e-02
2.812471e-04
1.820728e-01
5.024963e-02
1.680648e-01
9.192343e-02
5.792581e-02
4.267655e-02
2.707441e-02
4.709743e-02
1.939825e-01
1.825181e-04
1.853345e-02
5.724590e-03
2.232380e-02
5.865990e-05
5.898334e-02
2.418463e-01
1.205486e-03
1.019923e-03
5.896736e-02
2.435763e-02
8.309168e-02
7.019429e-04
1.094120e-02
8.213488e-02
3.756957e-03
5.464886e-04
9.538498e-02
7.300987e-03
3.496264e-02
9.796959e-02
3.040570e-02
1.403197e-02
1.740956e-01
4.328309e-03
1.371305e-01
3.029091e-03
5.281785e-03
1.616790e-02
5.182620e-03
1.015372e-01
4.282958e-02
1.531526e-01
1.015320e-01
3.292629e-02
1.813024e-01
7.110829e-02
1.490555e-02
4.887979e-03
3.738466e-02
2.013771e-02
1.672232e-02
2.228619e-02
1.454330e-01
6.377910e-03
2.444366e-02
1.252246e-02
1.151194e-02
1.921993e-01
3.680584e-02
1.096966e-02
8.303917e-03
6.669973e-03
1.974750e-01
3.772399e-02
5.875449e-04
3.029728e-03
4.015221e-02
6.798729e-02
9.888376e-03
4.930778e-02
1.964671e-01
4.119177e-03
1.905398e-02
1.697253e-02
1.666594e-02
1.090021e-02
7.109812e-03
3.415375e-02
3.744945e-02
3.545261e-02
1.807297e-02
1.514185e-01
2.033754e-03
7.746825e-03
6.126709e-02
1.549091e-02
2.066265e-03
2.839421e-02
6.015010e-02
3.041519e-03
2.490384e-01
2.688033e-02
3.779760e-02
1.253065e-03
6.093373e-03
4.639185e-03
5.026490e-03
8.985534e-03
4.921867e-02
4.631546e-02
3.415939e-02
3.757840e-03
7.013110e-02
5.670536e-05
2.304622e-08
6.808698e-02
7.974429e-02
9.411206e-03
2.205753e-04
4.647231e-02
6.168787e-03
6.308489e-02
3.965975e-02
2.217724e-02
5.043267e-04
1.272235e-02
4.944605e-04
5.994125e-02
1.175198e-03
2.560325e-01
5.191591e-04
3.973917e-03
6.078335e-03
3.441873e-03
9.112452e-03
1.362788e-02
2.038874e-02
2.689130e-03
9.075139e-02
6.282506e-03
5.545158e-02
3.868439e-03
2.034554e-02
5.040999e-02
1.345789e-02
9.460475e-03
1.770911e-01
2.196562e-02
2.493347e-03
1.012165e-01
2.286099e-04
5.747421e-04
1.491068e-02
7.207064e-02
3.133123e-02
1.675186e-02
3.326491e-02
4.999582e-03
4.424771e-02
1.747581e-02
1.268166e-02
6.121332e-03
1.614978e-03
4.132096e-02
2.475251e-02
4.993005e-02
2.719602e-02
4.279840e-02
3.370186e-02
4.237737e-03
2.238411e-02
8.461521e-03
2.037356e-04
1.082105e-04
2.334839e-02
1.530608e-02
2.938507e-02
