1.199505e-01
6.799458e-02
1.953714e-01
1.595666e-02
2.702187e-05
4.495725e-02
1.709152e-02
2.052126e-02
5.262056e-03
6.615445e-02
8.704114e-02
1.696929e-02
5.319436e-03
1.049992e-02
1.622566e-02
4.981787e-02
1.213640e-03
1.077984e-01
2.401530e-01
1.446446e-01
2.713886e-02
6.478397e-04
9.889074e-02
9.961757e-05
5.777985e-02
5.969739e-02
2.811794e-02
2.146877e-02
1.095966e-01
4.011378e-03
1.113366e-01
2.817005e-03
3.517284e-03
6.903548e-03
4.642960e-02
1.963299e-02
2.221870e-02
2.677597e-02
2.150566e-02
1.985143e-02
1.231512e-02
2.400273e-04
1.169984e-04
7.751690e-02
9.422312e-05
2.213081e-01
1.048546e-02
8.929858e-03
1.203425e-02
4.760713e-02
3.532202e-01
2.783915e-02
3.552175e-01
1.334474e-02
1.466546e-01
2.658117e-02
6.167391e-02
6.016473e-02
8.331586e-03
7.459288e-03
5.661764e-02
1.665159e-01
1.736134e-03
3.494904e-03
1.150853e-01
1.051506e-02
2.663661e-03
3.950332e-05
3.068405e-02
2.078997e-02
6.036103e-02
9.103193e-02
1.472064e-02
1.906624e-02
9.943910e-03
1.305527e-02
3.432329e-03
1.203654e-05
1.215828e-03
7.813158e-02
1.513294e-03
3.083855e-01
2.163388e-02
2.444698e-02
6.872962e-03
3.272548e-03
1.329605e-02
5.794300e-02
8.880236e-04
5.763848e-02
3.868752e-03
2.260977e-03
2.541793e-01
1.269868e-01
7.112068e-03
6.689774e-04
5.973254e-02
6.868433e-02
3.225904e-01
1.101671e-03
1.126817e-04
9.083118e-02
1.664612e-02
1.847927e-02
1.736368e-02
2.177877e-01
6.681912e-03
5.524580e-03
5.152501e-02
2.162643e-04
1.164550e-01
3.573042e-01
2.587349e-02
1.076236e-02
2.017139e-03
4.169566e-02
3.029340e-01
5.071010e-02
4.472127e-02
9.022290e-03
3.555525e-01
2.606022e-02
2.116371e-01
1.779179e-01
3.368683e-02
3.104750e-01
5.482620e-03
2.999830e-02
4.826627e-02
6.340166e-03
3.523350e-02
8.684297e-03
4.920141e-05
7.273892e-03
2.409294e-03
5.797468e-04
5.829820e-02
3.108939e-03
1.958333e-01
1.880240e-02
3.784923e-02
7.381228e-06
5.456140e-05
1.464030e-01
1.108883e-01
1.125904e-01
5.563945e-02
1.887972e-02
3.002523e-02
7.670643e-02
9.102157e-02
3.156417e-06
8.369196e-03
2.721157e-02
4.901225e-03
1.417064e-01
3.261569e-02
6.990359e-02
1.149489e-01
6.436312e-02
9.789097e-03
1.816988e-02
2.947294e-02
3.704283e-02
2.663522e-04
1.514497e-02
5.976332e-03
4.449391e-04
4.825231e-02
1.157762e-01
6.720982e-02
1.810387e-02
8.035319e-03
1.762613e-02
8.464732e-03
1.234172e-01
1.035039e-01
1.540318e-01
1.136510e-01
2.819036e-02
1.594202e-03
2.688027e-03
2.758000e-02
1.053276e-01
1.841391e-01
1.728326e-02
3.163942e-02
9.766319e-03
1.900625e-03
2.101666e-02
2.428491e-02
4.254722e-02
2.359868e-04
1.249101e-02
1.655220e-01
6.112573e-03
5.898424e-02
9.904525e-03
3.015850e-02
1.406234e-01
9.746147e-02
9.267076e-03
4.614399e-04
5.012264e-02
6.457725e-03
2.156849e-02
6.193654e-03
4.987868e-03
3.663785e-02
1.007632e-01
1.537376e-04
3.179953e-03
7.900026e-04
9.945300e-02
4.134969e-02
9.382430e-02
1.226084e-01
7.922999e-03
3.372914e-02
5.301615e-02
3.315526e-02
4.962969e-02
1.504790e-04
6.386415e-02
4.203621e-03
4.335731e-03
2.790704e-02
4.144680e-02
5.358261e-03
3.407156e-02
2.574812e-04
1.969438e-03
1.591753e-02
1.012981e-01
9.844813e-04
5.685486e-02
8.885244e-04
2.610832e-02
1.086404e-02
1.007975e-02
6.019729e-02
1.496565e-01
6.347628e-03
1.584161e-02
5.901880e-02
1.288131e-01
1.438013e-02
2.977877e-03
1.651620e-03
2.222220e-04
6.708670e-02
8.210588e-02
1.005460e-03
2.386463e-02
1.491718e-03
1.959622e-01
1.523412e-01
7.749097e-06
2.835709e-03
4.009186e-02
4.027556e-02
8.827351e-03
7.588326e-03
3.026585e-03
2.317317e-02
1.145040e-02
5.782501e-02
1.558962e-01
1.283980e-02
9.389199e-03
1.462936e-02
3.353743e-02
1.759890e-01
1.215600e-01
6.538185e-03
4.066850e-02
9.890360e-04
3.221001e-03
4.495140e-02
4.701137e-03
6.071189e-02
5.495345e-03
5.012429e-02
4.572733e-02
4.484127e-02
2.115892e-01
1.122569e-03
3.568501e-03
1.019268e-01
5.230262e-02
6.659892e-02
2.109318e-02
4.314757e-02
6.010541e-02
1.333137e-04
4.898203e-03
1.386091e-02
2.294185e-02
2.154964e-02
3.758362e-02
4.486447e-03
6.907797e-03
1.928300e-03
6.614860e-02
7.949984e-04
7.786792e-04
1.778267e-03
1.524778e-03
3.393073e-02
4.044826e-02
6.159958e-02
1.688122e-04
3.583139e-02
9.799577e-03
5.020407e-03
1.218539e-02
1.478426e-03
1.287290e-02
2.772893e-02
1.940160e-01
1.146616e-03
2.974459e-02
1.784715e-02
3.994506e-02
1.791775e-03
3.195209e-04
3.803093e-03
1.647041e-01
1.724716e-02
2.070288e-03
5.558074e-02
3.552534e-02
5.815216e-02
6.929810e-03
4.898344e-03
5.416102e-02
1.366590e-01
1.321660e-02
1.013563e-01
8.078781e-02
2.153739e-02
1.312742e-02
2.199574e-03
8.926250e-05
2.136735e-02
8.826092e-03
1.672398e-02
5.074059e-03
2.850079e-03
1.133906e-03
2.134401e-01
2.207586e-01
3.378005e-03
6.108792e-06
5.657765e-02
5.922927e-02
2.614287e-01
7.845810e-03
1.938082e-02
9.252272e-02
3.513579e-02
1.418388e-02
2.758472e-01
2.464262e-02
2.007904e-02
1.305071e-01
4.487535e-02
1.368867e-02
1.868535e-02
1.955170e-02
9.657097e-03
3.916843e-02
3.892206e-02
1.127513e-01
2.992504e-02
5.867570e-02
5.377239e-03
3.254045e-04
1.451456e-02
3.575724e-02
1.784221e-02
5.984003e-02
1.864834e-02
2.236439e-02
1.922419e-01
4.237172e-03
2.338582e-01
1.728727e-01
8.444238e-02
2.799304e-02
5.032369e-03
4.152838e-03
4.562495e-03
9.357897e-03
7.305148e-03
9.715656e-02
1.577607e-01
9.809820e-02
2.465670e-03
1.685721e-02
1.108386e-03
4.642228e-02
7.611894e-03
4.032228e-07
1.722785e-03
1.758710e-01
3.335386e-03
2.039495e-02
1.059233e-02
2.336779e-02
1.500954e-01
3.279180e-03
8.371836e-02
5.958187e-02
2.099279e-01
8.693887e-03
3.503986e-03
5.846921e-02
2.758279e-02
1.017700e-02
2.719729e-01
9.791016e-02
1.063874e-02
2.534989e-02
1.439016e-02
1.495441e-02
3.242677e-04
7.127665e-03
1.182295e-02
5.258950e-02
2.803627e-04
1.515915e-02
4.380684e-03
9.640735e-03
2.370501e-02
1.016603e-03
3.610474e-04
1.611808e-02
2.359728e-02
5.440158e-02
1.796934e-03
5.818795e-02
1.208942e-01
1.587982e-01
1.386882e-02
4.313141e-03
2.228984e-03
4.562410e-07
8.037420e-06
1.245192e-02
2.693324e-02
1.977796e-02
1.061411e-01
2.811933e-02
1.682251e-02
5.091654e-02
1.195304e-01
1.202976e-01
1.094277e-02
2.474327e-02
6.808110e-05
1.365438e-04
8.389817e-04
1.804605e-02
6.929478e-03
3.656908e-03
7.256514e-04
2.000417e-01
4.636812e-01
2.315319e-03
8.273729e-03
4.025292e-01
1.632887e-02
5.720862e-02
4.793866e-04
1.183330e-02
7.003576e-02
5.694269e-02
7.631270e-02
3.230298e-03
1.243346e-03
2.542114e-02
1.007940e-02
1.291656e-01
1.011965e-04
6.516639e-02
1.135715e-02
6.632097e-02
1.065222e-01
1.364535e-02
3.228835e-02
3.231939e-02
3.401395e-02
7.543886e-02
3.908478e-04
5.821471e-02
1.072219e-01
1.724266e-01
4.270724e-03
1.918052e-01
1.944468e-02
2.151214e-03
1.010753e-01
2.828783e-03
3.994391e-04
1.043615e-03
5.128272e-04
1.138488e+00
8.056438e-04
1.430602e-02
5.394481e-02
5.009105e-03
3.782246e-02
1.222336e-01
2.867529e-02
9.498572e-03
3.135672e-02
2.930267e-02
1.781842e-02
9.022915e-02
8.184267e-04
4.181323e-02
2.330990e-02
5.932824e-03
2.928773e-02
1.064100e-02
7.630180e-03
2.169124e-03
7.339453e-03
2.460873e-02
7.386116e-02
1.177048e-02
2.615244e-04
1.050152e-01
6.694738e-03
3.156541e-02
3.562202e-06
3.179312e-04
2.864191e-02
6.697779e-02
1.099187e-01
1.221750e-03
4.357647e-02
1.771335e-02
2.512611e-02
1.223365e-02
1.408245e-01
1.168571e-01
5.465257e-01
1.484704e-01
2.048855e-02
2.834091e-02
3.744993e-02
1.054428e-01
1.981158e-02
5.081456e-02
7.342194e-02
2.021213e-02
6.893738e-02
1.586203e-02
3.133055e-04
7.451141e-03
5.592479e-02
3.375998e-02
9.200768e-03
3.448485e-02
1.031192e-01
5.078351e-03
1.009760e-02
2.401292e-02
1.658912e-02
1.816244e-02
1.301636e-03
1.213741e-02
3.857125e-05
6.445176e-02
8.246919e-02
1.451502e-01
1.038237e-01
6.896954e-02
6.372199e-03
1.670364e-01
1.531463e-02
2.466321e-02
1.631681e-01
1.013145e-02
1.704270e-01
6.160106e-02
4.705159e-02
5.592002e-02
4.430065e-08
1.317532e-02
1.945100e-02
1.208872e-01
