3.624555e-03
2.842540e-04
2.820823e-03
2.303160e-04
1.588618e-03
1.185914e-01
8.488200e-03
2.747125e-01
1.022250e-02
2.072258e-04
3.942830e-02
3.675370e-02
2.754909e-03
5.505264e-05
1.933403e-01
8.862781e-02
7.721230e-03
7.527918e-02
5.183723e-04
1.785197e-02
4.644851e-03
1.058138e-01
6.915882e-04
4.501538e-05
7.739640e-03
9.450287e-04
1.779963e-04
5.750397e-02
3.400088e-03
1.372960e-02
2.854674e-02
4.109069e-03
5.329813e-03
6.906373e-02
2.331989e-02
5.701119e-02
7.906844e-05
1.516450e-01
4.995816e-02
1.337042e-01
1.537904e-01
7.623592e-03
1.954793e-01
3.113995e-01
1.217360e-01
1.084569e-02
1.064857e-01
1.061542e-01
1.390612e-02
4.615582e-02
5.440592e-02
6.187733e-03
1.237104e-02
5.700499e-01
8.878485e-03
3.782279e-02
7.199569e-02
5.510747e-02
5.946784e-03
4.047287e-02
1.602418e-01
3.838218e-02
2.195000e-02
1.770923e-02
8.454776e-03
5.122800e-02
1.387335e-01
4.825718e-02
2.775015e-05
1.343053e-01
3.303385e-02
5.833011e-02
3.602811e-02
7.842249e-04
1.015497e-02
1.317471e-01
4.499183e-02
6.183456e-06
1.747474e-02
7.991980e-03
4.636858e-04
1.316890e-02
1.478515e-01
2.014397e-02
2.724773e-05
1.256671e-03
1.098653e-03
2.197223e-01
1.064981e-01
1.526058e-02
1.287623e-01
5.311137e-02
1.038002e-01
2.272318e-02
2.985916e-02
1.800346e-01
6.968641e-02
2.017953e-02
5.282881e-02
5.802502e-03
3.194772e-03
3.618565e-02
2.915793e-04
3.565136e-03
8.432840e-04
5.275104e-02
2.268505e-02
1.434301e-01
5.573515e-03
2.093262e-02
1.008916e-01
4.813093e-06
2.265744e-02
2.094370e-03
2.720665e-02
2.856841e-02
8.169804e-03
1.744790e-03
1.708249e-02
9.241204e-02
3.091597e-03
9.412589e-05
1.567069e-04
4.529536e-03
9.083115e-02
2.504216e-02
9.655813e-02
2.006302e-03
2.973053e-04
1.102436e-02
5.881463e-04
1.187045e-02
4.890159e-02
4.518284e-04
8.853371e-07
6.582827e-02
8.472820e-02
8.432646e-02
4.007948e-02
8.720370e-02
1.365279e-01
4.164558e-02
1.906115e-03
8.421193e-02
3.305538e-03
3.027550e-03
1.486432e-02
2.464369e-03
1.770107e-02
4.820251e-02
1.309796e-02
2.367745e-02
7.085707e-03
8.247093e-03
1.236643e-01
2.022524e-02
9.841407e-03
8.398713e-03
5.640951e-03
1.962685e+00
4.993232e-02
8.181640e-04
5.948513e-03
1.791384e-03
4.540433e-02
3.792935e-02
2.643907e-02
1.402064e-01
6.839012e-02
3.923315e-02
2.166711e-02
3.574727e-03
4.319316e-03
1.254216e-01
1.145959e-01
2.145814e-02
3.963867e-02
3.366228e-02
2.803593e-03
3.217993e-02
5.525677e-03
1.417829e-01
7.256155e-02
1.281620e-01
1.079737e-01
3.284707e-03
1.486190e-03
2.077737e-01
9.255990e-02
3.709032e-02
2.823969e-03
1.661222e-01
3.829716e-03
5.164786e-02
7.875172e-02
1.472179e-02
1.014446e-03
1.487444e-02
8.329947e-02
2.577604e-02
2.469832e-03
1.373638e-03
3.676867e-02
2.162569e-03
1.974282e-02
7.907614e-03
1.111886e-03
3.173842e-01
3.007724e-02
8.560462e-03
2.515300e-02
6.894221e-04
2.292149e-02
6.697211e-02
4.676308e-03
4.763710e-03
8.062061e-04
2.380422e-04
3.794118e-02
3.830461e-02
4.024397e-02
2.910521e-02
1.042638e-02
9.112306e-03
2.999128e-02
4.233254e-03
8.126541e-03
1.744514e-02
2.479788e-02
4.276555e-04
1.952872e-02
6.446670e-02
2.029038e-03
1.336254e-02
8.966336e-05
1.798238e-02
5.430403e-02
2.768979e-02
5.992675e-02
1.346053e-01
4.253130e-02
1.112055e-01
1.749524e-02
3.519688e-02
5.268333e-02
3.950706e-03
1.356889e-01
6.735413e-02
7.751673e-03
2.677813e-02
2.252964e-03
6.578575e-02
1.446438e-03
1.168996e-03
1.960380e-03
1.610071e-02
3.856891e-02
2.299368e-02
1.418137e-02
7.340509e-03
1.658542e-02
8.562939e-02
2.820135e-02
9.254466e-03
3.603877e-04
2.663031e-02
3.485553e-01
1.448342e-03
9.425943e-04
4.819161e-02
8.326672e-02
6.661431e-01
5.256404e-03
7.510269e-02
4.226354e-02
4.752908e-03
1.949353e-02
1.415183e-02
9.355037e-04
5.866240e-03
6.996965e-03
1.568400e-03
1.273601e-02
1.212976e-03
1.722422e-02
8.170158e-03
2.849371e-03
1.847654e-02
2.769326e-02
1.452970e-02
1.462020e-01
8.043324e-03
3.110667e-03
1.559983e-02
3.841751e-03
1.063899e-02
6.668478e-02
3.829229e-02
3.307196e-02
8.359525e-03
3.462668e-02
1.919205e-02
2.736181e-03
1.451006e-02
2.867360e-01
2.813832e-01
8.364006e-02
5.755129e-02
1.869069e-02
1.617182e-01
6.528561e-04
7.391499e-02
9.855283e-02
4.632700e-04
1.076654e-02
1.091461e-01
2.800657e-03
1.579119e-02
1.196679e-02
4.305716e-02
1.482050e-01
2.021285e-02
3.386395e-02
5.242556e-03
8.292856e-02
8.833522e-03
9.741937e-06
1.699261e-02
5.864580e-03
6.329026e-02
8.262569e-04
9.101708e-03
1.242255e-02
2.684445e-01
7.537913e-05
1.236398e-02
5.899378e-03
1.244481e-01
1.212781e-02
3.797269e-05
1.609551e-03
7.250749e-02
1.094543e-01
2.515657e-03
3.004665e-01
7.628304e-03
9.502152e-02
6.223460e-01
5.277781e-01
1.471722e-03
3.309138e-03
3.248791e-01
4.376729e-02
1.026586e-01
3.342581e-02
1.846889e-02
1.232391e-02
1.861442e-01
5.363309e-04
6.448658e-02
1.880113e-02
8.725234e-02
1.134464e-05
1.738113e-02
3.476235e-03
1.234068e-01
9.715973e-02
2.135793e-04
1.384895e-04
1.774028e-01
1.955257e-02
6.875653e-03
2.771062e-02
4.782632e-03
1.630577e-02
1.259845e-01
2.804466e-02
1.097516e-02
8.765403e-02
9.635776e-03
6.241196e-02
2.166571e-05
1.797216e-01
5.721909e-02
1.164187e-02
5.318474e-02
4.957941e-02
2.865247e-03
4.601178e-03
6.489784e-02
9.272802e-06
9.129024e-03
3.504096e-02
3.702006e-03
1.775841e-02
1.718607e-02
2.075429e-01
4.217831e-03
4.614588e-03
3.886495e-03
3.487507e-04
1.258463e-04
4.921304e-01
2.096131e-04
2.324634e-02
2.031965e-03
2.407693e-02
8.878007e-03
5.342660e-03
2.501782e-02
5.591882e-03
6.486018e-02
5.208588e-02
8.793200e-02
1.017107e-03
2.129516e-01
3.166849e-03
1.062198e-01
8.133571e-03
4.447497e-02
9.113053e-02
1.759007e-01
5.713121e-02
3.922087e-02
7.043742e-03
1.875919e-02
1.406386e-02
1.984467e-02
1.343687e-02
2.903867e-02
8.245969e-02
1.310355e-01
1.971633e-03
7.305594e-02
1.629353e-01
3.767002e-03
2.352522e-02
5.828156e-02
1.021531e-02
7.070142e-02
9.824115e-03
8.029615e-02
4.110626e-02
1.808207e-01
7.284480e-04
2.381214e-02
5.486643e-02
7.425837e-03
3.353421e-02
3.108514e-02
1.033814e-01
5.194579e-02
2.167884e-01
4.302877e-03
6.829133e-03
3.671449e-02
3.411487e-02
6.274239e-02
3.867024e-02
1.079427e-01
1.428284e-02
3.595054e-04
4.667171e-02
7.721920e-03
1.091064e-01
9.325576e-03
1.756206e-02
4.463304e-07
4.433397e-02
3.292396e-02
1.912562e-01
3.221202e-01
2.387387e-01
1.062389e-03
1.078781e-01
1.359786e-01
5.476420e-02
3.104443e-01
5.372471e-03
1.573434e-01
4.307431e-02
4.955584e-03
2.533409e-02
3.836481e-04
2.082452e-02
1.156224e-02
7.053338e-02
4.555435e-03
1.938001e-01
4.565289e-03
3.887611e-02
2.152680e-01
2.479255e-02
2.526480e-01
8.034594e-02
4.349408e-03
1.106328e-03
2.310528e-02
8.073525e-04
4.267835e-02
1.043341e-02
4.859794e-03
6.517847e-02
2.766986e-03
1.649603e-02
2.100154e-02
5.094387e-03
4.552001e-01
2.041347e-01
1.277163e-02
9.094888e-02
6.246613e-02
8.423868e-03
3.968393e-02
2.846663e-02
2.282007e-04
3.433344e-02
2.065705e-02
4.784191e-02
5.743400e-05
1.992532e-06
8.864705e-03
4.399623e-03
2.398116e-01
9.332243e-02
5.437832e-02
1.677301e-02
4.606673e-04
5.856027e-02
5.046322e-02
3.427687e-02
8.759931e-03
2.083433e-02
4.910056e-02
4.528008e-02
1.198583e-02
1.939722e-02
1.044904e-03
1.166185e-04
4.657424e-02
4.838644e-01
3.987117e-03
2.371763e-02
2.681415e-05
4.996422e-02
7.956670e-02
2.135009e-01
6.163135e-06
3.712287e-02
3.902049e-02
7.584660e-02
2.263643e-02
2.088124e-03
8.532950e-03
8.996883e-03
4.800626e-03
3.241810e-04
1.783107e-02
9.193043e-04
8.700445e-02
6.320994e-03
4.337972e-04
7.371871e-02
2.463784e-02
1.124315e-01
2.051164e-02
2.601352e-03
3.597647e-02
1.753055e-01
6.772038e-02
1.186539e-03
5.844629e-02
1.607537e-02
1.075519e-01
2.337679e-02
6.163944e-02
1.313669e-01
2.473383e-03
5.541872e-03
4.834153e-02
2.673973e-02
3.149058e-03
1.760203e-02
1.821027e-01
5.903219e-05
1.053137e-02
1.636863e-01
1.097548e-01
1.768985e-02
2.266148e-03
8.516582e-03
2.017054e-04
6.579223e-03
8.324559e-02
