1.057016e-01
1.432363e-03
5.372359e-02
1.327732e-03
1.203574e-02
2.310353e-02
9.886259e-04
2.379504e-02
9.234164e-04
1.209098e-02
1.412376e-02
7.807612e-03
8.023802e-02
2.162303e-01
6.001664e-02
4.629503e-03
4.251692e-02
2.466885e-02
2.500105e-01
1.013935e-01
1.829098e-01
7.380797e-03
7.500250e-03
5.512068e-02
1.565539e-04
6.252919e-02
5.485050e-04
1.478276e-02
5.317312e-02
1.946435e-01
2.018278e-03
6.215113e-03
3.264311e-03
1.108216e-01
1.454176e-04
2.348736e-02
7.681621e-04
2.888808e-05
1.465930e-02
7.669626e-02
9.530655e-04
9.099815e-03
3.186374e-02
1.077271e-01
1.316046e-01
2.420638e-06
2.027313e-01
6.573205e-02
3.166137e-04
1.010638e-01
1.045012e-01
2.119327e-03
3.027932e-02
8.128436e-02
4.911355e-02
1.764666e-01
2.388532e-02
5.660898e-02
6.847214e-02
1.144654e-01
6.769635e-03
3.189123e-02
1.187303e-01
5.670239e-03
8.461773e-02
6.328301e-03
1.588445e-01
5.892249e-02
2.581289e-02
9.092215e-03
1.074713e-02
3.829091e-02
2.856786e-02
5.435128e-03
2.247026e-02
1.425678e-01
9.975884e-05
1.412097e-01
3.465839e-02
4.938054e-04
9.806504e-04
9.323259e-02
4.968312e-02
4.361155e-04
1.102849e-02
2.681155e-02
6.561528e-04
3.138491e-02
3.994832e-02
3.325898e-01
4.782754e-02
7.787036e-02
1.588383e-03
8.014142e-03
3.417841e-01
1.430457e-04
6.348797e-03
2.400594e-01
2.401831e-03
1.115333e-02
1.010358e-01
4.175500e-02
3.640344e-01
2.957264e-02
2.062162e-03
1.362623e-02
6.423021e-02
5.428306e-02
1.360000e-01
2.892686e-02
4.352287e-03
4.578761e-02
2.551691e-03
8.920168e-03
8.088343e-02
1.500758e-02
8.474897e-02
6.133627e-02
3.768187e-02
3.258436e-02
3.578348e-02
1.142107e-03
3.423685e-03
6.496973e-03
1.463039e-02
2.294180e-02
9.247848e-04
6.998541e-03
8.222820e-03
4.944005e-01
1.854320e-01
5.743382e-02
4.755968e-02
7.324524e-03
1.069318e-05
6.616838e-02
1.947339e-01
4.226937e-02
3.975644e-02
8.191266e-03
5.251453e-04
3.066740e-03
1.124119e-03
3.414610e-02
7.327068e-02
7.503324e-03
2.115575e-02
1.774843e-02
6.876668e-02
5.495520e-02
5.875356e-02
3.173296e-02
1.442780e-01
1.606013e-02
3.458457e-02
1.582431e-01
7.182959e-02
7.032683e-02
1.365483e-02
4.019981e-01
8.475887e-02
8.431887e-04
6.238445e-02
3.352299e-03
5.592842e-02
4.973605e-02
6.703291e-02
7.659846e-02
5.128753e-04
1.925579e-02
2.551964e-02
1.151477e-01
2.116326e-02
1.277873e-03
5.288726e-02
1.396667e-03
5.316382e-02
7.243913e-03
3.116163e-03
4.151808e-03
1.067421e-01
1.187803e-03
8.055087e-03
5.352895e-02
8.834754e-02
1.738913e-02
1.725212e-02
3.756300e-02
7.407353e-05
2.137543e-01
4.507675e-02
6.573806e-02
4.385749e-04
2.410040e-02
2.134476e-01
5.466738e-02
7.823523e-02
6.374854e-04
5.651009e-02
1.326362e-01
1.479009e-02
2.026898e-02
9.801911e-03
5.368653e-01
4.368183e-04
3.379737e-01
6.532855e-03
1.272143e-03
8.928277e-04
2.509441e-02
1.535097e-01
2.194021e-02
5.810828e-04
5.212246e-02
3.699275e-04
2.323827e-01
3.631002e-03
1.435390e-02
8.441364e-02
1.605275e-01
1.439997e-03
3.892780e-04
1.471269e-01
5.176257e-04
2.350189e-01
6.463325e-05
1.955305e-02
7.858114e-02
1.947736e-02
8.222431e-04
4.472414e-02
2.105951e-01
1.704931e-02
8.390170e-03
7.120218e-03
3.124689e-02
2.478032e-02
4.411755e-03
1.633053e-02
2.745237e-03
9.043953e-04
8.557311e-02
1.962349e-02
8.324207e-03
6.353691e-04
3.150400e-02
1.130334e-03
3.316112e-02
1.584513e-02
5.084643e-02
5.027993e-04
3.580791e-03
4.203707e-05
2.954804e-02
2.553369e-02
1.240981e-02
4.882335e-02
8.156114e-02
1.123049e-02
1.225080e-02
9.349633e-02
2.991253e-03
1.926229e-02
1.592235e-02
1.631417e-01
2.006870e-02
1.127635e-01
1.752897e-03
1.833389e-02
5.549097e-02
4.036452e-02
2.787686e-02
1.330647e-03
2.562562e-02
2.164237e-05
2.326009e-02
7.550022e-02
2.592988e-03
1.253761e-02
2.607567e-01
5.500190e-03
1.121891e-02
1.037209e-01
1.230341e-01
1.615864e-02
1.463859e-01
2.551286e-02
1.232281e-03
3.867618e-02
8.091500e-05
1.161584e-03
1.155024e-01
5.789972e-04
5.048554e-03
8.332870e-02
1.987562e-02
6.330136e-02
5.083600e-02
2.150014e-02
4.741824e-02
1.710944e-02
1.882606e-02
2.963298e-03
1.091222e-01
2.113342e-02
8.021281e-03
1.924796e-01
4.488851e-03
2.084247e-02
8.672329e-03
2.174288e-01
5.763096e-02
7.362270e-03
6.695137e-03
7.536690e-02
3.179386e-02
5.435343e-02
4.297575e-04
9.633457e-03
1.160281e-01
1.212964e-01
1.113001e-01
6.024942e-02
1.804489e-02
2.315580e-01
3.756889e-02
2.041618e-02
6.145477e-03
1.866486e-01
4.334944e-04
1.633218e-06
3.663313e-02
1.593600e-02
3.357500e-04
2.920642e-02
9.361609e-05
1.636947e-01
9.336841e-02
1.168558e-01
8.211755e-02
3.193226e-03
6.842335e-02
5.784816e-02
1.339802e-01
1.676466e-02
1.221550e-01
7.653764e-03
1.786954e-02
1.658630e-03
5.183605e-03
6.714943e-02
3.763789e-03
1.431608e-02
6.467375e-03
6.487838e-03
5.620715e-03
2.957565e-04
1.050590e-02
1.126165e-02
5.189927e-04
2.774286e-02
1.166429e-03
5.746012e-02
8.513274e-02
2.638276e-04
6.042122e-02
3.607003e-03
1.886812e-04
3.518010e-02
6.273564e-02
7.842011e-05
1.942642e-02
6.976522e-03
1.849590e-02
9.736967e-02
4.159111e-03
6.351301e-02
9.726064e-03
5.708905e-02
2.205130e-01
1.191172e-05
1.065944e-01
2.736192e-02
1.030014e-02
1.896078e-01
4.155424e-03
8.275620e-03
4.600552e-03
2.521793e-02
1.992941e-03
8.937963e-02
3.645182e-03
1.137151e-04
1.099384e-01
6.055871e-02
1.550503e-02
7.427204e-03
2.492113e-02
2.680922e-03
3.418098e-02
3.405609e-02
7.903836e-04
2.749124e-01
5.895486e-02
6.130907e-02
2.456274e-01
1.483494e-02
2.264720e-02
3.701591e-02
4.944568e-02
4.760719e-04
5.847051e-04
4.959400e-02
7.819938e-02
5.875805e-01
2.304326e-01
2.209573e-02
5.978391e-05
6.890379e-02
1.236023e-02
1.223388e-02
3.053103e-01
1.264573e-02
2.012342e-02
3.068277e-05
2.081735e-03
2.793622e-04
1.068433e-02
5.254558e-02
1.825042e-01
2.705667e-02
3.008953e-02
4.261743e-02
4.415516e-03
6.309911e-04
9.724062e-03
9.508813e-03
9.467096e-04
1.331879e-03
6.758626e-02
7.509670e-02
1.979159e-03
3.550606e-02
2.181459e-01
1.979053e-02
2.005651e-02
5.538578e-03
3.076446e-02
1.558343e-02
3.535837e-03
6.507942e-02
6.489954e-02
7.614979e-03
9.564984e-05
6.625375e-02
2.170724e-02
1.686776e-01
3.557580e-03
3.259501e-02
3.817158e-02
2.916736e-01
1.217463e-02
5.932640e-02
1.168250e-02
8.111863e-03
3.293832e-02
3.328063e-03
8.315607e-03
4.191321e-03
1.040516e-01
1.222936e-02
3.831921e-01
1.512168e-02
1.434145e-01
3.285146e-03
1.368780e-02
4.235365e-03
5.403365e-02
5.886014e-03
1.393150e-03
7.791150e-05
8.890157e-02
3.042249e-02
8.028924e-04
1.459648e-01
3.022259e-02
2.492703e-02
4.774054e-03
9.320753e-02
7.955519e-02
3.906228e-02
2.912633e-02
6.082047e-02
3.753760e-02
1.759951e-01
1.200933e-04
1.246104e-02
1.163814e-02
1.517842e-03
9.182826e-03
9.055602e-03
3.135912e-02
2.846102e-02
1.308754e-03
2.557261e-01
1.084119e-01
2.619203e-03
3.400478e-02
2.080986e-03
7.000733e-03
4.072329e-02
2.825640e-03
2.969951e-02
3.530165e-02
1.081775e-02
5.446243e-03
1.793082e-03
8.188853e-03
5.753140e-03
4.989582e-04
2.535098e-01
1.598683e-02
1.528404e-01
5.012378e-03
4.138394e-04
9.617763e-03
2.011035e-03
1.418469e-01
1.297259e-02
3.389757e-01
2.686977e-03
1.430953e-01
1.330261e-01
4.799241e-04
1.908443e-01
7.136794e-05
3.243688e-02
1.870937e-02
1.383837e-01
5.575231e-03
4.133182e-01
4.685702e-02
8.684968e-02
1.542115e-03
5.430858e-02
2.177285e-01
4.438020e-02
1.663912e-01
4.080634e-02
9.883367e-03
1.704322e-03
8.801209e-03
2.964916e-03
1.350773e-01
8.155422e-04
2.675666e-02
1.354382e-02
2.215809e-02
1.449948e-01
8.558694e-02
3.839879e-03
4.176482e-05
9.111388e-03
9.500190e-02
3.654131e-01
5.478168e-02
2.522657e-03
4.721244e-02
1.353815e-03
2.793733e-02
4.872199e-07
5.724258e-03
1.928454e-02
1.679299e-03
2.411277e-04
4.615509e-02
3.996123e-01
8.521162e-02
4.217409e-03
8.127828e-02
4.092963e-02
1.454442e-01
2.020793e-02
7.649401e-05
1.699065e-02
3.734017e-01
3.577068e-02
8.970301e-03
2.023900e-03
9.188164e-02
1.606699e-02
1.770294e-01
5.485929e-03
4.684959e-02
