2.884642e-03
4.313400e-03
2.346444e-04
4.265105e-02
7.655299e-02
3.074984e-02
1.706419e-02
1.402040e-01
2.583112e-02
2.087198e-03
1.057866e-01
4.146680e-03
6.060926e-03
1.804375e-02
1.535561e-01
1.031993e-02
3.876671e-05
4.537963e-01
7.674823e-03
2.885501e-02
2.755637e-02
9.944043e-03
3.400219e-02
1.037697e-02
5.638001e-02
1.414398e-01
4.265754e-06
3.742310e-02
5.215279e-02
2.021267e-02
4.289388e-03
8.604964e-04
3.983184e-01
8.091730e-04
1.050217e-01
4.860320e-02
2.036604e-01
3.089112e-01
1.362074e-02
3.890650e-03
5.931648e-02
1.203224e-02
1.634660e-02
3.173139e-04
7.455948e-02
4.865029e-02
5.270963e-02
2.800948e-02
3.303514e-02
3.046330e-03
6.861012e-03
2.271836e-03
5.484994e-02
1.362886e-02
2.324553e-03
2.142629e-03
8.675671e-02
2.040452e-02
8.160239e-02
4.248275e-03
3.904795e-02
5.238132e-04
7.702860e-02
9.468955e-02
4.486224e-02
1.166084e-01
7.639096e-02
9.915383e-03
6.619710e-04
2.925407e-03
2.686440e-01
4.582299e-03
5.870509e-02
1.888924e-04
1.573687e-02
1.906993e-01
1.857946e-01
3.666008e-02
3.922961e-02
5.853954e-02
9.042889e-04
1.366919e-04
8.002824e-04
2.378469e-03
1.495128e-01
9.346902e-02
2.831511e-02
3.283228e-03
4.147277e-02
4.487589e-02
2.407714e-02
3.092449e-03
2.489041e-02
1.042166e-01
9.574105e-02
1.819236e-04
7.095432e-02
1.123949e-01
9.374064e-02
7.893306e-04
7.246601e-02
6.813500e-02
5.741037e-03
2.139943e-03
2.923727e-02
5.620082e-03
1.367390e-02
2.092097e-02
1.753639e-02
6.585218e-02
4.375598e-03
6.852028e-02
9.162105e-06
4.197786e-02
1.581509e-02
9.083718e-02
1.257794e-01
1.797431e-01
1.265522e-02
3.652575e-02
3.654504e-03
7.667527e-03
4.177310e-02
7.781893e-07
4.021087e-02
4.498368e-02
2.038665e-01
3.660318e-02
1.167332e-02
1.345661e-01
1.199587e-01
2.843447e-01
2.251301e-02
1.649492e-01
7.111307e-02
1.332006e-04
3.761399e-03
7.560296e-03
2.548121e-02
1.936070e-04
9.076332e-03
2.691861e-02
3.279635e-04
1.394511e-02
1.446218e-02
6.850168e-02
7.929768e-04
5.778546e-02
1.967039e-03
1.027151e-02
2.679910e-02
8.044458e-03
5.673984e-05
1.430276e-01
1.398337e-01
1.422506e-02
1.804700e-02
1.612076e-03
2.052903e-02
1.640324e-01
2.408026e-04
1.339476e-02
2.031816e-01
3.949435e-02
1.665942e-03
2.031497e-01
1.081623e-02
1.245516e-02
3.485185e-02
1.703462e-01
1.169410e-02
2.289184e-05
3.430507e-02
2.676126e-05
3.237864e-01
8.568747e-02
8.152897e-02
2.049417e-01
3.606344e-03
8.462176e-02
1.032179e-04
1.004084e-04
2.112956e-02
1.895430e-02
2.443014e-05
1.371637e-03
4.975670e-02
3.499123e-02
5.100444e-03
4.511653e-02
3.895223e-03
2.456416e-01
6.737604e-02
4.360548e-02
6.779277e-03
1.156313e-01
3.367583e-02
1.989963e-02
1.263919e-01
9.509817e-02
7.161189e-03
1.024788e-01
3.366972e-04
4.136212e-03
1.936893e-02
7.567168e-02
1.002230e-03
5.306286e-03
1.336872e-01
3.871149e-02
8.285551e-02
2.208080e-03
5.157560e-02
3.749015e-05
4.874959e-03
2.944752e-02
1.956169e-04
6.770405e-03
9.501408e-02
4.013868e-03
9.947627e-03
8.921665e-02
1.116535e-02
7.396459e-04
1.261551e-02
1.108921e-02
2.577463e-02
1.248197e-01
6.194858e-02
6.027272e-03
1.717539e-02
5.411185e-02
4.945762e-02
6.097130e-03
1.908263e-02
1.855139e-02
2.650966e-03
1.911928e-02
5.522444e-03
6.372699e-02
4.126952e-02
9.372608e-03
2.882104e-02
2.875067e-04
5.271774e-02
2.628906e-03
8.240484e-04
7.127270e-05
3.563069e-02
1.342199e-02
4.944950e-02
8.960645e-02
3.858600e-02
1.659602e-02
3.112710e-02
4.905722e-02
5.668417e-03
1.291320e-01
1.849916e-01
1.044453e-01
1.282065e-01
4.826531e-02
6.493325e-03
1.408533e-01
1.406193e-01
1.489359e-02
7.897065e-03
9.357945e-03
8.279522e-03
2.006767e-01
4.460465e-02
9.558492e-03
5.585413e-02
6.907940e-03
1.286147e-01
1.398649e-01
1.512803e-01
9.024656e-04
3.201012e-02
3.598297e-02
7.678745e-05
2.735393e-03
2.341633e-01
2.295654e-03
8.896490e-03
2.056229e-02
1.212522e-02
8.979060e-02
4.156275e-02
5.881523e-03
6.809184e-04
5.364788e-03
1.712619e-02
3.769543e-04
6.433848e-02
1.649738e-02
8.148494e-04
3.626688e-03
1.848188e-02
1.113290e-02
3.253119e-01
8.160831e-04
3.586416e-01
1.955393e-01
1.294363e-01
2.178566e-03
1.700798e-01
4.853895e-02
2.885863e-02
2.922196e-02
1.265269e-01
3.778155e-03
1.939473e-02
5.636114e-04
9.796054e-03
8.144198e-03
1.053433e-02
7.576616e-03
1.983788e-02
9.649905e-03
1.148463e-01
2.609736e-02
2.265835e-02
5.745907e-02
1.611007e-02
8.118871e-03
1.162969e-02
1.021886e-01
5.956211e-05
9.324050e-04
6.729172e-04
4.903143e-02
6.314240e-02
6.573738e-02
9.633245e-03
6.699499e-02
2.481466e-01
1.890837e-01
5.410828e-02
6.515269e-03
1.175347e-03
3.131888e-03
3.212048e-02
8.562247e-03
2.237548e-02
1.866132e-02
3.712314e-04
1.343353e-01
1.584059e-01
5.784936e-03
6.872134e-02
4.593140e-02
3.315680e-02
4.947063e-02
4.329639e-02
3.188435e-02
6.577319e-02
3.309549e-03
9.316359e-02
1.169212e-01
4.174282e-02
1.277083e-03
6.792733e-02
2.170500e-02
5.766460e-02
1.201162e-02
6.028340e-02
3.883510e-04
2.427156e-01
3.580357e-03
8.152396e-02
9.226706e-02
1.945837e-03
1.583822e-02
7.069814e-06
2.234404e-02
2.062819e-01
4.785066e-03
6.627767e-03
6.915247e-02
1.486364e-02
4.195543e-02
1.617729e-02
3.145242e-03
4.274283e-02
1.013053e-01
1.665270e-01
2.617716e-02
1.285066e-02
2.465981e-03
7.050796e-03
3.983425e-02
6.434006e-02
1.542957e-01
1.649793e-02
5.434566e-02
3.438713e-02
6.464799e-02
4.693263e-03
8.455254e-03
5.632784e-03
3.216270e-04
1.995253e-03
2.224369e-05
1.034035e-01
1.735026e-01
4.565181e-02
1.611333e-02
5.605144e-03
1.330254e-01
6.410395e-02
2.755581e-02
1.301309e-01
6.456270e-02
5.597362e-02
8.316554e-02
3.662930e-03
9.422869e-02
8.911528e-02
1.156095e-02
1.096099e-02
1.292485e-01
1.035044e-01
5.012608e-03
2.694248e-02
2.304166e-02
2.794853e-02
1.999892e-02
3.709967e-06
2.389832e-03
2.537739e-01
3.648193e-04
1.379662e-03
2.735755e-02
2.303536e-03
5.962580e-02
6.084096e-02
4.102288e-04
1.106991e-01
7.953397e-02
1.798721e-03
1.385241e-02
7.090794e-03
3.033817e-02
2.017023e-04
3.724014e-04
1.325140e-02
3.969523e-02
8.959515e-04
2.996980e-02
2.868938e-02
3.233780e-02
7.707112e-02
3.279454e-02
1.879332e-01
1.128678e-02
8.622038e-02
9.097178e-02
3.389305e-04
7.978243e-05
5.940373e-03
1.252269e-01
6.096136e-04
1.909419e-02
7.784339e-03
2.415143e-02
1.347467e-02
1.125007e-02
7.199915e-01
4.792749e-02
2.321141e-02
3.935516e-02
3.381540e-02
1.583639e-02
3.340833e-02
4.958056e-02
1.394684e-01
1.282101e-01
1.060675e-02
6.748929e-04
3.476795e-02
1.800143e-01
1.340588e-01
3.959173e-02
1.244077e-03
4.930508e-04
4.092746e-03
3.030426e-03
7.789343e-03
9.405671e-03
5.992064e-03
6.436826e-02
1.581847e-02
6.190617e-03
5.597508e-05
8.816298e-03
4.878551e-03
1.156136e-04
1.504966e-02
8.143819e-07
2.557994e-02
5.222788e-02
1.329724e-02
2.264245e-02
3.572752e-04
8.149510e-02
1.048036e-03
2.114147e-01
5.948929e-03
2.353125e-02
1.092926e-02
8.784931e-03
2.661015e-02
1.765440e-01
1.858986e-04
4.518693e-01
2.421905e-01
4.625871e-02
1.782655e-02
1.844128e-01
3.735887e-02
3.279276e-02
1.470912e-02
1.395054e-02
1.705047e-04
8.068158e-02
1.442407e-02
8.221130e-03
6.382896e-04
3.911784e-02
6.035246e-02
2.470414e-01
4.977549e-06
1.904687e-01
1.090350e-02
5.283343e-02
2.726562e-01
2.086993e-01
1.595443e-05
3.558404e-02
4.284383e-01
8.850952e-03
3.323413e-02
1.068673e-02
7.499904e-02
1.007071e-01
1.790009e-01
1.246401e-02
1.114877e-01
3.480367e-02
1.716174e-01
1.483483e-01
4.550093e-02
9.690206e-03
7.623375e-02
7.499018e-02
1.450494e-03
1.212405e-01
6.502295e-01
1.731896e-02
7.528266e-02
5.359320e-02
5.814866e-05
1.048423e-01
1.873760e-02
2.628024e-01
2.335724e-02
1.558291e-02
1.219166e-01
7.451688e-03
3.334883e-02
3.072302e-02
4.416422e-03
1.773201e-03
1.551079e-01
3.065432e-02
1.859611e-02
1.085565e-01
8.700847e-04
1.930731e-02
2.970585e-02
3.691824e-03
4.827159e-03
3.453534e-02
1.292211e-03
1.279619e-02
9.444103e-03
6.070924e-02
1.317818e-01
8.813521e-02
1.605918e-02
1.888413e-02
1.534241e-02
2.864662e-01
