3.000939e-02
2.751073e-02
3.126324e-02
2.395190e-02
2.987546e-02
1.529270e-01
1.296931e-03
3.160030e-02
1.044739e-02
6.972078e-02
8.255598e-03
5.501183e-03
6.040172e-02
5.028122e-03
3.287563e-02
1.390386e-01
8.615967e-03
1.319477e-03
6.917845e-02
1.715538e-03
6.107361e-02
2.625618e-05
1.268503e-03
6.388787e-02
1.752114e-02
2.725548e-02
4.960768e-03
5.655117e-03
3.282868e-02
6.820798e-02
1.793605e-06
7.241230e-03
2.634362e-02
3.079882e-02
1.285246e-02
8.812517e-05
1.047308e-02
7.368926e-04
1.262235e-02
5.371001e-03
7.823390e-03
7.141654e-02
7.542543e-02
8.158849e-02
5.598996e-02
1.281626e-02
6.455236e-02
8.305023e-02
1.018328e-02
8.959484e-02
1.547858e-01
1.459579e-02
2.827690e-02
4.292642e-03
1.772374e-02
3.752506e-04
1.792881e-02
1.928607e-02
1.052635e-03
3.886805e-02
3.112841e-01
1.362213e-01
3.121522e-02
1.972585e-01
1.054726e-02
6.403818e-02
1.317532e-03
4.589776e-03
1.549620e-03
1.380141e-01
1.827727e-02
2.224388e-02
1.996862e-02
1.125368e-03
2.253864e-05
1.575440e-02
4.468487e-02
8.836901e-02
3.984646e-02
3.526555e-02
8.640778e-02
1.851079e-04
1.124678e-02
6.965178e-03
1.674509e-01
5.646431e-03
7.171490e-03
5.635315e-02
3.829651e-02
3.977025e-03
1.727974e-02
5.145872e-02
8.105253e-03
3.355224e-02
4.302734e-03
5.540308e-02
2.317304e-02
2.777959e-02
2.347184e-01
4.654354e-05
2.555134e-02
1.787336e-02
1.883210e-03
2.807533e-02
4.692910e-03
7.541264e-03
1.378497e-02
2.878060e-03
1.420271e-01
1.756452e-03
4.683859e-03
3.832045e-03
1.024243e-01
4.061129e-03
1.964557e-02
1.169614e-01
8.532348e-03
4.246031e-02
3.660411e-02
1.950801e-03
4.992526e-02
9.512930e-02
1.677599e-02
4.449420e-02
1.605411e-02
1.061004e-03
3.295934e-02
3.355956e-02
2.160391e-02
6.386977e-04
2.810842e-03
9.828757e-04
2.182485e-02
4.209761e-02
3.698338e-02
7.970707e-03
7.736500e-02
9.117913e-02
1.017378e-02
7.801299e-05
3.296230e-01
3.379451e-05
4.280207e-03
9.483817e-04
2.507737e-04
4.592771e-03
3.827268e-02
9.591131e-03
1.339748e-01
4.837365e-02
5.633032e-04
8.676598e-03
2.382288e-03
1.313835e-01
2.454989e-02
4.574606e-03
5.583235e-02
8.827235e-02
1.126138e-01
6.459645e-01
8.907707e-03
3.392982e-02
8.365481e-02
1.900727e-01
2.013592e-02
1.457255e-01
4.114841e-04
6.546888e-02
5.849009e-02
1.507627e-02
6.740755e-02
8.133236e-03
3.721857e-01
1.261075e-02
5.636578e-02
1.553398e-01
7.056885e-02
7.307560e-04
1.570181e-03
4.283480e-04
1.476890e-03
2.136337e-02
3.203457e-04
4.944696e-02
4.615539e-02
3.853848e-02
3.612096e-02
1.158216e-03
2.193700e-04
9.470407e-02
6.097894e-02
9.401439e-03
1.220593e-01
1.479330e-01
4.055274e-04
3.335444e-03
8.883245e-02
1.598084e-03
3.126138e-02
3.871220e-02
1.220739e-02
2.430280e-02
8.040780e-03
8.667625e-04
3.873450e-02
9.829002e-02
1.048109e-03
6.368159e-03
3.703939e-02
5.373508e-02
2.782168e-02
6.135559e-02
1.224193e-01
1.919243e-02
4.319167e-04
2.230442e-02
6.548641e-02
2.244252e-01
7.474210e-03
1.184610e-01
1.542148e-03
8.384827e-02
3.819245e-02
1.239676e-01
3.246655e-02
4.912661e-05
2.206706e-05
8.393708e-02
9.545985e-02
5.465485e-04
6.768148e-02
9.159905e-03
1.538230e-02
1.311508e-01
1.045501e-01
2.665200e-03
2.393626e-02
2.853603e-02
2.213692e-02
2.118994e-02
1.478760e-03
1.863681e-02
7.069827e-01
1.830996e-02
7.578978e-02
1.570057e-02
3.827589e-01
8.532432e-03
6.597540e-03
2.987146e-02
1.438685e-02
2.099596e-02
2.754649e-02
1.619190e-01
5.713014e-03
2.140176e-02
3.020307e-03
4.263548e-03
2.888914e-02
3.225633e-01
4.988820e-01
4.437762e-02
1.656887e-02
6.940947e-02
2.234742e-01
1.304151e-03
1.101136e-01
2.186821e-03
3.805902e-03
2.629603e-04
3.099779e-01
6.046505e-03
1.132697e-04
5.448143e-02
1.718810e-02
4.276812e-02
8.524444e-02
2.778822e-03
3.271131e-02
4.444179e-05
1.876066e-05
1.069466e-03
7.717404e-01
8.938547e-02
1.700153e-02
5.784400e-02
1.065549e-01
7.468213e-02
1.294162e-03
1.007359e-01
3.223727e-02
6.798852e-02
6.261541e-03
3.233675e-02
1.821623e-02
1.317868e-01
4.221695e-02
5.060838e-02
2.007384e-02
9.755353e-03
5.845056e-05
1.122860e-01
1.252286e-03
1.641693e-03
8.839203e-05
4.226258e-02
6.029148e-02
6.753852e-02
2.580729e-01
2.505458e-02
4.365393e-02
2.185982e-03
2.245756e-02
1.589440e-03
5.524469e-04
2.511103e-01
3.554932e-02
2.635550e-02
1.044431e-02
1.805167e-02
2.799156e-02
3.992565e-02
5.118972e-03
1.818708e-02
1.744748e-02
3.898045e-02
4.123929e-02
1.274359e-03
4.500617e-04
7.829115e-03
1.158761e-01
7.833243e-03
1.044948e-03
1.618771e-03
1.606721e-02
7.646128e-02
1.140177e-01
6.415495e-02
3.227196e-02
2.779938e-02
2.857213e-01
2.498561e-04
1.254285e-02
6.661210e-02
3.258326e-02
2.383965e-02
6.637502e-05
1.605081e-01
2.888950e-05
9.218427e-03
3.749341e-03
3.316650e-02
2.192520e-02
1.366116e-02
1.446886e-04
1.198428e-03
1.292927e-03
1.759622e-02
2.407053e-03
2.389369e-02
5.635348e-03
1.865353e-02
5.900433e-02
2.510846e-03
1.329584e-01
4.470351e-02
2.513763e-02
9.280383e-03
4.136557e-02
1.443988e-01
8.377726e-02
2.805250e-01
3.280646e-02
2.183229e-01
4.305032e-03
6.186323e-06
2.032388e-01
5.216739e-02
4.404752e-03
7.399341e-02
2.163992e-03
9.355621e-02
1.044809e-01
2.520541e-02
3.022999e-03
5.841756e-02
1.079732e-02
1.497174e-01
1.365187e-02
4.031531e-02
1.602501e-03
1.340952e-06
2.250377e-01
8.039167e-03
2.052255e-01
5.871959e-02
5.128950e-03
6.158468e-02
3.099303e-03
3.002662e-02
2.285525e-02
8.254433e-04
8.926790e-02
8.632295e-04
3.352894e-03
5.032693e-02
1.768609e-02
3.398518e-01
1.076008e-03
2.097385e-01
4.639452e-02
3.895347e-02
5.923505e-02
8.970077e-02
1.079256e-01
4.657085e-02
5.565071e-03
3.790579e-03
3.073401e-02
8.206467e-03
1.450902e-01
7.880751e-02
2.240680e-01
5.232791e-03
5.291788e-02
6.697063e-02
1.076655e-01
6.538589e-03
2.056261e-01
8.676324e-02
6.674171e-02
7.373558e-02
6.443804e-02
4.610229e-03
4.955324e-07
4.155206e-03
1.265209e-01
5.490080e-05
2.553675e-01
1.155591e-03
4.289194e-02
1.788167e-02
2.192393e-02
3.449515e-02
4.858351e-03
4.865007e-03
2.539142e-04
4.234361e-02
5.598782e-02
5.542152e-03
3.367889e-03
2.312211e-02
2.401850e-02
8.866699e-02
2.559036e-03
1.652634e-02
4.127973e-02
5.198206e-03
3.777673e-02
3.437424e-02
1.296771e-02
1.157833e-02
1.337824e-02
8.448001e-02
3.951903e-04
1.549723e-01
1.869570e-03
1.382041e-02
1.481734e-03
1.062796e-03
1.444119e-01
4.326128e-02
2.382028e-02
1.007274e-02
8.430179e-03
5.266455e-03
3.661822e-02
1.837720e-02
3.080152e-02
3.596456e-02
4.160148e-01
1.189290e-01
2.478464e-03
1.936482e-02
2.171005e-02
3.264816e-01
1.063774e-01
2.793311e-02
3.560442e-06
7.644515e-02
2.230707e-02
2.811600e-02
3.776459e-02
2.108419e-02
3.586813e-02
5.984964e-03
1.160026e-02
2.806071e-03
6.726711e-02
1.578318e-01
4.799740e-03
1.262417e-01
2.137960e-03
6.818760e-02
5.390608e-05
1.076986e-02
8.079227e-02
2.101700e-01
2.173161e-02
2.237205e-02
1.860733e-03
2.894384e-04
2.174923e-05
5.696363e-02
3.261325e-02
2.307541e-02
2.688134e-02
1.439178e-01
3.935673e-04
7.013118e-02
2.387156e-02
9.446449e-03
5.379682e-02
3.514153e-02
4.268101e-02
2.089800e-02
3.268620e-02
3.740234e-02
3.622594e-03
1.689397e-03
4.123371e-02
4.961545e-02
2.662470e-02
4.431373e-03
9.907968e-02
3.145264e-03
6.381207e-04
5.385365e-02
1.537459e-03
2.592194e-02
7.401199e-02
1.670892e-01
4.026670e-02
2.513355e-03
1.043292e-01
1.161877e-02
4.601965e-02
1.773231e-03
1.056530e-01
7.657519e-02
1.006549e-05
8.781435e-02
6.976916e-02
4.601278e-02
1.001356e-01
6.666286e-03
5.000757e-02
3.399110e-03
1.205430e-02
1.402308e-02
2.658485e-02
5.868492e-02
1.647839e-04
4.407175e-03
1.473915e-02
3.172240e-05
7.156196e-03
6.480126e-02
2.382596e-02
1.876124e-02
7.669510e-03
3.072448e-02
2.217361e-03
2.599116e-03
3.806894e-03
1.089525e-03
8.551465e-03
2.100317e-02
3.515706e-02
2.655846e-06
5.480916e-03
9.159817e-03
2.693631e-02
3.990608e-01
1.990877e-02
1.225562e-04
2.128622e-03
8.143920e-04
5.999699e-04
5.635136e-03
6.081877e-04
3.948455e-02
7.325029e-02
4.331579e-02
