1.385791e-02
1.920825e-02
2.563008e-03
1.867275e-02
2.505734e-02
2.025820e-03
3.019467e-02
1.485780e-02
2.199014e-03
8.180285e-03
3.669019e-03
1.340378e-03
1.709981e-01
2.041687e-02
1.577988e-01
2.816475e-02
1.029470e-01
2.355658e-02
5.710513e-03
1.220025e-01
1.221111e-02
1.581591e-01
2.986109e-02
1.341078e-02
1.976086e-01
1.190441e-03
1.125135e-02
2.050775e-03
5.665394e-02
3.209755e-02
2.605076e-02
2.374314e-04
5.195995e-03
1.358952e-01
2.501123e-03
4.134599e-01
6.763871e-02
7.790336e-02
3.117924e-02
2.036432e-07
3.414905e-02
1.996664e-01
2.965164e-02
6.011820e-02
3.134914e-01
4.565152e-02
9.216370e-03
3.714321e-02
2.492714e-04
1.521478e-04
9.378284e-03
3.133067e-02
7.550890e-04
4.352825e-04
6.174655e-03
3.832718e-01
6.453379e-02
3.506229e-03
5.174868e-04
2.577663e-02
8.211614e-03
2.443534e-02
5.319859e-02
4.063614e-03
8.641882e-02
4.932450e-03
3.142720e-02
2.220512e-01
1.001139e-01
8.095017e-04
3.035199e-02
3.768019e-03
9.705667e-03
1.054675e-02
1.547164e-01
3.702922e-03
3.569868e-05
5.080133e-02
2.361659e-02
9.795883e-02
4.945033e-03
7.824606e-02
9.454422e-02
3.801834e-03
5.984788e-02
1.592924e-03
8.200438e-03
9.310319e-03
4.443155e-02
1.637666e-04
1.084408e-02
1.337149e-02
2.656014e-03
5.304384e-03
9.883619e-03
3.458490e-03
6.140948e-02
2.814604e-02
1.414152e-01
8.756118e-03
4.260587e-02
3.569391e-03
1.560508e-01
1.643568e-01
5.086056e-02
2.625041e-02
3.513203e-02
1.270157e-01
1.363009e-02
5.123612e-02
6.640060e-05
5.474570e-02
1.782959e-02
1.499726e-03
1.219795e-01
6.226797e-02
9.967927e-03
5.308674e-02
6.440665e-03
6.642827e-02
2.653155e-02
4.487517e-02
1.682319e-01
7.982955e-02
2.261708e-04
5.283624e-02
9.961290e-02
8.551010e-02
6.921590e-05
3.376902e-02
1.101607e-02
1.719968e-01
5.604172e-02
2.034961e-01
9.522338e-02
2.021875e-03
1.474076e-01
2.754141e-02
1.318470e-01
1.695339e-02
1.355598e-01
7.929778e-03
6.221241e-07
1.111791e-02
6.782800e-04
1.185952e-02
1.555017e-02
8.817351e-02
6.707102e-03
8.636374e-02
1.670518e-01
7.712294e-04
2.096316e-03
5.055733e-02
2.491444e-04
1.710077e-02
3.745992e-02
8.043299e-03
4.334601e-02
1.956557e-03
3.886619e-02
5.391600e-04
2.177162e-02
1.290466e-03
1.715824e-01
2.825337e-02
9.982607e-03
3.218201e-04
5.855355e-02
4.633176e-05
2.215448e-02
1.200673e-01
6.310863e-02
6.047276e-03
8.810793e-03
5.583371e-02
2.620617e-02
6.881829e-02
2.651870e-01
6.549872e-02
1.848297e-02
2.815236e-03
1.685429e-03
1.026185e-01
3.287285e-02
2.507149e-02
2.729001e-02
1.896756e-06
6.524479e-02
1.427709e-02
4.340054e-03
5.527973e-03
6.666199e-02
1.167998e-01
3.560909e-02
8.697549e-03
4.611473e-02
2.958345e-02
5.082823e-02
5.100521e-03
4.056815e-03
3.909083e-02
4.297985e-02
3.633881e-02
5.817675e-03
1.181751e-02
9.495445e-02
6.105008e-02
9.055883e-05
5.847752e-02
1.762333e-02
1.906797e-03
1.031366e-03
2.309742e-02
8.336713e-02
3.440136e-03
1.224096e-01
7.526861e-02
5.763865e-02
5.249933e-02
6.917833e-03
3.085155e-02
8.018781e-03
9.114221e-03
4.139841e-02
3.985286e-02
2.643832e-05
2.979611e-02
6.514365e-02
1.614102e-01
1.566690e-02
5.795021e-04
1.465132e-03
5.773689e-03
1.628369e-01
1.014534e-02
2.218940e-03
9.021237e-02
1.139711e-01
4.906031e-02
2.404322e-01
9.313716e-05
1.457363e-01
1.367771e-01
4.905558e-02
1.331781e-03
2.241796e-02
5.025359e-07
1.404701e-02
7.571889e-03
2.265543e-02
2.119222e-03
2.280784e-01
1.386387e-01
6.703905e-02
2.253445e-01
3.823821e-04
4.194264e-03
5.578103e-02
2.451052e-02
2.414362e-02
3.878865e-02
4.234009e-02
1.060354e-03
6.833054e-02
3.251086e-03
7.926963e-02
1.380424e-03
4.712579e-02
3.238058e-03
1.069089e-02
1.042025e-05
2.370904e-03
3.334020e-02
5.358773e-03
1.024086e-01
6.325639e-02
1.486929e-04
4.275148e-04
4.213248e-02
6.564255e-03
8.595709e-04
7.416175e-03
1.018088e-02
1.739246e-01
8.830226e-03
4.562353e-02
6.790493e-03
1.754637e-03
1.124589e-01
2.598791e-03
2.499466e-02
2.167385e-02
2.051248e-02
1.406910e-01
1.055461e-01
7.943844e-02
5.916224e-02
1.117964e-04
1.124166e-02
1.701579e-02
2.915346e-02
2.299635e-02
1.085966e-01
1.893400e-02
6.111852e-02
8.156707e-04
1.469766e-02
1.091512e-03
7.512983e-02
3.074602e-03
7.060795e-02
3.955158e-02
6.478047e-03
2.686792e-02
4.335387e-03
3.394367e-02
2.194047e-02
2.155427e-02
4.736195e-02
3.608054e-03
9.736892e-02
1.399006e-02
4.034687e-03
2.508195e-01
2.669396e-02
2.938319e-03
8.555517e-04
5.183264e-02
8.962593e-02
8.161186e-05
3.330046e-02
9.791529e-03
4.145432e-02
3.754441e-02
5.012029e-02
1.485592e-02
1.424734e-01
1.147232e-03
5.594041e-04
2.223444e-03
6.612906e-05
1.491161e-01
4.760988e-04
1.490957e-03
2.320402e-02
5.854044e-02
4.339037e-02
2.514609e-03
2.928926e-01
5.724174e-02
1.009506e-01
4.623585e-02
8.881024e-04
1.794837e-02
1.079307e-02
8.290526e-02
7.298068e-02
4.230781e-02
8.204109e-02
5.264207e-02
2.830527e-03
1.026977e-02
5.161334e-03
3.017371e-01
2.400814e-01
4.072928e-01
1.858871e-02
1.110439e-03
9.805266e-03
7.268264e-02
2.830282e-03
1.323526e-02
2.598120e-02
5.865950e-05
2.197719e-02
3.432727e-02
9.374348e-03
1.383878e-02
5.597470e-03
4.921795e-02
1.348092e-03
3.053388e-02
5.439477e-02
6.903504e-03
5.733989e-08
1.066118e-02
3.638512e-05
1.311460e-02
8.472384e-04
2.023470e-03
1.958881e-02
1.258078e-04
1.260530e-02
5.881846e-02
8.529011e-04
3.485756e-02
5.902649e-03
9.603865e-03
3.687698e-02
6.936322e-04
4.489218e-02
1.801432e-01
5.328332e-03
1.152017e-02
3.901353e-02
1.310033e-02
5.863415e-02
2.738510e-02
1.710888e-02
7.101682e-02
6.721807e-04
1.060899e-03
2.287998e-01
4.091391e-02
4.033206e-03
1.490279e-02
6.502539e-02
3.127949e-02
8.371855e-04
8.585722e-02
1.648183e-02
2.455501e-02
3.642343e-03
3.461114e-02
1.189690e-02
8.720212e-03
1.116165e-02
5.460431e-03
1.196952e-01
4.051571e-02
7.090423e-05
4.050181e-03
6.341696e-02
1.041810e-02
2.313521e-01
2.401072e-03
4.784860e-02
1.201531e-02
3.686255e-03
2.450603e-02
4.320768e-04
9.734030e-03
5.750591e-02
6.109920e-02
6.211374e-02
1.320231e-03
5.003711e-02
2.095816e-01
2.067061e-02
9.917266e-03
3.161093e-02
1.950546e-02
3.167539e-01
1.086071e-01
1.312174e-02
8.676904e-02
2.595469e-02
1.185079e-01
1.901554e-02
7.885386e-02
3.970531e-02
3.571082e-03
3.498790e-02
3.854907e-02
1.335830e-01
2.627109e-03
8.544299e-04
7.525656e-03
6.942731e-02
1.034408e-02
3.564716e-01
5.259427e-03
2.368170e-02
3.174503e-02
2.596073e-02
4.886373e-02
7.069957e-03
5.875465e-03
6.870562e-02
2.069251e-02
1.233056e-01
5.299695e-04
5.901750e-06
1.162092e-02
7.981460e-02
1.830612e-03
7.126297e-03
1.605692e-02
5.073450e-02
5.486817e-02
6.399183e-06
9.644779e-02
4.066503e-03
1.555632e-01
4.206780e-02
1.937921e-01
2.354824e-03
1.218287e-02
2.517830e-01
4.592700e-02
1.995792e-01
5.776090e-05
3.934891e-03
1.019313e-01
1.630349e-02
5.880865e-03
1.940408e-01
1.745676e-01
3.997916e-03
8.175461e-01
1.156414e-03
3.463513e-02
1.626184e-01
1.217305e-01
1.056764e-02
7.669241e-02
1.602390e-01
1.223291e-02
2.852197e-04
5.910329e-03
6.911661e-03
1.521195e-02
1.838689e-02
4.950504e-02
9.289461e-02
1.170080e-01
3.395290e-03
5.152778e-02
2.115620e-02
1.842185e-01
5.269625e-02
1.315203e-03
2.614598e-02
2.377893e-02
4.284760e-02
6.159922e-02
3.332412e-03
2.283485e-02
2.734792e-01
3.638098e-04
1.059058e-02
2.922956e-02
5.368101e-02
2.258922e-02
2.067146e-02
7.250391e-03
2.503762e-01
5.105505e-03
3.695978e-03
4.986370e-02
3.004611e-02
1.827104e-02
7.075928e-03
3.477676e-02
2.501249e-04
1.110883e-02
3.483958e-02
6.785864e-02
1.499045e-02
1.263102e-01
8.413723e-02
5.238623e-02
3.212853e-01
1.416587e-02
4.815195e-02
1.628116e-01
1.700186e-03
5.522962e-03
1.056281e-02
1.319934e-01
1.999171e-03
2.336836e-02
1.875102e-02
5.270941e-04
1.155670e-02
2.076306e-01
4.270002e-03
1.647219e-01
1.271521e-05
5.993410e-03
8.540635e-03
1.313855e-01
2.194603e-01
1.042403e-01
4.970496e-02
1.101500e-01
1.797860e-03
8.622107e-02
3.209533e-01
9.511403e-02
2.929497e-03
1.221211e-04
1.793884e-01
