8.065179e-04
4.721582e-03
3.760470e-03
3.419891e-03
1.903206e-03
1.799962e-01
3.863137e-02
7.062312e-02
8.229913e-03
1.287307e-01
7.446678e-02
4.152521e-02
1.126511e-02
1.007874e-01
3.459907e-02
8.200970e-02
5.266344e-03
2.318174e-05
2.861508e-04
8.213842e-04
1.367192e-01
9.047554e-04
4.852759e-03
2.019398e-04
4.558707e-02
2.907036e-02
1.569617e-03
6.341829e-06
2.091077e-02
1.435835e-02
1.456036e-03
7.599191e-02
1.032821e-02
1.589873e-01
2.216297e-02
8.627306e-03
2.206478e-02
2.040743e-02
4.103951e-02
4.165308e-06
3.591611e-02
4.811683e-03
2.890052e-03
3.467943e-02
2.195224e-05
7.998940e-03
2.127580e-04
5.242014e-03
6.772486e-04
1.264128e-02
2.171986e-02
1.876058e-04
1.989375e-02
1.788567e-02
3.102232e-02
4.249336e-02
1.306241e-01
8.259053e-03
1.739909e-02
2.208207e-01
5.682346e-03
2.138337e-01
1.945406e-02
6.808095e-03
2.680318e-02
1.078777e-01
3.598929e-03
6.527253e-03
6.381857e-02
2.406715e-01
4.845654e-02
1.729193e-01
4.855562e-02
7.857292e-02
3.515055e-04
2.985580e-01
1.122365e-02
9.617655e-02
1.829657e-02
5.372035e-02
1.838845e-03
1.733241e-01
3.487395e-03
2.250120e-02
1.395724e-01
4.750519e-02
9.410013e-03
4.328416e-01
5.627315e-02
9.369098e-03
2.240389e-03
4.548154e-04
5.467206e-04
3.592328e-02
8.683753e-03
3.090473e-02
2.696141e-01
3.359680e-03
7.441291e-02
2.398769e-02
1.185227e-03
2.524586e-02
2.103546e-01
8.666189e-07
2.705192e-04
6.981934e-02
6.316764e-02
1.045785e-02
7.376088e-02
8.536710e-02
1.465695e-02
3.281510e-01
2.935631e-02
1.432341e-02
1.286346e-01
1.110489e-01
3.142766e-02
5.592407e-02
2.159346e-02
8.030707e-03
4.306408e-02
2.304031e-02
5.830336e-02
1.636061e-01
3.694575e-03
1.234400e-02
4.418266e-02
2.475951e-02
1.260751e-02
3.333400e-02
2.384687e-02
1.284325e-01
2.991261e-03
1.303136e-01
8.861345e-02
4.079341e-02
1.395878e-02
1.354910e-01
5.423197e-05
2.800736e-02
1.189635e-02
5.049971e-04
1.305183e-02
8.603351e-02
9.388949e-02
1.818459e-02
1.471259e-02
2.357682e-02
6.595493e-03
1.232830e-03
2.365958e-02
3.080923e-01
2.188746e-01
1.305923e-03
1.169066e-02
1.658599e-02
2.562331e-01
1.439117e-02
3.084215e-04
4.916668e-03
3.070917e-02
4.674492e-04
5.206311e-02
6.429612e-03
1.617270e-02
3.776108e-02
5.342352e-03
7.932627e-03
1.227042e-02
7.411555e-03
2.574853e-02
2.226514e-02
1.208837e-01
1.136935e-01
5.664189e-04
3.948244e-03
1.615944e-03
3.179160e-03
8.092401e-02
8.542676e-05
8.680080e-03
9.004703e-03
1.300519e-01
7.861339e-05
5.615437e-03
9.491508e-03
7.913009e-03
3.109351e-02
5.971246e-02
8.473656e-02
9.775341e-03
3.588426e-02
1.076450e-01
7.077241e-02
9.660265e-02
2.035056e-02
6.077972e-04
2.408252e-02
1.553429e-04
8.048044e-03
1.495101e-01
8.916418e-07
4.650681e-02
2.479811e-03
4.234286e-03
4.000457e-02
4.097447e-04
6.621340e-02
7.878327e-02
1.238028e-04
7.110908e-02
1.384863e-01
4.188893e-02
6.901334e-03
9.229804e-02
2.365185e-02
2.723280e-02
3.296361e-02
5.115366e-02
5.712310e-03
2.195434e-02
7.027255e-02
1.468662e-01
2.439589e-03
3.525668e-03
5.307325e-02
5.026135e-02
2.072819e-03
1.120070e-01
2.980120e-02
9.084958e-02
9.896512e-02
3.980937e-02
6.930774e-03
7.621866e-04
1.194189e-01
7.527839e-02
1.263821e-02
7.472757e-02
3.439848e-02
1.299141e-03
2.051134e-01
1.807976e-01
9.074135e-04
4.865135e-02
1.634712e-03
1.375995e-01
6.103654e-02
1.347595e-02
3.712081e-03
9.854807e-03
2.917175e-02
1.008045e-03
3.232808e-02
1.348606e-03
2.841394e-02
1.054665e-01
1.487709e-02
4.896774e-03
8.582211e-02
3.369256e-01
1.917773e-04
2.386674e-02
1.442386e-01
7.720135e-02
1.329303e-01
4.437655e-01
8.758917e-03
7.740664e-04
2.869627e-04
7.689199e-03
6.993437e-02
5.759101e-02
4.773032e-03
3.969607e-02
6.176513e-02
1.353929e-01
3.669685e-04
2.391717e-06
6.412890e-02
1.188935e-01
1.012993e-02
5.120857e-02
3.262339e-02
5.801480e-02
2.879275e-03
7.329493e-03
2.106272e-02
2.262941e-01
4.886688e-02
5.144090e-02
1.968777e-02
5.454348e-02
7.580200e-03
5.608968e-03
2.605174e-06
1.562444e-03
1.445249e-02
1.433444e-01
2.161160e-02
1.686811e-03
5.589195e-04
1.622309e-02
5.604229e-05
2.377973e-02
5.540046e-02
2.253988e-02
2.953170e-01
1.069137e-02
4.442269e-03
3.387518e-04
1.543493e-03
3.699260e-02
9.296595e-02
1.282560e-02
1.042196e-01
3.982676e-03
8.049050e-02
1.453971e-01
2.363520e-02
1.422172e-01
1.110199e-03
9.941015e-03
6.468922e-03
5.636629e-03
8.385457e-04
6.963680e-02
5.302215e-04
3.204072e-01
2.866676e-02
8.439344e-03
5.245752e-03
7.554127e-02
5.237949e-02
2.036197e-03
1.328661e-02
7.569679e-02
6.526554e-03
2.875106e-03
4.619706e-02
3.155372e-08
2.295739e-02
8.483944e-02
1.670472e-03
3.749091e-02
2.021787e-02
4.000880e-02
1.364258e-02
5.265722e-02
2.950279e-02
2.325578e-03
6.870953e-02
7.844827e-02
4.170905e-02
2.108127e-02
3.660136e-03
4.019953e-01
6.975499e-03
1.483494e-02
4.762535e-02
1.804464e-02
1.925008e-02
6.588317e-03
1.932351e-02
2.001162e-02
3.237379e-02
3.348652e-02
4.790746e-03
2.642173e-02
1.041995e-01
1.024538e-01
1.099625e-02
3.011517e-02
9.412186e-02
3.834133e-01
1.015750e-02
1.161170e-02
4.508846e-02
7.383877e-03
2.773435e-02
1.559056e-02
2.540895e-02
1.803916e-01
8.809483e-02
9.596394e-03
3.950453e-03
1.013530e-02
1.613862e-02
9.093076e-02
2.147184e-02
2.533270e-03
8.566977e-02
1.906056e-01
1.466001e-02
1.677717e-02
1.059384e-01
1.965920e-01
1.213305e-02
5.359053e-02
1.935326e-02
5.364183e-04
4.470233e-03
1.256155e-01
1.412819e-02
2.206311e-02
5.161312e-04
3.548000e-03
9.590711e-02
5.529890e-02
3.927147e-02
4.614229e-03
1.085541e-02
3.506523e-01
1.953992e-04
1.641901e-03
3.629586e-03
2.721274e-02
2.373804e-01
1.364699e-02
2.933572e-02
1.412655e-02
1.212677e-02
6.201097e-02
6.018210e-02
1.538764e-02
2.299265e-03
5.622655e-03
4.935151e-02
1.089754e-01
1.621420e-02
4.393156e-03
4.761906e-03
6.950987e-03
8.329912e-03
9.196392e-04
1.516505e-01
1.273589e-03
9.142517e-03
5.666471e-04
2.307518e-02
6.652989e-03
8.153614e-02
1.283893e-02
1.015647e-02
6.176026e-03
9.237773e-02
2.977641e-01
3.307053e-03
1.325015e-01
1.694169e-03
1.097484e-01
5.516679e-03
4.364734e-02
6.867771e-02
3.395665e-02
4.344967e-03
1.293458e-01
1.685689e-03
3.374215e-02
6.911042e-02
6.278349e-02
1.709144e-01
2.817522e-02
5.478816e-02
1.573418e-02
2.021935e-02
1.457668e-02
2.281139e-03
1.642055e-01
5.492177e-02
8.112445e-02
2.424602e-01
3.698333e-01
1.076054e-04
1.752842e-02
8.743573e-03
3.309787e-02
2.029031e-03
3.908943e-02
3.428144e-02
1.063669e-02
1.925054e-02
1.217826e-02
4.033039e-02
6.014548e-03
1.361062e-01
2.768465e-03
2.672824e-02
1.630456e-02
1.051398e-03
3.020454e-03
1.466212e-04
1.469491e-01
5.008315e-03
7.868136e-02
1.192594e-01
1.431445e-02
6.114315e-03
1.929807e-04
2.134201e-01
6.157615e-02
9.237281e-03
8.123738e-02
5.670204e-02
8.578280e-03
2.286351e-02
3.661011e-02
2.307635e+00
2.464130e-02
7.062246e-02
4.620973e-03
1.592835e-03
2.440574e-02
1.705117e-02
9.317278e-02
3.574916e-02
9.738040e-04
7.789612e-02
8.005901e-03
2.830921e-06
7.127152e-03
1.899713e-02
9.421653e-04
2.271661e-03
2.172289e-01
2.367457e-02
3.931440e-07
1.605677e-03
5.024455e-02
2.416456e-02
7.545738e-02
4.505976e-02
4.649218e-04
1.038889e-02
5.398217e-05
7.228047e-02
2.641214e-01
6.601353e-02
3.642605e-02
2.697445e-02
1.424441e-02
1.663236e-03
1.988743e-01
1.242441e-01
4.778817e-02
1.022465e-02
2.473465e-02
2.496850e-03
3.051021e-04
1.264280e-01
6.514350e-05
1.681209e-01
3.710037e-02
3.168680e-03
2.268312e-02
7.535335e-03
1.238016e-02
9.004680e-02
4.147980e-03
7.427076e-04
4.259730e-02
3.725147e-01
2.940519e-03
1.124082e-01
7.125261e-03
3.717876e-03
1.412491e-02
5.696221e-02
2.892346e-02
9.331596e-03
1.037253e-04
2.309828e-05
6.752672e-04
4.958132e-02
9.702949e-03
3.676204e-02
4.565151e-02
1.352562e-01
3.877091e-02
2.844742e-02
1.234849e-03
5.871105e-02
4.843347e-04
1.163415e-02
2.259909e-04
1.623413e-02
9.130756e-03
3.604820e-03
3.452276e-02
6.830373e-02
1.563807e-02
8.749244e-03
2.962576e-02
3.596635e-01
