1.249078e-01
4.691866e-03
2.056959e-02
9.341755e-03
2.638418e-01
3.886753e-03
1.783842e-05
5.972054e-02
3.157580e-02
3.321549e-02
1.519968e-01
9.897805e-02
1.143591e-02
3.467173e-03
1.708299e-01
3.362519e-03
4.687123e-02
7.708900e-03
1.597945e-01
4.834853e-02
1.728306e-03
7.483930e-02
2.376136e-03
4.280437e-02
4.539263e-02
1.711157e-03
1.598908e-01
8.445422e-03
3.940051e-02
8.211547e-02
2.228975e-02
2.869559e-02
4.094506e-02
4.612067e-02
6.859546e-02
4.137649e-02
6.336584e-02
6.281521e-02
1.625962e-02
6.300091e-02
7.843770e-04
2.428704e-01
5.872775e-03
1.744887e-03
7.788492e-04
5.198512e-02
5.172639e-03
5.211168e-02
2.602271e-01
2.246634e-03
4.384942e-02
8.685832e-03
2.968285e-03
4.444518e-02
3.861167e-04
9.686116e-02
2.112547e-02
6.229371e-02
5.724883e-05
5.597776e-02
6.004534e-01
1.275511e-02
1.276015e-01
3.740070e-03
1.176841e-02
2.535398e-02
5.112134e-04
5.907001e-02
7.296198e-03
1.948597e-02
2.313970e-04
2.354514e-04
9.672572e-02
7.119875e-02
1.905524e-04
1.223776e-02
6.762099e-02
3.921248e-02
7.576200e-02
5.729812e-02
9.991336e-02
2.436456e-03
6.568555e-04
4.901465e-01
3.715978e-01
1.647086e-03
4.481476e-03
1.347679e-02
4.909085e-02
1.834249e-05
3.011478e-02
1.387968e-03
1.556562e-01
4.832846e-02
4.299493e-02
1.210416e-03
1.330903e-03
1.554810e-02
1.255941e-02
3.502446e-02
4.612304e-02
7.718314e-02
2.408158e-05
5.045584e-03
8.544898e-03
3.336199e-02
1.027165e-03
1.611298e-02
4.345167e-02
8.808456e-02
1.094956e-04
1.711182e-01
2.099372e-02
2.558824e-01
5.714028e-03
1.742870e-04
3.105813e-02
1.189725e-01
4.977257e-02
7.214265e-02
3.750047e-02
1.850511e-05
3.665909e-02
5.005473e-02
2.711434e-03
3.486866e-04
2.852779e-04
1.153821e-01
3.010692e-06
6.784424e-02
2.438584e-04
1.593709e-01
2.749976e-04
1.972254e-01
2.635852e-02
6.143610e-02
6.886081e-01
2.557355e-01
6.115249e-05
7.515355e-02
9.909638e-02
4.979623e-02
7.952948e-03
3.368929e-02
6.293253e-02
7.934156e-03
1.019925e-03
1.420945e-02
2.651492e-03
7.074296e-04
8.121208e-03
2.329477e-03
2.272838e-03
5.687590e-02
8.690878e-02
4.183703e-02
1.690086e-02
3.194156e-02
8.190802e-03
8.932998e-04
9.328993e-03
1.321001e-01
3.971206e-02
1.179926e-01
1.580876e-02
4.054707e-04
6.126766e-04
9.674530e-03
1.373072e-02
4.432118e-03
1.036733e-01
1.961139e-05
2.148957e-02
4.895578e-02
1.581229e-02
1.994824e-06
1.310590e-02
7.471628e-02
2.883348e-03
6.430779e-02
2.252375e-01
2.425623e-02
5.946489e-02
9.856778e-02
2.895985e-04
6.724290e-02
4.912609e-03
1.606475e-02
1.013060e-01
3.394950e-02
3.657950e-01
3.207034e-03
1.031074e-01
4.441537e-02
1.971337e-02
2.549348e-01
1.785124e-01
1.790701e-05
2.227564e-01
4.680287e-04
4.449920e-02
1.021334e-01
1.464103e-02
1.420056e-04
2.158086e-02
3.212242e-02
2.084761e-03
5.839203e-02
2.060028e-02
3.708720e-03
5.597098e-03
4.221955e-02
4.178245e-02
1.536010e-03
4.314992e-02
1.568251e-02
1.361315e-02
1.092918e-02
6.939117e-02
1.296722e-01
2.291058e-03
1.144425e-01
3.560434e-06
1.852931e-02
9.093974e-03
4.486962e-02
1.992377e-02
9.257299e-04
9.947885e-02
9.022088e-05
8.994880e-03
2.584628e-02
3.642170e-02
2.055016e-02
6.838913e-02
1.253614e-02
7.129452e-06
1.162428e-02
1.093859e-02
2.466285e-03
1.435456e-02
1.122431e-03
8.383941e-02
1.070795e-04
8.371515e-06
7.080991e-02
2.282126e-01
5.941872e-02
8.113528e-02
9.268975e-03
1.859224e-01
3.196356e-02
4.179626e-03
4.059828e-02
5.134326e-03
1.790813e-03
1.563551e-02
2.067494e-01
8.280635e-04
2.564662e-03
4.844733e-02
4.246927e-02
8.868718e-03
7.139230e-02
1.001497e-02
6.565097e-02
1.123702e-04
3.940273e-02
1.597099e-04
7.812154e-03
7.155280e-02
1.458386e-02
5.201751e-02
7.380115e-02
4.871819e-03
3.341700e-01
2.352735e-02
1.201568e-02
3.372086e-01
3.242906e-02
1.505199e-03
6.936042e-03
4.456086e-03
2.035888e-02
4.659698e-03
2.073043e-05
3.030352e-03
2.353162e-02
1.686954e-02
1.923849e-01
8.674110e-02
1.749358e-03
1.381608e-02
1.827228e-03
7.993446e-04
9.952693e-03
2.620520e-03
1.988172e-04
1.182337e-02
5.002640e-01
8.915315e-05
7.116454e-02
1.227963e-04
2.389096e-04
1.160933e-02
5.328032e-02
3.110955e-02
3.330193e-03
7.530891e-03
2.403348e-03
6.492987e-02
1.311259e-02
1.675879e-02
3.702339e-04
1.800639e-01
4.992621e-03
4.243378e-02
2.042303e-02
6.878114e-02
1.147525e-02
1.757214e-02
8.698097e-05
2.130098e-02
1.546720e-01
1.248500e-06
2.915393e-04
3.907928e-03
4.561035e-02
5.822007e-03
2.113713e-01
2.254637e-03
1.732201e-01
2.585976e-02
2.622715e-04
1.271098e-02
5.166044e-03
1.027196e-01
2.440729e-01
5.278122e-03
3.535229e-04
1.216960e-01
3.886153e-01
5.471308e-02
1.968156e-02
5.941662e-03
3.066315e-02
2.733814e-02
6.230368e-02
1.534617e-02
1.546277e-02
5.404711e-01
3.755551e-02
1.240572e-02
1.258936e-02
5.547650e-05
3.778494e-02
9.997324e-03
1.746580e-04
7.333303e-03
7.622485e-02
8.633361e-02
7.057935e-07
1.346790e-01
2.139377e-02
4.885716e-07
1.131284e-01
1.491488e-02
1.301381e-02
9.201664e-03
2.612913e-03
2.474241e-03
4.326479e-02
5.451420e-02
2.498821e-02
2.047669e-01
1.620541e-02
1.479518e-02
6.357809e-02
6.532264e-02
1.386540e-01
3.553134e-04
6.035994e-02
7.371496e-04
1.404994e-01
1.185785e-01
1.736210e-05
8.459391e-05
1.159702e-02
2.279956e-02
7.744945e-04
6.304445e-02
1.437405e-01
7.981630e-02
5.762930e-04
3.940951e-02
1.882308e-01
3.867390e-03
7.544862e-02
1.694203e-02
3.452191e-02
4.968700e-02
5.972188e-03
2.698044e-03
2.442882e-04
8.254534e-02
1.090868e-02
3.079270e-06
3.822354e-03
2.016687e-01
9.959901e-03
8.558433e-02
3.048008e-02
5.534693e-03
3.263758e-02
8.486929e-02
1.230547e-04
8.446082e-04
1.360778e-01
1.816226e-03
1.802229e-03
2.355832e-03
1.490821e-03
9.993838e-02
4.805743e-04
3.546257e-02
1.848259e-01
2.542300e-03
2.158466e-02
3.213555e-02
2.241644e-02
1.174685e-03
2.347035e-01
9.919642e-03
6.718376e-02
2.053119e-02
1.229637e-02
1.003008e-04
5.651039e-02
1.893234e-03
3.180274e-01
1.265741e-01
2.923822e-01
1.631920e-01
3.258226e-02
2.415131e-03
1.372023e-02
6.282349e-02
2.172832e-04
2.348633e-02
1.522331e-02
4.901653e-02
3.258363e-02
2.532374e-02
1.720134e-01
3.078599e-02
6.346082e-02
7.859523e-02
3.904282e-03
6.050473e-03
1.743403e-03
4.362149e-03
1.470915e-01
2.452446e-02
4.389171e-03
3.154944e-02
4.559210e-06
2.050080e-01
3.851783e-03
2.757359e-01
1.221524e-02
7.043723e-03
3.830551e-01
5.390505e-02
1.544342e-03
2.088493e-01
2.408520e-03
1.420046e-01
6.200660e-02
4.640483e-03
3.292189e-01
2.675573e-06
1.159416e-02
7.834396e-04
2.644987e-03
7.605672e-03
2.136267e-02
1.076033e-01
2.724466e-03
1.251348e-04
1.392871e-01
3.550455e-02
5.727753e-02
4.775322e-03
2.699204e-02
4.142941e-03
1.595092e-02
1.901711e-03
6.293870e-02
4.284467e-01
2.772097e-04
3.895599e-02
3.555113e-02
9.409645e-02
6.289791e-02
3.335711e-02
4.519634e-04
4.969486e-02
5.847317e-03
1.033973e-02
1.650663e-02
4.817693e-02
2.781909e-04
1.944562e-01
9.113992e-02
5.360165e-03
1.621643e-02
8.802183e-03
9.602239e-02
2.420729e-02
3.294581e-01
6.295985e-03
4.399991e-02
4.047168e-03
2.806699e-02
1.335859e-01
1.585773e-02
1.822974e-04
2.172821e-02
1.115250e-02
1.930435e-03
8.843299e-04
7.584994e-03
4.328185e-02
9.970334e-03
4.596688e-02
1.055234e-01
1.442775e-02
1.284424e-02
6.534992e-04
5.651377e-02
6.229832e-03
1.669773e-02
3.302700e-03
9.003777e-02
1.257221e-01
1.294023e-04
4.312975e-02
1.140546e-01
2.406635e-02
1.758280e-02
4.461376e-02
2.134834e-02
2.777948e-03
2.567664e-01
1.659649e-02
3.934598e-04
1.430682e-01
3.947830e-02
3.800251e-02
2.910566e-02
8.488749e-07
8.177344e-03
5.699213e-02
6.208654e-02
5.576338e-02
6.931103e-02
2.501501e-03
8.189903e-02
4.673818e-03
6.909717e-02
1.862067e-02
1.601402e-03
7.552807e-03
3.985043e-05
1.631764e-01
1.481039e-03
5.808181e-02
2.216185e-01
1.452359e-02
2.610137e-01
2.388191e-02
2.243681e-02
2.801763e-02
3.414423e-02
5.891479e-02
2.268162e-02
1.822367e-02
1.130249e-04
7.620448e-03
6.459714e-02
4.114752e-03
6.645255e-02
2.697948e-02
5.039888e-02
