4.062605e-01
3.366580e-02
4.635455e-02
1.654609e-02
1.710134e-01
2.165560e-01
6.305761e-03
8.456843e-02
1.463125e-02
9.639719e-04
4.061711e-02
5.891019e-02
2.348392e-03
5.390361e-06
1.688925e-01
2.733285e-02
1.307376e-03
9.317949e-03
4.443366e-02
1.083587e-01
1.059952e-02
1.898687e-02
3.310965e-04
1.800778e-03
8.376429e-02
1.751866e-01
3.925222e-04
9.980663e-02
1.106153e-01
2.259515e-02
4.131915e-02
7.592873e-02
1.958991e-03
1.345149e-01
1.575400e-02
7.819107e-02
7.268100e-03
1.975723e-01
1.627902e-01
6.098542e-02
2.036330e-01
2.150240e-02
1.513289e-02
6.672757e-04
1.876196e-01
7.159842e-02
2.457046e-03
2.735363e-03
4.103785e-02
1.045154e-02
1.347279e-02
2.727259e-02
7.183846e-02
2.120816e-02
3.665745e-01
1.410987e-01
7.549755e-03
1.490895e-01
2.923557e-02
1.828969e-02
3.245116e-02
1.003988e-01
2.134304e-02
3.576694e-02
2.264138e-02
3.352316e-02
5.425884e-04
9.175348e-02
3.187838e-02
2.819751e-04
1.580877e-01
4.244206e-02
9.455640e-02
7.556928e-02
4.053420e-02
1.427443e-01
3.948416e-02
1.447921e-01
2.302604e-02
1.232019e-01
4.027874e-02
6.760321e-02
9.154549e-03
7.862886e-02
3.442671e-02
1.868467e-02
2.259589e-01
1.474946e-01
2.358027e-03
3.304467e-02
1.307482e-03
3.235329e-02
6.594936e-03
2.834856e-02
6.581744e-02
2.958756e-02
3.837013e-03
7.327480e-04
1.199646e-03
3.815861e-03
8.935089e-03
1.799079e-02
2.941134e-03
3.301146e-02
2.721054e-04
1.285711e-01
3.277221e-02
8.663474e-03
6.012896e-02
8.138737e-03
1.671968e-04
1.247352e-01
1.018309e-01
3.517466e-03
5.534581e-02
6.563171e-04
1.305853e-03
1.398267e-01
3.418047e-02
1.531043e-02
1.938633e-05
3.495370e-03
2.346290e-01
3.715189e-02
2.660711e-03
2.509411e-01
6.561649e-02
1.576225e-01
4.544341e-02
1.491408e-02
2.139236e-02
3.231366e-03
1.608485e-02
7.555996e-02
3.152423e-04
9.412028e-03
9.372323e-06
2.388748e-02
6.339365e-02
3.326111e-02
1.712555e-02
1.072757e-01
1.531247e-03
2.810846e-02
1.279790e-02
1.578357e-03
1.433287e-02
3.878213e-02
2.025276e-02
4.458677e-02
7.500432e-02
7.714662e-02
8.270095e-02
8.282241e-03
1.508839e-03
1.704836e-02
4.973162e-02
1.321360e-03
3.390706e-03
2.310974e-02
4.657143e-03
4.457672e-03
1.391010e-01
7.769859e-03
1.423123e-02
1.867964e-01
1.856295e-01
2.716175e-03
5.239276e-03
1.692550e-04
4.657575e-02
5.867077e-03
5.085029e-03
2.406252e-01
1.846350e-01
6.704618e-03
5.511803e-02
8.145639e-05
4.837391e-02
1.625584e-02
1.371787e-01
3.883398e-03
6.157652e-02
1.427803e-01
1.323934e-02
5.136332e-01
5.857224e-03
5.153999e-04
1.664513e-02
2.080764e-02
2.333521e-01
1.746989e-02
8.208554e-02
1.447731e-01
5.329649e-03
4.586047e-02
1.236758e-03
3.374539e-02
5.975720e-03
1.412450e-02
4.905706e-02
1.106576e-02
1.173331e-03
8.008955e-04
7.819711e-02
7.172967e-02
1.064022e-04
3.162778e-08
3.883391e-01
1.750269e-01
1.144548e-01
6.462797e-02
4.090717e-02
7.601934e-03
2.223468e-02
8.775039e-02
6.486047e-03
1.423032e-02
3.351480e-02
3.930716e-03
1.482042e-03
1.782262e-03
1.752956e-02
3.569894e-02
7.613888e-02
4.028366e-02
4.202500e-03
1.078954e-02
1.685565e-02
3.417095e-02
5.818229e-02
1.150952e-02
1.000042e-01
2.385476e-03
2.021059e-02
1.231862e-02
4.014992e-02
2.106858e-01
2.453777e-02
4.565380e-02
3.099675e-03
3.379438e-02
2.959384e-01
1.071136e-03
1.186901e-03
1.399323e-04
5.548467e-02
9.145171e-02
1.628732e-02
4.525410e-05
6.472415e-03
9.085715e-04
1.441266e-02
6.861748e-04
1.404029e-03
5.150427e-02
8.791865e-02
4.452396e-03
2.734109e-02
2.602462e-01
2.298795e-01
7.276273e-03
1.667528e-01
4.696142e-02
4.185018e-02
1.232496e-01
2.690315e-06
6.113835e-03
3.480490e-02
5.785623e-02
2.953184e-03
1.784521e-02
3.074121e-03
5.771055e-03
2.077759e-02
1.199409e-02
6.215366e-02
3.958558e-02
2.257875e-02
9.577944e-03
7.672519e-05
1.442880e-01
8.148839e-03
9.565954e-02
1.194368e-03
3.700036e-02
1.293993e-01
5.122741e-02
2.422708e-02
1.774687e-02
1.351707e-03
4.763444e-03
3.344774e-02
8.523555e-02
4.292655e-03
1.523542e-02
1.070646e-04
4.804124e-03
3.091071e-04
2.235444e-03
2.598704e-01
3.625116e-02
9.278689e-03
2.389790e-03
5.375170e-03
1.352393e-01
1.930778e-01
1.536818e-01
2.788923e-02
8.836432e-02
7.772929e-03
8.723749e-06
7.855182e-02
4.705970e-02
3.997793e-01
9.289579e-02
6.139404e-03
4.486675e-02
3.394325e-02
1.348853e-04
4.467285e-02
1.658109e-02
1.701366e-02
4.695027e-06
2.993549e-02
7.471205e-04
3.047179e-02
4.064988e-02
8.681386e-03
1.697474e-02
2.495207e-01
3.142746e-02
1.455649e-01
9.657726e-02
4.623147e-02
6.528969e-03
1.469855e-03
1.430401e-02
3.572785e-03
5.790121e-03
4.322105e-02
3.262275e-02
1.566976e-01
1.482820e-03
2.635091e-02
1.407137e-01
6.373239e-03
9.951291e-03
1.109458e-01
1.572500e-02
6.971689e-03
5.512476e-03
7.477880e-03
8.238438e-02
1.528803e-02
1.506287e-03
2.551581e-03
7.477236e-02
2.906733e-02
2.575670e-03
4.837850e-01
1.618963e-01
5.556898e-02
4.740772e-03
7.200479e-03
1.789877e-03
4.268995e-02
3.826975e-03
9.050041e-02
2.658748e-04
2.323438e-01
1.278961e-02
3.220070e-02
2.537951e-02
1.245027e-04
1.876541e-01
3.937674e-03
4.280128e-02
4.443902e-02
1.600422e-04
1.323901e-03
1.943300e-02
8.632811e-03
4.136594e-02
7.396134e-02
5.217068e-02
8.259914e-03
1.976751e-01
2.244063e-02
3.261764e-05
2.503718e-02
1.253543e-01
8.964978e-02
2.589223e-02
1.296795e-02
4.633590e-01
3.850508e-04
4.518433e-03
1.891232e-02
4.727428e-02
4.115149e-02
8.899583e-02
7.053057e-03
2.223195e-01
1.349561e-01
1.090607e-03
1.329894e-01
2.471129e-03
2.268979e-04
5.743567e-04
1.184881e-03
3.854028e-02
2.298320e-02
1.698527e-03
4.265145e-02
3.319573e-03
1.394079e-01
6.528433e-02
2.401365e-04
6.455754e-03
4.745633e-02
1.121320e-03
3.879481e-05
1.094181e-02
9.983445e-03
4.895978e-02
4.193081e-02
4.108310e-04
1.537290e-02
2.186732e-01
2.002085e-04
3.713298e-03
1.769264e-02
1.092003e-01
6.285201e-03
4.451519e-02
4.781626e-03
4.762166e-02
1.845070e-02
3.035566e-02
3.600576e-03
8.490782e-04
3.658571e-03
2.337238e-02
6.868334e-04
3.187630e-03
1.819542e-02
2.113481e-02
1.494396e-03
4.344335e-02
2.258460e-01
2.685991e-02
9.043375e-03
2.637687e-01
8.181547e-03
9.402238e-02
1.433807e-02
4.124564e-02
1.726459e-01
2.141218e-02
3.231521e-06
5.044313e-02
1.770464e-01
9.686206e-02
1.988986e-02
7.880236e-02
9.045974e-02
9.808033e-02
2.360346e-01
7.317897e-02
2.240357e-02
3.984673e-02
7.481123e-02
3.908048e-02
1.276473e-01
1.136807e-02
8.020540e-03
1.347050e-01
4.201377e-02
1.198171e-02
9.637839e-02
2.703392e-02
1.048169e-02
1.247587e-02
1.673592e-02
1.259226e-02
3.004355e-03
7.657304e-02
3.429294e-01
6.490205e-02
5.254650e-02
5.734874e-02
4.593586e-03
6.423962e-03
1.819064e-02
1.297560e-01
1.712490e-02
6.812515e-02
5.829445e-03
3.922852e-02
9.016403e-02
4.403817e-03
7.126473e-02
2.712133e-01
8.670020e-02
1.959421e-02
1.044827e-02
2.942830e-02
6.955229e-03
3.413213e-02
1.704690e-01
3.469148e-02
1.056527e-01
8.164178e-02
2.286682e-02
1.184196e-01
3.099121e-02
1.685336e-02
2.642732e-03
1.567823e-02
5.144084e-03
1.603983e-02
1.013580e-01
1.429949e-01
4.267630e-03
3.588084e-03
1.746288e-02
3.907044e-06
1.867135e-02
8.357679e-03
2.165280e-02
6.624431e-02
8.069258e-03
2.123174e-03
1.333214e-01
8.896327e-03
5.222284e-02
2.478488e-03
4.711737e-02
1.747546e-03
2.411999e-02
1.302676e-01
6.759084e-03
8.864024e-03
6.231155e-02
2.353977e-03
5.918655e-02
2.792443e-02
7.028476e-02
2.230740e-01
1.091183e-03
1.593124e-01
2.004067e-02
4.569937e-02
1.776534e-01
7.618488e-03
2.561387e-02
4.535402e-02
8.420846e-02
4.955465e-03
4.859191e-03
8.547027e-02
3.929138e-04
1.743813e-02
8.570121e-02
1.314233e-01
2.145634e-03
6.312058e-02
5.861715e-02
4.952186e-02
3.161427e-02
1.173900e-01
2.618850e-02
1.597970e-01
4.976166e-02
2.232979e-01
8.495301e-03
1.489442e-03
3.125383e-05
3.653695e-02
4.956424e-02
1.319503e-01
1.787368e-02
1.076213e-01
1.163036e-02
1.079495e-03
1.705216e-01
3.788410e-02
3.134271e-02
3.256295e-02
5.493419e-02
2.111908e-03
1.305052e-01
1.992427e-02
