3.554273e-02
8.407288e-02
1.671685e-02
5.120964e-02
9.095457e-03
1.902450e-01
6.312678e-05
1.044696e-01
1.144725e-01
8.138623e-02
6.676911e-02
7.395115e-02
9.029906e-03
2.214437e-02
8.644438e-03
3.152190e-02
2.431247e-03
1.310541e-01
2.783615e-04
4.300741e-04
2.664822e-03
1.473427e-02
2.605152e-02
3.244655e-02
2.772325e-02
1.163296e-03
9.265853e-02
4.046969e-02
1.756839e-02
4.352822e-03
2.016722e-02
4.982623e-02
9.925622e-05
1.497889e-02
2.198629e-02
1.670398e-02
6.810119e-02
9.378621e-05
4.876439e-03
5.424857e-02
9.097161e-04
3.815022e-03
7.040552e-03
3.342696e-02
7.989890e-02
1.766778e-01
1.086673e-01
3.112128e-01
6.282103e-03
1.322118e-01
2.461112e-02
5.615549e-02
3.281870e-02
2.206306e-02
6.428034e-05
1.206233e-01
7.161728e-02
2.785953e-02
1.485508e-01
4.841857e-02
9.976497e-02
3.481566e-03
8.376690e-02
1.374870e-02
8.334381e-03
8.001361e-02
3.564583e-04
1.252090e-01
2.090562e-01
2.494050e-02
1.214858e-02
1.299214e-02
8.670990e-03
1.130386e-01
7.421915e-02
1.284126e-03
3.328648e-02
2.004200e-02
7.182036e-02
2.221743e-02
1.022471e-01
2.941726e-02
3.624738e-03
1.728894e-03
4.366254e-02
4.995155e-02
1.429020e-01
3.542475e-04
4.461129e-02
1.073669e-01
8.119752e-02
1.071379e-02
1.019468e-03
4.703373e-03
7.627299e-02
3.105332e-02
1.899003e-01
1.366307e-01
1.089088e-03
1.586293e-02
2.282569e-01
8.333300e-03
6.320689e-02
1.322033e-02
1.152373e-02
5.907107e-02
1.880529e-03
3.494901e-02
1.247076e-02
5.016676e-02
1.579100e-03
3.275618e-01
1.040428e-01
1.220813e-02
2.481503e-02
1.887284e-04
6.100100e-03
3.708706e-01
4.111152e-02
1.399833e-02
7.383294e-02
4.058710e-02
4.408406e-02
5.300075e-03
2.224511e-03
1.322689e-02
4.203538e-03
4.756577e-02
4.727540e-02
1.215010e-04
2.125163e-02
5.857512e-03
4.107253e-02
5.453529e-02
1.834127e-04
2.387872e-03
2.008304e-02
1.007704e-02
9.645126e-03
8.273748e-02
8.433860e-03
2.385591e-02
1.527995e-03
9.187088e-03
4.674326e-02
5.196307e-05
7.606940e-03
2.545305e-02
7.385565e-03
2.458659e-02
7.858193e-04
1.892522e-01
1.789050e-02
1.203574e-02
3.441963e-02
6.519146e-03
1.379738e-02
6.731041e-03
1.058133e-02
3.853844e-01
1.008639e-03
4.110325e-02
9.036941e-03
4.150068e-03
3.440570e-02
6.723586e-02
1.094910e-02
2.578909e-02
2.392888e-03
3.885374e-04
9.644497e-02
5.255691e-02
6.688255e-03
1.140048e-02
1.083433e-03
3.696686e-02
3.635826e-02
3.449770e-02
1.188687e-01
1.268127e-01
1.607472e-01
6.947853e-03
5.781159e-03
6.807270e-05
1.531022e-01
2.129792e-03
4.733947e-02
8.311099e-02
7.618917e-02
6.900458e-02
1.605497e-01
1.122161e-01
2.726729e-02
1.042466e-02
1.916288e-01
1.441942e-04
1.816015e-05
9.221874e-03
2.424462e-02
5.268591e-10
2.778522e-02
1.761793e-03
2.249332e-02
4.818861e-05
1.679781e-01
8.616509e-02
2.734102e-03
3.897338e-05
1.182425e-03
2.362141e-02
9.774320e-02
6.205342e-02
8.581540e-04
1.303531e-03
7.026336e-02
3.817264e-04
3.118454e-03
6.661937e-04
2.934127e-04
1.914990e-01
2.093334e-02
4.220698e-02
8.584026e-02
1.369210e-03
3.212315e-02
5.060402e-02
2.846006e-03
2.133257e-02
1.576234e-02
1.299317e-01
1.560689e-06
8.285214e-02
1.352862e-02
1.669812e-03
1.042977e-02
1.389710e-02
1.820371e-02
3.000292e-02
2.042072e-03
1.726659e-02
3.023977e-01
7.259220e-02
5.269765e-02
8.587602e-02
8.975526e-03
1.684550e-03
3.157401e-03
1.161419e-02
4.350972e-02
1.538819e-01
8.250659e-02
3.000049e-02
1.064173e-01
1.073619e-01
2.832192e-01
9.950667e-07
9.175946e-02
1.269452e-02
3.919701e-02
2.246895e-02
2.138734e-02
6.639809e-02
1.205187e-03
1.359318e-03
6.320874e-03
3.509970e-02
2.939277e-01
1.804775e-02
1.380820e-02
1.832649e-02
3.427530e-03
3.100426e-03
2.298172e-01
6.558769e-03
6.012849e-02
1.009224e-02
2.381532e-03
6.596766e-02
2.672784e-02
2.191417e-04
4.826289e-02
8.807894e-03
1.013790e-02
1.063372e-01
9.622403e-02
4.838007e-04
1.336324e-01
7.540539e-05
4.265847e-02
1.588948e-01
4.061668e-02
5.881886e-02
1.340004e-02
1.202439e-01
1.182582e-01
2.036386e-01
2.682644e-03
4.310093e-02
5.888908e-02
1.463313e-05
2.082928e-02
4.764606e-04
3.694007e-02
1.040611e-01
1.319901e-02
5.327792e-02
5.541146e-02
4.660172e-02
6.613505e-01
2.031723e-02
7.087517e-03
2.166853e-02
1.805341e-02
2.105578e-03
8.899124e-03
1.844016e-02
1.345592e-02
1.322220e-03
4.583782e-03
7.021426e-02
2.617178e-02
4.884066e-03
7.214191e-02
7.898119e-03
8.529254e-02
4.335889e-02
3.139341e-03
9.056979e-03
1.173409e-01
7.703550e-02
6.371648e-03
1.279017e-01
7.723888e-02
5.794857e-02
4.159203e-02
2.804949e-01
1.819197e-02
5.051836e-02
8.628028e-02
2.333101e-03
3.421896e-04
6.465395e-03
6.273763e-03
1.577088e-02
1.597069e-02
2.604713e-02
3.360068e-04
7.573784e-03
2.866547e-02
1.646021e-02
1.997740e-02
4.877539e-02
3.735676e-04
6.979419e-02
1.257405e-02
1.725659e-02
4.695532e-02
2.314615e-03
2.065873e-01
1.395327e-01
5.855602e-03
1.255374e-02
7.503779e-05
8.384386e-03
2.491743e-03
4.085604e-02
5.419851e-02
4.860484e-02
6.839417e-02
5.204913e-03
6.424443e-07
2.938504e-04
3.291220e-02
2.070657e-01
3.210768e-03
4.520347e-02
3.457451e-02
1.602286e-01
5.005442e-02
2.661051e-01
9.485903e-03
3.941317e-03
1.132738e-02
6.026914e-02
9.559760e-03
1.454739e-03
1.465331e-02
8.050138e-05
6.319579e-02
2.774174e-01
1.207112e-02
2.613913e-02
1.614127e-03
2.005259e-04
4.484561e-02
7.171569e-03
4.052711e-03
6.303191e-02
6.467722e-04
5.929116e-02
1.049914e-02
6.623244e-02
2.798543e-02
2.835038e-02
9.530655e-02
2.877747e-05
1.388394e-01
1.037716e-01
2.513309e-02
2.407971e-02
3.760932e-01
8.536622e-03
3.960605e-02
5.487490e-03
2.298825e-02
2.676298e-01
3.470478e-02
1.294407e-01
3.070566e-02
2.648744e-02
7.669843e-02
4.928890e-02
3.689465e-03
9.090039e-03
5.432558e-03
2.389124e-04
1.161031e-01
5.136282e-02
3.833968e-02
1.936520e-01
1.164647e-01
1.160017e-02
6.434980e-02
4.235916e-02
1.052567e-02
1.056693e-02
2.248482e-03
2.668758e-02
4.180762e-02
7.973820e-02
1.524722e-01
1.925164e-03
4.564147e-02
5.435364e-02
2.303608e-01
2.388421e-03
2.928899e-03
3.262659e-01
7.351016e-04
1.865219e-01
3.610599e-02
1.136876e-02
2.232533e-02
1.092278e-02
4.706909e-02
3.639932e-02
7.071551e-02
5.454686e-03
3.444167e-03
1.531792e-02
3.315907e-02
5.306516e-02
1.958142e-01
3.575125e-02
4.499213e-02
2.746123e-02
1.050447e-03
1.177585e-02
4.430760e-02
3.861775e-02
1.217001e-02
4.670394e-02
1.110353e-03
1.386275e-02
8.435273e-03
6.329936e-03
3.282696e-02
8.245881e-02
1.341884e-01
6.715769e-02
1.703914e-02
8.568068e-03
9.228467e-02
1.373562e-02
6.108548e-02
1.886138e-02
6.332052e-03
7.254193e-02
3.831160e-03
2.125825e-02
1.528752e-03
4.938097e-03
5.126245e-02
3.327298e-02
7.674859e-04
1.022238e-04
4.013908e-04
2.709836e-03
9.564220e-02
1.024451e-02
3.603370e-01
3.728899e-02
2.468450e-02
9.268860e-02
8.320999e-02
6.865529e-02
6.358328e-03
1.032658e-01
3.207405e-02
4.579712e-02
2.584233e-02
1.361845e-01
5.636984e-03
1.457716e-02
1.167724e-02
1.745516e-04
1.756473e-01
3.631162e-02
1.351862e-03
1.922579e-03
6.924531e-04
1.230202e-01
3.593848e-01
2.524679e-01
2.097943e-02
3.277001e-03
4.924963e-03
5.472264e-03
3.243485e-01
3.659380e-01
6.434125e-05
1.545121e-01
1.632127e-02
3.427838e-02
1.060888e-01
1.773536e-01
1.029601e-01
3.927343e-02
6.784518e-03
1.832059e-02
7.469518e-02
3.133627e-03
9.023891e-04
7.166334e-04
1.643839e-01
1.984069e-01
7.854869e-02
1.851013e-01
4.490525e-03
1.039654e-02
2.456185e-02
7.789422e-02
3.902218e-02
6.272919e-02
1.793457e-05
9.463728e-03
1.953872e-03
1.596221e-02
1.148925e-01
7.915126e-03
1.258777e-02
3.935533e-02
7.100408e-04
1.291513e-01
5.917170e-02
9.730718e-03
2.620851e-01
3.107940e-02
8.733358e-02
2.046791e-01
5.753115e-02
1.256921e-03
4.914671e-02
1.983572e-03
1.395123e-02
3.063583e-02
1.278590e-02
4.522684e-03
2.807123e-02
1.358708e-01
5.190550e-02
3.819179e-02
8.332962e-02
1.857010e-04
2.493350e-02
7.407797e-04
1.408464e-04
1.678676e-03
2.381146e-02
1.024678e-03
2.398530e-02
4.192523e-05
4.772146e-02
4.707955e-02
