1.856836e-02
4.521321e-04
3.905447e-03
1.814609e-02
5.285436e-02
1.262012e-01
1.095235e-02
2.252566e-02
5.509316e-02
3.180904e-02
2.019845e-03
1.562863e-02
1.262867e-01
4.243980e-02
5.615184e-03
5.842564e-03
2.644288e-02
1.041050e-02
2.944933e-05
1.160910e-03
3.847408e-02
6.731763e-02
3.338159e-02
5.458979e-02
2.728909e-01
8.514543e-04
3.584875e-02
1.549129e-02
4.956129e-02
3.752302e-03
3.265763e-02
3.235213e-03
1.074629e-01
1.830241e-03
3.699826e-02
3.247189e-02
7.003263e-03
2.230012e-02
3.155082e-02
8.900834e-03
1.685805e-02
9.732332e-02
3.068648e-03
2.846557e-02
1.860634e-03
5.602243e-03
1.617100e-02
4.205112e-03
7.538825e-02
9.972940e-04
7.794675e-05
1.211567e-02
1.184802e-03
1.637669e-03
1.086255e-02
8.353343e-02
2.373939e-02
1.659676e-02
1.495824e-03
6.637943e-03
2.341197e-01
1.353820e-01
2.123038e-03
9.089986e-02
1.155729e-05
3.800353e-01
1.227463e-04
1.683765e-03
2.710246e-03
7.333403e-04
1.441915e-02
3.070156e-02
1.472579e-01
1.565436e-02
1.258978e-02
3.747262e-02
6.050744e-02
4.153285e-02
4.742189e-02
1.704795e-01
4.213621e-05
1.286508e-02
5.102917e-03
1.306303e-01
1.035470e-02
3.203595e-03
7.532212e-03
4.947926e-02
3.633836e-02
1.105810e-02
9.241103e-02
1.784392e-01
4.343447e-05
1.120360e-02
3.168116e-01
7.751266e-02
1.613840e-03
1.462290e-05
1.706801e-01
2.246136e-02
1.305258e-02
5.346753e-02
1.886369e-01
1.234548e-01
1.986724e-03
1.119546e-01
2.029721e-03
1.479963e-01
1.028422e-03
1.104186e-02
2.692925e-02
1.817967e-01
1.642064e-02
1.393555e-01
9.606176e-03
3.661973e-02
1.278011e-02
2.942760e-01
7.076216e-03
3.763026e-02
1.987072e-05
2.395108e-02
2.174364e-02
2.961710e-02
5.144350e-02
1.456664e-02
4.172291e-02
3.551715e-03
4.770423e-02
4.223177e-02
2.257177e-03
1.193222e-01
1.938225e-02
3.614302e-02
2.320280e-03
9.192254e-02
5.795119e-02
7.680956e-02
2.938117e-02
5.099806e-02
2.888923e-02
6.419623e-03
6.889721e-05
2.322858e-06
1.792534e-02
3.615189e-02
1.174455e-02
1.553337e-01
1.962345e-01
1.491711e-02
2.607027e-03
1.262186e-02
4.519754e-03
2.327776e-02
5.586026e-05
1.326615e-02
2.128682e-01
6.661067e-05
5.334012e-04
3.111971e-01
1.247918e-03
4.408765e-03
7.711366e-02
1.523138e-02
1.278503e-02
7.073695e-02
1.437309e-03
1.884390e-02
5.765034e-03
1.607619e-01
5.428160e-03
3.458651e-02
2.079826e-02
2.349131e-02
1.686609e-02
4.541195e-03
6.905560e-03
2.602193e-02
5.696580e-02
1.070402e-02
1.875037e-03
1.295439e-02
9.370356e-03
1.736709e-05
6.515548e-02
2.533413e-01
1.274157e-01
1.631021e-02
9.522129e-02
1.000184e-01
1.545426e-02
3.816704e-05
4.981014e-03
6.905866e-04
6.220269e-02
1.711196e-03
6.737784e-02
3.406120e-02
4.761699e-02
5.254956e-02
5.101190e-02
9.862198e-02
4.525518e-02
5.039605e-02
1.345424e-02
3.211386e-02
3.499608e-02
3.455494e-02
1.965447e-01
3.297939e-02
1.264344e-07
3.442451e-02
1.544242e-01
1.247484e-01
8.473548e-03
1.614281e-03
6.330949e-03
6.259678e-02
1.980919e-02
3.192621e-01
3.021430e-03
1.200927e-01
8.194821e-04
4.361923e-03
4.719876e-02
3.829612e-02
9.404762e-05
4.346153e-04
2.419130e-02
4.552317e-02
8.954966e-03
5.226685e-02
8.296285e-04
2.721843e-02
1.116980e-02
2.941088e-01
1.541626e-01
2.358509e-02
3.813551e-03
4.720216e-02
2.633147e-02
6.760107e-03
1.868309e-02
1.847178e-04
7.341314e-03
2.532407e-03
4.395266e-02
1.463909e-02
3.029377e-02
2.077950e-03
7.503579e-02
1.194968e-02
1.444879e-02
3.380904e-02
1.146984e-02
1.307946e-01
1.986466e-02
4.364885e-03
3.387522e-03
8.963181e-03
1.973748e-01
6.098435e-04
1.943100e-01
5.978377e-04
5.433638e-03
9.027017e-03
4.321518e-05
1.244587e-02
4.343025e-05
1.933547e-01
4.718594e-02
6.846174e-02
5.006901e-02
5.039104e-02
3.369434e-02
5.388592e-02
1.303230e-02
2.531376e-01
5.999304e-02
6.777523e-03
1.314156e-01
1.125811e-01
5.823790e-03
5.605229e-02
4.201857e-03
1.456847e-01
5.702574e-01
7.110898e-02
1.312493e-01
3.704454e-02
1.561256e-02
5.255117e-02
1.175419e-01
9.623656e-04
7.206556e-02
4.521736e-03
5.494682e-02
1.358853e-02
3.498245e-03
5.285153e-03
3.568188e-04
1.951928e-03
1.127449e-02
7.108944e-02
2.141088e-04
5.854581e-02
9.924313e-05
2.648913e-02
3.653786e-01
1.595378e-02
4.271566e-03
2.446293e-02
9.339071e-03
3.068248e-02
5.725848e-02
6.697022e-03
2.036187e-03
4.535024e-02
2.579871e-03
7.264472e-03
6.966213e-02
3.956681e-04
7.679481e-02
9.182477e-04
6.454947e-02
1.392988e-01
3.507714e-03
4.834054e-05
5.628693e-03
3.770204e-02
1.080097e-03
1.344278e-03
1.295953e-02
4.594587e-02
8.304773e-03
2.905143e-02
2.278784e-02
2.157043e-01
6.082805e-02
1.561539e-02
3.244901e-04
2.165336e-06
6.067501e-02
2.739330e-01
1.069180e-01
1.006114e-01
3.353116e-02
2.468399e-03
2.069279e-02
9.808090e-03
1.697706e-03
5.669678e-02
2.328310e-02
7.669099e-04
3.137060e-03
2.832995e-03
1.329898e-01
2.698561e-02
7.021823e-03
1.086940e-03
2.815025e-03
8.273440e-03
1.404259e-02
2.991695e-03
1.310349e-01
4.540873e-02
1.016668e-01
1.684579e-01
4.567718e-02
3.883089e-03
1.804656e-02
1.763687e-04
2.758510e-02
3.518321e-02
2.537386e-02
1.301279e-01
5.310582e-02
6.651033e-02
1.532190e-02
2.606705e-03
3.339048e-05
1.249873e-03
6.600179e-03
1.248076e-02
1.110110e-02
3.724365e-02
1.479995e-05
1.243418e-03
1.728767e-02
1.283595e-03
4.399825e-02
9.586635e-03
3.198535e-03
1.155484e-02
1.219004e-02
7.190483e-03
1.726729e-04
1.478517e-02
1.350563e-02
1.683721e-06
2.075258e-02
4.182807e-02
3.536600e-01
4.419034e-04
7.816560e-02
7.780787e-04
1.105317e-01
4.903688e-02
1.539383e-01
3.292153e-02
4.093011e-03
2.351484e-02
1.114166e-03
2.217655e-01
5.028046e-02
2.084321e-05
1.387459e-01
4.895114e-02
3.630087e-02
1.559542e-02
1.387425e-01
7.430450e-04
1.141812e-01
3.874792e-04
2.092583e-01
2.319251e-03
1.994393e-01
3.743032e-05
4.632913e-02
1.446295e-02
5.120954e-03
1.995984e-03
1.896917e-02
4.845144e-02
1.615998e-02
1.615338e-05
6.485391e-04
2.731355e-02
1.144533e-01
2.607897e-02
7.602618e-02
8.824254e-03
8.715402e-02
5.410884e-02
2.646765e-03
5.134470e-02
5.224387e-01
1.741710e-02
3.014996e-06
7.779687e-05
4.543003e-02
7.044938e-03
8.421800e-02
1.361868e-01
5.143207e-03
2.150581e-02
1.233646e-01
1.033067e-01
1.031532e-02
2.519150e-02
9.807969e-03
1.027002e-02
1.864763e-01
1.389384e-02
3.560600e-02
2.758362e-02
8.719903e-03
2.316917e-01
1.062487e-03
1.855491e-03
4.704116e-02
7.438718e-03
8.324084e-02
4.397000e-02
2.662752e-01
7.430038e-02
1.316745e-02
6.565416e-03
6.053306e-02
2.581010e-03
8.238848e-02
8.299878e-03
8.103817e-02
5.363750e-02
4.294422e-04
6.977538e-02
5.196720e-02
2.133018e-02
2.795527e-02
2.418859e-02
3.282093e-03
7.666598e-02
2.270117e-01
3.117108e-02
7.030582e-02
2.314211e-02
5.208279e-04
5.284868e-02
1.436608e-01
3.391680e-02
2.298745e-03
7.191749e-02
1.845862e-01
8.217366e-04
7.201959e-02
1.814021e-02
1.870779e-02
1.233154e+00
3.080493e-01
2.725411e-03
1.702740e-03
1.623758e-01
7.774875e-05
9.560268e-04
3.638218e-04
9.916686e-05
1.050006e-03
4.242850e-02
4.621558e-03
7.528878e-02
1.021904e-01
1.124794e-01
3.849461e-04
2.196305e-01
2.889575e-02
2.815362e-02
1.529654e-02
4.530287e-02
8.268579e-02
3.862030e-02
1.073519e-01
5.785169e-03
1.257917e-08
8.066450e-03
2.591783e-02
5.424186e-03
9.021478e-02
1.799106e-02
2.920913e-02
1.059685e-01
3.402141e-01
3.561550e-01
6.382615e-02
3.413540e-03
9.519333e-02
3.882441e-02
1.076013e-01
8.488064e-02
7.819791e-02
2.843045e-01
6.751516e-02
2.595602e-02
2.301274e-02
1.902544e-02
6.893033e-05
4.171935e-04
1.270181e-01
2.294591e-02
2.871577e-03
8.611824e-05
2.772006e-02
3.884347e-03
1.539563e-01
9.830641e-03
7.021131e-03
1.050008e-01
1.286685e-02
2.375883e-01
7.920301e-03
9.209657e-02
1.778892e-01
1.352231e-02
1.879373e-01
4.778986e-03
1.080636e-01
7.395340e-04
1.536190e-01
4.203609e-02
4.779190e-02
2.948878e-03
4.361842e-02
1.647269e-03
2.160514e-02
1.253630e-02
4.151058e-02
3.484592e-03
1.302545e-03
4.335472e-02
1.000662e-02
1.522559e-01
1.984915e-02
7.954982e-02
2.498148e-02
5.125232e-05
