2.730786e-02
5.963485e-03
1.285513e-02
1.920886e-03
1.278385e-02
1.280548e-01
9.378904e-03
3.164456e-02
5.668426e-02
2.757294e-02
5.499780e-03
2.140547e-02
1.054089e-06
1.727374e-02
1.971823e-01
1.782457e-01
3.807647e-02
8.209637e-03
5.449789e-02
5.368836e-02
3.316318e-02
3.406791e-02
2.801546e-02
2.939597e-02
5.488337e-02
2.726702e-03
7.236825e-04
1.533161e-03
1.160093e-04
9.011311e-04
7.573732e-02
1.046169e-02
3.952184e-03
1.664952e-02
1.730230e-02
7.535103e-03
1.121378e-02
4.621698e-03
1.451879e-01
1.017116e-02
1.375265e-02
6.551116e-05
1.526506e-02
1.288374e-02
4.939220e-04
8.458080e-05
7.235406e-03
1.224494e-01
4.663698e-03
3.159967e-02
1.965540e-02
1.498389e-01
1.883759e-02
3.157374e-02
1.149880e-05
8.754474e-03
3.360460e-03
3.655220e-02
3.740331e-02
4.704584e-03
2.288396e-01
7.893594e-02
9.647509e-04
7.194061e-02
1.957445e-01
5.068315e-02
6.092590e-03
1.350719e-02
2.648083e-02
2.648368e-03
3.085753e-02
9.051887e-02
3.617488e-02
2.069085e-01
3.970638e-03
6.501447e-02
1.039668e-01
1.454818e-01
8.371337e-02
1.174724e-03
3.345977e-04
4.536538e-03
1.089672e-02
8.274298e-02
1.196313e-03
7.080125e-02
7.305297e-02
2.840049e-04
2.913259e-03
5.217415e-02
2.504838e-04
1.015982e-01
2.066321e-04
1.451846e-01
8.433434e-04
7.893467e-04
2.115309e-02
4.564007e-02
2.621905e-01
1.109354e-02
7.791727e-04
6.962366e-02
5.165430e-02
6.568804e-07
5.627109e-03
1.232903e-01
2.346990e-04
3.775874e-02
4.455257e-02
1.563027e-01
6.355316e-05
1.664168e-04
5.216154e-04
2.008206e-03
1.203440e-02
3.829228e-03
1.223768e-02
4.584359e-02
5.380054e-03
4.926127e-02
3.059412e-03
1.514872e-02
8.538535e-02
1.272300e-02
1.806655e-02
6.473385e-02
1.872130e-01
2.793901e-02
4.698616e-04
3.715410e-03
2.242543e-02
4.942806e-04
4.467328e-03
5.055284e-02
1.065587e-02
4.824168e-03
3.806769e-01
8.395018e-02
8.433154e-02
6.150365e-02
1.440501e-02
6.391779e-02
1.856653e-04
1.201880e-01
4.719332e-03
9.167736e-02
1.105097e-02
1.460892e-01
3.779458e-02
5.510533e-02
2.475225e-03
2.542802e-02
4.971022e-03
1.563541e-03
2.533863e-02
1.935692e-02
8.788969e-02
1.557512e-02
5.855007e-02
9.189682e-02
2.620272e-02
1.456098e-03
4.797683e-02
9.728040e-03
8.697511e-02
9.000817e-02
9.439790e-02
2.143618e-02
1.852327e-01
7.553668e-03
7.806168e-03
1.776369e-05
9.159302e-03
7.950052e-03
1.438251e-03
9.992164e-02
1.848652e-01
2.814830e-01
2.556840e-02
1.105013e-01
1.160253e-01
6.604038e-02
1.426547e-02
5.905919e-03
1.242450e-01
5.326870e-03
2.019083e-01
7.025061e-02
8.011719e-02
6.629507e-04
5.149975e-02
3.732925e-04
9.333334e-03
3.191815e-02
7.523313e-03
2.811446e-02
1.871550e-02
2.370750e-02
9.508092e-06
4.086278e-02
7.609390e-05
1.828014e-01
1.747755e-01
1.332166e-04
8.791535e-02
1.194814e-02
5.769007e-02
3.446753e-02
2.607496e-02
5.728968e-03
1.999835e-02
1.484657e-02
2.192715e-01
6.984126e-02
9.709081e-03
8.537098e-02
1.219524e-03
4.407867e-02
2.448806e-04
1.879674e-02
9.011239e-04
3.825951e-02
1.037090e-01
1.212334e-02
3.502533e-02
1.814565e-03
8.011108e-02
4.140193e-02
4.211410e-03
7.524789e-02
2.042820e-02
6.564056e-03
4.148351e-01
9.985320e-02
6.125610e-02
9.674883e-03
2.274116e-01
2.135021e-01
2.144144e-02
3.429263e-02
1.882253e-01
3.794651e-03
4.198931e-02
2.254881e-02
1.008409e-01
1.342359e-03
1.855931e-01
1.729784e-02
3.024361e-03
6.626915e-03
1.691304e-01
8.639395e-03
1.240165e-02
1.558934e-03
9.892344e-04
3.830404e-04
8.800811e-03
1.811557e-01
1.419138e-03
1.012463e-02
6.742525e-02
9.021191e-02
6.111175e-02
1.999323e-04
5.180521e-03
2.742146e-02
1.966775e-01
1.502723e-03
8.056632e-02
5.996054e-03
7.360479e-02
1.957753e-04
6.045404e-02
5.127954e-03
2.352662e-02
9.020244e-03
1.351716e-02
5.981861e-02
7.337819e-03
1.087759e-01
3.031235e-02
2.396179e-02
1.020657e-02
3.741085e-03
1.994673e-02
4.457793e-02
4.113454e-03
3.153155e-04
7.226307e-03
9.548816e-02
4.150192e-02
5.610809e-02
1.914444e-02
2.948485e-01
2.543726e-01
4.190810e-01
1.239607e-02
1.255523e-01
7.642825e-02
6.340751e-03
4.468459e-02
1.359523e-02
3.124337e-03
7.711094e-02
2.093278e-02
1.215526e-01
2.286837e-02
3.819748e-04
3.324603e-03
1.250436e-05
1.843985e-02
4.064637e-03
3.111825e-03
4.617864e-02
2.670800e-02
1.729502e-02
2.161631e-02
8.978341e-02
7.540721e-02
6.477914e-02
1.438340e-01
1.686321e-02
5.609145e-07
2.050406e-01
2.294706e-02
6.989219e-04
2.143478e-03
5.493807e-03
6.126150e-03
1.066137e-03
3.603035e-02
4.364984e-02
3.152481e-02
5.007012e-02
5.629297e-02
1.622873e-01
7.769492e-03
1.208938e-04
2.527931e-02
2.672144e-03
5.171639e-02
7.449077e-03
5.852840e-05
6.688806e-02
8.478378e-04
5.004051e-02
8.697544e-04
7.038055e-03
1.389414e-02
8.964473e-02
1.712693e-02
1.986705e-02
9.571657e-02
1.611704e-02
5.993550e-02
3.024475e-01
1.177237e-01
1.081356e-02
2.331241e-02
6.048697e-02
1.136345e-02
8.265625e-03
6.916044e-02
5.148201e-02
9.038996e-03
1.438869e-03
1.364025e-02
2.974214e-02
1.246283e-02
5.227914e-02
1.519594e-01
4.930734e-02
7.571400e-02
5.605772e-02
9.447645e-02
1.188064e-02
4.185093e-02
6.181854e-02
7.411623e-03
2.003456e-01
4.887149e-03
5.838767e-02
1.217045e-01
2.926956e-02
3.162532e-02
8.039751e-02
1.121164e-01
4.932422e-02
4.362369e-03
4.145561e-02
2.136187e-01
5.242729e-02
5.432470e-02
5.561071e-03
2.567575e-02
2.201189e-02
2.041092e-02
5.518393e-03
9.294182e-02
4.300090e-02
2.615446e-05
5.026060e-02
8.838616e-04
8.764857e-04
5.657078e-02
1.488471e-01
1.092589e-01
3.947618e-02
4.665420e-02
1.245614e-01
9.526251e-03
9.396757e-02
9.682856e-04
5.166436e-02
4.054042e-02
2.413185e-02
2.110938e-02
2.942329e-01
1.253086e-01
1.318735e-02
1.307889e-01
1.744723e-03
4.944132e-03
9.792789e-03
1.682740e-03
6.405120e-07
4.641060e-02
1.903006e-03
1.669846e-02
2.117535e-02
1.209286e-02
2.441605e-01
1.004523e-01
2.706982e-02
1.009628e-02
6.246015e-04
3.168710e-01
3.608085e-02
1.306674e-01
2.738821e-03
4.890401e-04
1.700506e-02
1.297801e-01
1.356863e-01
1.348389e-01
1.748238e-01
3.629815e-03
3.329810e-02
1.239340e-01
2.973716e-02
4.472329e-02
6.099981e-02
2.176802e-03
7.752136e-04
1.667230e-02
1.646020e-02
2.324223e-02
1.885078e-02
2.792318e-02
2.324335e-02
1.101127e-02
3.539796e-03
7.789027e-04
1.071582e-02
1.353783e-02
5.770653e-02
2.520017e-02
4.795727e-02
1.018328e-02
8.021893e-06
9.136364e-02
1.545381e-01
1.300501e-02
4.387307e-03
7.528549e-02
7.066181e-05
8.510060e-04
4.533857e-02
6.222366e-02
3.091931e-02
1.315649e-01
7.086046e-03
2.564295e-02
3.171978e-02
1.354502e-02
7.868863e-03
6.170846e-03
2.252995e-02
4.652800e-02
7.552973e-04
6.870494e-04
1.033650e-02
2.782282e-02
7.691232e-05
1.739074e-03
2.172442e-01
4.452946e-02
1.088012e-01
7.395401e-03
1.898603e-02
2.156952e-02
7.532298e-02
9.495716e-05
7.088437e-02
1.665375e-02
3.503610e-02
1.781614e-02
6.176438e-02
1.382845e-02
5.963209e-02
5.369102e-02
1.817743e-02
4.435340e-03
3.109717e-03
4.558650e-02
2.816999e-02
6.521875e-02
1.076662e-02
6.707057e-02
1.164393e-01
3.449977e-02
1.153028e-02
3.270170e-02
3.991267e-02
4.426130e-03
1.529145e-01
4.991305e-02
1.030606e-01
1.276629e-01
9.045357e-02
2.686846e-02
1.145224e-01
2.824895e-01
4.412021e-02
8.188305e-02
1.974636e-03
4.998494e-03
6.968382e-02
2.608291e-03
2.288030e-02
1.542222e-01
2.423108e-01
6.438406e-02
1.788740e-02
1.914612e-03
1.607438e-02
7.183056e-02
5.990243e-03
7.473995e-03
8.830856e-02
4.795529e-02
1.159948e-03
2.462568e-01
7.964855e-03
2.539425e-02
6.293059e-04
1.952695e-01
2.018024e-03
2.703510e-03
2.637055e-02
9.768993e-03
3.063870e-03
2.098551e-02
2.248429e-02
1.575901e-01
2.968357e-02
1.265970e-02
2.857063e-02
6.746807e-02
3.993282e-02
6.028518e-02
1.371179e-03
1.273795e-01
1.919866e-01
2.653824e-03
1.139721e-02
9.477860e-03
8.062294e-02
1.364724e-03
4.137765e-02
3.688886e-03
2.850183e-02
2.153496e-02
1.202076e-01
7.332390e-03
3.432392e-02
3.741547e-01
1.222211e-01
1.268811e-01
2.992538e-03
1.481549e-01
3.333206e-03
4.956294e-02
3.190434e-02
