4.511875e-02
5.766861e-02
1.902603e-02
1.260862e-01
7.100238e-03
7.544344e-02
3.557163e-03
4.350432e-03
2.570383e-02
3.023654e-02
7.085208e-02
1.337287e-01
7.168878e-02
2.145279e-02
8.636817e-02
2.936020e-02
2.576193e-04
8.497943e-02
1.197752e-02
5.937841e-02
1.054110e-03
3.944728e-04
6.157364e-02
1.984050e-02
2.495991e-02
3.315780e-01
2.157723e-02
1.330228e-03
3.065370e-02
1.990562e-02
2.646025e-03
6.724870e-02
2.039597e-01
2.616212e-02
1.248171e-01
1.187247e-01
2.542511e-05
2.981552e-03
1.830102e-02
1.848028e-02
2.076014e-03
7.259330e-04
1.391792e-03
1.782422e-02
2.433722e-03
3.079307e-04
2.599742e-02
3.857689e-02
2.230893e-02
4.912192e-04
1.057858e-02
2.511609e-03
4.348757e-02
2.466632e-02
6.815340e-03
2.011403e-02
4.012338e-02
1.334375e-02
1.766424e-02
2.638508e-01
2.365786e-03
1.011950e-01
1.707368e-02
2.507567e-05
1.189925e-01
4.975876e-02
2.231598e-02
3.929387e-02
2.671431e-01
9.565439e-02
6.397288e-03
5.856634e-04
1.210431e-02
6.073013e-02
5.304696e-02
8.424852e-02
1.111711e-01
2.364943e-01
5.454960e-03
1.357340e-01
7.418416e-02
4.729903e-02
5.052300e-02
2.511426e-02
8.164396e-08
2.206807e-01
2.858153e-03
2.981762e-02
2.858899e-01
1.806378e-04
1.060032e-01
1.073112e-02
7.670034e-03
8.470429e-02
5.202350e-03
2.452272e-03
4.592256e-02
1.966054e-02
3.538603e-03
5.640450e-02
6.723109e-03
4.031185e-02
5.421949e-02
4.038683e-02
1.649874e-04
2.499282e-02
1.217273e-01
1.762448e-02
1.393992e-04
1.757465e-03
1.524335e-01
5.576621e-02
1.223483e-03
4.202708e-02
4.156407e-02
2.495949e-02
7.901410e-02
3.482487e-02
2.159548e-01
3.867667e-02
1.477535e-01
2.042521e-01
1.203295e-02
1.825749e-02
2.720093e-03
3.158824e-03
2.742693e-05
4.755396e-04
2.165349e-02
1.866987e-03
1.484919e-04
2.544336e-02
5.166389e-02
3.267173e-02
5.532617e-03
1.295721e-02
8.351187e-03
2.418607e-02
4.611797e-03
1.370726e-01
1.983511e-02
1.112516e-01
3.562206e-03
2.261951e-02
7.761119e-03
1.348411e-02
1.787900e-02
1.359951e-01
4.465772e-02
7.042974e-04
5.092629e-06
3.126691e-03
1.528264e-02
4.458897e-03
1.932216e-02
4.322835e-02
3.174778e-02
1.805100e-02
7.193385e-02
8.965630e-02
3.846756e-04
1.377418e-03
2.495374e-02
9.082636e-02
9.070920e-04
7.893066e-03
1.077864e-01
3.585012e-02
1.703506e-02
7.389825e-02
9.556181e-03
6.106891e-03
2.590118e-01
3.926508e-02
3.321601e-03
1.435058e-02
3.000702e-03
1.142512e-02
2.059437e-03
9.423483e-02
2.602394e-02
1.341797e-02
3.038617e-02
1.688688e-02
2.811521e-02
6.704135e-02
3.611430e-02
2.283377e-03
4.980539e-03
1.171939e-02
8.440342e-02
8.535578e-03
3.798780e-02
6.477076e-03
9.870071e-02
2.827683e-01
4.916711e-04
5.652996e-02
9.833841e-02
1.518730e-03
6.049126e-04
5.854192e-04
1.272842e-02
2.937381e-01
8.423475e-03
5.407725e-02
1.049978e-03
1.155251e-01
9.065837e-02
3.412882e-02
4.096157e-02
8.784337e-04
7.921522e-02
6.364224e-04
8.515815e-02
3.245082e-02
6.745809e-02
3.658759e-02
5.098278e-03
1.646654e-02
7.867454e-02
2.708070e-02
3.642366e-01
2.959893e-02
1.305300e-02
3.386097e-02
1.329940e-02
1.362046e-01
2.143872e-04
4.382818e-02
2.433761e-03
7.401902e-05
2.612652e-02
3.476221e-02
2.371680e-01
1.090842e-03
1.364251e-02
5.925859e-08
1.452826e-03
1.197568e-01
7.446314e-02
1.804778e-02
3.995355e-04
1.383169e-02
1.181300e-01
9.046297e-03
2.187237e-04
1.208354e-01
5.088128e-02
3.770399e-02
1.515902e-01
1.438841e-02
3.982975e-02
5.318544e-02
2.495751e-02
7.689337e-02
6.046800e-03
1.293267e-02
7.519901e-02
1.497057e-01
3.977089e-02
6.130170e-02
1.655598e-02
1.261651e-01
7.498593e-02
9.346497e-05
1.852734e-01
3.710841e-02
7.724673e-04
1.705622e-02
5.017870e-02
2.944343e-03
6.170974e-02
3.677402e-02
6.348218e-02
8.975190e-03
8.526910e-02
1.171648e-02
1.547507e-03
7.197154e-03
3.006250e-02
9.385889e-02
2.268911e-02
6.051491e-02
3.803523e-04
4.060024e-03
1.427345e-02
6.722755e-02
3.653039e-02
1.429814e-01
7.558344e-03
6.592411e-02
3.808822e-02
2.033770e-02
1.309252e-01
8.635413e-02
8.744209e-02
1.039356e-03
2.359457e-03
6.181963e-02
8.492002e-02
1.332050e-01
9.724858e-03
5.371900e-02
7.842763e-02
3.877919e-02
1.184194e-02
5.459811e-04
1.776956e-01
1.253596e-02
6.150102e-03
1.507114e-01
4.958630e-02
5.068530e-03
1.082448e-03
5.402380e-03
9.955022e-04
1.555592e-02
1.198625e-03
1.975706e-01
2.545140e-02
1.530051e-02
1.898340e-02
5.380377e-03
1.187801e-01
3.895139e-01
2.335904e-03
2.688952e-02
1.687661e-02
1.351812e-02
4.217533e-03
3.206048e-01
3.063493e-02
3.920400e-01
4.335176e-03
2.792731e-03
4.459628e-04
3.109792e-02
1.420734e-02
5.759440e-05
3.524364e-02
2.971493e-01
5.132198e-02
1.993928e-01
7.881581e-04
3.780193e-02
6.124034e-02
2.391658e-03
6.824707e-03
1.933072e-03
4.609195e-04
1.396711e-02
1.239482e-01
6.291165e-04
1.543927e-02
1.196071e-02
8.877007e-04
7.021910e-02
1.111100e-01
1.392921e-01
8.331724e-02
4.780119e-04
1.540514e-03
1.114626e-02
8.993176e-05
1.151448e-06
3.471440e-04
2.304190e-01
2.921233e-02
2.319470e-02
3.972130e-05
3.120993e-04
3.661432e-03
1.166256e-02
2.493205e-02
4.507758e-03
2.057666e-02
1.425562e-01
4.741266e-03
2.667198e-02
2.820199e-02
7.233214e-02
1.633907e-02
1.236471e-01
2.383265e-02
4.427809e-02
2.618396e-01
2.385384e-03
1.458276e-02
1.816212e-02
1.560733e-02
1.889805e-04
4.829112e-02
1.467262e-02
5.216312e-02
3.720025e-02
4.703253e-02
1.573188e-01
1.337974e-01
2.255899e-01
4.819587e-02
1.004069e-02
5.038130e-05
1.478326e-01
1.893568e-02
1.127079e-01
5.045003e-02
1.778837e-02
4.977603e-02
1.679733e-02
6.800790e-03
3.547367e-03
3.631474e-02
7.349909e-02
1.995720e-03
1.215269e-03
4.290180e-02
4.450387e-02
2.328612e-02
1.077351e-02
5.918358e-03
3.295370e-03
6.619233e-02
5.042300e-02
1.143069e-04
1.368712e-02
1.052738e-02
9.968550e-03
5.307353e-04
1.030132e-01
3.775374e-02
2.494550e-05
1.795002e-03
6.000485e-02
1.479544e-02
8.111666e-02
1.636521e-02
7.846406e-03
6.516661e-02
1.518074e-04
3.935375e-04
6.680887e-04
8.673635e-02
1.940663e-03
2.360845e-02
2.305393e-01
4.227979e-02
9.526776e-03
8.692328e-03
3.473543e-02
9.442715e-03
1.247624e-01
7.277160e-03
3.029013e-02
1.645093e-02
1.051801e-02
7.672340e-03
2.431686e-03
9.301626e-03
1.705427e-01
4.445538e-02
9.675491e-05
1.040006e-02
5.986674e-02
8.948795e-03
3.301687e-02
8.267706e-02
1.316306e-04
1.769510e-01
1.274575e-02
1.745605e-01
8.437840e-03
6.578471e-02
3.061252e-01
1.409823e-01
1.401556e-01
3.797557e-03
2.219591e-03
2.571297e-02
5.880840e-04
2.038231e-02
5.207525e-02
7.939674e-02
1.069169e-02
1.355526e-01
4.210860e-02
1.099231e-02
1.444551e-02
2.594096e-02
2.720600e-02
2.612005e-02
2.722939e-03
4.685410e-03
9.976068e-03
1.376220e-01
2.147794e-02
1.124097e-02
1.743583e-02
1.579692e-04
3.173967e-03
7.775821e-05
4.094897e-03
3.520519e-06
1.371569e-01
4.837993e-02
2.192005e-02
4.594166e-02
4.031934e-01
3.856165e-04
1.388098e-02
2.319476e-01
6.647109e-02
1.913239e-02
2.365314e-02
2.472599e-02
2.023963e-03
7.323461e-02
7.419384e-04
6.339247e-02
9.651309e-02
1.303720e-02
3.571737e-02
4.835973e-03
1.158773e-01
4.674867e-03
2.339636e-02
2.771089e-02
2.148875e-02
7.226979e-03
9.151375e-02
9.228071e-03
5.713402e-02
7.677477e-02
1.820939e-02
8.277853e-02
4.334940e-04
1.697946e-01
2.538475e-03
3.785531e-03
8.386329e-03
1.579327e-01
6.564139e-03
2.795063e-03
4.855134e-02
6.515391e-02
4.952164e-02
9.602387e-04
2.684959e-03
5.572086e-03
2.203193e-02
1.746847e-01
5.019496e-02
6.117080e-03
3.328769e-07
2.507717e-02
3.467078e-02
5.017678e-03
9.027337e-04
3.703163e-03
5.942043e-03
2.977638e-03
1.412568e-02
9.787633e-03
1.412196e-03
5.225323e-02
2.504314e-02
1.017080e-02
2.761797e-04
3.694115e-02
2.194517e-02
2.316732e-02
2.071207e-02
4.438265e-02
6.972163e-03
4.520557e-02
1.602426e-03
7.209597e-02
3.988617e-02
4.468105e-03
1.401489e-02
2.835092e-05
2.011442e-02
1.054516e-04
4.695374e-02
6.304955e-03
2.169068e-02
8.161952e-04
5.749079e-03
6.276836e-02
5.277410e-02
1.788838e-03
1.451900e-01
8.669828e-03
8.116844e-04
