8.724516e-02
1.437660e-01
6.941417e-02
8.857871e-05
3.124827e-02
8.612127e-03
6.839373e-04
6.244903e-03
8.810986e-02
1.262708e-03
9.125018e-02
4.119492e-02
2.972532e-05
8.521845e-02
6.533461e-05
7.288328e-02
3.555297e-01
1.750252e-02
1.687857e-01
3.717752e-03
4.927725e-04
6.984966e-02
4.414506e-03
1.008957e-01
6.381408e-02
1.273620e-03
4.842880e-03
7.499932e-02
4.490754e-02
1.617159e-01
7.722746e-02
1.220810e-01
6.934567e-02
2.163287e-02
2.492352e-03
1.613620e-01
3.364778e-04
1.010171e-01
4.412895e-02
4.101319e-02
2.941297e-03
2.196137e-01
2.767131e-02
1.613867e-03
2.971480e-02
3.640044e-02
1.906322e-01
3.205596e-02
5.681637e-03
1.189315e-01
1.003999e-02
7.398244e-02
1.788450e-03
3.291858e-03
1.706840e-02
5.273965e-05
5.946069e-02
2.523818e-03
1.440710e-02
6.278752e-02
1.862901e-02
1.098843e-04
3.685729e-01
4.889028e-02
1.736824e-02
4.265371e-03
4.474982e-02
2.434751e-02
1.733937e-01
1.251801e-03
6.113192e-03
9.773310e-02
4.351181e-02
5.592353e-02
1.663515e-02
6.923203e-02
4.171984e-02
6.102084e-04
9.176701e-02
2.305801e-02
2.632631e-01
5.133547e-02
7.945194e-02
1.200671e-01
4.338395e-03
1.360539e-03
8.460498e-02
1.994764e-03
2.361548e-01
7.857334e-03
1.143567e-03
1.432909e-03
1.155662e-03
2.303244e-03
2.344412e-04
1.442852e-01
2.242490e-01
2.732671e-02
1.362416e-02
2.220198e-02
3.681727e-01
5.456823e-02
9.359624e-03
1.791409e-02
1.727667e-02
2.023608e-01
1.839647e-01
1.973214e-02
1.826073e-02
6.161038e-03
3.138263e-02
5.983130e-03
1.127979e-02
2.125211e-04
6.969488e-02
6.525305e-02
1.013667e-02
6.347007e-03
1.620176e-01
2.695586e-02
1.004162e-02
7.450297e-03
1.853861e-02
2.610845e-04
1.344001e-03
9.521162e-02
5.075263e-03
5.117667e-02
8.103369e-02
3.900148e-04
3.445727e-04
9.249333e-03
4.994534e-02
5.795710e-02
3.468763e-03
1.558744e-03
1.251289e-04
5.199293e-02
9.279110e-03
3.897958e-02
2.283393e-02
3.048256e-02
3.058259e-03
4.107920e-02
1.986706e-02
5.284032e-02
4.008792e-03
8.354414e-04
3.302492e-02
2.717891e-01
2.517406e-02
2.324144e-02
1.064433e-02
6.134606e-03
1.730555e-03
1.396942e-02
1.885515e-01
4.187796e-02
2.508013e-02
7.876795e-01
6.712844e-02
1.131894e-05
3.628013e-04
4.061404e-02
8.441764e-04
3.243487e-02
9.577693e-02
4.087882e-02
8.059597e-02
2.651314e-02
3.378684e-03
4.291946e-04
1.243666e-01
1.324172e-01
9.620000e-03
1.921733e-02
5.696389e-03
2.941509e-03
3.153924e-02
9.043110e-04
1.999432e-03
5.998558e-02
3.029225e-02
1.051583e-02
1.728953e-02
1.439577e-02
7.221403e-02
1.030364e-01
6.798663e-02
3.981340e-02
2.043385e-01
3.772629e-04
1.928039e-02
1.240999e-01
5.814576e-02
2.657328e-02
2.565631e-01
1.271497e-03
1.604663e-01
2.011712e-02
5.955024e-02
6.881667e-02
4.652306e-02
4.039410e-03
5.502084e-03
5.110710e-04
6.280122e-03
1.817044e-01
9.450844e-03
4.036922e-02
7.450285e-03
5.201515e-02
6.492822e-02
1.343511e-02
5.225837e-02
3.467468e-04
4.663995e-04
7.927990e-02
5.260291e-03
4.220134e-02
6.942305e-02
9.620079e-04
1.673840e-01
5.945808e-02
5.941051e-03
8.969164e-02
1.269188e-01
6.233840e-02
1.234159e-02
1.325106e-01
1.418323e-01
1.594819e-02
2.673718e-02
1.582644e-03
1.835528e-01
2.664306e-03
4.981667e-02
1.558158e-01
7.051710e-03
1.414820e-01
2.451423e-02
3.130567e-04
1.933609e-01
5.275943e-02
4.533619e-02
5.493772e-04
1.020613e-01
2.376965e-03
5.773169e-03
7.993950e-02
5.168483e-02
5.501399e-02
5.427168e-02
6.712150e-02
1.531247e-03
5.576523e-03
2.729446e-01
7.221207e-03
5.323480e-04
3.756462e-02
1.370083e-01
1.688454e-02
1.381037e-01
9.207772e-04
2.415932e-02
9.664379e-02
1.758385e-03
3.146744e-03
1.382781e-01
6.665425e-02
5.461920e-02
1.300000e-01
8.255969e-02
1.808589e-02
6.799616e-02
1.917183e-02
2.933234e-04
3.157596e-02
1.592632e-02
6.703778e-03
2.131730e-01
2.642463e-02
1.421099e-02
5.241912e-02
4.630607e-02
2.527496e-02
6.812878e-02
1.134340e-02
2.765374e-01
5.198981e-02
3.848444e-04
1.483229e-02
1.130848e-01
1.924474e-02
9.610788e-02
9.405145e-03
5.058568e-02
3.892757e-02
1.081161e-01
7.481681e-02
2.834488e-03
1.114975e-02
9.306748e-02
1.010766e-02
2.513976e-02
2.027544e-02
9.505875e-02
7.060287e-03
3.396569e-02
2.330654e-03
1.352195e-03
5.963208e-04
2.392807e-02
7.340188e-02
9.389062e-05
3.578856e-03
1.553002e-02
2.699169e-02
3.027236e-01
2.721864e-01
2.010109e-03
2.237903e-02
8.475196e-05
5.015427e-03
1.346202e-03
4.500169e-04
8.992887e-03
2.272627e-01
3.569726e-02
1.108145e-02
3.044403e-02
1.774664e-02
1.120554e-03
2.619217e-01
3.575640e-03
8.217152e-03
8.752132e-02
2.278658e-02
2.798921e-05
2.584801e-03
8.670766e-03
8.410005e-03
3.016262e-02
4.530669e-02
1.121130e-01
1.349898e-01
8.122116e-02
8.525840e-02
1.390545e-02
1.035770e-01
6.212199e-02
1.884085e-03
9.014785e-06
2.044633e-01
1.187724e-01
2.531050e-01
2.580422e-03
6.905413e-02
2.361991e-02
2.921291e-04
3.720596e-02
5.087109e-04
4.727470e-03
2.511155e-03
6.733802e-06
9.948699e-03
1.016690e-01
2.815033e-02
2.585141e-02
2.987611e-03
4.362782e-02
2.860743e-02
1.060198e-02
3.843889e-03
2.765931e-02
6.462412e-03
1.996741e-02
5.547148e-04
7.930826e-02
6.217631e-03
1.272005e-02
6.991965e-03
2.486205e-01
2.166742e-02
2.639424e-02
1.420445e-02
4.643811e-03
2.859751e-03
3.477453e-02
4.022618e-03
9.331017e-03
1.789710e-02
4.615745e-02
7.620826e-04
2.864066e-04
5.267590e-03
3.371396e-02
6.149600e-03
1.241835e-03
8.898589e-03
6.568095e-04
5.546071e-03
1.828248e-01
1.225857e-04
5.293070e-03
7.904859e-03
6.450912e-02
3.992967e-02
5.570769e-02
2.988329e-04
5.923864e-02
1.026567e-02
3.063359e-02
6.089576e-02
2.742033e-03
2.456685e-05
7.233802e-02
1.231609e-01
4.027283e-02
1.631067e-02
3.297728e-02
7.452933e-03
1.799554e-01
1.902497e-02
1.620415e-03
7.515865e-03
2.170927e-01
3.957338e-03
1.014994e-01
4.641504e-02
5.588833e-03
4.913513e-03
7.268798e-02
7.324668e-03
8.906601e-02
3.383304e-03
2.976426e-02
7.877937e-02
9.201136e-02
6.195360e-03
7.195673e-03
1.568230e-04
3.866298e-02
1.118434e-01
7.233252e-04
8.899804e-02
2.711245e-01
2.179533e-01
1.011744e-01
7.411030e-02
3.762708e-03
1.756977e-03
4.872622e-02
1.487027e-02
1.788546e-02
1.129657e-01
4.095981e-03
1.670572e-01
2.121960e-05
4.550243e-02
5.079879e-02
4.115775e-02
2.164904e-02
4.633871e-02
7.336280e-02
4.638358e-02
1.252769e-01
4.232618e-03
6.786645e-02
1.662713e-01
3.685593e-03
2.124006e-02
1.162063e-03
1.057274e-01
1.339589e-04
1.335278e-01
1.729517e-02
1.058247e-01
1.072732e-02
1.156521e-02
8.342373e-02
1.720391e-02
4.668605e-02
8.500928e-02
8.477922e-03
2.903925e-01
1.097138e-02
9.455867e-04
3.533774e-02
7.711432e-02
7.830084e-02
5.859271e-02
1.379489e-02
5.429111e-02
4.485735e-02
2.518732e-01
2.879307e-01
2.564474e-02
6.333294e-02
1.326011e-05
1.327184e-01
5.025898e-03
4.285184e-02
5.216933e-03
5.224628e-02
1.067625e-02
2.561939e-01
1.548859e-01
6.611733e-02
3.846408e-03
1.231962e-01
8.202481e-02
4.071614e-03
1.455512e-01
1.432900e-03
1.872948e-01
2.867109e-01
1.724852e-02
4.684312e-02
2.200155e-01
8.897032e-05
1.512301e-02
1.689503e-01
2.886770e-04
6.232445e-02
1.005512e-01
8.446477e-03
1.932277e-02
2.104334e-01
2.951037e-02
5.481132e-03
3.844868e-03
1.030094e-02
1.106692e-01
1.033767e-01
6.525532e-03
3.422481e-03
1.553462e-01
1.767047e-01
3.625250e-02
2.207724e-01
2.116754e-01
7.639824e-04
1.390742e-02
1.682732e-01
1.071577e-01
1.718530e-02
1.674391e-04
1.190387e-02
6.582828e-04
2.000849e-02
1.539579e-02
1.512105e-02
6.224727e-03
5.890015e-02
5.154131e-02
2.706382e-03
1.102039e-02
2.131866e-02
2.786227e-02
7.874632e-02
8.476267e-02
1.992538e-02
1.278973e-01
9.936362e-03
1.451182e-03
2.936686e-02
1.896228e-01
3.983334e-02
5.186128e-03
3.056131e-04
7.460528e-02
2.077342e-03
4.765257e-03
2.081796e-02
5.515775e-04
3.574402e-02
2.506345e-01
1.123179e-05
1.386387e-01
1.361742e-01
1.458494e-02
4.350302e-03
5.157818e-03
2.035426e-02
1.854374e-01
3.549920e-03
7.782363e-03
4.841479e-02
9.510685e-02
4.143079e-02
2.004818e-02
1.459800e-02
8.522377e-02
