4.242570e-02
3.662128e-02
2.280391e-01
3.259921e-03
2.837568e-02
3.817666e-02
7.783668e-02
3.634334e-04
1.544626e-04
6.669121e-02
9.333891e-02
3.200751e-02
1.456000e-01
1.230051e-06
1.129158e-01
4.035861e-02
5.471330e-05
1.241894e-01
4.914219e-03
1.048082e-02
1.117790e-02
1.647509e-02
2.116965e-01
2.448319e-02
2.980452e-03
8.604415e-02
1.405917e-01
1.907053e-03
2.658268e-02
3.679814e-03
2.804745e-01
1.001428e-02
1.273349e-02
3.113049e-02
4.228082e-03
1.316008e-01
1.733096e-01
1.800528e-02
7.972921e-02
6.688570e-03
2.018849e-02
4.678983e-03
6.522313e-04
4.358678e-02
6.378995e-03
3.951338e-02
1.837626e-02
6.734340e-02
1.398483e-02
2.586902e-02
6.755673e-02
2.190025e-02
4.415682e-03
1.556539e-03
7.973252e-03
3.529162e-04
3.417656e-02
6.337819e-02
1.084871e-02
1.152049e-01
1.285161e-02
2.307107e-02
8.949196e-03
1.641287e-02
1.412326e-01
3.065188e-01
4.828251e-03
7.213047e-02
7.478344e-02
2.279631e-03
2.159895e-01
6.175043e-03
5.369247e-02
3.012937e-04
2.638032e-02
3.622763e-02
7.599822e-03
1.420669e-02
1.479899e-02
4.085777e-02
7.686982e-02
8.534841e-02
1.258677e-01
6.004015e-03
8.342077e-02
1.839141e-02
2.613500e-02
2.314049e-02
5.747222e-03
1.402734e-01
6.220414e-04
3.976833e-02
1.435550e-01
8.567371e-02
3.130572e-04
4.473866e-02
1.638996e-03
7.523672e-03
6.634109e-04
1.560996e-01
3.437016e-02
2.736705e-04
6.580223e-02
3.464447e-02
6.160402e-02
2.028715e-03
2.315805e-02
6.763739e-02
1.427018e-02
2.804437e-02
1.118833e-02
4.334156e-02
2.855548e-04
5.159535e-02
4.836944e-02
4.723668e-04
6.922253e-03
6.895205e-02
3.173419e-01
1.499373e-01
5.832992e-02
1.965607e-01
4.632370e-02
4.923285e-03
2.097378e-01
5.880782e-02
2.750648e-03
1.033383e-01
1.189657e-02
2.354437e-03
7.269103e-06
1.667184e-02
3.071087e-02
7.926501e-03
1.846764e-02
5.000872e-03
2.545218e-02
2.470842e-03
1.729963e-01
1.008539e-01
3.160084e-03
3.319837e-02
2.921566e-04
8.895837e-03
7.693609e-03
1.170055e-02
3.412452e-02
9.788405e-06
6.328849e-05
9.896139e-02
5.158119e-02
1.088199e-02
4.289602e-02
8.766703e-02
1.750040e-06
1.257591e-02
6.471053e-03
1.959760e-01
1.502231e-02
9.573339e-02
8.757585e-03
3.476937e-03
8.469685e-02
7.213949e-03
6.901383e-03
3.477176e-02
1.782453e-01
1.746763e-02
8.107383e-02
5.949408e-03
8.394544e-02
7.332859e-04
6.732923e-04
2.174064e-02
1.885626e-01
2.614233e-03
1.862585e-01
3.248821e-02
2.053794e-01
1.115245e-03
6.554232e-02
3.958116e-03
5.980602e-02
4.797849e-04
1.382762e-02
1.343339e-02
2.466385e-03
1.889243e-02
1.133733e-01
1.142927e-01
2.123134e-01
6.078060e-02
2.213468e-02
1.892837e-01
2.451785e-01
1.480340e-02
1.185679e-01
7.031454e-02
1.955815e-03
2.711198e-02
1.225600e-02
2.330220e-02
3.597583e-01
1.310197e-01
7.363085e-02
1.066326e-01
1.822721e-03
5.375786e-02
2.300127e-04
3.204322e-04
2.377557e-01
1.223493e-02
8.430199e-04
1.119376e-03
1.372340e-02
4.709826e-02
1.824340e-01
4.086042e-02
6.910211e-03
4.265851e-04
3.318050e-04
4.069561e-02
1.360920e-02
6.169957e-02
4.246657e-04
8.153883e-02
9.675784e-02
2.021341e-02
4.557605e-02
7.057644e-03
2.865669e-02
8.465455e-03
2.188631e-02
1.593649e-02
9.286746e-03
7.246173e-04
5.176531e-03
2.831423e-02
1.590357e-02
1.021133e-02
2.329335e-03
4.141756e-02
7.458213e-02
1.068480e-01
5.530721e-03
2.520867e-01
9.017633e-03
5.013980e-02
1.175681e-02
1.217685e-02
6.461186e-02
9.436980e-02
8.281280e-02
2.683475e-01
2.368766e-02
4.555911e-03
4.976528e-02
8.789642e-02
1.060339e-02
1.033255e-02
4.855830e-02
4.460662e-04
6.798899e-02
3.684486e-04
2.435059e-02
1.222057e-01
8.971943e-02
3.315843e-05
6.005721e-03
1.415354e-02
5.522592e-02
5.150878e-02
7.509252e-02
1.570711e-01
6.457678e-04
4.347291e-02
2.993589e-02
1.560074e-02
6.152665e-03
9.340266e-03
3.063492e-02
3.560993e-02
3.463820e-03
1.032658e-02
9.459209e-02
5.438493e-03
7.094912e-02
2.035618e-02
3.600870e-01
2.493597e-02
1.401186e-03
1.050480e-01
6.061647e-02
9.192917e-02
4.262545e-03
2.557318e-01
1.250131e-03
5.086842e-03
1.127646e-02
1.308882e-01
8.141278e-03
2.165854e-02
4.936506e-02
3.602476e-02
3.697924e-02
9.187618e-02
2.825246e-02
3.753237e-02
3.570745e-02
4.768025e-03
3.775155e-02
1.966977e-01
6.269419e-03
3.706917e-02
2.381311e-03
2.465797e-02
7.683494e-03
8.931806e-04
4.829345e-02
3.651989e-03
3.651796e-03
5.590019e-02
1.168333e-01
6.780176e-02
1.399642e-02
4.216483e-02
3.579386e-02
1.782507e-03
4.186373e-02
2.073921e-03
8.010452e-04
1.250579e-03
1.910216e-02
6.746955e-02
3.118659e-02
1.118478e-02
5.770413e-02
1.403961e-01
1.880228e-03
7.336145e-02
2.755419e-01
3.831416e-03
6.173956e-04
2.520815e-02
5.520089e-02
2.374780e-02
3.668383e-03
3.788464e-01
2.014070e-02
1.276429e-02
3.483765e-03
1.131470e-01
9.423068e-02
1.589044e-03
1.622223e-02
1.731634e-01
2.416427e-02
3.690447e-04
6.913376e-03
6.657319e-02
1.579921e-02
1.326191e-01
1.146526e-02
2.526802e-03
3.348473e-03
1.207671e-01
4.424250e-03
1.091824e-04
1.230431e-02
5.410843e-02
4.944755e-02
1.948889e-02
1.906863e-02
9.724817e-03
1.252105e-03
3.998750e-02
3.585178e-03
7.940143e-02
3.751366e-03
5.478283e-03
2.287914e-02
8.409284e-04
2.482273e-03
8.829301e-03
2.137159e-02
1.301684e-01
1.246744e-01
8.257165e-03
1.581261e-02
1.859432e-02
1.882037e-01
2.516914e-02
9.338048e-03
6.048097e-02
8.881588e-03
4.868944e-03
1.302593e-02
5.021459e-01
3.039242e-02
1.445892e-01
8.345320e-03
1.914256e-01
1.004885e-04
1.405136e-04
1.362631e-02
4.285343e-02
2.810699e-01
5.116595e-02
9.600363e-02
1.632802e-02
9.945342e-03
1.805256e-01
6.518163e-02
1.866699e-02
3.452900e-02
7.605430e-02
1.001065e-02
1.635847e-04
4.259913e-04
8.513109e-03
1.118042e-01
9.768938e-05
5.482873e-02
6.000244e-03
5.429894e-04
1.126916e-01
4.042334e-04
1.229010e-02
3.717270e-03
7.130929e-02
4.040245e-02
4.404936e-02
1.198154e-01
5.333265e-02
8.456460e-02
1.648489e-01
2.232471e-02
2.396078e-02
8.557251e-03
4.896757e-03
1.596938e-02
9.312490e-03
1.103506e-01
4.627939e-02
3.038344e-03
7.515401e-02
1.902146e-03
2.261868e-02
4.712591e-02
2.709448e-02
1.617678e-03
7.408987e-03
8.829221e-05
5.375465e-02
1.161665e-04
3.556239e-02
1.444715e-02
3.642575e-02
2.298465e-02
2.709803e-02
9.071972e-02
1.347873e-01
8.976475e-02
1.222436e-01
1.364762e-01
2.706005e-02
3.573504e-01
4.951290e-05
1.233834e-03
1.350709e-02
3.701393e-03
2.068201e-01
1.196503e-04
5.505557e-02
1.553560e-01
2.760785e-02
1.220762e-02
4.404846e-02
2.148816e-02
2.157696e-02
5.863922e-02
7.831726e-02
2.564267e-03
4.689137e-02
1.099914e-01
1.940515e-02
4.784460e-02
2.978962e-03
4.451451e-02
1.252726e-02
6.120115e-02
2.644449e-03
5.215260e-03
1.406904e-01
4.988561e-02
3.128160e-03
3.344476e-03
2.697282e-02
2.322007e-03
2.674914e-01
5.153642e-03
1.221066e-08
6.443054e-03
3.259906e-05
7.223393e-02
1.128226e-02
4.789847e-02
1.922724e-01
8.590562e-04
6.538306e-02
3.047002e-02
5.818369e-02
1.613628e-02
2.286126e-02
3.261680e-03
2.318542e-02
1.156185e-01
7.475399e-02
1.431383e-01
9.352232e-04
2.649143e-02
4.048655e-02
6.208250e-05
1.305049e-01
1.478956e-01
1.227989e-02
9.580554e-02
1.995867e-01
1.914935e-01
2.274051e-02
5.688689e-02
3.612860e-03
5.414744e-02
7.794569e-02
5.465010e-03
4.268042e-03
2.566637e-01
8.130915e-02
4.583692e-02
3.392740e-02
7.529155e-01
1.086069e-01
8.786555e-02
3.392057e-06
5.915220e-03
6.955817e-02
4.577658e-03
4.176234e-02
1.530779e-02
1.204648e-02
1.803822e-02
1.950783e-02
7.520813e-03
4.028745e-01
1.866042e-01
5.038015e-03
1.230359e-01
1.015777e-01
1.302138e-05
4.687532e-02
9.347241e-03
4.576755e-02
8.555923e-02
4.439798e-02
6.491096e-02
3.781376e-02
1.012767e-02
2.239196e-05
8.270789e-02
1.936486e-02
1.225540e-02
1.016837e-01
1.706577e-03
1.938093e-07
5.137163e-02
6.318389e-02
5.475491e-04
1.380269e-02
6.376479e-04
1.059867e-03
1.357778e-01
1.451969e-02
5.766088e-03
4.466142e-02
1.226037e-01
2.552081e-05
5.904407e-03
2.865041e-02
2.121085e-01
6.288220e-02
1.009203e-01
2.046286e-02
4.345641e-02
1.121810e-01
