1.338178e-01
5.723897e-02
4.316388e-02
8.277825e-03
5.694789e-02
2.724623e-04
1.061947e-05
4.237308e-05
8.792691e-03
2.812317e-01
1.364021e-03
4.659402e-03
1.958295e-03
6.441851e-02
8.722789e-02
7.289110e-02
4.453688e-02
2.060879e-03
7.520899e-02
5.783326e-03
1.776192e-02
3.050639e-04
1.147953e-01
3.197766e-02
1.569445e-02
1.633777e-02
9.898539e-02
8.587813e-02
7.390652e-05
1.567054e-02
3.620313e-02
6.416668e-03
3.660125e-02
3.488708e-03
7.601767e-02
2.306692e-02
4.260584e-02
2.367142e-05
1.189833e-02
1.320926e-01
2.653301e-02
3.011640e-02
1.156236e-02
3.850023e-02
4.774260e-02
7.938745e-02
3.289513e-02
9.349319e-02
8.797440e-03
3.941781e-03
4.191631e-05
5.732304e-03
1.649240e-01
8.411159e-02
2.859452e-03
3.568380e-02
2.851147e-02
1.256683e-01
2.529110e-02
2.133286e-03
2.456813e-04
8.350702e-02
4.033946e-02
4.088044e-04
4.451329e-02
2.018989e-02
2.547151e-03
2.722668e-01
1.567022e-03
2.649661e-02
2.962977e-02
1.779435e-02
3.233933e-02
8.046483e-03
1.597765e-04
1.461971e-02
1.814284e-04
2.014612e-02
9.169652e-02
9.439739e-03
3.675483e-02
1.877291e-03
4.598009e-02
1.290464e-04
3.013843e-01
5.238823e-02
1.303871e-02
1.155740e-02
4.657136e-02
6.685382e-02
1.230375e-01
6.215562e-04
1.375097e-02
4.068240e-02
6.341777e-01
6.941061e-02
1.140940e-01
1.221411e-03
9.907512e-06
4.170790e-02
1.542445e-04
1.128148e-01
2.906770e-03
4.292639e-02
9.121783e-03
6.060376e-05
1.064131e-01
6.508038e-03
8.303654e-03
2.710059e-02
1.466574e-02
1.642089e-01
4.235424e-04
7.577389e-02
9.457327e-03
1.730766e-02
4.277589e-02
5.199969e-02
5.102155e-02
1.009492e-02
1.924595e-03
1.666280e-01
4.925031e-03
5.985491e-03
6.499266e-02
3.562712e-02
1.380846e-06
7.065047e-02
1.272500e-01
8.062160e-03
1.277447e-02
1.710095e-01
1.880672e-03
3.919574e-02
1.106678e-01
1.360476e-01
2.898400e-01
5.604466e-04
2.121571e-02
1.377717e-04
1.999863e-02
3.213510e-02
7.712684e-05
2.065514e-02
1.548411e-01
2.679196e-02
1.621538e-02
1.045387e-02
1.783211e-03
1.269912e-01
7.638805e-02
3.237894e-03
7.693549e-02
2.306523e-02
2.580192e-03
1.454481e-02
2.734020e-04
3.449071e-04
1.852774e-02
5.665925e-02
4.780878e-03
3.373231e-02
5.219594e-02
1.249037e-03
3.208350e-02
6.040760e-01
6.320830e-03
1.213761e-01
4.355318e-02
5.104682e-02
6.971890e-03
8.683874e-03
3.781661e-02
1.145177e-03
3.357313e-02
1.253799e-02
2.202635e-04
2.066587e-02
1.758200e-04
4.435083e-02
8.871585e-04
7.043979e-03
2.022132e-01
9.632587e-03
3.841154e-02
2.492510e-04
4.494078e-02
3.416554e-02
1.591013e-03
4.450759e-03
8.757490e-02
1.611268e-01
1.766499e-02
4.165658e-02
6.487256e-02
1.451380e-02
5.031881e-02
2.008370e-02
5.779747e-05
2.071848e-02
6.892860e-02
1.768986e-02
1.818199e-02
9.768894e-05
2.410596e-02
9.780865e-02
2.059057e-01
3.747607e-02
2.855189e-01
2.765558e-02
3.654315e-02
4.472657e-02
1.543002e-02
2.597945e-01
2.862059e-02
1.546366e-02
6.899016e-03
1.019024e-01
5.340643e-03
2.151323e-01
2.363112e-02
3.091349e-03
1.861406e-03
6.232080e-02
4.080990e-02
1.183439e-01
1.497650e-04
2.043861e-02
1.438265e-02
7.714418e-04
1.500914e-02
4.312297e-02
1.425672e-02
4.025634e-02
5.170414e-03
8.579180e-03
1.080463e-01
3.344435e-02
8.834259e-03
2.555221e-02
1.123646e-01
6.559132e-02
3.100905e-03
3.292813e-01
1.999919e-02
1.967765e-01
4.862906e-03
3.220689e-04
1.103961e-03
1.341348e-03
1.841647e-01
3.910595e-02
2.049669e-02
7.624854e-04
4.037845e-07
1.404998e-03
1.021836e-01
2.975082e-02
4.050099e-03
4.561679e-01
3.041862e-02
1.120235e-01
1.033536e-01
2.479925e-03
4.225457e-03
1.545127e-01
9.599046e-02
1.755387e-01
2.892955e-02
1.059297e-02
2.537647e-01
1.089943e-01
1.226203e-01
9.620367e-03
1.961831e-03
8.253570e-05
5.482653e-02
2.594385e-03
1.895212e-04
1.172539e-01
6.843573e-02
3.345426e-03
4.629615e-05
3.015146e-01
1.729227e-01
2.942773e-02
1.234753e-04
9.373947e-02
5.467149e-02
5.038852e-03
1.338846e-01
2.918777e-02
8.437564e-02
2.888864e-02
3.717430e-02
9.923457e-04
3.698219e-02
2.484922e-02
3.335983e-02
2.164428e-04
6.085038e-03
5.164835e-02
2.701880e-02
1.257990e-06
7.166084e-04
7.373685e-02
1.621507e-01
1.121061e-02
3.277399e-02
6.691836e-03
2.581292e-02
6.779197e-03
4.652762e-04
2.372631e-02
1.383306e-01
5.431290e-02
8.075494e-03
7.596679e-04
1.584327e-01
2.025856e-02
6.228909e-03
7.049586e-03
3.785942e-03
4.307660e-02
4.301259e-03
4.756421e-05
1.230868e-02
4.526585e-02
7.674660e-05
6.488695e-02
9.089348e-04
4.897039e-02
9.575985e-02
6.180746e-02
4.928626e-02
2.690233e-03
2.857800e-02
4.863351e-02
2.457321e-02
7.185599e-05
9.947527e-07
3.807882e-05
1.662598e-02
3.841810e-02
1.907894e-02
5.882630e-03
9.843218e-02
1.194253e-01
7.141318e-02
1.052992e-01
8.985768e-03
1.196369e-02
1.082568e-01
7.542524e-03
9.367325e-03
1.905585e-02
6.540354e-02
1.027813e-02
1.003493e-01
4.750575e-03
2.305533e-02
1.857261e-02
7.347995e-03
1.297835e-01
7.319149e-02
1.011256e-01
7.060439e-02
2.759388e-01
2.032515e-03
1.323765e-01
1.842525e-03
1.146920e-02
7.459252e-03
1.926640e-01
8.468097e-02
1.379316e-04
9.009084e-02
1.238449e-01
2.785055e-02
8.007214e-03
1.818078e-02
2.208953e-02
1.895635e-02
2.441394e-02
1.479663e-02
7.379513e-02
2.604422e-01
1.299330e-02
6.293452e-02
5.637293e-02
8.739491e-02
2.440336e-03
2.026691e-02
8.124177e-02
8.559286e-02
1.286732e-01
4.159385e-02
1.139980e-03
3.224507e-05
3.327699e-03
1.243768e-01
5.171509e-04
3.071296e-03
2.799607e-03
3.226260e-02
3.158004e-02
1.107959e-01
1.541117e-03
9.105479e-03
6.746622e-02
1.090799e-02
9.950012e-03
1.691825e-02
1.219799e-02
2.034050e-04
6.921539e-02
9.633190e-02
4.820882e-02
1.172083e-01
3.607165e-02
3.235842e-02
3.322646e-02
2.613270e-03
7.090898e-02
6.328881e-02
2.537598e-02
4.242438e-02
3.210421e-02
3.805372e-02
1.946289e-06
5.511110e-03
2.566628e-02
6.568158e-02
1.746420e-02
7.945997e-02
8.473013e-02
3.570205e-02
2.078415e-03
3.679080e-03
2.323623e-02
1.091644e-02
2.220509e-02
1.240642e-02
8.921476e-02
3.442712e-02
2.343391e-02
8.240853e-03
6.086480e-02
3.091134e-02
1.098627e-02
3.104857e-02
1.756936e-01
2.973268e-02
6.312662e-03
5.047567e-02
3.281785e-02
7.402646e-04
1.474541e-02
2.625475e-03
1.365062e-02
1.511896e-01
9.814840e-02
1.081897e-01
6.679126e-02
7.134309e-03
1.964597e-02
2.308432e-02
2.687296e-01
4.350894e-02
2.122383e-01
1.493727e-02
2.984292e-01
7.394514e-02
2.650727e-03
1.147976e-01
5.693445e-02
1.570850e-04
1.878537e-02
5.140920e-02
1.474911e-01
4.725864e-02
9.746215e-04
3.573611e-02
5.662207e-03
2.970305e-04
2.563182e-02
4.306869e-02
3.726219e-03
7.084527e-02
2.396401e-02
7.222969e-02
1.407959e-02
2.800849e-03
1.122909e-01
1.565639e-01
5.989502e-03
2.194353e-02
1.131905e-01
2.214244e-03
1.395784e-01
2.260476e-02
3.148433e-03
2.272932e-02
5.856725e-03
6.591135e-05
2.373212e-05
1.702696e-04
3.325096e-01
1.595570e-02
3.912590e-02
1.290082e-01
1.227616e-01
2.569270e-02
2.474237e-02
9.888118e-03
9.029398e-02
1.168233e-02
1.116700e-03
9.350139e-02
4.291453e-02
7.103388e-02
4.868579e-05
8.276495e-02
2.420866e-01
2.143745e-02
4.150804e-02
2.973920e-02
1.830359e-02
7.619971e-02
1.819465e-02
5.673489e-02
1.705636e-02
2.153909e-03
3.717867e-02
1.166064e-04
1.339097e-03
9.064849e-02
5.356378e-04
4.052038e-02
3.790123e-02
1.745349e-01
1.223186e-02
6.932280e-02
6.284984e-03
9.229673e-02
1.521439e-01
3.739950e-03
9.343882e-03
1.899335e-01
6.135463e-02
8.252459e-03
8.505100e-02
9.890264e-04
8.687515e-02
7.294452e-02
1.795373e-02
7.718526e-03
2.699465e-02
8.371514e-03
2.933400e-02
4.058614e-03
1.920754e-02
3.276709e-01
8.575806e-02
2.040052e-02
5.504831e-02
8.337950e-02
1.277927e-01
2.090848e-02
1.804193e-02
4.027771e-03
5.394083e-03
9.582830e-02
2.995347e-02
1.329003e-02
1.850158e-04
1.976382e-01
4.457726e-02
1.984249e-03
1.354766e-03
4.624142e-02
3.843211e-06
2.452978e-02
2.616026e-02
7.561462e-02
2.851080e-03
7.468418e-04
3.582763e-02
6.292984e-02
1.016120e-03
3.770897e-02
3.088215e-02
1.185505e-01
2.003001e-03
