1.959973e-01
2.209536e-02
1.199613e-02
1.118645e-02
1.101360e-01
2.514573e-04
1.554903e-02
1.541434e-02
4.315947e-03
1.114992e-02
8.653062e-05
5.028450e-03
7.967174e-02
8.107320e-02
8.444415e-06
2.344263e-02
9.673228e-03
2.830243e-02
3.236783e-01
2.627903e-03
2.532581e-02
1.754752e-01
2.774829e-03
2.575757e-03
4.438689e-02
1.403277e-02
4.498483e-02
5.084957e-02
6.119229e-03
1.746145e-02
8.895630e-02
1.701783e-02
1.379011e-01
1.497602e-01
2.305821e-02
8.448829e-02
1.106805e-05
1.253733e-02
1.702207e-02
9.276066e-02
1.848533e-03
1.254394e-02
2.291566e-02
4.059064e-02
9.007643e-04
6.040477e-04
6.454962e-04
2.851709e-02
1.800667e-02
3.845220e-02
7.998303e-02
1.185453e-03
1.270727e-01
4.018892e-02
3.399000e-02
1.695710e-02
5.498539e-03
1.253508e-02
2.185078e-01
1.354024e-02
6.812521e-02
8.346036e-03
2.325659e-03
4.571099e-02
4.631917e-02
1.580249e-03
5.041418e-02
1.069785e-02
4.206040e-02
4.309658e-03
4.358379e-02
5.923197e-02
1.905652e-02
1.665005e-01
3.114588e-02
3.850080e-02
4.639622e-03
1.264362e-02
5.140651e-03
3.347826e-04
5.692749e-02
3.729186e-02
5.488656e-03
1.229516e-02
5.780448e-05
1.386063e-07
9.302584e-02
5.751242e-03
1.285826e-02
1.299477e-01
4.771602e-03
4.192595e-03
1.023862e-02
3.899867e-03
1.113265e-04
2.157552e-03
2.851053e-02
3.687253e-02
1.858287e-01
6.839720e-04
1.318318e-01
8.217869e-05
5.273852e-02
2.232246e-01
6.980858e-02
2.875751e-01
3.647455e-02
2.866679e-02
6.292547e-02
4.399015e-03
6.027340e-02
4.384779e-02
1.658080e-02
1.996076e-01
5.055164e-03
1.630517e-02
5.726369e-02
3.633813e-02
8.908058e-02
6.451043e-03
5.146859e-02
1.036413e-03
3.444867e-03
1.129453e-01
5.180320e-02
2.020181e-02
1.436414e-03
8.119137e-03
6.569511e-02
8.176555e-02
5.991086e-03
6.368755e-03
2.765383e-03
4.275593e-04
1.293811e-03
1.778526e-05
3.556080e-02
2.448759e-03
4.202954e-04
2.617058e-01
4.977221e-03
3.673400e-03
8.113921e-03
2.054804e-01
1.088414e-03
4.919055e-03
4.434891e-03
4.478235e-02
8.851713e-02
3.570199e-02
7.411865e-02
1.180995e-01
4.233129e-02
7.193886e-02
5.155982e-03
5.331045e-02
1.611071e-01
6.768632e-02
9.109167e-02
2.297739e-01
1.212497e-01
2.049561e-02
2.729025e-04
1.503163e-03
1.997746e-01
1.113063e-01
5.313663e-03
3.006885e-03
3.270560e-02
8.165960e-02
4.801714e-02
4.167262e-03
6.862387e-05
6.200647e-03
1.759286e-02
5.777047e-03
2.810802e-02
1.064685e-03
5.090400e-02
4.641157e-05
2.867171e-02
1.726937e-01
6.138362e-02
3.724965e-01
2.171572e-02
3.976037e-02
9.495737e-02
4.885753e-02
3.620494e-03
1.228748e-02
1.175426e-04
2.093895e-03
1.686835e-01
3.249131e-02
5.680770e-04
4.252827e-02
2.019674e-01
2.640525e-04
9.303150e-02
3.796803e-02
4.997086e-02
4.301725e-04
2.805690e-02
3.592097e-03
1.190513e-04
6.563974e-02
1.146392e-02
7.535383e-03
1.345670e-01
6.542076e-02
9.742421e-03
3.766506e-02
9.029662e-03
3.599483e-03
1.010789e-02
3.030018e-02
1.980742e-02
8.576217e-02
3.696264e-02
7.094712e-04
4.313603e-02
6.423234e-03
3.497912e-02
2.263291e-05
4.365694e-02
8.013593e-04
1.815331e-03
3.488554e-02
7.307643e-02
2.677637e-02
3.877553e-02
1.146871e-03
8.913545e-02
1.314987e-02
6.860556e-02
2.452679e-03
5.116471e-03
3.374582e-04
9.185159e-03
6.282371e-02
6.175451e-02
3.843415e-02
7.279134e-02
3.806915e-04
2.035823e-01
1.363315e-01
9.408944e-03
1.827716e-01
1.959055e-03
5.503381e-02
3.870491e-03
7.166820e-03
7.900816e-02
1.575089e-01
8.005073e-02
1.147178e-02
1.767972e-01
2.370208e-02
1.631785e-01
2.228517e-02
1.160712e-01
1.874093e-02
3.382796e-02
4.148353e-02
4.613544e-02
4.950923e-02
9.454560e-02
2.589792e-02
1.357569e-01
2.735460e-02
9.932499e-03
1.010064e-01
5.467889e-06
7.077013e-03
4.239871e-02
1.330123e-01
8.133364e-03
1.377212e-03
9.232508e-06
4.966332e-02
2.259100e-02
2.360886e-01
1.089850e-03
6.927341e-04
8.615288e-04
1.250177e-01
1.027352e-01
2.793142e-04
7.993737e-02
1.681285e-02
3.335633e-01
1.067271e-02
3.445210e-02
6.542694e-03
9.003207e-02
4.725520e-02
2.311998e-02
2.196931e-02
4.189085e-02
4.748860e-03
1.467875e-01
1.883874e-02
4.441585e-04
7.009346e-02
1.785636e-01
1.077021e-01
1.624230e-01
1.321039e-03
1.533548e-02
2.780727e-02
3.074189e-03
2.558454e-02
5.450737e-06
1.158447e-01
1.573994e-02
1.506125e-02
1.368285e-01
1.289666e-02
4.894575e-02
3.955195e-02
1.000798e-01
8.362322e-06
5.152838e-03
2.681640e-02
1.240038e-03
1.344361e-01
3.541600e-03
1.728948e-01
3.151490e-04
1.409887e-01
1.206768e-02
2.893401e-02
1.546142e-02
1.038998e-02
6.204996e-09
8.437949e-02
1.870230e-03
4.261550e-02
1.181127e-02
2.865932e-02
1.553062e-02
1.322204e-02
1.087429e-01
5.126746e-03
8.768313e-02
9.042039e-04
1.944017e-02
2.714572e-02
3.038516e-02
3.838154e-02
3.037587e-01
5.889981e-03
2.330640e-02
5.922991e-02
9.806492e-03
1.528020e-02
1.205026e-01
2.947493e-02
1.785822e-02
3.117632e-03
2.014740e-02
8.823140e-02
2.494677e-03
3.213635e-03
5.973700e-02
1.771486e-02
6.305460e-05
1.461196e-02
6.871711e-03
1.255513e-02
4.416354e-02
3.624281e-02
4.263196e-03
8.793306e-03
3.088401e-06
9.221393e-02
1.874787e-03
2.008613e-03
1.966942e-03
4.582644e-02
1.496335e-02
7.294837e-04
1.306842e-02
3.119985e-02
2.182016e-03
1.500925e-02
4.699556e-02
9.551058e-03
9.207512e-03
1.045771e-03
4.496458e-02
3.260663e-04
1.656598e-01
3.753948e-03
5.593812e-02
9.635587e-04
3.348673e-02
6.644745e-02
2.402154e-02
1.598692e-01
5.349825e-02
4.196369e-03
5.878521e-03
1.499022e-02
9.873763e-03
2.662033e-01
6.934501e-03
2.179348e-04
9.556355e-02
2.316342e-01
5.194178e-02
1.133000e-01
6.840451e-02
4.385517e-02
6.994959e-03
7.731269e-02
3.468170e-01
4.360789e-02
1.274160e-01
7.659888e-03
2.577080e-02
1.102142e-02
3.485186e-02
8.995064e-05
2.581197e-02
2.300340e-01
5.133969e-05
1.511802e-01
1.733624e-02
3.670881e-02
6.347690e-02
4.060633e-02
3.935060e-02
1.666006e-03
5.406822e-02
5.875782e-03
1.747929e-02
6.726697e-02
1.005331e-03
9.422721e-03
9.115845e-05
1.913361e-03
1.252547e-01
2.521645e-03
5.591088e-02
1.305794e-03
1.021297e-04
5.255234e-02
2.164604e-01
7.483957e-03
2.270249e-02
1.432013e-02
3.935153e-02
4.258281e-03
1.230187e-02
1.319309e-03
1.549424e-01
4.045446e-02
7.734641e-03
1.991020e-02
2.019997e-03
3.168006e-02
1.872699e-05
1.843204e-02
1.764388e-01
1.503169e-03
6.079333e-03
1.230572e-01
7.172249e-02
3.146229e-02
4.715655e-02
8.108618e-02
5.290794e-02
3.662313e-02
1.831812e-03
3.141955e-01
2.385730e-02
4.112483e-02
6.689733e-02
1.131515e-01
2.974644e-03
1.351307e-07
3.017251e-02
1.397692e-02
1.585151e-02
1.124151e-02
1.133524e-02
8.053872e-04
2.695690e-02
1.006954e-01
1.440099e-01
4.308851e-02
3.747456e-02
1.959228e-02
8.909468e-02
1.673897e-02
8.098291e-05
4.919534e-02
6.325645e-02
1.591561e-03
1.956311e-03
1.875673e-03
4.955935e-04
2.781392e-01
1.656671e-01
2.317675e-03
2.808403e-02
8.738216e-03
1.317215e-04
1.519123e-01
7.397889e-02
1.155886e-01
7.252763e-02
6.010058e-02
1.159075e-01
1.139903e-02
1.750457e-02
9.640797e-02
3.033410e-02
5.603398e-02
6.790242e-02
1.670902e-02
1.154976e-01
4.854142e-02
7.011879e-02
2.221243e-02
1.865407e-02
1.180640e-02
6.024893e-02
9.949746e-03
1.713646e-02
5.958109e-02
2.746159e-01
3.334631e-03
4.815533e-03
3.009473e-03
1.498676e-02
3.517655e-02
3.349065e-01
3.257369e-04
2.507716e-01
6.314698e-02
1.489061e-03
1.780218e-02
1.796837e-02
2.154171e-02
2.325086e-01
4.939499e-01
8.006726e-06
3.764319e-03
4.317543e-02
5.448077e-03
1.393110e-01
1.753354e-02
5.780040e-03
1.071161e-01
1.727750e-02
2.832382e-02
5.965587e-04
1.280454e-02
2.430603e-02
3.507988e-02
1.513112e-03
1.259200e-01
1.972594e-01
6.150333e-03
1.063935e-01
1.253200e-01
4.186184e-02
3.145167e-02
3.921756e-04
1.047215e-01
2.129584e-03
6.662874e-02
1.117574e-02
5.033700e-02
4.356407e-02
3.620450e-04
1.108532e-04
3.719080e-02
4.744395e-02
1.495123e-02
8.117022e-03
3.309401e-06
3.400357e-03
2.761898e-02
1.501830e-01
1.962224e-02
9.517301e-02
2.476326e-03
6.524373e-02
6.711846e-02
1.815759e-03
1.179172e-01
