2.344066e-02
1.363113e-01
1.152799e-02
6.772134e-02
3.186688e-03
7.063852e-03
2.861412e-03
8.852039e-03
1.254838e-01
4.136088e-03
1.646244e-03
1.261947e-01
7.432155e-02
1.956009e-02
5.552253e-02
3.128044e-02
3.267726e-04
8.526419e-04
2.700837e-02
2.033338e-04
3.688713e-01
9.475027e-02
3.313209e-02
2.191239e-03
6.488109e-02
1.555873e-01
3.077146e-03
8.559125e-02
7.392677e-02
1.799297e-01
5.052093e-05
3.030038e-02
9.321540e-03
3.690066e-03
9.975771e-02
2.378294e-04
4.445643e-03
6.382515e-04
1.378052e-02
1.423164e-02
6.585057e-03
4.833948e-02
2.494637e-02
2.726123e-02
1.112467e-01
3.198140e-03
3.725373e-03
8.286846e-02
4.099079e-02
2.102801e-01
3.344399e-02
3.820590e-03
1.853678e-02
1.106389e-04
6.310100e-05
7.857166e-02
2.945809e-03
2.297524e-03
4.879620e-05
1.796551e-01
5.834368e-02
8.193477e-02
9.588440e-03
2.843842e-02
5.395048e-02
7.914348e-03
6.241590e-02
2.859393e-02
9.936523e-02
5.868265e-03
5.051259e-02
1.449725e-03
4.194918e-02
8.073044e-02
1.048399e-01
3.520741e-01
7.792170e-02
1.497989e-02
6.504630e-02
2.208385e-03
5.633295e-02
1.327468e-05
5.066031e-02
4.835024e-03
3.378763e-01
3.205669e-06
6.405742e-04
2.099251e-02
1.277884e-01
3.794793e-02
2.106400e-02
2.927958e-03
8.778321e-04
9.838701e-03
6.091032e-02
2.292551e-01
6.896363e-03
3.626558e-02
4.286386e-01
7.510780e-03
2.674866e-06
4.725023e-02
2.233971e-02
6.249568e-02
1.594120e-04
6.660676e-02
1.746299e-01
1.554868e-04
3.689909e-02
6.603613e-02
3.336291e-03
9.476416e-05
2.694300e-02
6.347278e-02
1.948927e-02
1.156394e-01
1.592919e-02
1.947881e-03
1.851558e-01
2.561298e-06
1.560767e-01
8.286118e-02
1.856497e-02
3.471615e-02
1.814647e-02
1.295714e-04
2.426192e-01
7.509282e-03
8.870263e-02
4.141687e-02
3.705176e-02
5.347167e-04
2.579354e-02
8.209372e-03
5.762395e-02
3.325208e-02
8.229733e-02
9.666594e-03
6.917347e-03
8.004233e-02
1.984089e-02
1.081057e-01
2.505837e-02
5.557907e-09
7.851039e-02
1.140640e-01
4.201602e-04
4.927031e-03
3.284213e-01
2.349343e-03
1.338944e-03
9.754676e-03
2.546726e-02
6.179748e-02
2.212445e-03
1.494248e-02
2.707437e-02
2.310526e-03
3.024297e-02
4.556183e-01
1.030632e-01
3.887843e-04
1.458409e-02
1.463441e-02
1.266307e-02
7.103753e-02
8.704580e-08
1.613567e-03
5.606784e-02
7.351897e-02
2.643477e-02
1.989629e-02
1.724725e-02
2.936757e-02
1.806871e-02
8.605083e-02
2.262602e-02
5.944591e-03
7.181927e-03
1.087535e-03
2.035631e-02
2.241699e-02
3.870654e-02
1.120881e-02
1.827804e-02
2.305917e-01
2.352276e-03
1.290485e-01
5.223666e-04
4.207002e-03
1.583300e-01
6.642435e-03
9.373416e-02
6.665745e-03
1.111867e-01
2.837986e-02
7.311747e-03
4.166942e-03
7.293937e-03
1.197340e-02
6.981079e-02
3.873758e-02
4.160030e-03
7.588243e-03
6.598249e-03
5.142828e-03
4.904822e-08
1.100095e-02
9.275242e-03
2.168265e-01
5.043811e-07
1.132984e-01
8.434121e-02
4.182989e-02
1.408279e-01
6.088179e-04
2.320647e-02
1.818882e-02
3.757715e-02
4.256194e-02
3.422001e-02
1.198991e-01
6.221035e-03
3.174292e-02
5.160316e-04
2.491498e-06
7.558156e-03
1.758962e-01
6.841567e-02
2.389040e-01
5.212782e-02
1.392215e-02
9.018974e-02
1.513777e-02
5.572193e-02
2.906960e-04
6.249654e-02
1.210393e-04
2.881614e-03
8.313435e-02
3.725648e-02
3.686861e-03
1.865925e-02
6.304362e-02
2.077164e-02
1.251264e-02
5.315158e-04
1.329387e-01
8.651931e-02
4.965314e-02
1.623348e-02
6.604100e-03
3.120771e-02
2.466144e-02
4.197794e-02
2.106643e-02
2.535228e-01
5.893609e-02
8.013163e-02
4.312774e-02
1.352112e-03
1.682685e-02
2.124968e-02
7.080508e-02
7.237943e-02
3.107205e-02
1.321203e-01
5.442077e-02
8.583379e-04
4.338132e-03
4.744901e-01
1.275186e-03
2.319610e-01
5.373111e-03
1.358836e-02
4.806928e-02
8.002402e-02
3.417789e-02
8.668161e-05
2.427580e-02
7.823550e-04
6.750325e-03
2.429243e-01
3.621157e-03
8.909609e-02
2.336106e-02
8.313785e-04
8.149229e-03
1.570496e-01
4.594729e-02
7.124350e-02
3.972612e-03
3.503921e-01
1.492465e-02
5.871598e-02
4.057028e-02
2.627079e-01
1.502095e-01
1.080823e-04
3.182520e-02
1.960138e-03
7.630635e-03
9.452703e-03
2.425009e-06
2.431868e-02
2.439089e-03
3.670660e-01
3.221310e-02
3.702857e-02
1.555352e-02
2.124494e-02
3.618305e-04
1.343582e-03
3.372606e-05
3.677972e-03
1.474737e-01
4.963535e-03
3.164600e-02
2.479743e-02
6.444338e-02
1.991923e-02
3.036933e-02
1.636317e-03
2.892471e-04
7.776738e-02
2.240557e-04
1.276127e-02
8.788872e-04
7.592499e-02
7.690600e-02
3.839726e-02
1.966742e-02
1.925739e-02
1.274983e-02
6.288948e-02
3.226671e-02
1.081235e-05
2.397225e-02
1.203615e-02
1.470865e-02
3.543495e-01
1.459006e-01
6.162304e-02
2.178987e-01
3.697023e-03
5.120728e-02
1.482571e-02
3.300984e-03
7.237400e-02
3.182049e-03
1.824536e-01
3.039098e-04
3.781935e-02
1.133741e-02
7.989219e-06
6.021165e-03
9.729202e-02
9.804601e-02
1.522570e-03
6.779175e-03
2.105148e-02
5.433727e-02
1.171167e-02
1.614207e-01
9.354245e-02
3.525847e-04
3.992216e-02
1.153896e-01
1.813670e-01
1.600980e-02
2.085500e-03
9.776586e-02
9.170295e-03
5.633515e-02
5.526813e-03
7.913433e-02
9.944535e-02
8.287517e-02
9.783768e-02
8.853916e-04
8.433393e-03
7.048826e-02
6.171777e-02
3.631971e-02
1.845848e-02
7.296760e-02
1.663281e-03
1.916665e-02
4.576292e-02
1.314280e-01
2.627929e-04
3.806967e-04
2.440008e-02
3.420156e-03
1.294408e-01
2.386581e-02
3.817894e-02
2.134222e-03
1.405250e-02
1.562356e-01
4.725201e-02
5.862466e-03
1.178007e-02
8.730039e-03
5.359059e-02
9.254399e-02
3.693471e-03
4.498552e-01
4.396826e-02
6.660129e-02
1.342560e-02
7.198949e-02
2.658192e-01
2.784401e-02
1.072431e-02
8.477945e-03
2.522625e-03
5.149822e-03
1.884665e-02
1.935859e-02
4.617630e-02
9.662501e-02
1.055138e-02
7.995803e-03
4.045726e-02
2.676114e-02
2.659893e-02
8.967505e-02
1.396777e-02
6.029389e-02
2.701793e-02
2.808480e-01
6.797599e-03
9.944745e-03
5.507631e-03
1.438412e-01
3.751201e-02
5.778698e-02
8.037514e-02
1.223606e-03
8.810499e-03
4.260661e-02
2.945511e-02
4.091684e-02
5.106519e-04
1.318909e-01
6.386195e-03
4.390521e-03
1.057559e-02
3.844606e-02
5.155484e-03
1.049839e-02
1.892204e-01
5.277490e-02
8.418863e-02
3.465119e-03
4.037174e-02
4.049815e-02
1.047587e-02
1.329845e-02
8.482600e-02
4.474788e-03
1.029420e-01
1.259177e-02
2.901548e-02
8.733303e-02
1.785483e-02
9.526991e-02
1.300582e-02
1.269997e-03
9.509320e-03
4.770933e-01
2.567505e-03
7.120632e-02
1.213027e-01
5.568443e-03
4.755617e-02
1.225487e-03
4.303241e-02
1.131180e-01
5.244875e-02
1.054183e-02
6.241130e-03
9.115356e-02
1.159187e-01
6.380838e-03
1.347227e-02
1.803345e-02
1.450354e-04
3.256965e-01
1.915564e-02
1.965931e-01
2.631564e-03
4.481522e-02
4.495211e-02
2.683504e-04
5.939740e-02
5.213403e-02
5.130960e-02
2.876642e-02
2.425438e-02
1.819401e-02
1.124810e-01
2.574542e-02
5.082427e-02
1.972632e-04
1.722954e-02
1.896369e+00
6.426567e-03
5.869521e-03
1.699537e-02
5.717014e-02
4.937900e-02
2.752981e-02
4.212647e-03
1.402345e-02
1.336941e-01
3.201481e-01
7.561935e-03
9.219836e-02
9.229845e-04
3.047514e-02
7.984020e-03
8.164028e-02
8.440507e-03
6.603987e-02
6.664347e-02
5.749642e-02
1.165714e-01
3.855085e-03
1.205045e-03
7.941549e-02
3.854387e-02
5.267872e-02
6.729565e-03
8.944931e-03
8.587202e-04
3.652899e-02
1.286520e-01
1.886256e-01
4.309204e-01
1.241662e-02
1.139575e-03
7.697443e-05
1.115688e-02
3.013062e-06
3.274102e-02
1.801815e-01
2.294509e-02
9.973678e-02
5.367866e-02
7.449098e-02
1.414356e-02
3.245814e-02
1.889070e-02
6.667834e-03
4.636957e-03
5.460928e-02
4.671035e-02
2.972765e-02
3.303153e-04
2.101890e-04
8.430489e-04
8.320807e-03
4.195932e-04
2.315105e-05
3.535126e-03
8.477516e-03
3.950740e-03
6.172731e-03
1.887741e-02
2.856467e-03
1.154719e-02
9.433514e-02
7.164496e-02
4.228134e-02
4.655156e-04
3.990815e-02
1.214855e-02
3.673822e-03
1.231265e-03
2.037013e-03
3.622779e-02
6.481847e-05
6.472648e-02
6.689749e-03
2.049398e-02
4.309490e-02
5.000329e-02
7.862533e-03
1.137637e-02
3.881166e-02
3.180061e-01
7.282622e-02
