2.230318e-02
9.523912e-04
6.662237e-02
1.065371e-02
1.057884e-02
6.051004e-04
1.836595e-01
3.612639e-02
2.451779e-02
7.824095e-03
2.815620e-01
8.825927e-02
3.397401e-02
1.056109e-03
8.743949e-02
1.825351e-03
1.754155e-03
6.551788e-02
4.530822e-03
9.490587e-03
1.063502e-02
6.291684e-02
3.189221e-02
1.555317e-02
3.941736e-03
9.330045e-02
3.094863e-02
2.551949e-02
1.399048e-03
3.593223e-02
1.125904e-02
1.985653e-03
9.105904e-02
2.961604e-02
7.451089e-02
2.843548e-03
9.329840e-03
1.047065e-01
7.792418e-02
9.121634e-04
3.130877e-02
2.477299e-02
3.347756e-01
1.064725e-01
2.636723e-01
6.974099e-05
1.715646e-04
2.647783e-01
1.196021e-01
8.585562e-02
2.925775e-02
3.253558e-03
2.991648e-02
1.720597e-01
1.610878e-02
6.091916e-02
2.184391e-02
5.759785e-02
1.249526e-01
2.893994e-02
5.593475e-02
4.826508e-02
5.762636e-02
2.115097e-03
2.846579e-01
1.430468e-01
2.666068e-02
3.085569e-03
3.338125e-02
7.534893e-03
8.753916e-02
4.131486e-02
5.687179e-03
3.358345e-02
1.413660e-01
2.785546e-04
9.604835e-03
3.346417e-03
5.580069e-02
1.688080e-04
6.394081e-02
7.918589e-03
3.695115e-01
1.511704e-03
7.132279e-04
1.142178e-01
3.327193e-01
1.445404e-02
6.811480e-02
3.007572e-02
1.984156e-03
3.803622e-03
1.693829e-02
5.561757e-03
4.447687e-04
1.588026e-01
4.820831e-03
4.606791e-02
1.082191e-02
1.590653e-01
4.778746e-02
6.449013e-03
1.358651e-02
2.146175e-02
1.007609e-01
2.808356e-01
6.150542e-02
4.122533e-03
4.857790e-02
2.866396e-02
7.446314e-02
4.336598e-01
7.874096e-02
2.465708e-04
2.430812e-01
1.162761e-01
1.025951e-03
1.042802e-02
2.505025e-01
4.143423e-01
1.685851e-01
8.935935e-02
3.301658e-02
7.044259e-02
3.453245e-02
2.166809e-02
7.713190e-03
2.326970e-03
1.460543e-02
1.630176e-02
1.776987e-02
2.389654e-03
8.766778e-02
5.169544e-04
5.278898e-03
4.355118e-02
3.202535e-02
1.994819e-02
1.652540e-02
1.531016e-01
1.257046e-02
4.550339e-02
1.816322e-04
1.083202e-01
3.996730e-02
6.020733e-02
2.054622e-01
5.431531e-02
1.407288e-01
3.216801e-01
3.648375e-02
6.834520e-03
3.901445e-03
1.086280e-02
1.278573e-01
2.723740e-02
2.612404e-02
9.449588e-03
3.323423e-03
9.148453e-01
2.234943e-02
1.922639e-01
2.464573e-02
2.655479e-01
9.242272e-02
4.256111e-01
4.139766e-03
1.337692e-01
4.244913e-02
4.735168e-04
1.088657e-02
2.333586e-02
1.971207e-01
3.300346e-02
2.988329e-02
1.119283e-01
2.761714e-05
1.104120e-01
3.017501e-02
1.556252e-01
1.469182e-01
1.324686e-02
1.375568e-03
7.525569e-02
7.930827e-02
2.752489e-02
3.526021e-03
3.128796e-02
1.084522e-02
4.771603e-02
1.071826e-01
4.663243e-02
3.101245e-02
1.394865e-01
4.538577e-04
1.000051e-05
4.555041e-02
1.093635e-02
1.313619e-01
1.463324e-02
2.706556e-03
3.615926e-03
1.344075e-02
3.763768e-02
5.405835e-05
1.438453e-02
8.751684e-02
1.241741e-01
1.468101e-02
1.359392e-02
1.836040e-03
2.516206e-02
8.432351e-02
5.983478e-05
1.322065e-02
5.318025e-02
6.164968e-02
1.994737e-02
1.074315e-02
3.923678e-02
3.625720e-02
7.562761e-02
3.839012e-02
1.242683e-01
1.137679e-01
1.274151e-03
5.446209e-03
1.516880e-01
1.795517e-02
2.281552e-03
9.464423e-06
9.772659e-03
1.087253e-01
2.394508e-02
1.277461e-02
4.685764e-06
5.215721e-02
2.492112e-04
1.183360e-02
2.221854e-02
1.172843e-01
2.838433e-04
9.757088e-02
5.006725e-02
2.105960e-01
2.419970e-02
9.112497e-03
3.246743e-05
3.267201e-04
7.416928e-02
2.104010e-03
1.031346e-01
1.949802e-02
1.317009e-02
3.912606e-03
1.007569e-01
7.294490e-02
3.599191e-02
4.767086e-02
2.413918e-01
8.077391e-01
2.240398e-03
5.558442e-03
3.786134e-02
4.635972e-02
1.533473e-02
1.418749e-02
1.433479e-02
2.223802e-02
1.176057e-03
1.941443e-01
3.164892e-02
1.957767e-03
5.808401e-02
1.158280e-02
4.432132e-02
7.502232e-02
1.443800e-02
2.512705e-02
6.212127e-04
1.732756e-03
4.194056e-02
4.458501e-02
3.541036e-03
7.279695e-02
3.150792e-03
1.355668e-01
2.859429e-03
3.326822e-02
2.047132e-04
9.708090e-02
6.637266e-02
5.905722e-02
1.056906e-02
8.559547e-03
7.518656e-03
3.322976e-04
5.291442e-02
5.170019e-03
1.118948e-01
2.181098e-04
2.364057e-03
1.068776e-01
1.654701e-02
6.649155e-02
1.951024e-02
6.450897e-02
2.449731e-03
6.892511e-03
1.196409e-02
1.190695e-03
7.659984e-02
6.245567e-03
7.351967e-02
2.983041e-02
8.395065e-02
1.167792e-02
2.866124e-04
3.481457e-03
1.144631e-03
2.195646e-03
8.019591e-03
1.311691e-01
5.691203e-03
1.203320e-02
2.665796e-03
1.258435e-04
5.287112e-02
1.378848e-03
9.095052e-02
1.218524e-02
3.349384e-04
1.839777e-02
1.097607e-02
9.889990e-03
4.806586e-03
1.813514e-01
1.557771e-02
2.681434e-02
5.447865e-03
2.635663e-02
3.746292e-02
6.608712e-02
1.077838e-01
1.517688e-02
4.249291e-02
6.010293e-02
9.984187e-02
1.625024e-02
5.882508e-02
6.422096e-02
1.122061e-01
4.756954e-02
2.758299e-02
1.161029e-03
2.277191e-02
6.775243e-02
4.985505e-04
1.735850e-02
1.728829e-02
2.545196e-03
8.121556e-03
8.410827e-02
8.628308e-04
3.744683e-02
3.564043e-02
1.912957e-02
3.634035e-01
2.451314e-02
2.926415e-02
2.261374e-04
1.167377e-02
7.002213e-02
1.068599e-01
1.087005e-03
1.618614e-05
1.145226e-01
4.877127e-03
1.960614e-05
2.949332e-02
1.372192e-01
2.180935e-04
6.994899e-03
3.682433e-01
3.550875e-01
9.538550e-02
1.322237e-01
1.803095e-02
2.947609e-04
7.390324e-03
2.578288e-03
4.342486e-02
3.656284e-03
4.082824e-03
7.993876e-02
4.827418e-03
1.484385e-03
8.563921e-03
2.311814e-01
1.825014e-02
3.536265e-01
2.400349e-01
2.417109e-03
7.748020e-03
2.366124e-02
9.939285e-02
3.174178e-02
1.574359e-02
8.155498e-02
1.289982e-02
6.886179e-02
1.300471e-01
1.874659e-03
1.357208e-01
4.208787e-03
1.039438e-01
1.372933e-01
1.114503e-02
1.608761e-02
4.980703e-02
2.147358e-02
1.633819e-01
7.833306e-02
2.955467e-03
4.317431e-04
1.596030e-02
5.838379e-02
6.737469e-03
7.370090e-02
1.241563e-01
2.619815e-03
9.300444e-02
3.984203e-02
2.197822e-03
2.516854e-02
1.081699e-02
9.094891e-02
1.935625e-01
1.449817e-01
1.878759e-03
2.458889e-02
6.613718e-02
2.476271e-02
1.431609e-01
1.394061e-03
9.596837e-02
1.065520e-01
8.858235e-02
1.246725e-01
6.062734e-02
3.669353e-02
1.568546e-03
3.040850e-02
1.818231e-01
1.723439e-02
7.721061e-02
1.165788e-01
5.214544e-07
1.699807e-03
2.426699e-02
1.323110e-02
2.134655e-01
1.337388e-01
3.255261e-02
1.070048e-01
5.499021e-04
1.079939e-01
1.393500e-02
1.145855e-04
2.985306e-07
1.586815e-03
1.276484e+00
5.536554e-01
1.628904e-03
2.404458e-04
2.798642e-01
1.043925e-01
4.068141e-03
1.141714e-02
7.292537e-02
6.922126e-02
3.343359e-02
1.228575e-02
2.544793e-03
7.900562e-06
1.394840e-03
3.378818e-04
8.161825e-02
1.588528e-03
1.584591e-01
1.003630e-02
4.361869e-03
3.248259e-02
2.514952e-04
2.646875e-02
3.855440e-01
3.774929e-03
3.796690e-02
5.821953e-02
2.351692e-02
1.710205e-01
6.773717e-02
9.638178e-02
1.809896e-01
4.130248e-02
5.385470e-03
4.320642e-04
7.402703e-02
1.471118e-01
1.025979e-02
2.068195e-02
5.887317e-02
4.846923e-02
1.334050e-04
2.759816e-01
3.989172e-02
2.306543e-02
2.737570e-03
2.908276e-03
6.255128e-02
1.655279e-02
9.136547e-03
1.811663e-03
4.157605e-01
1.016318e-02
1.426502e-02
4.208443e-04
2.536524e-02
5.043815e-02
8.310367e-03
1.647556e-01
1.098672e-03
1.149022e-01
2.608532e-02
9.510369e-02
4.322559e-04
2.322568e-01
7.422764e-04
1.110406e-02
4.309946e-02
4.066065e-01
1.334337e-01
1.002754e-01
6.664591e-03
1.288167e-01
3.058581e-01
1.054525e-07
1.426844e-01
4.153195e-01
2.347162e-05
2.323909e-02
6.325364e-02
1.346949e-02
5.640378e-02
4.471713e-03
1.400246e-01
6.727833e-03
5.216066e-02
1.427041e-01
8.384674e-03
4.070406e-02
6.109144e-02
6.698793e-02
1.038060e-02
1.131702e-02
2.033255e-01
3.833593e-02
1.072882e-02
8.915234e-03
1.454640e-01
2.401180e-02
7.346328e-03
9.048775e-02
9.040406e-03
6.411261e-03
1.529087e-03
4.061022e-03
9.669827e-02
3.974723e-02
2.334879e-03
1.210085e-01
1.396676e-01
8.652049e-02
4.081014e-02
3.544753e-01
5.391181e-02
3.823958e-02
7.383774e-03
2.903682e-02
4.328565e-02
1.726507e-01
1.394638e-02
2.094333e-02
5.628598e-02
