8.955322e-02
4.009937e-03
1.318234e-02
2.188168e-02
7.880392e-02
2.372554e-01
8.420413e-03
3.468561e-03
1.189313e-01
2.343306e-03
3.349219e-02
2.256982e-02
1.651373e-01
2.684433e-02
1.545921e-01
3.147916e-02
6.407233e-03
5.792417e-05
2.541952e-02
5.977089e-02
3.084082e-02
2.616250e-04
5.329300e-02
6.252806e-02
2.804662e-02
2.852687e-06
1.857407e-02
4.861245e-02
5.664529e-03
4.345072e-02
1.377231e-03
8.509117e-04
7.926850e-05
4.194503e-05
6.055619e-03
4.846002e-02
1.748163e-02
9.631125e-02
5.845409e-02
6.742600e-03
1.885725e-03
1.525273e-02
2.430940e-01
1.308523e-01
1.384568e-01
1.567112e-01
4.040282e-01
4.615479e-02
8.573206e-02
5.257394e-02
6.438975e-02
2.526275e-03
1.388088e-02
2.384846e-02
8.519148e-02
2.662689e-02
4.368010e-04
3.590044e-02
3.091468e-02
1.459183e-01
1.712402e-01
2.016010e-03
7.371351e-03
3.515962e-04
1.204696e-02
5.802623e-02
2.105183e-02
1.705472e-01
1.431674e-01
1.484749e-02
3.465785e-02
1.303789e-01
2.852942e-05
1.359906e-02
1.028389e-04
7.162156e-03
5.568620e-02
1.633519e-02
1.965156e-04
2.549980e-01
7.641271e-03
6.675059e-06
1.462791e-02
1.184100e-01
1.380488e-02
6.148385e-03
5.332850e-02
2.465598e-02
9.185256e-07
8.912283e-04
2.541151e-03
1.337827e-02
6.355827e-02
4.508709e-02
2.297519e-03
6.260274e-03
5.985480e-02
3.376372e-02
1.351211e-01
2.136677e-03
3.133772e-02
3.211311e-05
1.104104e-01
2.230213e-02
1.515113e-02
1.871655e-01
8.737513e-02
1.560265e-01
1.336382e-01
9.681685e-02
5.321071e-04
5.605257e-02
8.945104e-02
1.053173e-02
3.611005e-03
6.782660e-05
9.254825e-04
3.666618e-02
1.193977e-03
3.722321e-02
6.314819e-03
9.587631e-02
4.772259e-05
4.402028e-02
4.138915e-02
1.434731e-02
1.952923e-03
1.498463e-02
3.325183e-02
7.723444e-02
1.043115e-03
2.213315e-02
1.144295e-02
1.551030e-03
1.531619e-02
3.732503e-03
1.281825e-01
8.548324e-02
6.782925e-02
1.685865e-02
5.470237e-04
1.273566e-02
4.296265e-03
3.812483e-01
5.163309e-02
1.441525e-01
5.172306e-04
1.416021e-02
2.497865e-02
2.652515e-02
1.896998e-02
1.472404e-01
2.895910e-01
2.922881e-03
2.880053e-02
2.020083e-02
1.655917e-01
1.709828e-03
6.454963e-02
1.391227e-01
2.708580e-02
4.099285e-03
1.371282e-01
3.086464e-02
1.074221e-03
3.365302e-03
5.634500e-02
1.354810e-01
3.157296e-01
1.483441e-02
1.177961e-02
7.726814e-02
2.887832e-06
7.743864e-03
1.923471e-02
1.727166e-02
6.554047e-03
6.382256e-02
6.762634e-02
6.279163e-02
2.712586e-02
4.359815e-02
8.198441e-03
8.704113e-03
2.092859e-02
5.569047e-02
2.514317e-02
1.556906e-01
1.324915e-01
8.112043e-03
4.836966e-03
4.706198e-02
1.227251e-02
6.495325e-03
1.185970e-01
9.828419e-03
3.770591e-02
2.914293e-02
7.161468e-02
1.553661e-03
8.211547e-04
2.568549e-03
1.589750e-07
1.027249e-02
1.163360e-03
7.112462e-02
2.949004e-03
2.563014e-03
2.063197e-03
3.995868e-02
2.568522e-02
9.884689e-02
5.945861e-02
1.411709e-01
1.448273e-02
1.043360e-01
1.231844e-01
3.943076e-02
3.454164e-03
8.684919e-02
2.206741e-01
1.281443e-02
1.426939e-03
5.897302e-03
1.850504e-02
3.482548e-02
8.798437e-04
2.039941e-01
8.039364e-02
1.030761e-02
4.255824e-02
2.059585e-01
1.316227e-04
7.692970e-02
2.356999e-02
4.463342e-02
1.134473e-03
1.684793e-02
1.328631e-02
1.709519e-03
3.175121e-01
1.714929e-01
1.120365e-02
9.384038e-02
1.077607e-01
1.706671e-02
1.837018e-01
1.658541e-02
5.464108e-03
1.568416e-02
7.233486e-02
6.476302e-02
5.017671e-02
2.683393e-02
3.991237e-04
5.548940e-02
4.531213e-02
2.325141e-01
3.458948e-02
3.134569e-02
3.778287e-03
1.742704e-02
1.709055e-01
4.005969e-02
6.763829e-02
1.704935e-02
1.560162e-01
8.302999e-04
7.262900e-03
2.983962e-02
1.682937e-02
2.277771e-03
3.919343e-01
2.319917e-02
1.271574e-01
1.214905e-01
1.793253e-02
3.124367e-04
1.394098e-04
5.076571e-03
3.030440e-02
1.746926e-03
1.143371e-02
1.676678e-02
4.690895e-01
2.950169e-03
1.509100e-01
5.152796e-05
2.714247e-02
8.495511e-05
4.937072e-02
1.515008e-02
1.903465e-05
9.856301e-02
1.697730e-02
5.615051e-02
2.934402e-01
1.018838e-03
4.001023e-03
2.405457e-01
1.769441e-01
1.351549e-01
6.398076e-02
9.464818e-03
3.615226e-04
1.543466e-01
1.614526e-01
5.143781e-02
1.618460e-01
1.473699e-04
3.659543e-02
6.114067e-02
1.575134e-02
5.892294e-02
4.821884e-04
1.239801e-01
4.866745e-02
4.761945e-02
1.111629e-02
3.591092e-03
2.573279e-03
7.341584e-02
2.005801e-02
4.295696e-02
3.358596e-03
2.932849e-02
1.587017e-02
1.954919e-02
1.282155e-01
9.518219e-03
1.322199e-01
1.462601e-02
4.876083e-02
7.412751e-03
4.733080e-02
2.921105e-03
1.564924e-03
1.216792e-01
1.660319e-02
2.250362e-02
1.362567e-01
4.069157e-03
7.376435e-04
1.463628e-03
1.480702e-01
2.981227e-02
4.473958e-02
2.886994e-02
2.183498e-01
1.290831e-02
5.748598e-03
1.304364e-02
3.452339e-04
3.542997e-02
1.309439e-02
6.394742e-02
7.975283e-02
1.264522e-02
2.781632e-03
3.293840e-02
5.736101e-02
2.872561e-02
7.831034e-03
2.133923e-03
8.565182e-04
5.244321e-02
2.585646e-01
3.572348e-02
1.550326e-02
8.562491e-02
6.228213e-03
1.157230e-01
5.351198e-04
9.137850e-02
1.716828e-02
9.966621e-02
1.341875e-01
9.489639e-02
1.879653e-03
1.837931e-02
2.759899e-01
2.181009e-03
5.899232e-03
5.265427e-02
5.989618e-03
5.257556e-04
2.136676e-02
2.949879e-01
1.001422e-01
2.424895e-02
7.238304e-02
1.144938e-02
3.050117e-01
3.045890e-03
5.031626e-02
4.871265e-02
1.613615e-01
5.475673e-04
6.631274e-07
1.880794e-03
3.083674e-02
1.954077e-01
6.443910e-02
4.797623e-02
4.617579e-02
6.635164e-03
3.290101e-03
8.088671e-03
7.568118e-02
8.228538e-02
1.666224e-02
2.723015e-02
1.228964e-03
3.524661e-03
2.467264e-02
5.791300e-03
3.440233e-02
2.064570e-02
1.133949e-01
7.187815e-03
1.438250e-03
2.380290e-03
8.205418e-02
7.460053e-03
5.017915e-02
5.298084e-02
3.857272e-03
6.836868e-03
2.224892e-03
1.474245e-03
2.790846e-02
3.020398e-02
7.667643e-02
6.381322e-02
1.143158e-03
4.696874e-03
7.552126e-03
6.001516e-04
1.553996e-02
4.316932e-05
7.806891e-02
5.139752e-02
1.216778e-01
1.923459e-02
9.177644e-02
4.115616e-02
2.171261e-02
4.147210e-03
4.635203e-04
1.091520e-01
1.955637e-02
2.832767e-02
6.234302e-02
1.291289e-02
2.386104e-04
1.260703e-02
8.272948e-02
1.306925e-03
3.158163e-02
1.109990e-04
4.479937e-02
1.726711e-02
4.982485e-04
3.461468e-03
5.958328e-02
2.246242e-04
6.233952e-03
8.481462e-04
9.404621e-02
2.875349e-02
1.215682e-01
9.170493e-01
2.749778e-02
1.089204e-02
1.059705e-01
1.008077e-02
3.398787e-02
2.199637e-02
5.582001e-03
2.292505e-02
3.437704e-02
1.059795e-02
1.190201e-01
3.020262e-02
6.543147e-02
2.760223e-02
9.959301e-03
7.034700e-02
4.554359e-02
1.152088e-01
1.527993e-02
1.121594e-01
5.776785e-03
5.862646e-06
2.719510e-02
1.174264e-03
3.262644e-03
3.473224e-03
2.018886e-01
1.186415e-01
1.614830e-02
2.589479e-02
5.267153e-03
5.950845e-04
2.912384e-02
7.489080e-03
6.678461e-02
2.757290e-03
5.560130e-02
3.166676e-03
6.680995e-03
1.661678e-01
7.744692e-03
9.734687e-02
4.070603e-03
9.304541e-03
1.273217e-01
1.485765e-02
4.316715e-02
4.569207e-05
7.131881e-02
3.047321e-02
6.678367e-03
2.675097e-02
4.526406e-02
2.430403e-02
1.329491e-02
6.944996e-02
1.236963e-01
6.854870e-02
2.105678e-01
1.138538e-03
1.311038e-02
7.352764e-04
5.085619e-02
3.188172e-03
1.669967e-04
3.951550e-02
9.009378e-03
3.333233e-02
3.467181e-01
4.105776e-03
7.196765e-02
6.592835e-02
1.670947e-02
3.217149e-05
1.621590e-03
3.947012e-03
4.250722e-04
1.662711e-03
1.619538e-02
5.345523e-02
5.903834e-02
7.991254e-03
8.559170e-04
1.265400e-02
1.224806e-02
2.539183e-04
6.877976e-02
1.525977e-01
3.408558e-02
1.313529e-02
3.509255e-02
4.262878e-02
1.375226e-02
1.698581e-02
2.447414e-02
3.890253e-02
7.329824e-02
4.600288e-02
3.957895e-02
1.627132e-01
3.382055e-02
2.327250e-01
1.416621e-02
8.554506e-02
7.113523e-03
9.862441e-02
3.760131e-03
5.440107e-02
1.972099e-01
8.200080e-02
7.459400e-03
1.288779e-02
7.113417e-03
2.292123e-04
7.565604e-02
1.044383e-01
4.457526e-02
2.844137e-01
6.501224e-03
4.075677e-04
9.148840e-03
6.011677e-02
