1.254486e-01
1.052520e-03
5.162997e-03
6.217473e-04
8.888392e-03
2.915089e-03
7.799972e-02
2.579980e-02
5.791344e-03
1.724050e-04
1.481257e-01
5.034635e-02
3.711891e-04
5.447531e-02
1.512877e-01
1.974819e-02
2.712383e-02
4.202741e-02
1.033157e-01
1.746203e-01
1.332168e-01
1.130150e-02
8.460630e-02
5.129146e-02
3.891374e-03
9.219983e-03
1.253321e-01
6.865769e-02
8.644834e-02
1.129018e-03
2.538057e-04
1.489642e-05
7.264598e-02
6.737357e-02
1.125850e-03
9.828873e-03
6.315745e-02
5.328158e-04
4.933806e-02
1.637421e-01
6.077555e-02
3.618490e-04
3.533381e-03
2.840589e-02
8.217057e-02
5.316853e-02
1.458286e-02
2.131671e-01
1.181977e-01
8.744357e-02
2.317777e-01
2.075432e-01
9.927635e-02
9.850830e-03
1.256561e-02
2.404323e-02
3.191826e-06
5.343598e-03
2.260505e-02
6.182198e-02
3.101217e-01
1.164648e-01
1.792141e-01
1.215694e-03
4.925905e-02
4.384959e-02
4.776078e-03
1.221583e-04
1.797597e-01
2.688871e-03
2.432523e-02
7.181484e-03
8.544498e-03
6.329899e-03
1.751166e-03
1.078304e-02
5.170505e-04
4.758600e-02
9.257042e-02
6.199611e-03
1.479953e-03
1.550366e-02
2.595298e-02
3.273353e-01
1.207540e-01
1.783205e-02
1.431203e-01
4.682165e-04
1.297247e-02
7.886094e-05
1.215862e-01
5.047594e-03
1.951793e-02
3.451070e-02
6.787208e-02
9.622951e-02
5.637404e-02
3.294311e-02
2.638939e-02
2.702467e-01
1.155778e-03
3.167329e-02
2.586742e-01
5.895913e-04
6.683967e-02
1.401448e-03
5.227696e-02
6.132468e-02
5.489691e-02
6.980909e-03
4.009726e-02
7.819745e-02
9.168659e-02
2.127165e-03
1.069675e-02
3.124622e-02
9.211564e-02
1.419620e-01
2.619776e-02
3.957989e-03
3.534138e-05
1.287133e-01
2.796296e-04
7.587061e-02
2.124980e-01
9.365090e-03
3.159466e-02
2.632946e-02
1.785049e-02
4.998722e-02
2.201363e-04
3.106258e-02
2.983996e-02
1.631122e-03
4.657172e-01
1.151763e-02
5.374100e-02
6.424779e-03
2.665399e-01
1.244725e-01
3.481929e-02
8.374485e-02
6.148699e-03
5.415991e-02
3.368870e-02
7.795104e-04
1.201340e-01
8.552917e-04
1.374249e-03
5.749868e-02
5.026415e-02
1.058117e-02
1.954353e-01
3.304858e-02
4.555573e-02
1.729659e-02
5.881861e-03
3.321457e-02
9.087896e-02
6.697758e-02
1.556802e-02
8.276699e-02
9.744013e-02
2.410552e-02
2.548580e-05
3.234454e-04
1.146143e-01
5.843380e-03
3.760802e-03
3.012918e-04
1.868366e-02
8.116117e-02
7.786616e-02
7.068408e-02
4.724489e-02
1.264416e-01
1.457021e-01
1.002349e-01
8.000935e-02
1.503296e-02
3.398511e-02
7.360571e-03
3.833917e-03
7.739785e-02
1.209589e-03
1.086316e-02
4.049765e-03
4.276885e-03
2.484353e-03
5.713748e-02
1.063225e-02
2.507876e-02
1.127623e-01
1.831649e-01
7.196862e-03
8.046488e-02
4.403594e-02
4.744485e-03
1.059759e-02
9.698232e-03
7.786174e-03
3.118174e-03
5.165507e-02
9.171285e-03
2.804242e-02
1.553884e-02
4.933223e-02
2.929562e-02
6.998964e-03
1.667947e-01
9.866740e-02
1.387411e-02
2.748563e-03
6.319436e-03
6.363063e-03
4.704909e-03
3.711451e-03
3.212312e-01
8.096677e-02
3.051504e-01
5.311285e-03
1.591376e-01
2.039346e-02
6.787473e-03
2.139220e-01
1.015879e-01
8.126718e-03
2.059520e-02
4.622517e-03
3.545240e-01
9.142613e-02
4.467925e-02
1.749763e-02
5.365177e-02
2.065291e-02
1.015104e-01
1.973787e-01
2.174324e-01
7.312054e-03
1.041935e-03
3.854714e-03
1.862103e-02
1.597281e-02
2.307412e-03
1.010376e-01
2.554121e-02
5.584187e-02
1.731714e-02
4.432447e-02
1.972507e-04
6.404443e-02
7.728174e-04
3.100134e-04
1.579467e-02
8.099584e-02
1.064454e-01
8.304967e-02
1.727520e-01
1.726503e-04
2.025041e-02
2.671286e-01
4.435317e-02
3.505390e-02
1.959044e-02
1.090631e-01
1.688965e-02
3.343288e-02
5.522519e-03
4.815722e-02
3.221937e-01
2.088763e-02
2.060465e-01
4.504153e-01
4.332910e-03
1.125170e-01
1.717059e-02
1.922287e-01
2.331301e-02
1.622042e-02
1.714392e-02
6.200696e-02
8.910865e-02
1.729317e-03
9.738848e-02
8.287338e-04
3.615913e-02
2.911640e-02
4.576075e-02
6.985522e-02
3.220525e-02
3.323856e-02
7.952334e-05
2.068673e-02
1.671012e-01
1.229869e-03
7.295479e-02
5.917580e-02
2.091394e-02
1.929275e-03
4.925711e-02
8.243153e-02
1.602527e-03
1.920285e-03
3.899061e-02
1.355650e-02
4.038041e-02
2.311602e-02
4.772841e-02
2.889157e-02
8.832112e-03
2.349629e-01
8.551660e-03
1.724207e-01
9.246876e-03
2.054087e-02
1.068206e-01
9.624011e-02
4.539599e-02
2.053861e-02
2.375454e-02
1.279666e-01
5.270416e-02
8.831124e-02
2.560411e-02
1.646323e-05
3.340325e-03
5.396249e-02
8.987819e-02
5.707465e-02
3.114475e-02
2.746139e-04
9.032197e-05
1.347205e-02
3.653618e-03
2.163293e-02
2.841755e-02
6.821163e-02
5.712340e-03
1.757352e-02
4.306737e-05
2.868940e-02
6.361317e-04
9.057540e-04
1.733746e-02
3.138929e-02
4.222591e-04
1.670049e-01
1.733440e-02
3.044155e-01
5.536829e-02
2.743728e-02
2.924683e-01
1.181718e-02
1.932711e-03
1.830146e-02
5.101938e-03
3.273506e-02
3.352589e-02
2.998290e-04
2.217472e-02
1.099555e-02
4.059641e-04
2.134896e-02
4.751901e-02
1.379711e-02
7.592642e-06
9.289886e-02
9.369147e-02
1.931031e-02
1.123617e-01
9.304105e-03
1.460812e-02
1.738054e-02
3.561946e-02
2.886985e-02
4.129473e-03
7.974040e-02
1.119390e-01
1.779392e-01
5.446244e-02
1.766815e-03
1.357952e-02
2.185740e-03
4.862796e-03
2.016081e-01
5.095000e-02
2.980527e-02
2.084446e-02
7.925097e-03
5.190699e-04
5.232014e-02
4.254201e-02
4.503486e-02
1.306443e-02
5.684717e-02
7.940865e-02
3.787491e-02
1.973415e-01
4.876873e-02
1.963087e-04
2.564953e-05
2.773513e-02
1.313364e-02
5.878759e-03
3.731672e-02
1.949000e-03
2.749855e-02
3.317431e-03
2.265791e-03
8.517921e-02
6.227709e-02
1.202669e-02
3.236926e-01
1.408068e-03
7.653787e-02
1.053541e-02
9.504870e-02
1.868612e-01
5.576817e-03
5.893843e-05
1.054183e-01
1.664611e-02
7.443059e-02
1.274329e-02
1.194684e-03
1.182826e-02
2.282066e-02
2.785271e-04
7.150219e-02
1.983128e-02
1.411363e-02
7.160226e-02
8.244373e-04
9.242119e-02
7.083668e-02
1.370186e-01
8.685759e-03
1.696363e-05
6.637566e-03
3.112076e-02
6.904380e-03
7.834688e-02
3.091058e-02
2.537170e-01
1.069277e-01
7.390628e-02
1.332556e-02
1.640071e-03
2.259330e-04
2.214399e-01
8.837591e-03
1.647746e-02
2.225110e-04
4.872620e-04
1.575791e-04
4.084652e-02
8.426481e-02
8.344365e-03
7.850923e-02
1.567576e-02
1.102472e-01
1.352663e-02
1.806483e-01
4.033968e-02
5.186473e-02
6.404605e-03
2.193795e-01
1.526844e-01
4.273357e-01
9.672234e-02
7.080410e-02
2.907007e-02
6.073705e-03
1.864163e-01
8.413735e-03
7.853414e-03
2.044886e-02
4.157622e-03
6.558995e-02
2.559914e-04
5.006656e-02
2.535555e-04
6.211777e-02
9.249547e-02
2.974759e-01
2.367038e-01
1.666326e-01
2.213381e-01
8.297459e-06
5.066822e-02
1.296098e-03
7.793286e-02
5.731136e-02
8.028617e-03
1.890990e-02
2.071207e-02
2.406993e-02
1.078975e-02
1.669433e-04
8.701949e-02
7.054683e-02
2.471776e-02
8.553894e-02
1.450718e-05
8.998108e-03
4.183570e-03
8.372647e-03
8.488188e-02
8.762080e-02
4.811404e-02
7.765431e-02
1.939378e-01
6.972450e-02
7.174966e-03
8.298961e-02
1.239572e-03
5.542501e-02
7.376088e-02
3.030261e-02
4.847589e-04
2.370226e-03
1.032487e-02
1.016260e-02
1.836094e-02
1.485840e-03
1.212296e-02
2.448705e-02
4.275778e-07
3.155254e-08
1.991194e-02
7.303162e-03
7.695645e-03
6.086647e-02
2.546969e-03
5.213871e-03
6.308220e-04
2.054637e-03
1.606522e-01
3.506544e-02
2.437325e-03
7.024974e-01
1.569951e-01
5.577418e-02
1.508323e-02
1.394695e-02
1.870071e-03
5.451408e-02
1.563552e-02
8.934127e-03
4.306352e-02
7.736861e-02
4.429261e-04
3.553887e-03
7.174318e-04
3.592402e-02
2.466535e-01
6.354375e-03
1.040201e-01
6.528900e-02
1.917052e-03
2.706132e-02
2.147182e-02
7.205062e-03
1.189282e-01
8.688917e-03
2.043105e-02
1.329976e-02
3.072330e-03
3.508970e-02
2.701099e-02
8.303340e-03
6.796515e-03
5.699826e-02
1.949528e-02
3.224619e-02
9.053933e-02
5.380172e-03
2.798473e-02
3.105790e-01
7.609384e-02
5.698243e-02
7.214914e-03
3.168998e-02
1.677779e-02
4.481802e-02
1.252787e-04
2.725972e-03
1.582202e-02
4.717584e-02
9.150081e-02
2.318975e-03
1.046867e-01
5.239424e-02
6.667244e-03
