1.385850e-02
2.558712e-01
2.135864e-01
4.330525e-02
6.137468e-02
3.295749e-02
2.468158e-04
2.599919e-01
6.079711e-04
1.453381e-01
1.124194e-01
4.057940e-02
2.008160e-03
2.439436e-01
2.140457e-02
7.702828e-02
4.261924e-03
4.125887e-02
7.343211e-02
4.133093e-02
5.870249e-02
2.973960e-04
8.034443e-02
7.981800e-02
3.481523e-01
5.282727e-02
9.121143e-03
2.661704e-03
1.366754e-02
4.927812e-02
3.231765e-02
1.103685e-01
3.410052e-02
3.567391e-02
5.175104e-03
1.133801e-01
1.289289e-02
1.589558e-02
1.831043e-04
1.279761e-03
4.974572e-03
1.969714e-02
1.049635e-01
4.967059e-02
4.637501e-02
2.099826e-02
7.385273e-05
3.673984e-04
1.473558e-05
1.836856e-01
1.168160e-03
1.509549e-04
5.138271e-03
1.595240e-01
1.136996e-01
5.790815e-05
8.247938e-04
2.509635e-02
4.139207e-02
3.538506e-02
3.163419e-02
4.389619e-02
2.642793e-03
6.754060e-02
3.261131e-02
1.684700e-02
1.308045e-01
6.719439e-04
1.679984e-03
4.735566e-04
3.902913e-02
7.232466e-03
8.549245e-02
1.430808e-01
5.874465e-06
1.227319e-01
4.996277e-06
7.139199e-02
8.398202e-03
1.634210e-03
7.777579e-02
3.528617e-02
2.364082e-01
6.286576e-04
3.624285e-02
1.345692e-02
4.305097e-04
5.837290e-03
1.925418e-02
1.107794e-01
3.173457e-03
3.326016e-03
6.493434e-03
2.341796e-02
3.412458e-02
1.985447e-03
1.155798e-03
6.926001e-03
6.430721e-02
4.009962e-02
1.999838e-02
2.076036e-02
4.384252e-04
1.963331e-02
2.485483e-04
5.910642e-03
1.227177e-02
3.795062e-04
1.785658e-02
1.723326e-01
2.676235e-02
7.302818e-01
2.474793e-02
5.367218e-02
1.119009e-01
9.978860e-05
3.931592e-03
4.360157e-05
5.039872e-03
5.892135e-03
1.776471e-02
8.230491e-04
9.513751e-02
4.963963e-02
2.234804e-02
5.019344e-02
1.223489e-01
8.158333e-02
3.958732e-02
1.116648e-02
4.335970e-02
1.115063e-01
1.286596e-01
1.346808e-01
4.264883e-03
4.427396e-02
3.765086e-01
4.769391e-04
1.873210e-02
2.462647e-02
2.940099e-03
1.625124e-04
4.000725e-04
1.327573e-01
1.830645e-01
4.098250e-02
6.982026e-02
7.202149e-03
4.383055e-02
3.228402e-02
1.710993e-02
3.421970e-03
1.570137e-01
2.971522e-04
3.392756e-03
2.676343e-03
5.881663e-02
4.963841e-03
3.916016e-03
1.037939e-01
2.204721e-02
2.832419e-01
7.155117e-02
2.346358e-03
5.860658e-02
5.160728e-04
1.953533e-02
1.094586e-03
2.492256e-04
6.871289e-03
2.251008e-03
6.988624e-04
7.168697e-03
4.692669e-02
1.450669e-01
3.357468e-02
2.245617e-01
1.080559e-01
9.718956e-04
1.626971e-03
1.056176e-02
1.041289e-01
2.137940e-02
1.074459e-02
1.710397e-01
7.025486e-02
6.099462e-02
1.947332e-04
6.559698e-03
1.594933e-01
2.066266e-01
6.903941e-03
5.242276e-03
1.707614e-02
4.285558e-02
1.491471e-04
5.260281e-05
2.391627e-03
7.315514e-04
2.403641e-02
2.340709e-03
1.248504e-01
1.437511e-02
1.533682e-02
4.480767e-02
5.469694e-03
4.044898e-02
1.459446e-01
1.138678e-02
1.051742e-01
9.236884e-02
1.314804e-02
2.629951e-03
2.114146e-02
5.051455e-03
1.533154e-01
6.806277e-02
3.269254e-03
2.143181e-02
2.475491e-02
1.656810e-01
1.534842e-01
2.190285e-06
1.244114e-01
5.174664e-03
7.030438e-03
6.763589e-04
2.238103e-02
1.877024e-03
6.665809e-03
7.033200e-02
7.130903e-02
9.728549e-02
1.071611e-01
1.236489e-01
1.647550e-01
3.057760e-01
8.829145e-02
1.715992e-02
1.352600e-03
2.889648e-03
4.827467e-02
3.005649e-02
3.057340e-03
5.585104e-03
1.436624e-04
1.044758e-01
5.638877e-05
1.324761e-04
2.185821e-02
6.847593e-02
2.260219e-02
1.070695e-02
1.090069e-02
1.429651e-02
1.822588e-01
2.283390e-02
7.321257e-03
1.146422e-01
2.472444e-02
1.311410e-02
3.937825e-02
4.503107e-01
3.893626e-02
1.498099e-01
4.489650e-02
3.124691e-01
7.337948e-02
2.950331e-02
5.906176e-02
1.098154e-01
1.233906e-01
4.387915e-03
1.455762e-01
9.370439e-03
1.561482e-01
4.971176e-02
1.141229e-02
3.556271e-02
2.333272e-02
7.931761e-02
1.202085e-02
1.896619e-03
1.253109e-01
1.069475e-02
7.962466e-02
1.883200e-02
4.090197e-01
1.036471e-01
7.185249e-02
2.148645e-01
8.556057e-02
2.776251e-03
2.209666e-03
3.327897e-03
9.641369e-04
4.080853e-03
3.905841e-02
1.130466e-02
5.198014e-03
7.190871e-02
3.767924e-03
1.720718e-02
2.507847e-02
2.086718e-02
1.466406e-01
4.012799e-03
4.051761e-02
1.772843e-02
4.414726e-03
2.069519e-02
2.243408e-02
2.274359e-03
5.703173e-03
2.730781e-04
1.559586e-01
5.878490e-02
1.405701e-02
1.007612e-02
6.175226e-02
1.301906e-02
9.313596e-03
2.851289e-02
5.730647e-02
9.502928e-02
2.232234e-02
9.730353e-06
1.473583e-01
9.497745e-03
9.557939e-03
3.770631e-01
9.841525e-02
5.651375e-03
5.938553e-04
3.151223e-04
3.926726e-02
3.361488e-03
5.190667e-02
1.440739e-02
7.139703e-02
1.980976e-04
4.267079e-02
5.318946e-03
1.067914e-02
4.429829e-02
3.146495e-03
2.680448e-01
3.985642e-04
3.942850e-02
3.592268e-02
4.746978e-02
3.899754e-03
4.848879e-02
8.858714e-02
2.427111e-04
1.839361e-02
2.373359e-02
1.353278e-01
2.421457e-03
1.244738e-02
4.056536e-02
7.934993e-03
5.722828e-02
2.153394e-02
4.064517e-02
2.691103e-01
1.350795e-02
1.062792e-01
4.534658e-02
1.668684e-02
5.328529e-03
3.538466e-02
1.101544e-02
6.882477e-03
1.645656e-03
9.112680e-07
1.272795e-02
7.224562e-02
3.150861e-02
5.400765e-02
4.012119e-02
7.459718e-06
1.280917e-02
8.921729e-03
5.439996e-02
9.748666e-03
1.351925e-03
1.310247e-02
3.585271e-03
3.447192e-02
9.536560e-02
2.340713e-02
1.763586e-02
2.155591e-01
2.434097e-01
3.701396e-03
3.408083e-01
3.776681e-02
5.387752e-03
9.493917e-06
3.232301e-01
6.911406e-03
4.048074e-02
4.794892e-03
1.520474e-01
5.990786e-02
2.531689e-02
2.845455e-02
4.593849e-02
7.881701e-03
1.534492e-02
6.791773e-04
2.144664e-01
1.564500e-05
5.199516e-02
3.973661e-02
1.646668e-02
1.845372e-04
7.174709e-03
1.291440e-02
8.104319e-03
1.628902e-04
5.574289e-02
5.163467e-03
2.467598e-02
4.918579e-04
2.437683e-01
2.912556e-02
4.282220e-06
1.756520e-01
4.319504e-02
3.005736e-03
3.778033e-04
4.320040e-02
8.549351e-02
2.732168e-02
8.311970e-02
3.799151e-02
5.657550e-02
4.224879e-03
3.565300e-02
1.359184e-02
4.259459e-02
1.063507e-02
2.627386e-02
9.652372e-02
2.619858e-03
2.539574e-02
9.285153e-02
1.124085e-02
3.713428e-03
6.545637e-02
3.578598e-02
1.952843e-02
7.506031e-03
1.889493e-02
6.480987e-02
1.403005e-02
2.558280e-02
1.084262e-02
1.204045e-03
9.789981e-02
5.180334e-02
6.583848e-02
3.696954e-04
5.076917e-02
2.742907e-02
2.315653e-02
1.956017e-01
8.508175e-04
2.329180e-02
5.164583e-01
9.124585e-03
1.552652e-01
3.696658e-02
1.705020e-01
2.719549e-01
7.492303e-02
6.095170e-03
7.534634e-02
1.611801e-01
4.823764e-03
4.270644e-02
4.110575e-02
1.023463e-01
4.164440e-02
1.637458e-02
1.565400e-02
5.300097e-02
1.021308e-02
7.542256e-03
3.476403e-03
2.594078e-02
1.640046e-02
1.183307e-02
1.275368e-01
2.989337e-04
5.400634e-02
8.201576e-02
8.148606e-04
5.844750e-02
6.090739e-04
2.185789e-03
3.083440e-02
1.073346e-01
8.833267e-03
1.695034e-03
8.057869e-02
1.259949e-03
7.567447e-02
4.792760e-02
3.547937e-02
8.596794e-03
1.513665e-02
2.436264e-03
2.555821e-01
2.132083e-01
1.156002e-02
7.618186e-03
7.038400e-02
8.756345e-03
9.722661e-03
1.147803e-02
7.444139e-03
4.585273e-05
6.350500e-02
2.251743e-03
3.038457e-02
8.649425e-02
2.503385e-01
1.246129e-01
9.639313e-04
8.493649e-03
6.277693e-02
3.202878e-02
1.180899e-03
5.830127e-03
1.040807e-01
1.403795e-01
1.102446e-01
2.857104e-01
3.605528e-02
6.240636e-02
1.115221e-02
4.058562e-02
4.751204e-02
3.731398e-02
1.338976e-02
3.814554e-03
6.622601e-04
2.819250e-03
4.620046e-04
1.329646e-02
2.711137e-03
6.318246e-02
5.681643e-02
2.687389e-01
8.754537e-03
1.846808e-02
2.448921e-01
6.506989e-04
1.669482e-01
2.076463e-06
1.631989e-02
1.016538e-02
1.090875e-01
4.444670e-02
2.631185e-02
7.921259e-03
4.145566e-02
4.149428e-02
4.138257e-04
1.416296e-03
3.781176e-02
1.823648e-01
1.145041e-01
1.222116e-02
4.609326e-02
3.481686e-04
8.348224e-02
7.418017e-02
2.059939e-03
5.009747e-03
7.761555e-04
2.666822e-02
2.098723e-03
1.855121e-02
3.206107e-03
6.523458e-04
4.811967e-03
2.212811e-02
2.673600e-02
1.307587e-02
9.282106e-02
