5.011110e-02
5.301477e-03
1.906286e-02
9.407720e-03
1.196168e-03
1.023626e-02
5.560721e-03
2.306237e-02
3.296057e-02
2.299560e-02
3.477081e-04
2.678358e-03
4.351054e-02
6.563490e-02
1.255169e-01
1.900946e-03
6.672534e-02
1.909526e-01
3.200342e-02
8.256431e-03
1.140548e-02
9.022946e-02
1.219884e-02
1.501373e-02
6.399543e-02
1.498245e-03
2.665770e-02
1.606735e-02
4.433520e-02
1.315961e-02
3.971136e-03
1.049747e-02
3.414889e-03
2.775169e-02
5.583723e-05
2.391259e-02
1.915627e-02
6.650852e-02
1.203371e-05
1.329622e-02
8.526383e-04
1.196638e-02
7.042071e-02
4.955861e-02
1.410688e-01
4.726298e-03
1.293042e-03
1.430345e-05
8.877611e-02
7.232666e-02
3.861085e-02
2.353657e-06
3.610061e-05
1.772662e-02
1.390272e-01
1.395972e-01
5.920484e-02
1.772831e-04
4.356369e-02
1.178609e-01
1.801610e-03
3.823887e-02
2.280258e-04
7.892442e-02
2.732861e-03
1.269945e-02
6.179370e-02
2.180884e-01
4.822754e-02
5.931807e-02
2.449155e-02
8.455106e-03
6.421097e-02
3.494312e-02
2.185358e-05
1.901864e-02
1.116492e-03
1.169275e-02
1.521291e-02
2.127602e-03
2.676427e-02
4.711920e-02
8.160208e-03
1.185101e-03
2.102717e-02
4.297456e-02
4.747869e-03
1.071331e-02
1.008367e-01
3.158793e-02
1.089811e-02
2.974359e-07
2.889686e-02
7.354485e-02
1.103489e-01
1.972274e-02
5.693925e-02
6.673007e-02
2.277697e-01
9.792819e-03
3.837148e-02
4.680421e-02
9.359472e-02
1.736174e-01
5.364846e-03
2.853077e-02
8.450711e-04
8.120837e-02
5.300367e-03
7.713985e-05
2.495880e-02
4.670221e-01
1.323259e-01
8.610476e-03
1.457333e-01
2.331959e-01
8.879765e-03
9.164252e-02
6.448510e-02
1.011691e-04
5.232383e-03
1.812348e-02
2.440880e-10
5.461497e-02
1.673410e-03
2.261414e-03
4.070564e-02
4.802700e-03
8.992993e-02
2.751961e-02
2.188448e-02
2.891713e-03
4.596579e-03
4.575699e-04
7.334748e-02
3.452317e-03
3.095082e-02
7.042630e-03
2.841665e-02
1.176507e-01
2.199862e-02
8.463107e-02
6.330652e-04
2.885025e-02
4.252509e-03
3.698673e-02
6.294603e-02
2.522857e-03
4.330178e-02
6.543136e-02
4.385691e-02
1.524204e-02
1.510702e-01
1.863100e-01
9.358572e-03
6.590678e-03
1.078341e-02
3.567275e-02
8.121616e-02
1.363916e-01
6.633772e-06
2.258013e-03
9.563335e-02
1.260314e-01
1.291505e-01
3.259950e-02
5.824194e-02
1.436997e-04
2.944026e-02
1.330985e-01
9.428751e-03
9.201073e-03
9.826358e-04
1.719126e-02
6.941875e-02
6.728619e-02
1.933065e-02
2.789415e-02
2.559584e-01
1.381047e-01
1.123790e-01
2.159797e-01
4.871885e-02
1.221989e-03
2.824406e-02
1.335139e-02
2.077321e-01
1.261872e-01
1.200990e-01
3.482496e-02
2.633722e-02
5.873366e-02
4.015558e-03
2.782541e-01
1.505273e-03
3.084305e-02
7.257872e-03
2.993081e-02
1.607202e-01
2.047731e-01
5.357489e-02
7.217122e-03
5.854463e-04
2.101223e-03
1.273616e-01
9.090635e-02
2.015558e-04
2.153817e-02
5.578061e-03
2.228114e-02
8.167350e-02
7.022401e-02
6.058707e-04
9.244520e-05
6.493423e-02
5.386786e-02
3.172970e-01
5.924572e-02
5.528034e-02
6.076399e-02
2.679345e-02
6.181602e-02
9.419026e-03
3.145844e-02
1.165152e-01
2.633756e-02
2.263794e-04
3.758863e-02
1.232315e-01
1.515076e-03
5.508865e-02
1.422149e-02
9.526461e-04
9.142689e-02
4.559379e-02
9.781360e-03
2.520431e-02
8.708865e-03
2.776404e-01
2.163591e-02
5.870147e-03
3.799007e-03
1.222717e-02
6.183716e-03
7.872291e-02
1.069404e-01
1.949437e-01
9.310512e-05
3.184064e-02
7.650281e-04
4.799317e-03
3.532850e-01
1.624808e-01
4.020500e-04
1.201758e-02
2.260809e-03
1.557318e-01
4.450878e-03
8.440335e-02
9.766490e-02
3.444532e-02
4.233862e-06
1.256415e-02
3.716187e-02
2.044560e-02
1.113428e-02
4.572263e-02
2.352187e-02
1.244071e-02
1.308090e-01
2.069505e-03
5.559903e-03
4.369396e-02
1.237614e-01
1.953632e-02
3.565853e-02
2.242313e-02
4.705435e-03
2.367921e-02
3.164577e-02
2.168163e-01
3.245372e-01
4.450617e-03
7.479606e-03
3.143148e-03
2.673966e-02
3.993468e-02
1.175617e-01
1.581914e-01
4.941238e-02
4.156175e-03
1.656837e-02
1.945972e-01
3.242315e-02
1.234578e-01
3.457613e-04
5.833381e-03
5.586657e-05
1.220072e-03
2.141720e-02
6.526059e-02
2.274425e-01
1.200861e-01
1.387399e-01
3.876759e-02
2.480960e-02
1.952253e-05
1.881892e-02
4.097466e-03
1.760206e-02
4.742061e-02
4.552962e-02
1.423738e-01
6.127798e-02
4.573198e-02
5.563954e-02
1.981418e-02
3.748400e-03
4.107131e-02
5.837842e-03
7.088657e-02
1.692905e-01
1.876958e-02
3.547932e-03
1.018137e-01
8.270000e-04
5.729847e-03
7.278213e-03
2.417239e-02
3.170676e-02
1.289085e-02
1.429640e-04
7.181735e-04
1.032014e-01
9.991278e-03
2.537573e-01
3.504722e-04
1.013381e-01
5.911764e-05
1.152659e-02
2.243110e-02
9.605310e-02
6.947760e-02
6.418335e-02
1.916928e-03
1.548096e-05
5.082081e-03
3.448415e-02
1.070197e-01
1.739389e-01
7.270128e-02
9.882042e-03
2.622448e-02
1.226267e-02
6.207760e-02
1.096233e-03
8.150040e-03
3.162676e-02
1.062258e-02
7.815887e-03
1.010054e-02
1.368611e-01
1.089307e-01
3.554137e-03
1.236468e-02
4.633439e-03
8.792130e-03
4.045492e-02
7.988488e-02
1.118411e-02
1.699394e-02
1.512479e-03
1.816749e-01
3.388969e-02
2.350620e-02
1.154685e-03
2.103631e-02
2.402299e-05
5.991931e-02
1.148978e-02
7.059892e-02
4.594521e-02
2.875959e-02
5.150605e-02
2.272434e-02
1.961175e-01
6.590871e-04
3.662729e-02
1.383532e-02
1.613497e-02
7.623852e-05
3.902874e-02
1.150802e-03
4.362617e-03
4.945451e-02
2.031395e-01
3.658151e-02
1.418831e-03
1.520164e-02
3.882221e-02
2.658116e-03
9.551348e-02
2.839123e-03
1.322259e-03
2.169741e-03
1.812718e-01
2.044065e-02
1.616455e-03
2.511379e-02
1.917998e-03
9.145838e-04
1.024285e-03
9.016558e-02
5.306117e-03
1.240101e-01
1.456827e-02
1.365623e-01
4.301436e-02
6.358664e-08
1.732585e-01
7.581561e-03
8.426137e-02
1.037697e-01
1.800458e-02
1.149135e-02
6.104164e-02
1.457161e-01
7.908515e-03
6.133656e-04
1.003743e-03
1.998299e-02
1.894801e-04
1.859371e-01
1.829627e-02
1.805647e-02
6.022436e-03
1.452731e-01
7.062644e-03
2.140805e-03
1.237853e-02
3.526738e-02
2.753000e-02
2.820216e-01
4.860675e-02
1.100310e-01
8.369027e-03
1.289283e-01
2.231725e-02
1.590548e-02
2.844519e-01
9.172724e-02
1.460354e-03
3.043395e-02
1.001946e-02
8.399060e-04
1.163162e-01
1.730607e-02
2.202899e-01
1.673462e-02
5.109775e-03
1.650369e-01
3.832625e-02
2.010972e-02
7.537866e-03
2.670204e-02
7.674459e-02
6.786204e-03
2.474376e-02
5.199204e-02
2.708644e-02
7.267794e-02
1.893188e-01
1.998251e-01
1.863486e-01
1.296901e-01
1.932451e-02
4.495333e-01
2.301216e-02
5.764100e-03
2.656164e-03
1.028408e-01
1.920212e-02
3.954517e-02
3.132406e-02
3.597389e-03
3.811792e-02
9.980446e-02
8.079664e-03
5.048556e-02
2.001417e-01
5.070359e-04
7.201667e-02
9.263995e-02
9.199836e-03
3.574598e-02
1.961878e-01
6.099928e-03
1.264000e-02
1.443238e-01
1.696367e-02
1.008679e-03
1.550122e-02
5.344073e-02
7.968205e-04
6.833680e-03
7.229120e-03
1.012592e-01
1.043961e-01
2.801161e-03
5.740473e-03
2.028200e-03
4.832326e-04
9.043452e-03
1.367915e-01
1.025912e-01
2.690213e-03
4.734223e-02
2.383953e-02
1.649333e-04
4.917910e-03
3.047156e-02
1.775108e-02
3.124063e-02
2.569375e-02
8.892394e-02
8.495253e-02
3.505623e-03
2.281015e-02
2.262076e-03
6.226502e-01
1.650141e-02
5.486856e-02
1.557636e-01
5.324588e-02
6.035596e-02
8.978513e-02
1.764873e-02
6.787526e-05
1.287708e-07
8.846532e-02
1.652674e-01
8.029662e-04
6.059668e-03
4.698562e-03
2.006108e-02
2.623474e-02
2.765331e-02
3.006561e-05
1.146125e-01
5.279003e-02
5.213253e-03
2.855846e-03
3.959233e-02
1.382156e-02
3.347174e-02
4.792752e-03
3.558919e-03
3.416675e-03
3.309893e-04
1.820145e-03
2.297727e-01
3.946527e-03
2.930414e-03
5.657753e-02
4.881245e-03
1.071529e-02
6.489405e-02
3.299390e-02
7.844840e-03
3.819121e-02
1.494806e-02
1.827922e-03
1.748344e-02
8.197979e-03
3.696812e-04
2.329310e-01
1.148197e-02
1.209357e-02
1.833428e-02
4.165028e-04
3.990374e-04
1.904838e-04
1.752561e-02
1.026345e-03
2.031359e-01
1.270593e-01
7.357487e-02
1.443337e-02
2.390418e-03
4.839595e-02
9.399631e-02
4.048575e-03
4.366693e-06
4.302176e-02
