4.319616e-02
5.396161e-02
1.442327e-01
1.136146e-01
9.043246e-03
4.291908e-04
6.606317e-02
2.460044e-02
4.965029e-03
4.807868e-02
5.542765e-02
1.010248e-01
2.360197e-01
7.534131e-02
4.735230e-03
6.007200e-02
4.226674e-02
4.240959e-02
1.230329e-02
4.463145e-02
2.174337e-02
1.145145e-01
8.260092e-02
1.489578e-01
7.944287e-02
2.659327e-01
7.133062e-02
6.649445e-04
5.836085e-03
8.302093e-02
2.997614e-02
2.483810e-01
2.632010e-05
1.590567e-02
1.457980e-01
2.615944e-02
3.884622e-02
2.836794e-03
2.115670e-04
5.452477e-02
1.010865e-01
4.434518e-02
2.483005e-04
1.099987e-02
1.858532e-02
1.376865e-01
2.044099e-03
9.139534e-04
1.291608e-01
7.766307e-02
1.348880e-01
6.432005e-03
8.308908e-03
2.694589e-02
6.265735e-03
3.637174e-04
9.009303e-02
3.244606e-05
6.193007e-02
3.883144e-02
4.776400e-02
1.940988e-02
2.177932e-03
3.222824e-04
5.126829e-02
4.726182e-03
5.163438e-03
3.773001e-02
7.989641e-04
7.954757e-02
1.340570e-03
7.983190e-04
1.066925e-01
2.429158e-01
1.769923e-02
3.137794e-07
1.698520e-04
1.400950e-04
1.161282e-03
2.668958e-02
3.581245e-03
1.550784e-01
3.354708e-02
1.173087e-03
3.999196e-02
1.578994e-02
9.835703e-03
2.580810e-03
1.993352e-03
4.141662e-02
1.115712e-02
9.334252e-03
1.403736e-02
3.722466e-04
8.140383e-02
7.112229e-02
9.613351e-03
1.976353e-03
1.578544e-01
5.595357e-02
4.957099e-04
3.001082e-03
6.048604e-03
1.000978e-03
1.478966e-02
6.334940e-03
5.195269e-02
1.918752e-04
2.495538e-01
2.912665e-05
9.892024e-03
2.721400e-01
9.087133e-03
5.525583e-02
1.218770e-01
1.361654e-01
1.101069e-02
5.021816e-04
1.791345e-01
2.233598e-02
2.251887e-02
9.498399e-04
1.906604e-05
8.415732e-02
2.969134e-01
5.975432e-06
5.478549e-02
5.434349e-03
3.008512e-02
2.784784e-01
2.373980e-02
6.970485e-04
1.926246e-02
4.214686e-05
2.211437e-03
1.315785e-01
6.162798e-02
1.711182e-03
8.664863e-02
1.057923e-01
6.030308e-03
7.981942e-02
3.295650e-03
9.469498e-04
1.279814e-04
1.918886e-02
1.451154e-02
2.613513e-02
7.828736e-02
1.414403e-02
8.689451e-03
3.436055e-03
1.348686e-01
1.062297e-02
1.121633e-01
3.691103e-02
5.962598e-02
2.027494e-01
1.387105e-02
8.598924e-01
3.958890e-02
1.431741e-01
1.467352e-02
1.812668e-02
4.351588e-02
1.049636e+00
1.804974e-06
4.276563e-04
2.975344e-02
5.790161e-02
7.033953e-02
4.202616e-02
6.919903e-02
2.363900e-02
1.281461e-02
9.688854e-02
2.074627e-01
2.112609e-01
1.919466e-01
3.404664e-02
1.707450e-02
7.056450e-02
2.480912e-08
6.025627e-03
2.506210e-02
9.922510e-03
1.986369e-01
1.021775e-01
4.313626e-05
7.160657e-02
1.711900e-03
1.225573e-02
3.249217e-02
6.215215e-03
3.825919e-02
6.729340e-03
1.016086e-01
1.380931e-02
6.788441e-02
1.584647e-01
1.254006e-01
2.951644e-02
1.261893e-01
1.059156e-01
4.004245e-02
8.251753e-02
5.729373e-02
5.131127e-04
2.788059e-01
2.946148e-02
8.003043e-02
1.190445e-01
2.784397e-03
1.481541e-02
2.330545e-02
2.922637e-02
7.541561e-03
8.615310e-03
2.650284e-03
1.443592e-02
8.420888e-03
1.216980e-01
1.360157e-02
3.221525e-02
7.693463e-02
1.464028e-01
2.652085e-02
5.586636e-02
2.660632e-02
9.643615e-02
3.653672e-02
5.945403e-02
3.675644e-02
8.771532e-04
3.218295e-03
8.570640e-02
2.048688e-02
2.407559e-04
4.330544e-02
5.835748e-02
1.309588e-02
1.101106e-04
3.043731e-02
5.316456e-05
1.755757e-04
2.121190e-02
4.177682e-02
7.676871e-05
8.728943e-03
2.359908e-01
2.385652e-02
4.605001e-02
2.090705e-02
3.455141e-01
2.852605e-01
2.650856e-02
9.140132e-03
1.112533e-03
2.401500e-02
4.437020e-03
4.998194e-02
9.034010e-02
1.649847e-04
4.242659e-02
1.439238e-01
3.384570e-02
4.156791e-01
1.703871e-02
4.879127e-02
1.813728e-03
2.413957e-02
7.456047e-07
3.230121e-04
7.441665e-02
4.527031e-03
1.969116e-02
1.221390e-02
1.506293e-01
1.067740e-01
1.167801e-01
7.964176e-02
1.146221e-01
4.645411e-03
1.372611e-01
5.407046e-03
1.761640e-02
7.571870e-02
7.575096e-02
1.336288e-02
1.025400e-02
2.857210e-01
7.706655e-02
1.064774e-01
5.840459e-03
6.524147e-02
8.795099e-03
9.496630e-05
1.937274e-03
4.810432e-03
2.158885e-01
6.225386e-02
1.195852e-03
9.877534e-04
3.463355e-02
2.640416e-01
5.915306e-02
2.267080e-03
2.023018e-04
1.480494e-01
2.067022e-01
4.054491e-02
8.043571e-02
1.196041e-01
6.693342e-02
1.365542e-01
3.267178e-02
7.235161e-02
3.047289e-04
1.706046e-03
5.945094e-03
7.979551e-05
7.955654e-05
4.620553e-02
9.795148e-02
5.864238e-03
1.078325e-01
2.891302e-02
3.075412e-02
1.029245e-03
9.665916e-03
1.627855e-02
4.245694e-04
6.933855e-03
7.219525e-06
1.031748e-02
1.477558e-02
1.456676e-03
1.157403e-01
4.987211e-03
7.202148e-03
2.604728e-02
1.518185e-04
4.104947e-02
3.534221e-02
9.765712e-02
7.432638e-02
8.132795e-03
4.312780e-02
2.753972e-01
2.470434e-02
1.394822e-02
2.250454e-02
1.140614e-01
7.788318e-03
5.156816e-02
8.842745e-02
1.317156e-01
2.069202e-01
5.595097e-03
2.016481e-03
1.011702e-02
1.223191e-02
8.293996e-02
5.476588e-03
5.105821e-03
5.818002e-02
3.418054e-03
1.778824e-02
4.349281e-02
4.343864e-02
1.049096e-02
1.108051e-01
2.672395e-03
2.002054e-04
5.425008e-03
3.956965e-02
1.401604e-01
1.291212e-04
7.274226e-02
1.608683e-02
1.147190e-01
2.353163e-03
1.892783e-01
3.685870e-03
9.762184e-02
2.934176e-01
1.063457e-02
7.007488e-03
9.375853e-03
1.700598e-02
2.154094e-01
7.939641e-04
5.885738e-02
2.171078e-03
8.086694e-05
1.278801e-02
9.087302e-02
4.981349e-02
2.528970e-01
4.351960e-03
1.370152e-02
6.579450e-05
3.562052e-01
1.324430e-01
1.886929e-02
1.265126e-02
4.202440e-03
3.359024e-03
2.998681e-02
3.486888e-02
1.422692e-01
3.205607e-03
6.227252e-05
5.998489e-03
2.862235e-03
1.908598e-02
6.547660e-02
2.680973e-02
6.778275e-04
6.778861e-02
3.187975e-02
1.237631e-01
5.293959e-03
7.916884e-04
2.485543e-02
1.001762e-01
2.063571e-01
1.298008e-03
1.843691e-02
1.518920e-02
2.548909e-01
9.886332e-02
1.009152e-04
4.588703e-02
1.083137e-02
5.677921e-03
1.219903e-01
4.647783e-02
2.172200e-02
1.453679e-02
2.435308e-01
2.296962e-03
1.205178e-02
2.573138e-01
1.105544e-01
1.345746e-01
1.152495e-01
7.191320e-02
7.645819e-02
8.881910e-02
1.182746e-02
5.737829e-03
5.210374e-03
2.989880e-02
1.534978e-02
3.934840e-02
2.248494e-02
1.663595e-03
1.759938e-02
1.835432e-01
4.616295e-03
6.045357e-02
4.410045e-04
1.636768e-01
1.408570e-01
5.216665e-04
1.091802e-02
2.115417e-01
6.697160e-04
2.815610e-02
1.609246e-02
9.641985e-01
3.901294e-01
5.861020e-02
3.160133e-02
9.958275e-02
5.316540e-03
3.103262e-03
8.320226e-05
6.215754e-03
6.014309e-03
1.812968e-02
4.033174e-02
1.196469e-02
5.800466e-02
1.167161e-01
4.267468e-04
7.157930e-02
1.035726e-01
2.363190e-01
1.294855e-01
4.219691e-02
1.819140e-02
4.081746e-02
2.340770e-02
5.915224e-02
3.914289e-02
4.074048e-03
4.856089e-02
7.888106e-02
4.628263e-02
4.547857e-03
1.916473e-03
1.379806e-04
3.764243e-02
6.271762e-03
2.866036e-03
1.996587e-01
1.280744e-01
3.644998e-02
5.944908e-02
6.284783e-03
1.243878e-03
1.349550e-01
9.855140e-02
8.626616e-05
1.795294e-01
1.007754e-01
2.892489e-01
2.995595e-01
1.762568e-02
1.780550e-01
1.340814e-01
3.099823e-04
1.065225e-02
4.500068e-02
1.484175e-04
1.892372e-02
6.665189e-02
3.430461e-04
1.754386e-02
3.681209e-02
2.348695e-01
5.964156e-04
3.734301e-02
6.024367e-02
3.007147e-02
6.009050e-02
1.659412e-01
1.583645e-03
3.963017e-01
2.832735e-03
2.443674e-04
4.544538e-02
9.138777e-02
2.663627e-02
5.407482e-03
6.972458e-04
4.032235e-02
4.826875e-02
1.366389e-04
2.771127e-02
1.440555e-02
7.653657e-04
8.420959e-02
2.566440e-03
1.914986e-03
1.895276e-02
5.777183e-03
4.880633e-02
5.311230e-02
2.009260e-01
9.621862e-03
1.727480e-01
1.202367e-01
5.266490e-03
2.631747e-01
2.391604e-06
1.554074e-01
6.314738e-02
7.440733e-04
2.600452e-01
3.687458e-02
3.571628e-03
2.463477e-02
2.245813e-02
4.875499e-02
4.868923e-02
2.075616e-02
1.975826e-01
1.059647e-02
1.460389e-03
9.970432e-03
1.439178e-01
5.439107e-02
3.370269e-02
1.077042e-03
1.011189e-02
1.443387e-02
7.544140e-02
4.293584e-03
4.460753e-03
5.654095e-03
8.619614e-03
