1.545416e-02
5.861361e-02
5.068684e-03
1.746961e-02
5.772690e-02
8.034505e-04
1.157784e-02
1.887998e-02
1.171434e-02
1.137790e-01
6.949185e-03
1.550700e-01
1.778068e-01
4.670810e-03
8.969693e-05
1.498560e-04
5.800165e-02
3.979694e-03
1.911078e-02
2.709923e-03
7.939784e-02
1.140188e-02
6.350976e-02
2.507697e-02
2.230223e-02
1.106725e-01
1.975391e-02
1.775166e-03
2.437124e-04
1.019000e-01
1.094131e-01
1.884128e-02
5.832853e-03
2.223159e-02
1.331897e-01
4.582898e-03
1.116292e-01
1.491966e-01
3.810001e-02
2.893324e-02
6.986042e-03
1.509412e-02
5.588492e-03
3.444157e-03
4.420065e-01
1.055087e-01
4.148381e-02
4.698316e-04
1.429924e-03
3.497255e-02
8.385672e-02
1.645779e-03
9.064241e-03
9.675515e-03
4.744120e-03
1.713704e-03
2.184538e-01
1.548546e-01
1.347710e-02
3.663242e-02
5.116079e-03
1.181034e-01
5.005178e-03
2.493150e-02
3.157270e-02
8.743881e-02
1.105256e-02
2.614691e-03
3.343125e-02
3.497339e-01
6.247784e-02
1.244659e-02
2.178145e-08
1.578627e-01
4.844694e-03
9.521150e-02
1.057461e-03
3.575219e-03
5.407656e-02
6.436612e-03
1.378618e-02
6.727987e-03
7.054366e-02
8.535242e-03
3.416838e-02
1.482983e-01
4.989756e-02
2.254432e-04
1.316584e-02
5.246152e-03
3.648550e-02
1.878697e-01
1.098770e-01
1.632325e-03
2.064277e-03
6.829205e-03
1.768422e-02
1.913788e-01
1.407247e-03
2.909235e-05
3.200327e-03
3.447177e-02
3.939449e-03
8.025290e-03
4.458340e-02
1.196701e-03
3.501351e-01
1.664926e-02
2.419118e-03
7.111844e-02
4.578035e-04
2.314866e-01
9.688991e-02
2.757819e-01
6.557716e-03
1.016191e-01
6.278784e-02
8.091373e-02
2.247235e-01
6.751110e-02
2.099781e-02
1.171383e-02
5.688520e-02
2.456135e-03
1.469517e-01
9.476291e-03
6.219939e-03
5.266760e-02
1.722529e-02
1.012606e-01
5.231433e-03
4.605849e-02
1.547996e-01
3.216894e-02
1.601113e-03
1.860541e-03
8.131649e-02
1.426768e-03
7.521719e-02
3.824013e-03
1.046548e-01
1.178499e-01
2.107340e-04
3.287288e-02
1.395762e-01
2.300231e-06
1.028278e-01
4.136292e-01
9.746558e-05
7.088816e-02
1.090594e-01
2.533552e-02
6.587588e-04
8.086099e-02
6.386714e-02
2.106132e-02
1.593582e-02
6.641633e-02
2.982155e-03
1.706400e+00
7.787467e-02
2.224523e-02
4.754895e-02
3.502741e-02
3.347342e-02
5.371898e-01
3.981393e-03
3.695620e-04
4.557886e-02
1.201839e-01
4.110829e-03
2.894260e-03
2.492351e-04
1.529899e-02
5.977871e-04
7.961522e-02
8.061543e-03
2.057544e-02
4.254778e-02
7.221986e-02
4.372310e-02
6.186799e-02
2.001439e-01
6.844816e-02
2.149674e-02
1.880267e-01
4.884095e-02
1.016750e-03
1.055642e-01
5.215165e-02
2.976651e-01
3.421553e-01
1.121221e-02
4.281992e-02
3.099056e-02
9.386270e-03
1.658966e-03
7.318637e-02
6.304465e-03
2.256138e-03
2.452337e-02
3.378128e-02
6.749916e-02
2.854646e-03
1.524890e-03
2.096825e-02
3.184174e-02
1.405308e-01
2.044294e-02
1.300382e-01
5.819155e-02
5.832467e-02
1.338220e-02
1.865733e-01
6.169961e-02
1.968717e-01
1.502329e-01
8.268380e-02
2.149131e-02
1.684520e-01
6.347049e-03
5.585010e-02
1.630177e-02
6.305272e-02
7.212083e-02
3.308559e-02
3.338830e-02
3.091494e-02
4.824542e-02
1.432229e-03
2.615227e-02
1.390063e-02
7.666206e-07
2.407482e-01
1.540621e-01
1.989124e-02
1.246665e-02
8.003049e-04
1.841523e-02
9.637316e-02
2.116437e-02
3.655151e-02
8.031466e-03
1.184520e-01
9.290036e-03
3.126678e-02
3.368305e-01
4.684319e-02
1.104846e-01
3.055422e-05
1.863136e-01
3.167951e-03
1.084373e-02
2.101520e-01
8.255344e-02
8.625118e-02
5.414685e-03
9.827250e-04
6.466806e-03
7.697464e-02
3.146294e-01
4.614104e-02
2.342416e-02
1.583695e-02
1.356048e-02
2.990559e-02
2.978909e-02
4.195564e-02
6.608364e-04
4.986529e-02
1.533312e-02
7.116689e-04
3.820556e-02
5.550110e-03
2.355409e-02
5.163940e-02
2.322195e-01
1.618138e-04
2.038796e-02
4.038356e-02
1.448214e-01
1.041597e-02
1.005063e-06
8.926257e-03
2.500171e-03
4.501579e-02
5.918366e-02
8.972820e-04
1.310906e-01
1.322047e-03
7.046417e-02
1.488493e-02
1.299913e-04
5.288545e-02
2.739790e-02
4.046483e-03
2.439904e-01
1.375357e-02
3.750554e-02
8.893499e-03
3.717108e-02
6.825642e-04
8.337711e-02
6.515312e-04
4.132130e-04
1.399749e-02
5.903913e-01
2.066647e-02
4.460407e-02
7.017705e-02
4.407341e-03
2.729770e-01
2.533405e-02
3.898344e-02
1.466697e-02
5.683661e-03
2.512577e-02
6.454288e-02
1.939060e-01
3.879057e-02
7.884811e-03
7.295909e-05
4.285434e-02
4.763069e-03
6.124346e-02
1.470104e-02
4.733088e-02
2.467876e-01
8.589653e-03
2.000589e-03
7.733458e-02
5.208364e-02
4.005707e-02
6.930421e-06
7.763438e-02
9.575981e-02
1.644251e-03
1.763249e-02
5.559026e-03
6.126642e-02
3.080081e-02
1.608844e-02
1.006956e-01
2.612082e-02
1.999305e-02
7.637430e-04
7.255069e-03
4.382203e-05
3.684789e-05
1.334860e-01
8.180167e-04
4.079296e-02
1.792582e-01
1.478920e-02
2.196415e-02
5.285351e-02
5.842420e-02
4.005969e-04
1.452912e-03
4.254717e-04
4.276417e-02
3.880878e-04
4.367986e-03
2.624844e-02
3.871520e-02
1.860430e-03
2.692982e-02
8.516427e-03
1.045619e-02
9.960007e-02
2.528182e-03
1.651044e-02
1.075718e-01
1.861373e-02
2.886443e-03
1.531917e-02
6.591316e-02
1.855349e-03
1.404697e-02
3.865937e-02
7.518456e-02
6.633535e-02
1.108113e-01
1.084882e-01
5.089115e-02
1.999913e-02
2.360850e-01
3.020829e-01
8.557821e-03
7.122100e-04
2.027177e-01
2.330372e-04
5.388137e-03
8.882981e-03
1.851059e-02
7.421098e-04
3.054809e-03
2.704217e-02
6.475129e-03
3.102416e-02
3.111982e-01
1.465458e-04
1.026714e-01
1.120309e-02
2.352599e-02
1.779402e-01
5.579500e-02
4.282559e-02
3.019016e-02
2.967145e-03
2.624492e-03
2.023253e-01
7.449178e-04
9.870271e-04
6.212729e-03
3.860370e-03
8.679869e-04
5.629610e-02
1.191574e-01
2.307003e-02
3.336746e-05
1.456379e-04
4.658994e-02
2.735241e-02
7.601039e-03
2.584337e-01
5.615095e-03
4.557087e-03
6.391104e-04
9.275269e-04
3.157797e-03
7.827147e-02
5.549584e-02
6.269702e-02
2.336070e-02
4.462274e-02
9.393900e-02
1.893420e-01
1.561727e-02
5.249388e-04
1.415318e-01
4.272048e-03
3.738506e-03
3.365376e-04
6.124780e-02
1.255735e-01
1.484038e-02
1.888712e-01
8.656274e-03
2.059296e-02
1.621179e-02
1.549133e-03
8.375993e-02
7.659779e-03
1.335949e-02
1.307036e-02
1.118928e-02
5.524397e-02
4.286759e-02
3.257548e-02
2.803798e-04
1.039971e-02
2.241205e-01
7.751417e-03
3.083003e-02
3.145156e-02
1.058969e-01
4.462565e-02
1.465415e-05
8.826402e-02
5.005002e-03
2.684808e-01
1.030830e-02
6.152550e-02
1.153935e-01
3.178610e-02
8.435040e-03
3.042375e-02
9.642555e-03
6.553006e-02
5.374698e-02
5.091226e-02
8.609647e-04
9.734949e-04
5.272889e-02
2.680169e-02
2.859123e-02
4.188795e-01
1.025366e-02
8.113367e-02
6.182872e-03
1.472821e-02
3.212202e-02
2.217391e-01
2.021560e-02
1.857713e-02
9.258947e-02
1.622559e-02
1.910311e-02
4.000898e-02
1.388770e-02
2.602218e-02
1.664737e-02
8.941025e-03
2.676775e-03
3.302393e-05
4.094792e-02
1.202610e+00
5.133977e-02
2.767447e-02
4.017711e-04
2.016479e-02
5.291294e-03
4.086969e-03
1.714934e-04
1.095769e-03
1.066693e-02
2.140423e-02
1.537354e-02
4.827961e-02
3.463921e-05
2.087896e-02
3.090975e-02
1.498738e-02
1.911341e-02
3.150221e-01
9.962631e-02
1.585224e-01
1.176478e-02
2.167328e-01
9.684666e-02
6.379709e-03
1.157358e-01
1.433041e-03
1.644189e-07
6.304260e-02
1.388814e-01
3.094452e-03
6.410353e-06
2.436259e-01
7.762613e-02
8.272711e-03
5.626505e-02
2.060418e-01
3.957696e-04
2.881390e-03
9.295583e-02
1.439623e-03
6.614503e-02
1.015348e-02
3.169104e-02
1.324584e-01
8.339835e-02
8.193635e-02
6.411361e-03
1.599270e-05
3.063860e-03
1.459468e-01
9.463496e-03
1.957377e-02
5.749016e-04
3.449906e-03
1.768856e-03
8.884636e-02
1.168828e-04
1.025668e-02
3.778201e-03
3.962531e-02
1.028574e-02
1.046241e-02
3.970109e-02
4.802119e-02
2.514399e-01
7.734097e-02
6.739960e-03
1.578039e-01
5.024873e-03
1.212181e-03
1.372763e-02
2.444807e-02
1.016896e-02
2.836823e-02
1.965562e-03
1.027802e-01
4.804789e-02
7.467535e-03
1.166505e-01
2.360141e-04
1.995115e-01
5.198771e-03
3.609132e-02
7.248024e-02
3.079156e-01
1.720902e-04
