1.220229e-01
9.988609e-02
2.017408e-02
2.252218e-02
3.792102e-01
1.150491e-01
2.647467e-02
9.017150e-03
2.864852e-01
9.525430e-02
3.206202e-02
5.634234e-03
2.229537e-02
1.580457e-02
2.453224e-04
3.899476e-03
4.135593e-02
1.566898e-02
7.689363e-02
2.683033e-02
8.139197e-04
8.648108e-02
9.578265e-02
3.522815e-02
7.629268e-02
1.264264e-01
2.166150e-03
2.822032e-04
9.738731e-03
9.388874e-03
5.705800e-02
8.292901e-03
5.326261e-02
6.222574e-02
9.313647e-03
3.724327e-02
4.918186e-02
9.388007e-03
1.003714e-01
2.717065e-02
7.289847e-04
1.239858e-01
1.255205e-02
1.252062e-01
1.321435e-02
7.151821e-02
1.769131e-02
1.873379e-02
5.478489e-02
1.566919e-02
5.002910e-03
1.692325e-02
8.266603e-02
8.824341e-03
1.224715e-01
4.892151e-02
4.348773e-02
1.113992e-01
1.441384e-01
7.978599e-03
3.918634e-01
1.967713e-01
9.445854e-03
3.152785e-02
6.356266e-02
2.431111e-03
3.252721e-02
7.816540e-02
2.033369e-02
6.651703e-02
3.500395e-02
1.241823e-02
3.649358e-02
3.328846e-02
7.859022e-02
2.375831e-04
4.408471e-02
8.930294e-02
1.203975e-01
4.264078e-02
3.514672e-02
1.406409e-03
6.432337e-02
7.099616e-02
2.073112e-01
9.977712e-04
2.087243e-03
2.688103e-04
2.849043e-02
6.738708e-02
5.957789e-03
8.466091e-03
8.111591e-02
1.215631e-02
3.819855e-02
5.503003e-03
8.793373e-03
8.179093e-03
3.329755e-02
6.994536e-02
5.284428e-02
3.126398e-02
1.478432e-01
3.744191e-04
1.440511e-02
1.668469e-02
6.971294e-04
3.241553e-02
4.822382e-03
1.417102e-01
1.376341e-03
7.389445e-03
5.805439e-03
2.227283e-03
1.670311e-03
1.607700e-01
1.792195e-02
7.464377e-02
2.803237e-02
4.186679e-02
2.641812e-03
1.135456e-02
1.354440e-02
1.651800e-02
1.171067e-02
7.659632e-02
3.360466e-05
6.034741e-02
1.166038e-01
1.173711e-01
1.505977e-01
4.036708e-03
3.452526e-02
3.164508e-03
3.514443e-02
8.569635e-02
5.964981e-02
2.293459e-04
3.965578e-02
2.099550e-01
3.321422e-02
1.187220e-05
3.657450e-04
5.724531e-03
4.274121e-02
1.331664e-03
3.369456e-03
3.335034e-03
5.786778e-03
8.746214e-02
7.123092e-03
4.282654e-02
1.107934e-01
2.402183e-02
1.890515e-03
4.023220e-02
1.491467e-02
1.654749e-04
1.848053e-03
1.340525e-03
2.567320e-01
8.813941e-03
1.317923e-03
1.569300e-05
1.358288e-01
2.233057e-03
7.045091e-02
3.559757e-03
4.423595e-03
1.895130e-04
2.285161e-02
1.948945e-01
4.237049e-03
8.146391e-02
5.373760e-03
2.210645e-02
2.031199e-01
1.210602e-01
1.137814e-01
8.366692e-02
2.465757e-03
1.498839e-02
2.139966e-04
1.067124e-02
2.095843e-02
6.673818e-03
5.657497e-02
1.889863e-03
2.885593e-02
3.188941e-03
6.978544e-02
2.567165e-03
4.833863e-02
8.687233e-02
2.539570e-02
1.533464e-02
1.276508e-01
1.700180e-03
3.903403e-04
9.088922e-02
2.286234e-02
1.299644e-02
4.799651e-05
1.857628e-02
9.068131e-03
2.722618e-03
9.595498e-03
2.791161e-02
1.853241e-02
1.325293e-02
1.159404e-04
4.139353e-02
4.165444e-01
1.307741e-02
6.991958e-05
3.592260e-03
2.094218e-03
5.528462e-02
2.258838e-01
7.556746e-02
2.040634e-02
5.079412e-02
1.806577e-02
1.668364e-02
1.511076e-04
3.912809e-02
2.088788e-02
5.979595e-02
2.837988e-03
2.066072e-02
6.191324e-02
4.304442e-03
1.153908e-03
7.291553e-03
8.379989e-02
9.933703e-02
6.106465e-02
2.354647e-03
2.790883e-03
7.201353e-02
3.807526e-02
5.553617e-03
1.512805e-03
1.784044e-02
1.178576e-02
1.655542e-01
3.343835e-03
6.264151e-03
1.694853e-01
3.992503e-02
7.791804e-03
6.305981e-02
3.939960e-02
9.815224e-02
2.715137e-03
7.673951e-02
4.799358e-02
2.562337e-02
5.793604e-03
1.842796e-01
4.225408e-05
1.284514e-02
2.993958e-02
3.330784e-02
7.402598e-03
7.765472e-02
4.258868e-02
8.776985e-06
1.054254e-03
5.259404e-03
1.426043e-01
1.365283e-01
1.028946e-01
1.524674e-02
1.593007e-02
1.953629e-02
7.197756e-02
1.015588e-02
5.349772e-03
1.145360e-01
3.100732e-03
1.745095e-02
9.149545e-03
4.680469e-03
1.571177e-01
6.640274e-02
1.078935e-02
2.242634e-04
1.025522e-01
4.497061e-03
7.239161e-02
8.068924e-04
1.791630e-01
1.399210e-02
1.618204e-02
3.996331e-01
1.764091e-01
1.591795e-01
3.716694e-03
1.313634e-01
1.330831e-03
3.314807e-03
3.005106e-02
3.039394e-02
2.409447e-02
1.693618e-02
2.347014e-04
7.196718e-02
2.062379e-03
1.369598e-02
3.787549e-02
9.225935e-03
1.350073e-01
7.092092e-02
4.279383e-03
5.850155e-08
2.410436e-02
1.133807e-02
2.163175e-03
4.256942e-03
7.335147e-04
2.230797e-02
1.385937e-02
7.276671e-03
1.352104e-02
1.386711e-02
2.752675e-02
1.103623e-02
2.165795e-02
8.854783e-03
7.692171e-02
9.713266e-02
4.066774e-01
2.701094e-02
5.891750e-03
1.020473e-02
1.394014e-03
2.751464e-02
3.220550e-02
3.273227e-02
7.654976e-03
6.719344e-02
4.017473e-03
5.507785e-02
4.500460e-03
3.010440e-02
1.117930e-01
4.356995e-02
1.001297e-01
3.141711e-02
7.968179e-02
1.077175e-02
8.315949e-02
1.526988e-02
8.850787e-02
1.170469e-01
5.452428e-02
2.353156e-03
1.538924e-02
6.735178e-05
8.041591e-03
8.781850e-03
5.521002e-04
1.868062e-03
6.284071e-03
2.249247e-02
1.489371e-01
6.639486e-02
3.528131e-02
2.923608e-04
1.889312e-03
3.502458e-04
2.643309e-02
7.269286e-03
1.564843e-02
1.961729e-03
7.852707e-06
7.367104e-02
7.110245e-04
1.908645e-04
4.623943e-02
2.344256e-07
1.773026e-02
3.283390e-02
3.438544e-03
2.817563e-02
8.586284e-02
2.873165e-01
6.069394e-02
4.963384e-01
7.962936e-04
9.932370e-02
2.226308e-03
4.489879e-02
6.582206e-02
4.746924e-02
4.325939e-02
1.599883e-01
2.943435e-07
3.902353e-02
6.029622e-02
1.885494e-02
1.106804e-01
1.933149e-02
2.293024e-01
3.691559e-01
2.194643e-01
9.767252e-03
3.530793e-03
9.276100e-03
3.018486e-02
1.370770e-02
4.524041e-02
4.207214e-03
2.389522e-03
6.647120e-02
1.419380e-01
3.391575e-02
1.950438e-02
2.654561e-03
1.427603e-03
4.091366e-03
3.231338e-02
1.047454e-02
1.823854e-01
1.497714e-02
5.523333e-02
1.790146e-01
4.579678e-04
4.276685e-04
8.643684e-02
5.058128e-04
1.254678e-01
8.380301e-03
9.236093e-05
4.111224e-02
7.910105e-02
9.026910e-02
2.497825e-03
8.208884e-06
2.056068e-02
3.027027e-03
5.474588e-03
6.568415e-03
3.371521e-02
1.017737e-01
4.293481e-02
1.392866e-02
2.137054e-03
1.027566e-04
4.367631e-03
3.442591e-02
2.947349e-02
6.307768e-03
4.777981e-02
8.753309e-03
1.874781e-03
8.855652e-03
2.659603e-02
2.559073e-02
6.529812e-02
5.270439e-02
1.292056e-01
1.110769e-03
1.606372e-03
5.061185e-02
3.433797e-02
8.967368e-02
1.291744e-02
5.971656e-02
1.197693e-03
1.171595e-01
4.139663e-02
1.433456e-02
4.674185e-02
1.573999e-02
8.506799e-02
1.116502e-01
1.925168e-02
1.716054e-03
8.379588e-03
1.810388e-01
1.846808e-01
1.703899e-05
1.395929e-04
7.728192e-03
4.569058e-02
4.457999e-02
5.727764e-02
9.042880e-02
2.311272e-01
2.081483e-03
4.198150e-03
4.336001e-02
3.821523e-02
1.983280e-02
4.045416e-02
1.618390e-02
5.530846e-02
1.474716e-01
6.224345e-03
1.241125e-01
3.534436e-02
1.819820e-02
2.636405e-02
3.376295e-02
7.669024e-02
1.255052e-01
1.140282e-01
8.136560e-02
5.549137e-02
6.451952e-04
2.473193e-02
5.574257e-02
7.734598e-04
7.242673e-02
4.641912e-03
5.583812e-03
2.931031e-03
1.555020e-01
6.203443e-02
1.740161e-02
3.538007e-02
7.450562e-02
1.052194e-01
2.333633e-02
1.210556e-02
6.423030e-03
4.444782e-04
2.631996e-02
9.457410e-02
1.809846e-02
4.016794e-05
6.786078e-03
3.575237e-03
2.695970e-01
1.406628e-02
9.510752e-02
3.594494e-02
1.383883e-01
2.982871e-01
7.020014e-02
2.340400e-02
1.261751e-01
6.162696e-02
8.086559e-03
1.668407e-01
2.621125e-02
2.477183e-01
2.167506e-02
1.421654e-02
1.993459e-05
7.178634e-02
2.157748e-03
3.012236e-03
4.047639e-03
5.819656e-03
1.020104e-02
5.677241e-03
8.146129e-02
2.861033e-02
6.713937e-03
1.485160e-01
7.546975e-02
5.185605e-02
1.273477e-05
1.872720e-04
1.421848e-02
1.369200e-01
8.036008e-03
1.587073e-02
2.517456e-01
3.851658e-02
1.370505e-02
9.436435e-05
2.699008e-01
9.740063e-04
1.863704e-03
4.167618e-04
3.323688e-03
1.162505e-03
5.589465e-02
1.415382e-01
6.496683e-02
2.494916e-03
1.407437e-01
4.732527e-02
1.293548e-03
2.930784e-02
1.193580e-01
3.100962e-03
3.992858e-03
1.934914e-03
4.805369e-03
