4.337150e-02
9.635487e-03
4.174623e-02
5.632524e-06
7.784933e-03
1.069008e-03
2.295400e-02
1.279563e-02
5.000068e-04
6.897913e-03
7.082946e-03
7.701673e-02
7.739069e-02
2.509398e-04
1.374054e-01
6.669934e-02
1.196901e-02
1.085586e-02
3.190561e-02
8.442251e-02
1.796457e-02
2.867580e-02
5.065023e-04
1.641230e-01
1.865275e-01
2.006451e-04
1.684273e-01
4.169277e-04
8.628652e-02
3.415614e-02
8.396229e-03
3.299421e-05
3.335432e-02
4.664739e-02
6.138875e-05
1.378174e-04
4.684595e-04
3.237117e-04
6.324133e-02
8.363742e-03
1.182254e-01
1.417845e-01
3.161416e-01
1.376547e-01
2.313187e-04
6.556175e-02
1.222143e-02
6.457930e-02
2.451628e-04
1.197090e-02
2.899295e-02
2.462984e-02
1.689619e-01
1.528866e-02
9.707883e-03
2.648311e-01
5.527379e-02
4.063345e-03
9.595908e-03
8.956228e-03
2.371031e-02
2.026685e-02
4.519358e-01
2.030870e-04
6.350803e-03
1.066010e-01
1.255340e-01
1.050107e-02
8.978450e-02
6.033643e-02
9.718027e-02
1.116986e-03
6.029157e-02
1.376053e-03
3.482844e-02
1.580427e-02
4.702350e-02
1.260693e-03
4.052988e-03
2.678563e-02
5.988094e-02
5.273560e-02
2.672609e-02
3.575540e-03
6.508002e-05
2.908918e-01
1.405834e-01
4.639211e-02
2.990866e-02
7.236213e-02
1.565527e-03
2.297532e-01
9.257687e-02
1.145895e-01
6.017881e-02
1.248603e-04
2.711869e-02
3.451754e-02
8.378555e-02
2.573525e-03
4.168297e-02
1.118045e-01
1.435182e-01
7.096487e-03
6.694413e-02
2.347182e-01
7.432606e-02
2.165889e-03
6.925213e-04
1.395327e-03
7.645817e-03
1.558809e-01
2.179643e-03
1.368510e-06
1.168856e-03
1.114476e-01
4.754546e-02
1.242915e-02
3.746822e-02
1.005290e-01
5.553449e-02
3.305050e-03
9.877739e-03
3.449083e-03
2.677461e-02
9.276602e-02
8.911270e-03
3.012579e-02
1.721743e-02
8.190084e-02
3.706201e-03
1.338400e-02
2.938325e-02
1.316100e-05
2.587867e-04
1.075156e-01
3.027609e-02
3.578831e-02
2.262150e-02
2.700439e-02
1.680940e-01
9.009308e-06
6.169318e-04
8.283443e-03
2.894300e-01
2.137855e-01
3.748874e-02
1.228721e-02
5.712039e-01
1.109874e-01
3.851555e-02
9.787545e-04
1.028006e-01
3.119594e-02
1.907485e-02
3.580623e-02
4.230365e-04
9.653556e-03
1.657176e-03
1.281333e+00
3.098971e-03
4.898196e-04
4.724964e-05
6.764655e-02
6.547668e-02
4.631946e-03
3.430818e-02
9.096536e-02
1.545514e-02
1.261449e-01
6.484866e-03
1.798388e-01
6.613510e-02
1.602558e-04
1.052910e-01
9.826776e-03
9.737483e-07
9.678061e-02
3.277834e-01
6.187047e-06
7.433628e-03
2.650877e-03
9.041049e-03
1.552943e-02
3.703553e-04
1.463401e-03
1.612941e-01
3.558121e-05
6.728608e-02
1.270567e-01
2.272089e-02
1.171572e-04
7.848695e-02
1.257912e-02
4.814505e-02
2.480366e-02
2.365756e-03
2.685424e-02
8.112537e-05
2.810876e-02
1.174071e-01
5.471129e-06
1.084963e-03
4.202845e-02
9.545231e-02
6.737124e-05
3.381818e-03
5.378338e-02
7.103245e-03
1.121570e-01
6.827447e-02
1.409675e-03
8.186272e-03
1.160556e-02
7.966490e-02
1.104667e-03
8.816220e-03
6.217582e-02
3.898302e-02
2.814989e-03
1.376508e-04
6.675916e-03
7.686097e-05
2.450654e-02
1.270073e-03
6.632492e-02
1.199934e-01
4.120416e-03
4.547751e-02
1.692207e-03
2.088222e-03
2.432924e-02
3.560510e-03
4.562727e-03
8.916144e-02
1.764128e-03
1.031213e-01
2.025728e-03
3.529402e-02
3.643105e-03
7.550333e-02
1.400168e-02
2.245383e-01
4.167801e-03
1.084905e-01
3.827927e-03
9.771596e-05
9.023144e-02
5.534992e-02
1.554800e-02
1.944021e-01
1.338696e-03
3.485592e-02
1.212591e-02
4.320163e-02
3.237519e-03
1.355954e-02
1.465139e-02
1.876493e-02
6.662757e-03
4.475383e-03
3.072429e-02
4.085728e-01
2.061373e-01
1.437903e-01
1.046574e-01
6.413402e-03
8.681949e-02
3.825911e-02
2.906889e-02
2.002241e-02
5.217083e-04
3.905015e-01
2.129289e-01
7.374930e-03
1.901121e-01
1.757020e-03
9.248621e-02
9.475673e-02
8.772337e-02
1.003749e-01
1.246110e-02
2.298455e-01
8.591346e-02
6.562327e-04
3.753092e-02
2.342317e-02
2.687757e-04
7.374733e-02
4.070540e-04
1.024370e-02
6.169747e-03
5.314993e-03
4.516215e-02
1.522693e-01
1.510452e-02
2.775217e-02
2.486456e-02
8.368384e-02
2.992139e-02
1.410778e-02
3.173456e-03
1.185482e-03
2.679014e-02
3.963716e-03
1.249903e-02
1.211431e-02
1.194541e-01
5.624949e-02
3.279816e-04
8.162106e-02
1.703506e-02
1.458857e-01
8.093257e-02
5.041500e-03
3.782242e-02
6.563008e-02
1.657067e-01
2.468074e-03
4.020495e-02
4.118448e-03
5.939683e-02
1.455411e-02
8.108919e-02
1.126218e-01
3.680976e-02
4.033889e-02
1.098167e-01
9.056289e-02
6.685402e-03
3.026115e-03
2.544697e-04
8.935777e-04
1.168268e-03
5.185921e-02
6.109528e-02
1.008260e-01
5.025548e-02
1.168846e-01
6.927371e-03
5.418274e-02
2.173140e-01
2.273333e-01
1.178087e-03
7.886387e-04
6.610829e-02
2.372835e-01
2.370020e-02
5.275233e-02
8.716380e-02
7.352453e-05
1.021139e-02
3.302714e-03
1.679933e-01
6.045443e-02
2.148882e-02
2.812915e-04
2.089377e-02
8.046461e-03
7.461359e-03
8.222404e-03
9.894004e-02
1.800266e-04
8.455354e-03
3.682647e-02
9.844824e-03
2.280958e-03
4.848013e-03
8.996586e-02
3.511473e-02
2.326317e-04
2.172322e-02
1.577152e-02
1.222696e-01
5.584399e-02
3.171556e-02
2.275187e-02
3.643720e-02
1.365417e-01
1.674887e-02
1.388349e-01
1.390779e-01
1.142653e-01
3.815178e-03
2.742816e-02
1.639963e-01
9.016604e-03
7.617670e-03
2.302487e-03
1.159014e-02
1.766751e-01
1.509872e-01
7.425496e-02
1.641092e-02
3.232690e-03
6.892757e-03
2.737426e-01
2.474816e-02
5.397474e-02
2.590192e-03
8.224951e-02
1.538801e-01
1.299479e-02
5.060416e-02
1.980103e-03
2.780250e-04
1.715389e-03
6.826665e-02
5.631238e-05
1.200608e-03
8.817338e-02
1.286788e-01
2.395076e-02
3.984281e-04
2.420681e-02
2.478697e-03
2.448715e-04
1.271807e-02
1.141487e-01
2.024176e-03
4.931286e-03
8.694597e-03
1.108017e-02
2.766446e-03
4.171379e-02
9.578611e-02
1.458370e-02
9.306841e-04
7.517962e-02
1.779343e-02
2.922490e-02
6.835662e-03
6.637537e-04
9.445324e-02
6.958819e-03
3.498714e-04
9.540373e-03
4.487861e-01
8.215278e-03
6.330021e-04
5.191485e-03
6.787912e-04
4.697900e-03
1.336183e-01
7.382701e-02
2.483237e-04
9.647641e-03
3.523364e-04
6.506778e-03
9.898293e-02
6.843970e-04
4.866272e-03
2.010177e-01
1.608788e-02
5.421761e-03
8.936837e-04
5.651923e-02
2.405463e-03
6.853289e-03
3.797977e-07
5.680384e-02
2.016813e-02
2.810217e-04
4.774168e-05
2.549683e-02
9.572658e-04
6.298172e-03
5.135892e-02
1.686089e-01
4.273878e-03
1.712945e-02
3.595594e-01
2.150333e-02
9.391548e-03
2.764137e-01
5.717844e-03
8.200957e-03
1.484217e-02
1.836764e-03
1.181758e-02
4.848234e-02
1.136802e-04
3.285946e-03
8.660320e-06
8.649645e-05
5.336647e-02
3.867082e-02
9.462681e-02
4.402971e-02
3.617090e-05
2.014330e-02
9.085168e-02
4.293147e-03
3.609202e-03
1.989850e-03
5.394878e-05
1.180676e-02
1.389556e-01
8.731492e-02
2.998983e-03
1.117577e-01
8.571708e-03
5.835380e-02
9.434584e-02
3.737540e-02
8.209453e-03
1.275780e-02
9.615154e-01
7.986655e-04
4.691903e-02
1.194505e-03
2.952978e-02
1.370649e-02
4.271160e-03
2.267639e-02
7.319069e-04
4.305987e-02
6.762344e-03
5.409236e-04
4.330332e-02
4.895925e-02
7.493618e-02
5.726070e-02
6.235537e-03
2.253852e-02
3.021571e-01
5.974652e-03
6.501959e-02
4.700058e-02
3.180500e-02
1.937399e-01
3.840115e-03
1.858549e-05
8.679775e-02
7.045265e-02
1.160791e-01
5.782392e-02
1.170664e-03
8.613292e-02
1.447623e-03
1.058756e+00
2.984228e-02
5.879379e-04
1.654569e-02
4.490866e-02
4.508114e-04
1.152868e-04
5.054912e-02
3.400847e-02
7.298883e-03
8.257144e-02
7.665503e-07
7.433930e-03
5.864073e-05
2.348399e-03
1.782073e-02
2.509154e-02
6.969900e-02
1.458494e-03
2.186001e-01
6.427501e-02
1.882970e-01
1.661009e-03
1.199470e-02
9.314724e-03
4.637727e-02
1.856233e-02
7.812443e-02
1.748775e-01
5.993599e-02
3.209289e-02
3.884892e-02
1.729279e-01
4.296480e-03
4.702126e-04
3.811989e-02
3.079890e-02
3.455604e-03
3.603733e-03
2.095506e-02
1.542654e-01
2.290399e-02
6.740073e-03
1.010296e-02
2.867245e-02
1.368050e-01
4.554177e-02
1.180082e-01
2.669317e-02
1.370259e-03
5.882262e-03
8.702595e-03
5.335318e-03
3.097336e-02
