2.562215e-02
8.060410e-02
1.895377e-01
2.975603e-01
6.976039e-02
9.044438e-02
6.254777e-05
2.928558e-02
1.349646e-03
3.036174e-02
1.694073e-01
1.555247e-02
2.661872e-02
2.714782e-02
5.396201e-02
8.036648e-02
7.619161e-03
4.143200e-02
5.083473e-02
3.169235e-03
8.795224e-02
4.257275e-02
8.627977e-04
3.006898e-05
7.403751e-02
3.045424e-02
9.129684e-02
2.414659e-03
5.256195e-02
1.899241e-02
1.628359e-02
2.431898e-01
5.818205e-03
1.563113e-01
4.551418e-02
3.656610e-02
1.061830e-01
9.722037e-02
5.700560e-03
1.485602e-02
1.166935e-02
3.748522e-03
1.324813e-02
4.119839e-02
7.497803e-02
6.923148e-02
1.413405e-01
8.847866e-02
1.627285e-02
1.523685e-01
2.005221e-02
5.018499e-05
5.349103e-02
6.273183e-04
1.072900e-01
2.787406e-02
8.169200e-03
4.230028e-02
7.646341e-02
6.849375e-02
5.285963e-04
9.941564e-03
1.076901e-01
3.550369e-02
1.821747e-03
6.182899e-02
3.006726e-03
1.482611e-01
5.108812e-02
4.610274e-02
3.275362e-02
2.650960e-04
2.373291e-02
3.314292e-04
1.424977e-01
1.292232e-01
2.752957e-02
4.126423e-02
4.717523e-03
1.055382e-01
5.194595e-02
1.304727e-01
7.554884e-03
7.642971e-02
7.832881e-02
8.076419e-02
1.233186e-01
1.695972e-02
1.706742e-01
3.137893e-02
6.537069e-04
2.601676e-06
6.792713e-02
1.067608e-02
1.050231e-03
2.695910e-02
1.394205e-02
4.824233e-03
1.874309e-01
2.475328e-02
2.972436e-02
1.746860e-01
1.348728e-02
6.577739e-03
7.159224e-02
8.073206e-02
1.390921e-03
2.375102e-04
1.231979e-03
1.950388e-01
1.284487e-02
8.037480e-01
4.563185e-02
8.550919e-03
1.461913e-02
5.354901e-03
8.916287e-03
2.504795e-01
1.628479e-02
8.517020e-02
5.143052e-02
1.337847e-02
1.527159e-02
2.142642e-02
1.840808e-02
9.357031e-02
1.487707e-01
7.586321e-02
6.452978e-02
1.273731e-02
1.664598e-02
3.950737e-02
2.390536e-02
4.712054e-02
8.943792e-02
1.455837e-01
6.144311e-01
2.762540e-02
5.723411e-03
1.411678e-01
2.585537e-01
2.748426e-02
1.374223e-02
4.920357e-04
8.433962e-04
2.296727e-04
1.567245e-02
6.743356e-02
5.870891e-02
1.156090e-02
3.055483e-03
3.818945e-04
5.110656e-03
2.602369e-04
9.739984e-03
1.219945e-02
9.050799e-04
8.774201e-02
1.975572e-02
1.709730e-01
7.171733e-03
2.423270e-02
6.166961e-02
8.143524e-02
7.794320e-02
1.164729e-01
9.526163e-02
4.964808e-02
1.522074e-01
3.715900e-02
3.499535e-02
1.754364e-01
4.395364e-03
2.647197e-03
1.692753e-01
6.516147e-02
5.741475e-03
1.499609e-02
1.693891e-02
2.447883e-03
6.982973e-02
4.047458e-03
1.064701e-01
1.725013e-04
6.452527e-03
1.342528e-02
8.960724e-05
1.084618e-01
1.024730e-02
1.618807e-01
4.682975e-02
4.594616e-02
4.646908e-03
4.105967e-02
1.373835e-01
1.547188e-01
6.483587e-02
4.452760e-03
2.986722e-03
1.102240e-01
3.794491e-02
2.602242e-03
4.595757e-02
1.142285e-01
9.125182e-02
6.895034e-02
6.684701e-02
3.298525e-03
5.161729e-02
3.417675e-02
2.427950e-01
3.431631e-03
1.385934e-01
4.177017e-04
2.257637e-02
2.077638e-01
1.605121e-02
5.481302e-04
3.795609e-02
1.421997e-02
3.074337e-03
2.446735e-02
2.635168e-02
1.756351e-02
6.669822e-02
8.023661e-04
3.470045e-02
1.401047e-01
7.368953e-02
1.060601e-01
1.837300e-03
7.749051e-02
2.042352e-03
2.114033e-01
9.849361e-02
1.943757e-03
7.963632e-02
2.231114e-02
3.204873e-02
1.059329e-02
2.241840e-01
1.031100e-01
1.118775e-02
2.716704e-03
4.646495e-03
1.310519e-01
8.263295e-03
1.683288e-02
2.144326e-02
1.980136e-02
4.014761e-03
2.846934e-01
1.490420e-01
6.779306e-02
4.358996e-02
1.012651e-02
3.008063e-01
1.919622e-02
5.396622e-02
2.530542e-01
4.217489e-01
1.695316e-02
3.081298e-02
1.017743e-01
3.408721e-02
1.897595e-02
3.670984e-03
4.500634e-02
3.035433e-02
1.175189e-01
1.193906e-02
2.621220e-01
2.390896e-02
2.118462e-02
8.032576e-03
2.261127e-01
6.876745e-03
6.387576e-06
1.022816e-01
4.709893e-02
5.171322e-02
8.989893e-04
1.013903e-02
3.930386e-02
1.012381e-02
1.047919e-01
1.556242e-01
5.564881e-03
3.591600e-03
5.435734e-02
1.842668e-01
5.668717e-02
1.697497e-01
4.193686e-03
4.668408e-03
5.949018e-03
2.474991e-02
4.677598e-03
1.583851e-02
4.576759e-03
1.894891e-01
7.213746e-02
2.344575e-02
1.349123e-02
1.804085e-02
7.147477e-04
1.876310e-05
1.758947e-02
7.203801e-02
1.211351e-01
2.015691e-02
1.006570e-01
4.767031e-02
2.248428e-02
1.103205e-01
8.620837e-03
6.072525e-02
1.690324e-01
6.150148e-02
1.207139e-01
2.375742e-02
1.770193e-04
1.910952e-05
2.854942e-02
6.443595e-02
1.303339e-01
4.714330e-01
4.251235e-02
5.559939e-02
5.572968e-04
9.254657e-03
9.054469e-02
4.194029e-02
7.532488e-02
1.027941e-02
3.453243e-02
4.154183e-02
6.765468e-02
2.526710e-03
3.430047e-01
2.180468e-03
2.176451e-02
9.886843e-04
6.374942e-03
6.764738e-02
4.107436e-03
4.139714e-04
2.013159e-01
6.986849e-03
6.081429e-02
2.479618e-02
2.137772e-03
1.418475e-02
2.500607e-02
1.650394e-01
1.546451e-01
8.836338e-01
1.968808e-02
2.796936e-02
5.670139e-04
7.392458e-04
2.035526e-02
8.370072e-02
1.638199e-01
3.205682e-03
2.941675e-02
9.499381e-03
1.449311e-01
1.275889e-02
3.112811e-03
1.237100e-01
3.055492e-01
1.105987e-01
1.004271e-02
6.803554e-03
2.403347e-03
6.258726e-02
2.944265e-02
3.062337e-05
1.546730e-03
3.802764e-02
9.599485e-02
1.255704e-01
5.664953e-04
1.569561e-01
4.621808e-02
4.478017e-02
2.396061e-01
1.439501e-01
5.714053e-03
5.590353e-03
3.823841e-03
2.855028e-02
5.310965e-02
4.134349e-01
6.458868e-03
3.172852e-05
1.379874e-01
1.068071e-01
9.276516e-04
1.417664e-01
3.439382e-02
3.091865e-02
2.386708e-02
9.239602e-02
6.344075e-02
3.664589e-02
3.634198e-02
4.789257e-03
7.173642e-02
4.594517e-02
1.499292e-03
1.286891e-02
3.877267e-02
2.489718e-02
3.622729e-02
4.095926e-02
1.087352e-03
7.981673e-02
2.657561e-04
4.554771e-02
3.715705e-03
8.378624e-02
2.544475e-04
1.881029e-02
7.416853e-06
2.080374e-01
8.945604e-04
1.386710e-02
1.113757e-02
1.796769e-01
1.252832e-01
3.668320e-03
6.148765e-04
7.402801e-02
9.702888e-02
2.781387e-02
7.694742e-03
9.322168e-02
9.480660e-02
2.630283e-03
7.609368e-03
2.864047e-03
1.347580e-02
6.035776e-03
2.006358e-03
9.009864e-03
2.575122e-02
1.134859e-01
8.758708e-02
1.688380e-02
6.140412e-02
2.236404e-02
9.035714e-04
2.818704e-01
7.149452e-02
3.042710e-02
7.835095e-03
2.998765e-02
2.855214e-02
1.170094e-01
3.219100e-02
9.990975e-02
8.164536e-02
4.125520e-02
2.111789e-01
4.928854e-04
1.453020e-02
3.884609e-01
1.881992e-01
1.370577e-02
6.515521e-02
1.486619e-01
2.760815e-02
1.583975e-01
2.656970e-02
8.620651e-03
1.092662e-01
7.665183e-02
8.324566e-03
1.350130e-02
2.048937e-03
1.920767e-02
4.868880e-02
6.940388e-03
6.429842e-03
1.166793e-01
2.692534e-02
8.227596e-03
1.050775e-01
4.290060e-03
4.863159e-03
6.101920e-02
2.100091e-06
1.610488e-03
1.090959e-03
2.042303e-03
1.488638e-01
8.435983e-02
5.944319e-02
3.536065e-03
1.205021e-02
4.852198e-02
6.907845e-03
2.780690e-05
3.109693e-02
5.346210e-03
4.306949e-01
5.612186e-03
3.215717e-02
6.375281e-02
3.247249e-02
1.191278e-03
4.027842e-02
2.568452e-02
7.442819e-02
4.400878e-05
1.499246e-03
2.167582e-02
1.663700e-03
2.158464e-02
1.673503e-02
9.446630e-02
4.536390e-02
8.098426e-02
1.021522e-01
3.785784e-03
7.434217e-03
1.782401e-01
1.630351e-01
3.782829e-02
1.269231e-04
2.778190e-04
4.334061e-02
9.995260e-03
8.167112e-02
1.509950e-03
3.742334e-02
1.284271e-01
8.282018e-02
7.903716e-04
1.039465e-01
3.401110e-04
7.104771e-03
5.288950e-02
8.920536e-02
5.937474e-03
1.246656e-03
1.635099e-04
1.354397e-01
2.289456e-02
1.764427e-01
6.016171e-03
2.457598e-02
3.011907e-03
1.545396e-01
1.477366e-02
9.047220e-02
1.401973e-01
2.685333e-03
4.245393e-04
1.054139e-01
1.837636e-03
1.910407e-01
2.767267e-02
3.700810e-03
4.145788e-02
1.113460e-02
3.501389e-02
1.593729e-02
2.197752e-04
9.051056e-02
1.294183e-01
8.131360e-03
3.304974e-03
1.729963e-01
3.782172e-02
2.133004e-02
1.221072e-01
1.490593e-01
6.688074e-03
1.231920e-01
1.631297e-02
8.635339e-02
2.028392e-01
9.816658e-02
8.768300e-03
6.417824e-03
2.934222e-03
1.667310e-02
8.506931e-02
1.052910e-01
3.445737e-02
5.055781e-04
