2.647940e-04
6.570007e-03
5.806987e-02
1.451470e-02
7.733767e-04
9.812184e-03
7.413308e-02
1.416249e-02
3.391524e-02
3.891299e-02
1.389764e-02
6.114203e-02
1.058883e-02
7.623990e-02
1.690811e-03
2.007459e-02
3.127523e-03
8.869820e-02
3.996741e-03
1.114570e-03
2.354731e-04
3.542156e-02
9.728832e-04
9.325126e-02
1.041407e-02
1.051771e-02
3.234919e-02
6.050465e-05
5.344496e-02
2.027776e-02
1.807766e-01
3.503757e-04
6.610940e-02
3.337631e-03
3.144819e-03
6.180844e-02
1.956158e-04
1.150711e-03
7.106654e-02
1.697452e-02
2.568246e-02
4.147065e-03
1.759628e-02
6.584512e-02
1.401456e-01
3.187797e-03
1.307521e-01
8.183802e-03
2.257213e-02
5.826639e-05
1.180262e-03
1.271239e-01
1.875270e-02
1.910457e-02
1.599017e-03
1.442628e-02
1.504702e-01
3.209406e-01
5.129951e-03
4.526335e-02
2.956989e-02
1.832383e-03
4.870967e-02
7.034056e-03
3.837860e-02
1.135235e-01
1.519059e-01
2.003260e-02
5.690923e-04
1.709507e-02
3.717310e-02
5.449373e-02
3.853029e-02
3.874557e-03
2.207802e-02
2.796396e-04
2.205924e-01
6.267984e-03
3.451690e-03
6.378263e-03
3.499801e-02
8.837565e-02
1.187027e-02
2.089567e-02
1.096965e-03
2.970488e-07
3.283620e-03
3.476812e-01
4.079896e-02
3.343877e-02
6.647546e-03
6.837695e-03
6.564207e-06
2.122591e-02
1.068709e-02
3.025109e-04
5.587329e-03
8.170046e-02
2.543978e-01
4.566459e-03
5.308939e-04
1.899325e-01
3.070312e-03
7.035028e-03
3.496775e-02
3.874700e-05
1.362278e-01
6.524774e-03
5.251107e-05
3.659005e-02
3.158617e-03
1.162716e-01
1.264451e-04
1.576883e-02
1.147996e-02
7.210575e-02
1.006919e-02
4.144279e-02
6.892463e-02
9.200404e-02
5.400589e-02
2.176576e-02
3.395816e-03
1.129927e-01
1.538706e-03
1.312844e-03
9.443005e-02
4.914256e-02
8.925286e-02
2.593571e-02
4.365222e-01
1.240063e-02
4.472449e-03
1.158744e-02
1.408268e-04
3.261637e-02
3.805342e-02
6.846173e-02
9.203065e-04
1.214750e-01
8.477824e-03
1.486296e-02
2.652585e-03
5.459180e-03
5.214123e-03
8.758204e-02
1.079049e-02
1.313325e-03
2.364026e-03
6.167882e-03
1.399114e-02
3.465705e-04
4.789180e-02
8.098867e-02
5.569501e-02
2.711625e-06
7.853985e-02
3.921399e-04
1.461751e-01
3.865281e-01
4.276627e-02
6.202673e-03
6.955796e-02
1.291860e-01
1.291690e-01
6.637842e-04
1.963145e-02
1.959195e-03
2.023814e-03
6.439918e-02
4.272187e-02
4.499497e-02
7.429303e-03
2.119136e-02
4.470407e-02
8.942008e-02
2.664736e-01
5.327657e-02
5.156904e-02
3.218062e-02
1.071926e-02
6.570050e-05
1.391767e-03
8.464705e-04
1.675580e-02
1.741571e-01
8.497256e-02
2.358704e-04
2.754896e-02
2.693013e-01
1.297117e-01
3.503778e-02
3.534748e-03
2.035697e-01
2.349347e-02
4.084183e-03
4.631433e-01
4.119332e-02
7.125155e-02
3.313820e-02
1.279701e-01
1.345580e-03
6.866436e-02
1.434064e-02
3.149436e-02
1.896597e-02
2.057819e-01
1.726991e-02
1.530448e-03
1.338827e-02
1.342061e-02
3.240125e-03
5.499697e-02
2.218432e-03
4.847832e-04
1.118475e-03
1.698033e-03
1.100916e-01
8.752986e-02
2.901799e-02
7.966952e-04
2.371420e-02
3.125670e-02
1.353154e-01
2.134510e-03
2.427068e-03
6.788034e-04
1.535399e-03
6.602239e-02
7.603350e-03
1.970194e-01
1.651106e-02
5.634225e-02
3.092210e-01
1.377004e-03
1.601716e-02
2.442140e-03
2.500894e-01
6.799330e-02
3.138954e-04
1.038639e-01
1.047373e-03
8.004055e-02
1.687478e-01
1.109931e-02
2.829306e-02
7.102117e-03
2.210176e-01
5.904071e-02
4.092075e-04
1.497394e-01
5.667493e-02
1.624056e-01
1.454941e-03
1.710755e-03
2.295878e-01
1.375649e-01
5.452870e-03
2.858183e-02
1.011854e-02
1.454975e-04
2.649063e-02
5.235865e-03
5.738934e-03
8.577203e-02
2.382375e-02
4.312289e-02
2.347734e-02
1.314474e-02
1.025563e-02
1.069037e-01
1.521995e-01
6.567975e-01
2.872691e-01
5.946272e-03
1.330444e-02
8.150909e-02
3.616248e-02
2.090730e-02
2.205425e-01
1.102963e-01
1.921557e-02
3.419717e-02
1.542928e-01
3.518043e-02
4.654436e-02
4.351447e-02
6.961209e-02
1.242507e-02
1.778453e-02
1.859005e-02
6.462929e-02
1.602601e-01
4.172210e-02
3.842467e-02
4.363188e-06
4.549888e-02
2.083142e-01
4.890407e-02
3.747582e-05
3.314568e-02
1.039747e-01
3.980076e-02
5.931926e-02
2.791949e-02
1.058568e-05
4.235420e-02
5.337715e-02
3.416779e-02
1.227443e-01
7.570923e-02
2.722715e-01
4.354470e-03
8.527753e-03
1.620628e-01
8.473371e-03
5.168873e-02
6.915986e-03
5.917407e-04
5.354920e-02
5.611786e-02
1.617235e-01
6.182549e-02
1.166664e-02
2.689203e-02
2.110282e-02
4.268080e-02
2.339122e-02
4.793387e-02
3.290631e-01
1.214984e-02
1.091398e-02
2.153174e-03
4.178138e-02
4.713340e-02
7.367300e-02
6.187269e-03
2.383985e-02
4.226175e-03
9.094741e-05
7.002516e-03
2.952936e-03
5.828634e-02
5.514308e-03
4.390840e-02
2.078510e-02
1.509982e-01
4.362200e-02
4.505264e-04
1.225364e-02
6.482980e-02
2.177548e-03
6.260642e-03
2.980275e-06
2.588962e-03
1.631946e-03
2.901398e-01
6.735402e-02
5.250521e-02
9.900873e-03
9.861476e-04
5.070395e-03
1.807021e-02
8.033028e-05
1.221163e-04
2.968838e-01
1.620134e-02
1.679062e-02
1.173195e-02
2.523402e-03
6.876009e-03
2.969336e-01
1.162735e-01
2.137093e-02
3.682100e-04
5.112326e-03
4.915495e-02
1.448665e-03
1.271521e-02
1.819680e-03
1.832094e-03
1.356931e-02
2.628888e-04
2.449704e-01
4.271804e-02
2.392117e-02
1.243601e-01
2.831560e-02
3.841344e-02
6.286427e-03
4.414475e-02
1.347976e-02
1.107906e-02
2.185845e-02
1.295385e-02
1.288938e-01
2.649706e-02
4.216310e-02
2.210742e-02
8.629887e-05
2.200745e-01
2.264077e-01
1.413429e-03
4.746183e-02
2.677300e-01
4.588557e-02
8.456194e-03
3.946814e-03
1.065108e-01
8.382726e-02
2.447078e-02
1.554615e-02
2.536817e-02
1.172576e-01
2.142340e-02
5.764122e-03
1.140571e-01
8.272341e-02
2.906154e-01
4.246266e-03
1.248218e-01
5.904697e-02
3.060143e-02
5.216352e-03
2.185782e-01
3.369050e-01
1.423408e-02
2.828319e-01
5.322886e-02
3.066460e-02
9.252730e-03
2.929494e-04
2.012016e-02
1.240474e-01
2.419633e-02
1.259542e-03
1.323774e-01
2.817672e-02
1.037108e-01
1.266661e-01
1.993860e-01
1.619288e-04
1.922854e-02
8.697787e-02
1.357097e-03
2.883702e-02
2.857344e-02
2.069300e-02
5.354853e-02
6.142702e-02
1.121995e-03
2.175994e-03
1.444014e-03
1.979389e-07
5.701881e-01
1.764205e-01
4.698418e-02
1.929901e-02
2.325236e-02
3.002716e-02
1.109911e-02
1.507452e-03
1.238130e-01
5.967829e-04
7.893280e-02
9.050237e-05
1.041978e-02
8.762833e-04
1.560429e-02
3.480398e-02
2.499332e-02
8.565563e-02
1.404458e-02
7.843748e-04
1.961548e-02
1.241503e-01
1.676265e-02
1.181590e-01
2.981794e-02
3.413893e-03
9.797915e-04
3.856726e-02
3.986180e-02
4.849219e-02
3.790812e-02
6.967216e-02
1.479481e-02
1.176099e-02
8.139843e-02
3.285913e-04
3.864523e-03
1.605839e-03
2.071177e-01
3.028185e-01
2.173370e-04
7.043872e-02
2.557030e-02
8.338952e-02
1.243523e-02
3.417816e-01
1.069794e-02
1.202598e-02
1.047121e-01
3.929032e-02
3.968653e-02
9.521208e-02
9.163435e-02
3.074731e-03
3.387212e-02
8.383732e-02
6.739395e-01
4.662572e-03
6.176975e-03
1.321232e-01
2.067917e-01
2.081410e-02
4.058378e-02
6.716921e-03
2.195373e-02
2.419606e-02
1.002011e-01
2.656884e-05
1.115036e-04
9.376471e-04
2.376316e-03
1.737568e-02
3.665444e-01
2.620069e-02
6.849033e-02
7.291781e-05
6.369423e-03
1.223426e-05
2.959064e-02
3.651679e-02
1.734087e-05
5.926517e-06
4.453278e-02
1.515687e-01
1.137364e-02
3.030119e-02
1.139596e-02
1.902509e-01
1.273230e-02
2.921331e-03
1.018704e-01
2.127504e-02
2.405283e-03
1.812795e-05
1.403514e-01
1.457017e-02
7.596327e-03
4.579137e-02
4.372020e-05
7.075043e-02
2.171821e-03
7.504829e-02
2.432374e-03
4.449463e-04
5.184447e-03
1.077149e-02
6.428396e-02
1.547020e-02
2.794251e-01
1.569741e-02
1.076756e-01
6.067643e-02
6.534911e-05
2.681401e-02
6.623100e-05
2.527357e-02
2.283408e-01
8.473028e-02
5.714580e-03
4.560709e-02
2.631287e-02
6.107690e-02
2.307038e-03
7.532717e-03
4.243359e-01
8.965650e-06
7.191104e-02
1.944860e-04
5.512779e-04
1.694009e-03
1.013387e-02
2.988625e-02
4.441198e-03
2.431808e-02
3.430946e-02
3.613000e-01
1.675248e-02
6.919219e-03
4.361662e-02
3.037017e-03
