2.616027e-05
9.039426e-03
1.005171e-01
8.590560e-04
6.415011e-02
6.792869e-04
1.794095e-02
4.022472e-02
5.789718e-02
1.849947e-03
9.764442e-02
1.493314e-01
4.453091e-02
9.987954e-03
1.015194e-01
6.588464e-03
3.947607e-03
4.737642e-03
3.602063e-05
1.351830e-03
9.233842e-02
6.513096e-02
7.132703e-02
4.779757e-02
4.847390e-02
1.508182e-02
5.696738e-03
7.815435e-02
2.425573e-04
1.739806e-01
2.386414e-02
4.189928e-02
1.353529e-01
6.102820e-02
1.210662e-02
3.751067e-03
3.884341e-02
5.609000e-02
1.157192e-01
1.284157e-02
3.431741e-02
1.639283e-01
7.090709e-03
6.549869e-02
4.633962e-02
1.519584e-01
1.582107e-02
3.082396e-02
6.612959e-02
6.675417e-03
9.284113e-02
1.784736e-02
4.880985e-02
3.961612e-04
3.640989e-02
1.904155e-02
2.002383e-02
2.768525e-03
1.638382e-02
5.495743e-02
3.976522e-02
1.346846e-04
2.196168e-03
4.622681e-04
4.552668e-02
8.888999e-03
6.571588e-02
2.559079e-03
3.727689e-03
3.593632e-03
4.386674e-02
4.450657e-02
4.095320e-02
9.818989e-02
2.395610e-02
2.228162e-02
2.218840e-01
1.466833e-02
9.793884e-02
7.420537e-02
6.796121e-02
6.137900e-02
4.819245e-03
7.518817e-03
3.778124e-02
3.074080e-03
1.039086e-01
5.278428e-02
1.290138e-01
1.249368e-01
4.599281e-02
3.599754e-02
1.191340e-01
1.450571e-01
8.167531e-02
4.642212e-02
1.113278e-02
4.186964e-03
3.125595e-01
1.496835e-05
4.395201e-02
1.300513e-03
4.516454e-01
3.755375e-02
5.288534e-02
2.375057e-02
5.082334e-02
9.525198e-02
6.249925e-02
3.270323e-03
4.717147e-02
6.673754e-03
2.037138e-03
2.190139e-02
8.014429e-02
1.196142e-02
1.887395e-01
2.733697e-02
8.433784e-02
5.920521e-02
1.378528e-03
4.224212e-02
5.284945e-03
7.232428e-03
9.697462e-03
4.551670e-02
2.279422e-01
3.613228e-02
2.841780e-02
3.343343e-02
5.998191e-02
2.373219e-02
4.793109e-04
4.402093e-02
4.312713e-02
1.892548e-01
6.626810e-02
2.429288e-02
6.846590e-03
3.145071e-02
1.014391e-01
1.070057e-01
2.267455e-03
1.266238e-02
5.936501e-02
5.506648e-02
9.221477e-02
1.104465e-01
2.954001e-01
2.086244e-02
1.897184e-02
5.809952e-02
1.509141e-01
5.306863e-02
2.298749e-02
2.097889e-01
1.494733e-03
8.888528e-03
2.494243e-01
1.113733e+00
2.565225e-04
7.526198e-02
3.416147e-04
2.810381e-03
1.248664e-05
7.089661e-01
7.530095e-02
2.539233e-02
1.289550e-01
2.445023e-03
2.058386e-03
7.584234e-02
1.096624e-02
1.491566e-01
2.147845e-03
1.744382e-02
1.340077e-03
2.330517e-01
2.326761e-03
8.349976e-03
7.958275e-04
7.890758e-02
5.764196e-02
3.399715e-03
1.679855e-02
3.773494e-02
8.529393e-03
1.130493e-02
1.424761e-02
3.690110e-02
1.229046e-01
5.993857e-04
2.645595e-02
8.558841e-02
3.801561e-03
2.250081e-02
1.118324e-08
2.457466e-02
4.047445e-02
1.933679e-01
1.760928e-01
2.649640e-03
9.130979e-03
3.136661e-02
1.468187e-01
4.019827e-04
2.159391e-02
2.551576e-02
3.377969e-02
7.200305e-02
1.640640e-01
1.430963e-01
2.399202e-02
1.904758e-03
3.779598e-03
5.612109e-02
1.700695e-02
2.325200e-02
1.148197e-01
4.085305e-05
2.407589e-02
2.871657e-01
2.376841e-02
4.031627e-03
4.407343e-03
8.823630e-03
1.326433e-02
1.736121e-02
2.981679e-02
9.721262e-02
3.280262e-02
1.666327e-02
3.326730e-01
1.114066e-02
3.581929e-02
1.626922e-02
1.510083e-02
1.072206e-01
8.428366e-02
4.898834e-03
8.283278e-02
1.176223e-03
1.517217e-02
2.770043e-03
3.749597e-02
2.788860e-02
1.772968e-02
2.863245e-02
6.121863e-04
1.064067e-02
3.380119e-02
1.211526e-04
1.519606e-01
6.055951e-02
3.935568e-02
2.712668e-04
6.571819e-03
3.151228e-02
7.666959e-03
2.555578e-02
8.032875e-01
9.360158e-04
2.874306e-01
1.913158e-02
9.988030e-03
8.246690e-04
1.110584e-02
2.508704e-02
5.612845e-02
4.649524e-02
1.389874e-02
2.269850e-02
4.766014e-02
8.443142e-02
2.399161e-04
3.528946e-04
1.435352e-02
1.557258e-02
2.548316e-01
3.876722e-03
9.576800e-02
1.021109e-01
2.803144e-02
2.136449e-04
5.090750e-03
5.109513e-02
1.932472e-01
5.712138e-03
3.265476e-02
1.839589e-01
2.516706e-01
1.120965e-02
1.173465e-02
3.953685e-02
1.131161e-03
3.179482e-02
1.915458e-01
1.867428e-03
3.489907e-02
1.387328e-02
4.477271e-02
3.003488e-02
6.304484e-02
7.427110e-03
4.988521e-02
1.221736e-02
5.629938e-02
3.283853e-03
1.750684e-03
1.385578e-01
7.927864e-03
2.541690e-01
9.467253e-03
2.039563e-02
1.278736e-03
2.877298e-02
7.229994e-03
5.093420e-02
4.705948e-03
1.215373e-01
1.870421e-01
1.892430e-04
6.800689e-02
4.286945e-01
1.017712e-01
3.315114e-04
3.933812e-02
7.498420e-02
5.745479e-02
2.167157e-01
1.845256e-02
5.688340e-03
4.860970e-03
1.476758e-02
3.292449e-02
2.806312e-01
2.196543e-04
7.000925e-02
4.626342e-02
4.795021e-03
6.498574e-03
6.233010e-04
9.185925e-02
1.209837e-02
5.678728e-03
1.518388e-02
1.163057e-04
5.165252e-02
1.169766e-02
7.169449e-03
3.048929e-01
1.000315e-02
1.192689e-01
6.439380e-02
3.717434e-03
2.470764e-02
3.301719e-01
6.221202e-07
1.354453e-02
2.125413e-02
1.479113e-02
1.895080e-01
2.432964e-02
1.164232e-04
1.613151e-02
2.595771e-04
1.560693e-01
3.493569e-02
1.092641e-02
4.130347e-02
1.081100e-03
8.717318e-02
8.510639e-02
1.519154e-02
2.525013e-02
5.154492e-02
1.545784e-02
1.555085e-02
3.472341e-01
4.528109e-02
6.629002e-02
5.417906e-02
1.859635e-03
9.029899e-04
3.682296e-02
7.828888e-03
5.919409e-04
6.882572e-04
1.709243e-02
6.860579e-02
1.062587e-01
5.858994e-04
5.983072e-03
1.375376e-01
7.422304e-02
1.348244e-02
1.941276e-02
6.381775e-03
3.775413e-02
6.953343e-03
5.323075e-02
8.324987e-02
9.831669e-05
1.969015e-02
3.098288e-02
1.320258e-01
6.541103e-03
4.607180e-02
4.328222e-04
3.339815e-02
1.830664e-01
2.292232e-02
6.276098e-02
9.873296e-02
1.310355e-03
4.951972e-02
1.242701e-01
1.640008e-02
2.181391e-03
9.427022e-04
4.209604e-01
8.402992e-03
3.195927e-01
2.360925e-02
1.781843e-03
3.505801e-02
8.961684e-02
5.645937e-02
6.174769e-03
2.666163e-01
6.855193e-03
6.080570e-04
4.287735e-03
2.170379e-02
1.067083e-01
1.329407e-02
3.330551e-02
8.088293e-03
6.980801e-03
3.698282e-02
4.207802e-03
4.471144e-03
6.799844e-02
2.703104e-02
1.769763e-02
2.854211e-01
8.340379e-02
3.873568e-02
5.829304e-03
2.279863e-01
2.381712e-03
5.226235e-02
7.079681e-02
1.434052e-01
4.086618e-02
1.735721e-02
2.064729e-03
1.420798e-02
2.775365e-02
3.596088e-02
5.460862e-02
9.358486e-03
9.337490e-03
9.110115e-02
1.548901e-03
2.735715e-08
1.533426e-02
2.213257e-02
2.079232e-02
2.584853e-02
3.053682e-01
2.314327e-01
1.662013e-03
3.859798e-03
1.409767e-02
1.328673e-02
9.434659e-03
9.578993e-03
6.746072e-02
9.683471e-05
1.560537e-01
7.244634e-03
1.991205e-01
1.554327e-02
5.939154e-03
1.251268e-02
5.188176e-02
4.625708e-06
1.905482e-03
2.191463e-01
1.138324e-01
1.732928e-02
4.683711e-03
6.225210e-04
1.388952e-03
1.217685e-01
1.368927e-01
1.339989e-03
3.097957e-07
6.046823e-03
4.530224e-04
5.212703e-02
3.820113e-04
1.265289e-02
4.007137e-02
1.669226e-05
9.971509e-03
8.213433e-02
2.451725e-03
1.107404e-03
5.784019e-02
1.956098e-01
2.659730e-04
1.374782e-06
1.932527e-02
6.800810e-02
1.729878e-01
1.260428e-05
4.544738e-03
3.104632e-01
9.248437e-03
3.705900e-02
5.457908e-02
2.208953e-02
1.062277e-01
2.792927e-02
1.118990e-01
4.152728e-02
2.025257e-03
4.032075e-02
2.848787e-03
3.381174e-02
1.521886e-02
5.594379e-04
1.599617e-01
2.757540e-02
1.943000e-03
3.913310e-02
5.263295e-05
2.053652e-02
2.027563e-01
3.310606e-02
6.445876e-02
1.078859e-03
2.558143e-03
2.483196e-01
1.092448e-02
2.253852e-01
1.881637e-02
1.786733e-01
7.960790e-04
3.027311e-02
3.931812e-02
7.550117e-02
2.049636e-02
3.516966e-03
5.885213e-02
1.710245e-01
8.557617e-05
9.484218e-03
2.882041e-03
5.562003e-03
3.869282e-03
8.834132e-04
4.908931e-02
3.519418e-03
6.294524e-02
1.819223e-03
2.352787e-02
3.508950e-03
6.179684e-02
1.629614e-02
2.567931e-01
1.893801e-04
6.615485e-02
1.208256e-04
6.912749e-03
2.314402e-02
3.565145e-02
5.079640e-02
1.649185e-03
1.516506e-02
7.775250e-02
1.418541e-01
9.266193e-03
3.402210e-02
5.755869e-03
1.271456e-02
1.129268e-05
9.683265e-03
1.574888e-03
4.515245e-02
8.777851e-02
1.081127e-01
