2.811739e-02
1.034944e-02
6.666666e-02
6.424471e-02
3.185659e-03
3.164464e-02
6.305096e-05
2.702513e-02
1.765899e-03
1.512141e-02
8.440822e-02
5.957420e-02
6.820898e-02
3.157853e-03
2.042497e-01
3.309552e-02
7.946588e-03
1.036291e-03
2.095514e-01
9.120171e-02
1.643481e-01
9.657298e-04
1.654745e-02
1.631682e-04
4.452357e-02
3.844834e-02
3.933267e-02
4.664689e-03
1.906754e-02
6.974776e-02
1.746363e-02
1.574020e-02
8.604185e-02
2.790743e-02
7.395412e-02
1.801917e-02
2.679538e-02
2.496650e-02
3.862589e-04
2.364151e-03
7.668238e-03
1.436154e-03
8.130158e-03
9.577851e-04
8.015991e-03
6.010040e-01
3.218165e-04
8.180877e-03
9.843535e-02
1.514164e-01
2.386091e-02
1.099784e-02
9.801747e-04
1.763065e-01
1.389529e-02
1.782657e-01
5.887970e-02
8.395919e-03
1.568300e-02
5.187484e-02
1.786117e-01
3.353281e-03
1.118669e-02
6.018785e-03
1.727491e-01
1.495879e-02
3.675590e-03
1.455484e-03
1.500882e-02
4.145040e-02
6.887737e-02
2.346104e-02
1.560150e-02
6.791494e-03
2.553648e-03
2.142739e-02
6.310454e-04
1.897123e-02
1.842586e-03
4.156632e-02
2.014929e-02
7.169841e-05
3.185943e-03
1.475832e-01
1.255923e-02
5.075347e-06
4.853374e-03
2.956332e-05
4.701232e-02
3.375237e-03
1.259998e-01
1.797841e-02
1.263827e-03
4.228662e-03
1.863176e-02
1.558812e-02
6.405832e-02
6.649981e-02
2.710851e-01
4.017951e-03
1.340217e-02
1.922510e-01
3.945389e-02
6.958855e-03
3.445408e-02
3.502870e-02
1.642952e-01
1.250706e-01
4.655694e-02
4.939557e-05
5.139577e-04
1.941958e-01
5.775690e-02
1.799668e-02
5.771109e-02
1.987299e-01
1.023700e-01
2.832733e-01
6.858897e-02
2.087964e-02
7.084910e-02
3.024212e-02
5.347742e-02
1.530632e-02
1.890083e-03
2.975899e-03
4.607118e-04
9.003735e-04
9.678059e-03
2.333884e-02
1.671753e-02
2.341268e-02
3.354400e-02
5.893649e-03
2.610351e-01
1.991381e-02
1.681846e-02
7.605996e-02
2.619087e-02
8.442552e-02
3.921027e-03
3.737590e-03
4.329948e-03
7.495119e-02
8.148474e-03
3.595870e-01
1.384742e-01
1.896746e-01
1.144428e-02
5.084683e-02
3.724486e-03
1.255244e-03
7.027349e-06
4.790484e-03
5.207128e-02
2.548575e-02
8.284549e-03
1.326769e-01
7.664485e-03
1.474501e-02
2.086000e-02
3.683615e-02
6.246475e-03
3.636949e-02
1.533550e-03
2.280298e-03
1.004451e-01
1.739672e-02
1.289657e-03
9.899749e-05
2.489141e-02
8.295481e-02
1.291027e-01
6.888443e-03
6.194548e-02
5.529693e-03
3.274429e-02
1.245054e-01
1.581589e-03
5.837100e-04
8.705100e-02
6.460749e-02
4.324250e-02
1.734116e-04
2.241700e-01
4.108476e-05
5.030800e-02
1.409315e-05
2.887822e-02
1.020477e-02
1.947209e-01
1.186005e-01
3.031456e-02
3.987158e-02
1.489435e-01
2.893596e-02
4.055637e-02
3.228650e-04
4.891583e-02
1.165770e-01
1.834364e-02
2.391313e-04
1.522488e-01
7.668562e-02
4.654290e-03
2.892993e-03
3.330115e-02
5.811053e-02
1.895130e-02
4.638560e-02
1.231541e-02
3.381478e-06
1.422790e-02
1.609218e-01
1.325923e-02
2.228000e-01
3.063243e-02
2.406382e-01
1.177574e-02
1.788635e-03
8.123259e-02
1.864489e-03
6.442965e-03
1.714430e-02
4.132648e-02
1.837896e-02
4.941289e-04
4.132987e-04
3.488894e-02
7.565727e-02
1.066653e-02
2.468127e-03
5.363040e-02
1.863186e-01
9.657575e-02
1.170730e-02
1.775039e-02
1.133544e-02
3.141671e-02
8.555698e-03
6.812676e-02
2.137423e-03
2.886036e-01
4.520111e-03
1.621439e-01
2.865552e-02
2.090792e-02
1.932516e-02
2.961050e-01
5.036179e-02
3.443002e-03
1.626191e-01
8.589985e-03
2.209852e-02
1.776353e-03
1.290920e-02
3.656312e-01
2.697407e-03
1.291833e-02
2.840370e-01
2.467601e-02
7.775366e-02
9.629178e-04
7.558320e-02
5.116489e-02
1.086737e-02
3.278629e-03
1.921753e-02
1.063778e-01
1.165197e-02
8.548928e-03
4.622724e-02
2.906576e-02
1.059124e-02
2.691512e-01
8.486345e-02
1.553060e-01
8.422967e-02
1.893663e-02
7.208254e-04
8.792684e-04
7.310389e-03
5.524141e-03
1.292507e-01
1.900950e-02
1.695530e-06
1.047761e-02
5.713788e-02
1.095730e-02
9.544115e-02
3.084376e-02
5.245147e-03
2.922276e-05
3.928934e-05
2.329081e-02
3.911833e-03
9.568713e-03
2.620507e-02
2.295832e-01
5.638404e-02
2.517876e-02
1.988169e-01
9.936545e-03
1.001315e-02
5.384046e-04
4.144915e-02
5.332310e-02
3.658538e-02
9.525900e-02
2.717392e-04
1.997504e-03
3.422320e-02
4.031767e-04
9.162139e-03
6.199855e-03
4.054548e-03
3.726088e-02
1.835568e-02
2.207516e-02
5.835514e-02
1.352053e-02
1.383182e-01
3.629880e-02
1.104011e-01
2.580603e-03
3.349143e-02
1.552426e-03
4.283724e-03
2.921910e-02
3.835525e-02
8.697478e-05
2.081274e-04
8.427857e-04
2.500622e-02
1.329433e-01
2.494165e-04
2.774126e-03
6.035252e-02
3.224221e-04
4.972939e-02
2.054702e-04
2.694176e-02
3.120280e-04
1.516920e-01
2.437256e-02
1.230119e-01
3.915799e-02
9.533426e-02
4.767586e-02
9.652420e-03
4.765359e-02
2.874272e-02
1.567826e-02
7.569900e-04
1.590219e-03
3.422134e-02
1.712313e-02
2.925401e-02
6.156584e-04
3.883503e-03
2.384786e-01
3.435880e-03
7.314482e-02
7.672625e-02
2.183865e-01
1.068883e-03
1.165997e-02
9.357830e-03
5.157742e-02
2.183943e-02
6.353908e-02
4.194540e-02
1.476980e-01
1.747845e-03
7.396301e-05
1.471627e-02
1.292575e-02
5.927752e-02
4.053780e-03
1.814878e-04
4.743018e-02
8.109087e-05
1.303735e-02
2.306883e-02
1.499461e-02
2.120946e-02
8.925895e-03
5.520141e-01
1.594010e-05
1.160830e-02
1.455548e-06
8.609550e-02
3.183313e-02
1.654133e-02
2.431661e-02
5.369850e-03
6.456019e-02
3.938531e-03
1.051086e-02
1.807734e-02
3.843833e-01
1.089548e-01
1.006659e-01
1.439062e-01
5.102885e-02
4.688195e-02
3.196843e-02
1.112691e-03
5.471733e-02
4.655773e-02
3.075392e-02
1.329997e-02
1.844451e-01
2.697317e-02
5.707360e-02
1.649833e-01
4.539715e-03
7.054225e-02
7.277627e-05
1.611987e-03
3.579375e-02
1.169373e-01
2.676636e-02
7.412810e-02
6.045551e-03
1.607900e-03
9.763755e-03
1.605683e-01
2.773296e-01
4.891477e-02
3.554603e-03
1.890614e-01
2.467747e-01
2.417464e-02
1.634623e-01
1.004960e-02
2.870899e-02
1.658046e-01
2.626047e-02
6.330404e-02
1.065120e-01
1.271619e-01
3.094424e-02
3.414639e-02
5.335717e-02
3.303891e-02
3.464802e-02
1.310200e-01
5.049895e-02
3.125266e-02
3.273112e-02
1.877828e-02
4.299860e-03
4.429266e-02
2.272108e-03
9.212371e-04
1.041099e-03
3.602386e-02
3.307575e-02
1.988552e-02
3.072500e-02
2.618405e-02
7.361127e-02
8.359837e-02
1.094271e-05
6.711341e-02
1.389028e-03
2.065898e-03
6.223638e-02
2.580092e-03
1.656367e-02
6.705437e-01
4.370085e-03
1.187930e-03
4.638076e-02
1.695847e-02
5.726671e-03
6.202417e-02
3.793787e-02
1.210840e-02
3.929802e-02
1.683248e-02
1.743726e-02
6.003361e-02
2.985667e-02
1.336005e-02
7.443686e-02
1.252790e-01
9.583094e-04
1.576893e-02
4.035222e-01
2.642942e-01
5.262249e-02
1.759758e-02
1.109084e-02
5.672090e-03
7.445253e-02
8.065347e-02
8.433639e-02
5.803308e-03
1.107772e-01
1.683520e-01
1.064316e-01
5.247173e-03
7.316006e-02
3.111545e-02
6.400869e-02
1.093261e+00
2.417245e-01
7.717710e-02
1.427232e-01
3.521738e-02
3.052411e-02
3.132750e-02
7.862677e-02
5.568574e-04
3.980870e-02
6.364112e-02
7.820320e-02
1.321594e-01
1.461624e-02
1.211983e-03
4.267547e-03
7.806153e-03
5.664892e-03
1.908299e-02
9.639654e-04
1.967816e-02
1.125793e-02
5.883649e-02
5.009424e-02
1.498584e-01
1.679937e-02
2.688566e-03
1.609065e-01
1.282548e-04
6.075245e-02
2.005357e-01
4.112453e-02
1.731532e-02
7.322033e-01
6.636336e-04
7.582182e-02
1.909432e-03
6.912751e-02
5.644525e-02
1.156642e-02
3.603892e-02
1.036963e-02
2.718893e-03
8.900731e-03
8.915144e-04
4.146697e-04
7.508469e-02
1.410202e-04
1.324655e-03
3.558224e-02
2.393868e-03
1.978110e-02
3.407119e-04
5.619078e-02
8.853324e-02
3.224212e-02
4.170189e-02
6.707131e-03
9.814678e-03
1.135114e-03
2.088503e-01
5.070683e-02
3.616379e-02
2.058544e-02
3.202442e-02
1.090469e-01
3.359333e-02
4.885437e-03
4.636693e-02
9.044253e-08
9.483543e-02
1.387552e-02
3.344881e-02
1.071782e-01
1.492938e-03
7.766591e-02
5.383561e-02
3.915366e-03
2.527723e-03
1.943825e-01
3.159221e-01
1.437363e-02
1.240607e-02
1.372970e-02
1.324678e-03
7.405902e-03
6.423237e-02
