1.211086e-02
4.321508e-05
1.571376e-01
9.077509e-02
3.770252e-03
5.989995e-03
1.709921e-01
3.130460e-02
5.708791e-02
2.931814e-02
3.405311e-02
2.276618e-03
3.835877e-02
3.046701e-01
7.196618e-02
3.171330e-03
4.017575e-02
1.907563e-03
1.113343e-03
4.815849e-02
4.596009e-01
2.715163e-02
2.375839e-02
4.123652e-05
6.501693e-04
2.507705e-03
4.925015e-02
2.329955e-03
1.767794e-04
6.864255e-03
3.604051e-03
1.818319e-01
2.692990e-02
3.803976e-04
2.028855e-04
4.500553e-02
5.972941e-02
2.166373e-02
1.602216e-02
4.574167e-02
3.275158e-02
5.668199e-02
6.524161e-02
3.475993e-02
1.722658e-03
8.826030e-02
7.407586e-03
1.199531e-03
6.661794e-04
2.598955e-02
6.356853e-05
8.256423e-03
3.562296e-01
1.375471e-02
1.473991e-02
7.145552e-02
6.010790e-03
1.435901e-01
1.225532e-02
1.246548e-02
5.714787e-04
8.966869e-02
7.207266e-02
2.728651e-02
8.712670e-03
1.193713e-01
3.942325e-02
1.562984e-01
2.689722e-02
6.624090e-02
1.707719e-01
1.287439e-03
5.022511e-05
6.855084e-02
1.250159e-02
1.944785e-02
1.093657e-02
7.639453e-03
1.176810e-02
1.819615e-04
1.203508e-01
7.089075e-03
2.631718e-02
1.819148e-02
1.105087e-02
4.291990e-01
5.533463e-02
3.252987e-03
4.837942e-02
3.718343e-04
2.658767e-02
4.624824e-02
7.040661e-05
4.251359e-03
1.503816e-02
6.308895e-03
5.059740e-01
2.332853e-01
1.994740e-02
1.474842e-02
1.437756e-03
1.606471e-02
1.042442e-01
6.462670e-03
2.855467e-02
5.498197e-03
1.477877e-01
1.774965e-01
3.355055e-02
2.868042e-03
3.521714e-02
5.727422e-01
4.481401e-03
4.624805e-02
2.016560e-02
1.060770e-02
1.174168e-01
5.099229e-02
5.254273e-02
1.239753e-02
1.424192e-01
7.292326e-03
3.876132e-02
4.864352e-02
1.169472e-02
6.766138e-02
4.317609e-02
3.834269e-02
1.196028e-03
3.858390e-02
1.804544e-02
1.736017e-03
9.168669e-03
8.555658e-03
2.041636e-02
1.911657e-02
2.874114e-01
1.084944e-02
2.766273e-02
1.267509e-01
5.364803e-02
6.889118e-02
6.907999e-03
4.474788e-02
2.194985e-02
1.675904e-01
1.506583e-02
9.824712e-03
6.540401e-02
1.737877e-03
1.228295e-02
3.381830e-02
3.605182e-03
1.045239e-01
1.104483e-02
1.447621e-05
5.166970e-02
3.844516e-02
4.004146e-02
1.976138e-01
3.427663e-02
1.704317e-03
1.322493e-01
1.846775e-02
5.937709e-03
1.887969e-01
3.080722e-02
5.327661e-04
4.492324e-02
1.772572e-01
8.241827e-04
1.243894e-01
4.765449e-02
4.478069e-06
2.881839e-02
5.575743e-02
1.861442e-02
1.108420e-01
2.268616e-01
2.328585e-02
4.774863e-04
7.308486e-02
1.536671e-02
1.818415e-02
1.462958e-02
7.586949e-02
1.744617e-02
3.913073e-02
9.161710e-03
4.357389e-03
5.458873e-02
6.433999e-04
4.691252e-02
2.513277e-01
1.121585e-01
2.605737e-01
3.237064e-06
6.077922e-03
7.517591e-03
6.493345e-04
2.284053e-04
5.375831e-03
3.562325e-02
8.063052e-07
7.939344e-02
7.166204e-02
1.571634e-04
4.340213e-04
2.269847e-04
3.773873e-03
1.255385e-01
7.543783e-04
7.870580e-06
1.083275e-02
3.477148e-06
6.243875e-03
1.079352e-01
4.598949e-02
2.881667e-02
4.180150e-02
1.827889e-02
7.952205e-02
3.536649e-02
3.332867e-03
2.221396e-03
5.616143e-02
7.850538e-03
8.160342e-03
4.933597e-02
1.357058e-01
2.368806e-02
1.931007e-01
2.587125e-02
1.395684e-04
2.317890e-04
8.862381e-02
6.467476e-02
2.755243e-01
1.646290e-02
4.376171e-03
9.730828e-02
1.942849e-01
6.211192e-02
5.616597e-02
2.373817e-01
1.463957e-01
2.440484e-03
3.048588e-02
1.036707e-02
5.693400e-02
3.685932e-02
3.362697e-02
4.276237e-02
1.825922e-02
1.100006e-01
1.563530e-03
6.158160e-02
9.438773e-02
1.762646e-02
1.187156e-04
1.628841e-06
1.087029e-01
5.037870e-02
8.678283e-05
8.717207e-02
3.227198e-02
5.350595e-03
6.042790e-02
6.902711e-05
1.393183e-02
2.177309e-02
1.370859e-04
5.163259e-01
1.293702e-01
1.221979e-01
4.571393e-02
3.381485e-03
6.663447e-02
8.925454e-02
2.176562e-01
4.647286e-02
9.514716e-04
5.556294e-03
5.744617e-03
1.486677e-03
1.284177e-01
9.971470e-02
1.604214e-01
8.654693e-02
1.213218e-01
2.006845e-02
1.197450e-03
1.419207e-04
4.478044e-02
7.647072e-04
1.971668e-02
1.801928e-03
2.797057e-02
5.106426e-03
5.720508e-02
2.686626e-02
6.813197e-03
5.263865e-01
2.076806e-02
6.868974e-04
1.665750e-02
1.470832e-02
6.581210e-02
5.295618e-02
3.042069e-02
2.797009e-02
3.508418e-02
1.056760e-02
6.849051e-03
2.588511e-04
8.405227e-03
2.396519e-02
1.024466e-02
5.190413e-02
1.338064e-02
2.792818e-02
7.327240e-02
1.148408e-02
2.015326e-02
1.203115e-03
1.919354e-02
3.020133e-02
2.708810e-03
3.344817e-02
9.160416e-02
3.437369e-02
2.184071e-02
2.846969e-01
1.490995e-01
5.210511e-02
1.017794e-01
6.863350e-02
6.536833e-02
1.205910e-01
1.762845e-01
1.233158e-01
4.584557e-03
1.929320e-01
1.912559e-02
1.702054e-01
1.567231e-02
5.773159e-04
1.773742e-01
2.483233e-01
4.556707e-04
2.083334e-02
1.427481e-03
2.346897e-01
2.396481e-02
1.806177e-02
1.018058e-04
1.334650e-01
6.773972e-03
1.200675e-01
1.251118e-02
1.016453e-01
2.529159e-03
3.110338e-02
6.783861e-05
2.141843e-02
1.781876e-02
6.690987e-03
5.098050e-02
8.584380e-02
2.035945e-02
7.760241e-02
8.456137e-04
1.078293e-02
2.217685e-02
3.148160e-03
5.821814e-02
4.517183e-02
1.827412e-02
2.895380e-05
6.449910e-03
2.690523e-03
1.409412e-02
1.978481e-02
7.395057e-03
4.378000e-02
1.368784e-01
8.702520e-02
1.127302e-02
1.093423e-01
1.397814e-03
1.348534e-02
8.495153e-03
1.393680e-01
4.282624e-02
6.757259e-04
3.567991e-02
1.457518e-01
2.669885e-02
6.314311e-02
2.095817e-02
5.642349e-03
4.837968e-02
9.250435e-02
8.097804e-02
8.110943e-02
7.889545e-03
1.567406e-01
2.446881e-02
1.675083e-02
2.351572e-02
5.255282e-02
1.251403e-01
6.413329e-02
7.304147e-02
1.791240e-01
1.304455e-01
8.241333e-02
3.250250e-02
6.345679e-02
3.297160e-04
1.523443e-02
9.011306e-03
5.588188e-03
3.982157e-03
1.037081e-01
5.337151e-03
2.613793e-04
1.857401e-02
2.828994e-02
6.778382e-02
1.528790e-02
1.295133e-03
3.832060e-03
5.946926e-02
1.394276e-02
2.569871e-02
6.634869e-03
9.381908e-03
1.318352e-01
8.950430e-03
5.882746e-04
1.230329e-02
1.142059e-01
4.285766e-03
3.469457e-02
3.974593e-02
6.755943e-02
1.784383e-01
6.189389e-04
2.449871e-01
8.439760e-04
1.295594e-02
3.095414e-03
1.223513e-02
6.284801e-02
1.361489e-01
3.617326e-04
9.702561e-02
2.416902e-04
6.590677e-02
7.698027e-02
4.605643e-03
2.626253e-02
8.655451e-05
2.492070e-02
2.415327e-03
1.625908e-02
1.434411e-03
2.984648e-01
9.389110e-02
1.218437e-02
4.212090e-04
1.282915e-01
7.246448e-02
1.200790e-01
9.248460e-02
2.641119e-03
4.497402e-03
8.345388e-04
5.332090e-02
3.620744e-02
1.327811e-01
4.128183e-02
8.849025e-03
8.598774e-03
2.546847e-01
6.089482e-03
3.809275e-02
3.691225e-02
3.588140e-03
4.526601e-03
9.536556e-03
3.479529e-02
2.336889e-03
8.857160e-02
1.034446e-01
3.354303e-02
3.397191e-04
1.331225e-02
2.237525e-02
1.337623e-03
2.584386e-02
1.717416e-02
5.533154e-02
9.390463e-03
2.942854e-03
2.277452e-04
1.653941e-01
2.002110e-02
1.531728e-03
4.688806e-02
5.047967e-03
2.312443e-02
9.670981e-02
2.102429e-05
1.225439e-01
2.211456e-02
1.694126e-08
1.060545e-01
1.479620e-01
4.528237e-03
1.479024e-02
4.672610e-03
4.116580e-04
4.488624e-02
1.576494e-01
4.480577e-02
3.319426e-02
2.576625e-03
9.272079e-03
1.978253e-02
3.028958e-02
2.319524e-03
9.084167e-02
8.365556e-03
2.687898e-03
8.235737e-05
2.264317e-02
1.464694e-02
7.026920e-03
1.191542e-03
2.341008e-02
7.860594e-04
4.856168e-02
1.540843e-03
2.583148e-04
5.826387e-02
7.062120e-03
1.128576e-01
5.412272e-03
3.748513e-03
9.696156e-04
3.434656e-03
3.997689e-03
4.490261e-02
1.380704e-02
3.456265e-01
8.673579e-03
2.820345e-03
5.678269e-02
3.892666e-02
3.081650e-02
6.414687e-03
1.660011e-01
5.997278e-03
2.399799e-04
3.080154e-01
3.711042e-04
6.025888e-03
5.536392e-04
9.978876e-02
2.405137e-03
2.284294e-02
7.642917e-04
7.939590e-03
1.816846e-02
4.454632e-02
1.084376e-02
2.724469e-03
1.317680e-02
1.731866e-01
1.985901e-01
8.264818e-02
9.837201e-02
8.407839e-03
1.868209e-02
2.651251e-02
1.992091e-05
1.589426e-01
1.747655e-02
3.862814e-03
1.762111e-01
4.315279e-03
1.952380e-03
