9.209912e-02
2.784593e-04
1.026206e-02
2.210152e-02
7.085568e-02
1.362235e-02
5.409384e-03
1.299964e-02
6.374889e-02
1.820777e-03
2.308920e-02
2.290125e-02
4.423476e-02
1.010176e-01
1.479884e-02
7.049865e-03
3.334268e-03
3.935757e-02
1.985271e-04
1.263338e-01
2.540246e-05
1.516689e-03
7.228069e-02
9.685178e-03
9.218321e-02
2.425770e-03
5.649159e-03
3.253680e-02
6.302211e-03
9.160874e-05
1.320436e-02
1.088158e-01
1.859691e-02
3.407030e-01
4.679348e-05
1.153948e-02
5.180942e-02
1.666008e-01
2.392777e-04
1.933106e-02
2.827345e-03
1.072085e-01
8.313458e-02
6.654746e-02
2.072637e-01
1.226810e-02
7.996996e-04
2.295205e-02
9.737801e-02
9.506176e-03
9.604807e-02
7.720541e-03
3.925643e-03
2.668616e-03
4.725708e-03
1.245639e-02
3.049562e-03
1.064601e-01
2.285028e-03
2.012440e-02
1.845428e-01
6.281924e-03
4.364695e-02
1.648984e-02
4.578435e-02
1.396392e-03
4.311926e-02
1.921426e-02
3.581725e-03
2.560587e-03
4.120922e-04
2.038727e-03
1.629506e-01
9.483326e-04
2.151733e-02
3.700002e-02
2.931336e-02
6.005656e-02
1.090542e-02
2.106791e-02
1.747508e-01
8.678359e-02
5.500154e-03
5.471180e-02
2.257049e-02
2.225946e-03
6.372968e-02
3.477335e-03
1.214903e-01
2.074859e-03
5.743467e-02
8.012347e-03
2.072043e-03
1.290742e-01
1.443578e-03
1.349752e-01
2.889228e-03
4.820512e-03
4.188645e-02
4.590764e-06
1.357328e-02
1.088035e-01
1.407926e-01
3.782820e-03
6.052906e-02
4.368041e-02
2.279079e-03
4.766326e-04
1.495360e-02
5.717306e-03
2.514600e-02
2.315221e-01
1.893551e-02
6.214305e-02
1.100617e-04
1.809231e-02
1.009342e-04
6.145942e-03
8.691449e-03
4.375538e-03
1.576461e-02
3.550877e-02
1.363827e-02
4.292278e-02
1.225533e-03
5.861443e-02
1.016702e-02
3.948793e-02
1.077995e-02
2.993528e-02
7.391288e-03
1.038015e-02
1.474313e-03
2.297694e-03
1.375531e-02
3.852306e-04
8.352194e-02
3.196512e-03
1.957568e-02
3.002464e-02
6.306388e-02
4.066647e-03
2.093767e-03
2.229091e-02
6.975681e-03
3.186774e-01
1.938742e-01
1.183429e-02
2.144283e-02
1.422244e-02
5.623640e-03
1.944489e-03
1.565427e-01
1.866218e-02
1.352185e-02
3.039351e-03
7.019046e-02
9.542034e-02
5.177883e-02
8.519704e-01
7.652176e-03
1.758582e-02
5.891822e-02
2.565186e-03
6.708906e-04
9.052408e-06
9.069344e-02
1.371789e-02
1.147708e-03
5.825813e-02
1.125863e-03
1.225973e-01
2.689198e-01
2.546848e-04
3.276636e-02
3.897560e-02
1.206614e-02
2.598785e-02
1.400425e-03
5.630438e-04
6.800450e-05
4.641838e-02
1.666064e-02
4.633976e-02
2.240255e-02
7.532256e-03
4.861492e-03
1.796933e-02
1.191762e-01
1.150966e-01
9.996210e-03
3.783526e-05
7.412789e-02
3.690975e-02
7.024477e-03
2.311364e-01
1.024496e-02
1.066836e-02
4.531732e-02
8.440254e-02
1.314499e-03
3.556864e-02
9.783713e-04
5.041059e-04
2.010694e-01
3.183896e-03
1.262935e-03
1.231669e-02
1.482459e-03
7.730821e-02
4.920175e-02
1.948427e-02
1.124642e-02
2.100196e-04
3.868869e-02
2.249818e-02
4.871368e-03
1.362225e-04
6.470602e-04
1.181330e-02
9.275803e-02
9.450887e-03
5.359712e-04
1.610340e-01
5.575599e-03
8.055280e-03
1.338399e-01
2.166681e-02
3.694873e-06
8.357194e-03
5.925594e-02
2.649218e-03
1.280854e-01
4.444510e-02
3.830185e-02
8.716222e-04
5.521741e-02
2.036126e-02
1.115119e-01
1.818254e-02
3.848543e-03
7.139193e-05
2.450146e-02
1.818691e-03
2.939437e-02
1.285576e-03
1.515057e-01
9.472359e-03
4.864039e-02
2.569028e-02
3.178201e-02
1.422304e-01
1.492980e-02
2.519089e-02
2.290937e-01
7.336601e-02
5.233540e-03
4.439888e-03
1.412912e-01
1.603296e-02
7.017623e-03
2.117706e-01
2.570158e-02
2.037128e-02
6.151328e-03
1.098878e-01
5.836409e-03
5.392158e-03
2.376354e-02
3.375443e-03
1.277278e-02
2.476993e-03
2.547856e-01
8.218562e-03
2.159246e-02
1.527680e-01
2.242809e-02
2.461641e-03
1.763987e-02
2.203062e-02
7.881201e-02
4.447989e-02
3.417282e-03
2.606010e-03
5.763241e-03
8.940168e-02
1.875998e-02
4.213351e-02
1.820046e-02
7.046228e-04
3.043843e-01
1.241692e-03
7.098561e-02
2.145582e-04
9.221719e-02
6.801802e-02
2.623756e-03
1.409160e-03
9.733098e-03
2.209825e-02
4.038206e-03
2.919328e-03
5.791369e-02
3.022040e-02
3.360221e-02
2.623593e-03
5.537830e-01
3.754556e-03
5.078165e-03
5.598239e-04
1.384864e-01
1.474458e-02
6.457949e-02
1.118382e-02
4.187185e-04
1.929980e-02
2.051871e-03
2.544570e-02
2.011896e-02
8.709094e-02
2.636668e-01
1.773569e-07
1.265050e-03
6.942932e-02
8.455337e-02
3.420743e-02
5.240591e-03
2.881601e-03
7.726152e-02
4.909590e-03
6.870794e-02
3.123932e-02
1.412876e-01
3.082625e-04
9.016531e-02
5.571960e-02
1.493469e-03
5.037075e-03
8.306972e-04
1.472077e-02
8.215891e-03
1.408709e-02
2.178010e-02
1.678076e-02
2.035258e-02
1.474171e-04
8.917460e-02
1.356168e-01
4.998118e-02
3.090311e-03
6.191367e-03
1.935950e-02
5.607777e-02
7.691375e-02
4.246664e-02
7.157354e-02
4.527093e-03
1.198941e-04
1.151700e-01
6.744833e-02
2.234711e-02
4.908429e-03
2.846662e-03
4.167584e-04
4.942846e-02
1.583266e-02
2.026269e-02
1.088318e-05
1.060815e-03
1.720148e-02
7.118686e-03
3.743550e-01
3.227119e-05
1.911530e-02
1.225154e-01
4.432427e-04
1.307839e-02
1.505475e-06
2.396724e-07
7.874073e-02
3.300169e-02
1.176787e-01
8.604659e-02
7.866286e-02
5.527531e-02
7.027508e-02
1.267889e-02
3.086432e-03
5.700374e-02
1.410294e-02
1.002126e-04
1.590056e-02
5.366316e-03
1.524778e-03
9.925216e-05
3.007866e-03
6.769118e-02
3.241379e-02
1.673117e-01
5.582981e-03
2.258855e-02
1.594605e-01
1.455703e-02
7.798891e-03
8.615356e-03
1.203102e-02
1.388585e-01
3.883418e-02
5.990627e-02
9.499064e-03
1.128398e-01
6.209524e-02
6.481206e-03
1.381192e-03
2.403301e-02
2.663203e-03
4.642624e-02
2.184397e-01
7.231174e-04
4.251289e-02
6.281284e-02
1.218874e-02
4.038511e-02
8.206191e-03
1.366731e-01
2.554513e-03
1.579447e-01
3.382243e-02
1.453075e-03
3.618290e-03
1.280036e-02
2.926372e-01
1.327651e-01
1.099531e-03
1.231905e-02
6.914245e-02
2.405678e-02
2.994602e-01
1.305742e-01
1.499573e-05
4.577592e-02
2.478821e-03
6.120811e-02
7.982791e-03
1.138652e-01
5.839705e-02
1.349024e-02
4.735897e-02
3.049148e-02
2.886437e-03
5.057103e-02
3.002018e-02
1.520726e-02
2.202093e-02
3.064970e-04
1.675062e-01
1.129515e-02
1.156512e-01
7.261431e-02
3.343293e-02
7.325964e-03
6.513477e-02
8.219358e-02
1.645025e-02
5.055353e-03
3.441171e-02
2.574109e-02
1.741886e-01
2.375476e-02
8.666188e-06
3.063548e-02
5.423550e-01
8.766084e-02
4.528887e-03
7.894236e-04
2.954118e-03
3.796398e-02
1.299698e-06
3.491568e-02
1.407077e-01
2.532982e-01
1.031699e-07
4.555904e-03
1.309570e-01
5.618361e-02
4.263162e-04
6.851894e-04
2.004758e-01
3.619647e-02
1.038265e-01
1.271268e-02
5.685248e-03
1.118423e-02
5.281693e-03
1.946716e-01
2.394207e-04
5.033275e-03
5.952251e-03
2.361143e-02
3.101227e-02
7.446465e-02
2.762446e-01
2.395340e-04
6.165814e-02
2.728015e-02
2.732552e-03
2.187504e-02
3.129115e-01
4.980376e-02
1.877533e-01
3.174829e-02
1.575254e-02
3.123545e-05
5.499859e-02
1.930038e-03
4.988247e-04
2.045631e-03
2.248460e-02
9.531452e-02
3.534557e-04
5.306046e-02
3.753327e-02
3.640566e-02
5.723425e-02
5.016592e-02
7.269815e-03
1.507375e-02
1.531077e-04
1.562656e-02
1.148265e-01
2.329448e-03
1.574574e-02
5.408159e-02
2.148986e-02
2.417606e-02
9.123991e-02
8.580346e-02
1.800660e-01
2.774785e-01
7.510884e-02
1.028026e+00
1.016527e-01
1.076587e-02
7.533988e-03
6.207377e-03
1.404142e-02
1.847432e-03
3.734941e-02
1.971703e-02
1.660872e-02
1.382633e-01
9.465396e-05
1.279240e-01
3.515482e-03
8.073350e-04
1.217869e-02
1.958746e-02
1.476382e-01
5.559646e-02
2.118347e-04
5.878703e-02
2.894896e-03
3.632503e-03
1.193726e-03
1.340331e-01
3.496730e-03
1.281019e-02
3.423120e-02
1.735274e-01
1.645591e-02
1.421978e-02
4.179469e-04
1.389259e-02
4.407650e-03
4.751910e-02
1.192084e-02
3.661109e-02
4.393070e-02
4.645823e-02
7.496232e-02
3.106600e-03
1.225165e-01
2.101927e-01
6.376631e-02
1.044732e-01
2.005794e-02
1.246748e-01
7.515106e-02
2.733168e-02
1.534338e-02
9.947281e-02
2.853978e-02
9.058299e-02
1.277756e-02
