3.428321e-02
2.759043e-02
2.678757e-01
5.912567e-04
6.735387e-02
1.057872e-02
1.351052e-02
7.655292e-02
2.311646e-02
3.253010e-02
3.161144e-02
7.115005e-03
2.145715e-02
2.810451e-02
5.433081e-02
2.767839e-02
3.754346e-03
6.896352e-02
7.642691e-02
1.545833e-02
3.459776e-02
1.219248e-01
7.261177e-03
8.806063e-02
1.820025e-02
3.300610e-03
3.701501e-03
2.478184e-02
3.305789e-01
3.533422e-02
3.318992e-01
9.651182e-04
4.571753e-03
4.947717e-02
4.754697e-03
1.333667e-02
4.535439e-02
6.514550e-03
6.543990e-02
6.884724e-02
1.490624e-03
5.976796e-02
1.380393e-02
7.941877e-05
2.993524e-02
5.848156e-02
1.473761e-02
3.608343e-01
1.045914e-02
3.361273e-01
2.273277e-02
7.918549e-02
6.266475e-03
2.461031e-02
8.534272e-02
1.129287e-01
9.495314e-03
6.554112e-06
1.838310e-03
2.273425e-01
6.965370e-02
1.019977e-04
1.707657e-02
1.794743e-01
7.143487e-02
5.926484e-02
4.233406e-03
3.957174e-05
3.637839e-02
3.254538e-02
2.525329e-03
3.467389e-02
1.783512e-02
5.896069e-03
1.631886e-02
2.787035e-02
7.010820e-03
2.335505e-02
2.464880e-01
1.548121e-02
4.233962e-02
6.201643e-02
1.850376e-02
5.720704e-02
1.558652e-01
5.992715e-02
7.001079e-03
4.626203e-04
7.494362e-03
6.608731e-02
1.073506e-02
9.738045e-03
1.678180e-02
1.808739e-02
8.027314e-02
7.352359e-06
3.082647e-02
3.254313e-02
2.200038e-02
5.028302e-03
6.324014e-02
1.020139e-03
6.198360e-02
5.669556e-02
1.619160e-04
2.883018e-02
2.439295e-02
4.552620e-02
5.982329e-02
7.573847e-02
1.172765e-02
1.070819e-01
1.398480e-05
1.587478e-02
1.688418e-04
1.145929e-02
1.146686e-03
4.622116e-02
4.407649e-02
6.935472e-03
2.032378e-03
1.198288e-01
6.084887e-03
8.619379e-03
5.670656e-02
5.013082e-02
1.420795e-01
2.180689e-03
1.265559e-02
5.920895e-03
1.941796e-02
3.982444e-02
1.377398e-03
4.825795e-02
1.347204e-01
2.606938e-03
1.758164e-01
2.963541e-02
7.448090e-02
2.790237e-02
1.121035e-04
3.673124e-01
1.096196e-03
5.507536e-04
4.446629e-03
1.897080e-05
1.174029e-03
4.283769e-02
3.201243e-02
1.049955e-02
1.984756e-02
1.763653e-03
3.213450e-03
7.366193e-03
3.160963e-02
1.085532e-03
1.836654e-02
3.258333e-03
2.076588e-02
6.075465e-02
2.176738e-02
2.179867e-02
2.096811e-03
8.327322e-02
7.064496e-02
5.419597e-03
2.506709e-02
8.875787e-02
2.365083e-02
2.266973e-01
4.371847e-03
8.773357e-02
9.996137e-04
2.603547e-02
1.370600e-01
3.739851e-03
9.775290e-03
1.152641e-02
1.636403e-02
2.708384e-02
3.372664e-03
1.949398e-04
3.558654e-04
4.718408e-02
2.453674e-02
2.420712e-02
5.454653e-03
9.024421e-02
1.081831e-02
1.423512e-04
6.689408e-01
9.708641e-02
8.943089e-03
5.971733e-02
6.632703e-02
7.632017e-06
4.261037e-02
7.429806e-03
4.164485e-04
9.251586e-03
1.428205e-01
9.758864e-02
2.558810e-02
9.550468e-02
1.523798e-02
7.571599e-03
3.011456e-02
1.527979e-02
1.866025e-02
4.960419e-02
9.606508e-02
1.782535e-02
1.069321e-01
1.092713e-01
7.466126e-02
1.238302e-01
3.080208e-02
1.904912e-02
2.564197e-01
2.761827e-03
1.313333e-01
1.028538e-01
4.063651e-04
6.162576e-02
1.120687e-02
2.200672e-02
4.644514e-02
6.962829e-02
4.399154e-03
5.377890e-02
6.312773e-03
6.364741e-02
6.544742e-03
8.313261e-02
1.575023e-03
1.799149e-01
1.443238e-03
1.896672e-03
7.693470e-02
5.647751e-04
1.273614e-02
8.531735e-03
3.886244e-01
9.657338e-03
1.269078e-02
8.873389e-03
9.608432e-02
1.037389e-02
1.721989e-02
7.717022e-02
5.981712e-05
1.883337e-01
4.866620e-02
4.434603e-04
1.396031e-02
3.072897e-02
9.861229e-02
5.779626e-02
2.066579e-01
3.434356e-02
8.866254e-03
4.222806e-02
2.623744e-01
8.945553e-03
4.856667e-02
3.844045e-02
1.354207e-01
1.791921e-01
6.098537e-02
4.956020e-02
1.366762e-02
9.868543e-04
2.350307e-06
3.374041e-02
3.903407e-04
3.535289e-01
7.706305e-02
1.935323e-01
1.121839e-02
2.471554e-03
7.491401e-02
8.670980e-02
5.681917e-04
7.050410e-02
7.388538e-02
3.035162e-02
1.330588e-04
1.430356e-03
1.490742e-03
9.928271e-02
7.118655e-03
1.327421e-02
5.247955e-05
2.574467e-02
6.546705e-03
1.644169e-03
8.284875e-09
1.384946e-01
8.080394e-02
3.550932e-04
3.340491e-02
8.192886e-02
3.904558e-02
6.088847e-02
1.083993e-02
5.646535e-02
1.023465e-02
2.397756e-02
1.267736e-03
3.151873e-01
3.664613e-02
1.103360e-02
1.913301e-03
1.547655e-03
1.090488e-02
3.741026e-04
1.214910e-01
6.602475e-03
3.407282e-03
3.421464e-01
4.193274e-03
1.953009e-02
3.144756e-02
7.429866e-05
4.995053e-03
8.271001e-02
5.037879e-02
5.586284e-03
3.635302e-02
2.134219e-03
2.889281e-02
1.935711e-03
1.985834e-02
3.325605e-02
4.380956e-02
9.631069e-03
8.578031e-02
4.261065e-03
7.697443e-02
5.797877e-03
2.787231e-03
1.956629e-02
2.047337e-03
3.566044e-02
5.291840e-03
2.399131e-01
2.242740e-03
7.655521e-02
1.201923e-01
1.384269e-02
2.014610e-02
1.482676e-03
8.690149e-03
1.933761e-03
2.652300e-02
3.720142e-03
1.051927e-01
2.213093e-01
2.108468e-01
2.720710e-03
2.708583e-03
1.298638e-02
3.982472e-02
3.852819e-02
3.991459e-05
2.483442e-05
1.027622e-02
8.816269e-03
4.894054e-03
1.271104e-02
3.367691e-03
4.753322e-02
4.456851e-03
3.312414e-02
9.281124e-02
3.622151e-02
1.860244e-04
3.703940e-03
1.479561e-02
9.468599e-02
4.701770e-01
1.870150e-02
1.784938e-02
3.329485e-02
3.571530e-02
3.888705e-05
1.009207e-02
2.672260e-02
9.799744e-02
1.552118e-01
1.448116e-01
6.148429e-03
1.964807e-01
6.974134e-04
2.483439e-03
4.347448e-02
4.616973e-02
3.246834e-05
6.229609e-04
1.537408e-01
3.499666e-02
7.830301e-03
1.056967e-02
9.777094e-05
3.437391e-02
7.098121e-02
4.439974e-02
3.356742e-02
2.179090e-01
1.106141e-04
5.261093e-02
2.027171e-04
1.295039e-02
1.745261e-03
1.827000e-01
2.529006e-01
8.684530e-02
2.023665e-01
5.349550e-02
2.214851e-03
1.842416e-02
5.645025e-03
3.859914e-02
1.206877e-05
1.405505e-02
2.742547e-02
5.517905e-03
7.308039e-03
1.134642e-04
2.120114e-02
1.338604e-01
8.275385e-02
5.205776e-02
6.262373e-04
2.827346e-03
4.426156e-02
5.629543e-02
2.088031e-02
3.714075e-02
5.812609e-02
5.083743e-03
5.277029e-03
2.558749e-03
2.191251e-03
2.813123e-04
1.281065e-03
9.354381e-02
2.209726e-03
4.172667e-02
5.104166e-03
4.132324e-02
4.503107e-04
3.046153e-03
2.338226e-02
1.130416e-03
8.748348e-02
6.097257e-03
9.045179e-03
8.689258e-03
1.154035e-01
4.953981e-02
1.177326e-01
2.745792e-01
7.912121e-02
1.457080e-02
1.228033e-01
3.571172e-01
2.232557e-02
5.642447e-01
9.235032e-04
5.161952e-02
8.772681e-06
3.432930e-02
1.565444e-01
7.364861e-03
2.189953e-02
6.424748e-02
2.619745e-02
2.144296e-02
4.060336e-01
2.176290e-02
2.679877e-02
1.428594e-02
1.042654e-01
2.255317e-02
3.596821e-02
1.458587e-02
1.137480e-02
1.066108e-01
5.732546e-03
3.633728e-03
6.754393e-06
1.763838e-03
2.375839e-02
3.364393e-02
2.184905e-02
4.099536e-01
3.424581e-01
1.228070e-01
7.033282e-02
2.712348e-02
1.712282e-02
6.429211e-02
1.016347e-02
6.289048e-02
1.111981e-01
9.884502e-03
1.239481e-01
5.770469e-02
5.744898e-04
1.314533e-02
1.013940e-01
2.243379e-02
2.220878e-03
4.396594e-02
3.616321e-02
2.031430e-02
1.004412e-01
7.685995e-03
1.153301e-03
1.106438e-03
4.175686e-03
1.612228e-02
1.135617e-01
4.832036e-02
1.472383e-01
1.068191e-02
1.460729e-01
1.272557e-04
6.014122e-02
4.836448e-03
1.337703e-02
2.181717e-01
2.285831e-04
1.646501e-02
1.550615e-01
1.515070e-01
1.241404e-01
7.294953e-07
4.056812e-02
2.387028e-02
9.180073e-04
1.272551e-01
3.553015e-02
3.292304e-03
3.257228e-03
3.080883e-01
3.232446e-02
9.002529e-05
2.398856e-02
2.745197e-02
7.961698e-03
2.231530e-02
1.572246e-02
9.321229e-03
2.736132e-03
4.153933e-02
1.591802e-02
4.286309e-02
1.565959e-01
1.583028e-01
5.222356e-02
1.388953e-01
2.063317e-04
2.507063e-03
8.346435e-02
2.615663e-03
1.019992e-03
6.746763e-02
4.542220e-02
1.800346e-01
1.069335e-01
3.023815e-02
2.424097e-03
8.801196e-03
9.318152e-02
6.047396e-02
4.900899e-02
2.486282e-03
5.657891e-02
3.621752e-03
1.399815e-03
1.169594e-03
6.439267e-04
5.610653e-02
3.802615e-02
2.483677e-01
2.275178e-03
7.281633e-03
1.080876e-01
2.439225e-01
9.150788e-03
4.218439e-02
1.261880e-03
