1.430597e-02
1.829229e-02
5.854125e-03
1.150774e-02
5.361882e-02
6.649035e-02
6.813903e-07
4.649029e-03
6.477231e-02
2.140900e-02
1.193062e-02
1.024782e-01
1.864915e-02
5.240775e-04
1.403980e-01
9.388813e-02
1.681791e-03
5.946225e-02
3.051929e-04
1.930874e-01
6.416751e-03
5.852129e-02
1.724689e-01
6.794587e-03
6.151564e-03
5.349145e-02
3.615845e-02
9.867089e-03
1.166324e-04
5.333780e-02
1.982038e-02
2.428350e-02
2.720682e-02
7.559042e-02
7.213438e-02
3.341845e-02
1.225361e-02
5.556398e-02
3.012781e-02
1.148183e-01
1.718640e-02
7.803802e-02
5.568559e-02
8.472223e-03
1.142242e-02
5.004302e-02
1.664072e-02
2.995921e-03
1.610412e-01
4.728581e-02
8.481000e-04
1.062486e-01
8.847208e-03
1.186396e-02
1.308059e-02
4.986971e-02
1.745030e-01
5.049996e-02
6.032890e-03
1.753302e-02
3.467296e-02
2.231286e-03
3.394528e-02
2.531461e-01
1.599949e-02
3.968959e-03
1.644351e-02
1.651240e-02
2.307235e-03
2.474624e-02
3.374991e-03
1.433894e-02
9.634751e-03
3.177643e-02
2.458004e-01
6.821817e-02
1.637686e-02
2.178478e-01
3.296475e-01
4.307396e-02
5.703867e-02
4.603020e-02
5.623181e-03
2.692936e-01
1.375154e-01
5.004003e-02
1.311081e-02
5.252152e-03
1.602749e-02
9.213282e-03
4.352120e-03
2.224462e-03
2.395891e-02
7.141444e-04
6.087618e-02
7.320353e-02
7.307851e-03
2.100435e-03
1.054675e-03
1.839492e-02
9.965154e-03
1.391264e-02
1.322646e-01
1.604100e-01
5.977122e-04
3.757838e-02
2.639909e-03
9.079618e-02
1.421925e-02
3.870452e-02
5.195064e-02
1.294785e-01
6.060381e-03
6.048826e-02
2.528257e-01
5.979821e-02
1.183562e-01
2.001490e-03
9.723520e-02
1.035728e-02
2.566557e-01
2.238212e-02
5.029072e-04
1.403599e-02
1.656868e-02
8.093347e-02
1.334495e-04
1.083893e-02
5.464212e-04
2.263597e-02
3.387711e-02
1.411802e-02
2.294683e-03
3.885825e-02
3.119285e-02
2.142278e-02
5.243154e-03
1.221957e-04
8.122227e-02
1.277520e-01
9.601248e-02
3.242725e-02
1.428584e-05
1.265568e-02
6.733023e-02
6.366147e-02
2.506258e-02
2.226085e-02
5.229125e-03
1.044098e-02
2.885835e-02
1.192716e-01
4.580582e-02
8.161700e-04
4.757454e-05
1.562600e-01
6.124172e-02
1.775668e-02
2.715322e-02
1.251056e+00
5.467121e-02
9.641269e-02
1.191160e-01
5.976929e-02
8.671946e-03
4.376676e-02
2.228663e-02
1.561476e-01
8.584384e-02
3.829029e-02
1.190311e-02
5.766905e-02
6.066298e-02
3.678225e-03
4.413320e-02
1.635448e-01
3.755089e-02
9.528717e-03
5.371555e-02
9.282149e-02
6.352899e-04
1.553968e-07
1.156038e-01
3.132808e-02
1.020066e-01
3.153008e-02
1.257765e-03
7.320899e-02
2.541978e-04
1.712484e-05
1.491857e-03
2.468756e-02
6.692718e-03
1.195277e-05
7.049197e-03
3.435921e-02
3.968894e-02
1.580250e-03
6.939992e-02
6.670727e-02
8.678274e-02
3.494173e-03
4.716976e-02
5.548460e-03
8.378433e-03
1.956606e-02
1.338106e-01
1.048867e-03
7.781023e-02
1.029593e-02
1.228364e-02
3.822274e-02
2.172326e-02
1.151897e-01
3.128885e-02
1.303449e-05
2.578402e-03
2.386569e-02
1.507483e-02
8.754642e-03
2.390682e-06
1.447050e-01
1.670963e-02
2.382609e-03
4.417042e-03
1.315955e-02
5.184139e-03
1.096185e-03
9.706151e-05
2.426602e-02
2.496980e-03
6.359100e-03
1.267381e-02
1.697357e-02
8.486626e-02
8.547422e-03
1.917144e-02
1.047986e-01
9.719770e-03
8.937497e-03
4.077859e-01
4.407134e-02
1.184348e-02
1.616081e-03
2.561367e-02
7.411685e-03
1.319300e-02
5.054945e-03
1.767919e-01
1.187649e-02
1.072751e-01
5.712041e-02
9.039055e-02
8.342382e-06
6.499718e-03
2.610531e-02
5.287079e-01
4.783301e-03
1.954780e-02
9.198152e-04
6.460687e-02
3.621010e-02
9.264240e-03
1.772607e-01
3.014252e-03
2.037624e-04
2.341278e-02
6.319320e-02
1.212907e-02
4.400061e-01
8.486508e-02
1.193261e-01
3.754602e-01
3.473522e-02
6.992433e-02
6.871723e-02
8.771595e-03
3.762498e-02
2.036308e-01
2.554649e-03
2.618336e-04
1.698501e-02
1.898168e-01
6.783983e-05
1.222738e-02
1.403899e-02
2.488031e-02
5.506231e-03
1.915300e-04
2.105851e-01
2.674432e-02
7.888348e-02
2.365910e-03
2.009691e-02
5.177722e-02
1.877569e-02
6.238695e-03
6.104608e-02
3.363290e-02
2.202176e-02
8.375814e-02
1.084201e-01
5.678866e-03
2.885434e-02
1.582338e-01
5.911126e-03
3.104580e-02
1.010747e-02
1.892456e-02
5.711068e-02
1.138798e-03
5.830769e-02
3.033992e-02
3.597821e-03
1.283669e-03
1.438522e-03
3.423388e-02
1.059846e-02
7.040932e-02
7.533466e-02
8.637548e-02
3.799484e-02
3.073069e-03
5.412751e-02
1.597901e-01
4.062177e-03
1.607300e-03
1.578276e-03
8.325813e-03
8.914809e-02
3.197594e-02
7.346783e-02
1.922516e-02
5.526349e-02
4.193459e-02
2.769387e-02
1.041952e-01
5.013602e-03
1.264597e-02
7.231497e-03
2.646642e-02
7.059961e-03
3.592403e-04
6.168740e-03
5.398832e-02
1.032180e-02
8.664044e-02
1.890568e-03
2.963721e-03
7.195101e-02
1.626615e-03
2.268261e-03
1.164179e-01
5.692029e-03
9.960118e-02
1.556279e-02
2.555916e-02
5.091550e-04
3.333495e-02
2.532252e-01
5.383399e-03
1.400076e-01
3.839182e-02
1.690952e-01
1.945082e-02
6.503207e-03
1.093743e-02
1.515497e-02
8.668219e-03
1.184300e-02
1.986097e-02
1.046166e-02
7.528392e-02
3.632525e-05
3.017705e-03
1.833039e-02
9.258156e-02
1.157124e-01
1.361973e-03
1.511420e-01
1.448390e-01
2.256325e-01
3.198994e-02
8.085306e-02
5.381422e-04
1.920102e-01
1.262825e-01
1.641524e-02
5.190931e-04
2.568846e-01
7.881151e-03
8.350928e-02
4.683408e-02
7.814544e-03
2.852289e-02
1.674837e-01
1.763172e-02
9.911978e-03
7.242446e-03
6.157505e-02
1.778815e-03
3.835592e-02
8.462436e-02
1.901571e-02
8.429980e-05
9.658042e-02
4.722506e-04
5.746959e-04
4.705472e-02
5.237976e-02
3.171887e-03
5.318274e-02
4.949268e-03
7.918446e-02
2.766074e-02
9.687183e-03
6.786294e-02
4.372930e-02
8.353875e-03
1.188551e-02
1.115196e-03
6.521199e-04
5.992583e-02
4.615669e-03
3.162817e-02
1.078342e-01
6.636148e-03
1.813575e-01
2.108558e-02
1.955542e-02
1.162194e-01
1.167334e-02
1.193235e-02
4.851645e-03
4.033590e-03
5.843532e-02
1.239290e-03
6.850585e-03
3.626732e-04
2.308037e-03
3.943242e-02
4.005381e-03
1.030357e-03
1.710015e-02
1.378680e-02
1.086739e-01
8.450390e-02
1.287836e-02
1.146841e-01
1.893557e-02
1.816030e-03
5.478194e-03
4.780585e-03
1.743773e-03
3.117385e-03
8.763170e-02
2.619331e-02
4.304729e-02
7.596519e-04
1.659211e-01
5.107147e-02
1.620877e-02
3.867319e-02
1.055935e-02
1.628186e-01
4.852052e-02
7.061876e-05
2.558745e-01
4.384843e-01
2.519638e-02
9.243226e-03
8.410631e-02
1.052669e-04
1.266485e-01
1.393240e-01
5.867411e-02
1.259437e-02
7.335903e-02
1.397378e-01
6.420216e-06
9.905982e-06
1.560343e-03
6.659324e-02
5.818739e-03
1.598882e-02
8.818847e-02
5.400683e-02
2.461249e-02
5.147261e-06
2.331582e-01
4.907961e-03
3.490114e-02
2.928794e-03
8.044343e-02
4.992525e-02
3.071691e-04
4.421057e-04
1.439830e-02
1.135627e-02
2.875113e-02
2.399664e-03
4.494675e-02
5.177141e-02
6.255773e-03
1.879004e-01
6.432291e-03
2.050185e-01
1.928747e+00
5.969014e-03
6.990222e-05
3.349222e-01
4.088695e-02
1.087893e-01
2.075342e-03
1.572557e-02
4.050872e-02
2.414757e-02
1.830044e-03
3.503986e-02
4.857268e-02
6.000107e-03
3.686668e-08
6.508567e-02
2.054131e-03
7.530401e-03
2.405885e-02
8.017394e-05
3.043128e-03
2.253270e-03
9.585792e-03
1.805667e-02
3.189705e-02
7.760717e-02
1.777181e-04
5.567223e-02
7.932784e-02
1.502257e-06
8.101395e-02
4.754773e-02
2.215245e-01
1.225599e-03
1.818830e-05
7.245516e-03
3.686439e-03
3.437616e-03
3.858714e-03
7.707897e-03
1.504837e-01
5.054347e-02
3.964445e-02
6.116219e-02
3.032275e-02
7.674729e-02
5.821884e-02
7.901082e-02
4.886876e-03
1.506363e-01
1.125119e-02
1.247703e-01
4.880338e-02
2.003488e-01
1.864556e-02
4.125582e-02
7.105551e-03
2.989450e-02
3.769370e-02
1.530326e-03
1.909594e-04
8.222520e-02
2.113085e-02
1.317821e-01
1.395115e-02
1.808146e-03
1.220504e-01
8.468996e-02
7.411756e-03
5.387366e-02
5.983373e-02
5.891207e-02
1.249377e-02
9.087299e-03
3.377611e-02
1.135605e-03
2.021344e-01
4.003437e-03
4.868061e-03
1.115625e-01
1.506827e-04
8.045071e-02
3.050457e-02
2.469925e-02
3.264839e-02
3.414115e-02
4.719506e-02
