4.086456e-03
2.392500e-01
4.339816e-02
7.510141e-05
4.635583e-04
4.185496e-02
5.573616e-01
3.584675e-02
1.510900e-02
1.644992e-04
1.333897e-01
2.669653e-02
4.551751e-03
1.072691e-01
7.171199e-02
2.326316e-02
5.469289e-02
2.201339e-03
1.986606e-04
1.045945e-03
1.496940e-01
4.791680e-02
5.612334e-02
4.205865e-03
5.629899e-02
3.374911e-02
3.842952e-02
5.711706e-02
3.986801e-02
3.864826e-02
1.661318e-02
5.168744e-04
1.365419e-02
8.727995e-03
9.523487e-03
9.365504e-04
8.114943e-03
2.476081e-05
1.274351e-02
5.661575e-03
1.013230e-04
3.565322e-02
6.188521e-03
1.177398e-01
4.412132e-03
3.321833e-03
2.484424e-02
5.656522e-05
5.126489e-02
1.965955e-02
7.278707e-03
3.615589e-03
1.541853e-02
2.145588e-03
4.773547e-03
6.022193e-04
4.763321e-02
9.212042e-02
2.498271e-01
6.570877e-03
1.337288e-02
3.305010e-02
2.101400e-01
1.764277e-01
6.685381e-02
1.825377e-01
8.080447e-02
7.802688e-03
2.008424e-02
2.234370e-02
3.041061e-02
4.925774e-03
5.916848e-04
2.062029e-01
6.084064e-02
7.579329e-02
1.337367e-01
1.640261e-01
7.858938e-05
1.419427e-04
1.703132e-03
3.023837e-03
3.317945e-02
1.030917e-01
1.372094e-04
8.028906e-03
1.589423e-03
3.244930e-03
2.658973e-03
1.666867e-03
5.578302e-03
1.910672e-02
4.671431e-02
3.246994e-02
2.966640e-03
1.649561e-02
9.934784e-03
4.162582e-03
3.128565e-01
1.281508e-02
3.514782e-03
1.983770e-02
8.580232e-02
3.956580e-02
9.873579e-03
4.090842e-03
2.220141e-04
5.802096e-02
2.071951e-02
5.727965e-02
3.010634e-01
1.534676e-01
1.976333e-02
4.521818e-02
9.166434e-03
2.934240e-01
1.357988e-04
3.576935e-03
9.567419e-03
5.235402e-02
7.425796e-03
3.883560e-01
1.318206e-02
6.407039e-02
1.739476e-03
7.077106e-04
4.138235e-03
1.911125e-02
6.433545e-05
7.168964e-02
3.050410e-03
7.443924e-02
2.162771e-03
1.629830e-02
6.273209e-04
3.299486e-02
2.436221e-01
4.461393e-03
4.040801e-03
4.206645e-01
1.107146e-01
7.873892e-02
9.173829e-04
3.630740e-04
2.199138e-03
4.289224e-01
2.960196e-02
7.207319e-05
5.328124e-03
6.013250e-04
3.228626e-01
1.460824e-02
1.476797e-01
1.418207e-04
5.626726e-03
1.358025e-02
1.866669e-02
1.289528e-02
2.810727e-02
1.101300e+00
3.973895e-02
7.527344e-02
2.831645e-02
9.703413e-04
8.782076e-02
3.369644e-01
1.419488e-02
3.744572e-03
8.721744e-02
8.987333e-02
7.417269e-02
9.600893e-03
1.197365e-02
2.599451e-02
2.955807e-03
1.059892e-02
4.006509e-02
3.375797e-04
1.302851e-02
1.200761e-03
2.996323e-03
1.016764e-01
1.626114e-01
4.285366e-03
1.572497e-01
2.916629e-04
9.896108e-02
3.225776e-03
8.994179e-02
3.931094e-03
9.005694e-02
1.777546e-01
1.006023e-01
7.372102e-03
4.929862e-02
1.544017e-01
5.649423e-03
5.772558e-02
1.304572e-03
2.914273e-02
8.915042e-04
1.628196e-02
1.803353e-03
2.971167e-02
2.581700e-02
4.464775e-02
1.935824e-03
8.181667e-02
9.988255e-03
6.616194e-03
1.725882e-02
1.566699e-02
3.451473e-03
2.294265e-02
3.281094e-01
4.390761e-05
6.965510e-02
2.775314e-02
7.273419e-03
2.002712e-01
7.793481e-02
3.052070e-02
1.840608e-04
1.318500e-02
6.927157e-05
1.310822e-03
9.925674e-03
1.438593e-03
1.502039e-02
2.586361e-03
8.613215e-02
8.831679e-02
1.073203e-02
8.015226e-02
6.030994e-02
1.943948e-01
5.627181e-02
1.315024e-02
1.250386e-01
6.280913e-04
9.415659e-03
1.014995e-03
3.694628e-03
1.648499e-02
7.415101e-05
6.336527e-02
4.636793e-03
1.677928e-02
3.890567e-03
5.886556e-02
9.793059e-02
6.142228e-02
6.654968e-02
1.920260e-01
1.438258e-02
4.555801e-02
3.047404e-03
9.483990e-04
6.865225e-02
3.103469e-04
5.074929e-01
1.096408e-01
1.216124e-03
2.520094e-02
5.622160e-02
3.784976e-02
3.854608e-04
4.300817e-02
7.056271e-03
1.422774e-02
3.351212e-04
2.620727e-02
1.625454e-01
6.505396e-03
1.141243e-02
2.674564e-02
1.594183e-01
6.306352e-03
6.500802e-02
4.879391e-02
1.704332e-04
1.867694e-05
7.129851e-03
2.478664e-02
1.657332e-03
9.188278e-03
6.331282e-03
2.043568e-02
5.192234e-02
1.943119e-01
7.529744e-04
4.452428e-02
1.143617e-01
3.467938e-04
1.406636e-02
7.504380e-03
6.884551e-03
6.302259e-02
4.034527e-02
2.268802e-04
4.521339e-02
5.321006e-04
1.137356e-02
1.451581e-01
1.316878e-01
7.027146e-02
9.175808e-02
4.138174e-03
1.830893e-01
1.110889e-02
4.020879e-02
2.631869e-01
1.021593e-01
8.970365e-03
9.776837e-03
8.837829e-02
2.979620e-03
1.170693e-02
9.536669e-02
7.750203e-03
1.957111e-03
6.585982e-02
2.360840e-02
5.773389e-03
1.943656e-02
6.886816e-02
6.489891e-02
4.181829e-03
2.959420e-02
2.292012e-01
1.819449e-01
3.374972e-05
3.388858e-02
1.704628e-01
2.077366e-01
1.297582e-02
1.146702e-01
1.105332e-01
1.176916e-01
1.045368e-02
1.183596e-02
2.565192e-02
4.394144e-02
1.945955e-01
8.540737e-04
2.202651e-01
3.648510e-02
6.049660e-02
3.480668e-03
4.213782e-03
1.004907e-01
4.724459e-03
2.185975e-02
7.227423e-04
6.886544e-02
8.949139e-03
2.246802e-04
1.152741e-01
8.314248e-04
9.687220e-04
1.034889e-02
3.168063e-02
1.346201e-03
1.531262e-02
6.956527e-03
3.313480e-02
3.517530e-01
7.523504e-04
5.885969e-02
2.275404e-01
2.248161e-03
3.408882e-02
1.712161e-03
3.636730e-03
3.976985e-03
2.061099e-02
4.672065e-02
2.147608e-03
4.200474e-02
1.706919e-02
1.580583e-01
6.045573e-02
8.833925e-05
6.083388e-02
1.033048e-01
9.030630e-02
7.557507e-03
2.828892e-04
2.215629e-02
3.847263e-02
2.585478e-02
4.186991e-04
2.091722e-02
4.300600e-03
1.246402e-03
6.555993e-02
4.463691e-03
3.611063e-03
5.300281e-03
3.417847e-02
6.585387e-02
3.007346e-02
1.399809e-01
1.618700e-01
2.925429e-03
7.792628e-02
1.394037e-01
1.996584e-02
2.647046e-03
1.114677e-01
2.370453e-03
5.727167e-02
5.651140e-02
9.603896e-02
8.432024e-04
1.029281e-01
1.183629e-03
9.010623e-02
6.082852e-02
3.264970e-02
2.678230e-03
4.757784e-02
2.580007e-02
3.635086e-04
1.488465e-02
1.023075e-01
2.895798e-02
5.131196e-02
6.548266e-03
4.387471e-04
8.993325e-03
1.309563e-04
4.566592e-02
6.607535e-03
1.551692e-01
2.081600e-02
1.730063e-01
1.197736e-02
4.261253e-02
1.174631e-01
1.749346e-02
1.274467e-02
1.411716e-02
4.034706e-02
4.863481e-03
8.902370e-02
2.159392e-02
2.126994e-02
4.600782e-02
1.575862e-02
1.111584e-01
6.560478e-02
7.496746e-03
1.736517e-08
1.621429e-02
4.618189e-04
2.597617e-02
9.322239e-03
1.287715e-01
2.101615e-01
5.467334e-03
2.538678e-02
1.128776e-02
3.607279e-02
1.010904e-02
2.525921e-02
1.928560e-04
4.504579e-03
1.229343e-01
1.860361e-02
9.817944e-02
2.331960e-02
1.039282e-02
5.791720e-02
1.315086e-03
2.351532e-02
6.826571e-02
5.218746e-02
5.833916e-02
3.536843e-02
6.490254e-02
7.685444e-03
6.638215e-03
3.842772e-03
2.594411e-02
5.538282e-03
1.941919e-01
3.055423e-01
2.710678e-01
2.051073e-02
2.288281e-02
1.956336e-03
5.408294e-02
4.890640e-03
1.561963e-02
7.042117e-02
2.319564e-02
7.676606e-02
7.635391e-03
2.709382e-03
7.278417e-03
6.020875e-02
1.249388e-02
2.037190e-02
1.798932e-01
6.442271e-02
2.163820e-03
1.410951e+00
2.573608e-03
5.845403e-06
1.433607e-02
2.207432e-01
6.054056e-04
1.449416e-01
8.695874e-02
4.930898e-02
4.891153e-02
4.130465e-02
2.975353e-02
4.801310e-04
5.741868e-02
4.297012e-03
1.086394e-02
1.153639e-02
4.379417e-02
2.164331e-01
3.139333e-02
6.636082e-03
2.266070e-02
2.211159e-04
1.467467e-02
1.366579e-02
2.328985e-02
1.746517e-03
4.863175e-04
1.158158e-02
1.621872e-01
7.749180e-02
1.140075e-03
1.406966e-02
3.282063e-02
3.516482e-02
1.370654e-01
1.670699e-02
2.671865e-03
1.485601e-01
9.757764e-02
4.461184e-03
4.959703e-03
6.222930e-04
3.068477e-02
3.212207e-04
2.201189e-01
3.059218e-04
5.835313e-03
2.371038e-01
5.125968e-03
1.034210e-03
1.333562e-02
2.424870e-02
1.460518e-01
1.358476e-02
4.312529e-03
1.251723e-03
1.099402e-02
7.054246e-02
6.075856e-02
5.362049e-01
5.647654e-02
1.578182e-08
4.168186e-04
4.134343e-02
7.316734e-02
4.522052e-04
2.598500e-02
5.260955e-02
1.924807e-01
4.898710e-03
2.990398e-02
1.328845e-01
1.032411e-01
7.494066e-02
1.566300e-04
8.824328e-02
9.348636e-03
2.492057e-02
1.504414e-02
4.225450e-03
2.906059e-02
4.277899e-02
5.117039e-02
9.659507e-02
2.223960e-02
2.568607e-02
