8.994998e-02
5.606196e-02
1.973600e-01
1.298570e-02
1.868489e-04
5.270308e-02
6.510768e-02
1.424634e-02
4.932829e-03
3.095728e-05
9.656671e-03
7.099753e-02
6.605900e-02
3.900492e-03
2.594183e-02
6.198615e-03
1.104770e-01
1.391723e-02
2.284992e-02
2.199697e-02
3.327699e-02
3.493931e-02
1.449979e-02
6.164750e-05
3.060518e-02
8.133020e-04
9.737959e-02
9.431258e-02
2.655508e-02
4.940094e-02
8.917119e-05
4.816293e-08
7.490350e-02
2.287080e-02
2.259610e-02
5.672200e-02
5.484016e-04
1.230057e-02
1.534643e-04
2.677149e-02
7.340682e-05
2.617348e-02
1.682823e-03
9.361563e-02
1.154418e-01
6.474007e-02
1.694888e-02
1.617592e-03
2.733226e-01
4.996333e-02
2.560190e-02
1.006499e-02
2.343212e-01
8.185004e-06
4.218580e-02
2.196951e-02
7.833952e-05
2.275440e-02
1.117706e-03
2.021545e-01
1.383548e-02
6.827963e-04
7.467221e-03
4.891813e-02
5.235468e-03
1.492720e-01
4.465367e-02
8.615598e-03
4.056269e-02
3.926091e-03
3.873918e-02
3.752989e-02
3.928920e-02
5.225040e-02
7.700015e-02
2.187350e-03
3.129152e-02
1.135532e-01
1.184703e-01
2.117314e-01
2.014766e-02
1.747404e-03
9.675700e-05
5.226386e-05
2.724902e-03
5.461746e-02
3.840074e-04
3.798484e-03
3.227688e-05
3.563256e-02
1.714682e-01
8.357703e-02
7.424918e-03
4.997324e-02
1.177248e-02
1.303849e-05
3.163596e-02
1.767534e-02
5.114311e-02
1.551552e-01
7.429703e-02
3.414463e-02
9.717215e-02
4.930119e-02
3.833649e-02
7.076519e-02
6.746843e-06
6.409948e-02
1.505038e-01
1.118197e-02
3.665041e-06
5.038379e-02
5.659823e-02
1.675801e-01
4.843491e-02
7.323701e-03
2.473728e-01
4.588424e-03
3.389028e-03
5.582710e-04
1.929759e-03
1.367078e-06
3.933307e-02
1.878397e-02
4.332762e-02
1.457062e-02
4.280993e-02
1.327518e-01
5.150450e-04
1.656237e-04
1.304500e-02
1.383751e-01
8.027763e-03
5.594287e-03
3.162096e-04
2.388465e-03
2.768831e-02
1.774010e-01
6.841902e-03
3.105987e-02
7.720166e-02
4.764150e-02
1.504213e-04
1.391651e-03
5.574716e-02
5.053938e-03
3.224846e-02
1.308997e-02
3.481829e-03
5.889313e-04
1.137346e-03
8.253892e-02
1.610899e-02
7.689268e-02
3.130392e-03
3.032999e-02
2.228828e-02
7.636392e-04
1.149779e-01
2.869298e-01
4.471538e-02
1.486219e-03
5.722653e-03
9.935467e-02
5.042549e-04
7.966041e-04
3.552066e-04
5.447696e-02
2.391648e-01
7.392211e-04
1.310455e-03
3.685505e-03
4.965879e-03
1.991429e-02
6.356812e-02
2.486295e-04
7.024635e-02
2.728900e-03
8.007495e-01
1.450952e-03
1.393314e-01
3.301522e-02
6.716139e-03
1.052398e-01
1.811288e-01
7.682645e-03
1.333171e-03
2.814653e-03
2.166751e-02
1.889546e-02
4.206103e-02
5.942265e-02
4.672287e-02
1.145831e-01
8.084269e-03
1.207153e-01
5.634147e-03
1.053198e-02
8.725783e-03
3.334423e-02
1.696483e-01
2.606412e-02
1.229881e-02
6.956399e-02
1.907129e-01
2.888959e-02
1.617912e-01
7.792416e-02
9.027523e-03
2.839913e-01
4.657882e-03
2.991383e-02
3.635499e-03
4.530919e-03
1.781041e-03
4.654623e-03
1.716337e-01
1.787456e-01
7.675864e-02
2.891601e-01
2.700984e-03
1.959140e-02
1.009016e-02
9.030116e-05
3.025447e-04
8.863652e-03
5.281446e-03
2.814603e-03
2.543509e-01
2.542118e-04
2.258991e-03
1.060826e-02
5.454540e-04
1.357269e-01
4.336533e-02
7.269435e-02
4.239047e-02
9.057567e-03
3.916923e-03
6.354925e-03
3.187847e-03
2.391405e-02
1.717166e-02
2.511640e-02
4.654533e-03
4.924406e-03
1.238867e-04
8.855268e-02
1.649738e-03
2.521826e-02
5.956985e-02
2.758527e-04
6.622134e-02
7.954037e-04
2.197333e-03
1.422248e-02
4.974507e-02
1.108982e-02
2.026976e-03
1.223987e-02
4.561265e-03
1.566807e-02
9.273043e-03
2.832459e-02
2.436965e-01
8.354767e-02
8.496979e-02
1.497145e-02
2.387260e-01
5.790577e-06
2.031705e-02
1.880611e-02
3.264748e-01
4.017494e-02
1.356583e-01
5.070594e-02
9.100942e-02
1.811808e-01
2.223026e-02
9.895943e-02
5.366551e-03
6.369076e-03
1.258163e-03
5.116177e-02
5.352907e-02
1.130918e-02
3.027271e-01
6.067033e-03
4.825499e-02
1.662092e-03
2.310793e-02
6.304012e-02
2.447172e-03
1.705478e-01
3.317493e-03
3.675362e-05
1.785104e-02
2.378394e-01
7.745857e-03
2.827652e-02
1.855761e-02
4.363217e-02
5.897725e-03
4.297102e-02
3.915145e-07
1.393832e-01
3.909955e-02
3.483193e-03
7.453085e-02
1.013141e-02
4.058170e-01
1.489789e-05
6.196511e-02
1.706311e-02
4.618051e-02
8.078975e-03
1.044935e-02
2.990145e-02
3.092297e-02
9.582869e-04
2.678436e-04
2.020399e-04
2.450078e-05
1.351093e-01
5.279676e-02
2.140201e-02
1.184846e-01
1.721348e-02
1.583480e-04
8.056207e-02
1.717185e-01
1.115363e-02
6.238292e-02
5.069396e-04
4.044129e-04
9.760972e-02
3.858662e-03
1.677759e-03
1.476887e-02
6.970010e-03
2.100536e-02
3.822463e-02
2.154044e-02
7.208241e-04
4.117694e-02
4.256511e-02
7.216329e-05
8.835829e-03
2.031903e-01
1.011470e-02
5.415166e-03
4.236652e-06
3.735327e-03
1.334256e-01
3.349525e-04
8.727720e-02
7.516139e-03
2.686406e-02
1.131094e-01
4.014597e-03
1.011710e-02
7.987285e-02
1.126117e-01
1.034207e-01
2.662214e-02
1.401972e-02
4.356165e-01
1.728144e-03
2.165765e-02
1.842231e-01
3.440258e-02
3.056636e-03
1.977065e-04
1.857611e-02
1.372143e-03
3.646690e-03
7.487007e-03
1.617925e-03
2.834336e-02
1.061701e-01
1.671393e-04
6.054197e-03
4.030743e-02
7.935630e-03
3.214939e-01
6.147818e-04
3.286940e-04
2.079160e-03
5.340702e-02
4.275914e-03
2.397476e-02
3.002847e-02
2.968935e-03
4.996701e-02
4.665791e-02
2.543903e-02
1.035929e-01
1.113879e-01
1.641111e-02
9.060152e-04
4.599229e-03
3.437397e-02
3.332588e-02
1.501127e-02
1.169491e-02
1.129194e-02
4.975896e-02
2.449487e-02
2.524019e-02
7.477463e-03
3.167331e-01
1.179146e-01
8.886939e-02
5.038214e-03
1.049918e-02
1.582420e-02
5.008378e-02
5.240363e-02
1.414634e-01
1.154017e-01
3.168547e-03
1.259479e-01
5.630161e-02
1.483680e-05
4.524990e-03
3.344337e-02
4.010754e-04
2.617493e-02
7.080926e-03
3.548364e-03
3.967699e-02
2.712897e-02
1.761250e-01
3.077595e-02
4.107427e-03
4.921661e-04
1.461766e-02
2.089706e-01
6.176508e-05
4.076781e-03
2.985640e-02
1.013758e-01
2.201986e-02
6.746053e-03
5.060107e-03
6.546752e-02
4.791903e-02
5.434307e-02
1.610191e-02
6.885176e-02
3.846934e-04
2.385730e-03
1.501405e-01
1.957647e-02
9.469883e-02
2.585380e-04
4.149472e-01
5.023110e-03
3.031174e-04
2.975768e-03
1.936095e-01
2.944320e-03
1.515175e-02
1.119947e-01
1.183482e-02
2.124541e-02
3.241688e-01
8.994478e-03
3.821866e-04
4.195033e-02
2.202547e-02
4.407749e-01
7.725233e-04
1.424979e-03
3.084150e-03
7.617396e-02
1.146323e-02
1.148487e-04
5.412363e-02
3.035859e-02
1.442807e-01
1.011181e-02
7.616396e-02
2.978281e-02
1.746322e-02
1.638894e-03
1.063037e-02
2.023504e-07
3.479342e-04
6.205092e-02
3.678885e-02
6.884604e-04
8.031852e-02
7.103454e-02
5.179602e-02
1.232183e-04
4.592172e-02
3.233406e-04
3.053008e-02
4.591201e-02
1.981708e-03
5.158600e-03
1.094193e-02
1.271017e-02
1.041391e-02
9.563516e-02
3.586528e-02
8.258773e-02
1.785991e-02
9.770809e-02
1.805221e-04
2.170714e-02
7.900106e-02
1.614954e-01
5.743662e-04
7.168438e-02
1.689461e-02
8.883605e-04
1.924594e-02
1.131710e-01
1.149099e-01
2.234064e-03
3.716091e-02
1.179514e-02
9.644137e-02
2.744347e-01
1.153911e-01
1.484448e-02
1.502527e-01
3.888787e-02
2.924815e-02
5.369765e-02
3.133498e-01
5.326482e-03
1.254535e-02
2.871595e-01
1.128391e-03
5.471215e-02
3.061767e-03
1.060792e-01
4.582874e-01
1.009253e-01
1.695067e-02
6.775939e-04
5.616615e-03
2.623728e-03
1.772021e-03
1.572195e-01
5.773677e-02
6.694725e-02
5.280712e-03
1.460469e-01
1.281946e-01
9.236077e-02
2.144681e-02
4.522461e-03
1.239422e-01
1.143805e-01
2.826821e-01
2.802770e-02
2.685478e-02
3.050226e-02
5.417885e-02
3.536311e-02
8.967254e-03
1.595019e-01
1.786490e-04
1.349077e-02
1.592795e-03
2.121344e-02
3.862371e-04
4.738775e-03
1.287258e-01
1.696404e-05
9.201307e-03
1.753780e-03
5.200732e-02
2.961802e-01
1.303172e-02
1.317147e-01
3.480586e-01
2.590355e-02
3.146680e-03
1.191811e-01
3.352200e-02
2.421834e-02
3.690029e-03
3.058426e-02
3.572176e-04
3.933155e-02
6.284721e-02
3.472762e-02
1.649276e-01
1.069565e-01
