7.469644e-03
3.499094e-03
1.151295e-03
3.525631e-02
5.860437e-02
3.650844e-02
1.716523e-02
6.019493e-02
8.044696e-02
3.488986e-02
3.669244e-02
1.918987e-02
2.760542e-02
9.558136e-03
5.665860e-02
4.233936e-02
5.708348e-03
2.076517e-04
6.942495e-02
4.656101e-02
6.605253e-02
7.327143e-03
2.781325e-02
1.129798e-02
2.316232e-04
1.324172e-02
8.737978e-02
9.126317e-02
2.282589e-02
7.241120e-03
2.341268e-02
3.429279e-03
6.251733e-02
3.983614e-01
3.828213e-02
5.382663e-02
4.984117e-02
1.026439e-02
1.141720e-02
2.664262e-03
6.752337e-02
4.781187e-01
3.825870e-02
1.196586e-01
5.893272e-02
3.549650e-02
3.365997e-02
2.532805e-01
4.864735e-02
1.448394e-01
1.578785e-01
8.543953e-04
2.796119e-02
7.428681e-02
4.413220e-02
7.570056e-04
9.301643e-02
9.262543e-03
1.904396e-01
1.592770e-02
4.160530e-02
7.569819e-03
1.161952e-01
5.307516e-02
2.317519e-02
4.724060e-02
4.411076e-02
4.210265e-01
8.976879e-02
1.279095e-03
3.269027e-02
7.512306e-03
7.728486e-02
4.312348e-02
1.195737e-04
4.920944e-02
4.339021e-03
1.203940e-02
1.843138e-01
7.444934e-02
1.839676e-02
8.810462e-03
1.371098e-01
1.954284e-01
1.538935e-01
1.286113e-01
4.565730e-03
8.830407e-04
3.365464e-01
5.267691e-02
1.641604e-02
9.204205e-02
1.408528e-01
1.574155e-02
1.083440e-01
4.018478e-05
1.499365e-03
1.145210e-02
7.528954e-03
2.434670e-03
8.925070e-02
9.371337e-05
9.821457e-03
7.006514e-02
7.771202e-03
1.047323e-06
1.632682e-02
1.329093e-02
9.828373e-03
1.665244e-03
6.149922e-02
4.739220e-02
1.066404e-01
6.350024e-02
8.985537e-03
2.396529e-02
1.620442e-02
2.625029e-02
3.201345e-03
3.603955e-01
2.423698e-05
2.288277e-01
6.341411e-02
1.847692e-01
3.012920e-05
1.380578e-01
1.001596e-02
5.307669e-03
1.089575e-01
3.245218e-03
4.243786e-02
6.382833e-03
6.565723e-02
4.648797e-02
1.076017e-02
1.272593e-01
8.149949e-03
2.361060e-02
9.563732e-02
6.036147e-02
1.166060e-01
5.982566e-02
1.140657e-02
2.393672e-01
8.690322e-04
3.066339e-02
8.162521e-03
1.251711e-03
2.033562e-02
9.841231e-02
3.268001e-01
5.869770e-02
4.065008e-03
4.842211e-02
8.407574e-02
5.396122e-02
8.378598e-03
6.530689e-03
7.990819e-03
1.129256e-01
5.767408e-03
9.848032e-02
6.579254e-02
1.833027e-03
5.262321e-02
1.882279e-01
2.438264e-01
2.941971e-02
2.798091e-02
1.717259e-01
1.151447e-02
1.389538e-01
5.967035e-02
1.264284e-04
4.762995e-02
3.343398e-04
2.567829e-02
2.035014e-04
1.467975e-01
1.717276e-03
2.884116e-02
2.476269e-02
1.049426e-01
2.992907e-02
2.583355e-02
1.728296e-04
2.870459e-02
4.234519e-02
6.551919e-02
5.155581e-03
3.987518e-03
2.559248e-02
3.424499e-04
6.288011e-03
3.487213e-03
8.674272e-02
8.225464e-02
1.071757e-01
1.502346e-05
4.251794e-03
5.427369e-01
1.427886e-02
4.360906e-03
6.237696e-05
8.248080e-02
6.754549e-02
4.093810e-02
1.159679e-02
2.455837e-02
6.138740e-05
2.605462e-03
5.306027e-03
8.832136e-02
2.415341e-03
1.997288e-02
3.330706e-01
2.103991e-02
2.325420e-02
3.905505e-02
7.871467e-03
4.756520e-02
6.988771e-06
4.275701e-02
5.837512e-02
3.920629e-05
6.508237e-04
1.152932e-01
1.142434e-01
1.603341e-03
8.755925e-03
1.828481e-02
1.175350e-02
9.655856e-02
9.775428e-03
1.872099e-02
2.825944e-01
1.323451e-04
5.894401e-02
6.185414e-02
3.583021e-01
3.609867e-02
2.484187e-03
2.607228e-03
4.007818e-02
8.708139e-03
9.280725e-02
1.248281e-01
8.765784e-03
1.472435e-01
1.822985e-02
3.207409e-02
1.525627e-02
7.751935e-03
6.084754e-03
9.511889e-03
2.089847e-01
5.328858e-03
1.330737e-02
7.660683e-03
2.764539e-02
2.848961e-02
6.515966e-02
1.362510e-01
3.137977e-02
5.949452e-02
9.526360e-04
4.872207e-03
3.664267e-04
6.039227e-02
1.095292e-02
5.034042e-02
3.205480e-03
3.114136e-04
7.551982e-05
2.105467e-04
3.020603e-01
1.612913e-03
1.587653e-03
6.000908e-03
7.782545e-02
5.266376e-02
3.800969e-03
5.982130e-02
7.107521e-04
1.359624e-01
8.933626e-02
4.602424e-02
5.082138e-02
6.930866e-03
1.608445e-03
1.946781e-02
5.067079e-02
3.579687e-02
1.436953e-02
3.640537e-04
5.301540e-06
5.021067e-02
8.364533e-02
4.784325e-02
8.432160e-02
4.358194e-02
6.420221e-02
8.803373e-02
1.015614e-02
4.056372e-02
2.579364e-03
1.314624e-02
1.405107e-03
2.792744e-04
3.125129e-02
3.053646e-02
1.920243e-02
3.756405e-03
1.175584e-02
1.710805e-01
5.501591e-02
2.536649e-03
2.265087e-03
6.385122e-03
7.165922e-02
1.090957e-04
2.382976e-04
2.750666e-02
6.837049e-02
4.363283e-04
1.441431e-01
7.615208e-02
6.043036e-03
1.451955e-02
1.811942e-02
1.061208e-02
3.398918e-01
2.936325e-02
1.733984e-01
5.366300e-02
5.388982e-03
7.114932e-02
4.948998e-04
1.465622e-02
1.147319e-01
4.376995e-02
2.320687e-02
4.879800e-02
1.140603e-01
1.479886e-01
1.674657e-01
1.653590e-01
1.534657e-02
1.796817e-02
3.260996e-02
1.866095e-01
1.283770e-03
1.931280e-03
2.855760e-02
2.790345e-02
4.331387e-03
3.286525e-03
5.755747e-02
1.150716e-01
3.128205e-01
2.983183e-03
1.959578e-02
6.017596e-03
3.875149e-02
1.281951e-02
8.135122e-02
5.060629e-03
8.807266e-02
1.414415e-04
5.540276e-03
2.023180e-01
2.486655e-02
1.916906e-02
3.839141e-02
8.822516e-02
4.081506e-02
2.175239e-03
7.953980e-03
1.651570e-01
2.952505e-03
1.033822e-02
1.978385e-01
5.792899e-03
2.504165e-02
2.887442e-01
2.634156e-03
1.835858e-03
9.294914e-02
2.215633e-02
1.133259e-02
1.652478e-02
2.984220e-02
4.707906e-03
2.833311e-02
1.995841e-02
1.184014e-04
5.975695e-02
3.556311e-03
7.862638e-03
7.722484e-03
7.701636e-02
1.284897e-02
3.264824e-01
3.270901e-02
7.047435e-02
2.991559e-03
7.368050e-06
7.343950e-02
1.184469e-02
6.417427e-02
8.826247e-03
9.060457e-03
2.527461e-02
1.405988e-01
1.448439e-02
2.810373e-04
1.004113e-01
9.926442e-04
1.299751e-05
3.995247e-02
7.886567e-02
9.148760e-02
8.409937e-02
1.081201e-02
1.117847e-02
1.123980e-01
5.979210e-02
2.947786e-03
7.013638e-04
2.388301e-04
1.526831e-02
1.618772e-02
1.633077e-02
2.806483e-02
2.254917e-02
7.055460e-03
1.220019e-01
8.533371e-02
1.354000e-01
1.346309e-01
8.984620e-02
2.923530e-02
2.984862e-06
2.082578e-01
2.848070e-02
5.367159e-03
1.292393e-03
2.477284e-02
1.212563e-02
1.248044e-01
1.840883e-01
9.028030e-05
4.247586e-02
4.736792e-02
1.144878e-01
3.178583e-02
8.996365e-05
3.873590e-02
6.314360e-02
4.554334e-02
2.569358e-01
5.690356e-02
6.160049e-03
1.549137e-01
5.199907e-02
1.694361e-02
5.682014e-02
1.107329e-02
8.895917e-02
4.695978e-03
7.665346e-04
9.740436e-01
1.044388e-01
7.118899e-02
3.392388e-03
1.208279e-02
7.743428e-03
5.681160e-02
1.612551e-02
6.111087e-05
6.244850e-02
2.141722e-03
6.448571e-02
1.225238e-02
1.998815e-03
7.547965e-06
1.042419e-02
1.049178e-01
7.259246e-02
1.870195e-01
3.018887e-02
2.219749e-01
5.035328e-02
1.699654e-04
8.815510e-05
1.199550e-02
2.733217e-03
2.229824e-02
1.168364e-03
7.439918e-02
3.195746e-02
2.015374e-02
5.228405e-03
1.334966e-01
8.036051e-04
6.808423e-05
2.136847e-01
1.644312e-01
5.948727e-03
8.251231e-02
3.469047e-03
1.234939e-01
2.218826e-01
9.830133e-03
5.377264e-02
1.500242e-01
1.787042e-02
1.456891e-01
1.775967e-01
3.311294e-02
2.495802e-03
5.246452e-07
8.667315e-03
3.897232e-04
7.937013e-03
4.349020e-01
6.145909e-03
3.654566e-02
2.955553e-01
5.190030e-02
1.350817e-01
7.348832e-02
2.088259e-03
3.355084e-01
1.186373e-02
6.483168e-02
1.561114e-02
1.660857e-03
1.390321e-03
6.430460e-03
4.888437e-01
5.384682e-02
5.007805e-02
1.010189e-02
1.361965e-01
8.173908e-03
2.442371e-03
8.758910e-07
3.755443e-01
8.888507e-02
4.466006e-04
6.318880e-03
2.207106e-02
7.630237e-02
4.460860e-04
5.133081e-03
3.162436e-03
2.160596e-02
7.711033e-04
5.215112e-02
1.009019e-02
1.969557e-02
4.339196e-02
2.396900e-02
5.586667e-04
5.164178e-02
2.303703e-02
7.930348e-02
4.057883e-02
2.147774e-03
1.337668e-02
1.361190e-03
6.424389e-02
3.497726e-02
3.124669e-02
3.113393e-02
1.179532e-03
2.844227e-03
2.238241e-02
4.253168e-03
3.965110e-02
3.912378e-02
5.282468e-02
7.952233e-02
6.589076e-03
4.347530e-02
2.690685e-03
4.367580e-01
1.671490e-02
6.523310e-05
5.218270e-02
7.091957e-03
3.245239e-03
2.009900e-01
