1.489080e-02
5.084465e-03
1.453230e-02
6.177740e-02
4.555454e-03
2.350589e-02
2.499373e-02
4.285508e-05
1.301386e-03
1.804513e-01
4.296501e-02
5.961483e-02
2.648857e-03
1.976001e-03
2.779465e-02
4.502459e-02
3.128900e-02
5.160029e-03
5.588871e-02
6.126044e-05
1.404464e-02
1.494988e-02
3.044386e-02
2.893853e-02
1.924804e-02
4.997570e-02
2.413730e-03
4.601320e-03
6.249391e-03
1.977496e-02
2.866399e-02
5.951213e-02
1.860014e-01
5.910187e-02
1.214969e-01
5.375987e-02
7.395457e-02
1.519223e-03
1.100887e-01
1.543843e-01
9.327570e-03
1.282133e-01
6.688159e-03
1.190023e-03
5.034826e-02
8.661776e-04
2.312865e-03
1.207697e-03
6.699497e-02
1.851673e-02
4.610935e-02
8.180836e-02
9.185199e-03
1.160808e-02
2.180315e-02
1.111039e-03
1.255576e-04
2.511596e-01
9.487021e-04
2.099910e-01
4.017430e-03
9.045871e-03
2.505922e-02
7.433320e-03
7.342238e-02
5.228730e-02
9.130142e-03
1.882221e-01
1.948604e-03
1.160535e-01
3.577338e-03
3.242520e-02
3.197472e-02
5.684362e-03
9.282581e-03
1.821132e-01
1.762987e-01
1.401250e-02
5.207166e-02
4.007874e-04
5.630870e-04
1.286883e-01
4.734394e-02
1.869797e-02
8.906882e-02
5.267765e-01
2.611337e-02
4.555218e-02
6.299021e-02
9.763727e-04
8.586498e-03
7.042359e-03
9.353950e-02
7.082747e-02
5.211389e-02
2.002080e-02
9.971766e-02
1.945857e-01
2.227403e-05
9.380761e-04
9.228590e-03
5.887282e-02
1.565859e-01
8.069053e-05
1.597203e-02
6.393857e-02
6.656987e-03
7.796118e-02
4.326249e-02
1.138432e-02
7.040752e-03
6.301109e-01
5.914455e-02
7.333824e-03
4.381398e-02
9.625689e-02
5.902078e-03
5.953180e-02
5.797517e-02
1.842698e-02
2.083482e-02
4.826597e-03
2.128328e-03
4.491065e-02
7.043744e-02
1.620672e-02
1.696301e-02
1.112803e-03
5.347512e-02
1.149582e-01
3.477068e-03
8.236429e-02
1.200220e-01
8.114132e-03
4.386591e-02
2.641518e-05
1.440934e-01
2.110530e-04
7.258871e-03
9.295093e-03
9.122217e-02
7.360157e-03
1.585783e-03
1.420744e-02
1.133390e-01
4.407104e-02
1.175019e-03
7.106376e-03
2.290192e-02
1.124348e-02
4.011275e-04
1.215003e-02
3.433093e-02
4.863129e-02
1.672989e-03
3.164807e-02
5.223872e-02
3.043745e-02
2.656790e-02
2.797506e-02
1.097885e-04
1.776869e-01
8.994011e-05
1.073078e-01
3.151861e-03
5.288460e-02
3.984216e-03
3.509991e-02
3.903413e-06
5.906737e-02
7.584865e-03
1.043647e-01
1.081450e-03
6.271469e-04
2.251197e-03
1.564949e-02
8.130623e-02
1.054307e-01
6.174119e-02
2.187695e-02
2.658564e-03
1.434438e-03
6.294153e-02
9.388009e-04
1.337635e-02
3.005005e-02
1.139956e-08
4.504160e-05
5.954163e-02
1.750570e-02
4.833660e-04
1.131614e-06
2.720908e-04
8.377876e-03
5.056138e-03
6.385016e-03
5.403989e-02
1.166767e-01
1.505998e-02
8.749126e-02
1.597110e-04
9.439502e-02
2.382653e-03
1.328020e-03
2.196857e-03
1.209755e-01
1.210877e-01
9.041895e-03
4.196742e-02
1.428095e-01
9.469211e-02
1.613779e-02
3.904024e-04
2.939084e-04
6.231401e-03
2.230916e-02
7.741068e-03
1.172692e-02
6.940809e-02
2.259621e-02
9.997449e-02
3.550416e-02
9.453473e-04
1.379616e-01
1.368368e-03
1.266796e-02
1.180579e-02
1.152504e-01
7.946692e-03
4.778056e-02
2.007201e-02
1.553234e-02
2.978853e-02
7.533593e-03
1.797562e-02
1.241781e-05
2.661552e-02
7.294855e-03
3.776421e-02
7.794894e-02
1.036364e-03
2.393200e-03
3.636213e-02
8.030019e-02
4.488199e-05
3.272504e-02
1.578160e-02
9.985650e-03
4.096547e-02
4.014513e-02
6.205584e-02
7.201339e-02
2.355427e-03
7.078844e-02
6.474899e-03
2.351402e-03
3.428931e-01
9.749420e-02
1.181586e-02
3.091550e-02
1.416072e-01
9.525693e-02
8.038136e-02
1.986726e-04
6.018593e-03
2.555671e-02
2.922265e-01
3.965649e-05
4.534148e-02
6.906202e-02
5.392417e-02
1.507961e-02
2.040868e-01
9.149370e-02
5.084855e-02
8.001982e-02
3.307518e-04
1.190085e-04
1.777956e-02
1.354159e-01
2.323937e-01
6.591630e-02
9.768768e-02
2.227584e-02
2.748746e-03
5.549114e-02
1.229633e-03
4.538234e-05
1.153377e-03
1.428063e-01
7.254930e-02
1.589110e-02
8.793333e-02
2.029211e-01
5.851087e-02
7.688362e-02
2.999196e-02
9.758561e-02
1.184527e-02
4.655880e-03
4.900308e-03
1.608101e-03
4.146006e-02
4.885338e-02
1.062252e-01
1.240593e-02
2.861275e-02
1.810032e-02
2.881862e-02
1.234574e-01
3.922689e-04
7.556723e-03
4.065345e-02
1.073333e-01
2.944060e-02
8.759623e-03
2.506667e-02
3.010463e-02
2.797012e-02
3.760436e-02
1.214481e-03
1.793705e-04
5.415752e-03
1.602567e-02
4.432645e-02
2.576317e-01
4.548577e-01
4.593238e-02
4.628626e-02
2.197959e-04
1.597004e-02
5.484995e-02
6.627194e-02
7.211405e-02
3.864779e-03
1.146155e-02
1.263451e-02
4.761612e-02
3.792479e-04
1.250171e-01
6.132438e-02
1.305720e-01
1.172637e-01
3.063873e-03
5.414381e-02
1.167339e-02
1.179013e-02
4.422804e-03
3.065376e-02
1.356514e-02
3.077735e-02
6.843198e-02
9.061526e-04
1.155120e-02
6.993194e-03
7.448886e-02
8.587691e-02
2.460988e-04
2.958919e-02
1.206022e-01
1.989298e-01
1.046771e-02
1.612904e-01
2.552610e-04
7.471882e-02
7.362218e-03
1.492466e-02
8.209542e-02
8.795520e-04
1.673405e-02
4.958324e-02
2.050251e-02
1.795467e-04
1.054228e-03
2.648538e-02
1.395772e-02
9.269478e-02
3.211038e-03
1.162486e-01
1.328898e-02
8.052216e-02
5.562023e-02
2.318377e-01
9.986078e-02
2.587047e-02
9.361852e-03
2.085341e-02
1.212499e-01
3.345797e-01
1.606028e-02
1.270579e-01
5.881342e-02
1.067197e-02
3.069383e-02
5.517130e-04
1.010024e-01
1.563267e-02
1.434090e-02
9.359428e-02
5.700266e-03
3.651228e-03
3.448147e-03
8.256911e-03
1.168860e-02
1.380600e-01
5.424462e-03
8.842639e-04
1.443354e-01
7.801034e-10
5.598549e-05
1.253690e-02
6.255860e-02
6.808076e-02
1.134511e-01
9.231166e-02
3.653861e-03
1.650976e-03
4.997299e-02
5.046092e-03
3.294210e-02
4.519603e-03
1.355327e-03
3.101417e-02
4.091994e-03
9.289454e-02
4.420669e-02
1.019943e-04
3.050512e-02
2.648348e-02
8.993342e-07
7.598014e-02
2.351695e-01
1.189580e-02
5.117207e-02
9.043989e-04
3.729881e-02
4.294026e-02
2.562800e-02
7.938519e-02
7.374660e-04
2.575622e-03
7.415056e-02
5.055107e-03
7.185766e-03
4.980292e-03
9.822844e-04
1.231242e-02
2.433397e-02
4.457295e-02
5.421741e-02
2.917300e-01
1.255605e-01
5.520832e-03
3.438431e-02
1.911930e-01
3.424914e-02
5.851574e-04
3.440213e-07
7.790459e-02
9.810477e-02
5.480890e-02
4.666489e-05
1.183612e-01
1.060226e-01
2.701493e-02
5.053939e-02
5.825201e-02
1.163091e-01
5.081727e-01
2.050072e-02
1.077244e-02
1.620909e-02
2.684678e-01
4.846250e-03
1.917352e-01
1.893612e-02
4.082041e-02
2.569293e-01
3.132623e-04
2.362188e-03
3.145812e-02
8.934077e-02
3.881067e-03
4.686859e-04
1.260011e-02
8.613685e-02
1.182089e-02
2.389854e-02
6.925647e-02
2.223228e-01
7.861709e-02
4.176501e-02
2.332324e-01
1.192915e-02
9.887533e-02
1.356651e-02
1.424462e-01
7.655532e-03
7.212829e-03
1.132981e-01
9.587322e-03
1.389575e-03
1.208550e-01
5.295854e-02
3.423985e-03
2.776124e-01
3.122709e-05
1.997523e-03
7.242367e-03
3.456813e-03
3.817297e-03
3.068693e-02
2.566904e-01
7.846560e-02
2.273458e-01
1.302855e-02
2.236249e-01
2.426472e-02
1.759065e-01
2.705088e-02
1.209467e-01
5.833346e-03
7.079975e-02
3.412846e-02
3.188650e-04
2.970828e-02
6.346524e-02
6.866475e-04
1.127538e-01
2.805553e-01
1.116142e-03
2.607888e-01
2.433644e-02
4.527936e-05
3.620082e-03
7.897122e-02
9.779668e-02
2.107267e-02
2.250700e-02
1.445998e-01
5.666228e-01
3.024838e-04
1.379442e-03
6.983439e-02
3.190410e-02
2.833070e-02
3.288438e-02
6.351982e-03
1.910041e-03
5.245996e-04
3.412464e-02
6.548250e-02
1.212756e-01
5.027740e-04
1.081376e-05
9.232935e-03
5.236425e-05
4.176583e-04
1.166739e-02
5.908354e-02
3.005614e-02
3.441276e-01
3.629411e-03
2.800585e-02
5.451366e-02
1.115903e-03
2.413808e-03
2.520009e-02
8.076608e-02
6.827625e-03
7.008384e-02
2.260565e-02
2.011304e-02
1.415100e-02
6.681321e-03
1.223579e-02
1.923348e-01
4.450293e-05
1.209611e-01
2.247684e-01
2.873220e-02
2.820676e-03
3.321872e-02
5.575318e-02
6.087717e-02
3.729970e-02
2.953275e-02
5.023573e-02
8.920475e-03
5.000377e-02
1.370781e-03
3.136233e-02
8.848319e-04
4.360333e-02
