3.173789e-04
8.200573e-02
8.938855e-02
2.326413e-02
4.986678e-02
4.763699e-03
1.261548e-01
1.385434e-03
1.784502e-01
2.539251e-02
1.769732e-02
4.447905e-02
7.762692e-02
1.206438e-02
9.341274e-02
1.598945e-03
7.582192e-02
4.838851e-02
1.168289e-01
7.686796e-03
4.211162e-03
3.598168e-02
9.748316e-03
7.691556e-02
1.477296e-02
3.581081e-04
2.727540e-02
3.508649e-02
9.363421e-04
1.773234e-04
4.333469e-03
2.587851e-01
1.490390e-03
4.268107e-03
1.736549e-02
2.915515e-03
5.772838e-02
2.149553e-02
1.800306e-01
1.050319e-01
2.533118e-02
1.017527e-03
1.346572e-01
9.642945e-04
1.646006e-02
2.219157e-02
2.239329e-03
4.177818e-03
1.563375e-01
3.656617e-02
1.967377e-02
2.733266e-02
3.927601e-02
8.403046e-02
1.282551e-03
2.508137e-03
3.853438e-02
1.128418e-02
8.543644e-03
1.722772e-02
1.919602e-03
7.949912e-04
7.416835e-03
2.791267e-01
5.724802e-01
4.023074e-04
1.948785e-01
7.737360e-02
3.693287e-01
3.731723e-03
7.195446e-02
2.750722e-04
7.080401e-03
1.261690e-01
4.014837e-02
7.968209e-03
2.721099e-01
2.238553e-02
3.587843e-02
6.275691e-02
2.802792e-02
7.234734e-02
2.675130e-02
7.237777e-02
4.455138e-02
1.701892e-05
5.964721e-03
1.030613e-01
3.909854e-02
3.967319e-02
2.179322e-02
3.076870e-02
8.468886e-03
1.011598e-02
9.636064e-04
1.926131e-01
6.560996e-03
7.604489e-03
1.540498e-01
4.419329e-02
2.608038e-01
5.639726e-02
4.112439e-02
2.134167e-02
2.547777e-02
4.135035e-04
3.227745e-03
3.609301e-03
2.684088e-02
7.071295e-03
5.757969e-02
3.039521e-01
2.754758e-02
5.865136e-02
3.108715e-02
2.741600e-01
4.475289e-03
1.114366e-01
7.888534e-03
2.202078e-04
1.944763e-03
6.306277e-04
6.645016e-02
4.807975e-03
6.051202e-03
7.808079e-03
5.982182e-02
5.193217e-02
5.558831e-03
5.058994e-02
1.180605e-02
7.391858e-04
4.184737e-02
1.092791e-01
1.003298e-01
1.465498e-01
2.597263e-02
7.582111e-04
3.191377e-04
2.718880e-02
2.613216e-02
2.931912e-04
2.504078e-03
3.629224e-02
1.520270e-02
2.690787e-04
1.496813e-03
1.188383e-01
8.453484e-03
2.365942e-02
2.867775e-02
3.709419e-03
6.332682e-03
8.709026e-02
2.751704e-02
2.855327e-04
3.472848e-04
2.340371e-02
2.173460e-02
3.584488e-01
1.300410e-01
1.237005e-02
2.122227e-02
7.372858e-03
1.324592e-03
6.835379e-01
5.911648e-02
3.165060e-02
2.025609e-02
1.889558e-02
3.745261e-02
6.076890e-04
2.572395e-02
3.913029e-02
7.946592e-05
2.122829e-01
1.249169e-01
8.332351e-03
2.329771e-03
1.132189e-03
1.348003e-02
5.637822e-02
2.236373e-02
7.896081e-02
1.028219e-01
2.033615e-02
2.774354e-03
4.029130e-02
1.233896e-01
2.023073e-01
5.481395e-02
2.750192e-02
2.279136e-05
4.030742e-02
3.987469e-03
8.563664e-03
2.903549e-03
3.948389e-02
2.058801e-02
6.666269e-02
8.076923e-02
4.214330e-02
3.438714e-04
8.436050e-05
2.017791e-02
4.462869e-04
6.805814e-03
1.541987e-03
8.689231e-02
8.530617e-04
1.827502e-01
6.368365e-02
1.874189e-03
3.025160e-02
2.647085e-03
3.440285e-02
1.247642e-01
1.840027e-03
6.714303e-03
2.252330e-02
4.113454e-02
3.384933e-03
7.915687e-03
1.238912e-01
1.199570e-03
2.577371e-01
1.144563e-02
1.266657e-02
4.624171e-03
4.837945e-03
8.687327e-02
9.509249e-03
1.865029e-02
1.766203e-03
1.040883e-01
6.129255e-02
7.806890e-03
5.171598e-03
1.171028e-01
6.324868e-05
3.412918e-01
1.062212e-02
1.310726e-02
8.385173e-07
1.070828e-02
3.410124e-02
1.370120e-01
6.155001e-02
1.335505e-03
2.305106e-01
6.738857e-03
1.539369e-01
5.168015e-05
6.829443e-02
3.927399e-02
5.808758e-04
2.671904e-02
1.250928e-01
2.765130e-03
2.436246e-02
2.725584e-01
5.844303e-02
2.976511e-02
9.467042e-05
6.713334e-02
1.441766e-01
1.144718e-01
1.275467e-01
2.596967e-02
1.958182e-02
6.438988e-04
3.029869e-02
2.425492e-01
7.893581e-03
4.775916e-02
4.046878e-02
8.384664e-02
1.815647e-02
3.454290e-04
3.184918e-04
9.720623e-02
6.920041e-02
3.014686e-02
6.024081e-04
1.327039e-01
1.423035e-01
2.795629e-01
1.969354e-02
2.805644e-03
2.912137e-03
1.236301e-02
1.929706e-01
9.427211e-04
3.750603e-05
4.972499e-02
5.930787e-02
5.694256e-02
1.879107e-02
2.943001e-01
1.909066e-02
1.329123e-01
7.835532e-04
1.399032e-04
1.645766e-01
4.883651e-02
4.583729e-04
6.554874e-02
1.970567e-03
4.632359e-02
6.336430e-02
3.722799e-02
9.322545e-03
3.241986e-03
8.155677e-02
7.120062e-03
1.512282e-03
1.053068e-03
2.291744e-01
4.560493e-02
5.444845e-02
1.695802e-01
1.696393e-03
6.942420e-02
1.867880e-02
2.947294e-02
1.989862e-01
6.620888e-02
5.111659e-03
2.509128e-02
3.182601e-02
3.254771e-02
8.012642e-02
5.554318e-02
7.358089e-03
4.400256e-03
4.608549e-02
3.620090e-02
1.263267e-02
2.020004e-01
2.205934e-01
2.142092e-02
2.877629e-05
2.883107e-03
5.357029e-02
6.541209e-06
2.093996e-02
6.346169e-02
2.462481e-02
4.194347e-05
7.209769e-02
1.044448e-03
1.121520e-01
3.798722e-02
6.874253e-03
4.460642e-02
1.265858e-03
9.704382e-02
1.300425e-03
5.337268e-02
3.363951e-01
4.280399e-02
2.712704e-02
1.394543e-02
3.385137e-02
7.878656e-02
1.484553e-02
1.075309e-02
4.375902e-03
4.483440e-02
6.249514e-02
9.742711e-03
2.078677e-02
2.003465e-03
3.696103e-04
7.237363e-02
5.427562e-02
4.337020e-02
1.637279e-03
1.083345e-02
8.995454e-04
3.704351e-04
4.265296e-02
9.443126e-04
8.579319e-02
1.352130e-01
4.947292e-05
1.187339e-04
1.698739e-02
1.854271e-02
5.363397e-04
3.581820e-02
3.372221e-03
3.968603e-02
4.515787e-03
3.233578e-02
1.592000e-02
9.066937e-02
1.295101e-01
6.730647e-03
1.493570e-02
1.556581e-02
2.510945e-03
6.308186e-02
5.708027e-02
3.156425e-04
2.034444e-01
1.613616e-02
3.754093e-03
1.870373e-02
3.274605e-02
5.959916e-02
2.112677e-01
1.107576e-01
3.014081e-03
3.053622e-02
9.425321e-04
5.911955e-02
2.884524e-02
8.951796e-03
3.907489e-02
6.619284e-03
1.143941e-01
1.518709e-02
7.417263e-03
6.228892e-02
7.792840e-02
4.951173e-02
7.444248e-03
2.993871e-05
1.302920e-02
1.987670e-01
5.215268e-02
2.390440e-02
4.327012e-03
7.158498e-03
4.097463e-02
9.581647e-03
1.879910e-01
2.130389e-02
3.023126e-03
4.895057e-02
7.041015e-02
1.629402e-01
1.398439e-01
6.759982e-02
3.650499e-03
3.223215e-02
1.236251e-02
5.317607e-02
2.144985e-02
8.673887e-03
1.872585e-01
2.705111e-02
5.622507e-02
4.372463e-02
6.582118e-02
1.329652e-02
2.231575e-02
6.251473e-05
2.349976e-02
9.474083e-03
1.761344e-02
2.194855e-02
2.759158e-02
4.266285e-02
2.266468e-02
3.421792e-03
2.256350e-04
1.404838e-03
2.294495e-03
2.562044e-02
3.199182e-01
6.469459e-01
5.726702e-02
2.297421e-01
2.200899e-02
2.637530e-03
1.370137e-01
6.203177e-04
3.530774e-03
4.305315e-02
2.722990e-02
7.181745e-02
5.367215e-02
2.545529e-01
5.920165e-03
1.123358e-01
1.823821e-03
1.336814e-01
5.455110e-03
5.553329e-02
2.417524e-02
2.690884e-02
2.122249e-01
6.387097e-02
4.996466e-02
2.016563e-02
1.078571e-01
1.488768e-01
1.075440e-02
4.382863e-03
7.539869e-02
1.021947e-02
9.851581e-03
1.057414e-01
1.388162e-02
8.400251e-06
4.909131e-02
7.886128e-02
1.220446e-03
6.588815e-04
1.936187e-01
3.917231e-02
4.077069e-02
6.998851e-02
9.693587e-04
1.658777e-02
4.494921e-02
2.706068e-01
6.174597e-02
1.236330e-02
3.429452e-03
2.457669e-02
2.153815e-01
9.105414e-03
4.472547e-01
3.688500e-03
1.445478e-01
1.453266e-01
5.702985e-02
5.651465e-04
4.290685e-02
1.686735e-01
1.928309e-02
3.067311e-02
1.348813e-01
2.704864e-01
1.813550e-02
1.933435e-01
7.481027e-02
2.466962e-01
2.110790e-03
9.319976e-05
2.504217e-04
2.557852e-02
4.896364e-02
1.579020e-01
6.940182e-02
4.467949e-02
6.004035e-02
3.522293e-04
5.619070e-02
2.776091e-02
4.110416e-03
3.958898e-02
1.427910e-02
3.327539e-02
2.366635e-04
2.476760e-02
5.025102e-03
4.897545e-06
7.621523e-02
5.492661e-03
7.255901e-03
2.217390e-01
4.500602e-02
5.343088e-02
1.887397e-02
4.041403e-02
1.329760e-01
5.597836e-03
7.824906e-03
1.647889e-02
1.380970e-02
1.831303e-02
1.234094e-01
4.444490e-02
8.370127e-03
1.675567e-02
5.162459e-03
7.677143e-02
3.935797e-03
1.509357e-02
2.100679e-03
1.303123e-03
1.343853e-02
1.492085e-01
2.025017e-01
1.405518e-01
2.418387e-02
1.077025e-01
1.360027e-03
3.074443e-04
7.812178e-02
