3.697748e-02
3.479278e-02
3.499206e-04
2.430163e-02
2.054006e-03
1.523197e-01
6.037194e-02
2.962603e-02
2.923077e-03
6.694550e-03
5.963436e-02
1.524466e-03
7.406206e-02
1.006138e-01
1.822882e-03
8.036327e-03
1.950705e-03
1.573539e-02
6.991954e-02
7.446587e-02
3.741422e-02
1.393419e-03
6.250596e-02
3.078370e-02
3.460351e-04
8.584216e-04
2.765199e-02
3.646267e-03
1.249567e-01
8.699255e-02
2.527764e-02
3.065570e-03
1.188350e-01
1.295108e-01
1.020910e-02
4.994442e-02
1.738820e-02
2.509385e-01
4.125920e-03
2.070185e-02
1.683124e-02
1.755044e-02
5.239732e-03
1.236944e-01
4.638045e-02
2.161073e-05
3.671714e-02
3.228708e-02
2.950444e-02
7.462027e-02
7.238059e-06
6.256847e-02
4.532989e-03
2.634685e-01
7.548626e-03
8.386471e-03
2.782396e-02
8.179322e-02
7.038128e-02
9.223359e-03
1.684233e-02
5.040510e-02
2.337240e-03
1.959768e-01
2.703736e-03
2.270697e-04
3.389823e-01
1.535999e-02
1.877462e-02
8.661515e-02
1.887276e-03
5.616920e-02
3.835170e-02
6.772919e-02
1.862882e-02
6.366740e-02
5.143710e-02
2.999767e-02
2.435887e-01
2.252878e-03
2.271616e-01
1.117117e-04
3.486491e-03
1.232994e-01
3.368651e-02
1.752163e-04
4.608013e-04
1.803635e-01
1.279969e-03
1.064762e-04
1.828091e-02
1.744648e-02
2.261824e-02
1.710348e-01
1.383447e-02
3.181674e-02
1.877490e-01
2.031128e-02
2.858227e-01
6.110741e-04
1.141909e-01
5.755637e-04
1.249491e-02
1.863648e-04
3.116693e-03
1.161702e-01
2.203595e-02
1.631696e-02
2.730335e-04
8.148480e-02
1.235301e-02
1.783843e-01
1.367629e-02
3.565946e-03
6.097867e-03
1.812847e-01
6.403136e-02
3.139154e-04
5.243738e-02
4.884825e-02
5.579920e-03
2.244849e-02
1.549296e-02
6.137081e-02
2.808159e-02
1.317866e-01
7.885100e-03
2.515385e-03
1.205062e-01
8.798242e-04
6.190332e-03
3.694481e-02
1.809878e-02
4.579106e-03
1.120479e-02
4.938599e-02
1.071396e-02
2.502439e-03
5.860172e-02
2.366341e-02
8.201534e-04
3.109220e-02
6.081405e-03
8.236957e-03
7.914838e-03
1.509260e-02
4.596861e-02
5.868956e-03
2.719682e-02
9.727867e-04
7.290794e-02
8.503158e-05
1.129913e-01
1.313349e-03
6.518355e-04
5.715972e-03
4.847805e-03
1.699242e-02
1.720140e-02
6.297490e-02
1.561772e-02
6.869569e-03
1.036440e-02
1.288807e-01
2.017910e-01
2.721188e-01
9.356010e-02
4.705710e-03
1.663367e-02
2.045675e-02
1.208108e-03
1.598092e-01
2.688012e-02
5.781044e-03
4.506963e-03
2.242033e-02
2.285456e-01
1.338641e-02
1.085033e-04
1.160414e-02
9.114791e-02
2.327423e-01
4.168177e-02
7.183988e-02
3.326182e-07
3.927882e-02
2.556043e-07
8.232058e-02
3.602182e-02
6.828488e-01
4.507122e-03
5.485195e-03
2.140613e-01
1.672342e-01
1.547921e-02
3.345092e-01
2.367236e-02
1.263935e-02
1.106266e-01
1.066487e-02
2.154479e-03
7.439054e-03
1.056685e-01
2.363194e-02
9.455717e-02
1.066903e-02
6.586633e-02
1.132482e-02
1.754227e-03
6.351999e-03
1.316043e-01
5.708132e-03
4.109296e-02
4.880281e-02
7.164037e-02
4.039942e-02
7.172148e-02
1.310497e-03
3.283240e-02
8.537694e-03
1.308266e-05
8.624298e-02
1.301489e-02
1.875854e-03
5.958487e-02
6.919859e-03
3.296937e-02
5.969900e-03
1.451498e-01
3.353882e-02
2.370171e-01
1.782347e-04
1.639332e-02
2.826569e-02
3.130376e-02
8.801604e-06
1.133926e-02
1.116382e-03
2.923598e-02
3.439621e-02
4.584333e-02
8.160542e-03
1.454215e-01
8.475508e-04
3.576304e-02
1.658464e-03
1.765427e-01
6.601000e-03
2.604666e-02
2.031273e-02
5.025604e-04
1.020225e-02
2.764873e-02
4.650171e-03
3.921078e-04
6.153041e-04
1.794039e-03
1.114682e-01
1.575836e-03
9.278978e-04
7.334283e-02
6.394049e-02
4.927658e-02
5.764919e-02
8.820141e-02
3.350288e-02
1.608398e-01
5.033202e-04
2.235011e-02
1.243665e-01
1.027929e-01
5.190741e-02
8.398546e-03
9.601600e-02
1.981424e-02
3.296884e-01
5.091370e-02
5.710332e-05
6.756345e-02
1.376742e-02
8.206397e-02
4.511703e-02
2.128736e-02
1.333713e-03
2.336670e-03
4.249651e-03
8.293048e-02
5.910505e-03
3.525955e-02
1.554132e-02
8.503041e-02
3.883082e-02
1.087578e-04
1.087872e-02
1.970297e-02
5.998187e-02
4.656997e-03
1.105759e-02
2.510493e-03
2.512700e-02
2.236250e-04
5.252931e-02
3.735489e-02
1.269814e-01
1.606333e-02
9.965129e-03
1.479300e-01
8.894536e-02
1.095299e-02
1.078091e-01
5.382366e-02
1.286588e-02
2.610041e-03
1.417921e-01
4.152877e-02
9.797603e-03
2.884894e-02
9.758899e-03
1.731866e-02
9.868621e-02
8.351150e-02
4.582852e-03
8.603048e-05
9.391296e-02
8.931231e-03
1.724613e-03
1.921740e-02
3.920106e-02
2.059327e-02
3.576104e-01
2.303400e-04
3.293459e-04
4.423170e-02
1.742264e-03
1.207355e-02
5.621601e-02
3.887444e-02
1.004602e-02
4.718795e-02
5.939983e-04
1.442502e-02
6.308799e-04
3.736312e-03
3.770825e-02
2.074696e-01
3.322645e-02
6.694785e-04
2.437866e-02
2.119492e-02
4.841584e-02
1.460864e-02
1.256513e-01
1.341527e-01
4.096485e-03
3.836376e-02
5.057523e-03
1.028760e-02
3.991281e-02
6.003309e-03
3.443011e-03
4.986984e-02
1.096376e-03
1.970016e-02
1.022030e-02
4.060120e-03
2.340854e-02
6.396466e-02
1.142878e-03
9.840489e-04
1.850099e-02
1.245357e-02
8.479011e-03
1.394435e-01
2.435032e-02
8.761798e-02
4.845121e-03
3.092393e-04
1.583611e-02
2.261427e-03
1.300772e-01
3.604997e-02
3.258569e-04
6.411442e-02
3.356995e-02
1.495052e-01
9.605731e-02
2.042785e-01
2.641965e-02
2.358958e-03
1.680219e-02
1.101117e-03
2.061258e-01
1.134528e-03
8.198289e-02
3.889067e-02
1.089561e-01
8.819043e-03
4.828729e-03
2.130871e-01
1.126986e-03
7.338703e-03
5.273986e-03
5.140624e-03
1.731362e-02
1.007474e-01
6.794810e-03
2.166864e-02
6.975628e-04
2.037292e-01
5.130450e-05
1.002040e-05
7.682409e-04
3.812476e-03
4.463943e-02
7.086454e-03
1.772536e-03
7.585571e-02
3.360140e-03
6.987699e-03
9.949539e-02
5.961702e-04
1.006258e-02
9.968327e-02
1.813768e-03
1.183835e-01
4.966747e-03
1.589579e-01
2.534227e-02
1.429643e-01
3.527442e-02
1.947246e-02
4.348174e-02
9.304469e-04
1.055081e-02
4.847173e-02
2.573369e-03
1.312000e-01
8.735875e-02
6.275374e-03
7.569691e-02
2.265007e-01
1.733201e-01
5.016354e-02
9.260693e-03
1.031229e-05
1.956908e-02
1.024914e-01
8.785894e-03
8.305503e-04
9.586703e-02
1.046291e-02
1.549456e-02
1.318072e-01
3.083104e-02
3.265482e-02
7.919907e-02
2.767940e-04
1.123283e-01
3.244107e-05
1.004111e-01
1.369209e-02
2.143944e-02
1.787732e-02
8.689689e-02
1.014518e-01
5.973210e-02
1.943185e-03
5.586630e-03
1.542393e-03
2.088680e-01
2.016264e-02
3.954581e-01
1.693652e-02
3.582850e-03
2.079333e-03
7.274027e-03
3.570638e-01
6.580865e-03
1.732787e-03
2.275436e-03
1.048635e-01
7.163410e-05
2.547486e-01
1.107629e-02
6.919968e-03
1.602256e-02
1.344294e-01
5.667233e-02
3.536562e-03
3.221420e-03
9.536303e-03
1.102501e-01
4.762292e-02
6.492688e-03
2.387996e-02
1.751286e-03
1.018118e-02
2.758387e-03
4.903870e-05
1.253266e-01
3.367473e-02
1.687715e-02
2.927068e-03
3.653019e-01
1.257949e-01
4.446466e-04
4.511506e-02
9.211059e-01
1.824711e-02
1.293165e-02
1.887855e-01
1.568793e-02
2.481727e-03
9.906174e-02
1.456934e-03
1.836851e-01
2.257256e-01
8.705721e-02
3.509317e-04
2.206804e-01
2.101608e-06
4.769211e-04
8.350636e-02
7.602463e-02
7.227328e-02
2.263347e-01
9.678797e-03
2.997832e-02
1.866463e-02
1.259000e-02
7.118402e-04
3.981665e-02
1.985322e-02
1.072480e-03
2.413302e-02
1.198828e-02
6.961530e-03
8.270150e-02
9.464856e-04
9.530496e-02
3.690824e-02
7.907687e-03
3.944571e-02
3.401343e-02
3.653051e-01
2.139171e-02
1.371504e-02
5.732384e-04
4.112850e-03
4.150043e-02
2.981675e-03
1.620423e-01
2.446054e-02
1.766812e-03
3.155001e-04
1.643985e-02
3.732805e-01
1.122885e-02
4.071001e-02
3.604789e-02
1.217615e-02
1.071811e-01
2.784925e-01
8.368921e-02
1.616153e-02
4.328387e-02
9.416729e-03
3.964822e-04
2.202655e-04
3.382116e-02
5.668372e-03
1.596078e-02
6.089213e-03
7.317612e-02
1.448196e-01
5.572683e-02
1.014055e-02
2.079894e-01
9.027872e-02
3.802721e-03
5.985707e-03
6.267073e-02
3.173428e-03
6.543679e-04
2.466515e-01
7.973682e-04
5.265283e-02
1.148691e-03
3.281483e-03
5.730395e-03
1.067568e-02
9.975381e-03
2.169749e-02
1.405250e-02
