2.344251e-02
2.182704e-03
9.450256e-02
1.411913e-01
5.195714e-02
3.776900e-02
1.353886e-01
1.614211e-02
3.992865e-02
4.171792e-02
1.464544e-02
2.711586e-04
1.492415e-02
1.820672e-04
7.447849e-02
3.782205e-03
2.310517e-02
3.514118e-02
4.043955e-02
2.077361e-01
1.284129e-02
3.407807e-02
2.677869e-02
2.450272e-03
2.449335e-01
3.159612e-03
9.916148e-04
5.479925e-02
7.289023e-04
8.835740e-02
3.273846e-03
2.224927e-02
3.605036e-02
1.435097e-02
7.389023e-03
4.375181e-02
2.432686e-03
5.977841e-02
8.930650e-02
1.321877e-01
4.273515e-02
2.318645e-02
7.567703e-02
9.528619e-03
4.899917e-02
8.925848e-02
2.033648e-02
3.403355e-02
4.846507e-03
2.876673e-04
2.209748e-03
8.250084e-02
1.224366e-03
3.648915e-02
3.400126e-02
1.791405e-02
2.981514e-02
1.879737e-01
4.683013e-03
3.527532e-02
5.118425e-02
5.803568e-02
1.578840e-01
4.514251e-02
1.190837e-01
2.069579e-03
6.312669e-02
2.460252e-01
5.185174e-03
4.466234e-03
7.015344e-02
4.669731e-03
2.227872e-02
2.318030e-06
3.859334e-03
3.035061e-02
1.453537e-03
1.524949e-01
2.649284e-04
3.776041e-03
3.985791e-02
2.913935e-02
6.331526e-03
1.714261e-01
2.200264e-02
6.864020e-02
1.845741e-02
1.214626e-02
6.777598e-03
3.924128e-03
8.484765e-03
1.219684e-03
1.777058e-02
2.086664e-02
4.174661e-04
8.353906e-02
2.219074e-02
1.207415e-02
3.666733e-02
1.294964e-01
4.727868e-02
9.567442e-02
1.582521e-01
8.570820e-02
8.955188e-03
3.661626e-02
1.614634e-02
3.664171e-03
2.705121e-02
9.477298e-03
1.123661e-02
3.662407e-02
8.545862e-02
5.151080e-01
1.155390e-02
3.528958e-03
5.065722e-03
1.213561e-01
2.739298e-03
1.663747e-02
2.505132e-03
1.125941e-03
1.495944e-01
6.048155e-03
2.656195e-02
2.204853e-03
1.034785e-03
8.366562e-03
2.301103e-02
2.169415e-02
6.638559e-03
9.054035e-05
2.179548e-01
1.917102e-03
2.876831e-02
2.506319e-02
2.372380e-04
3.126754e-02
2.743445e-03
9.688714e-02
2.456460e-02
2.301425e-01
3.328814e-04
2.035227e-02
2.808099e-01
8.501398e-04
7.781615e-02
5.406958e-01
5.412195e-02
7.988012e-02
3.143585e-02
3.667106e-02
1.878590e-02
1.044095e-01
1.039642e-01
6.117325e-02
1.007262e-01
1.347347e-03
9.528818e-03
1.235312e-02
4.741685e-03
2.547082e-02
1.121403e-02
1.165500e-01
3.886763e-02
7.120977e-03
4.243162e-07
1.166678e-01
1.022946e-02
1.064185e-01
1.675985e-03
1.346216e-02
3.803430e-02
1.512933e-02
1.265257e-02
2.893065e-04
1.559418e-01
4.676365e-04
6.880989e-03
7.100295e-02
1.972455e-04
8.956724e-02
3.513113e-02
5.351422e-02
5.796314e-03
2.006312e-02
5.742555e-04
1.246888e-03
3.291750e-02
2.418006e-02
1.889420e-02
2.381387e-02
8.116535e-04
4.948809e-02
3.217151e-03
2.113167e-02
5.891356e-03
9.210510e-02
2.424316e-02
1.370058e-02
1.756667e-01
3.089611e-02
3.331860e-02
5.927921e-02
4.131106e-02
1.963495e-01
5.182506e-04
1.025734e-02
8.453715e-02
2.061770e-03
2.270654e-02
2.547889e-02
1.220513e-02
3.135063e-02
2.049264e-03
1.646886e-02
3.931974e-04
3.071676e-03
1.342177e-03
6.321563e-04
3.363063e-02
6.733145e-02
6.569060e-02
3.546486e-01
4.010280e-02
1.046214e-01
1.384970e-01
2.938290e-02
1.966040e-04
1.291819e-02
7.954926e-04
4.668742e-02
2.877749e-03
1.513767e-02
1.474631e-03
4.667553e-03
5.266781e-05
1.057658e-01
1.385094e-03
2.821005e-01
7.805397e-03
1.204421e-02
2.219174e-02
1.180007e-03
1.814959e-02
1.433431e-02
4.660757e-02
1.237670e-01
2.585875e-01
1.524862e-01
2.560646e-03
4.426396e-03
8.202406e-02
3.067992e-04
7.479128e-06
1.497623e-03
1.130724e-02
8.195423e-02
1.190941e-03
5.389705e-02
2.986489e-01
2.840986e-02
7.021725e-02
7.957341e-02
2.841880e-02
1.107108e-02
1.918314e-02
4.173953e-04
4.499946e-05
5.400255e-01
3.535584e-02
2.155345e-02
5.913930e-03
7.792242e-02
2.799871e-02
3.326811e-03
3.750902e-02
1.206971e-02
4.069551e-02
5.075417e-02
2.447011e-02
7.320642e-03
9.721239e-03
9.080734e-02
3.234483e-02
7.310352e-02
8.821358e-03
7.723795e-04
4.861611e-04
1.862005e-02
8.903796e-03
4.012456e-02
1.030226e-06
9.147385e-03
5.643039e-02
5.296606e-02
4.291950e-01
4.245249e-02
5.392922e-03
4.414818e-02
6.291633e-02
7.190768e-02
7.240741e-02
1.751313e-04
5.428938e-03
6.098662e-03
8.348707e-04
6.394471e-03
7.683266e-02
3.615396e-04
2.130593e-02
1.302534e-02
2.135624e-03
4.020016e-02
4.521593e-05
2.916027e-02
7.347550e-02
9.045660e-02
5.133224e-02
1.275338e-02
9.635871e-02
4.717372e-02
5.436238e-02
1.038225e-02
5.751037e-04
1.086731e-01
2.861580e-02
1.738264e-01
1.130199e-03
5.840276e-04
2.697319e-02
6.090856e-04
7.262995e-02
5.697917e-02
1.812992e-02
8.365241e-02
2.986599e-02
1.766297e-01
4.519744e-02
2.646816e-05
4.269987e-04
3.603214e-02
6.286378e-02
4.803195e-03
4.142144e-02
1.566665e-01
9.873058e-03
8.937595e-03
6.955885e-02
7.986812e-02
9.776032e-02
1.311646e-02
3.798626e-04
7.333060e-03
9.526272e-02
4.445486e-03
4.042454e-02
1.052253e-04
3.737661e-02
5.045840e-04
3.467638e-03
1.231703e-01
2.980882e-03
2.172334e-02
3.692229e-03
2.455638e-03
2.907286e-01
1.518805e-04
2.301109e-02
5.194180e-04
1.884019e-01
8.535005e-02
5.029928e-03
2.605276e-02
3.721473e-02
2.788780e-02
3.609740e-02
2.790963e-02
1.859261e-01
1.956044e-01
2.413890e-02
1.535423e-02
6.505764e-04
1.811468e-01
8.287292e-02
1.793361e-03
4.021184e-04
6.137615e-02
4.351838e-04
1.361253e-02
7.869658e-02
1.324511e-01
9.287005e-02
1.140926e-01
4.104231e-03
1.192043e-02
1.120223e-02
3.048096e-04
7.230009e-03
1.123129e-02
3.122713e-01
1.511971e-01
4.172079e-02
1.910094e-01
1.452515e-03
8.378404e-04
2.379320e-02
1.882331e-01
1.285888e-01
1.102015e-03
2.752910e-04
8.090026e-02
3.418985e-03
2.871532e-02
9.087429e-03
1.908473e-02
4.402081e-04
2.794759e-01
6.622370e-02
4.045429e-02
2.676733e-02
4.913971e-02
7.700343e-02
1.068709e-03
1.531135e-02
5.214406e-02
3.636880e-06
4.251616e-04
2.335302e-02
5.696353e-02
5.773711e-03
1.378152e-02
1.183864e-02
1.708413e-02
2.777057e-02
1.322967e-03
1.333652e-02
4.297691e-02
4.742994e-04
4.352524e-02
4.011377e-02
4.961168e-02
6.356897e-02
2.377741e-02
1.536625e-01
2.738765e-02
5.105084e-01
4.796316e-02
5.231599e-02
1.097615e-01
1.291644e-01
4.508638e-02
5.404937e-02
1.230941e-02
1.445860e-02
6.815548e-03
3.598411e-02
1.152188e-02
1.460754e-03
3.302989e-02
9.198496e-02
4.137876e-01
4.150383e-02
9.525904e-03
2.528958e-03
1.409449e-01
2.057728e-02
9.796308e-04
4.077860e-01
3.065548e-03
2.113808e-03
4.650607e-01
1.579915e-03
2.756436e-03
2.415706e-04
5.819798e-03
6.212935e-04
1.006760e-01
3.437722e-02
1.995063e-02
1.983152e-02
5.700302e-02
2.312016e-03
4.122887e-03
1.052344e-01
1.283657e-01
1.968721e-02
1.537074e-06
1.484967e-03
7.002827e-02
7.751223e-03
1.300914e-03
2.572553e-03
3.497025e-05
1.342629e-02
9.016995e-03
7.995003e-03
2.726651e-03
6.802368e-03
1.450543e-03
5.186471e-02
7.455123e-03
2.662976e-03
3.097426e-02
7.058677e-02
8.136484e-05
1.249236e-01
1.024310e+00
1.203839e-02
5.261003e-02
4.235914e-03
2.296014e-03
6.871960e-02
7.923114e-03
5.303630e-02
2.074283e-02
6.446554e-02
7.875198e-02
3.866466e-03
1.114021e-03
2.649037e-03
2.086112e-02
1.779337e-03
4.074983e-02
8.292393e-02
9.789202e-02
2.562095e-02
1.745570e-03
9.383150e-03
9.714770e-03
5.316368e-03
8.513509e-02
2.148492e-01
5.217068e-02
1.090484e-02
9.154471e-04
2.106112e-02
1.194348e-01
1.919915e-04
1.933372e-02
5.088968e-01
5.469701e-05
4.576243e-03
1.331913e-02
1.100343e-01
3.141081e-03
8.426055e-03
5.212777e-02
4.477890e-02
6.669358e-07
2.031369e-01
9.005983e-02
1.169589e-02
1.545358e-04
3.706717e-03
2.182336e-01
2.624870e-03
4.425776e-01
1.195867e-02
3.169749e-02
2.239184e-02
6.877325e-02
9.510481e-03
1.358391e-03
5.111711e-02
1.031748e-01
4.659921e-02
3.714132e-03
3.400619e-03
1.869817e-05
1.141217e-01
4.324017e-02
9.557215e-07
4.973204e-02
2.150086e-01
1.072105e-01
2.916101e-02
2.881197e-02
5.611582e-02
1.194614e-02
1.572596e-03
7.680069e-03
1.693333e-02
1.076279e-02
8.420289e-03
1.053075e-02
1.632498e-03
1.371558e-02
5.707921e-02
2.513574e-02
1.020681e-01
1.126487e-01
5.552626e-03
2.247486e-02
