1.775671e-01
3.292038e-03
3.006600e-02
6.776971e-02
4.277448e-06
3.129898e-05
5.051496e-03
1.212407e-02
3.971325e-04
8.104040e-03
9.711683e-02
8.059994e-02
1.541682e-01
1.066553e-02
5.056415e-03
7.782127e-02
2.284333e-01
3.066140e-03
2.876518e-02
5.589350e-03
7.653167e-02
1.819250e-02
9.987548e-05
5.582067e-07
1.713779e-05
1.745454e-02
1.076069e-01
1.079389e-02
3.618913e-02
3.944905e-02
1.850537e-01
7.165541e-02
6.913330e-04
5.266686e-03
9.127401e-03
1.473681e-01
3.669576e-01
1.782344e-01
8.694815e-02
1.357494e-03
1.493543e-03
2.214073e-02
8.481375e-02
1.374896e-02
1.208125e-01
3.502066e-04
7.922829e-05
1.642144e-06
2.751475e-02
5.907775e-03
1.313039e-02
8.829380e-02
3.950030e-03
4.313225e-02
6.538220e-03
1.642275e-04
7.834839e-03
6.098687e-03
6.504864e-03
6.296142e-04
4.230665e-02
1.112131e-01
5.095373e-02
3.106512e-02
1.229897e-01
8.700751e-02
3.195211e-01
2.028786e-04
1.957186e-02
6.445406e-04
6.296766e-04
2.028308e-02
4.366658e-03
6.489875e-02
4.534096e-02
3.471579e-02
1.305262e-02
2.732119e-02
1.496125e-02
8.744160e-02
8.191289e-03
7.825026e-02
6.653300e-02
8.173825e-02
7.832884e-02
1.322905e-01
4.920031e-04
2.257593e-01
1.428245e-03
4.704299e-03
1.686580e-02
1.618047e-01
2.034336e-02
3.020777e-03
2.725348e-02
2.014473e-02
1.097381e-05
4.346159e-02
2.231376e-01
1.665225e-02
1.722319e-01
1.550547e-01
7.335624e-02
2.150431e-02
6.262163e-02
5.057159e-02
9.521280e-03
1.272863e-01
5.334328e-03
4.194897e-02
1.018258e-02
2.003123e-02
6.849921e-02
3.671601e-02
1.452631e-03
4.837050e-01
3.561862e-05
6.087683e-03
4.420987e-02
1.836962e-02
1.652831e-01
2.374285e-02
3.872703e-03
1.263052e-02
3.726397e-03
1.940235e-04
3.932719e-02
1.091380e-01
5.176134e-02
3.773550e-02
1.509845e-01
2.301489e-02
4.790835e-02
9.401876e-03
1.301485e-01
1.197309e-01
6.085702e-04
2.408727e-03
1.958001e-02
1.823000e-03
1.491917e-02
1.302089e-02
3.728091e-03
1.566306e-05
2.908493e-02
1.414765e-01
6.501569e-02
6.849255e-03
2.235526e-01
3.235965e-02
4.168508e-02
8.835361e-02
5.443817e-03
1.476191e-03
7.511266e-02
1.826945e-02
3.360627e-02
5.613252e-02
1.228921e-02
1.303923e-02
3.066006e-02
3.041296e-02
6.359456e-02
2.193272e-01
2.929489e-02
1.601459e+00
7.149110e-02
1.353788e-02
3.862290e-02
1.802306e-01
8.991411e-04
1.114145e-01
1.217427e-01
3.926905e-03
1.993767e-01
4.343453e-02
1.145658e-02
1.166692e-01
1.078054e-01
2.141972e-01
1.339225e-01
9.520246e-04
3.587142e-03
2.244326e-02
5.407455e-03
7.400665e-03
1.321834e-02
1.073250e-03
3.490434e-02
1.821871e-01
1.719835e-01
8.469414e-02
2.605900e-02
5.171059e-02
1.955363e-03
6.408168e-02
2.526400e-01
1.265580e-02
5.842154e-06
1.019437e-02
4.376147e-02
2.424700e-02
1.669328e-02
1.041780e-02
4.103599e-02
5.872953e-02
2.079096e-02
7.846746e-03
9.091171e-03
7.945230e-03
1.733162e-02
9.785487e-02
4.368311e-03
5.155045e-02
2.016540e-01
5.132057e-02
5.274627e-03
7.691958e-03
9.366700e-02
2.994538e-02
3.035310e-01
4.246134e-03
2.148559e-02
3.549301e-03
1.389534e-01
9.897085e-03
7.943475e-02
3.213060e-02
1.077197e-03
9.126905e-02
6.278733e-02
5.463084e-04
2.786658e-01
4.824653e-03
3.103029e-02
1.052655e-01
2.733316e-03
1.237641e-02
4.057476e-02
7.389758e-04
5.843622e-05
1.000503e-04
8.574007e-02
1.181891e-04
1.078084e-02
1.071986e-02
7.750054e-02
1.206482e-02
1.420012e-02
8.815067e-03
3.494928e-02
3.978252e-01
2.104926e-01
3.982405e-02
7.219221e-04
6.206045e-03
3.928056e-01
1.370270e-01
7.259213e-02
3.162993e-01
7.091657e-03
3.769992e-03
5.207277e-03
5.639408e-03
3.383417e-02
1.988141e-02
6.429391e-02
9.320313e-03
2.050438e-02
4.929792e-02
2.921188e-03
9.070704e-02
4.146031e-01
1.624372e-01
4.082473e-01
2.201004e-03
1.499796e-01
2.116084e-04
5.156239e-02
8.095033e-02
1.603634e-01
8.094282e-02
1.847333e-02
1.244297e-01
6.250287e-02
6.142621e-03
8.924190e-03
7.257829e-02
1.415180e-02
9.810372e-03
1.452006e-02
8.904138e-03
4.513463e-02
4.610730e-02
4.985052e-04
1.714265e-02
5.227961e-03
7.730776e-02
2.075795e-01
7.182402e-03
1.234371e-02
4.899802e-02
1.645321e-02
2.325915e-03
4.499230e-02
7.130948e-02
9.216690e-02
2.336776e-02
2.795129e-07
3.345413e-03
9.896224e-04
1.475745e-03
3.046323e-01
3.349621e-02
2.772234e-04
5.976784e-03
1.373330e-02
7.465893e-02
6.166079e-03
6.460027e-04
1.761052e-02
1.118400e-02
9.617510e-06
6.136329e-02
7.029858e-03
3.671932e-02
2.069730e-03
2.321839e-02
4.463176e-02
2.829755e-02
8.530168e-05
4.410390e-03
2.776273e-03
3.764091e-02
1.881497e-01
8.275162e-03
9.429252e-02
1.131777e-02
1.833733e-02
7.767915e-03
3.915414e-02
4.041371e-02
9.295755e-02
2.238030e-04
9.180677e-02
6.135534e-02
5.850718e-02
9.543432e-03
3.094798e-02
1.182397e-02
6.800058e-03
8.589338e-05
1.210948e-04
9.715373e-03
1.933610e-02
4.985982e-03
3.632487e-02
6.294268e-02
5.533807e-07
2.210158e-02
1.319208e-03
2.917109e-05
6.621678e-03
7.584853e-02
3.954072e-03
4.905637e-02
2.109069e-01
1.522013e-01
3.832525e-02
7.537695e-03
1.908138e-03
5.781956e-02
2.446755e-03
8.408344e-02
6.030945e-02
4.009291e-01
2.065917e-02
6.327174e-03
6.109167e-02
9.804080e-03
4.969244e-02
6.574404e-02
3.994052e-02
4.460150e-01
1.068092e-01
3.535549e-02
2.047303e-01
1.811183e-02
2.235548e-01
6.955238e-02
1.741975e-04
1.837363e-01
4.692826e-04
3.252901e-02
8.059579e-02
4.779612e-03
2.265206e-02
1.921537e-03
6.006236e-02
1.742371e-03
3.712904e-03
8.034634e-02
9.282106e-03
4.559989e-03
1.816228e-02
1.818005e-01
1.792762e-02
7.634348e-02
1.061784e-01
4.178508e-02
3.514616e-02
3.209965e-03
5.036808e-03
7.182283e-02
9.374781e-02
2.974967e-04
1.853890e-02
2.930578e-02
9.691319e-04
1.146684e-02
1.916013e-01
1.897691e-02
1.585329e-01
1.268324e-03
1.037021e-02
3.687470e-02
6.713715e-02
1.007922e-01
1.707091e-01
1.567024e-03
7.321530e-05
6.196437e-02
1.441595e-01
7.059279e-02
1.116777e-01
7.736070e-02
2.262428e-02
1.755172e-02
2.037239e-03
2.845841e-02
5.047059e-02
9.522577e-04
1.158128e-04
1.330894e-02
8.738446e-04
4.437941e-01
3.057710e-02
1.098452e-02
6.979829e-03
6.108500e-02
4.955994e-03
1.469258e-03
4.529250e-02
6.481144e-04
2.762381e-03
4.535067e-03
5.126528e-02
2.953878e-01
1.383910e-02
1.636238e-03
7.290729e-02
3.931931e-02
3.939043e-02
1.184536e-01
2.748186e-04
2.433324e-03
1.980953e-02
4.043029e-03
4.211184e-01
1.413866e-01
8.354536e-03
6.254335e-02
7.180015e-02
8.168307e-03
1.368308e-02
4.743835e-02
1.694722e-02
3.540853e-02
1.618420e-02
7.325068e-02
8.523337e-05
1.731031e-02
7.861782e-02
2.235517e-01
2.550064e-02
3.092064e-02
3.831714e-02
9.130478e-02
1.497717e-02
2.227846e-02
6.560347e-02
1.980665e-04
1.158934e-02
2.967335e-02
2.649048e-01
1.158295e-01
4.619966e-02
1.912382e-02
3.768179e-03
5.804565e-02
1.832351e-02
1.370569e-02
2.620188e-04
2.408318e-02
3.820195e-02
5.299319e-06
1.739314e-01
3.434680e-06
5.671278e-02
1.637267e-01
8.712163e-02
6.332477e-03
2.037345e-01
9.320485e-02
4.210888e-05
3.745361e-02
5.416120e-02
2.177945e-02
7.907334e-02
2.370319e-01
1.547453e-02
1.944421e-02
5.620867e-04
7.227702e-05
1.974392e-02
1.557792e-02
3.266871e-03
1.166749e-02
1.393740e-01
6.268402e-06
1.298206e-01
8.031225e-02
3.617493e-02
4.126417e-05
7.584045e-02
1.849971e-02
5.622121e-03
1.757781e-01
2.835649e-02
4.861801e-03
8.067277e-03
5.742900e-03
2.734695e-03
6.626729e-03
1.577336e-01
3.324518e-02
2.633467e-01
1.139397e-02
1.817132e-03
9.617966e-03
1.376631e-02
1.723803e-02
2.043245e-01
2.964585e-02
3.543815e-03
1.281443e-02
8.423558e-02
1.413439e-02
2.434992e-01
8.685112e-03
1.794640e-07
9.392458e-03
3.606841e-04
2.708436e-02
1.998047e-02
9.505493e-02
1.120928e-01
4.081576e-02
3.667221e-04
4.890620e-03
3.899151e-02
1.370217e-01
3.073277e-03
4.330805e-02
1.191249e-01
8.092287e-02
2.002048e-02
1.450429e-01
2.179841e-01
2.926608e-03
5.524467e-02
2.259742e-01
1.429372e-02
1.709671e-02
1.980796e-02
1.275468e-03
4.644912e-02
1.936743e-03
1.702371e-03
1.451114e-04
4.127543e-02
1.296711e-02
4.388311e-08
5.583667e-02
