9.471728e-04
6.239225e-03
1.115778e-02
3.550187e-02
7.093752e-02
5.011854e-03
1.404947e-02
8.976928e-02
1.025429e-02
3.272311e-02
1.750184e-01
7.225979e-06
6.378636e-04
4.815450e-05
1.214612e-01
5.235099e-02
4.971649e-02
9.384322e-02
2.705630e-01
1.672147e-02
4.261188e-02
2.617491e-03
1.079079e-01
3.098581e-04
5.838023e-02
8.406811e-02
1.927994e-01
4.241639e-02
2.375311e-02
6.159484e-05
7.793547e-02
2.369550e-02
2.418310e-02
2.930308e-02
4.459093e-02
8.007645e-03
3.655766e-02
1.993614e-02
2.966728e-02
7.457466e-03
7.755911e-02
2.234060e-01
6.413406e-02
1.886577e-02
4.921275e-02
9.135165e-04
3.033228e-02
2.769028e-01
3.397609e-01
1.139258e-02
1.227167e-01
4.959916e-06
3.847917e-02
2.365845e-02
5.711213e-02
2.125288e-03
2.471346e-02
7.442696e-04
1.263305e-02
7.817588e-03
9.228892e-03
7.930042e-07
9.002673e-02
1.219506e-02
4.899199e-02
1.414838e-02
1.748713e-02
5.283840e-03
2.596395e-02
1.484334e-02
3.777032e-03
2.506778e-02
9.649375e-03
5.449261e-03
2.215526e-01
1.845237e-02
1.099003e-01
4.962309e-04
2.289720e-02
9.576681e-02
4.208512e-02
6.707697e-03
8.569962e-03
2.070715e-04
8.953707e-03
2.191264e-03
1.732002e-02
1.418239e-01
1.103927e-02
4.957325e-04
1.857714e-03
2.572001e-03
2.249296e-01
5.428985e-03
1.493362e-02
2.195229e-02
5.085657e-02
9.315641e-02
8.641381e-03
1.492701e-02
3.770492e-01
2.159619e-01
4.937035e-02
4.735066e-04
3.086664e-01
3.273824e-02
3.922666e-02
3.066305e-03
5.462031e-02
1.516261e-02
8.420897e-02
6.197399e-03
1.215092e-02
3.062174e-01
1.909525e-01
1.867530e-02
4.945462e-03
5.757965e-04
8.951447e-02
6.896896e-04
1.128517e-02
9.742610e-03
1.719154e-02
1.079388e-01
1.984614e-03
6.555032e-02
3.873889e-02
1.888504e-04
1.451012e-01
9.624060e-04
3.301047e-03
2.920635e-02
4.798124e-03
1.664607e-03
3.513320e-02
3.894540e-03
8.439701e-02
1.492132e-04
3.204760e-02
3.180925e-02
6.000022e-02
1.671011e-02
2.097827e-04
3.649783e-03
3.628919e-02
1.934995e-02
3.114603e-01
1.842268e-02
2.275035e-01
1.397020e-02
5.168723e-02
7.976227e-03
1.825983e-02
7.213369e-02
8.113293e-02
2.372035e-05
1.259421e-02
4.301193e-03
2.128846e-02
1.668422e-01
8.548746e-02
1.695659e-01
8.684346e-03
1.903500e-03
1.919818e-01
1.674799e-02
5.980672e-02
6.271307e-02
1.198082e-01
8.904979e-02
8.576756e-02
7.632135e-02
4.612751e-02
5.180399e-02
5.619588e-02
1.020907e-02
6.905197e-02
5.177892e-03
1.926401e-02
5.173553e-03
1.227881e-03
9.656761e-02
1.603427e-02
2.759759e-03
9.083844e-05
3.145558e-03
6.868482e-02
2.861647e-02
1.124805e-02
2.171126e-02
6.365192e-02
6.569155e-04
9.118582e-02
4.658578e-03
1.432622e-02
2.695491e-02
8.481315e-03
4.516257e-03
1.304458e-06
1.098064e-02
1.350718e-04
6.863483e-03
1.377383e-02
1.030746e-02
9.619281e-03
5.436194e-02
1.577644e-02
4.098166e-02
5.767191e-02
2.163190e-04
7.804658e-03
1.023621e-01
2.278339e-02
4.975382e-04
4.713056e-02
5.697349e-03
1.802891e-02
7.610909e-02
2.294370e-02
5.416460e-02
7.724091e-02
1.525137e-01
1.507048e-01
9.922485e-02
4.406281e-03
1.155460e-02
1.067921e-01
3.141291e-02
5.450256e-04
1.235419e-02
2.584910e-01
4.714017e-03
2.951579e-02
2.324349e-02
3.323889e-02
3.974488e-02
6.456904e-02
4.866402e-03
4.781988e-03
3.044719e-02
1.313648e-02
1.970538e-02
8.723891e-02
6.873883e-03
2.012716e-01
1.336140e-01
2.334339e-03
1.628298e-02
1.354555e-04
1.673001e-04
8.441404e-03
2.926724e-01
5.016271e-03
7.484675e-02
2.615679e-01
5.603046e-02
1.010587e-03
1.871812e-01
1.972407e-03
2.227608e-02
2.977561e-01
4.918592e-03
4.779243e-02
1.071404e-01
2.763706e-02
8.207860e-02
1.176458e-01
5.870291e-03
1.098494e-02
4.817317e-03
2.349876e-01
4.207847e-03
2.913584e-01
1.071203e-05
4.706095e-04
7.747838e-02
2.263251e-02
1.165988e-01
5.848783e-02
8.310441e-02
7.398490e-02
5.430009e-02
2.319000e-01
6.743228e-02
6.429095e-02
4.815602e-02
1.866862e-02
1.202165e-02
4.720252e-04
1.219480e-03
1.544916e-03
2.736970e-03
1.181856e-01
5.120373e-02
6.388032e-02
8.839319e-04
1.379653e-03
7.045022e-02
2.703608e-01
1.044766e-02
7.094395e-02
2.295854e-03
1.290604e-02
3.727875e-02
4.322906e-04
2.170860e-03
5.220543e-03
2.713916e-01
3.830058e-02
1.566561e-01
5.568388e-02
6.418729e-03
3.543907e-05
6.188424e-03
5.381799e-02
1.110363e-01
3.216676e-02
6.818831e-05
7.809032e-03
1.276379e-02
1.791539e-03
5.211389e-02
2.098508e-04
1.246152e-02
9.827210e-02
2.762245e-03
3.855502e-01
1.463997e-04
2.583573e-02
7.971239e-02
2.085859e-04
6.028707e-02
8.404976e-03
3.062551e-02
6.181241e-03
5.594551e-02
2.092016e-02
4.547157e-02
1.734913e-01
2.274875e-03
3.402772e-02
3.172689e-03
2.970410e-03
4.371008e-02
2.079722e-01
8.156286e-02
3.817651e-04
3.148696e-02
3.310580e-02
1.148358e-01
8.648123e-03
7.362481e-03
2.897887e-01
1.088191e-01
5.264626e-04
3.085049e-02
3.491788e-02
1.984465e-02
2.144324e-03
1.288650e-01
8.108310e-03
2.620949e-01
6.091381e-02
2.751381e-04
5.776070e-02
7.085874e-03
1.029809e-02
5.289270e-02
1.294142e-03
3.036804e-02
9.123976e-03
4.257319e-02
6.485918e-04
4.498727e-02
3.082868e-02
1.319844e-03
7.294474e-02
3.718077e-02
1.221383e-03
8.353443e-02
5.336039e-02
7.501055e-02
4.535660e-03
5.135217e-02
3.053057e-03
3.092757e-02
3.372144e-02
6.420149e-04
8.136622e-02
9.310241e-04
1.182894e-01
2.695694e-02
1.413187e-04
8.072881e-03
9.435919e-03
4.913698e-02
4.462428e-03
3.506873e-02
4.987896e-02
4.884805e-02
1.203892e-03
1.745048e-01
2.811748e-02
9.151513e-03
1.559221e-01
8.078638e-04
4.536396e-03
1.594721e-01
7.139060e-02
7.113530e-03
1.294966e-03
5.632925e-03
1.307660e-02
2.815317e-04
3.589414e-02
1.618993e-02
1.270106e-02
2.958266e-02
7.528824e-03
2.179141e-02
1.571416e-04
1.219538e-02
2.247199e-03
1.808538e-06
4.687696e-02
8.248471e-02
1.248616e-01
7.875104e-03
5.016548e-03
2.686260e-05
4.603884e-02
2.350146e-02
4.777251e-02
4.727894e-02
1.620564e-02
1.838127e-02
4.963983e-02
2.185260e-03
3.935729e-01
1.320648e-02
9.509430e-03
5.977963e-03
6.391257e-03
1.325839e-02
6.184829e-02
8.150059e-02
9.304301e-02
2.209651e-06
1.239707e-01
1.702130e-03
8.185596e-03
6.785282e-02
5.202827e-02
6.593569e-02
2.926020e-02
1.752046e-02
5.951499e-02
7.912301e-03
6.101964e-02
6.252370e-02
7.281267e-02
2.090268e-03
4.832160e-02
4.306440e-02
5.303697e-02
6.182473e-04
3.528404e-02
2.065343e-02
4.782929e-01
9.816578e-03
1.711839e-01
3.595238e-02
1.331622e-01
1.025931e-01
1.795614e-01
4.925663e-03
2.568571e-03
1.350681e-03
3.878179e-03
8.272437e-02
1.019977e-01
2.085108e-02
3.946811e-02
4.661277e-02
2.710013e-02
4.722056e-03
4.193770e-02
6.411521e-02
3.805097e-02
9.241812e-03
6.399244e-02
2.434694e-03
3.874843e-03
5.821297e-02
4.305716e-02
4.920739e-04
1.714959e-02
3.024433e-03
5.689163e-02
5.253546e-02
6.077661e-02
2.046416e-02
5.263141e-04
4.838414e-02
1.464125e-02
1.035003e-01
7.985024e-03
1.314881e-02
3.652704e-02
1.360354e-01
2.740712e-02
4.808476e-02
1.366094e-04
6.861067e-02
5.711437e-02
1.276063e-02
1.387919e-02
4.529372e-02
5.818576e-02
6.633176e-02
9.228319e-04
4.482479e-03
2.259243e-02
8.482439e-02
1.174255e-02
4.840079e-04
9.546099e-03
1.520604e-01
1.559677e-02
1.443402e-01
2.089046e-03
1.583325e-02
3.715616e-02
1.981586e-02
7.939114e-02
1.628785e-02
5.079191e-02
6.763791e-02
4.028912e-03
8.840551e-03
1.034403e-01
2.452270e-02
7.947377e-04
3.214135e-02
1.017523e-04
5.608520e-04
4.703680e-04
1.887367e-01
5.414824e-02
6.952118e-03
3.226945e-02
6.365059e-04
1.740739e-02
3.502215e-02
6.438160e-02
5.794305e-02
5.941156e-02
2.824895e-02
8.736783e-03
9.218521e-03
6.297852e-02
3.212522e-04
3.557316e-02
5.031080e-03
1.159448e-03
5.393543e-02
2.612993e-02
2.903291e-02
1.698048e-02
3.504861e-01
1.179511e-02
3.495502e-08
6.875542e-03
1.052143e-01
6.708337e-03
6.432563e-02
1.262165e-01
4.601267e-02
3.862296e-03
4.946702e-03
2.654775e-02
7.151580e-02
1.073016e-01
7.465633e-02
5.362451e-04
6.253811e-03
1.562020e-01
5.463018e-02
2.021242e-03
4.153979e-02
8.167042e-03
1.945045e-04
7.352420e-02
2.593600e-02
