1.855439e-02
6.221212e-02
4.381839e-03
2.712354e-02
1.117806e-02
1.556370e-02
8.836349e-03
2.186360e-01
1.906274e-01
5.415248e-02
1.033541e-04
1.331543e-02
1.252786e-02
4.146907e-02
1.862639e-02
6.822612e-02
1.228198e-02
8.913900e-02
3.864451e-03
7.920188e-03
7.968827e-02
1.219724e-01
4.871493e-02
4.933359e-03
5.348953e-02
1.250034e-01
2.341409e-02
4.549785e-02
4.155639e-03
9.641640e-05
4.966606e-02
1.478430e-03
1.696151e-02
2.450401e-02
5.969134e-02
3.193320e-02
1.451111e-03
1.727017e-03
9.441705e-02
1.321144e-02
1.975841e-02
3.314538e-03
3.225135e-02
1.191136e-01
2.409906e-03
1.678824e-03
3.517058e-04
2.416232e-03
1.392930e-02
3.950748e-03
1.920407e-02
5.518755e-02
5.348372e-03
8.218130e-04
4.198032e-03
6.657501e-04
2.193034e-04
8.786798e-04
3.435585e-03
1.136474e-01
2.306208e-01
6.838748e-02
8.427372e-03
7.719895e-02
3.430162e-05
1.325410e-06
1.467052e-01
1.499239e-01
3.835988e-02
1.285607e-03
1.956592e-02
4.978980e-01
6.942306e-02
5.516149e-02
1.333961e-03
2.262573e-02
1.704506e-01
1.236491e-02
4.872065e-02
2.779421e-04
1.257121e-01
4.085505e-03
2.755389e-03
8.032763e-02
9.946330e-03
6.199118e-02
1.071424e-02
1.667284e-01
6.868399e-02
2.140515e-02
1.263135e-02
1.052827e-01
3.765936e-04
8.140771e-02
1.091636e-01
3.429828e-02
5.536481e-02
2.602894e-03
5.018654e-04
4.420888e-02
8.605171e-02
7.047581e-03
3.150524e-02
1.795898e-01
4.668232e-03
2.153370e-02
1.916522e-02
2.568246e-02
3.922364e-02
2.926185e-03
1.407476e-02
2.820807e-01
2.159725e-04
1.267018e-02
7.404725e-02
3.015404e-02
5.375370e-03
8.379839e-02
4.779029e-02
1.032730e-02
6.305112e-06
6.053620e-02
3.144763e-02
3.276235e-02
5.694132e-02
6.268418e-02
1.146667e-01
8.537127e-02
1.675551e-03
1.200909e-01
9.129486e-02
1.045758e-01
9.123255e-03
8.221007e-02
1.550128e-03
7.161589e-02
6.818075e-02
1.704657e-02
4.656773e-02
7.463400e-03
3.660503e-04
6.029468e-02
3.238943e-03
8.798708e-02
2.500441e-05
1.069492e-02
3.482697e-02
1.938345e-03
8.819800e-02
1.789828e-01
4.189081e-02
9.408056e-02
1.419482e-01
6.637723e-02
4.441726e-02
9.029930e-03
1.343305e-02
3.568835e-03
1.374510e-01
4.215531e-01
2.283058e-01
5.905317e-03
3.704489e-02
1.308748e-02
4.879835e-02
5.969284e-02
6.105965e-04
2.862173e-03
5.827342e-03
2.809196e-03
3.346192e-02
1.299204e-02
5.051763e-02
3.148643e-02
1.849112e-02
1.787917e-02
5.622254e-02
5.275257e-03
1.206033e-01
2.859908e-01
1.508803e-02
8.012627e-02
2.791717e-05
2.840873e-03
1.596990e-02
2.344422e-03
2.691785e-02
1.650978e-01
2.546178e-02
4.803492e-02
1.488165e-02
3.267338e-02
4.498886e-04
4.447856e-03
4.524015e-03
4.503340e-03
2.584732e-02
9.050944e-05
1.266445e-02
1.866316e-02
3.991064e-02
7.544855e-02
4.943567e-02
4.358355e-02
7.019523e-02
6.619015e-06
1.104148e-03
1.557572e-04
7.951023e-05
5.493083e-02
5.401060e-02
2.374929e-04
1.608510e-02
5.354961e-03
4.813236e-02
2.534517e-02
1.886501e-02
9.207913e-02
9.476164e-02
1.037547e-02
6.643332e-02
4.961391e-02
3.665160e-02
5.565566e-02
4.245278e-03
1.484045e-02
2.626130e-02
1.827801e-02
1.131153e-02
1.107163e-01
1.409984e-01
8.026421e-03
4.621245e-04
8.052782e-03
5.862688e-02
2.683718e-02
3.468783e-04
3.246722e-02
3.284939e-05
8.830734e-02
2.380569e-02
5.005995e-02
2.235385e-04
2.514187e-02
4.201304e-03
7.046497e-03
2.424106e-01
1.509814e-01
4.497318e-02
2.685970e-02
5.765843e-03
5.375637e-02
7.224617e-03
1.003306e-01
1.228547e-03
3.815286e-03
2.960170e-01
1.006281e-01
1.803787e-02
3.665583e-03
5.971410e-02
2.070654e-02
1.937717e-02
9.561146e-02
2.238496e-02
9.848217e-04
2.248893e-01
1.306135e-01
6.400971e-03
6.187219e-03
5.231180e-02
5.490887e-02
3.738941e-02
2.850297e-03
1.067489e-01
1.477613e-05
6.894577e-02
1.904176e-01
4.326879e-02
5.042271e-02
3.168639e-04
2.045468e-04
2.932965e-02
1.362967e-01
3.086848e-02
2.331564e-02
4.387875e-03
7.893676e-02
3.519279e-02
3.234335e-02
5.244707e-02
1.072097e-01
1.253368e-02
3.825488e-03
1.234650e-02
4.453759e-04
8.135638e-02
2.472832e-02
1.372839e-01
1.469854e-01
1.324405e-03
3.485857e-02
8.772702e-04
9.534516e-04
1.676388e-01
2.714895e-02
6.403085e-02
1.007119e-03
1.481972e-02
8.561603e-03
1.340008e-01
3.295016e-02
5.957450e-02
1.671885e-02
2.497378e-01
2.357269e-02
1.978107e-01
1.108603e-02
1.940182e-02
8.428820e-03
1.154049e-01
4.509887e-02
3.876876e-04
2.925002e-03
1.270108e-01
2.898850e-02
1.644102e-03
9.416187e-02
4.148586e-03
2.510590e-01
1.147503e-01
1.167963e-02
4.528350e-02
9.992026e-03
9.070393e-03
1.155682e-02
1.502927e-01
4.868810e-02
2.980663e-04
2.389544e-02
6.767359e-02
6.916191e-02
1.549449e-02
1.531515e-01
1.681328e-01
2.974048e-04
1.434755e-01
1.002084e-03
1.686763e-02
1.321538e-01
3.077456e-01
7.522828e-03
5.328416e-02
6.483400e-02
2.302863e-02
6.409125e-02
8.762945e-02
1.261997e-01
3.852068e-02
3.488170e-02
6.792505e-02
1.265011e-01
2.793837e-02
3.010558e-03
2.313616e-03
4.139105e-02
1.285196e-03
3.495937e-03
4.243885e-03
3.476239e-03
4.819903e-04
6.086057e-03
2.027462e-02
7.906054e-06
8.383441e-02
1.454870e-02
2.170927e-01
6.552382e-02
2.781677e-02
7.485504e-02
1.824974e-02
4.324348e-01
1.787378e-03
1.700575e-03
6.442688e-04
2.310243e-01
4.835194e-02
8.167138e-03
5.167427e-02
7.374607e-02
5.029312e-02
5.221418e-02
3.187868e-03
3.620069e-02
2.785649e-01
9.322503e-03
2.208053e-02
4.316695e-01
6.850700e-02
2.554518e-02
1.000947e-04
4.400260e-03
6.079492e-03
1.502434e-07
6.434548e-02
1.058063e-01
1.234166e-01
2.298132e-02
1.207733e-01
1.060662e-01
4.712532e-02
4.353328e-02
6.163705e-06
3.031012e-03
4.086102e-02
1.528441e-01
2.740495e-03
9.723427e-06
1.536106e-03
2.161777e-02
1.906561e-02
2.517659e-04
2.270842e-02
6.959154e-06
3.722885e-01
3.600507e-02
6.078205e-03
3.697981e-02
1.432869e-02
9.589233e-02
6.155997e-02
9.520035e-03
1.094007e-01
6.565475e-02
1.800501e-03
4.357138e-04
2.796248e-02
8.405612e-04
3.417681e-05
1.428555e-04
3.494812e-04
2.946453e-02
5.124075e-03
1.066852e-01
9.579610e-03
2.673181e-02
7.671298e-02
2.759676e-02
9.689928e-02
2.823436e-02
2.946758e-03
2.936452e-02
7.159467e-02
1.008514e-02
4.893936e-03
2.404701e-02
1.672849e-01
1.131226e-02
1.177035e-02
3.813321e-02
4.049710e-02
1.102778e-02
7.026323e-04
1.400877e-03
3.179226e-03
5.801768e-03
3.157550e-02
3.642469e-02
1.339310e-01
7.873032e-02
4.340191e-04
7.596385e-02
2.636391e-01
1.009931e-01
4.522561e-02
1.364360e-01
1.521678e-02
9.537815e-04
4.263695e-02
1.126133e-02
1.301987e-02
1.267466e-01
2.311550e-02
5.557203e-02
1.529176e-03
4.523948e-03
7.143851e-03
1.447683e-01
1.452280e-03
3.867738e-02
3.966011e-02
2.979819e-02
6.309800e-03
1.908074e-02
2.307633e-02
3.525584e-03
5.416080e-03
8.265949e-03
4.606352e-03
4.716729e-03
5.090351e-02
5.854131e-02
7.671442e-02
5.497239e-02
3.455576e-02
5.480246e-07
2.189101e-02
1.164893e-01
1.299158e-02
8.069320e-03
1.267111e-02
5.516282e-04
4.929238e-02
6.234135e-02
3.508239e-02
1.513199e-02
3.144148e-02
9.405663e-02
4.733187e-02
7.696410e-03
4.407847e-02
6.178248e-02
8.698241e-03
1.972830e-01
7.914412e-02
3.669555e-04
1.239735e-02
3.068707e-02
7.832501e-02
1.215589e-01
9.482102e-03
3.367515e-02
6.902436e-03
3.983750e-03
6.208361e-02
2.346426e-01
1.046128e-01
1.161284e-01
3.274448e-01
1.317693e-02
3.989537e-03
1.325510e-01
8.830381e-02
4.610288e-02
2.797176e-02
4.244177e-03
1.539789e-04
6.844534e-02
7.324144e-02
6.140334e-03
1.460011e-04
1.509865e-01
3.899727e-03
3.267256e-03
3.677245e-02
1.799589e-01
1.326986e-01
8.239975e-03
6.659610e-02
1.571427e-02
1.039408e-01
3.198505e-03
1.121991e-01
3.409552e-02
4.774648e-02
4.091539e-02
3.302911e-02
4.788274e-02
2.352390e-02
1.343903e-04
4.171447e-03
8.858960e-02
1.525647e-02
1.943437e-02
4.882126e-03
3.836544e-02
6.412400e-03
1.356376e-01
4.776320e-02
1.580294e-03
2.406562e-02
7.921933e-02
4.030566e-03
1.822166e-02
1.716500e-02
1.776643e-04
9.658285e-02
2.065012e-02
1.632771e-01
3.761477e-03
2.311155e-01
1.029262e-01
1.064218e-01
1.263422e-01
