2.284556e-02
3.219752e-02
3.551567e-03
8.786887e-02
2.240094e-02
3.084615e-04
7.116249e-02
6.256120e-03
1.095075e-02
2.358809e-03
2.564072e-01
2.755914e-01
1.294940e-02
3.188265e-03
2.839534e-02
2.110209e-05
1.836074e-02
2.072528e-02
7.016463e-02
3.346101e-03
4.689040e-02
5.525693e-03
1.425479e-01
6.726572e-05
9.192360e-02
8.254542e-03
1.049003e-01
5.768688e-03
2.269416e-02
5.714769e-03
3.660410e-03
2.063476e-02
3.601176e-03
1.138085e-01
5.375904e-02
1.718505e-02
2.573548e-02
5.075437e-02
5.000863e-02
2.904275e-03
5.278071e-02
7.818381e-04
2.185391e-03
7.602227e-05
2.732255e-03
4.896688e-03
2.066803e-03
1.440338e-02
1.889588e-05
6.763371e-02
1.782103e-02
5.146751e-02
2.730583e-03
3.127013e-02
4.763854e-02
3.412100e-02
1.166017e-01
5.740961e-02
5.269418e-02
4.696632e-04
1.113998e-02
5.127784e-03
9.838977e-03
4.575005e-03
3.050428e-02
6.080436e-02
4.694141e-02
8.930973e-03
6.038688e-02
1.793104e-02
3.621012e-01
1.280750e-01
1.561444e-02
4.447001e-02
5.048025e-02
5.825126e-02
1.802581e-02
1.907458e-03
1.063024e-02
1.073694e-01
4.708738e-02
1.017380e-03
4.808283e-03
4.786895e-02
1.816058e-02
1.309282e-02
2.151439e-02
7.636473e-02
8.759700e-02
1.060457e-01
1.333163e-02
2.793042e-03
9.242258e-04
4.103904e-01
8.721374e-02
1.241437e-02
1.667510e-03
5.462199e-02
5.630105e-03
7.517354e-02
3.667278e-02
8.385105e-02
2.722886e-01
1.215282e-02
4.094499e-04
6.845632e-02
1.581809e-05
1.035255e-01
5.535942e-03
1.124431e-01
7.742577e-02
1.040588e-01
1.575794e-05
4.294715e-02
2.022449e-01
1.543930e-02
2.624607e-02
2.675146e-02
5.886099e-02
1.397727e-02
1.591043e-02
9.496982e-03
1.040662e-02
1.916241e-02
3.920219e-02
1.010206e-02
7.188869e-03
6.055160e-07
1.078008e-02
2.916467e-02
2.936001e-02
5.414277e-02
7.666462e-02
5.291928e-03
3.411307e-03
3.945782e-03
5.166137e-03
1.453523e-02
6.857251e-02
1.187057e-02
6.976026e-02
8.065695e-02
6.208152e-05
7.595614e-02
4.493509e-03
4.113904e-04
6.513283e-03
3.392365e-02
7.946468e-02
1.176958e-02
3.395328e-02
1.202950e-01
2.676359e-02
1.835892e-02
5.610461e-05
9.173568e-03
5.274325e-05
1.565929e-03
3.688675e-02
7.361779e-01
5.983012e-02
5.375146e-03
8.687114e-02
1.844720e-04
1.107621e-02
5.147669e-01
3.100956e-02
2.444055e-02
1.174018e-02
1.696970e-03
1.387616e-01
1.110814e-03
6.161321e-03
3.870866e-03
2.341061e-02
1.217131e-01
5.850563e-06
1.011200e-02
6.550651e-02
4.466961e-03
3.535585e-02
6.062433e-02
6.692642e-02
2.156646e-04
2.370804e-01
9.775628e-03
4.769998e-02
2.021371e-02
8.217298e-03
6.427542e-02
6.520656e-02
6.762190e-02
7.721631e-02
4.436488e-02
4.654501e-03
2.026178e-02
1.363803e-02
2.135051e-02
7.032462e-03
1.112076e-03
1.892183e-03
1.627670e-03
3.097321e-02
7.914864e-04
5.771491e-05
2.650738e-03
6.997740e-02
2.483919e-03
8.820854e-02
2.214779e-02
5.258704e-02
1.702556e-02
5.555866e-02
1.000855e-01
2.908872e-02
1.284751e-01
5.633988e-03
8.018889e-05
1.833009e-02
3.037770e-03
5.122968e-03
2.517250e-03
5.160642e-02
2.975587e-03
4.102009e-02
2.207533e-03
5.618505e-02
8.564967e-02
6.162105e-02
1.383249e-01
3.140786e-03
9.230410e-03
1.605605e-02
5.193044e-02
1.114275e-02
3.506204e-04
1.662408e-01
2.446850e-03
5.354875e-03
2.636996e-01
2.401520e-01
2.760257e-01
1.487606e-05
4.587573e-02
3.666512e-02
1.697458e-02
1.821766e-01
4.532341e-02
7.016961e-02
7.902504e-02
3.653376e-02
1.023446e-02
1.221247e-01
5.842769e-02
3.606932e-02
3.268570e-03
2.024841e-03
3.246750e-02
2.026463e-02
1.344023e-02
1.151620e-02
3.729746e-03
9.157996e-03
6.476019e-02
5.139468e-02
3.934267e-05
3.084983e-02
3.781008e-03
1.863878e-02
1.141545e-04
2.381982e-01
7.826762e-02
1.445179e-01
7.033405e-02
7.219164e-03
1.307989e-02
1.255718e-03
4.905660e-02
3.131005e-02
7.423498e-02
3.053889e-03
1.728940e-02
2.264417e-02
2.186787e-01
3.049184e-05
5.205135e-02
9.822727e-02
3.213086e-02
2.932364e-04
4.885411e-03
2.932466e-01
5.730069e-04
4.767550e-04
1.589628e-02
2.057445e-03
6.322377e-03
8.194220e-04
3.812828e-02
2.414161e-03
4.754604e-02
2.132258e-03
1.380725e-01
1.205414e-01
8.087790e-04
4.071868e-02
9.792780e-02
8.208585e-02
4.417849e-04
9.774906e-02
2.014855e-02
1.274588e-01
2.851912e-02
1.766659e-02
1.379765e-03
2.441202e-02
5.615834e-03
1.107174e-01
6.914971e-02
1.092747e-02
1.240713e-02
9.430649e-03
1.192044e-02
2.461113e-02
1.757327e-04
2.645222e-05
6.009327e-02
1.554161e-04
7.447026e-04
3.583122e-02
8.021402e-04
8.162414e-02
1.841224e-02
4.941397e-02
6.870107e-03
9.072863e-02
8.377465e-02
2.067012e-02
1.792723e-03
2.401631e-03
9.520915e-02
6.987844e-03
4.791045e-03
1.247499e-02
4.980035e-02
8.894389e-02
7.919267e-02
2.983904e-03
5.303943e-03
2.949653e-02
6.366827e-06
1.926168e-02
4.068627e-03
1.161246e-02
9.604758e-04
1.203492e-01
7.717037e-03
1.477516e-02
1.266831e-03
1.385345e-03
2.357801e-03
1.721472e-02
1.655432e-03
3.705249e-02
7.053543e-02
1.207231e-01
7.827856e-03
4.624841e-03
7.643386e-02
3.981242e-02
9.075797e-03
6.053488e-02
2.073848e-02
2.852182e-02
2.038293e-02
1.212611e-02
8.468256e-02
4.570671e-02
1.380662e-02
9.169062e-02
8.782286e-03
8.089253e-02
6.571913e-04
8.347743e-04
1.189185e-04
1.746255e-02
2.173994e-02
1.298650e-01
1.913834e-03
7.302225e-03
1.972913e-01
4.392839e-02
1.718718e-02
8.369537e-02
1.224257e-02
2.138178e-05
8.108049e-04
6.376718e-02
1.765730e-02
6.582079e-02
7.205372e-02
2.014793e-03
1.496644e-02
6.788963e-02
7.121224e-02
5.651191e-03
4.069973e-02
3.918423e-02
1.159157e-04
1.084589e-01
2.551427e-02
1.894089e-02
2.071578e-03
5.048825e-03
5.261382e-02
8.994776e-04
3.247218e-02
1.103922e-02
6.955519e-02
9.962423e-03
1.118043e-01
1.360962e-01
8.398589e-03
1.446393e-03
3.561842e-02
1.587475e-03
2.350293e-02
5.747572e-03
4.695157e-02
5.294404e-04
1.693523e-01
1.803536e-02
6.090509e-04
5.308806e-03
1.910434e-02
1.309018e-01
1.633607e-02
8.382133e-03
1.082050e-01
1.758485e-01
7.842711e-02
1.665332e-02
2.663848e-03
1.107309e-02
3.734431e-04
3.004651e-03
2.638671e-02
1.865085e-02
2.610520e-01
3.533624e-03
1.524063e-01
7.176905e-02
8.664641e-04
1.368221e-01
7.139498e-02
9.089409e-04
2.316537e-02
8.592624e-04
4.936577e-03
7.274062e-04
4.911876e-02
5.323249e-02
1.087124e-01
4.862231e-02
2.427750e-06
1.363695e-03
4.046479e-05
2.014122e-03
1.002416e-02
1.031353e-04
5.694058e-02
7.638978e-04
6.707853e-02
2.760483e-02
4.538852e-01
6.564639e-04
2.703183e-02
6.332605e-02
7.483097e-04
3.910311e-02
2.647595e-02
1.008465e-01
4.527053e-02
2.456508e-01
7.273681e-03
2.501424e-01
3.204521e-02
3.920269e-03
4.978632e-02
3.380747e-03
6.081089e-03
1.978906e-01
1.707192e-03
4.033869e-02
9.151248e-03
4.495633e-02
5.662973e-02
1.106946e-01
7.673377e-02
3.082433e-02
6.957300e-02
6.403274e-03
1.086538e-02
7.255136e-03
8.260701e-03
2.096122e-02
1.299834e-01
8.015009e-02
1.782774e-01
9.556141e-04
2.569114e-03
1.130107e-02
2.632092e-02
1.263978e-01
3.215314e-02
3.514813e-02
3.362470e-03
1.391002e-02
9.390045e-02
5.883124e-02
2.905823e-01
1.979729e-03
2.362213e-02
8.442530e-03
7.118733e-04
7.777147e-03
8.630205e-03
1.954737e-05
1.675572e-01
7.412383e-04
1.113629e-01
1.622816e-01
2.712751e-02
5.856364e-03
2.028805e-01
1.160856e-03
6.387442e-04
1.022258e-01
7.762557e-02
1.702958e-02
2.181993e-02
5.542464e-01
1.185709e-01
1.127177e-01
3.487949e-02
1.263781e-01
5.375895e-03
2.110626e-03
7.501412e-03
1.604244e-02
2.658381e-02
4.584651e-04
5.321231e-02
2.579092e-02
5.065424e-03
1.051356e-01
1.645560e-02
3.222850e-04
2.334262e-02
2.633247e-02
7.688945e-03
1.384090e-02
9.262925e-03
2.902578e-02
1.173045e-02
3.347346e-02
1.500517e-04
1.178646e-03
1.148658e-01
2.787452e-02
1.959667e-02
1.567724e-02
1.431771e-01
8.347918e-02
4.873529e-02
2.786238e-01
1.378675e-01
1.746778e-02
1.845149e-01
2.816865e-02
4.947034e-04
1.295747e-01
1.438276e-01
5.028253e-04
3.619206e-02
2.391572e-02
6.889269e-02
2.610651e-01
3.266254e-02
4.868557e-03
2.946748e-05
2.087389e-02
5.262312e-02
9.294880e-02
1.155366e-02
