9.714209e-03
1.738165e-01
3.106379e-02
9.402333e-02
7.500683e-02
1.588835e-01
1.019745e-01
9.050912e-04
1.656068e-03
7.203869e-04
6.685186e-03
1.665611e-01
2.320706e-02
1.118279e-02
6.648865e-02
1.385845e-04
7.275023e-02
2.805491e-01
1.845955e-03
5.029065e-02
5.967348e-02
6.077259e-04
2.698516e-03
5.411380e-02
9.066556e-03
3.456296e-02
1.589914e-01
9.640039e-02
1.007739e-03
3.992811e-03
2.714876e-02
4.665936e-03
1.607845e-02
2.129683e-03
4.852718e-02
4.843245e-03
9.994024e-04
2.263670e-02
2.505367e-02
1.946962e-02
1.075799e-01
1.826260e-01
9.903747e-03
1.365857e-02
8.993904e-02
1.271639e-01
3.280240e-03
5.753789e-02
5.769846e-04
4.865605e-02
3.903707e-02
1.546192e-01
6.636268e-03
2.641339e-03
6.512709e-02
1.613427e-05
7.371713e-02
1.493626e-03
5.618504e-02
1.854419e-03
8.201373e-05
7.973954e-02
5.483982e-03
1.785903e-02
1.011415e-03
9.450010e-04
8.178448e-03
7.397270e-02
1.054739e-01
3.683793e-03
4.906260e-03
2.491613e-01
1.591120e-02
1.748124e-02
1.387223e-02
3.120484e-04
1.250807e-01
2.247806e-01
1.152263e-01
3.753168e-02
2.594249e-01
2.820487e-02
5.269114e-02
2.080183e-01
7.097149e-02
9.849543e-02
5.631992e-02
1.504716e-04
3.430150e-01
1.408069e-01
9.720709e-02
4.316470e-05
3.430973e-02
2.205637e-03
6.815256e-02
1.486172e-01
1.467669e-02
1.415509e-02
1.923157e-01
1.148282e-01
1.311754e-02
4.861613e-03
7.751737e-03
2.287520e-02
9.495289e-03
7.513945e-03
6.305919e-02
1.037461e-04
6.005928e-02
5.840340e-02
1.124249e-02
5.029388e-02
6.792171e-02
2.248223e-02
1.858714e-02
1.477504e-01
2.531939e-02
1.665837e-02
7.227148e-03
4.361100e-02
2.855468e-03
3.099380e-02
5.382342e-05
5.493499e-01
1.103054e-02
5.438763e-03
2.182170e-02
4.491289e-03
2.320197e-01
1.412199e-01
7.807874e-04
3.030100e-03
2.675956e-04
5.236824e-02
1.722095e-01
1.686098e-03
2.520107e-02
7.437658e-05
1.512822e-01
1.654591e-03
8.989449e-03
2.253996e-02
1.232472e-02
1.777189e-01
1.794255e-05
7.019339e-02
9.119068e-03
3.920904e-02
9.231231e-03
5.586549e-03
2.812788e-01
4.792798e-02
3.376524e-02
3.481744e-04
3.059738e-02
6.230936e-02
4.114486e-02
1.096894e-01
6.753087e-02
9.393855e-01
1.601172e-03
6.026846e-02
6.301516e-02
7.622409e-03
8.243489e-03
5.522009e-02
4.953698e-02
3.223800e-02
3.316361e-02
4.476463e-02
1.281641e-01
2.954769e-03
1.242725e-02
5.277888e-03
1.551105e-01
2.461606e-01
5.939060e-02
4.732512e-02
5.826582e-02
8.037641e-03
2.091062e-04
2.070881e-01
8.765908e-02
1.118069e-01
1.300434e-02
1.958097e-02
6.819151e-03
9.460802e-02
1.216019e-02
2.217512e-02
3.090009e-03
6.211326e-03
2.544873e-03
5.007349e-02
6.694531e-02
6.122692e-04
5.486256e-02
3.024751e-05
3.785994e-02
1.835299e-02
7.731210e-02
1.411018e-02
1.143037e-02
3.361819e-04
1.775952e-01
4.514891e-03
4.449757e-02
1.284520e-03
1.636167e-02
3.513449e-03
1.190889e-04
1.379167e-02
6.211234e-03
1.484107e-01
2.503713e-03
5.983980e-03
1.644226e-01
2.295667e-02
1.692383e-03
7.955220e-03
2.422280e-01
1.864150e-02
3.612050e-04
5.465154e-02
6.385385e-02
2.986560e-06
7.556545e-02
2.961812e-03
2.427898e-01
2.976288e-02
8.984577e-02
8.306865e-03
3.071939e-04
2.785011e-02
2.842046e-04
4.250713e-02
1.211001e-01
8.578077e-04
2.326615e-02
3.441625e-02
3.109125e-03
1.214332e-02
2.678447e-02
1.695837e-02
1.054709e-01
2.159977e-02
3.307546e-01
2.308041e-01
1.898146e-02
1.745597e-02
4.418166e-03
3.212570e-02
1.165707e-02
3.071685e-02
2.221388e-04
3.691395e-03
5.519748e-02
4.910771e-03
6.093155e-02
2.412101e-02
1.305409e-02
3.892242e-02
2.380409e-03
8.113805e-03
1.213501e-02
9.705395e-03
3.080606e-01
2.216230e-01
4.854959e-04
3.108306e-02
8.513346e-03
1.962814e-03
5.934568e-01
1.405648e-03
3.490567e-06
9.078512e-02
1.548754e-02
6.579153e-02
2.484377e-02
1.264520e-01
8.247832e-03
5.641802e-03
6.482469e-03
4.357117e-03
1.168032e-02
1.331378e-01
1.264539e-01
7.047791e-02
3.366127e-02
2.494239e-02
9.240835e-03
3.627261e-01
1.136319e-01
1.126520e-02
2.155255e-03
3.245105e-05
5.617277e-03
1.179259e-01
2.450911e-01
4.182183e-02
5.385165e-03
3.497262e-03
6.419520e-02
7.720973e-02
6.422042e-03
1.206610e-01
1.072658e-02
1.768610e-02
6.118491e-03
1.939135e-02
1.133104e-02
1.289261e-02
1.719806e-04
8.050566e-05
3.299727e-02
1.042604e-01
1.670679e-01
3.048356e-02
1.408280e-02
2.628203e-03
5.246491e-03
1.874856e-02
1.526061e-01
1.021133e-01
1.873764e-02
4.525022e-03
6.397978e-02
9.816401e-02
1.600565e-01
2.584570e-02
3.735647e-02
4.653476e-04
1.829102e-01
3.084046e-02
7.696572e-03
5.220839e-02
3.218945e-02
4.394538e-02
1.314027e-01
8.075722e-04
1.630226e-03
1.509642e-01
9.146245e-02
8.560711e-03
1.530364e-01
3.933549e-03
2.152222e-02
3.194905e-03
3.742095e-04
1.457595e-02
2.869377e-02
8.990317e-03
1.373467e-03
1.971796e-02
1.806255e-02
5.750357e-02
3.694789e-01
2.523710e-02
1.733897e-01
5.976712e-02
6.622804e-02
1.604120e-02
1.362465e-01
1.978858e-02
2.589449e-02
6.287384e-03
1.475817e-02
6.040903e-05
2.668809e-02
5.253773e-03
9.169073e-04
1.965753e-01
2.346962e-02
1.265067e-04
5.099035e-04
8.475518e-03
5.154179e-02
1.160039e-01
4.082789e-03
1.430271e-03
2.156997e-02
7.860820e-03
4.082165e-01
1.516459e-02
3.768297e-04
1.222756e-02
1.955352e-01
2.599102e-03
2.994071e-02
1.059465e-01
4.574694e-02
1.725690e-02
3.128456e-01
8.113960e-03
3.607503e-02
2.098320e-04
2.702658e-02
8.021999e-02
2.412122e-04
4.825979e-01
2.439077e-05
3.853716e-02
8.281998e-02
6.882736e-02
7.371981e-02
2.214333e-04
1.257096e-04
1.129692e-01
6.741147e-02
9.697921e-02
1.456567e-02
4.953208e-03
1.281376e-02
3.328560e-02
2.270559e-02
7.610326e-02
1.984119e-03
3.595956e-02
3.992389e-02
3.198905e-03
6.512107e-03
1.094148e-01
3.067707e-03
1.471860e-02
3.832687e-02
1.504378e-01
4.057662e-03
1.031425e-03
4.383244e-02
9.067151e-04
7.020028e-02
1.658766e-02
1.328684e-01
8.004635e-02
2.031125e-03
8.259909e-02
1.400581e-02
5.520465e-03
1.121924e-02
9.230825e-03
9.345192e-02
1.540017e-01
3.272836e-01
3.601829e-03
2.943651e-03
5.597245e-02
1.936443e-03
7.675542e-02
1.220569e-02
5.782076e-03
1.034072e-02
5.266335e-02
6.343031e-02
8.046059e-03
2.250397e-03
4.766968e-02
1.522128e-03
3.059293e-02
3.438703e-02
2.410554e-02
1.102811e-01
2.988665e-02
5.632734e-02
4.275858e-02
7.306730e-02
6.743665e-02
5.528117e-02
3.687271e-03
3.816709e-02
2.659456e-04
1.109134e-02
1.647182e-02
2.516917e-02
1.255426e-02
2.530669e-03
4.142880e-02
1.648553e-01
1.437936e-04
4.273201e-02
1.290527e-01
4.368651e-02
5.886181e-04
6.383122e-03
1.177486e-04
2.974090e-02
1.215698e-03
1.577911e-02
1.115622e-02
2.978517e-02
5.315089e-02
1.009555e-02
3.559301e-02
4.136323e-01
5.013236e-02
3.635043e-03
1.087897e-01
3.328777e-03
1.251913e-02
6.107442e-02
2.400180e-02
5.696317e-05
2.752524e-03
1.252309e-01
5.844585e-03
7.714765e-03
1.364697e-01
6.099751e-03
1.052238e-01
7.012750e-05
1.352676e-03
2.499536e-01
4.080718e-02
1.796736e-02
2.502527e-03
5.413099e-02
1.623445e-03
1.717414e-02
1.191261e-02
5.947624e-03
1.664485e-01
6.053670e-02
8.312964e-06
1.338449e-03
5.712219e-02
4.944848e-02
1.830505e-01
9.407719e-04
1.501108e-01
8.941551e-02
5.382008e-02
2.398792e-02
1.536737e-02
4.405008e-06
1.263100e-01
1.227948e-01
1.664794e-01
6.275964e-03
4.932166e-02
1.129244e-03
1.438748e-01
7.141186e-01
1.457292e-01
3.248600e-02
3.400420e-03
7.274304e-02
2.209490e-02
9.922981e-03
9.140404e-02
8.920881e-02
7.289354e-05
4.735464e-05
1.985642e-03
2.878802e-02
1.266871e-01
1.941617e-04
9.880509e-03
3.657800e-02
3.902617e-02
3.179223e-02
1.557274e-04
3.185970e-04
1.206824e-02
3.927457e-02
3.835021e-02
3.883283e-02
6.556503e-04
1.795355e-02
2.121771e-02
1.030850e-01
2.108797e-02
2.115728e-02
7.127059e-02
1.274195e-02
5.835138e-03
1.956193e-02
4.798721e-03
4.610354e-03
9.668078e-05
4.748496e-03
6.342481e-03
5.894645e-04
1.082807e-01
3.575563e-03
8.068039e-02
7.672250e-02
1.386971e-03
3.389602e-04
3.168013e-02
2.837341e-03
1.253727e-02
9.222544e-04
5.268925e-02
3.244808e-03
2.079050e-03
