7.449822e-04
3.241089e-02
1.618578e-01
8.640056e-03
1.490381e-03
2.527577e-02
1.227249e-02
4.622317e-03
8.357954e-03
3.301251e-02
4.409326e-02
1.314321e-02
8.202464e-04
1.816777e-02
2.007691e-01
6.968532e-02
3.391726e-03
1.135860e-03
5.938044e-03
2.013934e-02
6.488534e-04
6.790151e-03
1.940337e-01
6.653045e-04
1.386900e-02
2.397080e-02
1.583304e-01
2.043813e-02
3.966034e-02
3.179240e-02
1.063808e-01
6.501835e-02
1.324878e-02
4.350809e-03
9.495628e-02
5.855291e-02
4.657065e-02
4.117383e-02
2.517625e-03
2.049790e-01
5.020385e-02
3.514972e-02
7.400826e-02
2.837387e-03
1.637095e-02
1.173716e-02
2.829816e-02
6.411725e-02
3.300517e-02
2.390669e-03
2.413735e-02
4.215103e-02
1.078957e-03
2.173246e-02
4.637308e-02
2.880267e-01
7.144222e-03
8.160141e-02
9.070340e-02
5.887579e-02
1.757967e-01
1.477279e-02
3.488641e-03
1.337881e-02
2.337688e-04
4.000510e-02
7.593599e-02
2.295020e-02
3.838269e-02
3.334363e-02
1.025203e-01
1.161790e-01
1.612574e-02
2.888562e-02
6.552944e-02
2.192770e-01
9.749212e-02
8.925784e-03
7.740592e-02
7.898815e-02
3.398669e-02
3.814190e-02
5.222846e-03
9.615087e-04
2.145899e-02
7.357316e-02
3.419041e-03
3.502556e-03
2.371769e-02
3.527237e-02
1.118527e-02
1.522332e-03
1.652869e-02
2.212827e-02
1.045363e-03
8.079453e-02
5.505395e-03
2.680571e-02
1.819977e-03
2.613597e-02
5.900323e-03
3.044225e-02
8.252549e-03
4.063700e-04
1.806974e-02
5.600589e-02
1.445081e-03
1.790812e-03
1.254515e-01
1.340351e-02
1.243515e-01
1.521596e-02
1.850551e-02
1.312354e-01
3.511756e-02
1.549380e-03
1.838629e-02
5.897206e-04
5.449996e-04
3.268505e-02
3.859027e-02
7.299467e-02
5.102129e-02
7.647064e-02
2.932691e-02
8.642520e-03
2.057806e-03
6.821119e-02
1.248925e-01
1.601660e-01
4.593162e-03
1.764952e-01
1.279020e-01
1.540318e-02
9.095247e-02
2.934569e-02
1.169725e-01
4.108692e-04
6.840876e-02
2.732846e-03
4.881988e-03
3.495437e-04
3.498529e-04
1.241182e-01
8.861414e-02
3.291534e-02
9.634032e-02
1.491215e-01
3.098505e-02
7.690916e-02
1.710407e-01
2.682755e-02
6.465286e-03
2.211344e-01
3.454308e-03
7.656723e-02
5.032269e-02
4.037434e-02
6.091395e-03
8.565821e-02
1.330694e-03
7.497524e-02
1.173173e-01
1.269770e-02
9.257660e-04
4.818801e-01
4.573432e-02
6.087372e-02
5.643489e-02
1.118444e-01
1.163218e-02
8.494927e-04
5.588285e-01
2.265025e-02
4.161636e-04
2.208267e-03
8.648603e-02
1.054139e-01
4.322573e-02
1.896286e-02
3.192840e-03
2.913309e-02
9.625845e-03
3.396736e-02
5.636274e-04
5.262513e-03
1.020370e-01
2.081296e-03
4.508375e-02
3.855749e-02
3.009265e-02
5.491399e-02
3.150936e-02
1.761588e-02
1.615466e-01
1.377770e-03
3.979000e-02
5.014434e-03
3.924062e-02
7.966851e-02
2.434657e-02
4.420032e-04
5.357229e-04
3.914950e-04
6.221497e-04
1.680568e-01
1.295829e-03
3.957090e-03
1.647638e-02
1.593687e-01
4.954699e-04
2.394323e-01
9.364700e-02
1.613340e-02
1.327865e-02
3.992961e-02
6.995279e-03
2.508796e-03
1.077349e-03
6.739197e-02
6.263034e-03
3.503949e-02
1.151504e-01
2.426383e-02
1.509529e-03
4.674368e-03
2.201023e-02
7.045857e-02
1.325987e-04
3.747891e-04
2.303810e-03
1.156352e-02
6.421197e-03
7.728103e-02
4.248592e-02
1.245956e-01
2.973653e-01
4.143766e-02
1.091581e-02
4.131131e-03
2.305666e-03
4.111190e-01
2.217072e-01
2.076874e-02
3.607033e-02
1.295564e-02
4.188842e-01
3.873353e-03
3.117753e-02
8.676748e-02
2.411775e-02
1.854755e-02
9.114312e-02
3.240159e-03
5.658195e-02
1.326827e-02
1.448855e-05
2.810174e-02
2.387089e-01
3.187219e-02
1.050770e-02
1.326361e-02
2.390352e-01
1.372771e-02
3.173865e-01
3.035015e-01
4.345098e-02
2.171197e-03
4.340031e-02
1.972010e-01
3.526793e-02
2.579410e-02
4.168132e-02
3.814011e-02
2.714330e-03
6.438807e-02
9.533634e-03
1.859798e-02
1.877183e-04
2.475854e-02
4.446241e-02
1.290631e-06
3.158645e-02
1.289964e-02
4.980979e-02
1.338346e-01
8.641792e-02
1.614665e-02
3.447273e-02
3.497885e-02
8.202819e-02
1.322565e-03
1.523893e-01
8.615952e-06
9.683881e-03
1.339276e-02
3.217317e-05
1.982364e-01
4.893535e-03
3.170243e-02
1.278484e-03
2.804925e-02
2.435527e-02
5.514503e-03
6.847000e-02
6.576078e-03
9.022760e-04
1.346695e-02
1.065048e-01
1.485605e-02
1.521187e-01
3.299579e-01
1.804341e-02
8.548682e-02
1.673812e-02
3.953737e-01
2.340425e-02
1.083258e-01
1.484832e-02
3.234574e-02
8.200557e-03
6.915850e-02
1.247104e-02
1.301514e-01
1.174412e-02
7.308504e-03
1.176414e-01
5.297541e-06
4.572591e-03
1.565643e-01
1.406083e-01
3.780437e-02
2.556726e-02
7.712964e-02
3.245524e-02
2.562013e-03
4.824562e-02
2.569621e-03
1.007084e-02
1.227761e-04
1.053330e-02
3.027222e-02
3.420578e-02
2.567807e-01
5.035505e-02
1.597351e-02
1.645305e-02
1.319293e-02
8.138617e-02
4.229525e-04
4.221308e-02
3.955887e-02
2.578143e-01
9.558286e-02
2.273968e-04
9.456287e-03
1.770168e-02
1.284470e-01
3.917788e-01
3.798293e-02
1.623369e-02
2.001063e-04
5.128195e-02
6.032491e-02
4.684166e-04
3.375170e-06
1.979233e-03
3.890874e-02
5.264223e-02
2.463463e-03
1.268335e-02
1.343508e-02
5.805411e-03
7.961580e-02
9.799245e-03
3.736885e-02
1.277991e-02
1.030027e-02
2.728622e-02
6.224464e-03
7.758843e-03
5.979079e-02
1.921847e-02
1.145277e-02
2.722297e-03
5.148534e-03
8.434410e-03
1.763166e-03
2.216424e-01
1.008834e-01
2.720857e-02
1.518145e-02
9.633050e-03
4.676405e-03
1.194871e-03
7.551289e-03
1.436794e-02
4.120959e-03
5.765824e-02
2.145008e-02
6.866880e-02
5.762860e-02
2.277563e-02
1.784837e-02
7.328456e-03
2.493773e-01
9.639608e-02
1.036370e-02
6.046413e-03
1.012653e-01
8.215696e-02
1.936599e-02
9.201465e-02
4.321118e-04
1.468983e-02
3.575044e-02
2.686795e-02
1.458538e-02
4.680816e-02
3.640022e-02
1.157967e-02
1.808679e-03
7.257561e-02
4.004323e-02
1.705367e-03
1.637828e-01
1.587159e-01
4.107084e-05
1.556860e-03
2.654634e-01
5.902551e-03
1.696353e-01
2.554514e-02
1.231497e-04
3.476495e-02
9.134280e-03
8.214564e-03
5.717516e-06
2.252253e-02
8.232752e-04
2.754152e-03
3.516695e-02
6.075117e-02
2.290941e-01
3.031853e-01
1.979930e-02
1.320947e-01
8.354405e-02
3.282928e-02
2.277515e-01
1.032165e-02
1.401895e-01
5.109927e-04
2.022877e-02
1.920393e-02
2.180473e-02
2.752709e-02
9.521815e-02
4.958927e-02
1.134591e-03
5.252284e-03
6.694995e-02
2.845747e-02
1.285572e-01
4.598796e-02
3.984161e-02
9.616123e-03
2.257866e-03
1.048614e-01
2.612027e-04
2.942709e-03
3.344546e-01
3.765448e-03
5.357870e-06
1.102605e-01
1.269171e-03
1.357137e-01
4.590130e-02
8.362838e-02
3.041833e-03
4.870510e-04
2.079679e-02
2.076609e-02
4.116761e-03
5.199262e-02
2.950584e-05
5.022264e-02
7.928950e-03
2.471891e-04
7.596021e-02
7.332223e-02
1.662483e-02
2.907526e-02
5.689836e-02
4.469039e-02
1.030455e-03
3.502007e-02
6.399888e-03
2.765612e-04
8.510078e-05
1.527069e-03
1.888890e-02
2.050341e-04
3.557700e-02
1.391610e-03
1.378467e-02
5.195310e-02
1.162877e-01
2.495624e-02
4.968438e-02
2.083596e-02
5.201671e-03
1.384517e-02
1.316409e-02
8.410865e-02
1.064372e-03
1.064006e-01
4.493360e-02
5.383796e-02
1.181682e-01
5.826542e-02
1.614540e-02
8.338439e-03
2.636762e-03
2.934392e-03
3.829834e-02
1.710456e-02
4.010796e-02
4.912929e-03
7.450271e-03
5.111360e-03
3.326705e-04
1.870646e-01
4.776168e-02
1.263410e-01
8.516504e-03
1.811003e-03
1.339363e-01
1.328420e-01
5.364254e-03
2.688418e-03
1.537586e-04
2.300207e-02
1.246740e-02
2.580101e-03
7.353387e-02
1.192817e-02
2.773017e-02
1.719448e-02
3.623413e-02
6.870643e-03
9.129276e-03
1.723148e-01
1.292917e-03
1.454093e-02
6.855670e-02
3.287378e-03
2.095656e-05
5.728287e-03
1.666159e-02
2.386631e-02
1.043050e-01
8.798423e-02
1.770581e-02
8.429625e-02
6.375881e-05
2.809583e-02
1.607587e-02
1.529462e-02
2.243370e-02
2.706598e-05
3.484570e-02
4.886986e-02
2.677027e-01
8.015678e-02
1.103277e-03
6.217155e-05
1.136643e-01
1.410688e-03
1.053036e-02
3.271609e-03
4.466716e-02
1.985624e-01
1.062386e-02
7.264459e-02
4.842414e-03
7.979345e-06
1.461713e-02
8.001125e-02
2.968234e-02
8.865251e-02
3.273074e-03
2.769822e-02
7.068624e-02
