2.127489e-03
9.036861e-04
2.551503e-02
1.473430e-01
5.903016e-02
1.004901e-01
3.280584e-02
4.427779e-03
5.479605e-04
4.999864e-02
5.021589e-02
1.438954e-03
7.386586e-03
2.375371e-02
2.170449e-03
2.091161e-02
1.983067e-05
6.278367e-04
2.656059e-02
3.106137e-03
3.291700e-02
4.424196e-03
2.655204e-02
1.932262e-02
4.332681e-02
9.793347e-03
3.710441e-02
6.750571e-02
2.135189e-02
1.554973e-02
1.402371e-03
7.205600e-02
1.269989e-01
2.164218e-03
8.354090e-02
2.048731e-03
2.200892e-02
6.248626e-02
3.649501e-02
4.326061e-02
9.609821e-03
8.443508e-02
1.004152e-01
3.331939e-02
4.966520e-02
4.202643e-02
4.268304e-03
1.299666e-05
4.896259e-02
3.106364e-02
1.626658e-02
2.860440e-02
1.016984e-01
1.651887e-03
4.413184e-02
6.055332e-02
5.761350e-02
1.817578e-01
7.425815e-03
4.934096e-02
1.862596e-01
7.606200e-03
3.661769e-04
1.423280e-01
3.004070e-02
2.874220e-02
1.060771e-02
6.187846e-01
3.907228e-03
8.092737e-03
1.665591e-04
9.511843e-02
3.732958e-02
7.048475e-03
2.213514e-03
1.058340e-01
4.502492e-02
1.223320e-06
3.817421e-04
4.100521e-02
6.167018e-03
1.673482e-03
2.268442e-03
1.767489e-03
2.132106e-02
1.053718e-03
4.198384e-04
1.487125e-02
6.724440e-03
2.754754e-02
7.368516e-04
7.541189e-03
1.986656e-01
2.933784e-02
6.830311e-03
6.159960e-02
8.624698e-02
3.100275e-03
4.097902e-01
1.291876e-04
1.525859e-04
3.946260e-02
1.093296e-02
2.962324e-02
1.488669e-01
8.330397e-02
5.064850e-02
2.691913e-02
1.986252e-03
1.035377e-01
3.372041e-05
3.608239e-01
1.198821e-02
1.122945e-04
1.160141e-01
1.145682e-01
1.335371e-04
3.007255e-02
1.661954e-03
1.513794e-01
9.341433e-03
3.119590e-05
2.112273e-02
1.033120e-02
1.939699e-05
2.948595e-02
8.945090e-02
3.799712e-02
1.402049e-02
3.318300e-02
9.894852e-02
1.064508e-02
9.829895e-02
9.089016e-06
1.122463e-01
2.109861e-06
1.369361e-01
1.623664e-01
1.407218e-02
9.582544e-02
1.302549e-03
6.298898e-02
3.160474e-03
4.307849e-02
5.008950e-03
3.735953e-02
3.415507e-02
1.571545e-01
5.378295e-04
3.418605e-03
6.405401e-02
6.536665e-03
4.631303e-03
1.417744e-01
4.692727e-03
1.442283e-02
4.747837e-02
6.504530e-02
6.649491e-02
1.464735e-01
7.331577e-03
2.054747e-01
1.696393e-01
9.025165e-04
3.624016e-03
4.194010e-02
1.227056e-01
1.644513e-03
6.373391e-03
1.007823e-02
6.223791e-03
1.414199e-02
2.584127e-02
3.005915e-01
1.411453e-01
7.944047e-04
5.666081e-02
5.082803e-06
2.966251e-02
1.090044e-01
1.337203e-03
4.649841e-02
7.083819e-04
8.031099e-02
1.250751e-05
3.197773e-02
9.313303e-03
1.099750e-02
7.862275e-03
8.818223e-02
9.174124e-04
1.863634e-04
1.271423e-02
3.481191e-02
1.702438e-02
5.382654e-02
3.516151e-02
1.970093e-01
1.429724e-02
1.252339e-01
5.460406e-02
5.219795e-02
2.065054e-01
1.976853e-02
1.281953e-04
2.639568e-02
1.190315e-01
9.728824e-02
1.830074e-01
9.352164e-02
8.646554e-03
1.846788e-02
6.599287e-03
2.777956e-02
2.225552e-04
1.213531e-02
1.132365e-01
1.453457e-04
5.234090e-07
1.707784e-02
2.069071e-01
7.878083e-02
2.344406e-05
1.994870e-01
6.118272e-02
2.142690e-02
6.126704e-02
7.805986e-02
1.089562e-02
6.131296e-02
5.284786e-02
2.786932e-07
7.084820e-02
2.626797e-01
1.132736e-03
7.965518e-02
3.862742e-02
3.592601e-02
2.319046e-02
1.206116e-02
8.210359e-03
4.968750e-04
5.443380e-01
1.729830e-02
1.100110e-01
5.621281e-03
1.898593e-02
8.869295e-03
1.236603e-02
3.975792e-01
2.315656e-02
1.382661e-02
7.486306e-03
1.528657e-02
8.246125e-03
5.057340e-04
1.540758e-03
1.716783e-02
7.970182e-04
4.011235e-01
7.554206e-02
5.349495e-03
4.811987e-02
4.735604e-03
1.852763e-03
1.635771e-02
2.101123e-02
1.305809e-03
8.921688e-02
1.004141e-01
9.766820e-03
1.053126e-01
3.474169e-01
6.033911e-02
5.814577e-03
2.569553e-01
6.202033e-03
1.442437e-03
3.026406e-02
1.205608e-03
8.920374e-02
1.614932e-02
5.032158e-02
1.557968e-02
4.478511e-04
7.247566e-03
1.057642e-02
3.755926e-02
1.104786e-01
2.509170e-03
4.342681e-02
1.724001e-02
2.676432e-04
6.711915e-02
1.128807e-02
1.389151e-02
7.094181e-02
8.363317e-04
8.530333e-03
9.125358e-03
1.843079e-02
1.785960e-01
9.191130e-02
7.452401e-03
8.546912e-02
2.690859e-03
2.066599e-01
3.779432e-01
9.865738e-02
9.587028e-02
2.468766e-04
1.174793e-03
1.050042e-01
8.112158e-03
5.544352e-03
2.183476e-01
1.946385e-01
2.515355e-02
1.302497e-02
4.590692e-02
6.682201e-03
1.482792e-03
1.105537e-02
2.799918e-02
1.545400e-02
6.696381e-02
4.338090e-02
9.107100e-02
2.712783e-03
2.213028e-01
6.050710e-02
1.744399e-02
8.206531e-04
1.244509e-02
1.740026e-02
1.108840e-02
1.041518e-03
3.437072e-02
1.571402e-06
1.034559e-02
4.732039e-04
4.911987e-02
8.706373e-02
9.514197e-02
8.436553e-04
4.040810e-03
3.613320e-02
5.336308e-05
4.129633e-04
5.714477e-03
7.922286e-02
4.911102e-04
2.245883e-01
6.190656e-02
1.198098e-01
2.146814e-02
7.727761e-02
9.847167e-03
1.338774e-02
3.289200e-03
1.056321e-03
5.026921e-02
1.423043e-02
5.290321e-02
3.335052e-03
1.113153e-01
1.415480e-01
7.918365e-02
1.128007e-01
1.953798e-02
2.075832e-02
7.167650e-03
1.290019e-02
1.516725e-02
9.675330e-02
5.470049e-02
2.096447e-01
9.093737e-03
1.466682e-01
8.548710e-02
2.172892e-02
4.056981e-02
3.700681e-04
6.239802e-02
3.780199e-01
5.284413e-04
1.840606e-01
8.382028e-02
3.644310e-02
2.491726e-01
1.749912e-02
4.342149e-02
1.287036e-02
6.195350e-02
2.334382e-02
1.115022e-02
7.661960e-02
1.393621e-02
1.338626e-01
6.357486e-04
1.149687e-02
9.465198e-02
8.409030e-03
7.338834e-06
2.501455e-02
3.707864e-02
8.914557e-02
1.228261e-01
2.960151e-01
1.440493e-01
1.568942e-01
2.164642e-01
5.005145e-02
2.374681e-03
6.786358e-02
3.060553e-04
3.306722e-02
5.909895e-02
1.507488e-01
5.709494e-02
5.170571e-02
2.142222e-02
7.708128e-02
1.518962e-03
5.344584e-02
8.244606e-03
1.052252e-02
5.287901e-03
3.750911e-02
8.176339e-02
1.410698e-02
1.188670e-03
2.731899e-02
8.698948e-02
1.576962e-02
4.707518e-03
7.027247e-02
1.005899e-02
3.970243e-02
3.448738e-03
2.032637e-03
1.142016e-02
1.813133e-01
1.907448e-02
5.748338e-03
2.036721e-01
2.020444e-01
6.652784e-02
1.532157e-01
4.106725e-05
1.713448e-01
1.373592e-02
2.012836e-02
1.106851e-02
6.293476e-03
3.937721e-02
2.114471e-02
7.744479e-02
2.753611e-02
5.548588e-02
3.008402e-02
4.238396e-02
1.426882e-01
1.186640e-01
2.374295e-03
3.664548e-04
3.698718e-02
1.198262e-02
2.193570e-05
5.698234e-02
1.482830e-02
9.858223e-01
4.411560e-03
5.109879e-03
1.883587e-03
4.350279e-02
1.020640e-02
7.063396e-02
1.586891e-01
1.069675e-01
1.376641e-03
4.235314e-03
3.305009e-03
4.423965e-02
2.959494e-02
3.119107e-02
1.408973e-02
3.313568e-05
3.417507e-02
8.681476e-02
3.853845e-03
1.287865e-01
5.294371e-03
1.191544e-02
6.658062e-03
9.280034e-03
6.346839e-02
4.092260e-03
1.193402e-01
8.301223e-03
2.708569e-03
4.799627e-02
3.456879e-02
3.748076e-01
6.552348e-02
9.550006e-04
1.836756e-02
1.250523e+00
6.001485e-02
6.745532e-02
4.021316e-02
1.049382e-02
2.562815e-02
5.145384e-02
3.684933e-02
4.117328e-02
9.807042e-03
1.348485e-02
6.986686e-02
3.151310e-03
4.765879e-03
1.029420e-03
3.934604e-03
8.177243e-02
5.158680e-02
3.676237e-03
3.587516e-01
3.900451e-05
2.836138e-03
6.024792e-02
1.229568e-01
9.870454e-02
3.821105e-02
1.401526e-01
2.651083e-03
8.466198e-02
8.197139e-02
6.223131e-02
1.680085e-02
3.028362e-01
8.197235e-01
1.742328e-03
6.594849e-04
2.725667e-02
6.006200e-03
3.910881e-04
1.123578e-01
8.525648e-03
1.830802e-01
2.244356e-02
1.028147e-01
5.572686e-04
5.647286e-03
8.027690e-04
1.484383e-02
2.791498e-02
2.495860e-02
5.736982e-02
3.007230e-02
3.301424e-02
1.355457e-02
1.562302e-01
8.174023e-02
6.504399e-03
2.959316e-03
6.292069e-03
4.315517e-03
3.969608e-04
6.147816e-04
7.001230e-02
8.752699e-03
3.150065e-02
8.627595e-04
4.089717e-03
7.282046e-02
1.528564e-03
2.813426e-02
2.294831e-02
4.848562e-02
4.923034e-03
1.167609e-02
8.561297e-02
9.141768e-03
3.957248e-02
4.445400e-02
4.697703e-02
5.842589e-02
5.901784e-02
5.186088e-06
2.881879e-03
2.423095e-02
3.010621e-02
2.709394e-04
1.275405e-04
