2.435840e-02
3.365577e-02
1.012314e-01
6.741656e-03
5.782258e-02
2.303508e-01
1.033475e-05
1.283146e-02
9.986353e-04
4.876668e-04
1.050488e-02
9.112986e-04
1.005737e-01
1.977453e-02
6.625168e-05
7.394651e-03
1.831607e-03
6.779212e-02
1.598043e-03
1.442526e-02
1.469201e-04
1.508297e-03
1.302467e-02
2.228046e-02
3.244232e-03
1.539613e-01
3.830974e-02
4.888148e-02
2.881248e-02
2.490630e-02
2.300831e-02
1.560058e-02
4.608879e-02
6.112020e-03
5.079614e-02
5.794660e-04
5.682400e-02
2.252343e-02
6.575471e-03
1.239764e-03
1.661836e-02
3.791163e-02
1.735525e-01
3.176217e-04
6.221010e-02
3.893999e-04
1.258404e-02
4.675772e-04
4.918452e-08
2.718590e-02
1.322046e-03
1.188079e-01
4.829741e-02
7.964747e-02
4.927947e-02
2.610487e-03
1.492514e-02
7.452537e-02
2.024499e-02
1.827698e-02
4.788866e-03
2.022012e-04
3.019377e-05
5.735072e-02
6.019208e-02
3.830028e-02
3.791230e-02
3.640100e-02
5.268058e-02
2.581423e-02
6.423830e-04
4.088244e-02
1.470234e-01
6.120087e-05
4.557951e-02
3.589417e-02
1.177679e-01
1.004761e-04
3.648668e-02
7.311569e-03
2.838003e-02
4.183422e-02
9.638646e-02
1.049496e-01
7.791335e-02
9.491844e-02
3.964660e-02
4.429654e-03
1.680255e-01
2.897501e-02
1.462948e-03
3.543221e-02
4.465224e-04
2.188683e-01
1.022888e-01
8.130193e-02
4.504421e-05
4.723479e-05
2.676789e-02
4.729156e-05
5.576771e-02
1.187027e-03
1.147678e-01
5.284392e-03
2.207583e-03
5.447267e-02
7.624030e-03
2.037405e-02
2.390337e-02
1.885140e-01
5.545086e-04
2.168386e-02
1.432550e-01
1.439713e-01
1.269272e-01
1.854053e-02
6.801053e-02
6.528351e-02
2.523557e-02
2.509215e-02
1.097389e-03
1.246704e-02
5.423512e-03
5.175702e-02
5.902922e-03
2.831134e-04
2.481851e-02
2.884136e-02
2.117177e-05
3.822437e-02
3.167794e-02
1.435349e-04
1.186846e-02
1.541843e-03
3.431137e-02
9.086809e-02
1.348664e-02
1.750533e-02
3.781937e-03
2.070640e-04
8.406038e-03
7.288141e-03
6.337032e-03
7.818123e-02
2.123740e-01
1.119027e-02
2.729291e-05
1.731684e-01
3.444777e-02
2.277358e-01
1.413943e-02
4.162203e-02
5.516213e-02
1.638469e-01
4.701786e-02
7.449162e-04
1.428851e-03
5.156392e-02
8.284884e-03
7.652102e-01
7.517829e-04
7.734546e-03
1.652731e-05
1.126884e-01
4.617937e-02
7.806867e-02
1.274163e-01
4.933491e-02
3.114428e-02
8.628230e-02
5.144261e-02
6.699323e-02
7.824470e-03
9.461909e-03
5.892905e-03
8.023940e-02
2.415892e-03
1.062347e-01
2.894965e-03
6.731163e-02
1.676848e-02
8.581123e-02
1.427077e-02
2.424716e-03
6.395854e-02
4.309031e-03
5.802928e-02
1.505127e-02
1.176270e-01
1.449970e-01
2.860462e-01
2.467421e-01
3.187892e-03
6.597204e-04
2.168505e-02
1.686370e-02
1.612425e-01
5.218719e-02
1.473405e-02
2.116051e-02
7.391641e-03
3.264568e-03
6.850457e-02
4.781407e-01
9.234755e-03
1.707780e-04
8.893298e-02
7.542584e-02
3.108723e-01
1.738947e-01
9.420191e-03
1.871265e-01
6.447019e-03
8.895543e-02
2.825694e-03
4.894727e-02
9.521920e-02
7.307162e-02
6.862300e-02
4.551512e-02
3.801187e-03
6.840873e-03
3.607228e-02
2.820899e-03
1.022289e-01
3.799601e-03
6.588639e-02
2.307798e-02
2.511337e-02
2.111305e-02
1.515592e-01
1.533224e-01
7.323860e-03
7.175854e-02
3.895774e-02
2.699821e-02
3.603415e-01
2.477401e-02
4.802205e-03
3.503238e-02
2.198236e-02
5.073172e-05
4.024167e-04
1.053675e-02
2.788970e-02
4.765450e-03
8.067508e-02
4.991411e-02
6.059754e-03
2.853908e-03
1.172133e-02
1.164079e-01
1.492782e-02
6.787460e-03
9.988619e-04
8.986740e-04
6.112124e-03
8.946055e-02
1.398158e-02
5.726438e-02
3.568047e-02
1.153239e-03
1.954097e-03
6.926434e-06
8.302791e-02
1.977424e-03
7.887314e-02
1.466630e-02
7.238556e-03
7.977396e-03
3.128830e-02
1.481375e-05
7.012254e-01
3.625100e-02
6.549791e-03
1.092515e-02
2.086301e-02
2.516491e-03
4.654414e-03
1.297926e-02
5.426179e-03
2.806620e-03
4.809338e-02
5.514759e-02
9.745921e-04
2.971629e-02
9.184455e-02
1.515119e-03
4.417663e-02
1.498727e-02
2.218095e-02
8.700882e-02
2.369729e-02
1.784596e-02
1.094763e-02
4.376035e-02
2.719942e-04
1.352588e-02
2.009491e-04
5.473078e-02
8.864028e-02
1.724490e-03
1.081178e-01
3.020140e-02
5.754235e-03
8.278645e-02
2.046063e-03
5.970773e-03
8.912788e-03
2.222575e-03
9.847737e-02
3.277943e-02
3.288208e-02
7.943817e-03
1.005918e-01
7.407510e-02
1.614376e-02
2.648293e-01
6.024439e-02
2.306704e-02
1.763515e-01
7.808388e-07
6.916694e-02
2.539868e-02
8.994290e-03
8.980109e-03
1.313845e-01
5.281197e-02
8.873526e-04
1.124421e-04
1.130956e-02
1.541286e-03
5.615510e-03
1.099580e-01
1.500785e-01
3.834431e-04
7.699433e-02
8.990247e-04
5.719749e-02
2.911770e-01
1.038700e-01
1.305655e-05
3.683842e-02
2.152617e-02
1.545334e-03
5.840788e-03
5.172645e-03
5.373826e-03
1.298115e-02
1.215105e-02
5.526998e-03
1.210352e-02
2.037361e-01
6.540225e-03
1.529705e-01
1.856892e-02
1.507410e-02
5.896108e-06
2.364039e-02
3.406119e-03
6.670555e-03
8.059631e-02
4.286281e-02
1.183601e-02
1.304525e-02
1.497413e-02
4.052826e-02
3.958259e-03
1.361407e-02
1.467284e-02
2.938812e-02
6.744689e-04
6.166799e-03
3.074954e-03
1.687954e-01
5.425032e-04
3.724548e-02
4.262580e-02
3.004255e-04
8.456394e-03
9.292104e-02
3.823551e-02
5.532954e-02
6.493131e-02
5.922789e-04
2.583350e-03
2.734883e-02
1.373754e-01
2.733300e-03
1.085504e-06
1.399371e-01
1.804875e-02
1.344699e-01
5.540640e-03
2.150381e-03
1.175168e-01
7.846257e-02
9.192585e-02
1.926047e-03
5.329054e-02
4.506129e-03
1.121773e-03
4.204245e-05
1.544477e-03
3.723924e-02
6.434709e-03
6.339494e-03
1.534679e-01
2.223789e-02
1.382910e-02
3.381652e-03
5.521227e-03
7.528482e-02
4.728698e-02
5.653047e-03
1.898312e-02
1.989865e-02
5.133102e-03
1.070178e-01
5.216001e-02
9.690617e-04
1.012687e-02
1.833233e-01
7.234161e-02
1.663670e-03
3.023791e-04
5.899176e-02
8.079172e-03
3.523178e-01
3.160604e-03
5.153239e-02
4.856186e-03
1.373233e-01
1.084627e-01
2.515528e-01
7.689650e-02
2.113271e-03
9.218722e-03
4.083681e-02
1.997643e-04
2.214775e-02
1.511268e-01
3.474846e-04
1.376396e-01
1.985547e-01
2.910052e-02
5.145784e-04
2.069031e-03
1.648299e-01
8.382319e-02
1.310667e-03
5.723435e-03
3.515717e-02
3.323536e-01
3.155864e-02
4.016245e-04
6.214732e-02
8.909165e-02
1.451482e-03
7.510369e-04
5.083985e-03
2.381146e-02
1.684135e-03
3.615390e-03
2.425635e-01
8.857255e-04
1.832443e-02
2.251507e-02
3.622378e-04
6.681748e-03
3.868180e-02
7.666459e-02
2.177779e-02
1.430531e-03
9.437092e-02
3.394376e-02
9.307631e-03
6.602744e-03
8.053617e-02
3.057635e-02
1.014743e-02
6.540864e-03
2.746074e-01
3.259977e-04
1.335568e-02
4.113976e-02
5.964552e-03
2.295239e-03
6.595824e-03
2.513935e-02
2.569026e-03
8.775861e-03
6.574243e-06
4.933581e-02
9.710525e-05
9.668684e-02
2.907256e-03
7.873987e-02
5.511411e-02
3.032021e-02
3.636607e-02
2.446646e-02
1.274207e-02
5.244465e-03
7.258629e-03
1.051318e-02
3.041924e-03
2.911687e-01
1.628627e-01
1.040902e-01
2.754450e-03
4.193455e-03
3.461336e-02
1.422609e-01
1.933289e-01
4.669348e-01
1.987646e-03
1.691988e-04
2.552501e-02
6.536030e-03
2.715119e-02
2.943227e-01
9.421962e-03
1.945854e-03
3.137625e-02
4.264648e-02
1.211111e-01
1.979591e-01
7.987383e-02
1.057734e-01
4.118534e-03
1.755190e-01
1.752075e-04
7.459397e-04
7.779644e-05
1.766976e-03
4.291152e-03
9.909936e-03
7.255786e-02
2.737672e-01
3.347333e-01
1.445491e-02
8.865152e-02
4.564178e-04
1.338692e-03
1.027183e-02
7.754439e-02
5.724103e-02
7.080614e-02
1.348747e-01
3.163009e-03
1.680544e-02
5.360509e-02
7.384800e-02
1.876132e-01
6.792516e-03
9.294696e-03
1.998229e-02
2.573582e-02
1.742394e-02
2.780202e-02
2.349273e-03
1.528018e-02
1.305139e-02
2.721908e-02
1.415308e-02
5.384668e-02
1.902538e-01
1.034818e-01
1.192205e-02
4.156370e-02
3.712338e-02
1.806497e-02
3.707426e-02
2.970182e-04
7.240288e-02
5.194266e-02
8.601587e-03
4.593378e-04
4.427684e-05
7.161506e-03
5.368494e-02
7.157709e-02
6.953657e-03
1.850878e-01
1.731608e-03
1.996743e-02
9.484841e-04
3.253693e-02
7.075964e-04
1.235950e-02
1.785955e-02
1.583331e-01
4.814178e-02
