7.278143e-02
7.332046e-02
1.808928e-01
2.059983e-01
1.445506e-02
5.221039e-04
1.469411e-02
2.675864e-05
2.272027e-03
8.314328e-03
1.302846e-02
4.137879e-02
2.960319e-03
2.047099e-01
7.783058e-02
5.391997e-03
1.469461e-02
6.585072e-02
1.265063e-02
4.063715e-04
2.085841e-02
2.916901e-03
1.077700e-02
6.287818e-03
5.738809e-02
1.288809e-01
1.358228e-02
2.399847e-01
9.062451e-02
1.776972e-02
1.940555e-02
1.808737e-01
2.758545e-02
1.859527e-01
1.782293e-02
7.127628e-03
1.923121e-02
1.628239e-01
1.706927e-01
5.772466e-03
3.112360e-03
1.522182e-02
6.780499e-05
2.474875e-03
6.099035e-03
3.546256e-02
4.626693e-03
3.635922e-03
1.662428e-01
5.579337e-03
1.061298e-01
4.279905e-04
3.970506e-03
1.691643e-02
5.042761e-03
1.471186e-02
4.390267e-03
5.552948e-03
1.018144e-01
2.446935e-02
1.195944e-04
1.075583e-03
1.738249e-02
2.295499e-02
1.812479e-02
2.317154e-01
1.965675e-03
3.434310e-02
4.466635e-03
2.136823e-03
1.310733e-02
2.602414e-02
1.846122e-01
1.666391e-02
3.586565e-02
3.075824e-02
6.397005e-02
2.066595e-02
7.713124e-03
6.919588e-02
1.593312e-01
1.291712e-01
2.991375e-02
2.291114e-02
4.425433e-02
5.519740e-02
2.975390e-02
1.383055e-01
1.516973e-01
5.875846e-04
1.497176e-04
9.851990e-04
2.858335e-02
2.616433e-01
3.511457e-02
1.868521e-01
1.515260e-01
5.936232e-02
3.658922e-02
1.068913e-02
7.471858e-02
7.064914e-02
5.596134e-02
1.000210e-02
2.509435e-01
1.467285e-03
3.114576e-01
2.157181e-02
3.436763e-01
8.304923e-02
7.214961e-02
4.425231e-01
5.142646e-03
1.709386e-02
1.372399e-01
2.807126e-02
3.744558e-04
7.408452e-03
2.813332e-03
3.106016e-02
2.344910e-03
3.126353e-02
4.010529e-04
2.823511e-01
1.339371e-01
1.016170e-01
5.289752e-03
4.155010e-03
8.175566e-04
2.468259e-02
7.820114e-03
1.514063e-03
2.822872e-02
1.231000e-03
8.352253e-03
9.462039e-06
8.204074e-01
2.365144e-03
4.106163e-04
6.367859e-03
7.120716e-02
3.470036e-02
8.421318e-03
1.721710e-01
1.268522e-02
1.466374e-01
3.503694e-02
7.220230e-04
2.535399e-03
8.671207e-03
2.977563e-02
1.963300e-03
8.976210e-04
1.026227e-01
9.198142e-03
1.116967e-02
1.173996e-03
7.385463e-02
3.442520e-05
3.357323e-01
4.561653e-02
1.429667e-02
3.092016e-05
1.059388e-02
2.731951e-02
9.542846e-03
1.999677e-02
4.265981e-05
2.841843e-01
4.330585e-03
6.212932e-02
1.441065e-02
1.323607e-04
4.318946e-01
9.290648e-04
9.072528e-04
4.663763e-03
4.490312e-02
1.675716e-01
4.810255e-03
1.077894e-01
1.853089e-02
5.126251e-03
1.191042e-02
3.651120e-02
1.860205e-01
3.478922e-02
1.559894e-02
3.042517e-03
2.908249e-02
2.454376e-02
5.647980e-03
2.924324e-04
1.236328e-03
1.853326e-01
1.046290e-01
1.016731e-01
8.800028e-02
1.573679e-02
1.805966e-01
2.826711e-02
1.855232e-05
2.670647e-02
1.092472e-01
2.335656e-02
9.002269e-02
4.784747e-02
3.403284e-02
1.392942e-02
3.601113e-02
1.239911e-02
6.484068e-03
6.326558e-02
9.982325e-02
4.000820e-04
2.846748e-02
7.886982e-04
2.425377e-02
3.133711e-02
4.006865e-05
4.451687e-02
9.722552e-04
1.163931e-02
1.112478e-01
5.150075e-02
7.757267e-06
2.421948e-02
3.198846e-01
6.660870e-04
2.009991e-03
9.550420e-03
2.359794e-02
2.953105e-01
4.789874e-02
2.384698e-02
1.231651e-02
2.730951e-03
6.013483e-04
1.841839e-03
6.402879e-02
3.950427e-02
4.884959e-02
2.618504e-04
7.243705e-02
1.238820e-01
1.059047e-03
9.385365e-04
2.476288e-02
1.432547e-02
9.365176e-02
6.136157e-02
2.482682e-03
2.869592e-02
1.523700e-02
1.183111e-02
3.221234e-05
2.073661e-01
2.621357e-02
6.241716e-03
1.124514e-01
1.351387e-01
1.815738e-02
1.245679e-02
1.018124e-02
2.568072e-02
1.271899e-02
7.842897e-07
7.738066e-02
1.228354e-01
1.635208e-02
1.654611e-02
2.194811e-02
2.501845e-01
4.520468e-02
2.480817e-02
3.160456e-02
1.138428e-01
5.748264e-02
1.032047e-02
6.132727e-02
2.412936e-04
8.462627e-02
2.988836e-02
5.474264e-03
4.473534e-02
2.056541e-02
6.105175e-05
2.526841e-02
1.124397e-02
8.589913e-04
8.813308e-02
6.090946e-06
1.805410e-03
1.113282e-01
1.859704e-03
2.353591e-03
3.103455e-02
7.133617e-05
1.158857e-01
7.780545e-02
1.045516e-01
2.110385e-01
8.593593e-03
1.412792e-01
7.487152e-02
1.546277e-02
1.822291e-01
4.186766e-02
2.146528e-02
5.247127e-03
2.185001e-02
1.890950e-01
3.375178e-02
7.092569e-02
3.991126e-02
3.045825e-02
1.091490e-01
2.950836e-04
5.764390e-02
1.264315e-02
9.939509e-03
2.942903e-03
5.861341e-05
6.884595e-02
9.482783e-02
1.097085e-01
1.338016e-02
3.818638e-02
1.271184e-01
4.855714e-02
5.364351e-06
7.470745e-03
3.735988e-03
2.691782e-02
1.159222e-02
2.631270e-03
1.566811e-02
9.742440e-02
8.042494e-02
1.670972e-01
1.981813e-02
2.939269e-02
1.812967e-01
4.410346e-03
5.686144e-02
5.882605e-02
1.677759e-06
3.441409e-02
1.907177e-01
6.805385e-02
7.038153e-03
1.620869e-02
1.533594e-01
2.748138e-05
4.428799e-02
1.961514e-03
7.530873e-02
1.353221e-03
9.693483e-02
4.906970e-04
1.812857e-01
1.118289e-02
6.953739e-02
1.936124e-02
2.413355e-02
5.516748e-03
3.195811e-02
4.991403e-03
2.646049e-01
1.950949e-01
6.279588e-04
2.020315e-02
1.079877e-03
3.555404e-02
1.684422e-04
5.944976e-03
1.887745e-02
2.002561e-01
5.363393e-02
1.062344e-02
6.968476e-04
9.730376e-04
2.817920e-03
2.446238e-02
2.726799e-04
8.969125e-03
1.623413e-04
7.374880e-02
7.104518e-04
2.780215e-02
3.107376e-02
2.179992e-02
2.690043e-04
3.450130e-02
1.127118e-02
3.002540e-03
2.051588e-05
7.363881e-02
6.028554e-03
6.413916e-04
1.177828e-01
1.173128e-01
1.917956e-03
1.118286e-03
1.748008e-02
7.396247e-06
1.660540e-04
7.472602e-02
2.901167e-03
3.258278e-03
4.736992e-02
8.570620e-02
5.510979e-02
1.954661e-01
2.892145e-03
4.140604e-03
6.012788e-02
1.374929e-01
4.791104e-02
4.864593e-02
5.472069e-03
3.350023e-02
2.661472e-02
5.973061e-03
1.477831e-03
5.060148e-01
1.941105e-01
2.304777e-02
2.359729e-03
1.639324e-02
7.170849e-02
4.026026e-02
1.272512e-02
3.450478e-01
1.739718e-02
2.322461e-02
5.594731e-02
3.157093e-02
7.693097e-02
8.546663e-02
2.176374e-01
3.975646e-03
8.500867e-05
9.514677e-04
4.588890e-02
5.376019e-03
6.308182e-07
7.612403e-03
2.495146e-02
2.220431e-01
2.825088e-02
1.135371e-02
4.436178e-02
1.531569e-02
1.074224e-01
2.759328e-03
6.349800e-02
9.039681e-03
2.955575e-04
7.153538e-02
2.164618e-02
1.306391e-01
1.129969e-01
1.479161e-02
5.740391e-02
7.840106e-03
1.039765e-02
6.606535e-04
6.989594e-02
2.411050e-02
3.451832e-03
9.601023e-01
1.056067e-01
6.438549e-03
3.756544e-02
1.976471e-01
3.844527e-02
5.284841e-02
1.240700e-02
2.622234e-05
2.280112e-02
1.128305e-06
1.070791e-01
7.680308e-03
9.292279e-04
9.623382e-02
5.133867e-02
4.008675e-04
2.275096e-01
8.101404e-03
1.847842e-02
1.445262e-02
1.663615e-02
3.964978e-02
1.057011e-03
1.679677e-02
1.833005e-02
7.833453e-03
7.837166e-03
8.845052e-03
2.335130e-02
1.744661e-02
6.281126e-02
3.037527e-03
2.977700e-03
4.132964e-03
5.992457e-02
3.820578e-01
2.692553e-01
4.716071e-02
5.300867e-02
2.143404e-04
4.174294e-03
2.594702e-02
4.087593e-02
1.960071e-02
2.595242e-02
1.108598e-01
2.235847e-03
6.294924e-02
6.702340e-02
2.230497e-02
2.168810e-02
1.516568e-02
5.220079e-02
5.903284e-02
1.134551e-01
4.610340e-02
3.058801e-03
4.406407e-02
7.246069e-03
1.438415e-01
1.145666e-02
1.405071e-02
1.320500e-04
8.627433e-03
5.372878e-02
2.123508e-04
1.442486e-02
3.296657e-03
6.426459e-01
4.664447e-02
9.493925e-03
9.998037e-03
3.320869e-02
1.948458e-02
5.632236e-02
3.327898e-03
1.455017e-01
2.202414e-02
5.437753e-02
7.892220e-02
2.174758e-01
3.704354e-03
7.360688e-03
1.025858e-01
9.996090e-02
3.507852e-02
9.378773e-03
1.408967e-02
6.466346e-02
3.099447e-03
2.165276e-05
7.005205e-05
4.552248e-01
3.182606e-02
3.872532e-02
1.713723e-02
3.874950e-02
1.013301e-01
2.446114e-03
2.443636e-03
2.950569e-03
1.106375e-03
9.252083e-03
1.419923e-02
4.816323e-02
1.144025e-01
2.116447e-01
2.411512e-03
3.973158e-03
1.021906e-02
5.216080e-02
1.274520e-01
3.009606e-02
2.149348e-03
7.304266e-03
2.473896e-02
1.591242e-01
1.836590e-01
3.878331e-02
1.977115e-02
5.161665e-02
6.488134e-04
