1.619942e-02
1.005197e-01
2.243119e-02
1.008207e-01
2.193599e-02
4.037447e-02
7.223144e-02
3.456498e-02
7.362527e-02
6.019992e-02
2.672469e-03
5.958993e-02
1.158067e-01
6.744124e-03
2.330631e-03
4.791928e-02
3.398253e-01
3.022183e-02
3.092031e-01
1.077180e-01
4.545120e-02
1.920446e-01
3.165209e-03
2.815686e-04
2.382826e-02
1.688420e-01
1.205848e-01
7.240695e-02
6.767012e-02
3.597934e-02
1.265874e-02
2.212823e-03
9.181403e-02
1.666665e-02
3.272520e-01
2.008153e-02
1.599462e-02
3.388150e-02
4.860770e-03
4.271695e-02
4.000744e-02
1.207703e-02
2.938180e-02
3.471100e-03
3.119394e-03
3.129392e-02
2.548424e-02
1.793589e-03
1.778624e-05
3.941690e-03
2.643476e-03
6.428022e-02
2.566256e-02
3.437833e-02
3.225705e-02
7.973814e-02
4.163800e-02
1.077868e-02
3.346401e-02
2.820616e-02
2.213334e-03
1.380394e-01
5.287383e-02
5.935202e-02
6.223572e-03
2.167028e-03
2.027397e-01
3.429180e-02
4.326343e-02
8.289306e-02
1.165438e-01
4.155546e-02
2.399907e-01
1.042310e-04
2.412300e-03
1.422107e-01
3.268228e-03
1.039491e-02
5.951178e-02
1.071609e-02
5.566410e-03
8.850144e-03
6.467193e-02
1.396015e-04
1.726671e-02
3.776726e-02
2.806968e-03
2.732146e-03
2.620089e-02
1.579325e-03
3.847824e-02
3.077266e-02
1.628364e-02
3.553509e-02
7.480369e-03
1.320201e-03
8.225524e-03
5.852523e-02
1.030853e-02
9.550520e-02
1.221961e-02
3.452172e-04
1.174759e-03
9.478096e-03
2.367544e-02
3.202564e-02
9.886022e-02
3.077759e-02
5.226850e-02
6.710938e-02
1.179421e-01
9.502040e-03
8.169063e-02
9.430328e-04
1.261208e-01
9.580582e-02
1.371485e-01
8.701763e-03
1.397722e-01
7.776155e-02
6.918741e-02
1.500973e-03
1.478945e-02
1.854003e-01
2.451941e-03
7.991113e-05
1.343031e-01
1.445380e-04
2.224368e-02
1.283666e-01
2.004864e-04
1.703591e-01
3.404778e-03
1.197347e-01
1.861252e-02
1.542047e-02
7.364994e-02
3.185703e-03
4.850762e-03
3.538030e-02
3.600914e-03
3.399437e-02
1.420419e-03
1.001782e-01
5.362532e-02
1.189009e-03
2.987245e-02
1.849166e-01
1.321161e-02
5.066048e-02
4.549429e-02
2.058887e-04
4.065439e-02
1.095942e-03
1.102671e-01
4.913801e-03
4.255952e-02
4.297718e-02
6.572871e-02
2.972255e-02
1.156011e-02
1.729655e-02
4.706623e-02
3.223217e-01
7.351353e-02
6.380356e-01
5.006311e-02
1.863680e-03
4.378437e-02
6.870482e-03
1.133472e-04
3.220786e-07
5.240190e-03
1.209872e-02
3.230020e-03
1.570268e-01
1.995339e-03
2.023996e-02
2.058149e-03
6.264176e-02
3.510186e-02
6.277616e-02
4.854126e-02
8.619779e-05
5.364028e-02
3.668458e-03
5.986149e-02
5.673374e-02
2.248812e-02
9.918957e-03
8.840144e-02
2.426681e-04
3.313687e-03
1.161864e-03
6.656950e-02
1.543468e-03
3.809997e-02
3.895698e-02
1.390142e-02
6.310347e-03
3.743871e-02
5.939028e-03
2.061080e-03
1.019063e-03
5.936743e-02
7.437850e-02
2.024691e-03
6.366837e-03
2.447294e-01
1.609246e-02
4.637557e-02
6.403537e-03
6.793142e-03
2.559066e-02
1.939308e-02
1.053326e-03
1.664629e-03
3.649683e-03
1.324337e-03
1.821626e-03
5.130323e-04
5.929352e-02
9.928779e-02
9.462424e-03
1.225201e-02
5.920998e-03
2.694741e-02
2.054121e-02
5.143340e-02
1.707739e-02
4.240097e-04
3.096583e-02
7.971266e-03
2.701629e-03
9.829048e-03
4.991092e-04
1.756500e-03
2.155300e-01
4.250421e-02
1.090075e-01
9.830733e-04
1.042640e-03
2.176402e-01
1.767492e-05
4.478628e-03
1.110192e-02
1.084186e-01
5.324285e-02
3.406761e-03
5.216810e-02
3.212663e-02
1.136446e-02
5.567381e-03
8.122883e-03
4.006287e-02
1.255369e-02
9.865854e-04
3.661874e-02
9.451063e-04
3.796657e-01
6.114317e-02
2.662167e-02
6.832637e-03
1.110575e-02
2.974278e-02
3.662895e-01
2.702479e-02
7.773507e-02
1.878489e-03
2.291227e-02
2.992568e-02
3.237285e-02
1.285075e-03
5.969142e-02
8.765456e-03
7.301482e-03
1.482280e-02
2.832143e-02
1.218654e-02
1.537202e-03
8.254330e-04
8.379389e-04
4.314092e-03
3.651843e-05
3.475177e-02
1.261445e-02
3.233548e-04
3.362938e-02
7.181273e-03
9.120691e-03
2.144282e-02
3.147438e-03
4.134797e-02
1.114447e-03
1.929755e-03
1.803413e-01
1.841852e-03
4.556109e-03
3.495193e-02
3.857088e-02
8.105964e-02
3.941917e-01
7.872041e-03
1.440795e-01
1.887906e-01
3.518818e-02
8.446313e-02
3.468321e-02
1.328567e-01
5.580491e-02
2.002613e-05
7.622220e-02
3.194193e-02
4.522173e-02
1.843932e-01
4.426555e-04
2.617365e-02
6.122898e-04
5.578921e-02
1.398274e-03
3.774957e-02
3.043216e-02
6.964396e-02
1.152265e-02
6.614203e-03
2.040326e-01
2.668088e-02
1.248257e-02
8.375716e-03
1.603852e-01
2.855753e-01
1.042077e-03
1.230435e-04
1.062856e-01
1.609061e-02
6.672073e-02
9.249722e-02
2.866535e-06
1.009178e-02
2.461854e-01
5.784852e-02
2.278052e-01
1.072806e-01
6.881093e-02
4.886223e-02
6.965913e-03
3.384895e-02
8.984375e-04
1.455182e-01
6.104881e-03
2.253798e-03
5.377533e-02
2.691959e-02
4.575879e-03
5.837924e-02
1.175165e-03
1.956099e-01
9.333133e-03
1.072871e-04
1.338636e-03
1.828664e-01
2.712112e-02
2.995635e-02
3.576223e-02
4.992505e-02
2.203869e-02
1.164036e-02
4.933599e-02
6.336538e-02
1.481549e-04
4.090275e-02
7.403889e-03
1.393312e-01
5.519268e-04
4.720713e-03
8.913118e-02
4.387362e-02
2.324522e-02
2.817228e-02
2.084101e-02
7.310483e-03
1.690360e-02
1.435313e-02
4.942977e-04
2.494077e-02
6.460824e-02
2.069062e-03
1.752067e-02
1.239596e-01
9.194078e-06
3.717839e-04
2.347728e-02
8.169529e-03
8.365541e-03
5.569651e-03
4.032095e-03
5.422463e-02
8.143578e-02
1.861905e-03
2.872239e-01
6.073398e-02
9.809134e-04
6.883689e-03
1.117678e-02
1.365350e-01
1.299857e-02
1.152077e-01
6.588193e-02
3.175842e-03
4.703270e-02
3.902805e-03
3.103824e-01
8.452143e-02
1.786974e-01
1.279074e-02
5.151025e-03
2.687572e-02
2.819894e-02
5.752266e-03
8.739159e-03
6.339325e-02
3.153608e-03
8.795877e-04
3.209201e-03
7.238494e-02
2.417152e-01
5.373397e-02
5.390633e-02
5.963379e-03
7.768955e-03
2.106980e-02
1.026903e-01
2.456257e-02
3.302093e-02
7.447773e-02
4.310123e-03
2.673219e-03
7.644770e-02
7.669158e-03
1.832411e-03
8.746600e-02
1.242386e-03
7.079580e-03
1.677159e-02
6.279683e-03
2.820735e-02
1.636198e-01
1.332712e-03
1.526959e-01
5.536816e-02
4.513339e-02
4.695453e-03
5.341601e-02
1.653630e-01
4.544715e-03
3.077355e-02
4.937551e-03
1.802436e-02
2.795373e-02
9.648919e-03
2.390237e-02
7.230037e-02
3.276807e-03
5.356662e-02
8.375073e-02
9.591323e-03
6.052938e-05
2.659730e-02
8.672991e-02
9.748083e-02
5.896997e-02
7.133265e-02
3.703399e-01
1.936199e-02
1.595616e-01
2.252591e-02
9.710657e-02
3.841980e-05
6.861850e-02
3.859544e-03
2.290087e-02
9.279056e-02
5.103999e-04
7.220205e-02
3.895676e-02
1.052674e-02
1.447930e-02
2.376522e-02
1.246957e-02
4.802290e-02
1.405174e-01
1.186900e-04
8.168920e-03
1.901319e-03
2.466637e-03
4.813260e-06
2.945848e-02
1.855816e-02
4.454027e-02
2.872832e-03
2.100880e-01
1.671520e-02
1.945512e-02
4.921720e-02
9.792740e-03
3.295836e-02
2.112376e-02
1.086786e-01
3.033871e-02
1.640351e-01
2.027886e-02
3.289153e-02
4.670323e-02
4.041237e-02
2.033229e-02
3.585986e-01
1.649811e-04
1.278765e-03
2.672265e-05
1.273696e-01
1.867302e-02
7.107855e-04
1.676082e-02
1.112268e-03
2.036052e-02
5.855168e-01
3.833669e-02
3.158580e-02
1.823752e-02
4.095767e-02
7.897162e-02
7.335378e-02
1.344655e-03
1.109873e-02
2.378957e-02
5.604963e-02
4.463641e-04
1.390317e-02
9.046474e-02
7.469022e-03
1.772484e-02
2.532779e-03
7.978334e-02
2.365103e-03
1.592602e-06
1.025466e-01
3.219194e-01
1.109412e-02
3.827695e-04
2.892612e-02
4.046920e-04
2.850848e-03
6.773743e-02
4.856906e-02
6.013073e-03
1.293901e-01
1.173865e-01
2.619171e-03
1.233678e-01
8.322822e-03
1.661142e-03
1.135557e-01
4.886747e-02
2.030746e-02
5.587226e-02
2.715712e-03
6.532340e-02
6.789707e-03
6.408756e-03
1.327899e-02
5.453058e-02
7.165575e-03
1.433119e-02
3.583673e-02
8.236813e-02
1.763585e-02
2.635801e-02
2.790213e-03
1.438978e-01
3.110096e-02
2.806353e-02
3.989928e-04
2.969926e-03
9.577242e-02
1.895539e-04
6.507649e-02
2.750643e-03
8.277510e-03
1.138430e-02
8.646958e-03
1.439051e-02
6.182666e-02
2.147694e-01
6.851990e-03
