4.715237e-02
2.826923e-02
1.720093e-04
5.633227e-04
1.400875e-01
1.110386e-02
1.924457e-05
5.095326e-03
1.706859e-02
7.793050e-02
2.584806e-02
4.216359e-02
1.900315e-02
1.518296e-03
3.663259e-02
3.751487e-03
1.086693e-02
4.440130e-04
7.017229e-03
1.077060e-02
9.662609e-03
9.084810e-03
5.909460e-03
1.742759e-02
1.767521e-02
1.875882e-03
1.004561e-02
6.839767e-02
1.134277e-02
3.348387e-02
3.406374e-02
1.633976e-03
3.087482e-02
1.014002e-02
4.755481e-02
6.615928e-02
3.382816e-03
4.028826e-02
1.175300e-01
2.166662e-02
7.583952e-04
8.220756e-02
7.081323e-02
4.016033e-02
3.664339e-04
1.393054e-02
1.818461e-02
1.297006e-01
6.897731e-03
3.127071e-02
2.043245e-02
1.146457e-01
3.908889e-02
5.525482e-02
1.414187e-01
6.975944e-02
2.654635e-02
1.895103e-02
4.763503e-02
6.243530e-02
1.006621e-01
5.232511e-02
8.876438e-02
1.159790e-01
3.141000e-05
1.416461e-02
1.063428e-01
3.807982e-02
9.778268e-02
1.043352e-02
1.950979e-03
3.250781e-02
2.939945e-02
2.864617e-03
8.740264e-02
1.420555e-01
1.868626e-02
2.376478e-02
8.048666e-03
3.995264e-01
1.567961e-02
1.441899e-01
7.454503e-03
2.746052e-03
2.667550e-04
5.278072e-02
4.368490e-02
1.176506e-01
6.801060e-02
2.858455e-04
3.294816e-01
7.866813e-03
6.713657e-03
1.896548e-04
1.610325e-02
5.753333e-02
4.448832e-04
3.332107e-02
1.481657e-01
7.818377e-03
1.349328e-01
3.109237e-02
2.013157e-04
4.611525e-02
2.068345e-01
9.046579e-02
1.445527e-01
5.663168e-02
2.241620e-02
1.751033e-01
7.241280e-03
3.746125e-03
4.547133e-03
3.177234e-02
4.637591e-02
1.022173e-01
4.284632e-02
1.809586e-01
2.232981e-01
4.921162e-02
7.410649e-02
2.459861e-01
9.522977e-02
4.026855e-03
1.669264e-01
1.196063e-03
1.061675e-02
2.319889e-02
4.595324e-03
2.111310e-02
2.588262e-03
1.389176e-01
1.876371e-02
6.872877e-02
4.711661e-05
2.411889e-01
7.224986e-04
1.583515e-01
1.867984e-03
1.184090e-03
4.186235e-02
3.309932e-03
1.154181e-03
1.622891e-02
3.624686e-02
7.634035e-03
3.534291e-02
8.526604e-02
3.982816e-02
1.967039e-03
1.067866e-02
3.330614e-02
4.380272e-02
2.861355e-03
2.029537e-01
9.345460e-02
1.134633e-02
9.323877e-02
2.967871e-02
1.253983e-01
2.880592e-02
5.539302e-03
1.617191e-01
1.064832e-03
7.654334e-02
4.452888e-03
2.237441e-02
4.026470e-03
4.786762e-05
2.378639e-02
1.116199e-02
1.038019e-02
3.687596e-05
4.154839e-04
1.542180e-02
3.655507e-04
1.288943e-01
1.493823e-03
1.777108e-01
7.808639e-02
2.674324e-02
2.229706e-02
2.183828e-02
2.679004e-03
8.054053e-02
6.377103e-02
3.511611e-02
1.263599e-02
6.300687e-03
2.380364e-01
1.342827e-03
1.508953e-02
1.203693e-01
2.164311e-03
5.718187e-02
4.557284e-02
1.927413e-04
1.154019e-02
2.615708e-02
2.619823e-01
7.657401e-02
1.547091e-02
4.013839e-02
7.849524e-02
4.205036e-02
1.246386e-01
9.986050e-03
9.116791e-02
1.564178e-02
8.434164e-03
7.228289e-03
6.819576e-03
1.936999e-01
7.923898e-03
6.572303e-02
1.139420e-02
1.324335e-01
2.245566e-02
1.872089e-02
1.297517e-01
2.835095e-02
8.142975e-06
1.476564e-01
1.489921e-03
8.057211e-03
2.064260e-02
1.784819e-01
5.139824e-02
5.416870e-02
3.545209e-02
4.079644e-01
5.014091e-02
5.765848e-03
2.135727e-01
5.484932e-02
9.707636e-02
5.466986e-04
1.167683e-02
6.851691e-02
3.637802e-02
7.164369e-03
2.249456e-02
1.151531e-01
1.416416e-01
5.946426e-02
2.106501e-03
8.250148e-04
1.370087e-02
2.856580e-02
1.336281e-01
1.006896e-01
7.035243e-02
2.077666e-01
7.342034e-04
1.073599e-01
2.163922e-02
1.317722e-02
1.236889e-02
6.731232e-02
1.566703e-01
1.048146e-01
4.136847e-03
9.700323e-02
2.538210e-01
4.549001e-02
1.578835e-01
1.290631e-01
4.527806e-02
3.192883e-03
2.272822e-03
1.142852e-01
1.147345e-01
7.047442e-01
2.441373e-02
1.194590e-03
8.587888e-02
1.988132e-02
7.117765e-02
1.585735e-01
1.278126e-02
5.914448e-02
2.784926e-02
7.959430e-02
3.021928e-03
1.220515e-02
9.166324e-04
1.964738e-01
3.053481e-02
3.651052e-02
2.347399e-02
8.280662e-02
3.401761e-03
1.139223e-01
6.527643e-02
1.564193e-03
3.260627e-01
3.790904e-02
2.480923e-02
5.759802e-02
1.033493e-03
7.485096e-03
2.152642e-02
3.814732e-03
6.121445e-03
1.230224e-02
2.093692e-02
6.329936e-03
8.061678e-02
1.057821e-02
1.939807e-02
2.065855e-02
5.831029e-04
1.714330e-02
7.128745e-03
2.453716e-03
1.297462e-02
4.044936e-01
1.241384e-02
6.052859e-02
2.987944e-03
1.629286e-02
2.579544e-04
9.303164e-02
2.957014e-02
5.295409e-02
4.335120e-02
2.732806e-03
1.067221e-01
5.817050e-02
5.887071e-02
1.760849e-02
2.885395e-03
6.873928e-02
1.586065e-02
1.265086e-01
1.871750e-02
1.105979e-02
6.334516e-02
4.997323e-02
8.361783e-03
1.218501e-01
2.201974e-03
7.583072e-02
7.061115e-02
2.265895e-02
2.052804e-01
6.574858e-02
1.074036e-01
1.035149e-01
5.426006e-02
1.845175e-01
3.336854e-02
1.023062e-03
4.858374e-02
5.421358e-02
3.785321e-02
2.212185e-02
2.542935e-02
1.789089e-04
7.692699e-07
1.687300e-01
6.372778e-03
5.749214e-02
2.927282e-03
6.062696e-05
9.762609e-04
2.897415e-02
1.024904e-02
1.291491e-03
9.049799e-03
6.281269e-03
9.771680e-02
7.041865e-04
9.073513e-04
4.268215e-03
1.061531e-04
5.156857e-02
6.684048e-03
4.748945e-02
7.250535e-03
4.777939e-02
7.668482e-02
8.378321e-03
6.561840e-02
2.530215e-02
1.683875e-02
3.437318e-02
1.441739e-02
2.678974e-02
2.114125e-03
5.957833e-03
1.512701e-03
2.959671e-02
3.483300e-02
2.283609e-01
1.341232e-02
6.585094e-03
9.693727e-03
2.630282e-03
3.288584e-02
9.726909e-02
3.944534e-02
9.755588e-02
1.303272e-01
1.340643e-03
4.112849e-02
6.911357e-02
6.981584e-02
1.262838e-01
9.783764e-02
1.803264e-02
5.059348e-03
7.805393e-02
1.365619e-02
4.116578e-03
3.450518e-02
9.422161e-04
5.558403e-04
2.660938e-02
3.832372e-02
3.145784e-03
3.863937e-02
3.898580e-02
5.899741e-02
3.493824e-03
2.711199e-02
5.905501e-02
1.301902e-04
1.072054e-02
1.394389e-02
1.238996e-04
1.648756e-01
7.792139e-02
2.948844e-02
3.967268e-02
6.399151e-04
5.247462e-02
3.910336e-03
3.533868e-03
2.024712e-02
5.015723e-04
1.655667e-01
1.851101e-01
1.076324e-04
3.248619e-02
1.035470e-02
7.063127e-02
5.207540e-02
3.930933e-02
4.743331e-02
6.094358e-03
1.039149e-03
6.452885e-03
1.643869e-01
6.478263e-04
7.096943e-02
1.656354e-02
9.074147e-02
3.007107e-02
6.694571e-04
1.870188e-01
3.798011e-03
1.165966e-01
4.611991e-03
6.355417e-02
1.173542e-02
1.705264e-01
8.126091e-02
2.592464e-03
1.494525e-02
7.228948e-03
2.902752e-01
1.864881e-03
1.183663e-04
7.193749e-05
5.798504e-02
1.219101e-01
5.703007e-02
1.055029e-01
4.636241e-03
2.400288e-03
7.956394e-02
4.039784e-01
5.391835e-05
3.843826e-04
3.634302e-03
1.722483e-02
7.411485e-06
3.700143e-02
2.513527e-02
4.254006e-05
9.362719e-06
3.171508e-02
2.266522e-03
6.228185e-02
4.957169e-04
2.988708e-02
3.107052e-02
3.755511e-02
7.006000e-02
3.805813e-02
5.754565e-02
3.455305e-02
3.758046e-03
5.207820e-02
1.757803e-01
1.867902e-01
5.319917e-01
9.226376e-03
2.932079e-03
7.598054e-02
1.054218e-02
3.953850e-02
7.377465e-02
1.155336e-02
6.585551e-04
1.682371e-02
2.827469e-02
1.517520e-01
1.161188e-02
1.654495e-03
2.500640e-02
5.347125e-03
1.668938e-02
1.523032e-02
2.529248e-01
3.725617e-02
2.641118e-01
6.609611e-03
2.660737e-01
5.896231e-03
3.189896e-01
3.115401e-02
5.857985e-02
7.893348e-03
2.997183e-02
1.483452e-02
2.669777e-02
8.822065e-03
2.469576e-02
1.106589e-01
9.024709e-02
2.080530e-02
5.366059e-02
2.527171e-01
3.194758e-02
1.475825e-03
7.766471e-03
7.916939e-03
4.137143e-02
1.808924e-03
9.944670e-02
3.648136e-03
1.937508e-02
3.376659e-02
1.261600e-02
6.118240e-02
7.925581e-03
8.530192e-02
8.395577e-04
9.603216e-05
9.110612e-02
8.335626e-02
8.177765e-03
3.509315e-02
1.343614e-04
8.762915e-02
2.044543e-01
9.299131e-04
2.943984e-03
3.780849e-03
2.304211e-03
1.620243e-01
9.021226e-03
3.018574e-02
6.886932e-03
2.193563e-03
9.385468e-02
1.595825e-02
4.894235e-02
7.101735e-04
6.645091e-02
1.650656e-01
6.498968e-04
1.817825e-02
1.653103e-01
1.627795e-02
4.193286e-03
6.303497e-03
5.785213e-02
3.699179e-02
4.411627e-02
1.699047e-01
8.838922e-02
