4.209769e-02
1.279330e-02
1.202351e-02
4.402548e-02
6.759257e-02
1.573358e-02
3.379068e-06
7.881232e-03
5.364172e-02
1.122166e-02
8.154091e-02
1.832967e-02
9.220972e-03
3.926562e-02
2.449846e-02
8.653685e-07
6.230929e-02
2.195462e-02
2.244808e-04
2.252322e-03
4.892038e-02
8.883412e-03
1.317024e-01
3.148725e-05
1.163559e-01
4.519705e-03
2.210339e-02
2.126631e-02
3.400217e-01
1.020399e-02
3.250177e-02
8.257449e-03
4.241762e-02
8.595717e-05
1.095433e-03
1.813710e-02
5.405363e-03
5.583954e-02
2.727270e-03
2.306055e-03
2.093058e-01
2.378192e-02
4.154597e-02
3.366673e-01
3.014896e-02
2.596702e-02
1.367816e-01
1.832188e-03
7.639191e-03
3.575010e-02
7.247660e-04
1.109083e-02
2.076501e-01
6.329214e-03
4.170267e-03
7.305433e-04
3.596183e-02
5.414300e-03
1.040731e-01
1.511852e-01
1.002139e-02
2.944829e-01
1.686729e-02
6.599489e-03
3.261704e-02
1.878434e-02
1.125043e-02
5.596505e-02
4.020120e-02
7.531830e-02
1.322871e-02
1.628019e-02
2.330445e-03
7.437344e-03
5.589753e-02
3.855590e-02
1.349551e-02
2.488406e-02
7.512371e-02
1.273566e-03
5.255357e-02
9.080808e-03
1.388849e-01
1.720960e-03
1.764030e-02
1.637728e-02
8.183680e-02
6.965556e-02
6.179339e-02
8.298374e-03
5.439071e-02
1.696552e-02
5.358319e-02
4.021957e-05
6.566872e-03
6.449687e-03
2.128103e-01
3.706908e-03
1.272197e-02
1.470297e-02
7.112587e-02
3.036807e-02
4.358936e-02
8.462216e-03
1.309744e-02
6.704153e-02
6.100616e-02
1.830877e-01
1.574517e-01
8.984150e-03
4.116402e-02
1.934674e-02
4.523129e-02
2.958134e-02
4.980517e-03
2.643143e-02
2.662575e-03
8.936796e-05
5.634740e-03
6.160861e-02
8.528475e-05
2.252154e-02
1.091671e-01
1.063779e-02
3.434738e-03
9.514080e-02
1.517051e-01
1.449862e-02
2.237943e-03
2.035010e-02
1.466760e-02
5.923427e-03
1.614495e-06
1.594201e-02
5.130762e-02
9.813427e-02
1.070585e-03
9.623431e-02
1.351749e-01
2.833771e-05
1.053996e-01
5.678813e-03
2.738829e-03
3.649578e-02
8.085467e-03
2.983519e-01
3.670597e-02
1.448658e-03
9.716389e-02
1.608463e-01
1.135732e-02
1.337806e-01
9.724320e-07
7.091794e-02
3.085947e-04
2.893085e-03
2.104579e-01
1.168084e-03
8.662649e-03
2.477382e-01
1.680557e-02
2.269893e-02
5.994753e-02
3.075813e-02
9.096281e-06
6.311734e-03
2.491206e-02
2.243826e-03
1.823193e-02
1.205440e-02
1.332772e-02
3.990392e-02
9.455464e-03
2.206418e-02
7.173575e-02
1.871062e-01
3.098650e-03
1.275156e-02
1.321789e-01
1.363529e-02
3.658867e-02
7.498497e-04
4.433407e-02
6.280415e-03
6.489908e-03
5.237395e-03
3.204360e-02
1.398316e-01
5.246805e-03
7.042402e-03
1.518011e-02
1.054129e-02
3.682422e-04
3.635844e-04
1.393473e-04
1.417480e-03
5.883821e-02
8.767433e-02
1.276862e-02
6.412489e-03
1.045618e-02
6.541298e-04
3.065671e-02
2.679900e-03
1.664067e-04
7.153026e-02
4.272069e-02
7.675302e-02
4.962418e-03
4.752279e-02
4.322154e-04
1.127295e-01
2.124050e-02
1.143074e-01
2.224957e-02
6.764452e-04
1.152847e-01
1.677666e-01
7.018589e-02
1.499946e-02
8.004405e-02
1.758804e-02
3.539033e-02
1.698548e-01
3.938813e-02
6.956956e-02
2.118141e-02
4.045176e-03
8.777983e-03
2.010851e-02
5.248231e-02
6.727159e-03
1.557836e-01
8.414098e-02
7.396593e-05
8.172514e-02
5.387932e-02
3.909249e-02
4.330668e-02
1.750528e-01
1.284962e-01
1.514010e-02
1.592093e-02
1.722845e-02
1.504530e-02
1.887526e-02
1.218971e-01
6.618326e-02
6.699397e-03
1.815016e-03
8.060711e-02
9.336068e-03
7.816430e-02
1.187110e-03
9.146990e-02
1.019795e-02
9.782367e-02
1.773421e-01
2.719426e-02
1.255371e-01
1.185384e-03
2.167328e-01
8.067882e-02
1.480439e-02
1.902421e-01
6.815098e-02
1.393511e-01
1.022214e-01
3.755813e-03
1.801182e-02
5.023059e-02
1.631391e-01
1.007257e-01
6.982685e-02
5.649493e-03
1.365201e-01
1.387294e-01
4.272460e-02
3.851983e-02
2.364783e-02
2.711974e-03
2.791038e-05
6.968387e-02
2.397368e-03
1.166426e-02
1.359211e-02
5.171201e-03
1.404536e-03
1.557875e-04
4.081130e-03
9.060779e-02
7.309647e-04
2.790613e-02
8.938942e-03
7.035738e-02
2.769790e-01
7.323695e-03
4.912732e-02
1.051464e-04
1.002390e-01
8.284926e-03
4.332230e-02
4.676802e-03
7.355639e-03
2.367055e-01
1.521578e-02
1.235432e-03
4.828418e-03
3.082380e-03
7.904585e-03
4.639827e-02
3.094755e-02
6.020982e-02
2.239282e-02
2.878265e-02
1.559474e-02
1.922350e-01
5.898433e-02
8.997805e-02
4.076730e-02
5.143613e-02
5.735133e-02
1.065625e-02
6.277264e-02
3.449854e-04
3.504540e-02
1.855055e-02
2.817671e-03
2.110352e-03
1.783644e-03
2.746665e-01
5.054919e-03
1.185914e-01
7.413082e-06
5.141170e-02
8.952288e-02
1.001127e-03
7.264018e-04
6.929995e-03
6.156014e-02
3.594969e-02
4.289876e-02
1.205974e-01
4.339258e-05
9.488913e-02
7.844670e-02
1.093874e-03
2.827244e-03
1.234380e-02
3.483744e-02
1.680732e-02
1.870174e-02
6.932079e-02
1.683602e-02
9.438802e-04
1.919423e-02
7.227064e-03
1.185178e-03
6.512038e-03
1.114586e-03
8.636719e-02
2.391276e-04
1.503366e-03
2.960239e-03
4.115698e-02
6.161639e-07
7.448177e-02
8.545692e-03
1.900096e-01
1.106349e-01
5.212270e-07
1.367877e-01
1.652022e-03
4.454978e-02
2.971612e-02
1.339171e-01
4.171810e-02
1.181039e-01
7.188467e-02
6.051402e-04
3.549239e-02
2.126587e-02
6.093590e-03
3.903643e-02
3.145692e-03
3.585868e-03
2.889138e-02
1.198403e-02
9.638949e-02
7.226393e-02
5.799356e-03
9.745669e-04
1.389645e-02
9.098676e-02
1.009121e-02
2.397337e-01
2.624030e-02
3.711849e-02
2.723218e-01
4.045697e-03
4.623924e-02
6.600679e-03
9.606048e-02
1.728158e-01
1.548992e-02
6.874336e-02
1.210837e-01
4.661224e-02
3.816530e-02
2.669491e-02
4.021337e-02
3.408789e-03
1.378575e-01
2.416261e-02
1.233552e-01
1.461671e-02
1.384547e-03
8.716323e-02
3.857302e-02
4.733878e-02
8.629680e-04
8.009055e-02
5.921498e-03
1.618093e-03
2.607792e-02
1.332694e-02
3.914132e-02
4.553911e-03
2.081352e-02
2.684779e-02
1.759186e-01
1.727326e-03
1.868880e-01
4.534316e-02
3.369599e-03
1.939067e-02
3.676850e-03
8.543937e-03
9.665124e-04
6.857196e-02
6.355245e-04
3.388611e-04
4.240298e-03
5.842433e-03
1.377533e-01
3.829861e-03
3.838098e-03
6.930496e-02
5.459921e-02
4.033012e-03
7.898911e-02
1.022093e-01
1.060382e-02
4.454199e-02
1.010257e-02
1.602058e-03
4.007243e-02
1.092168e-01
3.966043e-03
5.713487e-04
2.564827e-02
1.144557e-03
7.137234e-03
5.658126e-02
1.830288e-02
8.003860e-02
2.895079e-02
5.514374e-03
2.977335e-01
6.092628e-03
2.522499e-02
4.072067e-02
1.961642e-02
1.817017e-01
3.292518e-03
1.143567e-01
1.348133e-01
2.074299e-02
5.930220e-02
4.416627e-02
2.067071e-03
4.079165e-03
1.856300e-01
3.160276e-02
5.855948e-03
2.398186e-02
8.551831e-07
3.293588e-02
2.813952e-04
4.821505e-02
8.976554e-02
3.339349e-02
4.607068e-03
8.615082e-03
1.205911e-01
6.788808e-03
2.008003e-02
7.857665e-02
8.835669e-02
3.528880e-04
1.051708e-02
1.109221e-01
3.760262e-02
2.464720e-06
8.525954e-03
6.446623e-02
6.415114e-02
4.028369e-01
3.078814e-02
4.258656e-01
6.151526e-04
5.268338e-03
1.372016e-01
1.737632e-01
8.666880e-06
2.939289e-03
5.606464e-02
8.812481e-03
4.747607e-02
2.249727e-02
1.019035e-02
7.730334e-02
7.224434e-05
3.121612e-02
2.145440e-01
8.256526e-04
6.175311e-02
1.124919e-02
1.076598e-02
1.038855e-01
2.718384e-03
2.830426e-03
3.719094e-02
1.255087e-03
2.461432e-02
3.037767e-02
1.461632e-03
2.041469e-02
6.496630e-02
2.603880e-02
1.855677e-05
8.074407e-03
2.060664e-02
1.645190e-01
5.703094e-05
7.414041e-02
2.006485e-01
9.655214e-02
1.221140e-01
4.758043e-02
1.301740e-02
2.077757e-01
2.048773e-02
8.129118e-03
5.705734e-03
2.849785e-01
8.187060e-03
4.673989e-03
2.193225e-01
2.018353e-02
2.088404e-04
1.718184e-03
6.221241e-02
1.138132e-03
2.660534e-02
9.708638e-02
7.605731e-04
2.452951e-02
3.144257e-03
1.006958e-05
8.981020e-04
4.452952e-02
1.548374e-03
7.370966e-02
1.128644e-04
4.121096e-02
2.404611e-02
1.905704e-01
9.754023e-02
2.264483e-02
5.782803e-03
1.236404e-02
4.897610e-02
6.360347e-02
7.143553e-04
1.399668e-03
8.545180e-04
1.284861e-02
1.842384e-01
3.839377e-03
2.004285e-02
3.721835e-02
1.349189e-01
2.406777e-03
