1.698443e-03
1.829252e-02
4.211239e-02
2.550336e-02
1.796432e-02
2.835811e-02
1.907932e-01
1.330218e-01
3.046401e-02
1.370789e-02
4.847997e-03
7.535424e-02
2.703999e-02
8.571648e-03
8.801670e-03
3.202268e-05
2.557532e-02
3.395740e-02
7.195765e-02
1.904472e-01
2.270775e-02
4.421265e-03
1.150013e-01
9.478301e-02
1.140486e-01
8.268014e-02
2.791862e-01
7.244961e-02
8.889437e-03
5.600043e-02
4.198679e-02
1.110674e-01
1.662303e-01
7.180950e-02
2.555872e-03
3.063905e-02
9.032308e-02
4.072324e-03
3.290010e-02
2.981631e-02
5.326878e-02
3.290196e-02
1.404295e-03
5.290717e-04
6.190657e-02
3.028062e-02
5.283487e-02
1.863049e-02
1.353206e-04
2.636979e-03
5.995362e-02
5.125167e-05
5.985740e-02
1.048310e-04
1.594534e-01
4.331701e-02
1.483370e-02
6.578893e-04
8.620446e-03
1.847670e-01
1.265019e-02
5.594790e-02
1.676053e-02
6.101790e-03
1.035424e-02
8.425930e-04
8.242375e-02
1.738372e-02
2.027682e-02
7.210799e-03
1.094523e-02
2.712828e-01
1.372474e-01
1.148156e-02
6.637237e-02
7.205564e-04
6.422646e-03
6.868160e-05
4.326980e-01
8.717327e-02
1.438409e-02
4.418322e-02
7.192330e-02
4.881018e-03
8.399289e-02
3.013283e-02
5.857529e-02
1.124106e-02
1.447112e-01
8.038938e-02
2.275183e-02
1.062371e-01
2.198317e-02
5.794596e-03
2.335531e-02
5.128678e-03
2.057611e-03
7.940711e-02
4.062785e-02
9.007513e-02
1.396156e-02
8.154411e-03
1.847007e-02
2.741014e-01
7.075344e-03
1.135784e-02
1.851029e-01
5.051445e-02
2.475710e-01
1.741722e-02
2.428208e-02
6.241340e-01
1.068329e-02
5.095270e-02
3.667241e-02
2.835331e-02
3.780964e-02
4.815061e-03
1.147844e-02
3.704050e-04
2.979646e-02
2.788665e-02
8.562308e-02
6.694144e-05
2.110351e-02
2.062569e-02
1.286356e-01
2.088252e-01
1.423619e-02
3.765341e-02
2.474665e-02
6.648208e-05
1.871473e-03
4.080832e-02
6.076815e-02
2.234773e-03
5.177498e-02
8.100621e-03
5.767608e-02
2.789120e-02
2.770050e-02
4.267546e-03
8.264956e-03
1.969518e-02
1.588398e-01
1.555759e-03
1.097082e-02
5.206861e-03
1.984984e-03
4.821058e-02
7.323971e-02
9.713561e-02
2.302544e-03
9.102727e-04
1.740942e-02
6.232552e-02
1.051885e-01
2.845398e-02
6.402064e-03
1.967189e-01
5.972566e-03
1.296456e-03
1.553457e-06
1.565571e-01
7.765457e-03
3.539201e-01
1.301164e-01
1.142503e-04
2.507888e-01
1.660860e-02
1.858565e-01
1.090333e-02
1.052914e-03
7.251973e-02
4.095568e-02
4.946940e-02
9.630848e-03
4.082884e-02
1.080707e-02
1.240909e-03
2.902784e-04
1.104231e-01
3.195333e-03
2.766293e-02
2.888341e-02
6.893900e-02
1.117174e-03
5.964407e-06
1.190808e-01
6.419304e-03
4.665178e-02
1.099279e-02
2.518491e-04
5.425753e-02
1.131414e-01
3.627698e-04
4.392578e-02
8.963108e-02
2.063353e-03
3.965444e-02
1.028982e-01
7.157151e-02
5.217048e-02
1.486555e-02
5.483277e-02
1.178885e-01
1.674407e-02
1.855981e-02
6.349483e-03
9.156654e-04
1.969433e-02
3.236577e-02
6.305072e-02
1.187717e-01
3.224971e-03
4.428076e-03
6.085682e-02
8.091300e-02
7.620581e-03
8.715755e-05
9.020838e-02
1.139860e-02
1.258699e-01
5.757854e-02
2.307764e-02
8.994177e-02
8.458394e-02
1.326208e-01
1.742755e-02
4.162189e-02
1.631465e-02
4.247681e-03
6.946249e-02
3.303913e-02
7.583368e-03
2.121874e-01
5.432334e-02
1.485687e-01
1.144840e-02
3.060566e-02
1.321533e-02
3.402957e-02
1.041406e-01
5.582564e-02
6.101328e-02
3.828399e-02
1.555293e-02
9.940577e-03
1.101738e-03
2.187081e-05
1.117544e-02
3.899711e-02
6.016463e-02
2.454437e-03
1.789520e-02
6.122398e-02
1.276514e-02
1.242219e-02
3.381251e-02
8.020340e-02
1.345003e+00
1.197984e-01
2.132664e-01
1.748100e-02
8.076420e-03
4.022615e-01
3.228309e-03
1.125080e-02
1.135587e-04
1.659647e-02
2.262804e-02
1.180679e-01
2.297455e-01
4.336900e-02
3.557591e-02
1.034579e-04
2.640937e-02
7.227654e-02
2.380787e-02
1.441536e-05
4.196430e-02
3.409241e-02
4.765908e-03
3.936906e-01
3.013733e-02
3.720063e-05
4.348747e-02
3.808184e-02
4.152811e-02
2.012884e-01
3.536963e-01
9.921846e-02
6.679276e-02
1.461737e-01
1.021464e-03
7.646999e-03
2.124055e-01
4.660748e-02
1.309800e-02
1.781285e-02
4.766746e-05
1.575138e-02
1.112241e-02
2.079926e-01
8.181273e-02
6.329101e-03
9.071147e-03
8.505352e-03
7.630264e-02
1.362068e-03
2.090662e-02
9.029676e-05
2.362921e-02
4.203061e-02
1.231925e-02
1.305007e-01
2.102366e-02
2.880207e-01
1.855150e-03
2.654689e-06
3.587392e-03
6.873436e-04
5.789923e-01
1.830813e-02
2.301488e-01
1.216848e-02
3.509041e-02
2.474689e-02
1.405515e-02
4.165878e-03
1.891618e-02
9.673906e-04
2.898469e-05
1.563455e-01
1.516815e-02
1.093940e-02
2.237021e-03
9.277445e-04
2.285366e-02
2.257756e-04
9.979971e-04
3.465759e-02
6.545586e-03
2.602310e-03
2.126519e-01
3.666207e-02
6.526671e-04
2.549653e-02
2.278377e-02
8.782289e-04
4.688781e-02
9.909429e-02
5.128942e-02
9.705605e-03
8.859331e-02
2.046593e-01
1.132221e-01
2.965012e-04
3.946697e-04
8.999021e-02
1.802100e-02
2.351168e-03
1.478848e-02
3.180303e-02
8.524165e-03
9.543745e-03
7.372407e-02
2.507996e-02
1.087864e-04
2.267113e-01
1.009567e-01
5.212490e-02
2.190381e-04
3.107820e-03
8.911615e-03
3.024188e-01
4.152491e-02
1.807283e-02
9.426394e-03
5.695213e-03
4.715517e-02
5.194160e-02
1.172593e-02
5.105701e-02
2.391392e-02
4.274297e-03
1.014281e-02
1.136275e-02
5.404586e-03
1.115594e-02
2.950826e-04
4.972517e-04
4.865854e-02
3.378809e-02
2.212266e-02
8.972716e-03
5.507936e-03
5.771405e-02
3.242016e-01
3.501049e-03
1.793594e-02
5.848118e-02
3.611574e-01
3.981675e-02
1.459075e-02
4.027211e-02
2.945888e-02
2.573892e-02
3.227780e-03
5.990996e-02
4.698911e-02
7.895692e-02
1.969595e-02
1.617412e-01
2.252160e-02
3.306432e-02
9.030528e-02
5.475276e-02
1.604115e-02
2.621014e-02
1.950436e-01
7.208969e-02
1.487652e-01
1.486207e-03
8.420638e-02
6.201432e-02
6.872958e-02
1.911169e-04
2.144890e-02
1.357710e-02
6.674759e-02
3.410425e-02
6.331996e-02
1.604231e-02
1.382043e-02
1.624271e-01
2.287074e-03
2.617287e-02
2.681989e-02
1.983063e-02
1.433001e-03
3.018828e-03
8.070377e-04
1.526523e-02
1.006386e-02
6.737763e-03
9.706630e-02
7.290271e-02
1.063897e-02
3.360735e-02
2.112095e-01
1.393059e-02
1.541338e-01
8.872218e-03
3.311172e-03
1.848119e-02
7.768703e-02
3.565877e-02
3.638349e-02
3.262262e-02
6.708236e-03
2.947867e-02
8.215495e-03
1.746768e-03
2.252081e-02
1.389793e-02
2.675409e-03
6.036319e-02
7.090486e-03
4.187490e-03
1.649949e-02
1.698767e-01
4.779779e-02
6.287480e-04
1.870178e-01
1.042102e-01
3.942598e-02
7.220728e-05
1.022936e-01
1.224521e-02
3.255566e-02
1.001974e-01
7.104810e-02
1.699213e-01
3.600136e-01
8.229325e-02
1.580629e-05
1.387815e-01
1.028041e-03
1.351163e-05
7.038563e-02
2.067552e-02
2.046744e-02
3.781242e-02
2.161864e-03
2.937713e-03
2.113028e-02
4.177757e-02
3.393389e-01
4.738041e-02
2.165234e-03
8.165737e-03
8.996957e-02
8.072964e-02
1.994449e-04
6.428230e-03
5.393316e-03
2.562263e-02
1.515251e-01
1.015487e-01
1.656308e-03
1.027537e-04
7.534567e-02
1.266182e-02
6.124638e-03
1.308724e-01
5.338232e-03
7.094303e-03
2.216314e-02
3.441769e-02
2.553771e-02
6.999641e-02
4.133123e-03
1.512569e-01
1.177738e-02
9.748252e-02
2.080494e-05
6.444328e-02
1.857283e-02
5.402912e-03
5.473388e-02
1.436167e-02
1.215772e-01
7.929394e-02
1.227601e-03
1.462315e-02
8.296195e-03
1.954195e-02
5.717647e-04
3.742599e-02
2.904533e-01
6.941493e-02
2.600930e-02
7.053964e-03
2.956524e-01
3.177383e-04
1.712335e-02
4.590830e-02
1.693899e-03
2.972450e-02
3.745410e-03
3.996818e-03
1.661022e-04
9.278215e-02
1.566941e-02
1.018343e-01
5.224078e-01
5.465748e-02
7.024863e-04
5.827907e-03
1.150663e-01
9.384099e-03
2.572167e-01
1.061846e-04
6.968117e-02
3.980618e-02
2.564627e-04
2.037461e-02
5.105814e-02
1.714364e-03
1.393531e-01
3.626482e-03
2.298210e-02
7.408567e-04
4.031574e-02
6.637067e-04
9.548655e-03
8.345600e-03
7.528185e-02
2.055546e-03
3.213322e-01
1.016519e-01
9.299029e-02
3.869289e-05
2.732002e-03
2.429328e-02
3.621832e-03
2.142799e-02
2.944455e-01
5.845615e-07
2.414211e-02
1.494821e-01
6.107998e-03
8.998515e-02
