1.084971e-01
2.054738e-02
3.000041e-02
7.108400e-02
2.042648e-03
2.760413e-03
2.490778e-02
2.364583e-02
1.808563e-02
4.853426e-03
7.746542e-03
1.131052e-01
4.824526e-02
7.118899e-02
1.242542e-01
2.314612e-01
3.817205e-03
1.752407e-01
2.511568e-02
1.744653e-02
1.819601e-03
2.023931e-01
2.855140e-02
1.058660e-02
5.966063e-02
6.102733e-03
1.203472e-03
4.425109e-04
3.703247e-02
5.797044e-02
4.253707e-02
6.022404e-02
6.149309e-04
1.815200e-02
2.199259e-02
1.205408e-01
5.097982e-03
6.206346e-02
3.591853e-03
4.340857e-03
2.070960e-03
8.282690e-03
1.245771e-01
7.519426e-03
2.040004e-01
5.088831e-02
3.475314e-02
2.649879e-04
5.181906e-05
1.906830e-02
9.784083e-02
2.013168e-01
2.382792e-02
3.408052e-01
1.328412e-03
4.791953e-02
1.574277e-01
1.574119e-01
3.215509e-03
6.776608e-03
1.729932e-02
7.928209e-04
4.297308e-02
4.658671e-02
6.883599e-05
6.043488e-02
2.497296e-03
7.483778e-04
6.123914e-02
9.806713e-02
1.578623e-02
2.375185e-02
9.431618e-03
4.059480e-02
1.422607e-01
1.692770e-02
6.932321e-03
1.240531e-02
2.642176e-02
1.069641e-02
7.119354e-04
3.176076e-02
5.669045e-02
6.395947e-02
9.605491e-02
2.267542e-02
1.026201e-02
8.413094e-02
4.071911e-05
5.813239e-02
1.471843e-02
1.060456e-02
3.542651e-03
1.430379e-03
4.383901e-02
3.167541e-03
1.419037e-02
2.229961e-02
1.609047e-01
6.434840e-02
1.249766e-01
2.380765e-02
2.745904e-02
1.365810e-02
1.184973e-01
1.228238e-01
3.011826e-02
7.322611e-03
1.082021e-02
2.607279e-02
2.465760e-02
6.932579e-01
4.471553e-02
8.962589e-02
1.097932e-03
1.254363e-03
3.206016e-02
3.926591e-02
7.819448e-03
5.728090e-02
1.294187e-01
2.130761e-01
8.088697e-03
1.172461e-01
5.533206e-02
3.206736e-05
6.207146e-02
1.288642e-03
3.769504e-02
3.701089e-03
1.562522e-02
1.042881e-02
6.771536e-04
4.475191e-02
7.777860e-02
1.041732e-01
2.923658e-02
7.743134e-02
4.332969e-02
1.811281e-02
3.480587e-02
1.009091e-01
1.555910e-03
2.898979e-05
1.127819e-03
2.062167e-02
1.604567e-03
1.470878e-02
5.098500e-01
3.843293e-02
2.431215e-01
8.157755e-02
6.469058e-02
2.844147e-03
1.387478e-01
2.793269e-01
3.413237e-04
7.146954e-02
6.289107e-02
8.381904e-04
3.203081e-02
5.921490e-02
2.112040e-02
1.850626e-02
2.360110e-04
5.206290e-03
2.345138e-03
5.780340e-03
2.035070e-02
2.129043e-03
2.839272e-03
1.924790e-02
2.209823e-03
1.228742e-01
4.643279e-02
3.008937e-02
9.792067e-04
1.238667e-01
1.035629e-01
1.154645e-02
2.099255e-03
4.199814e-02
4.677988e-02
6.783163e-03
1.149011e-02
4.208691e-03
5.760745e-02
2.807928e-02
1.151694e-01
1.219088e-01
1.524996e-01
4.172079e-02
3.190000e-02
8.020851e-02
2.501936e-02
2.961446e-01
1.059147e-01
1.802778e-03
4.904183e-03
1.844278e-02
6.016114e-03
1.193823e-01
1.096845e-02
2.931094e-02
1.763840e-02
3.538336e-01
1.243547e-02
6.474524e-02
5.511259e-02
3.161778e-02
5.273172e-03
3.419195e-02
2.831599e-03
1.577156e-02
1.758444e-01
8.824582e-03
4.017203e-04
4.459464e-03
3.297128e-02
1.051863e-02
1.684630e-02
2.413349e-03
1.572884e-03
2.297536e-02
9.388900e-03
1.119547e-03
1.469264e-03
2.092062e-02
4.302038e-02
1.163094e-02
1.788021e-02
2.755827e-02
1.636977e-01
7.216313e-02
2.922005e-02
8.351113e-02
6.006833e-02
9.610913e-02
2.817367e-03
3.377463e-02
5.379118e-03
1.018119e-01
4.138298e-02
2.187964e-03
1.018532e-01
1.606453e-02
6.483376e-03
4.539517e-04
1.764185e-04
1.232103e-01
1.982730e-04
6.234952e-05
5.117326e-03
1.186135e-03
3.575351e-02
2.057843e-03
6.116201e-03
1.155647e-02
3.455893e-05
9.816526e-02
1.407805e-03
4.639428e-02
3.944132e-02
5.587814e-02
1.405172e-02
7.548115e-03
2.182836e-02
4.518446e-03
5.707324e-03
1.487067e-02
9.078022e-04
1.092827e-02
1.626485e-03
5.914644e-02
4.728787e-02
4.620108e-02
1.051537e-02
1.249845e-01
3.941748e-02
1.468744e-02
2.351688e-02
4.165886e-01
3.439552e-02
3.688674e-02
1.921236e-03
1.564590e-03
1.076298e-02
9.955778e-02
1.100666e-01
2.039385e-02
7.814778e-04
6.497485e-02
1.052583e-02
6.871539e-03
2.353250e-03
8.548226e-02
4.575579e-07
8.720699e-03
7.098705e-04
2.051053e-02
6.456895e-03
5.013698e-02
5.906380e-03
1.175312e-01
3.041633e-01
1.611363e-04
1.402073e-02
3.620071e-02
3.347848e-02
4.639614e-02
8.934391e-04
9.068668e-02
8.919642e-03
1.521043e-01
2.672673e-01
5.357970e-03
1.741524e-03
1.975422e-01
5.157701e-02
1.295662e-04
9.215535e-04
1.355188e-03
1.210526e-02
1.463356e-01
4.776033e-02
1.658200e-03
3.587266e-02
2.016548e-01
6.254434e-02
2.317672e-04
3.621240e-02
1.880758e-02
2.442812e-02
3.625240e-07
1.893335e-04
2.134001e-02
4.827874e-03
5.698930e-03
5.101949e-02
4.523412e-02
1.805924e-02
1.858595e-02
6.558763e-04
2.976868e-02
5.431906e-02
7.605564e-04
1.238183e-01
3.544673e-03
1.026161e-02
1.665548e-03
4.730344e-05
2.464856e-05
5.646398e-03
2.971323e-04
6.751564e-05
4.843163e-02
4.678947e-03
5.392611e-04
5.974344e-03
3.769373e-02
2.828577e-02
3.743039e-02
1.094145e-02
5.359569e-02
6.306512e-02
2.227325e-01
3.947172e-01
8.872180e-02
4.431068e-02
3.643038e-02
1.681635e-01
9.029676e-03
2.935765e-04
5.535988e-02
2.999424e-01
1.607185e-01
4.043927e-02
3.076480e-01
5.223335e-02
3.933339e-04
4.042720e-01
7.436415e-02
3.091606e-02
2.746610e-02
1.017888e-04
2.241000e-01
8.310930e-03
2.295822e-04
8.281958e-02
2.000995e-01
1.416763e-02
5.952092e-02
1.521634e-03
3.187166e-02
7.594439e-02
8.336132e-03
4.503310e-02
3.342684e-02
2.864415e-02
9.339989e-05
5.478992e-02
1.889853e-02
9.350733e-03
4.858001e-02
2.187383e-02
1.121961e-02
1.907590e-02
1.629899e-02
3.299309e-02
4.918618e-02
5.508731e-01
1.686198e-01
1.486808e-02
7.741091e-03
5.227487e-01
3.998933e-02
4.031392e-02
1.395447e-02
6.579748e-02
5.399365e-02
4.053134e-02
1.778696e-04
1.766486e-01
3.962704e-03
1.693385e-02
2.764081e-02
1.194928e-01
9.315501e-03
1.418709e-01
1.862272e-03
1.167520e-02
3.078009e-02
1.042514e-03
3.029966e-02
4.110184e-02
5.900605e-02
2.564338e-02
1.607917e-02
1.651415e-01
3.661721e-02
1.734508e-02
5.327075e-02
6.200823e-02
4.984102e-03
1.696344e-02
1.065739e-02
1.167805e-02
9.102862e-02
5.036500e-02
3.322769e-03
7.128375e-03
2.571678e-02
1.145044e-02
3.086919e-02
7.366220e-03
2.622803e-01
3.435360e-04
2.462520e-02
1.195996e-02
7.602840e-02
6.875761e-02
7.360445e-03
2.730670e-03
6.777660e-03
6.228226e-02
2.591049e-02
3.548996e-04
5.863414e-03
3.289693e-03
6.996294e-03
5.877878e-02
5.472612e-01
2.459693e-01
1.888994e-02
8.719074e-02
1.375718e-01
9.326512e-04
7.154775e-02
9.618107e-03
1.243318e-02
1.322055e-01
2.579550e-01
3.206260e-04
1.744900e-01
3.309200e-02
4.433710e-02
3.916833e-03
8.957189e-02
4.619094e-03
2.537247e-02
3.543754e-02
7.417679e-02
5.184670e-02
1.051716e-02
4.075191e-02
8.526488e-02
5.643450e-02
5.770070e-02
1.230584e-01
3.900295e-02
6.615138e-02
5.717107e-04
4.824969e-03
1.497672e-02
1.381880e-01
2.166038e-02
5.544283e-02
5.628777e-02
1.340953e-03
1.006093e-01
1.514406e-02
1.086131e-02
2.127528e-01
6.890183e-03
2.127545e-02
8.928185e-02
5.939761e-03
4.277527e-02
3.651210e-04
1.168131e-01
1.988908e-03
1.846593e-02
1.001079e-02
1.152987e-02
2.123808e-02
2.030807e-01
2.136119e-02
4.169858e-02
2.852877e-03
2.629343e-04
1.549344e-01
6.547403e-02
5.517753e-02
3.628110e-03
4.680376e-02
9.474388e-02
8.569929e-02
8.516010e-04
2.378584e-02
2.696572e-01
1.548863e+00
6.961042e-02
3.392543e-02
5.757010e-02
8.352668e-02
9.865397e-05
2.872845e-02
1.493892e-02
9.896012e-03
1.729692e-03
2.975625e-02
1.702092e-01
3.615087e-02
1.404145e-01
3.157651e-02
6.842844e-02
1.535064e-03
1.373042e-01
4.825486e-02
3.641859e-02
2.730342e-02
1.341517e-03
1.867213e-01
1.617719e-03
1.725607e-01
3.896337e-02
8.217424e-03
4.996604e-02
1.880446e-01
2.257742e-03
1.984263e-02
7.925503e-02
8.820106e-04
6.604300e-03
2.393614e-02
3.490374e-03
6.604986e-03
4.762150e-02
6.280457e-02
2.048768e-03
1.231011e-01
1.215018e-02
1.246416e-02
7.978028e-04
3.077574e-02
2.463559e-02
1.485828e-02
1.763383e-01
2.014989e-02
3.284938e-02
9.529222e-05
1.343062e-01
3.361670e-01
2.245912e-02
