7.726630e-02
1.730586e-02
9.172997e-02
6.714052e-05
8.444514e-05
4.210239e-03
1.598925e-02
5.524275e-03
6.631264e-02
1.589356e-01
2.156881e-02
1.402759e-01
5.507283e-02
1.126105e-02
1.034848e-03
1.213086e-05
3.595794e-02
4.778870e-02
3.705015e-01
2.019492e-01
2.667264e-02
7.000115e-02
6.225439e-02
6.151937e-03
8.308473e-04
1.745157e-02
1.525990e-01
6.978520e-02
2.450467e-04
1.999197e-03
5.794284e-04
2.819978e-03
2.977620e-05
5.582223e-02
3.720128e-02
3.591444e-02
3.645337e-02
5.979958e-02
1.829569e-01
5.994026e-04
6.076310e-02
6.363414e-03
2.002643e-02
3.197221e-02
1.031676e-01
7.878130e-04
1.020865e-01
3.731098e-02
7.064363e-03
5.405373e-02
8.056136e-03
1.144342e-02
1.268649e-06
5.216419e-04
2.758853e-03
4.007849e-02
9.591772e-05
4.351267e-03
1.354315e-02
4.292883e-03
1.681846e-01
5.639119e-02
7.565212e-02
4.061945e-03
1.830782e-01
1.670596e-04
1.044112e-01
5.770123e-02
3.567349e-02
3.587180e-01
5.904863e-02
1.089526e-03
7.939478e-03
6.126927e-02
1.742452e-01
1.158500e-01
1.898632e-03
1.531964e-01
4.652456e-02
3.523352e-02
4.068369e-02
6.366752e-02
1.916470e-02
3.561618e-02
1.725981e-02
2.860040e-04
5.126594e-03
1.098269e-01
4.527092e-02
1.271598e-01
1.452952e-01
9.467836e-02
4.226173e-02
1.030295e-02
1.192115e-01
7.610622e-02
1.360910e-02
4.221656e-03
8.622344e-02
3.312840e-06
1.662769e-02
2.576475e-04
2.905142e-02
1.627632e-02
3.306208e-03
1.012124e-01
2.025246e-03
1.431572e-02
3.262087e-03
9.853087e-03
4.532403e-04
6.283481e-01
1.277718e-01
6.305803e-02
4.581795e-03
1.223855e-02
2.383151e-02
9.393705e-02
8.304384e-02
1.640300e-02
3.260529e-01
3.065287e-02
4.106250e-04
3.597770e-03
7.660878e-02
1.248505e-01
5.687842e-03
3.871416e-02
4.923156e-02
1.396898e-01
1.137908e-01
1.349751e-02
3.011820e-02
2.689125e-04
2.741375e-02
4.629122e-03
7.644311e-03
4.770980e-02
8.969637e-02
8.087594e-02
5.036906e-03
1.285216e-01
7.415863e-03
3.578120e-03
2.377178e-03
1.663070e-02
1.172263e-04
6.707158e-02
1.132547e-02
8.666194e-02
1.477826e-04
8.029175e-03
5.130606e-02
1.851391e-02
6.962079e-02
1.063850e-02
1.350669e-01
2.678495e-02
3.543546e-02
6.961523e-02
8.288102e-02
1.208250e-01
7.620527e-02
9.321588e-03
1.232970e-01
3.443799e-01
1.185531e-02
2.471116e-02
2.675529e-03
2.525381e-03
1.588022e-01
2.586356e-02
1.077129e-01
5.094890e-02
1.275328e-01
1.981304e-02
4.321033e-03
1.712503e-02
8.746239e-02
4.752074e-04
4.047235e-04
4.196385e-01
4.644941e-02
1.502480e-01
5.283409e-02
1.224309e-02
7.353976e-02
4.733038e-02
4.866975e-02
3.315751e-05
1.449681e-01
5.739405e-02
3.880746e-01
1.018238e-02
1.914270e-01
3.045265e-02
1.077485e-01
1.049128e-01
1.949688e-02
1.676849e-04
3.390296e-01
4.364923e-03
9.605562e-03
9.048563e-03
2.671121e-01
1.233722e-02
7.100163e-02
1.429063e-01
9.407424e-03
8.369656e-02
1.781659e-02
2.313935e-04
3.704403e-04
1.989084e-01
4.121559e-02
7.597260e-02
1.052739e-01
1.315291e-01
1.113523e-02
9.964288e-02
8.583706e-03
8.125830e-04
2.326953e-03
1.926839e-02
2.215740e-01
1.351517e-03
1.776660e-01
4.916719e-02
5.641206e-05
7.387488e-03
4.453339e-03
2.755758e-02
1.819723e-01
8.569622e-04
4.421474e-03
4.374745e-04
1.761570e-02
1.325699e-02
3.004527e-02
1.404012e-01
2.071965e-01
3.113026e-02
2.663596e-03
3.414360e-01
1.597733e-01
1.661356e-02
5.599652e-03
1.752059e-02
1.278705e-02
5.591129e-02
1.288434e-02
2.946540e-03
4.873647e-02
2.875532e-03
1.266476e-02
6.930857e-02
9.741851e-02
2.411703e-02
1.876134e-02
3.137131e-02
1.791172e-01
1.718416e-02
1.573230e-02
1.044504e-03
4.191773e-03
6.818749e-03
3.652950e-01
4.242468e-02
1.424256e-02
5.189156e-03
2.426743e-02
4.866487e-02
2.075807e-03
7.085374e-02
9.743757e-02
7.174042e-03
1.345140e-02
5.799149e-02
2.029543e-02
1.185852e-04
6.463879e-03
5.694772e-03
2.782517e-02
2.734143e-01
3.540689e-02
1.178193e-01
4.538122e-03
2.463058e-02
6.651215e-02
1.368546e-01
7.488502e-02
2.008186e-01
3.746485e-02
2.383061e-02
3.313693e-02
2.542313e-01
7.382216e-02
2.029440e-03
2.228939e-02
2.011576e-02
3.943505e-02
5.903732e-03
9.037606e-02
4.225708e-05
1.899968e-01
1.555729e-01
1.053011e-01
1.711930e-02
6.140469e-02
2.128648e-02
2.162615e-02
6.929528e-02
4.849099e-04
1.294032e-01
1.098387e-01
3.949759e-02
1.912402e-02
7.135868e-06
1.256897e-02
3.279750e-03
2.966668e-02
1.892220e-02
5.106390e-03
2.061389e-04
1.130570e-01
1.172141e-01
1.709709e-01
1.174120e-01
2.256522e-03
2.346771e-01
1.074253e-02
2.960957e-02
1.162732e-01
9.676123e-02
1.074171e-02
1.303590e-03
3.892575e-03
3.424251e-03
1.240544e-01
1.385841e-02
5.020950e-03
2.439490e-02
6.859402e-02
5.543716e-02
6.883427e-02
9.280020e-05
2.180588e-02
5.969434e-02
1.340294e-02
1.302659e-02
3.360006e-02
4.258971e-01
4.695742e-03
7.986221e-03
5.890014e-02
9.917327e-02
1.183773e-05
1.190223e-02
9.866055e-04
3.225176e-02
4.076219e-03
7.311674e-03
1.428256e-01
8.526670e-02
4.711676e-02
1.910509e-05
2.541043e-01
4.401744e-02
1.204858e-02
5.730458e-02
7.685080e-02
1.560384e-02
3.320157e-02
2.717925e-02
3.033666e-01
5.471868e-02
8.415873e-03
1.718339e-03
1.393797e-02
1.876363e-03
3.869584e-02
6.256953e-03
1.710422e-02
2.382849e-03
3.639084e-03
3.316525e-03
2.444990e-02
1.996404e-02
7.112117e-03
1.131948e-01
6.478081e-03
7.706808e-03
7.117671e-04
1.274916e-02
3.054960e-03
3.615219e-02
1.127998e-01
7.338944e-02
1.365338e-02
8.025264e-03
3.577049e-03
1.351782e-01
3.121215e-03
2.426844e-01
1.492171e-04
8.899113e-03
5.298925e-04
3.145051e-02
5.049105e-02
2.313009e-01
4.908367e-02
4.622756e-02
4.140378e-02
2.244398e-02
6.698308e-02
4.636286e-02
4.997606e-04
1.095118e+00
1.839417e-02
1.263954e-02
5.085213e-02
7.297413e-03
1.160054e-03
7.686521e-02
1.295276e-01
2.547552e-02
1.088461e-01
3.285289e-02
4.674819e-04
1.689605e-02
5.933669e-03
1.554395e-02
1.110275e-01
5.805114e-04
1.881312e-04
1.865680e-02
1.134498e-01
5.252002e-02
1.374791e-01
3.384737e-03
2.689124e-02
7.579368e-02
3.693506e-02
1.713393e-01
4.132021e-02
8.254068e-03
3.397358e-02
1.416282e-02
3.879391e-02
1.095695e-03
1.497142e-06
1.003056e-01
8.674173e-02
1.987773e-01
1.786602e-02
2.636291e-02
2.506599e-03
1.100335e-01
9.222192e-02
2.689657e-02
2.556226e-02
4.398491e-03
7.824606e-04
4.153955e-02
3.037432e-03
1.021157e-02
5.761647e-04
1.634594e-02
3.422552e-01
4.204781e-02
4.240206e-03
1.163708e-01
2.677368e-01
4.448520e-04
4.756212e-03
9.378947e-02
6.290179e-02
7.767135e-03
1.893595e-02
8.126003e-02
4.184328e-02
1.001892e-01
2.036736e-02
1.664450e-01
1.369494e-02
4.815221e-03
6.272001e-02
1.044361e-02
6.949750e-03
5.073233e-02
1.293734e-03
9.763293e-02
7.190167e-04
5.762394e-03
5.434555e-02
9.214593e-02
7.633431e-03
2.339022e-03
1.239572e-01
3.526749e-01
9.219313e-02
9.453089e-03
1.465356e-01
1.369638e-03
4.303138e-02
6.145441e-02
3.798613e-03
3.652206e-01
1.595701e-02
6.650331e-02
4.292021e-01
3.623163e-01
5.776167e-02
4.698119e-02
1.001476e-02
7.876121e-03
5.698563e-03
2.501311e-03
1.124158e-01
2.402790e-03
1.714469e-01
1.907944e-04
8.259407e-03
9.751997e-03
5.513261e-03
9.537224e-03
9.406642e-02
1.081108e-02
1.417324e-01
1.648299e-02
4.412999e-02
1.873995e-02
4.847230e-03
1.653507e-01
1.960257e-02
2.871497e-02
2.504215e-01
1.759518e-02
8.334362e-04
1.562392e-03
2.814399e-02
4.608150e-02
1.290155e-01
4.786012e-04
7.391439e-02
2.706063e-02
6.244059e-03
7.785597e-04
4.258224e-01
4.756684e-03
9.227263e-03
8.841814e-04
1.049361e-02
5.011486e-02
3.124330e-02
4.431034e-04
2.163239e-02
6.561108e-02
2.793463e-03
3.548285e-03
1.562877e-01
1.695608e-03
1.064307e-01
3.233076e-02
3.973351e-02
1.427502e-04
9.098671e-03
3.192315e-02
2.236887e-02
3.384936e-02
4.593388e-02
2.999559e-01
2.128358e-02
1.781091e-03
2.227179e-05
3.499920e-04
2.127001e-04
1.019976e-03
9.178179e-02
2.416167e-03
2.557924e-01
2.966646e-02
4.330011e-03
4.298742e-02
2.040409e-03
6.299751e-04
4.378956e-05
1.561751e-01
3.647866e-02
2.823510e-03
2.040366e-02
1.862649e-03
2.630407e-02
3.887213e-02
