1.353798e-03
1.328871e-01
7.135301e-02
1.349252e-03
9.617174e-04
5.765512e-03
4.944057e-02
2.160581e-02
4.282966e-02
6.189338e-02
3.369918e-03
2.586001e-02
1.483267e-03
1.002900e-02
2.148260e-03
2.907995e-02
9.748625e-03
3.237546e-03
1.064714e-01
2.104289e-02
2.110220e-02
1.655317e-02
3.592040e-01
3.318413e-02
3.428073e-04
9.742643e-04
4.528354e-02
8.715452e-04
4.933224e-02
9.008123e-02
4.997573e-02
9.730828e-03
6.749617e-05
6.681825e-03
2.720402e-02
2.530691e-01
5.077317e-02
2.612133e-03
9.345741e-02
9.664809e-03
2.554518e-03
3.228511e-03
3.550459e-03
1.741195e-02
5.181556e-01
3.006185e-04
3.058420e-02
4.189278e-04
6.157069e-02
3.431728e-02
1.868890e-01
2.595131e-02
1.246574e-01
1.930414e-01
5.357033e-02
1.003963e-01
2.896497e-03
1.447424e-01
4.526906e-04
1.065518e-01
1.793970e-03
2.560202e-02
8.605342e-04
1.453830e-01
1.562678e-02
1.703712e-03
6.434389e-03
1.053472e-02
1.439032e-01
2.851904e-02
3.232015e-06
2.592825e-02
3.400358e-02
2.620904e-02
5.836237e-02
7.819691e-02
1.941303e-02
8.875181e-03
8.632597e-03
7.439188e-03
1.209391e-02
4.592217e-03
1.624428e-02
1.333511e-02
6.462689e-03
1.283517e-04
2.399127e-01
1.992858e-02
1.014579e-01
8.572500e-02
4.754802e-02
6.168581e-01
3.040496e-02
7.106568e-02
1.076715e-03
9.259104e-02
4.843876e-02
5.312496e-04
1.802885e-02
4.905083e-03
9.116996e-02
3.955753e-04
9.579955e-02
1.487499e-01
2.332136e-02
2.314760e-03
3.285628e-02
1.559455e-01
4.681367e-02
1.713734e-01
2.170018e-02
2.759269e-03
2.485517e-02
2.288237e-02
4.292370e-02
2.194151e-01
4.948097e-02
1.439906e-04
2.475622e-03
1.542791e-02
5.263938e-02
3.704012e-02
1.335363e-02
1.397764e-01
3.114316e-02
3.124653e-03
1.499630e-02
2.156132e-02
3.979686e-03
1.722173e-02
7.034577e-02
1.083886e-01
3.976927e-02
9.149499e-03
4.679719e-02
2.061502e-02
1.099629e-02
3.530639e-01
1.401598e-01
9.526298e-02
4.062036e-02
3.829084e-02
5.062946e-05
2.191810e-02
1.201260e-02
1.084331e+00
4.862866e-02
1.406518e-01
2.475840e-03
2.406164e-02
2.113444e-02
6.569537e-02
2.228745e-01
1.669052e-02
1.046837e-02
4.893061e-02
6.139538e-02
1.401395e-02
4.326995e-02
3.307585e-01
2.017339e-02
1.331910e-02
4.416170e-04
1.833585e-01
1.041574e-02
8.224004e-03
3.539404e-03
9.640204e-02
5.911516e-02
8.458845e-02
1.351881e-01
2.214427e-02
6.040340e-02
4.598144e-02
3.854677e-02
2.838352e-02
3.503037e-02
5.162259e-02
6.375656e-02
6.050553e-02
8.319835e-03
7.602430e-03
2.640057e-02
1.037618e-04
1.376929e-02
2.480720e-04
1.019932e-02
5.220757e-02
9.858884e-04
1.907350e-01
5.707457e-02
1.908867e-04
9.339852e-04
2.259759e-04
9.065367e-02
4.416952e-02
1.243761e-03
1.553839e-01
9.057012e-04
1.424088e-02
1.019108e-01
6.624398e-03
1.162955e-01
5.447581e-05
3.338692e-02
1.133365e-02
6.604851e-03
6.089003e-02
3.485308e-02
2.147992e-01
7.050076e-02
5.400081e-02
1.613253e-01
2.603163e-02
9.132077e-02
7.076939e-02
3.362479e-03
3.566726e-02
6.839485e-04
1.553867e-02
1.566941e-03
5.610878e-03
4.092448e-04
1.268570e-02
1.474482e-01
8.034809e-03
1.021191e-01
9.697951e-02
7.059834e-02
9.568169e-03
9.968133e-02
1.587641e-02
3.130721e-03
1.462920e-01
9.427694e-02
1.499913e-02
1.852430e-01
1.207054e-02
7.962873e-03
3.815453e-02
1.880213e-02
8.759380e-03
4.016995e-01
7.186133e-02
9.704782e-02
3.022577e-01
9.977084e-04
1.682526e-03
4.135223e-02
5.321429e-03
8.881647e-02
2.811440e-03
5.886574e-03
8.267438e-02
2.403869e-02
1.131702e-01
4.366398e-02
1.152597e-01
1.909767e-03
2.301518e-01
7.936034e-02
8.315517e-02
1.189073e-02
1.036740e-02
2.799484e-01
1.312391e-01
1.752830e-04
2.733093e-02
2.019546e-03
2.796608e-03
3.244692e-03
2.957561e-04
1.763509e-02
1.137557e-02
1.751948e-02
3.251525e-01
1.954868e-02
7.095746e-05
1.303589e-02
4.714459e-03
2.836954e-03
1.019282e-03
3.638215e-03
1.742367e-03
5.706899e-03
7.146193e-03
2.436697e-03
1.174300e-02
4.002025e-02
4.897942e-01
1.046847e-01
1.483681e-01
5.650554e-01
7.200803e-02
2.439169e-01
1.323875e-02
3.176178e-02
4.119590e-02
8.083305e-02
3.557461e-02
1.974913e-03
2.676710e-01
6.710134e-02
1.021091e-02
2.063020e-02
1.634429e-01
2.336194e-03
7.716915e-03
7.627345e-02
1.937414e-02
1.019140e-01
1.078989e-01
9.835815e-02
9.457312e-02
7.406693e-03
7.612625e-03
8.059914e-04
1.130217e-03
1.462688e-01
6.510897e-07
5.548162e-02
7.984873e-03
1.136801e-04
2.102023e-02
2.391079e-02
8.166446e-02
1.475473e-01
2.240371e-01
5.521126e-02
1.709146e-01
1.708420e-02
2.340949e-02
4.877531e-02
5.347566e-02
2.230530e-02
4.885370e-03
6.906668e-02
3.237690e-02
7.043842e-03
3.490718e-03
3.680652e-06
1.718370e-02
5.960340e-03
1.801774e-02
1.386208e-01
1.514398e-01
1.112951e-01
9.731951e-04
3.989117e-02
1.111664e-01
1.103451e-02
2.144072e-03
2.360292e-02
2.063055e-03
1.555194e-01
2.591341e-02
1.365473e-01
1.856531e-02
5.261941e-04
2.535323e-04
1.667379e-02
1.234729e-03
1.007236e-01
8.577508e-03
1.738112e-01
1.521440e-01
4.504741e-03
1.384959e-01
7.445781e-02
3.035108e-02
2.809606e-03
1.889833e-04
1.960099e-01
2.503349e-03
7.915128e-02
9.280077e-03
1.667473e-01
2.889704e-01
7.750673e-02
7.665428e-03
9.546393e-03
3.675965e-02
2.305222e-03
1.855383e-02
4.011714e-02
2.691422e-02
4.321725e-02
3.758999e-02
5.942035e-04
1.338567e-01
1.204637e-05
5.118475e-02
3.551751e-03
2.483291e-04
1.999405e-02
4.482981e-03
3.918083e-02
1.684664e-01
6.000477e-02
6.320142e-03
7.860101e-03
3.001125e-02
8.737866e-05
1.046046e-02
2.672486e-02
9.842638e-05
2.932832e-03
2.434219e-02
5.142803e-07
5.608660e-02
3.479214e-02
1.400459e-02
1.647727e-03
1.025901e-02
2.169752e-02
4.560872e-03
8.196785e-03
9.897099e-02
5.680884e-02
7.583124e-03
5.766440e-02
9.798117e-02
2.490838e-01
2.462856e-02
4.273528e-02
6.311692e-03
9.651701e-03
8.504760e-03
3.170558e-02
3.097550e-02
1.408253e-01
4.882486e-02
1.578540e-03
1.443442e-01
1.316282e-02
3.562653e-02
8.983523e-02
3.338046e-03
1.987645e-03
3.640118e-03
2.665366e-01
5.862859e-02
7.901732e-04
4.270152e-02
3.123492e-02
1.401825e-02
2.008777e-02
1.800844e-03
2.268848e-02
2.368302e-02
7.014329e-03
2.685170e-04
6.918735e-03
2.631888e-02
9.696554e-02
1.265808e-02
6.489749e-04
2.475915e-02
5.611704e-02
3.278328e-02
1.384114e-01
1.666779e-02
5.767081e-02
2.563073e-03
8.707707e-03
5.268061e-03
7.135604e-04
7.419179e-03
8.041857e-05
1.623077e-02
2.131482e-01
7.677359e-01
2.560263e-02
7.740114e-02
2.147199e-03
5.543054e-02
4.026175e-03
8.037132e-04
2.643491e-03
1.745516e-02
3.673413e-02
1.722246e-02
3.661484e-03
1.001351e-01
3.184652e-04
4.786094e-04
5.593937e-03
3.303633e-02
8.731315e-03
1.091400e-02
2.033225e-02
8.801191e-02
1.005721e-02
8.274054e-02
1.746338e-03
2.035749e-02
2.786519e-02
7.328732e-02
1.198432e-04
7.108623e-02
5.798034e-06
1.823998e-02
2.431969e-02
1.552928e-01
7.333779e-02
3.553100e-02
3.972336e-02
3.072320e-01
3.001530e-04
2.065855e-01
8.362491e-02
1.979699e-02
1.125338e-02
2.737330e-02
3.045656e-03
2.195988e-04
4.580379e-02
1.877463e-02
7.953488e-02
7.306367e-06
1.710608e-01
7.223082e-02
6.855516e-02
3.475210e-02
8.305130e-02
1.457159e-01
8.443675e-02
1.187714e-02
2.705077e-04
4.504875e-02
2.372578e-03
5.307463e-04
2.026132e-01
1.292839e-01
2.872286e-02
7.962578e-03
6.161667e-02
1.473289e-02
3.432214e-02
1.275989e-01
1.859044e-01
5.743139e-03
3.559176e-02
6.017247e-02
9.389083e-02
2.343777e-02
2.875716e-02
3.949750e-03
4.897219e-02
7.271286e-01
8.777206e-02
2.159667e-03
8.116014e-04
1.109127e-02
4.403266e-02
2.202978e-01
1.273525e-01
5.532959e-04
9.361450e-05
5.237794e-03
5.900466e-02
5.126693e-02
7.227809e-02
6.528243e-02
2.896476e-03
2.367651e-01
2.351274e-01
1.846359e-01
2.962478e-02
2.819639e-02
1.115673e-02
2.135202e-03
6.254562e-02
1.290456e-02
2.702732e-02
2.507218e-05
3.139770e-03
3.241935e-02
5.509305e-03
2.638850e-02
5.138722e-05
1.179228e-02
2.270479e-02
2.211470e-03
3.120101e-01
5.451371e-04
6.485300e-02
8.168775e-02
7.306353e-02
4.835247e-02
3.489301e-02
2.941242e-01
5.154298e-02
4.036463e-04
