1.173850e-01
2.670632e-02
2.324610e-03
9.781125e-05
8.416706e-03
1.983494e-02
6.919043e-02
5.791814e-02
9.762299e-03
2.856561e-02
4.961285e-03
3.533580e-01
2.968502e-02
4.601656e-02
1.953688e-02
1.544361e-03
4.034579e-02
8.105799e-02
1.970326e-03
2.230336e-02
2.870969e-01
5.228376e-02
6.450684e-02
3.752394e-03
2.403395e-03
3.256806e-01
9.449340e-04
6.207085e-02
7.543603e-02
8.229622e-04
6.033377e-03
4.752026e-02
1.982020e-01
1.069486e-01
3.720351e-03
1.649235e-02
7.454646e-03
7.840085e-02
6.843719e-04
6.036166e-02
2.884030e-03
1.013589e-01
1.126114e-01
8.599872e-02
5.237392e-02
2.175747e-01
1.250690e-02
1.202045e-02
4.259363e-01
6.177242e-04
1.976138e-02
2.504436e-02
1.564947e-01
2.255649e-02
4.794865e-02
1.317266e-01
1.091828e-03
3.340694e-03
8.352461e-02
4.519728e-04
7.552040e-03
8.436043e-04
1.164478e-02
1.290994e-01
9.853334e-02
1.696461e-03
3.526534e-02
9.387136e-02
5.025919e-03
1.796872e-02
9.203440e-02
2.422811e-02
1.867790e-02
1.003199e-02
5.300877e-02
1.425076e-01
1.746004e-02
2.047291e-04
3.335357e-04
6.758926e-04
2.408053e-02
1.243916e-01
9.118584e-03
9.293896e-04
5.120474e-03
1.008639e-01
7.074533e-02
9.487922e-02
1.911557e-02
6.367694e-03
7.000993e-02
7.606443e-02
4.508332e-02
2.718443e-03
2.397772e-02
1.527983e-02
5.823660e-06
2.121122e-02
1.929170e-03
1.351284e-01
2.779587e-03
1.561731e-03
4.973611e-04
1.951118e-01
2.878966e-02
7.659332e-04
1.656424e-03
7.616878e-03
5.402376e-03
1.022631e-01
3.814615e-01
6.474907e-02
1.105217e-03
2.105849e-03
1.137538e-01
2.872483e-02
3.966375e-02
2.731223e-02
4.913358e-02
6.868002e-02
1.065333e-03
1.338833e-01
6.927972e-03
1.393788e-01
3.810484e-02
1.849759e-02
8.008572e-02
1.360700e-03
1.591299e-01
2.319674e-02
1.371887e-02
2.525172e-03
2.310340e-02
4.740610e-04
1.696067e-02
3.747053e-03
1.671677e-01
8.955224e-02
7.261314e-03
1.644373e-03
1.312439e-02
1.267686e-01
2.611344e-02
1.344499e-04
9.604474e-03
1.940814e-02
4.656088e-03
2.015548e-02
3.167524e-03
3.641825e-02
1.723637e-03
1.666315e-02
3.039952e-02
2.438544e-03
2.642579e-02
7.935432e-03
9.250331e-05
1.422184e-02
4.567649e-03
2.997350e-03
1.186943e-03
6.090436e-02
4.126314e-04
2.721414e-05
6.895782e-02
1.964312e-02
5.173113e-02
2.808041e-03
2.036190e-02
2.650373e-01
6.675813e-03
2.098543e-03
1.564435e-01
2.520112e-02
5.695365e-02
1.113689e-01
1.526662e-01
2.517281e-01
1.081528e-01
1.878024e-02
1.267929e-02
6.406675e-07
9.197645e-02
5.717150e-03
4.572973e-03
1.755505e-03
4.511054e-02
1.237823e-02
2.690912e-03
6.752425e-03
2.703732e-02
2.841816e-02
3.062063e-02
2.690125e-02
7.098798e-02
9.713345e-02
9.945112e-02
6.281597e-03
1.192135e-01
4.940947e-02
6.850876e-03
4.217982e-03
2.547074e-02
3.461211e-05
1.705052e-02
5.061751e-02
1.036096e-02
1.342786e-04
7.865450e-02
5.258747e-02
9.712954e-03
9.601757e-02
5.327418e-02
1.112202e-02
1.453064e-03
1.020045e-02
1.672445e-03
3.035150e-03
2.818463e-02
2.870351e-03
9.380903e-02
2.553802e-01
5.015571e-02
2.990692e-02
3.841170e-02
1.291551e-01
6.909523e-02
1.231793e-01
8.909608e-02
9.203236e-03
5.819872e-03
3.721306e-03
1.100607e-02
4.135413e-02
8.222740e-03
1.120394e-01
6.271948e-02
9.303687e-02
2.239878e-03
2.001757e-01
8.071652e-03
2.107034e-02
4.307808e-03
4.961928e-02
1.343990e-01
9.252077e-03
1.644473e-02
6.629264e-03
2.163252e-04
1.032227e-01
1.243877e-02
3.278206e-02
1.261402e-02
8.466658e-04
1.794021e-03
2.046382e-02
2.878821e-02
4.146626e-03
1.241648e-02
7.371761e-02
1.213806e-02
8.516406e-04
4.261460e-02
8.560094e-02
2.969635e-03
1.422473e-03
4.550908e-03
1.178609e-02
1.092007e-01
5.737909e-02
1.503344e-01
4.013703e-02
7.954157e-02
8.042782e-02
2.849591e-03
2.355796e-02
9.358098e-03
1.147761e-01
8.252750e-02
2.467416e-03
2.743107e-03
4.936252e-02
3.560531e-02
6.759969e-06
2.614882e-02
2.550399e-04
5.336260e-03
1.690596e-04
2.936814e-03
1.784777e-01
4.956245e-02
1.699605e-03
1.136031e-01
1.351889e-01
7.976231e-03
4.885321e-02
1.540328e-01
5.559672e-03
5.360564e-02
3.449148e-03
1.567406e-01
5.803608e-03
3.175563e-02
2.274585e-02
1.285623e-01
2.101511e-02
2.345590e-02
1.838847e-03
2.686689e-02
9.111473e-02
6.466526e-02
2.346665e-02
1.563256e-02
2.464076e-04
2.136608e-05
1.176185e-05
6.797683e-04
1.508914e-02
9.544637e-03
5.469527e-03
2.624657e-02
2.051318e-02
3.845993e-03
2.601942e-01
7.622042e-02
3.117724e-02
2.455535e-02
2.431315e-03
1.988337e-03
1.456157e-02
1.591898e-02
4.100711e-03
9.076668e-02
7.278992e-02
8.368996e-02
5.830901e-05
4.029324e-04
1.110377e-04
1.014062e-02
4.012374e-02
5.253537e-04
3.430032e-03
3.094200e-02
2.596736e-02
1.077432e-02
2.145439e-03
2.234948e-01
1.856164e-01
1.027524e-02
3.125435e-02
9.086475e-02
3.658105e-04
7.399257e-03
6.151065e-02
1.124867e-01
2.285630e-02
7.194285e-03
1.229186e-01
9.639459e-03
1.825049e-01
7.551585e-03
9.041433e-04
3.632963e-03
2.240558e-04
4.200348e-03
1.623808e-02
8.555437e-03
1.953143e-01
5.067364e-03
2.194300e-03
1.021881e-02
4.116954e-03
4.811663e-04
2.425181e-02
2.493627e-03
8.170256e-04
4.637849e-02
1.975533e-02
1.224606e-01
1.985209e-02
5.072581e-03
6.417922e-02
1.933372e-03
4.870475e-05
1.823261e-03
5.016802e-05
4.281533e-01
1.872646e-01
1.867715e-01
1.214900e-01
2.147219e-03
3.514466e-02
8.175395e-03
3.123034e-02
2.089112e-01
8.760771e-03
7.853922e-02
5.437631e-02
6.481572e-02
1.179547e-01
3.635243e-02
9.562423e-02
1.119816e-01
7.443391e-02
2.290674e-01
3.068973e-02
1.579696e-02
3.418121e-04
8.698816e-03
5.044067e-04
1.576551e-02
2.191792e-02
2.090490e-01
2.479293e-02
1.001629e-01
1.359978e-02
4.979700e-02
2.732064e-01
1.210140e-02
8.767260e-03
3.308127e-02
7.953888e-02
2.114121e-02
2.634403e-03
3.576000e-04
1.353549e-01
1.957363e-01
1.885314e-01
1.412227e-03
8.046583e-03
4.600415e-03
1.801386e-02
5.250827e-02
1.775777e-04
6.978463e-04
4.826179e-02
5.525780e-02
9.095471e-03
3.414341e-03
2.209529e-01
4.298767e-02
5.873268e-02
1.238478e-03
8.255340e-02
1.258703e-01
1.995539e-01
1.314212e-02
3.939074e-04
2.342073e-02
4.363529e-03
3.086601e-04
3.944174e-02
5.498624e-04
2.237881e-02
2.347236e-01
3.391096e-03
1.881723e-02
8.612011e-03
1.754414e-02
4.293336e-02
5.281418e-02
1.455798e-02
1.715707e-02
7.394621e-03
1.788928e-01
6.635664e-03
3.654564e-02
2.025737e-04
5.578086e-02
3.446525e-02
9.569259e-02
2.403154e-01
6.695741e-02
2.311745e-01
1.304074e-01
1.404190e-02
3.564334e-03
1.106424e-02
1.961578e-01
1.167970e-01
5.451621e-04
2.316119e-02
9.589564e-02
1.544284e-02
6.463034e-02
7.074351e-02
1.567616e-01
5.468011e-02
6.380278e-02
1.004043e-01
7.656776e-02
6.081605e-02
9.900976e-02
1.011438e-03
1.791954e-01
1.221434e-03
9.605767e-04
1.996969e-01
1.750821e-01
5.836427e-03
1.381126e-01
1.496303e-01
4.317483e-02
2.131162e-02
6.353605e-04
8.936333e-03
8.767086e-05
1.275132e-01
4.226080e-03
1.166787e-03
1.389832e-01
2.223497e-03
9.864352e-02
1.168379e-02
2.155667e-02
9.351731e-02
2.210092e-04
1.028353e-01
2.300522e-01
1.169683e-01
6.867206e-02
1.000668e-05
5.399910e-03
1.027078e-02
3.813389e-01
1.058399e-01
1.300157e-01
1.322726e-01
4.334820e-03
4.079730e-02
3.204256e-04
8.472847e-02
8.039625e-03
7.154422e-02
3.031055e-01
4.231317e-02
6.795139e-03
6.412019e-02
1.534866e-03
2.504617e-02
2.953882e-02
4.419765e-03
9.405038e-02
3.477177e-02
5.465523e-02
3.112110e-02
2.179547e-01
2.446055e-03
8.197135e-04
3.598531e-04
6.746460e-03
4.342998e-03
7.670442e-02
2.438000e-04
8.747758e-03
7.173061e-03
1.159713e-01
1.112949e-02
2.103034e-01
1.506528e-02
2.654811e-02
3.275478e-02
1.136203e-02
3.409556e-02
6.472928e-04
1.850628e-01
1.214608e-02
1.127108e-04
3.614136e-02
7.835360e-04
2.260833e-02
1.068747e-03
3.225852e-02
8.599968e-05
8.182655e-03
6.963764e-03
4.052842e-03
4.913422e-02
1.281631e-02
8.518724e-04
7.050018e-02
4.018700e-04
2.993919e-05
3.058150e-02
1.095275e-04
1.119452e-01
2.527910e-02
1.348348e-01
4.137975e-02
6.266763e-02
1.191090e-03
9.387306e-03
6.720776e-03
3.215789e-03
