6.368267e-03
9.180548e-02
1.886122e-01
1.636963e-01
1.875705e-03
1.931449e-01
9.558736e-03
2.518868e-02
2.536763e-03
4.732635e-02
3.069111e-02
4.683832e-03
1.260414e-02
3.771819e-02
1.276350e-01
1.734017e-01
4.695823e-02
1.155740e-03
3.682470e-03
1.487750e-01
1.973699e-01
2.120932e-01
2.844878e-01
1.624116e-02
5.854621e-03
8.362012e-02
7.733100e-02
9.185375e-02
2.117322e-02
9.538804e-04
1.143911e-02
4.352198e-04
2.478618e-02
4.256860e-02
2.724079e-02
1.693387e-02
5.211005e-02
3.592217e-03
3.688615e-02
2.223174e-03
1.313305e-03
7.956144e-03
1.912428e-01
1.251498e-01
9.830784e-03
5.955144e-02
6.889765e-02
3.018423e-02
1.438600e-02
3.786425e-03
4.401314e-03
4.849753e-02
2.464648e-02
7.263647e-02
2.574716e-02
3.950922e-02
3.535709e-01
1.271900e-01
2.404938e-03
2.746024e-01
5.727564e-02
2.160278e-03
1.788257e-04
2.069069e-03
5.865896e-03
1.527865e-02
3.293855e-02
2.953622e-02
1.928442e-01
4.686988e-02
2.639898e-02
2.196386e-02
4.956880e-02
1.694364e-02
1.086359e-04
2.332619e-03
2.434295e-03
5.100723e-02
3.557035e-02
2.843263e-02
3.077020e-03
1.279510e-02
6.668296e-02
9.153366e-02
2.696747e-03
2.181359e-02
1.259014e-02
3.308135e-04
2.559902e-04
1.652323e-01
1.960865e-03
6.873529e-03
7.928969e-03
2.077881e-01
6.519268e-02
5.371102e-03
9.485894e-02
1.070280e-02
2.842562e-03
6.086154e-02
1.716846e-02
3.949283e-02
1.992733e-03
6.129375e-03
1.100640e-02
1.167659e-01
8.695313e-02
7.795337e-03
5.352158e-02
1.381113e-02
9.279492e-04
6.154910e-02
1.152305e-02
2.600469e-02
2.241516e-02
1.762179e-01
7.556519e-03
2.580174e-02
1.769711e-02
1.676450e-02
1.836370e-03
1.176333e-01
5.914945e-03
6.264578e-02
2.525433e-02
2.352137e-03
1.175939e-02
2.355630e-02
1.531338e-01
3.017019e-03
8.594118e-02
2.242215e-02
7.492280e-03
2.129888e-04
8.571573e-02
1.225678e-01
7.948638e-06
1.020370e-02
1.050906e-04
1.276854e-02
4.778635e-03
9.982826e-02
6.603190e-03
3.804944e-02
5.771835e-03
3.464989e-04
5.749539e-04
1.058134e-01
8.594632e-02
7.807693e-04
7.020594e-02
4.574101e-02
2.976395e-04
4.025763e-02
1.258555e-05
3.641757e-01
1.263700e-03
9.942627e-03
3.070060e-04
4.314296e-01
9.326940e-02
3.224569e-02
1.637002e-01
1.308415e-04
5.357053e-02
9.106365e-02
5.261533e-02
5.945811e-03
8.341733e-02
5.209976e-02
3.390851e-02
4.286030e-02
3.592191e-02
7.215103e-03
1.290589e-03
3.601951e-02
4.285915e-04
3.586834e-02
1.089378e-02
2.510483e-02
4.101274e-02
6.184944e-02
2.031299e-02
9.401484e-04
8.395992e-05
6.706513e-02
8.558419e-03
2.149768e-05
1.161480e-01
2.440745e-03
8.362438e-02
1.075073e-01
9.627976e-03
2.738470e-02
2.317817e-02
6.809815e-02
1.640756e-03
2.411605e-02
1.163542e-02
9.438258e-02
1.416854e-01
4.995928e-02
8.081435e-04
5.963522e-03
5.014902e-02
1.576593e-01
2.431505e-02
1.999411e-02
9.113894e-03
1.190074e-03
3.750301e-03
1.602968e-01
4.350259e-03
5.520469e-03
1.122770e-01
2.462985e-01
5.322324e-02
1.761909e-04
2.139842e-03
2.152159e-01
2.562233e-02
9.176172e-02
5.183611e-02
3.202071e-01
4.977801e-08
4.028682e-04
9.448526e-02
5.667101e-02
8.072239e-03
8.619741e-02
1.245479e-01
1.792814e-02
2.204473e-02
1.591558e-01
1.784897e-02
9.581478e-02
2.570840e-02
3.695290e-02
2.529686e-02
4.290581e-02
3.390471e-04
3.655115e-02
1.543941e-02
3.272323e-02
1.022063e-01
2.233901e-02
2.274103e-02
2.451925e-04
4.818496e-02
8.530442e-02
5.300892e-04
4.610771e-02
1.545377e-02
4.558816e-02
4.912655e-02
2.058877e-01
2.624527e-01
9.119610e-02
2.159893e-03
3.187292e-02
2.097390e+00
3.395669e-03
8.333997e-02
6.414282e-04
2.973602e-02
2.089634e-03
8.220165e-05
4.624497e-02
3.269093e-02
4.337902e-02
6.407199e-03
3.063971e-03
3.202579e-02
1.220939e-01
9.849345e-03
4.795039e-05
1.428364e-01
6.420449e-02
1.504539e-02
9.325157e-02
5.091858e-02
2.195768e-01
2.630935e-03
2.887848e-02
8.023154e-02
1.666170e-02
6.375233e-02
4.078345e-03
6.681847e-02
7.057727e-03
1.264232e-01
6.990113e-06
2.227024e-02
3.692051e-01
6.730715e-03
3.716404e-04
6.753128e-02
5.758519e-02
2.986762e-04
5.574812e-02
5.592505e-02
8.207080e-02
6.234477e-02
4.611732e-04
3.468303e-03
2.149111e-03
3.907815e-02
1.507667e-02
2.973006e-03
1.125597e-01
1.550980e-03
1.144530e-02
7.340155e-02
1.432142e-02
4.257728e-03
6.727121e-03
2.202225e-02
1.510029e-03
1.348823e-04
5.638169e-02
2.621855e-02
4.812846e-04
5.953649e-05
6.258383e-03
6.292457e-02
5.390808e-02
9.565649e-02
2.010718e-02
5.269195e-02
3.894679e-02
2.092396e-03
1.199007e-02
4.734676e-02
6.223077e-04
1.770622e-02
9.766765e-03
1.140655e-01
2.178742e-01
4.547137e-02
2.756460e-02
3.937111e-04
3.083078e-02
6.261578e-02
2.001138e-01
9.055373e-02
4.104588e-03
5.453786e-05
2.945942e-01
1.594830e-03
2.341660e-03
3.075397e-02
1.768258e-02
6.011597e-02
2.343987e-04
6.958495e-03
2.315311e-03
2.183888e-04
1.709871e-01
1.585758e-04
9.590469e-02
1.623842e-03
6.730048e-02
3.525882e-01
9.541746e-03
3.359452e-02
7.239887e-02
1.033055e-01
4.518057e-02
3.251255e-04
2.345817e-02
9.797452e-03
6.117961e-03
1.273101e-02
4.363126e-02
6.904689e-02
2.941841e-01
2.952256e-02
5.047215e-03
3.742031e-02
1.536264e-01
4.971537e-03
2.036197e-01
3.793939e-03
7.088342e-03
1.339598e-05
2.060828e-02
3.902152e-02
2.685967e-02
8.161184e-05
1.463617e-01
5.051966e-03
5.756258e-03
6.564981e-02
2.295204e-03
6.014233e-03
1.563914e-02
1.037223e-01
2.020788e-05
1.449173e-01
8.109743e-02
3.829406e-02
8.966495e-02
1.537780e-02
1.121531e-02
6.996304e-02
2.355729e-02
6.325350e-03
1.611978e-01
4.043923e-03
6.345615e-02
7.228197e-02
2.031296e-02
2.053314e-02
7.832570e-02
5.922780e-02
5.593820e-02
3.453650e-03
1.007175e-07
5.731500e-02
1.047351e-03
3.691502e-03
7.659596e-04
1.301278e-02
5.279184e-05
2.790135e-02
3.905725e-02
1.144953e-01
3.117209e-02
2.796425e-02
2.490511e-02
2.202282e-02
1.404824e-02
2.138938e-02
4.706815e-02
2.823069e-02
9.390761e-03
8.516873e-02
4.940640e-02
2.934449e-02
1.350645e-01
3.099509e-01
6.655719e-03
1.712052e-02
6.034278e-03
5.718826e-03
3.295025e-04
2.477818e-02
3.650896e-01
4.474597e-02
9.818528e-04
1.106173e-03
3.856791e-02
4.862336e-03
6.839483e-03
5.444437e-02
1.626695e-02
5.695979e-06
9.573026e-03
2.057672e-02
5.851642e-05
4.844972e-02
4.265505e-04
2.243590e-01
4.598922e-03
5.110143e-02
2.657330e-01
2.014118e-02
1.848495e-02
4.876122e-01
9.065308e-02
1.765375e-02
1.307527e-01
1.414589e-03
2.788904e-02
1.732661e-02
1.807217e-01
1.423397e-03
3.669723e-03
1.340803e-03
5.168375e-02
1.701403e-02
6.164033e-03
7.070927e-03
4.193095e-02
6.050254e-02
2.802316e-02
1.042402e-01
7.297329e-02
8.917575e-02
2.213399e-03
3.476512e-02
2.913075e-02
2.891574e-02
3.687529e-02
3.244047e-04
8.482504e-04
1.627655e-02
2.078308e-02
8.717663e-03
8.920469e-05
2.433337e-04
2.075245e-02
7.110784e-02
1.379051e-01
5.773599e-02
8.913860e-02
6.452832e-02
6.816311e-01
3.200702e-02
1.131344e-02
1.634429e-01
1.045777e-01
1.984463e-02
2.842008e-02
4.330523e-02
4.278752e-07
1.499080e-03
4.908202e-02
8.306912e-02
1.355934e-01
1.245924e-03
3.430673e-03
8.651542e-02
7.041870e-02
3.828347e-03
3.131569e-02
9.019751e-02
3.380583e-02
1.395547e-01
7.764488e-01
9.692008e-04
5.747102e-03
1.153217e-02
2.846124e-03
4.649416e-02
1.400652e-03
7.952966e-02
2.299464e-02
5.263409e-03
9.325643e-03
3.766922e-01
6.413546e-02
3.058642e-02
1.734198e-02
7.182000e-03
5.056735e-02
2.912228e-05
1.933062e-02
1.079336e-01
6.084988e-02
3.320323e-02
3.441202e-02
1.866651e-02
3.519652e-03
7.276772e-03
2.597637e-03
1.746846e-03
2.251259e-02
3.268075e-03
1.549702e-01
2.680771e-02
7.200435e-02
8.635305e-03
9.999774e-02
1.089177e-02
5.838170e-02
4.382274e-05
3.093249e-01
1.446400e-03
1.797591e-01
7.854080e-04
6.372380e-02
5.290926e-02
2.013969e-02
1.739325e-02
6.616368e-02
8.015073e-03
2.859551e-02
2.155098e-03
1.216644e-01
1.020006e-01
9.122347e-03
8.174649e-02
3.806302e-04
4.689041e-02
2.979100e-01
1.183317e-01
3.606307e-02
1.233397e-02
1.306555e-03
1.460984e-01
4.384928e-02
5.993596e-02
2.626932e-02
