9.887160e-02
2.725960e-02
1.276803e-01
1.666867e-02
4.832814e-03
4.992784e-02
3.254888e-02
1.808721e-02
4.386135e-02
1.997177e-03
2.454347e-01
3.053907e-03
8.474328e-03
1.777177e-02
1.151453e-02
5.044940e-02
3.857119e-03
1.258120e-01
6.290186e-03
6.108019e-02
8.515562e-04
2.905821e-03
8.265312e-02
1.533832e-02
1.476931e-02
6.432675e-03
8.211404e-03
1.679488e-04
1.090101e-01
2.814110e-02
1.352330e-01
7.815750e-02
1.256173e-03
4.075957e-02
8.075292e-03
7.275981e-02
5.705107e-02
2.713708e-04
1.935793e-03
9.016710e-03
1.370996e-02
9.405107e-03
2.841049e-02
9.814117e-02
1.486957e-01
2.025848e-02
4.231107e-03
1.092865e-04
1.653738e-02
1.643701e-03
9.115375e-02
4.159125e-03
1.193760e-02
1.538137e-01
5.033815e-03
2.586643e-02
5.967423e-02
2.646949e-03
2.140275e-03
2.412112e-02
5.902048e-02
2.088000e-02
7.421187e-02
2.328850e-05
3.091947e-01
7.398832e-02
8.930530e-02
4.935453e-02
1.773619e-01
1.744096e-02
1.601864e-02
8.227867e-02
5.493283e-02
1.752673e-02
9.611101e-03
2.515702e-01
2.195515e-02
5.968976e-02
1.616036e-01
2.362348e-04
2.203654e-04
3.360500e-04
5.025444e-02
1.950253e-02
1.012455e-02
1.873653e-02
2.112043e-02
1.177372e-01
1.386373e-01
1.830997e-01
8.274218e-03
3.452327e-01
1.292401e-02
1.062846e-02
2.773374e-02
1.465291e-03
1.540354e-01
1.450251e-07
3.892516e-04
1.084339e-01
3.975391e-02
3.129515e-02
8.109097e-03
2.370559e-05
3.306201e-02
2.995381e-03
2.461886e-02
2.068528e-02
8.786519e-02
6.219405e-02
6.772016e-07
5.646806e-01
5.305560e-02
1.336152e-01
1.344781e-03
5.007547e-02
2.037203e-03
7.782496e-03
8.437317e-04
4.962638e-04
1.548617e-02
1.172563e-02
2.071035e-02
5.782938e-03
1.869072e-02
1.319526e-02
1.814208e-04
6.274331e-02
2.332117e-02
1.574599e-01
2.074390e-02
2.342870e-02
1.028551e-02
2.608584e-02
9.461045e-02
3.985294e-06
4.328869e-03
7.625902e-02
7.037394e-01
1.178898e-03
4.816066e-02
3.818297e-02
7.999154e-03
4.431884e-02
1.569120e-02
2.175008e-02
2.884450e-04
1.279278e-02
1.206750e-03
6.734666e-03
6.023674e-02
2.285116e-01
2.742340e-02
6.761702e-03
8.377639e-02
9.307367e-03
2.954049e-02
1.372089e-02
2.907296e-03
4.430164e-01
1.905165e-02
8.889795e-02
7.075300e-03
4.306799e-02
2.785854e-02
2.266525e-02
8.723222e-03
5.170287e-03
7.086817e-02
1.910022e-02
2.942606e-02
2.279447e-02
6.016794e-03
5.592946e-02
3.382893e-03
5.779193e-03
7.741219e-02
7.061900e-02
1.018961e-01
7.500156e-02
4.450675e-04
5.432318e-02
1.343162e-01
2.133826e-02
4.965959e-03
1.521840e-02
9.730640e-03
2.402640e-03
1.095660e-02
1.245927e-02
7.501508e-02
1.855977e-07
4.586025e-03
3.625005e-03
8.077909e-03
2.934338e-02
7.655024e-02
8.317586e-03
2.496559e-02
5.356127e-02
1.659611e-03
4.722290e-02
4.019390e-04
5.575528e-05
9.015852e-03
1.076181e-03
3.560460e-02
9.760369e-02
8.254507e-02
1.670393e-01
8.140868e-03
9.157685e-05
2.521044e-02
2.256583e-02
1.165427e-04
2.176914e-02
1.165863e-02
2.825291e-03
7.992103e-02
1.944466e-03
8.698203e-03
1.415277e-03
1.570203e-03
1.002496e-01
2.574072e-01
1.850340e-01
4.318279e-02
7.976465e-03
4.772197e-03
9.511179e-02
1.925312e-01
3.769373e-03
7.619460e-03
1.881555e-01
6.104350e-03
2.269096e-02
1.762790e-01
6.484904e-03
1.650020e-01
7.457600e-02
4.777162e-02
1.573273e-01
1.929302e-02
6.843593e-04
1.945375e-02
8.365617e-02
4.796356e-02
5.010291e-02
4.399347e-03
3.484693e-02
2.137445e-01
4.011528e-01
1.538697e-02
1.019372e-01
2.172590e-02
3.150820e-05
7.610750e-02
5.959821e-02
8.824833e-03
1.179777e-02
8.854362e-04
2.390466e-02
2.876760e-02
5.047025e-03
3.192583e-02
4.598534e-03
2.886603e-01
2.010606e-02
9.069335e-02
4.397763e-05
4.731975e-04
2.313661e-01
4.921771e-02
3.087880e-02
3.753205e-04
5.015705e-03
1.177436e-02
1.072384e-01
5.033963e-02
2.717414e-01
7.281522e-03
3.392197e-03
4.738584e-02
8.704356e-02
5.353246e-04
2.292381e-02
6.056521e-04
1.319237e-01
1.768818e-02
8.573859e-02
4.859079e-04
1.576482e-01
3.268811e-04
8.667467e-03
5.297729e-02
3.120024e-02
6.710435e-02
1.760395e-02
9.565985e-02
3.529787e-03
8.764356e-03
3.577771e-02
5.919795e-02
5.100779e-02
2.106995e-01
4.261391e-02
1.098681e-01
2.257073e-01
5.903873e-02
1.196282e-01
8.790395e-02
1.550890e-02
1.732927e-01
7.331223e-03
1.481585e-01
1.240267e-02
1.928209e-02
1.048521e-02
2.318385e-01
5.570611e-03
1.528358e-02
1.296240e-01
4.418316e-03
3.724262e-02
5.627669e-02
2.238316e-01
2.709011e-02
7.040980e-03
1.151625e-01
2.219323e-03
2.619275e-02
1.016612e-02
2.521794e-02
7.514309e-04
7.860528e-04
2.286743e-03
2.672919e-02
1.207166e-01
1.393997e-03
1.977207e-03
8.328945e-04
1.286460e-02
4.487561e-03
1.197211e-01
1.485984e-02
1.120208e-01
1.349803e-01
1.014841e-02
1.236407e-01
3.281550e-02
8.731321e-03
6.619272e-02
4.665061e-03
1.152026e-02
1.176836e-02
3.231695e-02
9.772068e-04
1.230404e-02
2.130871e-02
4.319093e-03
2.694673e-03
7.873642e-02
3.589545e-03
2.264787e-02
8.016611e-02
7.638243e-02
9.815054e-05
1.318743e-02
5.317648e-04
9.294963e-02
2.775817e-02
1.333641e-01
1.250009e-02
1.374224e-02
6.584995e-02
4.920227e-02
6.102346e-02
2.520967e-02
4.046392e-02
9.118524e-06
2.609994e-02
6.089030e-03
4.680597e-02
1.125577e-02
4.974507e-03
8.703643e-03
2.494569e-03
2.513711e-03
2.802762e-02
2.072907e-02
2.139699e-02
2.683873e-02
2.855795e-06
1.267303e-02
8.463506e-03
3.832024e-02
6.634122e-02
2.262477e-01
5.485095e-02
1.346044e-01
4.323736e-02
4.015559e-02
2.243025e-02
6.367444e-03
1.873065e-01
1.733523e-02
9.966852e-02
2.559720e-02
4.473401e-02
6.926456e-02
1.365891e-02
4.027058e-02
8.614290e-02
7.578659e-02
1.689985e-02
3.351129e-02
7.231653e-03
3.607777e-01
1.465928e-02
1.183283e-02
3.062914e-02
1.808092e-02
6.807000e-05
8.423359e-03
1.016742e-01
2.702103e-02
1.133133e-02
7.713541e-02
6.001685e-02
2.345508e-02
4.418032e-02
7.166517e-02
1.693936e-02
8.648690e-02
4.825820e-02
1.411433e-01
1.318794e-02
1.602871e-02
3.529173e-04
8.270765e-04
4.379720e-02
6.240672e-03
9.757853e-02
4.427426e-01
3.806320e-02
6.356332e-05
6.414481e-03
9.324336e-02
4.672423e-02
1.602234e-02
1.588259e-02
5.499438e-02
6.490269e-02
1.517259e-03
1.225495e-02
2.644068e-05
6.897817e-02
4.564830e-03
5.921300e-03
1.450380e-01
3.989255e-04
1.928141e-03
3.426851e-02
2.238175e-02
2.531443e-01
1.311962e-02
1.848882e-04
6.333096e-02
5.345947e-01
4.319430e-04
1.453989e-02
5.085268e-03
1.339361e-01
3.988965e-03
8.598003e-02
1.942379e-02
9.066253e-04
2.598995e-04
2.122190e-03
5.319798e-03
9.834904e-03
1.715397e-02
2.949572e-03
4.094146e-04
2.849263e-02
1.902095e-01
2.888856e-03
1.457540e-01
9.508329e-02
2.198415e-04
8.222856e-02
6.444971e-02
3.565783e-03
2.355370e-01
8.916759e-03
5.389474e-02
5.551201e-08
7.361989e-02
3.193244e-02
2.633939e-02
3.001128e-01
4.671771e-03
7.782059e-02
9.029783e-02
2.748555e-01
4.802893e-03
2.809973e-02
1.610329e-01
1.737031e-02
5.272367e-03
5.104828e-03
6.979139e-06
1.898752e-02
2.784025e-02
6.256360e-02
2.703666e-03
2.098645e-02
1.974680e-04
6.315665e-02
1.860439e-02
1.865512e-02
7.163982e-03
9.287819e-02
4.722608e-03
1.251214e-01
9.362812e-02
1.429452e-03
6.152083e-02
1.736626e-02
1.080102e-01
4.486502e-02
4.525580e-02
1.479550e-03
3.407203e-02
5.003525e-05
4.367106e-03
1.005651e-02
3.436057e-02
1.237966e-02
2.703819e-02
7.785849e-02
1.957933e-02
1.528082e-01
3.485921e-04
6.039686e-02
4.918613e-04
3.297514e-04
8.222069e-02
1.709074e-02
1.484435e-02
8.792770e-03
4.988150e-03
1.346299e-02
2.435174e-02
1.522764e-02
8.180681e-02
4.277737e-02
8.960469e-03
1.395398e-01
4.836074e-02
1.400288e-01
1.002971e-05
1.119144e-02
2.341255e-02
1.820108e-01
1.293557e-03
1.535821e-02
2.078723e-01
9.936419e-02
5.789191e-02
3.235142e-03
8.945326e-03
3.626645e-02
1.954430e-01
1.304117e-02
7.145134e-02
4.175985e-03
9.445132e-02
1.671184e-01
4.222821e-02
8.656722e-02
1.303033e-02
5.448691e-03
1.059667e-02
5.817601e-05
2.016184e-01
5.060572e-04
5.248175e-02
5.012357e-04
1.218005e-01
1.407912e-02
5.837825e-02
2.541010e-03
2.090425e-02
