5.360262e-05
1.717967e-02
6.522104e-02
1.574889e-03
3.625934e-06
6.192272e-02
9.785149e-03
9.282079e-03
4.420556e-04
3.378532e-02
7.518797e-02
1.293463e-01
1.295458e-01
1.009657e-02
2.810943e-05
2.416523e-02
7.040865e-03
1.499161e-01
2.461702e-02
5.118974e-03
1.143500e-01
5.175112e-03
4.451053e-02
3.487157e-02
7.343602e-02
8.035199e-02
1.691770e-01
3.883734e-03
1.077370e-01
7.464899e-03
8.612002e-03
7.214147e-02
2.384716e-03
1.174684e-02
8.197458e-04
1.052511e-01
3.645889e-02
9.840631e-03
7.259395e-03
1.409073e-01
3.716359e-04
1.653191e-01
9.412974e-03
1.966681e-02
1.468593e-01
1.665027e-01
6.277048e-03
3.209625e-04
1.642295e-03
9.945102e-02
7.431525e-06
1.359567e-02
4.620598e-04
1.386206e-01
2.107545e-02
9.770450e-03
6.240995e-02
5.863511e-02
1.291445e-01
1.243908e-03
2.525109e-02
8.911551e-04
3.469474e-02
1.736101e-01
2.631772e-02
5.487847e-03
9.024071e-04
8.085911e-03
2.155821e-02
6.151660e-02
1.455579e-02
8.190400e-02
1.969193e-01
1.126297e-01
4.351530e-02
9.803045e-02
2.838523e-03
1.466447e-03
7.997686e-02
1.500763e-05
4.810948e-02
8.302729e-03
2.130376e-02
1.591712e-03
1.181602e-02
2.091563e-01
1.680552e-02
3.192249e-02
4.327788e-03
3.698647e-02
1.332761e-02
1.785019e-02
2.508748e-02
3.139776e-02
5.209232e-02
3.620802e-05
6.840953e-03
1.473203e-02
9.036733e-03
3.913314e-01
1.244685e-01
1.737677e-03
1.670788e-01
2.700424e-02
3.963373e-02
1.588155e-05
9.485425e-03
7.972082e-02
4.705000e-03
3.116106e-02
5.923861e-04
1.555433e-08
3.564236e-02
6.827965e-02
1.250998e-02
5.318257e-02
1.909253e-02
5.354927e-03
2.149265e-02
1.002433e-01
1.724360e-02
8.094509e-03
2.412539e-01
3.065920e-02
1.488244e-01
2.378059e-03
2.131115e-02
4.952406e-02
8.107827e-02
1.867624e-01
7.158529e-03
4.052117e-03
3.881476e-02
1.316747e-02
2.498473e-02
1.109273e-02
7.307168e-01
2.283029e-02
4.484770e-02
2.971864e-03
1.029195e-02
3.982016e-03
3.822983e-05
8.990457e-02
3.979887e-03
2.600429e-02
2.015816e-01
2.663922e-02
1.116710e-03
7.207693e-03
1.044274e-03
1.729161e-02
1.384263e-02
7.864733e-02
8.513207e-04
7.961553e-02
1.184217e-01
3.710397e-01
9.158362e-02
6.192859e-02
6.535738e-03
5.024571e-04
6.881588e-02
4.114623e-03
7.530241e-03
1.076113e-01
6.199453e-02
5.643281e-02
1.207729e-02
1.021282e-02
4.790000e-03
2.602152e-01
3.544761e-03
4.060938e-02
8.159779e-04
1.731564e-02
2.317077e-02
1.267822e-01
5.388829e-03
1.339370e-02
1.627003e-02
5.066979e-03
1.007949e-02
1.539635e-02
1.106766e-01
2.627461e-03
1.580148e-01
8.315440e-06
1.179440e-02
1.288307e-03
4.107047e-02
1.145418e-02
2.073016e-02
7.034241e-02
2.317227e-01
8.194470e-03
9.308085e-04
1.504184e-02
3.926848e-02
1.950031e-03
1.078226e-03
5.876601e-02
7.771915e-03
5.506680e-06
1.515000e-03
1.203886e-03
3.424729e-02
9.644623e-02
1.618171e-03
3.130596e-02
4.190759e-02
8.660653e-02
8.504520e-04
1.831532e-02
3.936501e-02
2.125306e-03
1.196959e-02
8.429692e-02
3.047926e-03
3.967017e-02
3.249516e-03
1.068116e-05
1.439754e-01
2.335776e-02
5.916950e-02
5.042547e-02
1.092730e-02
2.480639e-02
1.906289e-01
5.124455e-03
1.502942e-02
4.028053e-03
3.101472e-02
3.269919e-01
2.312315e-02
5.817111e-03
6.019556e-03
2.541233e-02
3.419032e-02
4.244205e-03
2.410249e-01
7.854219e-03
1.835158e-03
7.345791e-02
3.177103e-02
1.294982e-03
3.203682e-02
9.097518e-02
4.805924e-02
5.282785e-02
8.771413e-03
6.331313e-04
8.682353e-02
4.707818e-02
4.924704e-02
1.540393e-02
7.364237e-02
2.961040e-03
3.946452e-02
9.052044e-02
3.143622e-01
2.142361e-01
2.540320e-02
9.826548e-05
1.119441e-01
7.844262e-03
4.431807e-02
2.376321e-01
2.070241e-05
3.260311e-02
4.074437e-02
5.660506e-02
1.723411e-03
4.908966e-03
9.575699e-02
6.170929e-02
1.262813e-05
1.025827e-04
5.151937e-04
1.873569e-02
2.349120e-02
3.182644e-02
3.224375e-03
1.892093e-02
2.430822e-02
2.848239e-03
3.137788e-02
8.267884e-03
2.949472e-01
1.090997e-02
1.696661e-02
4.440923e-04
2.928263e-02
2.159956e-03
1.455883e-01
4.396726e-03
9.435854e-02
1.725593e-02
3.947555e-04
1.115252e-01
7.629502e-03
1.378240e-03
1.176398e-02
1.366311e-01
8.747638e-03
5.763862e-02
1.301835e-02
1.416700e-02
1.604544e-03
5.499676e-02
1.873512e-02
2.147742e-02
3.143918e-02
1.007003e-01
1.165953e-02
2.319809e-02
1.358360e-02
3.182567e-01
5.308402e-02
1.573480e-02
7.239948e-02
1.775459e-02
2.558236e-05
4.592069e-02
1.651875e-02
9.109019e-04
1.092970e-01
1.379486e-01
1.243541e-02
2.492977e-01
2.402300e-02
1.908320e-02
5.155587e-02
7.523769e-02
3.912977e-02
9.062442e-02
5.037114e-04
2.216614e-02
2.834384e-03
3.827622e-02
5.774767e-02
3.623002e-02
7.613908e-03
1.189857e-01
1.271342e-01
7.853467e-03
1.709654e-02
4.130337e-02
1.337167e-02
3.960201e-02
1.014860e-04
1.655205e-01
9.622735e-04
5.392342e-04
4.673619e-02
3.211325e-02
5.383816e-01
2.198490e-01
1.451938e-02
1.847632e-02
3.055259e-03
2.686269e-03
1.028642e-01
1.031386e-01
3.671123e-02
4.243375e-02
1.491920e-02
6.453092e-02
3.369351e-02
3.623246e-02
5.884819e-02
2.171777e-02
1.937428e-03
1.113705e-02
2.604272e-02
7.636936e-02
5.578812e-02
4.759046e-02
1.132101e-01
7.214279e-03
8.295812e-03
2.253255e-02
4.225080e-04
1.842848e-01
8.162250e-02
1.153546e-04
1.554985e-02
5.326211e-02
3.830041e-02
1.583419e-03
1.301671e-02
3.872036e-03
5.939766e-02
8.490102e-03
2.151248e-02
9.868733e-02
2.851947e-02
1.704157e-03
2.299808e-02
6.821466e-02
4.585021e-03
9.053763e-02
6.289888e-02
2.818756e-03
1.945410e-04
2.347034e-02
9.426107e-03
5.842439e-02
4.673255e-04
1.125552e-01
1.067517e-01
8.802866e-03
1.914270e-02
3.866760e-03
4.915592e-03
9.999901e-02
8.147553e-04
2.226525e-01
3.342082e-02
6.430771e-02
2.060036e-02
2.173300e-01
9.497129e-03
2.498208e-02
2.870313e-01
4.332905e-02
2.095921e-02
2.320218e-02
3.700477e-02
3.510075e-02
7.294440e-02
9.835147e-03
8.176679e-02
7.022753e-02
1.105996e-01
5.647545e-02
5.764842e-05
1.278861e-04
7.440581e-02
5.077910e-02
1.361439e-02
1.645359e-07
2.007723e-02
2.637235e-01
3.786972e-02
3.742990e-03
2.514973e-02
1.085879e-02
9.627005e-03
3.625032e-02
9.263414e-03
1.049382e-02
8.874125e-03
1.792824e-02
6.721547e-02
2.944744e-02
1.296828e-02
7.911704e-05
1.805973e-02
1.433555e-01
7.310732e-02
2.983889e-02
5.929488e-03
2.699687e-02
5.970502e-02
1.476882e-02
1.121529e-02
1.544460e-02
1.775603e-03
5.187538e-02
7.260266e-02
3.087697e-02
1.863311e-02
9.591646e-03
9.216752e-05
8.656939e-02
2.262428e-03
4.338183e-02
2.666547e-02
2.242709e-04
4.563110e-05
5.602565e-02
3.415131e-02
1.193248e-02
5.187430e-03
7.796215e-02
1.250393e-01
9.593621e-02
3.392549e-02
6.367700e-02
4.318159e-03
2.577339e-01
1.649563e-01
1.131907e-03
1.651467e-02
1.610587e-03
4.440898e-02
1.736806e-01
9.231178e-02
8.935405e-02
3.044319e-03
1.359800e-05
5.155567e-03
2.611126e-01
1.417948e-01
1.639209e-03
3.339517e-02
1.749888e-04
4.272909e-02
2.311438e-03
1.001169e-01
7.410884e-04
4.468202e-02
1.163756e-03
3.083926e-02
3.781325e-03
3.650954e-04
1.163307e-01
4.677965e-02
3.074678e-02
1.786616e-02
8.425164e-02
8.737143e-02
9.892239e-03
5.246332e-02
5.292117e-03
5.085361e-02
1.751081e-01
9.633714e-03
1.465725e-01
1.986071e-02
4.242237e-02
6.531823e-03
1.420338e-02
6.003794e-02
1.406330e-01
1.267476e-02
1.284958e-02
1.277598e-05
1.531779e-02
8.471268e-02
2.377520e-06
2.310274e-01
6.148276e-03
4.583671e-02
9.878183e-03
5.822013e-02
7.662270e-02
1.092906e-03
1.991143e-02
3.109679e-04
5.815790e-03
3.870035e-03
2.059251e-02
1.337735e-01
2.151688e-02
2.505638e-02
5.038389e-02
5.003343e-03
1.661506e-03
5.857320e-03
1.392862e-02
3.905525e-02
1.031216e-03
1.370515e-02
1.008765e-01
4.616450e-02
1.830566e-01
3.573887e-02
5.183737e-02
4.588878e-05
8.184032e-05
2.418155e-02
1.741080e-03
1.727855e-02
3.680801e-02
1.683521e-01
2.099353e-02
9.970258e-03
8.716127e-02
4.471211e-02
2.460527e-02
1.078577e-01
9.890433e-03
1.997673e-03
9.859418e-03
1.366760e-02
1.195693e-02
2.033166e-01
9.379632e-02
4.487995e-04
1.700883e-02
5.701955e-02
3.707268e-03
