6.445038e-03
1.714673e-01
3.092108e-03
2.367177e-04
6.135909e-02
1.056269e-02
3.888523e-02
3.500978e-03
3.129266e-03
9.159907e-03
2.559078e-02
9.017174e-02
2.417933e-02
2.058296e-04
1.175068e-02
1.598256e-01
3.238109e-02
6.019121e-02
7.851447e-03
9.765554e-02
6.591306e-02
5.844008e-03
5.000061e-02
9.997345e-02
3.289403e-02
1.001065e-03
4.247808e-02
6.339462e-03
1.517490e-02
3.365055e-04
1.192942e-02
1.590513e-02
2.192534e-02
3.040468e-02
1.660088e-02
1.329927e-01
7.452291e-03
1.079230e-02
1.235437e-05
2.628023e-04
2.714897e-02
1.295641e-02
5.297314e-02
6.387569e-03
2.808852e-02
2.125232e-02
3.480712e-03
7.742450e-02
6.646972e-03
5.680485e-02
6.149195e-02
1.375917e-03
6.677911e-04
1.417395e-01
1.120773e-02
1.436241e-01
3.749349e-03
1.117407e-03
2.759392e-04
1.096105e-02
2.213083e-02
5.887736e-02
3.279172e-02
2.702377e-02
8.614280e-03
5.851823e-02
3.421685e-02
1.295511e-06
2.073624e-02
1.358953e-01
1.895289e-02
5.845662e-02
1.866785e-02
1.092338e-01
9.829646e-04
2.819442e-02
6.083633e-03
4.506374e-02
6.939810e-02
7.368004e-04
3.936154e-02
7.534986e-02
9.250169e-04
9.787176e-02
4.201197e-03
4.214823e-04
7.584356e-09
3.990021e-02
2.692104e-02
9.928386e-03
1.412393e-02
4.873810e-02
1.525051e-02
4.111206e-02
4.474982e-02
5.083134e-02
6.563149e-03
3.192768e-03
2.550277e-01
2.508364e-02
3.191853e-02
2.662553e-03
1.528722e-03
1.281131e-01
4.883788e-02
7.447657e-03
7.754223e-02
8.138526e-02
6.146058e-02
3.507360e-03
3.930856e-03
8.175433e-02
2.845913e-02
3.904253e-02
1.115102e-01
6.380033e-02
6.811507e-03
6.604922e-02
4.855110e-02
1.480741e-02
2.637652e-02
1.515467e-05
1.337329e-04
4.626281e-04
7.790479e-03
2.487148e-05
1.002785e-02
1.341274e-03
6.730939e-02
1.193196e-01
8.444775e-02
4.796130e-02
3.653777e-02
1.175513e-01
4.432127e-03
3.390401e-03
9.456513e-02
8.647019e-03
3.138558e-03
1.903989e-03
5.309940e-02
1.369762e-01
1.848978e-03
3.735516e-03
1.278687e-02
5.790025e-02
6.508437e-02
6.052133e-03
1.043199e-02
1.015366e-02
1.214564e-01
1.091141e-03
1.207022e-01
1.941020e-05
7.765967e-02
3.588566e-02
1.185214e-02
8.873125e-03
5.654083e-03
1.142656e-04
6.094223e-02
2.453212e-03
1.426248e-02
1.180118e-01
4.929326e-03
3.710050e-03
4.604831e-03
1.951813e-03
5.319493e-03
2.701633e-04
3.869829e-03
4.836966e-06
1.887208e-01
2.015428e-02
7.998065e-02
2.866750e-04
1.308421e-01
9.371238e-02
4.951665e-02
4.467477e-03
4.031121e-04
1.332589e-01
6.275206e-03
1.749848e-02
3.325950e-03
1.586651e-01
1.203649e-03
1.565970e-03
1.931922e-02
1.470248e-02
2.155306e-03
5.374840e-03
6.481201e-03
2.101377e-02
1.820008e-02
7.723310e-02
3.933497e-05
9.499536e-02
2.564766e-02
1.573776e-01
1.272449e-01
2.186022e-02
1.956275e-02
2.386007e-02
3.475862e-03
9.409183e-03
1.559203e-02
2.920933e-01
6.363220e-03
1.227351e-01
1.441248e-04
8.969553e-02
4.853726e-03
1.007996e-02
2.774345e-02
1.368088e-01
3.529168e-02
1.153984e-01
2.672085e-02
3.761704e-02
2.803285e-02
7.817978e-02
1.165703e-03
2.945062e-02
1.488987e-02
1.794066e-02
9.872556e-03
1.628515e-01
3.793877e-02
2.533802e-03
7.826295e-02
5.860847e-02
5.074614e-02
1.511929e-02
2.559594e-07
3.060864e-02
7.523003e-03
3.893385e-03
1.575274e-03
3.086312e-02
6.436937e-03
1.463947e-01
1.750338e-01
1.255418e-01
2.187936e-03
1.876618e-02
1.042564e-01
1.348917e-02
6.527423e-03
2.147302e-02
8.395896e-03
2.652498e-02
3.993801e-02
1.025384e-03
7.437728e-03
7.048250e-04
4.771686e-02
2.584114e-01
3.959007e-03
5.254587e-03
1.161843e-04
1.469724e-01
1.851499e-01
1.049328e-03
3.044263e-02
4.798303e-02
1.491576e-01
1.144410e-01
7.786616e-02
7.813063e-02
5.594732e-02
3.521999e-01
2.134676e-02
8.221030e-03
2.729065e-03
4.762307e-02
1.434667e-01
5.453744e-04
1.591986e-03
1.559980e-01
1.994771e-02
5.867156e-02
8.298166e-04
5.606764e-04
4.581273e-01
2.555602e-03
5.663762e-02
3.032895e-02
9.024238e-02
6.742667e-02
4.200542e-02
5.411235e-02
3.225067e-02
5.979419e-03
4.793230e-03
9.482402e-02
5.611991e-02
2.116312e-03
2.790266e-01
1.198266e-03
4.370143e-03
5.049334e-03
6.571678e-04
7.939178e-03
3.668007e-03
1.814757e-01
2.217880e-02
8.721799e-02
1.911579e-02
3.523093e-02
6.542599e-03
1.114765e-01
4.234153e-02
2.715291e-01
7.722077e-04
2.722202e-04
4.962753e-02
7.974717e-03
3.279600e-03
3.829863e-04
1.219292e-02
2.507982e-02
5.008037e-01
2.289483e-03
5.748353e-04
1.485152e-01
1.048562e-02
1.018654e-01
1.250237e-01
1.250456e-02
1.970644e-02
9.998955e-02
1.943236e-01
1.035018e-02
2.679339e-04
7.486932e-02
2.553762e-02
3.060671e-04
3.049946e-02
5.647415e-03
3.636038e-02
3.145940e-01
3.684091e-03
7.278622e-04
2.527754e-03
7.890157e-02
2.772837e-02
4.883124e-02
6.728908e-02
6.361452e-02
1.652016e-01
4.503816e-02
2.480729e-02
3.225195e-03
2.231178e-02
4.401375e-03
7.868935e-03
3.491558e-02
2.033904e-02
1.047659e-01
1.014731e-02
1.495321e-01
4.836330e-02
8.831855e-04
3.527916e-03
6.069752e-03
5.879831e-02
4.914839e-04
1.097457e-01
9.693752e-02
4.719895e-01
1.247055e-01
3.329830e-02
3.148260e-02
2.825975e-02
7.209214e-02
2.930251e-02
2.745402e-01
4.202208e-04
1.028166e-02
5.815044e-02
3.409867e-03
3.414659e-03
7.164054e-03
5.354973e-04
2.060693e-04
1.879881e-01
2.185001e-02
9.194358e-02
9.703563e-02
1.050948e-01
1.023364e-01
4.470444e-02
2.101173e-02
4.881417e-02
1.504258e-02
8.462569e-02
2.737131e-02
2.975614e-07
3.605268e-02
1.799588e-02
2.354758e-03
5.543601e-02
2.172500e-02
5.282121e-02
1.433011e-03
1.502224e-02
5.110825e-02
9.554556e-04
8.981699e-02
2.972743e-01
6.815346e-02
1.677561e-02
7.200024e-02
2.381640e-01
1.831112e-03
2.743327e-02
4.457847e-02
1.447158e-02
1.772333e-02
6.522710e-02
8.505051e-03
4.059256e-02
6.048262e-03
6.668274e-03
4.252749e-02
6.933109e-04
2.212327e-02
2.730955e-04
9.540664e-02
1.725737e-02
2.380625e-02
5.155597e-02
6.788844e-04
1.490438e-02
1.603490e-02
6.585246e-03
4.901141e-02
1.528919e-02
1.485545e-01
2.225660e-03
3.261335e-02
8.542717e-03
1.606075e-01
2.077403e-02
1.658253e-02
1.261512e-02
2.911373e-02
3.857522e-03
2.605756e-03
3.592302e-04
4.382854e-02
7.834314e-05
6.247306e-02
4.751038e-02
8.447399e-03
3.857941e-03
2.863104e-02
1.823340e-02
6.995545e-02
4.187084e-03
5.924890e-02
4.088070e-02
1.003261e-01
2.313822e-01
1.309024e-02
3.656212e-02
7.401121e-03
1.874852e-03
6.934096e-06
3.262897e-03
3.572725e-02
1.186209e-02
2.287434e-02
3.090178e-03
2.270981e-02
2.841490e-02
1.961543e-02
6.379760e-04
3.575530e-02
6.376798e-03
2.775273e-03
3.963538e-04
1.617808e-02
3.305874e-03
1.085854e-02
1.967378e-01
4.900510e-02
7.891037e-04
1.028650e-02
1.364525e-01
5.751822e-04
9.748529e-03
7.210055e-04
1.160289e-01
5.760573e-03
1.468473e-03
4.988919e-02
1.165318e-01
3.442158e-03
2.186682e-01
4.567945e-02
3.540432e-02
1.734602e-02
1.499873e-03
2.482918e-02
3.806722e-02
3.679958e-01
3.569288e-02
5.607681e-02
2.963776e-02
3.495687e-03
2.162591e-02
1.647677e-01
2.494895e-03
2.492261e-02
4.314690e-02
1.975401e-01
4.589476e-02
5.332217e-02
8.754499e-02
1.001797e-02
1.056880e-02
2.453339e-04
9.829350e-02
1.750942e-02
2.027310e-02
2.315946e-02
7.508715e-02
2.595547e-05
8.398739e-02
9.374923e-02
8.363117e-02
1.722587e-03
2.582690e-02
1.336252e-01
1.363304e-01
2.953516e-02
5.877881e-04
3.275901e-03
7.363914e-02
4.990528e-03
1.083002e-02
1.909413e-02
6.362324e-02
6.970521e-02
6.960790e-02
4.639875e-02
2.592657e-03
1.346144e-01
6.818001e-04
3.823399e-02
6.084751e-04
2.265487e-02
2.732140e-02
2.874191e-02
8.564350e-03
1.597819e-02
1.674726e-03
2.815665e-02
2.614643e-03
1.138770e-02
2.936451e-03
3.245254e-02
7.486941e-02
8.188406e-03
1.740984e-02
1.259152e-01
5.616832e-02
4.092313e-02
5.532875e-02
5.069432e-02
3.033224e-03
2.114036e-01
7.756880e-05
3.318528e-03
2.551666e-02
4.347124e-03
2.232934e-02
6.279089e-02
8.488315e-02
1.908536e-02
1.465509e-04
4.889157e-02
1.131211e-03
3.890920e-03
3.905309e-02
1.306224e-01
3.025292e-03
2.451549e-03
1.509756e-01
3.072081e-02
7.948608e-02
1.945002e-01
