1.135101e-03
6.794505e-03
1.656993e-01
6.231754e-03
3.365425e-01
1.970985e-03
4.725458e-03
1.099578e-01
3.274122e-04
2.650991e-02
5.026168e-02
8.127093e-02
8.455950e-02
2.887158e-02
5.832659e-03
3.003714e-02
5.436171e-02
9.174281e-03
2.071612e-02
5.312309e-02
7.506421e-02
5.015927e-03
7.497802e-04
6.108184e-02
9.647949e-03
2.433222e-01
4.177320e-03
1.094324e-02
1.266447e-02
4.938278e-04
2.601234e-03
7.789850e-02
5.413617e-03
4.212388e-02
2.119477e-03
3.087507e-05
2.066642e-04
1.291617e-02
3.020264e-02
1.652276e-01
3.531463e-02
6.643905e-02
1.621222e-04
3.861015e-02
1.989790e-01
1.250245e-01
7.907797e-04
2.437410e-02
5.851623e-02
4.444077e-02
4.338789e-02
2.901431e-02
9.104950e-02
1.604865e-02
7.429497e-02
8.977908e-02
7.164896e-03
4.526760e-02
2.526601e-02
5.027057e-02
2.161330e-02
1.609049e-02
9.523990e-02
1.442109e-01
9.444121e-02
8.329878e-02
1.529938e-01
6.191952e-02
2.155126e-03
2.497250e-02
6.211124e-02
1.408069e-01
1.032805e-04
5.858679e-02
1.314926e-02
2.331252e-02
7.171393e-02
1.898356e-01
2.744937e-01
3.131575e-05
7.137279e-03
1.609710e-02
3.137834e-01
3.045704e-02
4.243401e-04
7.733444e-02
2.515815e-02
2.801194e-04
7.774943e-02
4.902413e-02
5.012950e-02
2.533638e-02
5.864938e-02
1.353145e-03
2.240590e-02
8.811283e-02
6.540504e-04
4.755035e-03
2.900453e-01
1.335770e-03
8.316326e-02
2.735967e-02
9.990717e-02
2.635296e-03
9.983756e-02
5.581543e-02
4.659842e-03
2.748255e-02
9.013916e-03
6.817977e-04
5.158142e-02
4.186935e-01
9.255136e-02
5.748978e-03
5.334868e-03
1.042271e-02
5.224517e-02
1.860760e-04
7.702558e-03
5.644932e-02
4.249960e-03
1.953257e-02
1.050000e-03
7.380899e-03
2.596808e-02
2.780900e-02
5.526753e-02
4.081726e-01
4.612938e-02
3.227244e-03
1.363574e-01
7.366859e-03
7.854671e-02
3.351082e-03
2.514911e-06
1.152638e-02
7.059062e-03
1.605588e-05
1.587921e-01
7.311202e-02
3.150709e-06
1.279701e-01
1.171670e-02
7.258825e-03
9.542547e-04
1.337664e-01
1.597314e-02
2.316075e-05
3.009618e-01
1.685346e-01
4.074847e-02
3.814989e-02
7.180960e-02
9.924132e-02
9.353323e-03
2.025025e-02
1.816296e-01
4.203340e-02
6.389827e-02
2.321840e-01
3.241526e-02
8.655261e-05
4.424419e-02
5.807363e-02
4.334272e-03
7.909736e-01
4.908242e-02
9.767843e-02
4.438017e-02
1.329606e-02
3.058026e-03
2.029954e-03
1.929534e-02
1.415720e-01
2.926570e-01
4.116619e-02
1.794010e-02
8.450626e-03
2.554183e-01
4.857720e-02
2.690582e-02
2.190232e-02
5.513145e-02
2.110169e-05
3.916755e-03
7.339730e-03
2.798405e-02
2.218819e-03
1.178687e-02
4.759797e-03
1.553494e-01
5.382332e-02
4.035633e-03
3.306750e-01
2.627598e-01
7.285470e-03
1.703140e-01
4.451159e-02
4.248504e-02
2.641932e-01
1.208624e-01
2.238754e-02
2.640427e-03
3.971835e-02
2.502929e-01
9.891631e-02
8.130555e-03
2.832345e-02
6.569981e-03
9.777240e-02
1.409584e-02
7.150497e-02
4.120096e-03
2.870793e-02
3.106475e-02
1.818465e-02
3.190240e-02
9.688864e-02
3.294970e-01
1.481359e-04
7.317255e-02
1.829638e-02
1.315007e-01
6.016894e-03
6.691473e-04
1.223771e-04
6.054339e-03
5.054490e-02
3.379209e-03
1.660128e-02
6.730785e-03
1.755104e-04
6.462562e-03
1.017055e-02
7.445629e-05
1.273202e-02
6.460379e-04
5.532839e-02
8.968611e-02
8.096537e-03
3.423269e-03
1.257980e-02
4.069042e-03
2.218257e-01
6.220687e-02
4.662740e-02
1.165252e-01
3.671064e-03
1.465373e-03
1.778967e-01
3.552448e-02
5.861451e-02
6.959917e-03
2.431950e-02
1.046736e-03
3.396182e-02
4.975594e-04
6.458308e-02
8.616668e-02
2.199263e-01
1.502747e-01
1.092770e-03
1.648962e-01
1.665813e-02
1.056337e-01
3.360116e-03
7.760744e-02
4.258629e-02
4.854335e-02
1.005135e-03
2.781137e-03
1.452269e-02
1.217762e-02
3.835032e-03
4.555521e-01
4.384504e-04
2.356063e-02
4.912810e-02
2.484749e-02
2.679113e-02
2.976667e-02
2.814219e-02
9.654197e-05
1.035595e-01
3.421601e-01
5.596420e-05
4.487245e-02
1.670194e-01
3.324405e-02
1.911647e-06
5.873980e-03
2.452538e-02
1.720867e-01
1.173327e-03
1.687815e-02
1.456964e-05
9.842441e-03
6.801412e-03
8.910709e-03
7.892051e-02
7.256833e-06
1.447566e-02
1.844524e-01
3.118974e-03
8.403333e-03
6.247590e-04
6.056618e-02
4.334372e-02
1.685667e-04
1.795428e-03
1.068767e-01
2.185580e-02
2.095181e-02
8.594766e-02
6.197680e-02
8.454245e-03
1.189433e-06
6.216919e-03
9.905333e-03
1.083084e-01
8.107199e-03
1.606641e-01
4.337394e-02
1.021769e-02
1.383922e-02
2.074453e-02
3.312028e-02
5.280043e-03
3.763672e-02
3.672061e-02
4.065281e-02
9.076925e-02
7.564449e-02
8.795316e-02
3.310381e-01
3.672716e-02
5.328803e-04
9.402296e-03
7.869946e-03
3.553472e-03
2.614118e-01
3.379909e-03
8.397277e-03
3.285965e-02
8.785607e-02
7.283786e-02
8.156355e-06
9.092070e-02
2.899682e-03
2.993749e-02
3.689470e-03
4.311040e-03
7.489894e-03
2.653233e-01
2.111933e-01
1.563262e-02
8.246480e-04
6.666476e-02
9.127530e-03
8.722646e-02
6.414016e-03
2.544489e-03
2.015747e-02
3.007507e-03
1.641831e-02
4.650236e-05
3.617801e-02
2.260588e-01
3.996159e-02
9.106438e-03
2.246448e-02
3.163200e-03
4.866322e-02
3.290220e-02
3.929815e-02
4.474301e-02
2.604940e-02
4.179146e-03
1.264141e-02
1.226882e-01
3.519928e-02
7.561150e-02
1.825151e-01
8.125129e-02
7.699460e-03
3.160125e-02
2.955846e-03
3.443423e-02
1.123280e-01
2.227912e-03
1.746902e-04
1.736978e-02
1.067041e-01
1.872781e-02
1.164111e-04
2.513874e-02
6.963181e-03
4.218503e-03
3.650384e-03
7.447266e-02
5.949412e-02
1.202564e-03
1.285135e-01
1.709860e-01
6.361942e-02
5.782385e-03
8.078931e-02
1.577658e-02
1.826046e-02
2.648674e-02
9.137307e-03
1.509491e-01
1.717026e-03
1.255038e-02
1.732315e-01
1.119634e-03
5.688270e-04
2.637676e-01
2.493327e-05
8.987412e-02
1.239676e-01
7.607715e-06
4.177350e-02
3.152203e-03
1.135411e-03
5.983113e-02
2.291249e-01
4.494727e-02
3.606224e-04
2.125156e-02
1.113510e-03
6.808958e-02
3.784008e-03
2.444022e-02
4.053748e-03
5.859854e-04
1.160709e-01
1.690490e-01
4.079845e-03
6.305017e-02
1.651237e-04
6.921581e-02
2.123292e-01
3.131495e-01
4.736090e-03
2.015973e-02
7.938172e-04
3.633547e-03
2.872942e-02
1.944656e-03
1.203201e-02
6.267604e-03
1.713890e-01
3.311091e-02
4.003244e-02
5.308752e-02
4.973104e-04
4.674765e-02
3.212620e-02
2.801907e-05
1.313366e-02
3.663839e-02
2.072824e-03
4.255614e-02
1.456625e-02
5.455304e-04
1.920801e-02
5.654379e-04
1.177848e-03
1.008848e-06
8.587721e-07
2.318744e-03
5.052525e-03
7.505809e-03
1.551520e-01
6.216913e-02
2.194503e-05
4.225047e-03
6.613003e-04
9.947213e-03
8.035981e-04
3.930618e-02
2.674959e-03
2.191257e-01
4.514805e-02
3.153232e-04
3.600366e-02
5.131915e-02
2.355910e-03
1.122579e-03
2.371743e-01
2.790527e-02
5.576612e-02
3.182130e-06
5.019985e-03
1.819738e-04
1.268451e-02
4.920798e-03
1.976177e-02
6.030547e-02
2.225567e-02
1.835667e-05
1.005429e-01
4.833032e-02
3.954389e-02
4.559726e-04
2.030743e-02
1.553296e-01
4.798166e-02
9.322839e-02
4.074859e-01
1.743001e-01
6.665449e-02
6.509334e-02
6.039014e-02
2.145556e-01
2.768094e-02
4.423852e-02
7.148326e-02
3.653136e-02
2.131608e-02
9.309057e-03
8.508222e-02
6.134447e-03
1.271655e-01
4.004852e-01
1.593702e-02
1.067672e-03
1.430149e-02
8.297661e-02
1.541084e-02
7.573332e-02
1.607155e-03
2.522554e-02
8.616290e-03
3.947327e-02
3.289721e-03
1.905584e-01
7.817552e-02
1.508130e-01
4.528637e-02
4.509595e-03
1.030500e-01
2.003277e-03
4.915662e-04
1.354842e-02
6.439539e-03
4.241835e-02
9.257633e-02
2.055636e-03
3.208894e-04
5.577201e-02
5.602786e-02
1.022588e-02
6.106071e-03
1.313666e-01
9.105938e-02
2.050039e-02
5.934025e-02
3.356061e-02
5.796321e-03
7.284748e-03
4.354634e-02
2.556221e-02
8.906158e-02
1.629014e-03
9.581349e-02
5.920335e-03
4.210417e-03
4.653487e-02
3.507568e-03
7.899507e-02
1.484963e-01
5.175556e-03
2.711241e-01
2.282989e-02
8.009740e-07
1.404623e-02
8.076636e-03
2.043584e-02
9.116561e-02
1.571730e-02
5.693695e-05
1.094186e-02
1.525568e-02
5.834108e-02
7.649693e-02
3.142739e-01
2.331277e-04
6.771356e-02
1.510903e-01
3.022925e-01
5.916186e-03
1.659542e-02
