1.545206e-02
5.296138e-05
2.321645e-02
2.150831e-02
1.011467e-01
1.621233e-01
8.390687e-02
4.995170e-02
1.492302e-02
5.706845e-03
7.940269e-02
1.725565e-04
1.743888e-02
9.040309e-02
1.216434e-02
2.686074e-02
7.790422e-03
3.606891e-02
4.019377e-02
2.650455e-04
4.570052e-02
9.926414e-02
2.118957e-02
5.931468e-02
3.464274e-02
1.539015e-01
2.762138e-02
3.655218e-02
1.565154e-01
1.928501e-02
7.176140e-03
6.941749e-03
3.543766e-03
3.992833e-02
7.615772e-03
1.405775e-01
1.058595e-01
4.082304e-04
8.006769e-03
6.726976e-05
5.713132e-02
2.320986e-02
8.540130e-03
3.328732e-02
3.947815e-02
3.470239e-02
6.945866e-02
2.042098e-02
1.279770e-01
2.528381e-02
3.307325e-03
7.012596e-02
9.276732e-03
1.381145e-01
4.691299e-02
2.081925e-03
6.212932e-02
3.171837e-01
4.042805e-02
5.853054e-03
5.538029e-02
1.430102e-01
1.239336e-03
1.010970e-04
1.636286e-02
1.272252e-02
2.754407e-02
3.296340e-02
2.877624e-02
3.217003e-02
1.910636e-01
1.229888e-03
6.803344e-04
7.351595e-02
2.449286e-02
2.500990e-03
2.532517e-01
1.070730e-03
7.731199e-02
1.419547e-02
1.442714e-02
1.931918e-01
6.237571e-03
4.290187e-03
2.941287e-02
4.560358e-04
8.961764e-02
3.023243e-01
4.744323e-03
1.492814e-02
3.907917e-02
2.707896e-02
2.390504e-01
7.941449e-03
5.354587e-02
2.563068e-02
1.688009e-05
2.274424e-04
2.064019e-03
5.184947e-05
2.367813e-02
4.489633e-03
9.194169e-02
1.165906e-02
3.893299e-02
3.923255e-03
1.045092e-03
4.481238e-03
2.901760e-03
6.999329e-02
7.841508e-02
5.271615e-01
2.518027e-04
6.334846e-02
9.011711e-03
6.646510e-03
1.013771e-02
5.639568e-02
3.383839e-01
1.827558e-02
6.112345e-03
1.501121e-04
4.203955e-04
9.686919e-02
1.182759e-01
1.227618e-02
1.302747e-01
3.234981e-02
1.230791e-02
3.327367e-02
4.763379e-02
5.383908e-03
1.978201e-02
4.477171e-03
2.359567e-02
2.504257e-01
2.979100e-01
9.077962e-03
2.103971e-03
3.314181e-02
7.742715e-02
2.700288e-02
2.318924e-04
3.136348e-01
1.068588e-01
1.338844e-03
3.749020e-04
1.119272e-01
9.803508e-03
3.986613e-02
1.592763e-02
1.299108e-04
5.535696e-02
4.149826e-01
7.598262e-03
1.217941e-01
1.152240e-01
1.008520e-01
3.889737e-03
5.413577e-01
1.153760e-04
1.690960e-02
1.556477e-01
9.941523e-02
3.687869e-02
2.101334e-01
1.126067e-03
2.470295e-04
4.522252e-04
7.883601e-02
6.960061e-02
1.583164e-02
1.075179e-02
5.178085e-03
5.953799e-02
1.723569e-01
3.081700e-03
3.818390e-02
7.727555e-02
5.160233e-02
1.029263e-02
2.088214e-01
7.210948e-04
8.250039e-03
7.043854e-03
9.732383e-03
4.962586e-02
4.331822e-02
2.508437e-03
6.802615e-02
1.709508e-01
3.561030e-03
6.451535e-02
1.723592e-02
3.330185e-02
6.481509e-03
1.019544e-01
3.100035e-02
4.840700e-03
1.023690e-02
8.497594e-03
2.766270e-03
2.862458e-02
3.248088e-01
5.012208e-02
3.442931e-03
1.641582e-01
4.589777e-04
7.781144e-03
1.701593e-02
1.791133e-03
1.996978e-02
5.176065e-03
1.043303e-01
2.063247e-03
9.819780e-03
8.726513e-04
6.050759e-02
7.846622e-03
2.871380e-03
3.998999e-02
1.020608e-02
2.776210e-02
3.095955e-04
5.378201e-06
4.156338e-02
2.778395e-02
5.033242e-03
5.085916e-02
1.314542e-03
7.098891e-03
7.618529e-05
4.786240e-02
8.471213e-04
1.712159e-04
5.045086e-02
7.875267e-03
7.688642e-02
3.254168e-02
8.249432e-02
2.140323e-01
2.320550e-02
1.007554e-02
1.609879e-02
5.668887e-03
1.803155e-03
3.288032e-02
1.059076e-03
6.857821e-02
1.493610e-01
1.223174e-01
2.323862e-02
6.577065e-04
7.205243e-02
1.769076e-02
1.060179e-03
2.737917e-02
2.097667e-02
1.213466e-02
1.160916e-02
2.186131e-02
1.864881e-01
1.222284e-01
5.525846e-02
7.775977e-03
1.606754e-01
3.650806e-01
3.854576e-03
1.920516e-02
1.310298e-02
4.711515e-02
5.746611e-02
7.741197e-02
7.468543e-02
1.884776e-02
2.800065e-02
1.557487e-01
5.105201e-02
1.096007e-02
1.394786e-02
8.201271e-02
4.852822e-02
1.623167e-01
2.994056e-03
3.756103e-02
2.481028e-02
1.692839e-01
2.163436e-01
8.992705e-03
5.804523e-03
1.295524e-01
2.345982e-04
1.830292e-01
1.491997e-04
7.553096e-02
6.737952e-03
4.544314e-02
1.441631e-01
1.766434e-02
2.839422e-02
1.141777e-03
3.441038e-02
3.054500e-03
2.924357e-02
1.107090e-02
8.202767e-02
3.413512e-02
7.238872e-02
2.812093e-01
1.975349e-02
6.882146e-03
1.206533e-02
2.133710e-02
4.538619e-03
2.793398e-02
6.950060e-02
5.845842e-02
5.965915e-02
5.566204e-05
9.544260e-02
3.193053e-02
7.053015e-03
1.266850e-01
8.282728e-03
2.640153e-02
1.764528e-02
7.516891e-02
1.679174e-02
8.284327e-03
1.851700e-01
8.189962e-02
5.635754e-03
3.082087e-02
3.872832e-02
9.308799e-02
2.029624e-02
1.565588e-01
1.592928e-05
3.474698e-03
5.735187e-04
5.255745e-04
2.565020e-01
8.429902e-03
7.687210e-02
7.279940e-02
3.259642e-02
3.193843e-03
2.014462e-03
1.682051e-01
2.510386e-01
4.090827e-02
7.734607e-03
5.070867e-02
4.568765e-04
9.086872e-03
8.873339e-03
2.689354e-02
9.222335e-03
6.286732e-02
1.915894e-02
3.040919e-02
1.695830e-01
9.469853e-04
2.232845e-01
1.093013e-01
5.964449e-03
5.881654e-05
1.057807e-04
9.469408e-03
1.704028e-01
1.305941e-01
1.225017e-01
2.281611e-06
6.033508e-02
1.316111e-01
1.779701e-02
2.578822e-03
1.278565e-02
9.317582e-02
7.012855e-03
2.068983e-04
2.241449e-02
7.932312e-02
8.068874e-03
4.418178e-03
6.834751e-02
2.541734e-05
4.792003e-03
2.605773e-04
2.620217e-02
3.060112e-01
2.448306e-03
6.426417e-02
1.595320e-02
1.051811e-02
3.025131e-02
3.808339e-03
3.094158e-02
2.692840e-02
3.049360e-04
2.184080e-03
6.690438e-03
3.229320e-01
1.821924e-02
4.907336e-03
4.339935e-04
1.014772e-02
4.626871e-03
2.355656e-02
2.122084e-02
1.207069e-02
9.161991e-03
9.768738e-04
4.358185e-02
2.470540e-02
1.517835e-02
8.270045e-02
8.871951e-02
9.453664e-02
1.398559e-01
8.332957e-03
1.325408e-02
7.147056e-02
5.781147e-02
2.011186e-01
1.641360e-01
9.724233e-02
3.305891e-02
4.860862e-02
2.585568e-01
1.862675e-02
3.818436e-02
2.203002e-02
1.862579e-01
4.641255e-03
4.143748e-02
2.715745e-02
2.198170e-02
9.797628e-03
3.134760e-02
7.226389e-02
2.555357e-02
4.298356e-02
1.441234e-02
1.636127e-01
1.581816e-02
1.945588e-01
6.945224e-02
4.917931e-02
1.535957e-02
8.833983e-02
2.499200e-01
2.290424e-02
3.661331e-03
4.050841e-01
1.097516e-02
2.005571e-04
1.384403e-02
4.777876e-03
2.416015e-04
4.362171e-02
2.157183e-02
8.605726e-02
2.758564e-01
1.022621e-01
2.967997e-03
2.142830e-03
1.578797e-04
6.123115e-01
3.978356e-03
1.061397e-03
4.887224e-01
1.938039e-01
9.416734e-04
1.708554e-02
4.152273e-02
2.651625e-03
2.932025e-06
5.364895e-02
5.016237e-07
5.295667e-03
1.847083e-04
6.950662e-02
1.597834e-01
2.931191e-01
1.897751e-01
1.943825e-04
7.034798e-03
7.152782e-02
3.262984e-02
3.414547e-04
1.707789e-02
1.379659e-01
1.268954e-03
7.957380e-03
3.103260e-03
5.962011e-02
1.132298e-01
2.472550e-02
1.273309e-02
1.508543e-02
4.719338e-02
3.566647e-02
6.231866e-04
1.173241e-01
1.380702e-02
8.686871e-03
2.044790e-03
3.676714e-02
1.311547e-02
6.921836e-02
2.151297e-01
2.970562e-03
9.541495e-02
9.995343e-04
3.484574e-02
2.226186e-02
3.109900e-02
5.491876e-03
5.268578e-05
2.502595e-02
2.740841e-03
2.282547e-02
2.267099e-02
1.329007e-01
1.933940e-02
8.118381e-02
1.692330e-02
7.884638e-03
2.064480e-02
7.463267e-03
6.639260e-04
1.390673e-05
1.679033e-02
1.513983e-02
8.614438e-06
1.512384e-02
1.283786e-01
2.185350e-02
8.799438e-04
3.054377e-01
1.188433e-02
9.175057e-04
1.499986e-03
1.122998e-03
4.794636e-02
8.209446e-03
1.505251e-02
5.221624e-02
6.027070e-03
7.754957e-02
5.216142e-02
2.329677e-02
4.057510e-03
6.051110e-03
7.123294e-02
7.284792e-02
7.518651e-03
1.938549e-02
1.559216e-03
6.128003e-02
7.384567e-02
1.624823e-01
1.857594e-04
5.747365e-03
1.236764e-03
2.191810e-03
5.944500e-03
1.922449e-02
3.898309e-02
4.719977e-03
1.383499e-03
9.103746e-03
1.807809e-02
1.410105e-01
1.941480e-04
6.833979e-03
1.768201e-01
1.405400e-03
1.497984e-02
8.346572e-02
6.540424e-02
7.818503e-02
5.893396e-02
2.848836e-02
1.388335e-03
7.280918e-02
1.189780e-01
2.959948e-03
9.106720e-03
3.430647e-03
1.364368e-03
3.164480e-01
9.153346e-02
