7.165235e-03
6.277115e-02
7.558580e-04
7.976425e-02
2.158411e-05
2.264026e-01
1.516859e-03
2.485644e-02
5.668579e-02
1.449355e-02
1.060740e-03
6.560290e-03
3.859684e-01
2.150548e-02
4.887241e-02
2.114622e-02
2.187376e-02
3.987610e-02
3.145343e-02
2.299284e-02
1.341103e-02
3.763719e-02
1.334414e-02
2.078647e-02
4.835881e-02
2.118511e-02
2.423381e-01
1.094461e-02
1.568404e-04
2.121881e-02
3.838222e-02
3.448857e-03
1.208573e-01
5.016328e-02
5.540227e-03
2.872317e-01
2.265240e-02
4.245216e-02
2.581840e-01
4.019367e-03
7.019034e-02
5.799533e-02
4.562699e-05
7.677816e-03
3.072203e-03
9.971867e-03
1.679526e-01
5.416749e-02
1.742179e-01
5.533144e-02
1.663991e-01
1.304853e-02
3.576116e-01
1.559430e-01
5.131342e-02
2.549710e-02
1.316406e-02
9.012334e-02
8.314892e-02
8.560978e-03
1.844486e-04
1.120048e-02
6.973817e-02
5.805470e-04
1.236072e-01
1.202304e-02
2.409107e-02
4.385439e-03
1.395006e-02
9.081634e-03
8.844971e-03
1.333926e-01
7.242641e-03
1.848630e-02
1.278392e-02
5.229328e-02
2.033111e-05
7.238999e-03
4.587684e-02
7.253925e-02
1.117873e-02
1.187415e-01
3.099982e-02
3.338973e-02
4.106473e-02
4.789555e-02
1.134352e-02
1.709586e-02
1.028776e-01
3.610280e-02
2.297407e-02
1.576288e-01
9.008580e-02
2.123850e-04
3.618610e-05
1.084412e-01
1.477104e-02
7.063156e-02
1.081378e-03
1.688448e-02
3.501017e-03
1.145238e-01
2.322015e-02
2.924059e-01
2.492291e-03
2.917335e-03
9.424090e-03
2.107709e-02
5.322946e-03
1.360830e-01
1.928456e-02
1.126702e+00
1.830640e-02
1.570513e-02
9.886342e-04
3.703561e-02
2.581201e-02
3.868499e-03
1.734875e-01
8.407834e-03
7.418282e-02
1.416943e-03
1.693851e-01
6.031886e-02
3.248059e-03
1.384784e-02
4.536564e-02
9.341532e-02
3.547523e-03
2.241097e-02
5.173309e-02
6.947699e-02
1.437441e-03
2.821920e-02
1.344282e-02
5.542922e-03
4.535564e-03
1.422201e-03
8.139699e-04
1.479844e-01
1.331442e-02
7.235774e-03
1.323931e-02
8.827185e-03
1.218297e-02
8.495902e-03
1.319868e-05
4.627180e-03
1.177547e-01
1.597780e-02
1.461270e-01
1.917612e-02
4.361672e-02
5.486037e-03
1.108797e-03
5.126047e-02
1.453222e-02
2.781923e-02
9.011102e-02
1.053479e+00
5.034857e-03
3.591410e-02
1.037724e-02
1.307527e-01
3.786405e-02
9.869027e-02
1.292092e-03
1.206240e-02
1.655396e-01
1.736277e-02
7.708315e-02
3.443379e-04
1.675620e-02
7.329697e-02
3.797348e-02
3.271770e-02
8.488812e-03
2.101295e-02
1.527978e-01
1.132173e-02
1.867010e-01
3.367371e-02
5.630548e-02
2.791308e-03
7.840340e-03
7.136710e-02
1.051496e-01
1.430442e-01
4.966680e-02
3.727672e-03
5.823661e-04
3.482275e-02
5.690048e-06
3.904061e-02
3.394322e-02
8.126782e-02
9.424932e-04
3.862274e-02
1.037029e-01
6.725177e-02
5.802638e-02
3.511387e-02
5.486004e-02
6.907378e-03
7.378114e-03
5.789202e-03
4.386065e-02
1.141790e-01
8.174589e-05
2.286479e-02
2.220049e-03
4.228691e-03
7.599592e-03
2.474943e-02
4.800680e-02
1.904633e-02
5.218998e-02
1.883370e-01
1.649204e-01
1.984575e-04
6.510366e-02
1.655075e-01
7.351831e-02
2.712813e-02
1.348052e-01
4.821838e-02
3.926535e-05
2.437463e-01
4.570977e-03
5.528437e-05
3.838972e-04
5.938093e-02
2.320178e-01
4.585698e-02
3.716463e-05
9.434762e-02
1.100722e-01
7.210086e-03
1.897033e-01
1.129242e-02
4.435003e-02
1.250425e-04
1.257827e+00
6.237423e-02
9.653374e-02
5.631888e-02
1.444667e-02
7.001301e-03
2.710544e-03
5.489234e-02
2.292918e-03
1.054190e-01
9.583039e-03
4.933879e-02
1.055832e-01
1.626095e-02
1.014299e-02
6.592432e-03
8.277858e-03
2.514101e-01
9.194343e-05
1.255675e-04
4.982849e-03
6.090103e-02
2.038757e-01
2.451751e-02
1.618887e-01
5.172411e-03
5.680997e-02
1.017631e-02
6.174274e-02
1.186716e-03
2.086510e-02
1.637639e-05
2.372922e-01
7.091078e-02
4.025885e-02
1.294249e-01
9.276296e-02
2.565840e-03
7.827989e-03
1.368164e-01
1.311235e-02
1.990427e-04
1.635245e-02
3.221042e-03
1.304669e-01
6.945750e-03
2.038542e-02
8.769059e-05
2.812777e-03
4.611274e-02
7.082231e-02
4.029080e-02
8.242040e-03
3.396810e-02
7.245223e-02
3.882839e-06
1.353199e-02
1.207220e-01
1.999204e-03
9.122440e-02
2.796666e-03
5.480551e-02
7.767146e-03
2.460654e-02
2.005472e-04
9.523994e-03
4.977902e-03
3.216935e-03
1.333010e-05
5.977663e-02
6.359683e-03
5.137287e-02
1.479141e-03
1.540452e-01
4.136718e-03
1.814626e-02
5.191630e-03
4.813923e-03
2.005507e-03
9.435210e-02
5.305898e-02
6.945414e-04
1.104789e-01
6.046852e-02
2.033693e-02
1.112788e-01
8.965287e-05
2.876536e-06
1.546489e-02
1.674391e-01
1.040202e-03
1.332092e-02
7.001012e-05
1.239038e-02
4.830718e-02
2.848167e-02
1.355975e-01
6.080475e-02
4.549115e-02
1.512303e-01
6.679194e-02
8.597500e-03
4.220486e-02
1.954648e-03
5.519489e-03
9.897898e-03
5.374743e-02
5.799774e-04
1.259795e-01
1.206601e-02
8.928615e-02
2.004136e-02
7.055250e-03
1.077521e-03
1.907644e-02
7.142432e-02
9.868469e-02
5.725706e-02
8.543046e-04
1.658412e-02
2.392970e-02
2.574707e-02
8.073998e-02
1.344226e-03
3.522099e-02
4.708755e-02
3.540833e-03
7.805423e-03
4.475330e-03
2.551959e-03
4.352573e-03
6.998882e-03
1.184807e-02
2.721058e-02
3.617581e-02
7.008365e-03
8.208678e-03
3.173694e-02
1.072343e-01
6.264703e-02
9.341131e-03
6.443207e-03
2.892666e-02
3.627928e-02
9.319729e-02
3.670217e-02
2.551541e-02
2.764490e-02
2.605282e-02
1.232833e-01
1.360210e-01
8.623003e-04
2.236323e-02
1.601291e-03
2.107771e-03
7.743049e-02
2.445327e-02
7.252579e-02
1.236611e-02
3.881478e-03
2.727655e-01
2.099294e-03
6.335041e-03
1.331544e-03
3.416547e-02
2.062760e-01
1.120274e-01
2.903524e-04
8.972383e-02
8.224254e-02
9.478061e-02
2.784228e-02
9.959767e-04
5.298872e-03
4.531908e-03
1.526550e-02
3.177844e-02
6.899642e-02
6.048766e-03
2.316486e-02
1.472458e-03
6.746065e-05
5.558037e-04
9.441785e-02
8.601747e-04
1.750346e-03
6.020735e-03
1.927224e-01
9.613856e-02
7.828640e-03
7.123332e-03
6.462050e-05
6.316896e-04
8.526321e-02
3.007399e-01
5.822198e-02
7.001340e-02
4.808314e-02
1.268604e-02
9.130190e-02
7.980832e-06
6.769006e-02
2.569040e-02
9.236558e-02
1.453655e-02
4.806448e-02
3.566537e-02
1.435969e-02
1.722297e-02
1.247061e-02
4.677459e-04
1.112000e-03
3.029266e-02
6.247133e-02
3.571882e-02
4.905056e-03
3.805347e-02
5.437874e-03
6.356124e-03
1.523457e-04
3.552028e-02
2.559506e-01
1.030092e-01
4.405396e-01
3.037752e-02
1.233929e-02
5.802594e-03
3.435553e-02
7.277780e-02
3.776662e-01
2.079622e-01
2.654765e-02
3.598830e-02
5.731462e-03
6.699183e-02
6.856331e-02
7.814426e-03
5.187172e-03
1.883022e-03
3.903311e-02
1.723140e-02
5.181299e-02
1.993308e-02
1.064128e-04
2.064861e-02
3.636035e-02
3.657792e-02
2.610137e-03
4.966896e-02
3.461579e-02
6.540016e-02
5.016688e-02
2.678585e-01
4.337507e-03
3.278016e-04
1.872118e-02
1.337377e-02
2.886854e-02
1.543089e-01
7.580268e-03
1.782566e-02
3.805499e-02
1.103251e-01
5.063730e-02
1.687596e-01
3.286193e-02
3.293110e-02
2.892021e-02
1.619585e-01
5.537656e-02
2.696548e-02
1.234637e-03
6.625553e-02
1.539957e-02
1.011941e-03
2.511516e-03
6.416775e-03
1.443659e-01
2.767562e-02
1.345061e-03
3.820485e-03
7.231344e-02
8.181328e-02
2.492682e-04
2.685350e-02
1.643108e-02
3.101019e-02
8.045598e-02
2.049424e-02
9.320272e-02
2.358847e-02
6.369401e-03
1.304361e-01
2.054627e-02
6.418231e-02
5.406283e-02
1.861174e-01
1.504717e-03
1.050714e-01
4.639833e-02
1.497170e-02
3.913284e-02
1.551240e-01
3.005856e-02
3.382240e-03
1.980623e-02
2.711460e-02
9.411651e-04
8.362756e-03
2.998714e-02
5.990071e-02
1.648099e-02
2.385012e-01
6.215845e-02
2.240180e-03
3.132751e-03
2.887314e-02
7.557908e-04
1.908574e-02
7.919257e-02
4.149133e-01
1.517728e-03
1.043311e-01
7.422971e-02
1.025109e-03
2.745102e-03
1.590160e-04
2.449782e-02
8.657776e-02
2.377085e-03
4.308800e-02
7.673948e-02
1.268355e-01
1.578409e-02
1.755813e-02
1.609408e-02
2.232678e-02
7.524399e-02
5.669698e-02
4.617065e-02
4.486475e-03
3.064557e-02
7.334624e-03
1.269625e-02
5.432981e-02
1.552250e-01
2.209129e-03
9.099235e-02
4.855780e-02
4.406498e-02
6.068018e-04
1.305591e-01
