5.917623e-02
1.802295e-02
2.627945e-02
2.282601e-02
6.700645e-03
2.904617e-03
1.200198e-03
1.964221e-02
1.595550e-02
1.685311e-02
3.175644e-02
6.714963e-03
4.907226e-02
8.131963e-02
9.342540e-02
6.672722e-03
2.027465e-01
1.322349e-01
3.598202e-03
4.404174e-02
1.154198e-01
2.138225e-03
9.688506e-04
6.125697e-02
3.288072e-03
1.807339e-01
5.864222e-03
2.085665e-02
9.614064e-04
6.841274e-07
3.714246e-02
1.345911e-04
3.765383e-02
1.628554e-03
5.520987e-03
6.261573e-02
4.905003e-03
1.616727e-03
6.820942e-03
6.577007e-02
6.863650e-03
2.623725e-01
3.726375e-02
3.164933e-03
9.281500e-02
6.073464e-03
5.256706e-03
3.997397e-02
1.813606e-01
7.093277e-03
4.691581e-03
4.158602e-01
1.054843e-02
5.063548e-02
1.694315e-03
1.921424e-02
4.159846e-03
3.498289e-01
1.349610e-01
1.749862e-02
1.253937e-03
2.858687e-02
1.332213e-02
5.709089e-03
6.439903e-02
5.220038e-02
1.238569e-03
1.917078e-01
4.349078e-02
1.531175e-03
3.668355e-02
1.661201e-02
1.005904e-01
1.635881e-02
1.673330e-01
1.956354e-02
1.271448e-02
1.025333e-02
3.041738e-02
7.173859e-04
8.301912e-02
3.147049e-03
1.313444e-02
3.352355e-02
7.830115e-03
1.783524e-02
4.552995e-02
8.515763e-03
4.637626e-02
3.638069e-03
3.539669e-03
6.114082e-02
5.147214e-02
6.893403e-02
1.527744e-01
3.887751e-02
1.635561e-02
6.446417e-02
2.301473e-01
3.150943e-02
5.374629e-03
5.390378e-02
2.316964e-02
9.921198e-03
2.379483e-04
1.944229e-01
2.801166e-02
1.024215e-01
3.825612e-03
1.383513e-03
5.237247e-03
8.152014e-02
2.210134e-02
1.097031e-01
7.279239e-02
5.733507e-04
2.957083e-02
4.097801e-03
5.857456e-03
1.467379e-02
2.572630e-02
2.134551e-02
6.894708e-04
6.147424e-02
1.807139e-01
8.709817e-02
1.780940e-03
6.073988e-02
1.630227e-01
8.769610e-03
8.551839e-04
1.974875e-02
1.452114e-01
1.148867e-02
3.226180e-03
6.179326e-03
2.163030e-01
6.122095e-04
6.778681e-02
1.395716e-02
1.009124e-01
2.512121e-02
2.794980e-03
1.210310e-02
1.688909e-02
1.577293e-04
2.682599e-02
8.026000e-03
3.804993e-03
3.853601e-02
1.773226e-04
6.464078e-02
4.006888e-03
1.016771e-02
1.519747e-02
4.189975e-02
1.112310e-06
3.554084e-03
2.463836e-02
9.191821e-04
1.032808e-01
1.345145e-03
5.001104e-02
2.619649e-03
1.400491e-01
1.575409e-01
1.928721e-02
1.388967e-01
4.962296e-03
7.669621e-04
9.847123e-02
2.256831e-03
1.575923e-02
1.013401e-02
8.752687e-04
4.186937e-02
5.896908e-02
1.386413e-04
1.074676e-02
2.229847e-02
1.213363e-02
5.660089e-04
6.430502e-02
9.331662e-04
8.264694e-02
6.345810e-02
3.804451e-03
1.904440e-02
6.358143e-03
1.884509e-02
1.796417e-02
1.468831e-02
1.108773e-07
2.298378e-02
8.196663e-02
3.455329e-05
3.998258e-02
1.275020e-01
6.723767e-02
1.486363e-04
1.395947e-05
3.835413e-02
5.529916e-02
5.568690e-04
8.708157e-02
1.479765e-01
1.156301e-02
3.308957e-03
1.355039e-02
8.542193e-03
2.347154e-03
1.211990e-03
4.912214e-02
2.659452e-03
1.723999e-01
4.449806e-04
4.085051e-01
5.463088e-03
3.821866e-02
1.168937e-03
1.203703e-03
6.750577e-03
6.090279e-02
4.241740e-02
1.577221e-01
7.548156e-02
1.679204e-02
3.018082e-02
1.349481e-03
8.460595e-03
1.605962e-01
9.485333e-02
1.861702e-02
6.805248e-03
2.191983e-02
4.076108e-02
5.768902e-02
7.499444e-02
1.253428e-01
1.096176e-02
1.439663e-01
8.642224e-03
1.066370e-01
1.254829e-02
4.272739e-03
3.478990e-02
1.165779e-03
1.303481e-04
4.643073e-03
2.607880e-01
6.861862e-05
3.247713e-03
5.104937e-04
3.289515e-02
2.397109e-02
4.990966e-03
2.480609e-02
8.245398e-02
4.177489e-03
3.909289e-01
2.830819e-01
4.545311e-02
2.437712e-02
1.416116e-01
1.330564e-02
2.092648e-02
7.681141e-02
1.419622e-01
3.267119e-02
1.961749e-02
3.566018e-03
4.671466e-03
4.111728e-03
1.624050e-01
2.056949e-02
7.641539e-03
1.066148e-03
7.580577e-03
5.061361e-04
2.833211e-02
1.557567e-04
5.454611e-04
3.309890e-02
7.079325e-02
4.609837e-03
1.908330e-01
1.172403e-01
1.294562e-02
7.080868e-04
1.035979e-01
1.752248e-04
4.554035e-02
6.245487e-03
9.735362e-05
1.356567e-03
4.078433e-03
3.306533e-02
5.531496e-03
2.230100e-03
1.487436e-02
2.492856e-02
2.238143e-02
3.653959e-03
2.484799e-03
9.635421e-02
4.878227e-02
2.408933e-02
1.451253e-02
7.799378e-02
2.196892e-01
6.365343e-02
2.435273e-04
8.889911e-02
1.184990e-01
2.054424e-02
1.085722e-03
4.713252e-02
2.058178e-03
1.324645e-02
1.501312e-02
2.575385e-02
3.676678e-01
4.041977e-03
8.165566e-04
1.319203e-02
1.332400e-01
1.533340e-02
7.446648e-04
8.698657e-03
7.020033e-02
2.331853e-04
2.896149e-02
5.831076e-04
9.983823e-02
8.429859e-02
2.222693e-03
5.551690e-02
9.907605e-02
5.999629e-02
8.819003e-02
2.417026e-02
2.328605e-02
1.007372e-06
1.310654e-01
5.932605e-02
3.164695e-05
2.343248e-02
3.742531e-06
1.274737e-01
1.426535e-01
1.350539e-02
1.844898e-02
1.539665e-03
1.092333e-01
2.436484e-02
2.407772e-02
2.589191e-02
1.110956e-01
1.544011e-01
2.965758e-03
6.175971e-03
5.226729e-02
8.100011e-03
3.925947e-02
1.035029e-02
4.130848e-03
1.487920e-03
2.058126e-01
6.215616e-04
1.896627e-05
2.302025e-04
1.628056e-01
2.530721e-02
6.165976e-02
6.796875e-02
8.024109e-03
7.209707e-02
1.505795e-02
1.653331e-02
1.157539e-03
2.580948e-02
2.206454e-02
3.220756e-02
2.648021e-02
5.584578e-05
2.740577e-02
3.200677e-02
2.291193e-04
1.059264e-01
3.823203e-02
4.249754e-04
2.755120e-02
1.067198e-01
1.052867e-01
2.558370e-02
1.415704e-02
1.838551e-02
1.664194e-02
3.497522e-03
3.131609e-05
1.217792e-01
2.528861e-02
6.184182e-02
9.949436e-03
6.236833e-02
2.384007e-01
3.430430e-03
7.498881e-05
5.792688e-02
7.030995e-02
5.418435e-02
2.366079e-02
3.764019e-02
3.292129e-02
3.616556e-03
5.480920e-03
4.941505e-02
2.864796e-02
1.986756e-04
2.671539e-02
7.273879e-02
4.716279e-02
8.388708e-05
2.271046e-03
7.247288e-02
8.670926e-02
1.767710e-02
9.629012e-02
6.866862e-04
1.729329e-03
2.030740e-02
3.092396e-05
9.333352e-02
1.979273e-02
2.249567e-01
3.488449e-03
4.850220e-02
3.257076e-02
4.411088e-03
3.845978e-02
1.059774e-01
1.109232e-02
6.702923e-02
2.916616e-01
8.932461e-02
1.577202e-02
7.338848e-03
8.795479e-03
1.926565e-02
1.357821e-04
5.089479e-03
2.465771e-02
9.957257e-02
1.156509e-05
3.282708e-04
4.640657e-03
3.762256e-03
1.636999e-03
2.518788e-01
3.178606e-02
6.225744e-03
4.831542e-04
5.571364e-02
6.709848e-03
1.161089e-02
2.317826e-02
2.052455e-03
5.973977e-02
9.594771e-05
2.754439e-03
4.913501e-02
4.352678e-01
3.948243e-02
6.766646e-02
1.425230e-01
3.884898e-02
6.745505e-02
1.880093e-03
4.821509e-04
1.337271e-01
3.595822e-03
1.026136e-01
3.309144e-02
2.680587e-02
9.055412e-02
4.633234e-02
3.427987e-02
1.019964e-02
2.561672e-03
3.333904e-04
1.006084e-03
2.043015e-03
4.024861e-02
2.740159e-02
1.864609e-02
1.635420e-02
1.090451e-01
6.401180e-02
4.795023e-03
1.368763e-02
8.280023e-03
3.114173e-02
3.471078e-02
1.154023e-04
1.409584e-02
1.165943e-01
9.016253e-04
4.012785e-01
2.656634e-02
2.050473e-02
2.965806e-02
8.230662e-02
2.695638e-01
2.569636e-01
1.629233e-01
4.671217e-02
2.163050e-02
5.891883e-02
9.342107e-03
1.063204e-02
3.915291e-02
8.703549e-02
1.765225e-02
2.347514e-02
6.514043e-02
9.148330e-02
6.969718e-03
1.644768e-03
1.849129e-01
3.035384e-01
3.884479e-02
5.906232e-04
1.336988e-02
1.016700e-01
2.917861e-02
6.925494e-02
8.769000e-02
4.849398e-02
1.919462e-02
4.323120e-02
5.250196e-01
2.985535e-02
2.665223e-03
3.755124e-02
2.352410e-01
2.334040e-02
1.338565e-03
1.402943e-01
6.201480e-03
1.203917e-02
4.157200e-01
2.357332e-01
2.937620e-02
2.000342e-02
7.567716e-03
1.894320e-02
1.815542e-03
3.378413e-02
1.986261e-03
9.536060e-03
7.631445e-03
6.389364e-02
4.723337e-05
5.268108e-04
2.221824e-03
9.788722e-02
2.752488e-03
3.567345e-02
8.325419e-02
3.193314e-03
9.601221e-02
6.367370e-03
2.921730e-02
6.425747e-03
4.621135e-02
5.054982e-02
2.728162e-03
7.878651e-02
4.864011e-02
5.347562e-02
2.476680e-04
1.966813e-02
8.775629e-05
7.264140e-02
4.819603e-02
2.408004e-03
7.823604e-05
1.798024e-04
8.538956e-02
1.973720e-02
1.772019e-02
5.269677e-02
1.536595e-02
1.023312e-01
