1.316024e-01
5.036437e-02
1.226136e-01
9.899781e-04
3.018437e-02
2.052202e-03
6.933525e-04
3.764521e-02
2.492048e-01
1.712831e-01
2.679308e-03
8.983407e-02
8.390531e-02
1.971015e-03
3.230512e-04
8.009654e-02
4.665516e-03
2.826522e-05
1.681887e-03
1.936369e-02
1.587042e-01
4.517888e-03
1.853308e-03
1.231947e-02
3.217600e-02
5.744872e-02
3.384941e-04
1.133498e-02
4.261210e-02
3.477492e-01
4.484196e-02
8.356183e-03
4.856693e-02
1.025348e-03
7.017777e-05
3.635848e-02
1.952924e-02
1.809605e-03
3.820704e-03
2.108834e-03
1.988565e-02
1.719205e-01
8.281082e-04
1.703394e-02
1.072641e-04
2.586262e-01
3.491138e-02
2.430389e-02
7.373835e-02
3.958371e-02
2.914432e-03
5.807759e-02
9.337087e-03
5.863249e-02
7.754068e-02
3.765469e-03
7.417161e-02
4.316782e-03
3.657353e-02
1.224286e-03
1.467563e-03
2.357199e-02
1.414142e-02
2.883831e-03
8.471141e-03
5.177264e-02
4.205327e-02
3.507105e-03
6.404007e-02
6.171827e-02
3.010915e-03
2.498546e-04
1.152406e-02
3.925895e-02
7.194979e-02
4.399213e-02
3.030496e-01
1.378438e-03
8.662843e-03
3.622537e-02
3.999518e-02
6.143951e-02
3.500222e-04
6.954947e-02
9.532034e-04
2.898861e-01
5.842459e-02
1.781717e-03
1.579813e-02
4.546878e-04
2.919681e-01
7.458618e-02
8.913169e-02
4.006713e-02
1.164004e-01
4.882011e-02
4.273047e-03
2.883424e-02
9.239352e-03
7.002729e-06
6.423963e-03
1.802395e-01
2.285430e-02
2.859025e-02
9.640985e-02
1.141218e-01
9.059009e-03
3.332549e-01
7.189246e-04
1.490405e-03
1.920146e-01
7.377779e-02
2.175784e-04
2.146679e-03
4.658400e-02
2.005278e-01
1.809479e-02
8.410259e-03
3.700381e-03
1.916959e-01
2.135378e-02
7.500820e-03
1.033756e-03
4.309578e-03
7.912105e-03
5.138310e-02
6.019100e-02
3.406355e-03
3.599522e-02
4.900755e-02
1.644656e-02
1.743523e-01
1.682137e-02
1.354689e-03
2.298010e-02
7.745363e-03
2.057405e-01
2.754568e-02
1.777139e-03
2.122916e-05
2.826488e-01
1.325175e-01
1.266894e-04
1.588572e-04
9.189574e-03
5.480427e-02
1.150828e-02
1.139140e-03
2.222329e-01
1.176949e-03
3.070517e-04
9.023044e-03
1.778401e-02
1.188365e-01
2.308637e-03
1.168308e-01
3.318184e-02
1.308906e-02
6.501714e-03
2.311649e-03
5.424566e-03
3.337739e-07
3.853952e-02
3.264671e-03
2.758740e-03
7.089150e-01
3.890929e-03
8.992492e-05
1.160903e-01
1.015770e-03
7.519868e-02
2.836052e-01
2.307106e-02
3.137833e-02
3.811105e-03
1.289301e-02
1.694915e-01
1.671584e-01
1.798154e-01
1.798915e-01
4.226688e-02
6.731026e-04
1.410261e-02
1.248042e-01
8.457589e-03
1.362245e-02
2.817064e-02
7.517947e-03
1.243986e-01
3.132757e-03
1.241455e-02
6.702322e-03
1.610237e-03
4.854235e-01
5.342006e-04
7.104970e-02
6.195720e-02
8.229162e-02
6.767743e-02
2.039304e-02
1.746824e-02
1.065837e-01
8.807781e-05
3.323231e-03
6.866367e-02
8.740734e-02
2.687457e-02
6.291825e-03
2.995514e-04
1.943401e-02
4.467697e-02
2.834667e-04
9.199398e-03
1.286273e-03
3.208712e-02
4.889254e-03
2.995549e-05
7.497075e-02
3.281343e-02
6.193982e-03
6.492300e-02
1.171298e-02
1.086942e-02
1.529905e-04
2.127639e-02
3.469920e-02
2.882842e-03
2.217647e-03
2.125078e-03
8.018819e-02
2.970358e-02
1.267303e-02
1.015240e-01
2.223528e-02
2.652490e-02
1.135253e-01
8.778711e-02
9.883377e-02
1.168049e-01
2.580028e-02
4.772168e-01
4.322513e-03
3.746168e-02
2.030500e-02
4.532777e-02
4.292619e-04
1.786287e-01
8.927828e-02
1.442465e-04
1.419775e-01
4.356496e-03
1.231637e-01
1.570698e-02
7.489875e-02
6.227533e-04
1.773575e-03
2.229733e-02
1.084192e-01
5.478203e-03
1.097063e-02
2.383635e-01
1.534981e-02
5.246857e-03
2.851331e-04
3.441230e-02
1.001904e-06
6.690884e-01
3.903714e-02
1.320307e-02
3.203279e-02
1.974582e-02
5.473361e-03
2.774699e-03
1.708627e-01
6.816995e-03
1.569227e-03
1.249533e-03
1.949412e-02
8.257831e-03
5.228289e-02
2.419319e-02
2.261864e-05
1.402762e-03
1.577323e-01
1.820099e-02
1.801709e-04
6.151372e-03
7.577862e-02
1.335594e-02
2.053590e-02
2.320202e-03
2.479271e-02
2.418463e-01
4.249506e-04
1.472583e-01
3.847041e-01
1.111096e-02
6.990176e-02
2.425076e-02
1.029678e-01
3.058873e-02
1.509256e-02
3.179278e-02
4.126225e-02
1.670023e-02
6.758671e-03
1.027374e-01
1.621555e-02
5.677054e-02
3.581729e-06
2.414030e-02
2.607060e-04
1.092184e-03
7.142232e-05
2.501242e-04
1.255761e-03
2.514393e-02
3.246779e-02
5.990932e-02
2.467442e-02
6.844601e-02
4.573427e-02
1.852249e-01
1.159448e-01
3.300083e-02
1.722350e-02
2.432342e-02
3.402452e-01
3.142405e-03
1.714900e-02
4.163728e-04
1.014830e-02
2.904583e-02
7.406641e-03
1.949011e-01
6.598706e-03
3.044344e-02
1.554386e-02
2.676768e-03
8.770201e-02
5.379984e-02
4.331237e-02
3.111744e-03
2.161898e-02
1.669299e-02
5.319965e-02
1.030614e-03
1.738397e-02
5.932379e-03
5.156414e-02
1.088658e-03
2.922884e-02
5.031267e-02
4.220912e-03
1.065047e-03
1.240165e-03
1.157950e-01
3.687737e-01
1.105193e-02
1.045623e-01
2.162246e-03
3.024636e-05
4.264695e-02
1.680610e-01
5.832316e-03
1.820904e-01
8.986067e-02
6.499725e-03
1.875906e-01
2.226575e-02
3.127590e-02
1.646085e-03
5.761321e-02
4.653030e-02
2.727678e-03
4.833229e-02
2.383742e-02
2.853416e-03
1.572492e-02
7.625459e-02
1.553201e-01
1.463056e-01
1.516128e-02
3.889413e-01
3.842109e-03
1.173142e-02
6.466989e-02
1.249917e-02
5.278973e-02
6.240405e-02
1.854639e-02
8.098308e-03
1.167405e-02
9.015869e-02
5.684833e-02
6.680688e-05
1.019091e-03
8.102759e-02
8.705961e-02
1.832042e-03
5.051468e-05
1.517293e-02
1.389983e-02
3.087417e-02
1.190633e-01
8.021160e-04
1.309544e-02
1.367443e-02
6.003864e-03
3.097779e-03
2.921446e-02
6.439817e-03
9.025528e-02
1.217812e-04
7.465485e-03
2.717002e-02
1.458685e-01
2.854526e-03
2.666805e-04
4.555887e-03
1.724860e-01
2.954369e-02
1.694313e-06
9.985382e-05
6.779283e-06
5.573125e-03
5.044359e-02
1.102773e-01
4.465024e-03
8.103035e-02
8.215081e-03
3.996766e-03
1.448033e-01
2.051443e-01
1.541464e-02
1.021513e-02
1.111542e-02
2.490127e-02
5.971499e-02
3.970806e-02
1.644269e-03
4.510198e-02
3.903249e-03
1.367886e-01
1.833863e-04
4.640401e-02
1.216825e-01
3.282813e-02
2.048134e-04
4.187244e-02
9.743384e-03
3.189277e-03
1.369208e-01
3.384381e-03
8.277558e-02
2.045405e-02
2.584745e-02
1.504128e-03
5.763171e-02
1.655009e-03
1.439715e-01
9.090183e-02
1.103079e-01
1.476836e-02
8.239619e-03
8.260253e-03
1.013179e-02
1.515830e-02
7.706964e-03
1.171738e-01
1.595991e-02
1.633570e-01
1.221213e-01
1.023537e-02
3.251923e-02
1.227687e-03
2.674449e-02
2.211663e-02
1.367496e-05
1.019355e-02
4.144175e-02
2.088551e-01
6.668933e-02
1.184340e-02
3.530282e-02
8.986367e-03
1.227731e-02
2.281528e-01
1.094001e-02
3.785538e-07
2.485354e-03
8.290034e-02
9.153039e-03
5.827669e-02
3.715894e-02
4.762605e-04
1.241976e-02
9.326119e-02
1.628674e-02
7.237569e-02
2.567393e-02
4.732428e-02
1.617103e-01
6.029682e-03
6.208476e-05
2.565929e-03
4.958247e-02
2.153580e-01
5.705686e-02
1.200886e-03
7.196349e-03
2.301628e-02
6.029399e-03
4.818135e-02
5.596815e-04
3.287214e-03
1.465796e-01
6.754286e-02
1.015943e-03
4.811814e-01
2.157725e-01
1.367889e-02
2.126431e-03
9.472070e-02
4.529984e-02
3.028875e-01
1.649651e-04
2.462322e-02
7.715615e-02
6.404261e-02
4.410204e-02
1.978292e-07
4.972725e-03
3.135977e-05
5.326764e-02
1.049432e-02
6.727580e-04
4.660570e-02
1.019587e-02
4.416478e-02
9.109297e-03
1.248706e-01
1.845200e-02
3.674891e-02
4.428411e-02
3.387792e-04
3.245142e-02
5.310442e-02
1.797773e-02
1.216022e-02
1.228693e-01
1.150296e-02
2.456596e-04
6.892615e-05
4.714934e-03
6.772676e-03
3.649349e-02
1.226797e-03
8.054764e-02
5.260277e-03
9.262542e-03
2.757048e-03
2.293237e-02
1.699256e-01
4.031722e-02
9.958786e-02
1.551564e-04
4.759019e-01
1.534300e-02
1.310555e-02
8.862695e-05
7.278043e-03
7.328760e-02
4.945898e-02
2.922059e-03
2.290519e-02
6.948470e-02
3.896217e-02
6.893890e-03
5.082317e-03
3.599414e-02
2.366039e-04
1.320295e-02
7.737032e-02
7.467449e-02
2.495908e-02
7.413224e-02
2.366571e-02
9.631824e-03
7.516207e-03
2.748467e-03
1.182994e-01
6.381695e-02
4.362370e-02
