4.031523e-02
8.979426e-02
4.859059e-03
2.668138e-06
3.975925e-02
4.694639e-02
7.379682e-03
8.186711e-04
3.549963e-01
3.311315e-02
1.347982e-02
3.283780e-02
2.545769e-02
1.977198e-03
7.429411e-02
1.623086e-03
2.991108e-02
1.605619e-01
1.798288e-02
3.743810e-02
2.489218e-01
2.359384e-03
1.228397e-02
4.407595e-03
1.141642e-01
3.453306e-03
7.838899e-03
1.070597e-03
1.853430e-02
6.738405e-03
3.887556e-03
2.193062e-02
2.000867e-01
2.957686e-03
6.911399e-02
5.089427e-03
1.036080e-01
1.365759e-01
4.729495e-02
6.765260e-03
4.969215e-03
4.699636e-01
3.822983e-05
1.719509e-03
1.777789e-02
4.654043e-01
1.959774e-02
1.170528e-02
1.558271e-02
3.971810e-03
2.285004e-02
1.017277e-01
6.552423e-02
1.194417e-02
1.634806e-02
2.871113e-03
2.078995e-02
3.663346e-03
5.000699e-06
7.269431e-02
2.524283e-01
1.483646e-01
1.081998e-01
5.105125e-02
1.887623e-02
5.153586e-02
5.299073e-02
1.688024e-01
1.317522e-02
1.319332e-01
1.960565e-01
8.846905e-03
3.872305e-03
2.971487e-02
3.570086e-02
6.910321e-03
5.188380e-03
6.714471e-05
6.151959e-04
1.847634e-01
1.254421e-01
1.445732e-02
3.950162e-02
1.080657e-02
9.431780e-02
1.246035e-02
5.172401e-02
3.755485e-01
3.899164e-03
1.427237e-02
3.234671e-02
6.445603e-03
1.365844e-02
1.776011e-02
1.808322e-03
9.914136e-04
2.736852e-02
3.356270e-02
1.547658e-01
2.565951e-02
4.547768e-03
1.086894e-01
3.314035e-02
3.129197e-02
9.378274e-03
7.172519e-03
1.287532e-01
1.832911e-02
2.898457e-03
2.222790e-02
7.655611e-03
3.821669e-04
8.120044e-02
9.781932e-03
3.463028e-03
6.632501e-03
1.499181e-01
1.206689e-02
5.191686e-05
7.644200e-03
1.186248e-01
1.652050e-01
9.822389e-02
1.083092e-01
8.768278e-02
3.060825e-03
2.620593e-02
3.509541e-02
3.823058e-02
3.580370e-03
9.781857e-02
2.851059e-03
2.851619e-02
1.392336e-03
9.590848e-02
1.025933e-03
2.569561e-01
1.036474e-02
2.500209e-02
6.090114e-02
7.845721e-02
1.123077e-02
9.739544e-04
4.990205e-02
4.296826e-02
6.208515e-03
3.886539e-04
2.527478e-03
6.752619e-03
1.000101e-01
3.420638e-02
6.784411e-04
7.591810e-02
3.931484e-02
5.606636e-04
1.949090e-02
6.011172e-02
5.744576e-02
1.449066e-02
1.167247e-01
9.157548e-03
5.085724e-03
8.771317e-03
3.782303e-02
2.577493e-02
9.273523e-02
2.746031e-04
5.632933e-05
4.717465e-02
1.315556e-01
2.176384e-02
1.487415e-03
7.116633e-02
5.583027e-02
5.395644e-03
3.107655e-02
5.123768e-02
9.289158e-02
1.046375e-03
2.158150e-02
8.409442e-04
7.332533e-02
2.192231e-01
1.003525e-03
6.716777e-05
7.475528e-02
2.603959e-02
8.575824e-05
7.790752e-03
4.906520e-01
1.397043e-03
7.482569e-03
1.496900e-02
1.880302e-03
3.328763e-02
5.485384e-04
1.374062e-02
1.092480e-01
4.263051e-02
2.060899e-01
6.922194e-02
1.207280e-02
3.647874e-03
9.601298e-03
3.840386e-05
7.831828e-04
5.695690e-04
7.546119e-02
3.038909e-02
3.419290e-02
1.361493e-02
1.071964e-01
2.902309e-04
2.438153e-02
8.537875e-03
3.962483e-03
3.652565e-02
1.307146e-01
2.736551e-02
1.061469e-01
4.232938e-01
9.448499e-03
2.022499e-02
2.976160e-03
2.259120e-03
2.054390e-01
1.125981e-02
4.729143e-02
5.811601e-02
3.741593e-03
6.923498e-02
6.624720e-03
2.669311e-04
1.122626e-02
1.317510e-02
2.178963e-03
7.842164e-02
4.056721e-03
4.996504e-02
1.440705e-01
2.046560e-02
1.397517e-03
3.647641e-02
1.866642e-02
1.283130e-03
1.298504e-01
2.294933e-02
1.405777e-02
8.908854e-04
3.890694e-05
1.502725e-01
7.678079e-02
5.351514e-03
1.555510e-01
3.894094e-01
1.123441e-01
6.416575e-02
3.020675e-03
1.001348e-02
3.069604e-02
3.718862e-03
3.579981e-03
3.899086e-03
1.989481e-03
6.451189e-02
4.330210e-02
3.980428e-01
7.970826e-02
2.543600e-04
2.088087e-01
6.741659e-02
7.454682e-03
3.221304e-01
8.212035e-02
6.596001e-03
1.772360e-03
1.077196e-03
1.749962e-02
6.184751e-03
3.154044e-02
4.496237e-02
4.794783e-02
9.807966e-02
2.593042e-02
1.220387e-02
8.121850e-02
5.151055e-02
8.212309e-04
1.289855e-03
2.610629e-04
4.027563e-04
3.344269e-02
4.830075e-04
2.300029e-01
6.766563e-03
2.592699e-03
7.255674e-03
5.389815e-03
8.444410e-03
9.772160e-02
2.326289e-02
5.955817e-02
1.424977e-01
1.637896e-01
4.708585e-02
2.234936e-02
3.481010e-02
2.536297e-01
2.875895e-02
7.442990e-03
5.973392e-02
3.169017e-02
4.242464e-02
6.818548e-04
1.061610e-02
1.795165e-01
7.765816e-02
1.160463e-01
9.448107e-03
3.579740e-01
1.492862e-01
3.288726e-02
6.503176e-03
8.404731e-05
6.180562e-02
1.750549e-01
1.866808e-02
2.067136e-02
4.201577e-02
2.397751e-02
1.923610e-04
8.972407e-04
4.361129e-02
2.542208e-02
9.550120e-03
8.495695e-04
7.150434e-02
1.519474e-03
1.670661e-03
1.067115e-03
3.155419e-02
1.357410e-01
1.356755e-01
7.332369e-03
3.648555e-02
1.049132e-02
9.010372e-02
2.820681e-03
4.936766e-02
3.234834e-03
1.911811e-01
5.352920e-02
1.136540e-02
5.983117e-03
2.275627e-02
1.159030e-01
1.454668e-02
1.699069e-03
7.434128e-03
2.049895e-03
2.510964e-03
3.113220e-02
2.680226e-02
8.764196e-03
5.172467e-02
6.612262e-03
2.956694e-02
1.293677e-02
2.405154e-03
2.538760e-02
2.123689e-03
5.245365e-05
5.993143e-04
8.060968e-03
1.947453e-01
1.479113e-03
5.762511e-02
7.949920e-03
1.028006e-01
8.389684e-03
1.490093e-02
6.050505e-02
3.297403e-02
1.859631e-03
2.512707e-02
1.037450e-02
1.393573e-01
2.376076e-02
5.599452e-02
8.597895e-02
1.716017e-02
8.596679e-02
2.830262e-02
4.198204e-04
2.229996e-01
3.283761e-02
4.995654e-03
2.426422e-02
3.471519e-02
1.883581e-02
1.287146e-01
1.096247e-07
7.822467e-03
2.787201e-03
6.160751e-02
4.455329e-03
1.769082e-02
7.646605e-04
1.904204e-02
3.984247e-02
5.029704e-03
5.035170e-02
6.618895e-05
6.939566e-02
4.131512e-03
3.840232e-03
1.330269e-02
2.938277e-03
3.502392e-02
3.552712e-03
4.727244e-02
2.190459e-02
4.335616e-02
6.120725e-03
1.598108e-02
8.335327e-02
1.332891e-01
1.556963e-01
1.147908e-01
1.491715e-01
2.716199e-03
8.762159e-02
7.130754e-02
2.018830e-02
2.609352e-03
1.640176e-01
2.406678e-02
1.068959e-01
1.797815e-01
6.878991e-02
2.290941e-06
2.668528e-02
1.742362e-03
6.643800e-04
2.325112e-02
2.545595e-03
3.363280e-02
1.390020e-03
1.601218e-03
1.522326e-01
1.735448e-03
6.949226e-03
1.014821e-01
9.294861e-04
2.971353e-03
2.273076e-01
9.690222e-02
2.578791e-02
6.519681e-02
2.799742e-03
9.828152e-03
1.313654e-02
5.553653e-05
2.826827e-03
5.872774e-02
9.417205e-03
1.332982e-01
1.448513e-02
2.242926e-01
5.251603e-02
4.078714e-02
1.700361e-01
8.016027e-03
1.390466e-02
2.323365e-03
5.614503e-05
2.335544e-03
2.140871e-03
1.068860e-02
1.749394e-03
3.841418e-02
1.032612e-01
8.227509e-03
8.239008e-02
1.405365e-01
8.867204e-03
1.672071e-02
5.299816e-03
1.090273e-01
1.196731e-01
2.359905e-01
5.667595e-02
5.864847e-02
6.052899e-03
1.839378e-03
1.595695e-02
1.721547e-01
1.472983e-01
8.438736e-02
4.258642e-03
5.584998e-02
5.955757e-02
1.359440e-03
8.548782e-02
6.786798e-03
1.529397e-03
8.595903e-02
1.359772e+00
2.333895e-01
6.817474e-02
3.272242e-03
2.191264e-02
4.589101e-05
5.812079e-03
8.506409e-02
9.137111e-02
5.020963e-04
9.881249e-03
5.656478e-02
3.683580e-02
3.383364e-02
1.830683e-02
5.148297e-03
6.577239e-03
2.172761e-02
7.131211e-03
1.449599e-02
3.506750e-04
1.128386e-01
1.866586e-02
4.363731e-02
6.996708e-02
3.999989e-03
1.065169e-01
1.399768e-02
4.328437e-02
9.843253e-02
2.725726e-02
4.843986e-03
8.820979e-03
4.371689e-03
1.878442e-02
8.052642e-02
7.170126e-03
4.431213e-02
2.650743e-02
2.901813e-02
2.533615e-01
2.550288e-03
1.898838e-04
1.496236e-02
1.241725e-01
3.654844e-02
5.162536e-02
4.583448e-02
3.159870e-03
4.490676e-02
1.150336e-02
4.654619e-02
6.762942e-04
1.391705e-02
1.742377e-02
3.292593e-02
5.092697e-02
8.094691e-03
2.129479e-04
2.551448e-02
3.001371e-04
4.932427e-02
2.753641e-03
2.406159e-02
1.194547e-03
1.929854e-02
6.759247e-04
5.676380e-03
7.450569e-03
1.259448e-07
1.035097e-02
4.737383e-03
2.602801e-02
4.814094e-03
5.660861e-02
6.665965e-02
1.638275e-01
7.264631e-02
2.878428e-02
5.135930e-02
4.380004e-03
1.056008e-04
2.395727e-02
2.105105e-01
3.383981e-02
2.083323e-01
1.189245e-02
