1.589834e-03
1.389702e-03
9.131546e-02
1.519098e-01
7.790244e-02
1.817109e-02
3.768501e-02
1.649386e-01
9.236420e-02
5.894039e-05
4.830061e-02
2.700647e-02
1.187117e-02
1.187877e-01
4.506882e-03
1.526450e-04
1.119790e-04
3.010222e-03
1.023337e-03
2.202985e-04
6.677058e-06
8.946692e-03
3.776082e-03
1.041396e-02
5.879794e-03
8.340425e-02
7.860128e-03
1.095037e-02
3.600484e-02
3.191925e-02
7.841082e-04
2.293981e-02
5.789239e-02
3.433972e-02
6.728848e-03
4.781756e-08
1.143546e-02
7.859848e-02
8.510289e-02
5.239572e-02
1.433868e-05
5.354218e-03
9.777885e-03
1.807239e-03
1.490223e-02
9.916026e-02
4.585492e-02
1.449125e-02
1.447432e-02
2.665937e-02
6.191794e-02
1.880857e-01
7.106668e-02
5.717131e-03
4.035739e-02
1.881699e-02
9.613535e-03
2.804978e-03
1.457576e-01
3.640976e-02
1.049522e-01
6.648076e-02
4.861220e-04
4.717889e-02
1.111375e-01
1.762195e-01
6.427633e-03
5.005608e-04
3.865067e-02
2.289748e-04
2.899138e-02
1.374460e-01
3.995967e-02
5.733672e-02
1.469863e-02
3.375241e-02
8.365773e-02
2.761292e-02
2.887715e-04
3.440580e-02
9.467873e-03
2.407453e-01
2.219993e-02
9.316436e-04
6.174903e-02
5.608000e-02
3.605183e-03
2.690417e-02
4.618729e-02
1.136592e-01
5.096375e-03
1.104433e-01
9.026024e-02
3.363594e-04
1.113786e-01
3.520331e-03
4.424451e-06
3.210651e-03
2.355094e-02
9.764499e-02
4.281975e-04
4.987110e-02
1.859450e-02
5.319142e-05
8.651395e-03
1.437305e-01
5.602360e-02
4.441856e-02
5.655735e-03
2.131702e-03
7.129572e-03
3.738376e-01
2.674470e-01
3.422885e-02
3.214282e-03
5.736994e-02
2.816518e-02
2.077839e-01
4.818609e-03
9.398417e-03
2.564563e-02
7.140483e-02
1.104975e-01
1.511770e-02
2.463805e-03
3.006767e-03
8.195823e-03
3.627453e-03
3.118035e-01
1.323593e-01
2.772284e-02
1.552704e-02
1.179179e-01
2.420835e-01
7.876448e-02
2.944764e-02
5.946987e-02
1.881288e-02
2.042820e-01
4.235349e-02
1.271335e-01
4.775520e-02
5.787044e-05
3.482481e-02
2.576523e-01
1.231175e-01
2.500337e-04
1.927366e-03
2.574789e-02
1.222110e-02
1.222934e-01
3.274742e-04
3.105506e-02
2.806177e-03
2.971562e-02
1.981216e-02
3.858566e-01
4.590397e-02
1.876811e-01
3.033670e-01
2.211389e-03
1.392991e-02
1.243018e-01
6.843556e-02
1.247790e-02
8.104320e-02
9.116158e-04
1.046722e-01
3.055068e-02
3.422356e-02
7.318893e-02
1.637646e-03
4.089124e-05
4.017014e-02
7.198366e-02
3.411383e-01
2.794783e-02
1.066826e-01
1.380563e-01
6.206544e-02
3.530772e-03
1.024482e-01
1.226086e-02
1.522479e-03
1.382212e-01
1.755043e-02
5.293848e-03
4.942158e-02
2.442195e-02
5.564973e-02
5.336254e-02
1.762606e-01
6.367655e-02
2.325600e-02
4.895611e-03
5.055161e-02
8.977563e-02
8.183788e-02
6.723836e-03
2.538307e-06
8.254384e-03
2.050392e-04
2.228745e-02
2.988972e-02
4.144039e-04
3.120415e-04
1.381131e-02
5.387661e-03
2.885495e-01
1.272788e-01
1.561767e-02
9.311782e-02
1.850951e-03
2.088123e-03
2.582460e-02
1.108755e-02
1.077834e-02
1.543922e-01
3.049845e-02
6.706691e-03
1.038277e-02
2.844352e-04
1.521053e-01
8.250337e-02
1.244156e-04
7.800851e-02
2.628712e-03
1.381720e-02
6.391528e-03
1.534543e-01
1.729439e-02
8.491860e-03
1.627631e-03
1.159977e-04
8.079282e-02
7.022707e-02
2.974566e-03
7.186277e-02
2.074592e-02
6.541833e-02
5.843152e-03
2.043373e-04
1.235050e-05
2.575128e-03
7.007266e-02
4.450638e-03
2.301995e-02
4.616115e-02
3.865325e-02
1.069545e-02
3.501843e-02
4.161571e-02
1.582494e-02
1.235671e-02
5.637434e-03
4.035460e-03
3.569752e-02
2.755894e-02
1.444889e-05
1.807746e-02
1.230026e-01
9.520840e-02
5.353151e-04
5.116581e-03
1.362880e-01
4.823625e-03
2.080953e-03
1.559237e-01
1.434532e-04
7.701488e-03
9.807578e-03
2.373404e-03
1.381555e-01
9.319971e-02
1.004860e-01
6.080237e-02
3.531311e-04
3.991484e-02
1.000928e-01
8.251840e-03
1.499639e-02
9.240404e-03
2.196255e-05
1.252460e-03
3.005604e-02
1.143535e-02
5.313474e-02
6.696147e-02
8.701709e-05
1.526506e-01
6.133130e-02
3.807520e-02
2.330107e-03
4.593919e-04
6.469289e-02
1.114110e-04
3.093324e-02
8.501028e-04
1.659314e-01
1.593899e-03
4.094405e-02
2.264087e-03
7.709521e-03
1.660722e-02
8.817986e-03
2.992349e-02
1.278505e-02
1.845404e-02
6.885933e-02
2.252301e-01
1.980006e-01
4.755714e-05
1.554534e-03
1.526674e-01
1.080767e-01
1.120598e-04
4.014388e-02
7.084999e-05
1.174401e-02
1.285864e-02
8.761762e-04
1.588398e-02
1.461304e-02
1.558316e-02
5.039482e-02
1.082815e-01
1.064185e-01
1.246851e-02
7.832442e-02
2.030184e-03
2.423979e-02
2.059394e-02
1.355016e-03
4.971085e-02
1.498149e-02
6.000021e-03
3.009907e-02
7.492617e-03
2.604479e-02
4.007547e-03
3.757114e-03
4.775157e-03
5.560350e-02
3.186274e-05
2.303507e-01
2.571426e-02
4.026844e-02
2.197059e-02
4.737329e-02
1.000594e-02
1.821393e-01
2.193375e-02
3.388370e-04
4.655418e-03
2.746210e-02
1.813132e-02
9.642369e-02
2.097928e-02
1.577349e-04
4.415424e-02
8.323542e-02
2.569254e-02
6.601751e-03
9.237208e-03
8.422254e-03
2.098246e-07
1.176481e-01
4.148456e-02
1.900233e-02
2.703592e-02
6.302622e-02
3.224251e-04
2.619664e-03
1.301465e-01
6.806981e-02
1.760705e-01
8.229654e-02
4.544737e-02
1.289416e-03
2.412762e-01
2.447077e-02
5.090953e-04
1.632480e-01
2.518030e-02
1.867681e-02
3.010222e-02
4.008379e-03
2.068665e-04
5.843400e-02
1.798789e-02
2.972682e-02
3.845719e-02
1.352806e-01
1.936391e-02
3.459088e-02
1.267623e-02
1.228266e-03
2.395776e-03
1.455671e-01
1.484774e-01
1.445233e-02
2.110621e-02
5.938016e-02
3.374776e-02
4.494259e-02
2.502837e-03
6.336619e-02
1.335045e-03
3.153170e-05
6.006227e-02
6.348490e-03
1.227554e-02
6.543940e-02
1.426924e-03
6.314372e-04
6.748449e-03
2.051839e-03
2.885429e-02
1.126904e-02
1.710333e-03
3.732185e-03
1.392308e-01
6.547307e-09
1.249821e-02
1.230595e-02
2.958129e-02
5.955023e-02
1.375414e-02
8.690738e-03
1.208566e-01
5.923199e-02
4.543759e-01
5.383413e-02
4.625894e-02
2.602834e-03
5.740635e-02
2.392122e-02
3.406673e-03
7.139692e-05
3.246533e-03
8.679702e-03
1.016598e-01
3.588630e-03
3.340225e-03
4.877510e-02
1.899651e-02
4.108142e-02
6.619069e-04
1.242662e-02
3.835353e-02
1.013797e-02
2.699268e-02
4.936757e-02
2.324556e-02
2.797437e-03
5.478195e-05
2.497986e-02
7.274562e-02
9.221558e-02
1.856083e-02
2.868213e-04
8.259232e-05
5.320726e-02
2.233385e-05
1.011436e-01
7.177157e-02
7.354486e-02
2.705774e-02
9.678113e-05
5.251626e-02
4.266434e-03
3.053985e-04
2.155229e-01
1.038120e-01
2.225136e-01
1.316782e-01
1.762123e-02
6.926587e-04
3.877363e-03
2.669600e-02
1.629566e-01
6.758387e-04
1.119119e-03
8.013227e-02
1.641878e-02
3.889672e-02
2.736195e-02
4.068895e-02
8.805802e-03
3.197136e-02
9.247634e-03
6.421024e-03
1.029014e-02
2.270401e-04
7.786254e-02
2.611839e-04
3.924136e-04
3.197369e-02
7.076796e-03
3.283282e-02
1.269934e-03
1.948552e-02
3.279416e-02
5.011871e-02
8.700305e-02
6.028998e-04
5.295274e-03
7.102141e-01
5.481967e-02
9.008881e-05
9.237544e-02
2.280819e-01
5.322971e-03
2.822236e-03
1.397260e-01
2.746111e-02
9.639914e-02
6.213056e-02
8.378721e-03
9.476500e-04
3.753924e-02
5.646738e-04
1.024854e-01
2.969526e-02
1.445061e-02
1.508727e-02
5.488223e-02
6.564614e-02
5.489523e-02
1.132435e-01
1.029484e-01
7.171559e-03
2.660670e-02
1.815248e-01
3.220059e-02
3.201503e-02
8.850672e-02
8.755231e-02
6.038548e-02
1.052985e-02
1.937863e-01
3.218040e-02
6.550965e-02
2.675534e-02
4.405455e-03
4.403307e-02
7.007483e-02
2.868400e-02
1.901268e-02
1.418832e-01
1.584169e-02
1.260457e-02
1.894661e-01
3.306649e-03
1.321010e-01
1.251279e-01
3.062247e-03
6.324281e-03
1.454817e-04
1.192987e-03
2.667259e-02
9.904767e-03
9.733482e-04
9.549688e-02
6.120375e-02
1.819581e-02
1.932734e-01
7.177558e-02
9.753559e-07
2.192767e-02
2.737854e-06
2.844297e-03
8.271362e-02
3.638178e-02
6.086152e-02
4.942551e-02
9.326365e-02
1.586197e-02
1.073489e-02
6.166122e-02
7.060365e-02
2.025540e-02
2.825600e-03
2.056213e-03
4.016367e-02
2.418500e-02
7.665990e-03
5.247809e-03
6.239224e-02
2.124174e-03
1.373302e-01
8.194346e-02
3.437081e-03
8.326010e-03
