2.067851e-02
1.652845e-01
2.298434e-02
5.179249e-03
1.988036e-01
6.724689e-03
5.231199e-02
1.732071e-02
3.440962e-02
3.501042e-03
1.011585e-02
7.277549e-02
4.695608e-02
3.607724e-04
1.888380e-02
7.971747e-04
1.098645e-02
1.178231e-03
1.746482e-02
6.602076e-04
1.413324e-03
7.606285e-02
4.179939e-03
2.780471e-02
2.546662e-03
5.747888e-03
6.876236e-02
6.568917e-02
5.528285e-03
9.605411e-04
3.505358e-02
2.773364e-03
1.948075e-01
5.422917e-03
4.230787e-04
1.973859e-02
8.822945e-02
2.849548e-03
4.051778e-02
7.128975e-03
6.262281e-04
2.403415e-02
1.221925e-01
1.615352e-02
2.473755e-02
4.660665e-02
1.757219e-02
8.099646e-02
2.388853e-02
2.353413e-03
3.771017e-02
2.637585e-02
4.146081e-02
2.192009e-04
8.491833e-03
8.694734e-02
7.816398e-02
7.396939e-03
1.269309e-01
6.519513e-02
8.674403e-02
1.006080e-03
1.472747e-03
9.581067e-03
2.207854e-02
1.144262e-01
1.676401e-01
5.025247e-02
1.772375e-02
1.832053e-02
2.111215e-03
5.711364e-03
4.540414e-07
3.224485e-02
7.067397e-03
8.037598e-03
1.741404e-02
1.522709e-01
3.363873e-02
2.504381e-03
4.288434e-02
1.590608e-04
2.360740e-02
3.240902e-02
8.822847e-02
1.644635e-01
1.147513e-01
8.427436e-02
9.299029e-03
2.214036e-03
4.164093e-02
7.016780e-02
2.674712e-03
6.482655e-02
4.838487e-05
1.735777e-02
3.443126e-03
3.749105e-02
4.886409e-02
1.835034e-02
1.052190e-01
1.139315e-02
2.586057e-01
1.189323e-02
4.893345e-03
1.006191e-03
1.269463e-02
1.738189e-03
6.691331e-04
2.488947e-01
3.603123e-02
8.728420e-04
3.037491e-02
2.410900e-02
1.062464e-01
6.585944e-02
1.933424e-02
2.105717e-01
8.626465e-02
5.404548e-02
1.075320e-02
5.904939e-02
2.911198e-02
1.388647e-05
3.857638e-01
1.782310e-02
6.458441e-02
4.273840e-04
1.228571e-01
2.691027e-01
1.876828e-02
1.671404e-02
6.622588e-02
1.189671e-01
1.028889e-01
1.848277e-02
1.655895e-01
4.491324e-03
9.384643e-02
4.207884e-03
2.356765e-02
4.265119e-04
1.728867e-03
3.336165e-02
1.044157e-01
5.391361e-03
7.976717e-03
7.282126e-02
4.745873e-03
4.864887e-01
4.568446e-02
2.259424e-01
1.822304e-02
4.475297e-03
4.237549e-03
7.094185e-03
3.161069e-02
1.420119e-04
6.847292e-02
1.824579e-01
6.681223e-02
6.734004e-03
2.413996e-04
1.314671e-01
6.799781e-04
2.162965e-03
4.989581e-02
1.320915e-01
7.743694e-02
5.951461e-02
5.621035e-02
2.150103e-03
1.299789e-01
4.342411e-05
2.653841e-02
6.015480e-02
3.749182e-01
6.630394e-02
5.430051e-02
1.086911e-03
3.871314e-02
1.861038e-02
1.732686e-03
9.481847e-02
7.150012e-03
1.590730e-02
2.589354e-05
3.680081e-03
6.618812e-02
8.727241e-02
1.515274e-02
6.992642e-02
3.731004e-02
3.574469e-02
2.272207e-01
4.528160e-04
2.155611e-03
3.974669e-02
4.483164e-02
1.682956e-01
1.214744e-01
2.030573e-01
1.005778e-01
8.036333e-03
7.420892e-03
6.397824e-03
1.279421e-02
2.926227e-02
3.293862e-02
2.721682e-03
1.307389e-01
2.037320e-02
4.763086e-03
1.464358e-01
1.089514e-01
5.664451e-02
4.140067e-02
3.238280e-04
1.242370e-02
1.682066e-02
2.885664e-02
2.473544e-02
1.468616e-02
4.925042e-02
1.931964e-02
5.119559e-02
7.024946e-02
1.795680e-02
2.197269e-01
2.669811e-02
3.737799e-03
2.014160e-06
9.847370e-03
5.432479e-02
4.243513e-05
2.284366e-01
7.851991e-04
2.032322e-01
3.533142e-03
7.976210e-02
1.009875e-02
6.524769e-03
3.524195e-01
1.267152e-02
1.164936e-02
1.027790e-01
4.139400e-03
1.363583e-02
8.831503e-03
5.144595e-02
2.762698e-02
2.246484e-02
7.626324e-02
4.432627e-02
4.366991e-02
1.649941e-02
6.252195e-03
8.834105e-03
3.153052e-02
3.705537e-02
4.146111e-03
1.714097e-01
1.659934e-03
4.363057e-03
1.942779e-02
1.673292e-02
5.177013e-02
1.196388e-01
7.104971e-02
3.170343e-03
1.971040e-02
1.799175e-02
3.345020e-01
4.900483e-02
1.991381e-03
7.001299e-02
1.526832e-02
1.034579e-01
3.474130e-03
3.802350e-02
9.809061e-03
3.333519e-02
2.306339e-01
1.943214e-05
2.259764e-05
7.498405e-04
4.109464e-02
1.152092e-02
2.082551e-02
4.520990e-03
1.471083e-04
3.573283e-01
2.890625e-02
5.286475e-02
4.998623e-02
1.102307e-01
4.468228e-03
1.911671e-05
1.183240e-04
1.380814e-02
7.034760e-04
2.295043e-02
1.023232e-02
2.253001e-02
1.994271e-01
8.464160e-02
6.383809e-02
1.074243e-01
2.344332e-01
6.420509e-02
2.771778e-02
6.067247e-03
3.851328e-07
4.043803e-06
5.461803e-04
1.153443e-02
5.177694e-02
2.398870e-03
2.636707e-03
2.374426e-05
2.322299e-01
1.824662e-01
2.806689e-01
2.334696e-03
2.129882e-04
1.081893e-03
1.229231e-02
1.000024e-01
5.983823e-03
3.665760e-03
1.077144e-03
3.099306e-03
2.845169e-06
4.371301e-02
8.550447e-02
1.780446e-02
3.839448e-03
8.275380e-02
9.688468e-02
6.356856e-02
1.549911e-01
4.336549e-02
5.915706e-02
1.811665e-01
1.735083e-02
1.107716e-03
4.783094e-02
2.811830e-02
4.324720e-03
1.307904e-01
2.435540e-03
3.194786e-03
4.092654e-03
2.311811e-02
3.867640e-03
3.020585e-01
1.011020e-03
5.163692e-04
6.573683e-03
1.489223e-02
5.348801e-04
1.693911e-03
5.545570e-02
2.445908e-03
1.949169e-01
1.581549e-01
6.724036e-02
9.223229e-02
1.502765e-04
2.310283e-01
3.373527e-04
5.304019e-05
5.224399e-03
7.414348e-03
2.558182e-02
3.670709e-04
1.080509e-03
4.386032e-02
5.603067e-03
8.166912e-02
8.433186e-02
4.820094e-02
1.886292e-02
1.030422e-02
8.119618e-02
9.219735e-03
1.111460e-05
3.002904e-01
1.101108e-01
2.206305e-02
3.709218e-02
3.139308e-04
6.882153e-02
9.389275e-02
1.044615e-02
1.785844e-03
1.373550e-01
1.101001e-02
4.272212e-02
2.028832e-04
1.466611e-03
2.125385e-02
2.189614e-01
4.759518e-02
1.286136e-01
3.055846e-02
3.851099e-04
1.316494e-01
3.711564e-03
1.018593e-05
8.757346e-02
5.480291e-03
4.216069e-03
6.023415e-03
8.706463e-03
4.808367e-03
9.273228e-02
9.046889e-03
2.325744e-03
9.440825e-02
1.535695e-04
1.033265e-01
1.212723e-02
3.841553e-02
3.743209e-02
1.489596e-02
1.202631e-02
6.768350e-02
3.795388e-02
1.224088e-03
7.884382e-04
4.232769e-02
2.507288e-02
2.586859e-02
3.764993e-02
3.804647e-02
1.814844e-01
6.166071e-02
6.556667e-04
7.850939e-02
1.089813e-01
6.399165e-02
1.970759e-02
1.370965e-02
2.126836e-02
3.043814e-02
6.261505e-02
7.428214e-03
2.687202e-04
3.106958e-02
8.114531e-03
1.994101e-01
6.616439e-03
4.515484e-03
7.729187e-02
2.588832e-02
2.931444e-02
6.335809e-02
7.867486e-02
3.750313e-03
6.990142e-02
5.051048e-02
2.839006e-03
3.781880e-02
3.147579e-02
5.268020e-03
2.162148e-02
1.108239e-02
3.527066e-02
7.502366e-03
3.311597e-02
1.252608e-01
1.579857e-01
1.368970e-03
6.916184e-03
4.785181e-02
1.805633e-02
1.161384e-03
1.007682e-01
1.339562e-02
6.384747e-03
1.370282e-03
6.659000e-02
1.949280e-04
1.301420e-01
5.160945e-02
1.976890e-03
1.619174e-01
3.693630e-02
3.168633e-02
1.016219e-01
9.112301e-03
7.470078e-02
2.058802e-03
2.253766e-02
4.531981e-02
8.474320e-02
1.171025e-04
5.461217e-02
2.929747e-03
7.135960e-02
6.482254e-02
2.273394e-01
2.015357e-03
2.887937e-03
2.487563e-01
8.460221e-02
1.327740e-01
3.782990e-02
1.077386e-02
1.476083e-01
8.658520e-02
5.017668e-02
6.775059e-02
1.944957e-03
1.099096e-02
5.668511e-03
3.686171e-02
1.946162e-01
4.859500e-03
3.445187e-02
2.488159e-02
2.302330e-03
1.077085e-01
2.697945e-02
1.164902e-01
1.682954e-02
2.222161e-02
4.492275e-02
5.276191e-02
3.547072e-04
1.339792e-02
1.182249e-02
1.127392e-01
5.109306e-03
8.192323e-04
2.453338e-02
6.377123e-02
6.996142e-03
8.495824e-02
6.615665e-01
2.144864e-01
1.431083e-01
7.143426e-02
1.616217e-02
1.471155e-03
9.861003e-03
4.477048e-02
4.470920e-02
4.485327e-04
2.388855e-02
7.971687e-02
1.698318e-02
1.489462e-02
9.776981e-02
6.770313e-02
1.671409e-02
6.170398e-02
1.468578e-02
2.174497e-02
1.742154e-03
8.017681e-03
2.003261e-02
9.372098e-02
1.359411e-02
1.653148e-01
1.349971e-02
1.316778e-03
1.283611e-01
6.708040e-03
1.724183e-01
6.538094e-04
1.145089e-01
1.852900e-01
9.804155e-04
1.691738e-01
1.613365e-01
5.560283e-05
1.062836e-02
1.742434e-02
1.472798e-01
8.844726e-02
8.879774e-04
1.175023e-01
5.787654e-02
1.005764e-02
5.395192e-02
6.315150e-02
6.692074e-04
6.620262e-03
2.453785e-01
1.003864e-01
6.810138e-03
4.588300e-03
