2.970683e-02
7.329886e-05
6.229111e-03
1.528315e-02
7.377273e-03
1.291889e-02
4.689479e-02
7.797584e-06
3.036005e-02
1.725511e-03
8.980459e-02
4.679530e-03
5.986611e-02
9.083456e-02
9.672475e-03
4.093045e-02
5.868136e-02
3.440880e-05
2.582806e-01
2.294846e-02
2.041664e-01
5.474226e-02
3.235309e-02
2.197403e-01
5.440016e-03
7.104984e-03
5.704102e-02
1.788184e-02
9.442184e-03
3.359281e-03
6.278036e-03
1.732971e-01
6.321484e-02
1.529088e-04
8.244487e-02
2.562589e-03
3.682540e-02
2.909373e-02
5.017451e-02
9.943687e-02
5.320455e-02
1.123506e-01
4.484454e-02
1.489697e-02
8.850429e-02
1.855936e-02
5.140889e-02
8.946103e-04
7.399256e-04
2.326554e-01
6.909711e-02
4.442674e-02
1.603783e-02
1.152285e-02
1.923361e-02
6.997464e-03
8.845101e-04
1.919895e-02
3.304618e-02
1.869714e-02
1.659451e-01
8.721941e-04
9.962924e-02
3.013357e-04
2.983939e-02
4.152088e-03
3.265154e-05
4.382404e-01
8.956898e-02
1.648878e-02
3.245215e-02
3.677659e-02
2.270691e-03
8.688820e-03
8.256242e-02
8.665621e-02
3.897072e-04
1.424370e-04
2.170101e-02
1.594399e-02
9.117084e-02
2.237930e-01
3.638992e-03
2.140314e-05
2.223205e-02
2.516074e-02
2.892565e-02
5.339195e-03
2.536146e-02
3.835730e-02
2.036362e-04
8.441369e-04
1.873582e-05
1.050236e-02
1.828843e-03
1.553238e-03
1.716476e-01
1.353719e-03
1.088636e-02
2.902497e-02
4.908828e-03
6.468021e-03
7.359536e-03
2.129025e-03
7.771535e-03
6.105499e-02
8.946013e-04
7.829626e-02
2.659044e-02
1.388077e-02
1.890723e-02
4.966209e-01
9.862459e-02
6.352344e-03
2.640811e-02
1.511599e-02
2.851599e-02
3.383805e-06
1.325337e-02
3.827797e-02
7.913944e-04
2.172064e-04
6.020318e-02
1.186853e-01
6.207712e-06
2.763502e-03
1.876453e-02
1.232983e-01
1.462423e-02
1.687283e-03
9.128769e-03
4.947461e-03
9.732218e-05
1.098075e-03
2.242026e-03
1.509745e-01
1.240101e-02
6.452188e-03
3.245175e-03
1.018586e-02
3.321255e-02
1.107723e-01
1.145344e-03
5.434944e-02
6.710798e-03
9.295753e-03
5.082263e-02
1.117298e-01
2.415985e-02
4.281594e-02
3.875903e-03
1.093206e-02
1.606682e-03
7.643611e-02
3.289732e-03
1.153180e-02
6.949847e-02
1.735237e-03
9.486945e-03
7.693784e-01
1.216367e-02
2.730323e-02
3.557834e-03
1.602561e-01
1.085680e-01
1.940330e-02
6.025564e-03
2.324766e-01
3.378812e-03
1.865109e-03
8.980866e-02
2.693816e-04
7.797241e-02
1.864679e-04
1.482320e-03
3.454826e-02
1.280534e-03
6.924580e-03
2.871232e-02
2.797124e-01
3.549618e-03
1.133418e-01
1.289488e-02
6.787966e-02
1.076234e-04
9.893030e-03
8.701340e-04
4.407616e-02
1.173093e-01
2.202742e-01
1.318704e-02
6.261936e-04
1.221341e-01
2.423231e-02
6.700085e-03
1.064617e-03
3.394734e-02
3.391688e-02
2.402310e-02
7.857226e-03
1.500472e-01
3.675401e-03
3.562852e-02
7.347516e-02
1.553637e-01
1.084389e-02
2.697631e-02
8.631961e-02
4.376713e-02
3.884426e-04
4.626594e-03
6.575028e-04
3.048140e-02
3.848567e-03
1.136716e-06
4.865430e-02
3.207000e-02
3.344414e-02
5.354389e-02
5.992468e-03
3.112453e-02
8.827934e-02
2.339827e-01
4.326817e-02
9.751906e-03
3.551668e-01
7.032362e-02
2.014704e-03
7.184556e-04
1.750773e-02
1.228013e-02
1.109834e-01
1.155372e-03
1.469023e-01
2.578031e-02
9.577191e-02
1.278070e-02
1.424008e-02
1.271418e-01
1.268330e-01
7.683945e-02
1.053976e-02
4.154700e-02
4.347000e-02
2.097079e-02
3.550164e-02
3.416164e-02
1.650483e-01
7.917094e-03
8.575185e-04
3.840852e-02
8.066802e-05
3.721150e-02
1.380015e-02
1.088426e-01
1.691045e-02
3.514495e-03
1.738205e-02
1.181140e-01
4.752938e-02
4.916067e-02
7.306772e-03
1.216668e-03
4.113999e-02
1.509965e-02
3.812524e-03
1.029003e-02
1.719160e-02
6.858581e-02
4.099337e-04
1.568441e-02
1.853557e-02
1.445622e-01
5.470830e-03
2.192772e-01
5.141826e-03
1.656224e-02
3.260523e-02
4.697037e-02
4.927708e-04
1.819454e-02
1.400569e-02
9.382871e-03
8.721977e-02
4.187134e-03
5.190418e-02
7.220238e-02
2.537026e-02
4.643368e-02
3.580973e-03
6.657396e-02
1.021855e-01
7.474138e-02
3.847576e-02
1.822182e-02
7.216634e-03
2.139288e-02
3.687380e-02
1.883798e-02
2.263004e-02
6.376086e-02
3.603883e-02
3.747260e-04
4.683962e-03
1.307800e-01
1.687771e-01
3.654272e-02
9.426861e-03
6.017227e-03
4.018121e-01
3.148378e-02
5.818045e-02
2.347913e-01
1.415515e-01
1.039200e-02
5.810530e-02
2.751392e-02
7.661941e-02
4.868096e-02
1.511919e-03
2.333593e-03
1.689226e-02
4.554225e-02
1.859615e-02
3.729030e-04
4.081393e-02
4.454934e-02
5.018138e-02
5.587557e-02
1.393716e-01
4.379321e-02
2.728749e-02
2.055476e-03
1.908143e-01
1.105543e-01
1.582602e-01
1.830922e-02
4.660482e-02
4.597386e-03
6.031639e-02
6.023451e-02
8.699400e-02
1.156085e-01
2.927811e-06
9.811769e-04
1.952447e-02
4.709998e-02
4.719785e-02
2.115772e-02
8.851275e-02
3.536547e-04
1.692014e-01
4.995110e-03
1.051122e-02
1.145645e-01
7.122940e-06
3.175738e-02
6.058512e-02
2.027907e-01
5.039520e-03
4.945012e-02
3.266251e-03
1.139576e-02
3.946908e-02
1.342058e-04
2.669551e-01
1.234682e-03
1.371969e-02
1.477048e-04
4.288264e-02
5.932016e-02
1.091327e-01
1.352724e-02
3.266357e-02
1.225953e-01
1.469204e-02
1.659052e-01
3.345448e-02
4.214484e-02
2.140905e-02
3.168095e-02
4.260058e-02
4.631073e-03
7.926929e-02
3.185690e-04
1.240621e-01
4.382473e-04
6.535217e-02
3.268677e-02
2.104016e-02
2.759210e-01
1.268426e-03
1.679164e-01
5.833086e-03
5.188365e-02
3.020549e-02
5.910165e-02
3.282330e-02
2.575362e-04
8.000619e-03
4.369592e-02
9.195147e-02
6.241812e-04
8.583855e-03
4.078509e-02
7.855400e-02
7.269518e-05
4.152801e-02
8.707655e-03
1.234873e-02
1.627906e-02
8.658816e-02
2.164322e-02
1.038242e-01
1.173352e-03
3.469588e-03
8.448285e-02
1.288812e-01
2.972633e-02
1.622852e-01
1.453207e-02
3.216258e-05
1.867414e-03
1.913723e-02
2.025485e-02
1.676843e-02
2.682182e-02
6.526212e-02
6.919505e-02
7.785357e-02
9.849782e-02
6.690355e-04
5.973075e-02
3.073906e-02
2.406864e-03
3.244165e-02
9.843465e-05
2.395050e-01
1.815745e-02
2.545178e-02
5.701033e-02
1.043134e-01
7.478107e-04
3.076741e-04
1.921799e-01
9.757854e-02
7.110497e-06
3.415059e-02
3.425938e-02
2.720477e-02
1.136820e-02
4.654710e-02
2.522849e-02
4.705616e-02
6.315603e-03
1.586051e-03
2.998317e-01
4.257870e-02
9.476403e-03
2.268356e-03
5.206554e-02
1.655330e-01
6.673484e-02
6.824972e-02
4.307243e-02
1.716725e-02
8.797760e-03
1.256909e-02
2.638548e-01
1.843441e-02
4.370267e-03
8.673856e-01
2.724514e-03
2.838517e-03
8.627956e-03
1.717057e-01
4.924692e-03
3.588743e-02
3.171962e-04
6.724474e-02
1.805807e-01
5.259153e-03
8.874097e-04
1.180474e-02
1.488267e-01
2.340935e-03
1.105489e-01
3.213306e-03
1.964640e-03
9.916676e-03
1.801245e-02
7.263032e-03
1.787137e-02
1.660911e-02
2.004913e-01
4.690265e-02
5.372449e-04
7.545377e-02
2.865702e-02
3.000861e-05
4.771561e-03
1.579244e-02
1.596048e-03
1.502749e-01
4.170330e-03
3.088263e-02
4.122288e-02
3.589472e-02
1.844613e-01
3.958611e-03
6.701664e-02
1.697242e-02
5.024248e-03
3.868006e-03
1.933654e-02
9.770578e-03
3.252353e-01
7.042306e-03
2.083019e-03
4.558780e-03
5.550692e-02
3.872069e-02
8.714665e-07
1.407581e-02
2.089800e-03
1.435943e-02
1.435838e-03
9.612557e-02
3.243092e-03
2.546107e-02
5.042953e-02
2.135853e-01
2.007037e-02
7.783799e-03
1.141391e-01
6.924422e-03
3.626748e-03
5.164295e-02
3.200010e-03
1.617314e-05
4.933215e-02
3.666508e-02
2.852162e-03
1.125630e-02
6.126202e-02
1.680743e-03
5.493130e-03
3.383327e-01
3.972915e-02
6.763334e-03
2.256472e-01
6.324234e-05
1.301678e-06
3.921089e-03
7.171017e-04
9.098644e-03
7.738193e-02
1.179644e-03
1.631006e-05
3.549517e-02
3.833197e-02
5.530396e-02
9.423152e-05
2.105222e-01
9.747229e-03
2.345052e-02
1.258369e-02
1.766200e-02
1.447716e-05
1.941702e-02
9.325357e-03
1.792195e-01
2.544785e-01
1.669942e-02
1.335186e-01
4.265495e-03
1.559705e-05
3.291552e-02
6.224594e-02
1.188419e-01
2.234858e-04
3.475690e-02
9.143327e-03
5.620308e-02
4.101392e-03
6.810285e-02
5.246602e-02
3.935266e-01
5.659890e-02
9.683750e-03
1.617131e-02
5.869155e-02
1.747489e-02
2.879253e-03
