6.173556e-05
1.510763e-01
3.448329e-02
1.370450e-02
7.213199e-03
2.376990e-02
5.921113e-04
1.232811e-01
3.980393e-03
3.621599e-01
2.670444e-01
4.259291e-02
1.432528e-05
3.865477e-02
1.004206e-02
2.526084e-03
2.044947e-02
7.155380e-02
3.604573e-02
1.006049e-02
1.441661e-02
1.583525e-01
2.156603e-01
7.688296e-03
1.160221e-03
8.586043e-02
2.436617e-02
7.802122e-04
1.589166e-02
9.300107e-03
9.549847e-04
1.618923e-02
1.228198e-01
9.563516e-04
2.881656e-02
5.542039e-03
3.710835e-02
3.638425e-02
8.344680e-03
1.147655e-01
3.988146e-03
4.537679e-05
2.173562e-02
6.145344e-03
1.154698e-03
2.777465e-02
4.694896e-02
2.414130e-01
3.850418e-03
4.453763e-02
1.714329e-01
9.227753e-03
3.001640e-02
2.872777e-02
3.606206e-02
9.579448e-02
9.742044e-02
2.034941e-02
4.335652e-03
3.712609e-03
2.803798e-03
2.051948e-02
3.428210e-02
1.081998e-01
1.045618e-01
1.261687e-02
1.006836e-01
2.077650e-03
6.742480e-02
9.795995e-03
8.541414e-02
1.497137e-01
2.025851e-01
6.774791e-03
4.632433e-01
4.149255e-02
7.095293e-02
2.666685e-05
3.279846e-02
8.447606e-02
4.650845e-02
1.396064e-01
4.561596e-02
9.358352e-02
6.908963e-02
5.285027e-04
2.853915e-02
4.810184e-02
5.106323e-03
2.916355e-02
1.345749e-02
5.846620e-02
6.042093e-01
3.373921e-05
2.299300e-02
6.590681e-02
1.895620e-02
2.624976e-01
1.922403e-02
4.514945e-03
6.812404e-02
5.143699e-02
7.685563e-03
5.980571e-02
3.793965e-02
1.023974e-03
4.491792e-03
4.400286e-02
1.201230e-01
3.362013e-03
2.602417e-03
1.943369e-01
2.587020e-01
5.377882e-02
2.327968e-02
5.494586e-03
5.701795e-03
3.480698e-04
3.656559e-04
8.597808e-04
2.842982e-01
4.187005e-02
5.903898e-02
1.900081e-05
3.367229e-01
3.788402e-03
7.852763e-02
2.566880e-02
4.021918e-04
9.989651e-03
1.782390e-01
1.157270e-03
1.653183e-03
1.053826e-02
4.407310e-02
3.834481e-02
4.355068e-02
2.342272e-02
8.503840e-02
4.286824e-02
2.689475e-03
4.413179e-02
6.823356e-04
1.721786e-02
1.720071e-04
3.778740e-03
6.726785e-02
3.356503e-02
3.297832e-04
5.367075e-03
3.655984e-02
1.796796e-02
1.880782e-02
6.796877e-03
6.590078e-02
3.168712e-02
1.640345e-02
4.413741e-03
1.347913e-01
4.972169e-02
1.457749e-02
1.477076e-02
3.101179e-02
2.669290e-02
4.543039e-01
1.968696e-02
5.200302e-02
1.441162e-01
5.105809e-04
4.040943e-02
6.663962e-03
7.542789e-02
1.598382e-02
4.052356e-01
1.251735e-01
1.443173e-01
8.049291e-02
2.392808e-02
8.228380e-02
1.190230e-02
6.202334e-02
6.234692e-03
6.163575e-02
8.942170e-04
6.504531e-04
2.025800e-02
2.813291e-02
5.287586e-02
3.530492e-02
3.036767e-02
1.096998e-02
4.651189e-03
2.674501e-01
3.048262e-03
3.853854e-02
3.061493e-03
2.790329e-01
4.203888e-03
2.125494e-03
1.186823e-02
2.147525e-02
2.757844e-02
9.037471e-01
7.954926e-03
5.790577e-02
5.897637e-07
4.260356e-05
1.138836e-02
1.673060e-02
1.222701e-02
1.133832e-04
3.488862e-02
2.121456e-03
1.441040e-02
3.319517e-01
2.440903e-02
1.032067e-03
2.899069e-01
7.732551e-02
1.518894e-03
1.475595e-01
4.602029e-02
3.619138e-02
2.847833e-02
4.600882e-02
1.888121e-02
1.284858e-02
2.042914e-02
6.252990e-03
1.891580e-03
5.215258e-02
2.203982e-03
1.085432e-01
1.131445e-02
4.277352e-02
6.442199e-02
2.081963e-02
3.998800e-02
4.135087e-02
4.455335e-03
1.615401e-03
3.587196e-02
5.443964e-02
2.419563e-03
1.665441e-04
1.319223e-02
2.598273e-02
9.007109e-02
1.892972e-05
1.641074e-04
1.405822e-02
4.245456e-02
3.572720e-02
7.313421e-02
5.426060e-03
3.002196e-02
4.621702e-01
4.647476e-03
4.715090e-03
5.940070e-03
3.964025e-02
1.549475e-02
2.481964e-02
1.657909e-03
4.582630e-04
1.069661e-03
6.626218e-03
3.862808e-03
4.883094e-04
2.709151e-02
2.913453e-01
4.083718e-02
4.623014e-02
1.507934e-03
5.733759e-05
2.680991e-02
5.321135e-02
1.253617e-01
9.223574e-02
2.916251e-03
1.029666e-01
1.632687e-02
4.046803e-02
1.476519e-01
3.143490e-02
1.669209e-01
1.328466e-02
1.925898e-02
2.087309e-01
4.324657e-02
1.026882e-01
9.022040e-02
1.355342e-03
4.400999e-03
2.695432e-02
1.635952e-02
3.414995e-02
3.579799e-02
9.527937e-02
1.048019e-02
1.806689e-01
3.840796e-03
1.964699e-01
1.515766e-01
1.399613e-02
1.654875e-02
1.085404e-01
9.780655e-03
1.255302e-03
6.842404e-04
8.616599e-03
7.624374e-02
4.508513e-02
3.239265e-02
4.668296e-02
3.554232e-01
3.564424e-02
4.640340e-02
1.891304e-01
7.288194e-02
5.366569e-03
6.590964e-04
1.185440e-02
2.327126e-04
2.706243e-03
2.204231e-02
2.968143e-03
5.615646e-04
6.879796e-03
1.999217e-03
1.198391e-02
7.594550e-03
3.824680e-02
8.796951e-02
7.567356e-02
4.238714e-02
3.229118e-03
2.809705e-02
2.549343e-05
1.170993e-01
4.073889e-03
1.384908e-01
5.207666e-02
2.651071e-01
1.201577e-04
4.584846e-02
1.662885e-02
5.834177e-02
3.287951e-02
1.328701e-01
1.629979e-03
2.768774e-03
4.416757e-02
7.977597e-03
1.274382e-01
5.179465e-02
1.129438e-02
4.025433e-05
1.304048e-02
2.419435e-02
1.790529e-02
1.026213e-02
4.489262e-04
5.047727e-02
1.017609e-01
1.539291e-01
9.269420e-04
8.412634e-02
1.521464e-02
8.341392e-02
4.431770e-02
1.108864e-02
2.564110e-03
4.932427e-03
8.485573e-03
2.032569e-03
8.102625e-03
5.270240e-02
1.033745e-02
1.973490e-01
7.946629e-03
3.478133e-01
2.862214e-02
4.553118e-03
4.612018e-06
1.517966e-01
1.632067e-05
1.864234e-01
9.716079e-03
2.176595e-02
2.381479e-02
7.170619e-02
1.025128e-02
5.093299e-02
3.060350e-02
2.394019e-02
3.475721e-03
4.667726e-02
1.814959e-02
9.305638e-02
3.051603e-03
7.226158e-02
8.091711e-02
1.478659e-03
3.238309e-02
1.739885e-02
4.919223e-02
9.965387e-03
5.853381e-02
6.933821e-03
1.177205e-03
7.401923e-02
1.719235e-01
2.187763e-03
3.069083e-01
2.279485e-03
2.303243e-02
1.596491e-04
6.111931e-03
3.555263e-03
6.298087e-04
2.147771e-02
3.577060e-02
7.343333e-02
1.509818e-01
1.118835e-01
1.572010e-02
2.378884e-03
1.878517e-02
3.132099e-02
2.524344e-03
9.995712e-02
3.301520e-02
3.863835e-03
4.027295e-03
7.002158e-04
3.581077e-02
5.343233e-03
7.986126e-02
1.994553e-02
5.531046e-03
4.312635e-02
1.359863e-04
9.718434e-02
2.170369e-03
1.719368e-01
2.385947e-02
1.521036e-01
4.146009e-04
1.379815e-01
1.161519e-03
2.363553e-02
1.279901e-02
1.199344e-01
3.167812e-03
2.008126e-01
1.228936e-07
2.034486e-02
6.601564e-02
1.372735e-02
4.666463e-02
2.173475e-02
1.020848e-01
5.132765e-03
4.307748e-03
3.772620e-06
7.513938e-02
2.434185e-02
1.318508e-02
1.488607e-01
3.036820e-01
5.786875e-04
5.620426e-02
4.373227e-03
1.650678e-01
3.205036e-01
1.905590e-03
2.677223e-02
1.819689e-02
2.459717e-01
5.020505e-04
1.623693e-03
2.830851e-02
9.257302e-03
8.126325e-04
1.364130e-02
1.340463e-03
9.855847e-03
1.190549e-01
6.195776e-04
3.279084e-02
1.580398e-01
2.050576e-01
1.523647e-02
3.522025e-03
3.531169e-02
9.839101e-02
4.512824e-02
1.481487e-01
1.454119e-02
1.900382e-03
1.763326e-01
2.663632e-03
6.414119e-02
6.029443e-03
1.131221e-01
7.743101e-03
2.393862e-01
4.928363e-03
4.946141e-03
1.927581e-02
2.407284e-02
9.176081e-03
4.326722e-02
1.033755e-03
4.201393e-02
1.657054e-02
1.786573e-02
1.541217e-02
1.107066e-01
4.903983e-03
1.243687e-03
3.202659e-02
9.774252e-03
1.618310e-02
3.079017e-02
7.277615e-02
1.250339e-02
1.192304e-02
1.865416e-04
1.240213e-02
3.312945e-02
1.064857e-01
2.071841e-02
4.415003e-02
4.436747e-05
5.605083e-02
2.011253e-02
1.128564e-02
4.053259e-04
2.039509e-01
1.035470e-03
5.500916e-03
7.508435e-03
3.850256e-02
2.216860e-02
4.241442e-02
1.433165e-04
4.199852e-01
9.076843e-03
4.697116e-02
1.237410e-01
1.664387e-03
2.059444e-02
1.300885e-02
3.115151e-03
5.807808e-02
1.165411e-02
8.647244e-02
3.802968e-02
1.014058e-02
9.669600e-04
3.436657e-02
9.726513e-02
1.666950e-02
2.047122e-03
1.841610e-01
3.450280e-02
3.675723e-02
3.526789e-02
2.579657e-02
5.001974e-01
3.224911e-03
2.760715e-01
2.191333e-05
1.532213e-01
1.958037e-04
1.931851e-02
2.171124e-02
1.216280e-03
3.413405e-02
6.940588e-05
5.257903e-02
8.318471e-03
5.319458e-02
2.112328e-02
1.495845e-02
2.749840e-04
1.122976e-03
3.200007e-02
2.168676e-03
4.208883e-02
1.668776e-01
5.483507e-03
