1.475521e-01
4.128538e-02
7.479240e-02
2.587728e-02
5.394128e-02
9.686018e-02
1.168480e-04
1.440314e-02
1.033304e-01
3.603810e-03
4.465255e-03
5.437693e-02
4.306820e-02
6.089239e-05
2.132907e-01
3.018165e-02
9.196948e-02
1.129146e-01
2.623879e-02
3.186407e-02
1.817294e-02
1.915498e-02
4.329870e-06
7.462389e-03
1.356911e-02
4.027939e-06
1.165508e-03
5.622223e-02
6.354727e-02
7.489208e-03
2.084402e-02
7.075623e-02
2.636435e-02
1.408083e-02
4.136313e-02
2.880196e-02
3.763048e-02
1.345811e-02
3.989283e-03
7.600950e-03
7.927356e-02
6.099939e-03
5.135542e-02
8.906945e-03
4.014913e-03
3.001807e-02
2.716011e-01
8.611038e-03
1.391650e-04
4.418279e-02
1.147228e-01
6.947746e-05
2.134109e-02
8.574803e-03
1.425412e-01
1.416991e-01
2.252772e-02
6.705599e-02
6.639387e-03
2.264607e-03
5.798737e-03
9.202768e-05
1.228668e-01
1.298804e-03
3.524547e-02
6.645045e-02
9.338472e-02
4.435312e-03
9.431720e-05
3.274331e-02
7.677768e-03
1.219981e-04
3.330535e-02
1.514636e-02
1.090227e-04
1.011634e-01
1.334004e-02
1.299135e-02
6.862141e-02
1.176324e-01
2.695013e-02
5.216457e-02
1.709932e-02
9.447241e-02
6.944130e-02
7.296423e-03
3.568143e-03
2.274063e-04
3.659760e-02
4.041106e-04
1.806125e-01
3.443596e-02
5.789782e-03
3.607465e-02
6.230162e-02
2.797333e-02
9.981049e-03
2.955485e-07
1.591373e-01
3.699164e-02
8.720707e-02
1.256007e-02
2.267097e-02
3.775630e-01
3.569694e-02
1.754829e-02
3.103969e-03
2.868513e-01
1.924744e-03
3.254037e-02
4.001254e-02
7.856170e-02
9.474890e-03
4.022811e-01
1.271778e-02
2.012268e-02
1.283839e-01
3.822253e-02
8.029138e-02
1.655865e-02
1.081601e-02
1.524588e-02
6.339418e-02
1.879169e-02
6.034679e-02
9.061454e-02
2.648051e-07
6.791079e-03
7.149034e-03
1.990343e-02
6.727146e-04
1.045824e-04
6.430801e-03
6.753566e-03
1.512175e-02
4.558444e-02
2.700097e-01
1.488084e-02
2.718192e-02
2.177986e-01
2.061897e-02
1.004533e-01
5.325344e-04
1.732142e-01
2.681511e-01
2.331921e-01
1.801985e-02
1.020846e-02
5.174311e-03
2.333071e-02
6.375398e-02
7.889061e-04
2.112752e-01
5.551949e-03
3.611078e-04
3.998390e-02
4.598490e-02
1.359218e-01
2.862598e-03
5.474620e-01
4.075213e-02
2.346889e-03
2.036931e-02
6.382421e-04
1.723820e-02
4.082001e-02
1.170496e-03
2.008659e-02
6.597089e-03
2.698123e-04
2.525478e-03
2.980019e-02
1.125487e-03
1.192860e-02
1.673580e-02
2.701548e-03
5.556188e-02
3.029937e-01
2.077208e-03
1.222815e-01
3.725137e-02
3.237066e-02
1.130910e-01
1.418438e-01
1.178856e-03
8.877527e-02
1.322237e-02
2.955592e-03
1.796418e-02
1.666091e-02
4.954730e-03
2.249239e-01
5.094989e-02
1.300063e-01
1.478161e-02
3.750578e-04
8.138108e-02
4.122273e-04
1.203505e-01
2.155410e-04
1.256285e-01
2.959040e-03
3.968177e-04
7.268299e-02
3.152802e-03
1.511716e-02
6.224208e-02
6.191132e-02
8.612241e-02
4.123895e-03
4.182569e-05
7.687818e-04
5.976376e-02
1.294181e-01
9.502491e-03
5.659049e-03
2.212942e-01
4.958067e-02
3.228487e-03
1.895593e-01
4.278378e-02
1.778887e-03
1.927145e-05
1.873483e-03
1.750141e-02
7.495801e-04
5.578070e-02
1.895768e-02
3.232050e-02
2.287178e-06
3.720121e-02
5.390069e-02
1.436852e-03
2.646165e-02
1.770374e-02
1.344183e-02
9.620570e-04
6.380660e-03
1.713179e-02
5.268494e-02
9.950740e-03
4.157237e-03
4.287809e-01
3.907403e-02
1.634885e-04
3.330683e-02
4.048401e-02
5.483887e-02
1.116755e-01
8.159430e-04
3.143319e-02
5.135951e-02
2.129958e-03
4.612253e-02
1.879698e-01
1.791879e-01
1.912902e-02
1.151889e-02
8.298456e-02
1.262955e-01
9.742244e-02
5.401816e-02
1.073213e-02
5.684742e-03
1.371610e-01
5.197780e-02
2.042987e-03
6.904592e-03
9.948889e-02
5.086299e-03
4.119248e-02
1.961479e-02
9.196993e-02
8.984550e-03
4.757094e-03
2.284512e-01
4.480490e-03
8.829207e-02
1.361386e-01
3.813830e-02
1.477063e-02
8.894057e-03
7.786145e-04
5.517978e-02
5.762517e-02
4.559744e-03
3.691707e-05
6.543299e-02
1.060262e-01
1.117294e-02
6.630615e-02
1.130026e-01
1.432408e-03
6.841426e-02
4.904257e-03
1.919611e-03
3.432698e-03
7.909631e-02
1.199086e-04
9.715181e-02
1.592105e-03
4.065098e-02
3.299805e-02
7.067586e-02
5.687367e-03
7.304499e-02
2.718447e-02
4.219773e-02
1.252064e-02
1.078888e-01
1.112650e-01
4.869151e-02
1.841662e-01
1.957059e-02
2.466489e-02
9.417065e-02
3.934992e-05
1.666895e-02
1.011741e-01
6.899487e-02
2.372084e-02
3.473883e-02
1.715594e-01
3.622162e-02
1.029458e-02
5.131009e-03
3.695570e-03
2.993618e-05
1.121390e-01
1.249099e-02
4.771668e-02
2.037738e-02
1.605753e-02
1.289931e-02
3.432487e-02
2.116749e-02
3.722343e-03
6.468008e-02
2.756734e-02
1.500940e-02
4.004533e-02
3.060665e-04
8.796599e-03
7.355077e-02
7.962670e-03
2.198615e-01
9.775334e-03
6.613812e-03
3.089894e-02
1.538231e-01
3.736083e-02
1.917421e-02
2.497637e-02
8.782433e-03
8.986891e-03
6.428486e-02
1.794621e-02
2.063311e-01
4.649257e-03
3.912608e-03
4.951924e-03
1.475484e-02
3.035045e-03
1.500218e-02
2.993186e-02
1.804693e-02
7.857307e-04
8.352399e-02
2.037296e-04
1.282158e-01
2.509880e-02
4.672720e-03
1.672752e-02
1.466056e-01
6.371845e-03
9.102693e-04
6.513912e-02
1.607904e-01
1.957839e-02
5.107643e-02
4.473021e-02
1.966749e-02
1.453504e-01
4.354606e-02
1.971594e-01
1.842726e-02
1.538208e-01
4.529481e-02
2.699614e-02
1.092458e-01
2.824731e-02
1.310167e-01
3.967345e-02
1.548046e-02
8.075411e-02
5.577900e-02
7.639656e-03
5.258020e-03
2.535556e-02
1.654835e-04
4.101421e-02
8.254029e-02
1.286648e-01
2.062911e-02
1.968825e-02
5.693366e-02
1.470970e-02
3.334300e-05
5.012145e-03
3.308016e-02
1.091189e-05
1.098331e-02
5.040967e-03
3.862118e-02
4.882994e-02
1.141260e-03
2.956228e-01
6.721128e-02
5.359062e-02
2.769257e-02
1.700185e-02
1.032387e-02
5.983483e-02
3.945165e-03
5.151626e-03
2.686921e-01
2.554466e-03
1.080045e-01
1.952316e-02
8.634189e-03
9.793930e-03
1.315566e-01
1.780749e-03
3.964184e-03
6.153273e-03
3.967140e-02
6.319396e-03
1.882356e-02
1.384678e-01
5.265488e-02
5.429058e-02
6.470458e-03
1.145615e-01
1.968954e-02
1.046286e-01
2.696756e-04
6.000107e-02
1.075195e-01
3.965717e-03
2.405594e-01
3.162433e-02
8.332813e-02
2.817241e-02
6.344668e-04
1.372374e-01
3.516033e-02
4.482423e-03
1.780604e-02
9.930697e-04
1.049064e-02
2.209622e-02
2.073458e-03
1.773172e-03
1.557062e-02
4.868170e-03
7.032120e-02
6.591475e-03
3.364778e-03
2.287226e-03
1.992546e-02
7.268495e-05
1.645468e-02
1.647960e-04
1.488808e-02
2.711225e-04
7.383511e-02
4.830525e-02
8.595143e-05
2.798982e-02
2.161056e-02
9.271350e-02
4.307780e-04
1.436642e-02
4.638691e-02
1.097754e-02
1.685501e-01
4.557868e-02
1.748513e-02
2.753291e-02
1.504957e-03
6.557662e-04
6.092019e-03
9.576790e-03
4.301995e-02
6.882184e-03
3.001721e-02
1.179161e-02
3.323157e-06
5.415605e-03
1.172080e-04
1.836670e-03
4.875158e-04
3.908329e-03
1.721472e-02
7.657661e-03
2.858335e-02
3.846034e-03
4.847219e-01
1.886765e-01
3.986501e-02
5.969463e-02
1.167659e-01
2.834753e-02
1.835400e-03
1.791655e-02
9.186305e-03
3.464347e-02
2.141474e-03
7.307724e-02
2.437740e-01
3.348014e-02
3.718791e-03
1.919671e-02
9.333294e-02
9.282504e-02
3.089872e-03
6.959116e-02
1.139987e-02
1.517022e-01
2.067547e-02
1.241675e-02
1.103638e-03
3.055865e-01
1.395334e-01
9.813194e-03
8.670228e-03
1.666107e-03
9.157474e-02
7.517686e-03
4.722677e-02
2.755381e-03
1.273436e-02
2.530780e-02
5.001456e-02
2.749995e-02
7.990467e-02
1.033855e-01
1.358478e-02
6.977506e-02
5.907773e-03
1.448992e-01
3.131598e-04
4.078186e-02
2.832567e-03
1.163956e-03
3.777341e-02
8.478270e-02
3.608877e-01
5.416713e-03
7.622216e-03
2.612775e-01
4.364136e-02
8.099254e-02
1.474826e-04
3.588490e-04
1.144869e-04
5.215693e-02
5.517448e-02
9.248429e-03
7.914701e-02
4.611211e-02
9.579105e-03
1.076447e-02
1.426622e-01
7.400360e-02
5.137509e-02
3.715152e-04
3.055027e-02
5.676702e-02
6.209227e-02
8.558501e-03
1.258346e-01
4.405800e-02
1.389320e-03
3.227891e-02
8.546929e-02
2.656842e-03
2.282370e-02
1.821512e-02
1.264305e-01
3.556589e-02
2.056697e-02
2.942077e-02
5.308289e-03
