7.806587e-02
6.515181e-02
1.670371e-01
7.923609e-02
2.629475e-03
3.836889e-02
4.943572e-02
1.150015e-01
1.051374e-01
2.593498e-03
2.441246e-02
1.080605e-01
3.338200e-02
3.533394e-03
9.774253e-03
1.259104e-02
1.934982e-01
3.199441e-02
1.238085e-01
1.421697e-02
3.045908e-02
7.961929e-03
2.860412e-01
2.016708e-02
9.705058e-03
1.445435e-03
5.674303e-02
3.832203e-03
1.063866e-04
3.989784e-03
2.448811e-02
1.623544e-01
3.790188e-02
1.849515e-01
1.265292e-02
1.965683e-02
9.589144e-02
5.828116e-05
1.727847e-03
3.551103e-03
6.365773e-02
3.171687e-01
4.651384e-02
8.040206e-02
1.463189e-02
1.704593e-03
8.300267e-02
3.730710e-02
1.616493e-04
9.353720e-03
3.037603e-02
7.637488e-02
2.381252e-05
5.615309e-02
1.604943e-01
3.631637e-02
2.511119e-01
2.152605e-01
1.003107e-01
1.377985e-03
6.577546e-02
1.447693e-01
7.623038e-02
3.520170e-02
2.486534e-02
5.242068e-02
3.189510e-02
1.654563e-03
1.414960e-01
1.665416e-02
3.579484e-03
1.512904e-02
6.807152e-04
1.471990e-01
1.692740e-02
3.896147e-02
6.323902e-04
2.482261e-02
1.225144e-02
1.381401e-03
2.309573e-02
1.195598e-01
2.239783e-02
3.076065e-02
1.989648e-02
5.844883e-03
7.068522e-03
1.693865e-01
1.080229e-01
1.770677e-02
2.784181e-03
1.975433e-03
3.149708e-01
2.741001e-02
5.880931e-02
2.483710e-02
5.517816e-02
3.795496e-03
1.449124e-04
3.101841e-01
4.065671e-02
3.111777e-02
1.042283e-01
7.685752e-03
5.995099e-03
1.913066e-03
2.110214e-02
5.448580e-03
4.140614e-03
4.922997e-02
2.113258e-03
2.057878e-01
2.342445e-02
2.298433e-01
1.773042e-02
1.135028e-01
9.101351e-04
1.290398e-03
1.173128e-02
4.004147e-02
4.624298e-02
5.123452e-02
3.885879e-02
1.214971e-03
1.088980e-02
5.979283e-02
2.845452e-02
3.548738e-03
2.068322e-04
2.576647e-02
1.478924e-01
1.134824e-02
6.344048e-05
7.204785e-02
7.424816e-02
1.349799e-02
3.779409e-01
7.563059e-02
3.203500e-03
2.232748e-04
6.810050e-03
2.663376e-02
1.236344e-03
1.352221e-03
1.443166e-02
2.511678e-03
5.174412e-02
6.128792e-03
4.661437e-05
7.959771e-02
3.126202e-02
2.477241e-02
4.261390e-03
2.841347e-03
8.052570e-03
2.163962e-01
4.222827e-02
1.372745e-02
2.755935e-03
2.216778e-01
9.252360e-03
2.626810e-03
5.332718e-02
6.227057e-02
5.561939e-02
1.042359e-01
1.664620e-01
3.024252e-02
2.525809e-04
5.316393e-04
4.297622e-05
2.262065e-03
2.780605e-04
1.173228e-05
1.650763e-02
9.205985e-02
5.920955e-02
1.653205e-02
2.792988e-02
3.601896e-02
9.377759e-03
3.758941e-02
4.032520e-03
2.195416e-01
9.803223e-03
5.822378e-02
1.326587e-01
4.574892e-02
2.664794e-02
1.930800e-06
2.245764e-02
2.058382e-02
1.019691e-03
1.335274e-07
1.031742e-02
3.995068e-03
1.301869e-01
2.750421e-01
1.549639e-05
6.352692e-06
9.153279e-02
7.171265e-02
2.132739e-01
3.296478e-02
3.914496e-02
3.713098e-03
1.186139e-01
3.959356e-02
4.816929e-02
6.651594e-01
3.287557e-02
3.058020e-02
3.763139e-03
3.557690e-04
4.092446e-04
1.435992e-01
6.411675e-03
2.286239e-02
6.258083e-03
2.811734e-02
2.240490e-02
2.798389e-05
5.216659e-03
2.569965e-04
1.937924e-02
1.162607e-02
1.917199e-04
1.110908e-03
8.406744e-02
1.223582e-02
9.194590e-03
1.483521e-01
2.861185e-03
1.708492e-03
1.803728e-02
4.123348e-02
2.383909e-02
1.494433e-01
4.129218e-02
3.206501e-02
6.687071e-02
5.812364e-04
3.390274e-01
8.031036e-02
1.199312e-01
5.521671e-05
8.778137e-03
1.841483e-05
1.949356e-02
3.318668e-01
7.027762e-04
3.467428e-02
4.279033e-02
1.149013e-01
1.585567e-03
2.099154e-03
1.716329e-01
5.216228e-03
1.901130e-02
8.371710e-02
5.539958e-02
5.527525e-02
3.652902e-02
4.528228e-03
2.903098e-02
8.098686e-03
7.167240e-03
1.900354e-03
2.654293e-02
1.397403e-02
4.166293e-03
5.571238e-02
4.526617e-03
1.853379e-05
6.987159e-03
1.095275e-03
1.130718e-04
8.759873e-03
1.188296e-01
7.685054e-02
5.581405e-02
2.056311e-02
4.229565e-02
4.777346e-02
1.848916e-02
5.117492e-03
3.274742e-02
5.295979e-02
1.461407e-06
6.067230e-02
1.445776e-02
1.704077e-01
6.476422e-02
3.504840e-02
5.226620e-02
1.138828e-01
4.688665e-02
2.082128e-04
3.103113e-02
5.287044e-03
2.918221e-02
2.581611e-04
3.028784e-04
3.286041e-04
4.954079e-03
3.114541e-03
3.170299e-07
2.841163e-02
4.284351e-03
9.803030e-03
4.711171e-02
1.156480e-03
1.527515e-02
1.431100e-04
1.965079e-02
1.220875e-02
6.897879e-02
4.590380e-02
6.975975e-03
2.138784e-01
1.500416e-01
8.951099e-04
1.502492e-06
1.661270e-03
1.157966e-02
3.674464e-02
4.508856e-03
6.092545e-02
5.772017e-04
8.343160e-02
5.098742e-04
1.556905e-02
8.900568e-02
8.351664e-02
4.586582e-02
3.365163e-02
7.566651e-02
1.228371e-03
1.116662e-01
1.215828e-01
6.426374e-04
6.861285e-03
5.818489e-02
1.785434e-02
2.825411e-03
8.082204e-04
1.005841e-02
7.576820e-03
3.374428e-02
1.048758e-01
9.338167e-04
1.046659e-01
6.038619e-02
7.122178e-03
1.334494e-01
1.584452e-02
1.947551e-03
8.052776e-02
1.071271e-03
8.258785e-02
2.078585e-03
1.993376e-04
4.877275e-02
1.657386e-03
3.426702e-02
1.886291e-03
1.148646e-01
6.216457e-02
1.273136e-01
1.387618e-03
3.267917e-01
1.716398e-02
4.825646e-02
8.259164e-03
2.439976e-02
1.777361e-04
6.074769e-04
5.521397e-02
4.880113e-02
1.349970e-02
2.642802e-02
4.389504e-02
1.241138e-02
6.941951e-04
5.797343e-03
1.072782e-02
1.345491e-03
2.465157e-02
6.006651e-02
8.629347e-04
4.199543e-02
8.277918e-03
1.850423e-03
1.229033e-02
3.576710e-02
1.427561e-03
9.808862e-02
4.754273e-03
2.691084e-02
1.700022e-02
2.799750e-04
1.154389e-02
7.449586e-02
7.176202e-02
1.168135e-01
1.541327e-03
2.144982e-02
8.405746e-03
1.728468e-03
4.024373e-01
2.800046e-02
4.991386e-02
2.195159e-01
4.753346e-03
9.593869e-02
7.554175e-03
3.707007e-03
4.445055e-03
6.415338e-04
9.572862e-02
2.218423e-01
5.929451e-02
1.169945e-03
1.281889e-02
1.570416e-03
2.488214e-02
2.608169e-03
5.224396e-02
1.949944e-02
6.187962e-03
1.192917e-02
4.292778e-02
1.792411e-02
6.523420e-02
1.766906e-01
1.938610e-01
4.088171e-02
7.587645e-04
6.084372e-03
1.807301e-05
6.990552e-03
1.709546e-04
8.451961e-02
4.599662e-02
1.962322e-01
7.607974e-05
1.505790e-03
1.845145e-02
2.034828e-04
1.041017e-02
9.696389e-02
3.972801e-02
8.273414e-02
3.920695e-02
1.100311e-01
9.365492e-02
9.071903e-02
2.144442e-02
2.518833e-01
1.659667e-02
4.034907e-07
1.072269e-01
3.051641e-02
1.259523e-03
1.745664e-02
1.432207e-01
1.893884e-02
1.298433e-01
2.324241e-01
5.403125e-03
9.520596e-02
1.081158e-01
1.747837e-02
2.463882e-02
5.786690e-03
1.252405e-02
1.759173e-03
1.072407e-01
8.300256e-03
5.241827e-02
5.250069e-02
5.207130e-01
1.901713e-02
2.133330e-02
5.348339e-02
1.037242e-03
8.245257e-03
7.586127e-02
9.935173e-03
7.103087e-02
5.419514e-02
1.134047e-01
3.882860e-03
5.681081e-02
1.774322e-04
8.771343e-02
4.389684e-02
1.262752e-01
6.246118e-02
7.737632e-02
4.213640e-02
1.013435e-02
8.354607e-02
3.863745e-03
2.910944e-03
1.338937e-01
3.002714e-02
1.949105e-01
6.378984e-02
1.576108e-03
9.418992e-03
7.901743e-07
3.235170e-03
1.743991e-04
1.777128e-03
4.452560e-03
1.526459e-04
7.567172e-02
3.159404e-01
8.922709e-02
1.996098e-02
2.610382e-02
4.799731e-02
2.047699e-03
2.581384e-02
5.570750e-02
6.993532e-04
7.187933e-02
1.159320e-01
2.391013e-02
9.371027e-02
1.467716e-01
8.008278e-03
2.785319e-02
1.674676e-04
6.072873e-05
2.001793e-02
1.624846e-02
1.463033e-02
1.783469e-03
1.641988e-01
1.244960e-02
2.329462e-03
1.414488e-01
1.361539e-02
4.368238e-02
1.154309e-03
1.441964e-03
7.408375e-02
1.401650e-02
2.514951e-01
9.190794e-05
1.446482e-01
2.214398e-04
5.418341e-04
2.084979e-03
2.086561e-03
1.845907e-03
1.800286e-03
3.880329e-02
2.694151e-02
2.031854e-03
1.447283e-03
4.695620e-03
1.849155e-02
1.212344e-02
1.482150e-01
4.806046e-02
3.176412e-03
1.111232e-03
2.567823e-02
1.090220e-02
4.547578e-05
5.394267e-05
5.668930e-02
1.407636e-03
1.434156e-01
9.084791e-03
4.150474e-01
3.885128e-02
7.426242e-02
1.933885e-03
1.337584e-02
8.933432e-02
6.615540e-03
1.253767e-03
1.149920e-02
3.665431e-03
3.491846e-02
1.213660e-01
5.948221e-03
1.721405e-02
5.455113e-02
6.698437e-02
