1.495137e-03
2.786732e-02
3.110414e-02
5.064290e-02
8.821393e-03
1.082918e-02
2.826373e-01
8.454951e-03
2.230056e-02
1.351430e-03
4.574944e-02
3.016210e-02
1.540731e-02
9.369022e-02
4.114295e-02
5.648283e-02
1.841615e-01
6.704990e-02
6.457813e-03
6.434085e-03
1.741986e-03
1.390837e-01
8.921838e-02
9.685390e-04
2.807845e-02
1.306452e-02
1.262490e-01
1.520096e-02
8.741294e-03
1.381923e-02
5.847598e-04
6.212961e-02
4.521328e-02
1.095168e-01
2.515492e-02
3.719611e-02
1.343186e-02
2.038331e-02
1.794448e-02
6.097475e-04
7.480044e-02
1.825268e-01
1.281493e-02
9.752368e-02
1.610051e-02
5.566012e-02
1.449827e-01
2.064053e-01
3.984250e-02
1.632197e-01
7.976583e-02
1.749084e-04
1.009799e-02
8.070914e-03
1.402079e-01
4.082198e-02
2.651341e-02
4.341183e-03
2.638999e-07
6.328621e-02
5.637488e-02
5.182396e-03
4.284257e-04
6.061391e-02
1.902539e-01
7.647351e-05
5.628148e-02
1.627788e-03
3.301645e-01
1.785292e-02
2.719230e-02
1.742612e-02
1.243495e-01
2.739968e-02
2.471882e-03
9.157033e-02
2.958420e-03
1.616146e-01
4.845748e-02
1.684480e-01
3.853449e-02
7.364883e-03
7.211372e-02
8.743345e-03
6.092772e-02
2.537395e-01
4.889626e-03
8.758059e-03
6.766339e-03
1.776542e-02
3.566665e-02
2.481847e-04
1.100580e-02
6.169101e-03
6.025533e-02
1.146231e-02
2.618676e-02
4.487946e-03
1.692028e-02
9.498815e-02
4.333650e-06
1.336494e-03
9.807324e-02
7.643680e-02
9.716821e-06
1.253362e-02
5.977883e-02
1.830782e-01
5.505391e-02
2.876519e-01
2.790269e-02
7.434251e-02
1.411740e-01
1.625789e-01
1.146773e-01
2.361324e-02
4.771312e-02
5.357627e-02
1.538618e-03
3.233647e-02
6.264021e-02
1.269896e-03
2.279638e-03
2.509936e-03
2.843084e-02
4.995903e-03
6.289688e-02
1.121154e-01
9.465127e-02
1.280319e-01
1.369199e-04
5.443888e-02
2.006296e-01
9.774648e-02
1.348085e-02
3.514352e-02
3.622095e-03
4.084331e-03
1.783613e-02
6.220008e-05
4.496356e-02
2.838493e-03
7.646461e-03
1.345229e-01
2.106806e-02
4.025742e-04
2.449458e-02
1.848345e-01
7.804685e-02
8.996308e-02
1.632501e-02
1.674570e-01
2.679970e-02
2.217017e-03
2.227457e-02
1.685081e-04
1.480156e-02
7.390214e-03
4.038603e-03
5.032753e-04
1.906957e-02
3.212313e-02
7.704402e-02
2.801070e-01
2.666016e-03
3.934018e-02
1.641813e-02
1.698692e-01
6.529754e-03
4.327966e-02
2.543718e-02
3.063714e-04
5.363725e-02
6.926923e-03
6.289216e-02
1.259718e-02
4.714134e-03
9.046215e-02
6.437667e-03
2.289123e-02
8.348944e-02
2.179658e-02
3.537242e-02
2.114069e-02
1.857710e-02
6.851986e-02
8.205299e-02
1.095305e-03
3.859069e-02
8.189698e-02
1.443921e-01
2.333244e-04
3.309791e-04
2.019230e-01
4.469193e-02
2.733671e-02
1.096098e-01
4.268324e-02
5.830410e-04
7.246538e-04
2.032639e-01
2.414561e-03
3.099187e-02
2.487003e-03
1.497887e-01
2.465783e-03
9.586237e-02
1.313989e-02
3.060339e-02
1.070456e-03
8.237842e-03
1.235998e-03
1.402404e-02
5.616289e-02
5.384642e-02
4.981067e-03
6.118672e-02
6.586499e-04
1.816387e-03
6.515338e-04
2.741469e-02
5.729478e-02
4.038024e-04
4.246028e-02
2.605847e-02
2.428994e-03
3.000393e-03
1.067265e-02
1.424924e-03
1.631553e-01
4.693379e-03
1.315397e-02
6.232018e-03
3.228203e-01
1.262382e-01
2.459186e-02
1.288710e-02
1.083960e-01
2.788825e-01
3.675410e-02
1.082882e-04
3.790871e-02
8.012428e-02
5.041495e-04
2.379176e-03
6.083013e-02
5.312756e-02
5.788146e-02
5.377180e-03
2.638049e-02
9.734572e-02
9.872774e-02
7.883291e-03
4.101254e-02
1.358343e-02
8.953148e-03
9.863055e-02
5.098842e-03
4.505626e-03
6.453782e-03
2.232543e-01
5.417262e-02
1.237575e-01
3.284970e-02
4.810647e-02
5.702110e-04
2.362395e-01
2.498468e-02
5.356266e-02
1.203654e-01
2.935230e-02
2.435130e-01
2.187073e-01
1.272718e-03
4.555114e-02
1.194103e-01
1.026203e-03
2.410920e-03
1.661373e-01
6.193888e-04
6.713834e-03
7.326892e-03
1.509250e-02
4.993788e-02
4.359479e-02
9.000288e-03
2.752275e-02
3.865152e-04
8.325362e-02
6.119212e-04
3.805197e-03
1.054824e-02
2.424496e-02
5.230442e-02
6.503207e-02
1.381351e-01
1.324684e-01
6.937435e-03
2.332802e-02
4.564616e-02
8.560310e-02
6.123755e-03
1.894418e-01
2.029029e-04
8.219847e-04
1.929283e-03
3.567869e-04
1.557412e-01
4.799198e-02
4.212992e-03
1.265588e-03
2.568361e-02
1.312035e-04
1.192234e-01
4.378369e-02
9.332283e-02
7.945647e-04
1.291635e-02
8.073270e-02
2.284130e-04
1.499271e-02
1.381714e-06
4.035782e-02
8.805580e-03
3.265247e-02
7.881934e-02
5.917722e-02
2.405365e-04
4.168394e-05
6.988993e-02
7.594503e-02
8.570968e-02
2.976575e-04
3.124761e-02
2.279045e-02
2.013786e-02
7.258460e-04
4.021521e-02
1.689018e-02
5.884775e-03
1.377145e-02
6.419081e-03
3.069770e-07
2.075941e-03
2.239538e-03
3.173554e-02
2.065530e-02
9.813748e-03
2.442674e-02
8.842690e-02
2.426692e-01
2.626977e-03
1.095505e-01
6.447701e-03
7.157798e-03
9.035696e-03
1.483349e-02
1.493783e-03
1.939073e-01
1.960828e-04
8.013928e-02
1.575905e-01
3.859672e-05
6.550867e-02
2.288559e-02
1.314674e-02
1.498890e-02
1.356483e-03
2.039407e-03
1.342626e-02
4.681607e-03
1.692220e-03
5.294501e-04
1.444516e-02
4.924693e-03
3.063037e-02
2.977413e-02
7.557176e-04
7.750414e-03
3.657273e-02
2.255346e-04
6.290929e-02
1.643439e-02
3.496758e-03
3.199497e-03
4.982721e-03
1.174703e-04
1.410160e-02
9.845094e-02
4.107408e-01
6.390613e-04
3.130218e-02
2.064803e-01
3.374504e-02
1.444202e-03
5.606941e-03
2.944488e-03
1.339474e-04
2.669786e-02
4.984011e-02
3.193344e-01
2.583845e-03
1.359028e-01
7.408590e-02
2.409022e-02
1.880027e-02
1.687363e-02
4.321350e-02
1.068519e-02
1.186611e-02
7.808720e-03
9.285313e-03
6.491161e-03
5.311836e-02
3.382957e-02
2.954596e-02
6.504606e-02
2.199509e-01
4.660685e-02
5.012891e-02
1.067286e-02
1.070116e-03
5.758402e-02
2.846784e-03
3.013499e-02
3.932519e-04
5.195852e-05
2.248123e-01
4.925695e-02
7.549411e-03
2.792997e-02
5.772662e-02
4.710902e-03
3.747747e-02
1.732487e-01
8.293219e-04
2.427044e-03
1.457013e-02
1.450461e-01
9.003595e-02
3.611495e-02
1.971668e-02
1.051931e-02
1.942264e-01
2.322689e-02
6.559394e-02
6.706985e-02
1.568660e-01
6.262957e-05
4.298516e-02
4.919882e-02
2.699901e-01
4.357467e-03
1.066592e-01
2.354219e-01
9.393033e-02
3.088800e-03
1.334448e-01
2.986036e-02
8.014025e-03
1.047758e-04
1.159840e-02
4.879346e-04
6.976197e-03
2.866025e-03
3.397367e-02
4.325341e-03
3.028925e-03
8.827584e-02
4.482910e-02
1.017105e-01
1.245495e+00
2.837785e-02
2.961619e-04
2.153286e-03
2.250631e-02
1.631035e-01
6.183606e-02
6.740556e-04
2.685040e-03
4.213937e-02
2.491671e-04
4.046607e-02
2.709914e-02
1.438763e-02
1.160344e-02
1.466572e-01
8.640776e-04
1.566435e-02
3.778717e-02
5.187577e-03
3.085946e-02
5.245562e-02
5.570557e-02
6.340624e-02
2.612365e-01
1.433670e-02
1.276342e-04
1.142091e-04
1.386417e-01
9.510702e-02
4.185707e-02
4.101630e-02
2.401475e-03
2.009809e-02
6.835698e-02
6.697789e-03
5.114724e-01
2.967484e-02
1.501163e-01
1.821945e-01
1.124914e-01
3.891827e-02
1.893161e-02
4.197097e-05
1.998093e-02
2.501712e-02
8.016328e-04
9.870636e-03
3.460337e-02
1.629803e-05
6.540132e-03
1.124581e-01
2.594041e-01
1.065090e-02
4.080621e-02
1.092325e-02
6.942279e-02
4.986948e-03
2.043394e-02
2.496921e-04
1.606207e-02
2.701790e-02
5.289159e-02
4.497916e-02
2.509547e-02
2.200680e-02
8.048882e-02
3.597864e-02
1.270167e-03
1.001452e+00
3.365173e-02
1.877837e-01
9.243863e-02
7.527449e-03
1.023439e-01
1.639945e-02
6.561462e-02
1.130817e-02
2.818543e-02
2.341021e-02
7.715354e-02
2.560650e-02
4.507270e-01
2.284888e-01
4.207857e-02
1.617203e-02
1.422951e-02
1.447491e-02
1.570954e-02
1.083587e-03
1.727153e-05
2.503192e-02
6.024193e-02
1.909805e-01
2.848818e-02
1.197453e-03
2.601054e-02
5.612540e-03
6.719381e-01
3.739115e-02
1.988769e-02
1.974486e-02
1.947479e-01
1.227495e-02
7.211212e-04
8.519682e-04
3.805476e-02
2.200371e-04
1.861013e-02
6.277054e-02
1.907627e-02
3.590649e-02
1.377166e-02
3.805408e-02
1.373577e-02
2.785467e-01
1.778113e-01
1.808893e-02
8.791532e-02
5.327375e-02
7.014489e-03
4.845183e-02
7.732168e-02
