8.784181e-02
5.814107e-02
9.752916e-02
2.840224e-01
3.752115e-03
3.258999e-03
2.211527e-02
1.047672e-02
4.732866e-02
6.447345e-02
1.461861e-02
2.171773e-01
9.192262e-02
1.319227e-02
1.432304e-03
4.737664e-03
9.303051e-03
5.958632e-02
3.946103e-02
1.010142e-02
1.887988e-02
3.228009e-02
7.094846e-03
1.156489e-02
2.121439e-03
1.841227e-04
3.555313e-04
6.553316e-02
5.344109e-03
2.059252e-03
1.451485e-01
1.400035e-05
2.264470e-01
5.120201e-02
3.527149e-04
8.117552e-02
7.112386e-02
2.554097e-01
3.236259e-03
2.840228e-02
6.304921e-02
6.075477e-03
3.352556e-03
1.126884e-02
6.873021e-03
2.156973e-01
4.580501e-03
1.101900e-02
2.373887e-03
1.841833e-04
9.622196e-03
2.097940e-03
1.174620e-01
1.921820e-04
1.609305e-03
7.095174e-03
3.003000e-01
8.384759e-04
8.674949e-02
3.854856e-02
3.944982e-02
5.411791e-02
9.704842e-02
8.611584e-03
1.686833e-03
8.309688e-04
3.479871e-02
3.252304e-02
1.542495e-02
9.648596e-03
2.488280e-02
1.126077e-01
1.266798e-03
6.783233e-03
2.338165e-04
1.740641e-02
2.318959e-03
6.918858e-03
2.351916e-03
3.080969e-02
3.120544e-04
3.110899e-01
1.099501e-01
7.369267e-03
6.555587e-02
8.483502e-03
2.703436e-01
1.011894e-02
1.595757e-03
1.124048e-01
2.978928e-02
1.848797e-02
4.261540e-03
2.489743e-02
1.073519e-02
4.087551e-03
7.107782e-02
2.627710e-03
1.971401e-03
2.409681e-01
2.786210e-03
1.986514e-03
7.158195e-02
3.542954e-06
3.738458e-02
4.597168e-02
3.545920e-02
2.051275e-04
1.057325e-02
1.912137e-02
6.209808e-02
1.776414e-02
5.366816e-05
3.544038e-03
6.244628e-03
2.038378e-01
1.828300e-02
1.340356e-02
6.883780e-05
1.971976e-03
6.186882e-02
1.196719e-02
6.528363e-02
1.472342e-02
1.471284e-02
5.543752e-02
1.229846e-01
3.122452e-04
1.520445e-01
4.252675e-02
7.079881e-02
5.491761e-04
1.836028e-01
3.145312e-03
1.875540e-01
1.365360e-01
1.797334e-01
7.932084e-02
5.448588e-04
6.632020e-02
4.090881e-02
1.574885e-01
3.976417e-04
4.992375e-03
4.882490e-02
1.026968e-02
1.070859e-01
2.191033e-02
6.859877e-02
1.376515e-02
1.130834e-03
9.825908e-03
1.030622e-02
2.633631e-03
2.381624e-01
5.341871e-03
2.196244e-04
2.973396e-02
2.678382e-05
7.036520e-02
1.622839e-02
1.836095e-02
9.499372e-03
3.805171e-02
5.066191e-03
3.696489e-02
1.691008e-02
1.815156e-03
6.857701e-03
1.423470e-01
1.132004e-08
7.045270e-03
1.564833e-02
3.807919e-03
3.370173e-02
2.046855e-01
1.704465e-03
4.109767e-01
9.601848e-05
3.256123e-03
3.855229e-02
6.628757e-03
1.044986e-03
2.769846e-03
5.346722e-02
2.176724e-01
1.402565e-02
9.732895e-02
9.800331e-02
2.030528e-01
4.981362e-02
6.862516e-02
4.376902e-02
1.211580e-02
4.013305e-02
5.395801e-02
1.380608e-01
4.439257e-02
2.728825e-02
4.458371e-03
1.731663e-03
8.850972e-02
2.091224e-02
2.859965e-03
1.061303e-01
1.807516e-02
1.802321e-03
1.177375e-01
6.331531e-03
1.383547e-02
1.382502e-02
1.643284e-02
2.840497e-01
2.955472e-02
1.464028e-01
4.524904e-03
1.657534e-02
9.176621e-02
2.817027e-02
1.439378e-02
4.891469e-02
2.085742e-03
8.584224e-03
1.128044e-02
3.115176e-02
1.290201e-03
3.077080e-03
8.949230e-03
2.535737e-03
1.418589e-02
1.969315e-01
2.426271e-03
4.301763e-02
1.814451e-02
8.328486e-04
1.227183e-05
1.624316e-03
1.013440e-01
2.269144e-02
9.259815e-05
6.996158e-03
5.238707e-03
3.806112e-02
3.195123e-03
9.721445e-02
1.791737e-01
3.471803e-05
4.271651e-02
8.282325e-03
4.178546e-02
6.504680e-02
3.529260e-02
2.466043e-03
5.219214e-02
1.515650e-03
1.171317e-02
1.550383e-01
2.342765e-01
4.985779e-03
2.242359e-01
8.952225e-02
1.211485e-02
2.649098e-07
6.745478e-02
9.544232e-02
3.482626e-05
1.044865e-02
2.431826e-03
3.400140e-02
4.437985e-03
3.629824e-02
1.060286e-01
1.281082e-02
1.451359e-04
1.201545e-02
4.949985e-02
7.345571e-07
2.170639e-03
3.986985e-02
2.269644e-02
2.383113e-02
1.015547e-01
8.797922e-04
2.914298e-02
1.544121e-02
7.802269e-02
5.145784e-02
9.866463e-02
2.441287e-03
1.187593e-02
5.935332e-03
3.761373e-02
7.251458e-02
1.251835e-03
1.570707e-02
7.802287e-03
1.831377e-01
3.227272e-02
1.165225e-03
6.304618e-02
8.531974e-02
6.111595e-03
5.645427e-03
2.243553e-02
1.130577e-02
9.720835e-02
1.041631e-04
4.242151e-03
7.639170e-06
3.742950e-02
6.168520e-04
3.186799e-02
2.103322e-02
2.512870e-01
1.248977e-02
6.523267e-02
7.718288e-02
5.728677e-02
6.315964e-03
3.131034e-02
5.770035e-02
6.653742e-02
1.207384e-02
9.344393e-02
2.262910e-03
2.642340e-02
1.657842e-01
1.012521e-01
5.837208e-02
6.312505e-04
3.915383e-04
2.848652e-02
6.146896e-04
1.344149e-01
4.891066e-02
1.742730e-01
3.684455e-01
5.240763e-03
2.247657e-02
6.226370e-02
3.596960e-02
7.208825e-03
6.437056e-02
3.375968e-02
1.731050e-01
6.493887e-02
1.550224e-02
6.933516e-02
3.870737e-02
1.010999e-01
7.584742e-04
6.698184e-03
2.473419e-01
4.965875e-03
1.377051e-01
9.601905e-03
8.018586e-03
2.543292e-02
1.185774e-01
3.334302e-03
1.406032e-03
1.293155e-02
9.768376e-02
3.858576e-04
1.903906e-02
5.549913e-02
1.053879e-01
1.579751e-01
1.073821e-01
7.141884e-02
3.400179e-06
1.733045e-02
5.967265e-02
5.529580e-03
2.112308e-05
1.747513e-02
3.079356e-05
3.060781e-02
1.437182e-01
1.091961e-03
1.582623e-04
1.460585e-02
1.895091e-01
6.980508e-02
3.385128e-03
5.124336e-03
1.516238e-02
2.658726e-01
1.102579e-01
3.156357e-02
4.752253e-03
8.268320e-02
1.629868e-02
1.403330e-03
4.136653e-02
6.633327e-02
2.787154e-03
3.403928e-02
5.536751e-02
3.415961e-02
8.352351e-02
2.535466e-02
1.238928e-04
1.358307e-04
1.706252e-03
5.133016e-02
2.830163e-03
1.397368e-04
2.204399e-03
7.966854e-03
5.749771e-02
7.943788e-02
4.373610e-03
3.996153e-02
1.096816e-01
2.190090e-03
1.553406e-02
1.510750e-01
3.553514e-02
1.052238e-02
9.023825e-03
4.237151e-02
4.263550e-02
1.188092e-03
2.207819e-03
4.279686e-02
6.146285e-02
1.588795e-02
3.608449e-02
1.045220e-01
5.220425e-02
7.119343e-03
3.197288e-02
6.660551e-02
7.927899e-02
1.262376e-01
4.994611e-03
2.508366e-02
2.294871e-02
3.947242e-04
1.044646e-04
1.372477e-02
1.339762e-03
5.884427e-02
8.682194e-03
1.945030e-03
4.872704e-02
4.417084e-03
5.770899e-04
8.703546e-03
1.125878e-01
8.449342e-04
7.201501e-03
9.962702e-04
1.344546e-01
3.648747e-02
3.165084e-05
3.574766e-04
1.342030e-02
2.810463e-03
7.726128e-03
7.731448e-02
2.368302e-01
1.165007e-02
3.926216e-03
2.070312e-02
1.574140e-02
2.223178e-02
1.094716e-01
1.866000e-02
4.218573e-02
3.756835e-01
2.798094e-02
1.134283e-02
1.430833e-03
3.400174e-02
2.398921e-02
9.216380e-04
7.182770e-02
3.414764e-02
5.138832e-02
5.794940e-03
1.101469e-01
3.099126e-02
2.548559e-02
2.802653e-04
8.152700e-02
3.195906e-02
2.090795e-01
1.988650e-02
1.269336e-02
1.420950e-02
7.008029e-03
9.191406e-02
1.291624e-02
3.646936e-03
2.200867e-01
1.070641e-01
1.557176e-03
1.043372e-01
2.910637e-03
9.378868e-05
3.155561e-03
2.365443e-03
1.171001e-01
1.117714e-04
1.375787e-01
1.709098e-01
6.427505e-03
3.210638e-02
2.605234e-01
9.791750e-02
2.564922e-03
4.258674e-03
1.041210e-02
1.148654e-02
8.202974e-02
1.081247e-01
1.266509e-04
2.796882e-01
9.350054e-03
6.752529e-03
2.693841e-02
8.369682e-03
1.266676e-02
9.204761e-02
3.077126e-02
7.023486e-05
4.517165e-03
6.219480e-02
1.959067e-02
5.776052e-03
8.804758e-04
1.727161e-03
5.064430e-02
1.367744e-01
2.501954e-01
3.466629e-02
1.007481e-02
1.536155e-01
6.669355e-01
1.510745e-01
3.912734e-03
1.739746e-01
3.617863e-02
1.851295e-01
1.273105e-01
3.554233e-02
1.253747e-02
7.804754e-05
3.878153e-03
4.815161e-02
1.208690e-02
3.731763e-02
6.409430e-03
3.033862e-02
3.143772e-02
1.331954e-01
4.063056e-02
2.859401e-02
1.423854e-01
1.061544e-01
2.080348e-02
9.096088e-03
4.861265e-04
4.647274e-05
8.343129e-02
4.293876e-06
3.614093e-03
1.026484e-05
6.100230e-02
1.552658e-02
9.669276e-03
6.052567e-03
2.697941e-04
3.010622e-02
5.582931e-02
9.845475e-02
1.302542e-01
4.016300e-04
4.297685e-02
6.083812e-02
3.370799e-02
4.950519e-02
1.882586e-04
3.185823e-02
3.168066e-03
1.080756e-01
7.645275e-02
6.717007e-03
2.847171e-01
2.494204e-02
1.479187e-01
2.755288e-02
