5.044061e-02
1.714801e-06
6.173023e-02
4.249106e-05
1.288044e-03
4.462060e-03
4.461703e-03
1.260705e-02
6.308651e-02
1.099669e-03
6.697104e-02
6.759171e-02
1.548407e-01
2.066599e-02
9.640993e-04
1.130362e-01
1.044219e-02
3.032449e-02
1.517163e-03
6.378561e-03
8.876772e-02
3.018011e-01
9.212367e-05
1.130167e-04
4.886184e-03
7.779255e-03
1.596529e-01
1.828094e-03
9.581550e-03
1.259979e-03
1.535152e-02
2.224046e-04
2.715155e-02
3.864203e-02
6.567624e-04
2.622448e-02
1.264981e-01
2.417137e-01
5.476924e-04
9.017969e-04
1.334976e-02
3.625722e-01
7.326184e-03
1.780554e-03
1.006494e-01
2.300241e-02
1.944562e-03
1.216979e-02
2.787523e-02
3.797186e-02
8.586282e-06
2.396126e-02
5.956385e-03
7.873732e-02
6.875748e-02
3.148784e-02
4.246524e-03
2.130637e-01
2.148635e-03
3.894329e-02
1.827041e-02
1.352185e-02
2.240284e-01
7.750560e-03
4.585280e-02
2.201293e-01
1.712641e-03
1.263748e-01
1.893575e-02
2.562176e-02
2.755727e-04
1.927006e-01
4.821911e-02
1.359348e-01
1.065307e-02
2.621634e-02
1.006520e-01
1.096779e-02
7.681052e-03
1.697690e-01
7.819892e-02
2.028068e-03
1.988348e-02
4.764705e-03
3.397897e-02
1.020533e-02
4.467502e-02
5.871279e-02
5.417125e-03
4.897477e-04
2.930262e-02
1.896458e-02
9.381921e-02
1.197904e-02
1.223996e-01
1.534899e-04
5.738806e-02
1.870872e-02
1.476170e-02
4.467772e-03
1.494378e-03
4.831782e-04
1.954008e-01
1.273100e-01
1.363940e-01
1.674655e-02
1.512522e-01
1.539671e-03
7.476437e-02
3.826288e-02
6.676301e-02
2.565040e-02
6.189516e-02
6.477069e-03
7.400165e-02
3.582599e-01
3.205004e-02
7.465667e-03
5.167435e-02
1.794689e-02
2.956157e-05
5.524313e-02
3.251415e-02
4.217975e-02
2.199105e-02
9.967528e-02
6.720578e-03
3.951468e-04
1.202219e-01
1.152766e-04
1.959025e-03
2.726509e-01
7.466887e-03
3.972539e-03
3.046092e-02
2.537009e-06
8.809647e-04
8.150951e-02
4.666671e-02
2.008924e-01
2.416946e-02
1.052722e-01
3.409271e-03
1.094444e-01
3.135872e-03
3.127103e-03
3.090558e-03
8.202423e-02
3.119206e-03
7.175519e-02
1.035716e-02
1.740380e-05
8.867412e-02
1.295059e-02
6.030595e-03
1.099705e-01
1.289017e-02
8.064788e-02
4.884334e-02
3.665773e-01
1.523534e-02
3.167305e-03
2.226931e-02
7.489008e-04
9.582336e-03
2.663249e-01
4.374124e-02
6.480130e-02
5.600727e-03
1.748561e-02
1.264481e-01
2.126397e-02
5.403984e-02
7.615093e-02
1.529981e-02
6.091146e-02
5.194971e-02
1.952420e-02
1.363934e-03
3.800592e-02
5.387578e-03
4.728430e-02
9.683923e-03
1.950538e-02
8.568610e-03
1.249973e-01
6.993239e-02
7.920315e-02
1.191275e-02
5.969724e-02
7.682732e-06
3.212850e-02
3.097148e-02
5.856858e-04
7.215694e-02
3.014215e-01
3.663878e-04
2.145290e-02
4.749624e-02
4.833057e-03
4.407733e-02
2.506497e-02
9.611931e-05
2.566214e-03
8.188715e-03
1.645688e-02
1.245402e-02
6.171310e-02
1.961774e-03
8.327460e-03
5.577432e-03
1.207213e-02
2.703641e-03
2.484115e-02
6.969671e-02
1.999073e-02
8.970689e-05
6.605029e-02
2.440087e-02
2.550092e-02
1.280707e-01
3.040979e-02
1.104982e-02
1.090132e-01
8.909201e-03
1.127959e-02
6.728473e-03
1.913737e-02
2.751862e-03
2.031718e-01
4.056585e-02
4.108328e-02
1.914396e-01
6.930834e-02
7.843714e-03
5.437350e-03
1.163934e-01
8.762947e-02
2.015615e-01
1.859614e-02
5.768067e-02
6.773284e-06
1.021709e-02
1.095253e-01
6.935197e-02
1.104872e-02
4.686429e-02
2.799799e-03
1.787040e-01
7.325495e-04
2.068543e-02
1.673253e-01
8.699359e-05
4.317623e-04
2.734998e-02
1.275412e-01
9.187387e-02
8.022325e-04
9.078709e-02
3.759438e-01
1.460951e-01
7.541085e-02
3.366265e-03
3.430959e-03
1.354589e-02
6.140563e-04
5.237391e-01
9.938005e-03
2.965834e-02
1.289846e-01
3.073696e-03
9.752894e-02
4.992786e-03
1.077370e-02
2.470881e-03
7.181204e-02
6.434717e-02
4.285638e-03
4.322951e-03
1.589105e-01
1.321404e-01
5.559446e-03
8.252665e-02
3.535466e-03
1.094329e-01
9.073100e-02
1.310636e-02
1.349967e-01
1.942477e-02
1.746970e-02
1.225992e-02
8.730330e-03
1.201783e-01
2.944759e-01
2.976419e-01
1.802339e-03
8.083911e-02
7.496059e-03
1.385261e-02
6.270839e-03
1.474273e-02
1.307573e-03
9.925350e-03
8.850605e-04
1.656118e-01
4.050596e-02
1.166691e-01
6.345399e-03
6.937991e-02
2.616094e-03
6.445779e-02
4.876170e-02
6.883929e-02
1.004457e-01
1.015711e-02
5.916464e-03
2.232181e-04
1.441169e-02
1.140049e-04
2.125591e-05
1.887238e-02
1.130189e-01
2.643874e-02
6.281910e-02
1.663131e-03
7.469601e-03
9.148246e-02
1.381325e-04
6.914826e-02
6.599181e-03
5.496154e-02
2.347689e-03
2.373351e-03
4.247300e-03
6.881842e-02
1.839565e-02
2.160049e-02
2.346435e-03
1.059075e-01
4.715368e-02
9.343248e-03
4.458420e-03
9.879916e-05
2.339531e-03
1.669165e-01
7.431126e-02
3.310661e-02
4.978061e-02
4.616019e-03
4.322196e-03
7.562155e-03
9.530599e-02
6.252152e-02
2.213702e-02
2.007705e-03
6.870234e-02
9.771838e-02
3.500726e-02
2.558703e-04
9.752347e-02
1.600146e-01
3.869573e-02
1.128288e-02
1.339123e-02
2.099223e-01
1.213546e-02
1.733284e-03
7.998885e-02
5.899427e-03
1.146067e-02
3.011723e-02
1.330985e-01
2.771479e-02
8.239211e-06
5.049087e-03
1.593215e-02
3.460583e-02
1.327883e-02
1.868814e-03
1.444713e-02
1.766590e-03
1.388818e-02
4.048955e-03
3.638879e-01
1.050196e-01
1.427452e-02
3.959345e-02
4.946413e-02
2.300724e-06
8.746522e-03
4.668712e-02
4.622027e-02
6.262773e-02
4.854106e-03
2.400913e-02
3.254636e-01
4.216479e-03
5.924925e-04
5.047287e-02
4.518685e-02
1.219135e-01
3.490115e-02
1.796562e-01
5.235321e-04
5.468403e-03
3.311083e-03
7.584100e-02
3.489227e-02
2.208015e-02
7.731245e-03
2.150942e-01
1.684648e-03
8.186832e-02
3.767756e-02
6.837952e-03
7.722826e-04
3.767528e-02
3.126748e-04
7.672849e-03
4.178413e-01
5.804694e-02
2.469278e-02
3.141042e-01
1.348775e-03
9.623876e-02
1.460118e-01
6.543331e-04
1.009288e-01
5.472453e-02
2.351863e-02
5.590193e-04
1.393744e-02
1.112713e-01
1.520738e-01
3.945874e-02
8.371819e-02
4.399561e-02
1.859948e-02
1.070217e-01
4.007020e-02
8.865919e-02
2.447397e-01
5.120975e-02
1.400608e-04
1.254369e-01
1.954314e-03
5.589981e-02
3.031057e-02
1.017811e-01
2.317376e-04
1.006507e-05
1.455848e-01
1.418922e-01
6.682481e-02
6.390447e-03
4.829426e-02
7.188706e-02
2.464072e-03
7.153528e-02
2.341629e-02
1.046203e-02
2.515215e-03
7.531659e-02
5.040071e-02
3.497701e-05
1.040001e-01
5.871724e-04
6.352080e-03
5.326513e-02
7.127329e-02
7.096728e-03
2.565474e-01
2.689542e-02
2.794406e-02
5.317726e-03
8.022384e-04
9.654487e-02
1.126638e-01
8.604843e-03
1.583671e-04
4.488439e-03
1.289302e-01
3.285466e-01
1.367806e-04
2.557790e-03
1.530918e-01
7.952066e-04
1.167410e-06
3.450330e-03
6.505133e-06
3.832721e-03
2.698563e-03
2.802451e-02
1.287937e-01
1.482625e-02
3.612619e-03
2.866856e-02
9.133344e-03
5.231256e-02
4.032438e-03
1.989649e-02
1.031646e-02
3.743947e-03
4.052633e-02
1.506145e-01
1.915687e-02
6.350703e-02
3.710942e-02
9.984253e-02
1.463390e-02
6.832294e-03
1.525716e-02
6.945109e-03
6.037942e-02
4.024826e-03
9.684344e-02
4.654705e-02
1.626447e-02
5.069922e-02
1.110000e-02
1.332753e-03
2.352687e-02
2.745004e-06
9.657199e-03
3.975180e-02
4.098814e-02
1.119364e-05
8.530420e-03
2.943858e-02
1.623158e-01
4.721601e-02
5.236306e-02
2.237805e-03
8.162165e-03
2.503410e-02
6.253828e-02
3.423239e-03
3.174246e-02
4.487378e-02
1.111748e-01
1.559207e-01
5.192208e-03
1.309764e-01
1.002388e-05
2.284680e-02
2.131893e-01
5.780154e-03
2.888010e-03
2.527813e-05
4.566057e-02
3.071186e-02
3.588728e-02
8.683330e-02
1.501518e-02
1.868189e-01
1.653407e-02
9.107526e-02
1.156031e-01
1.402893e-02
7.435093e-02
6.042486e-02
2.057397e-01
4.936292e-02
1.264481e-04
7.162364e-02
7.458156e-02
2.129605e-01
1.622163e-01
5.442055e-02
8.512524e-04
7.252160e-03
1.573457e-02
4.130076e-02
6.125748e-03
7.402396e-02
9.108506e-02
4.258041e-04
1.040138e-02
1.874059e-02
5.995499e-02
7.169100e-05
2.299513e-05
3.615106e-02
5.849529e-03
4.325488e-03
2.496270e-02
2.457998e-04
9.383553e-03
8.045252e-02
3.165396e-02
1.296297e-02
7.891440e-03
1.966975e-03
7.047176e-02
