7.690949e-04
2.408521e-02
6.393993e-02
2.059841e-02
7.640901e-02
1.351323e-03
2.119707e-02
4.328273e-02
5.504294e-04
5.496205e-02
7.482514e-02
7.477472e-03
2.707328e-02
3.318098e-03
9.629888e-02
1.739065e-02
1.794386e-02
9.275608e-02
2.816256e-06
4.848180e-02
1.357233e-01
1.198665e-02
8.301108e-03
1.032812e-01
7.816039e-03
2.631763e-04
3.944592e-02
8.730202e-02
5.291529e-03
2.579049e-01
1.601705e-01
1.992847e-02
3.170548e-01
1.798662e-04
6.554909e-03
5.000037e-02
1.437489e-01
4.744896e-03
9.199829e-03
8.137075e-02
5.982747e-02
4.029114e-02
1.271271e-01
1.969396e-02
6.166660e-02
9.643045e-03
3.618769e-02
9.640542e-02
2.381359e-02
4.255626e-03
8.268283e-05
3.974684e-02
2.075591e-03
9.878905e-03
7.037971e-04
3.355062e-02
1.255068e-01
1.401448e-02
3.365746e-02
4.327041e-02
4.869037e-02
1.644227e-03
2.207574e-02
4.630418e-02
5.361618e-02
1.572886e-02
4.004457e-02
3.232768e-04
2.310284e-01
2.464794e-02
2.146348e-02
1.079522e-03
1.937786e-03
5.369983e-03
9.767523e-02
8.561644e-03
5.032337e-02
8.637177e-04
3.074402e-02
1.310728e-02
1.231221e-02
4.070241e-02
2.520830e-03
2.388805e-04
1.381534e-01
5.000714e-03
7.996273e-02
8.855641e-02
1.752362e-02
4.938215e-03
2.605529e-01
6.957868e-02
5.439658e-02
3.389494e-03
1.646412e-05
1.234902e-04
1.074999e-01
1.308745e-01
3.245436e-01
6.134326e-02
4.239826e-03
1.726077e-01
1.035415e-01
3.600760e-02
4.183122e-02
3.023162e-01
1.123787e-01
1.508120e-02
3.486427e-02
6.617934e-02
9.933006e-04
7.616674e-02
5.218732e-02
1.133904e-02
3.923891e-02
3.482363e-02
7.601584e-03
9.362137e-03
6.718265e-05
4.409683e-02
2.906257e-04
2.659247e-03
1.177340e-02
3.955724e-02
1.440889e-02
9.273765e-05
2.055070e-02
1.524320e-02
8.009631e-02
8.184750e-03
1.928759e-01
2.357181e-01
1.967446e-04
5.542295e-03
1.026845e-01
1.662989e-01
8.245908e-04
8.167793e-02
2.702226e-01
3.396617e-01
1.898087e-03
2.134370e-02
5.620770e-03
6.829940e-05
8.089665e-02
1.262458e-02
2.636093e-03
8.181099e-03
4.231152e-01
1.262414e-03
1.019057e-01
1.501688e-02
7.424556e-03
1.008609e-01
1.626271e-01
1.054558e-02
1.463522e-02
3.150316e-02
7.549724e-03
1.651898e-02
9.839109e-02
4.867211e-02
1.082002e-01
6.989190e-05
8.015583e-03
3.721423e-02
3.939607e-06
6.155751e-02
1.345929e-03
6.563180e-03
1.072691e-03
3.408259e-02
5.328612e-03
5.337509e-02
3.446845e-02
9.993669e-03
2.283184e-03
3.315492e-03
2.015550e-03
2.123506e-02
3.432212e-02
2.064786e-02
4.077975e-02
2.524733e-02
1.605369e-02
2.836230e-01
1.214156e-01
4.383277e-03
8.876852e-03
1.860015e-02
6.437623e-03
1.466840e-02
5.751697e-03
1.784548e-03
1.711772e-02
4.368864e-02
5.259079e-02
1.047938e-01
9.221224e-02
7.584967e-03
5.875218e-03
7.115366e-02
5.474668e-02
1.212247e-02
1.540851e-01
4.590374e-02
2.107679e-06
5.866526e-02
4.591205e-02
3.950206e-02
2.379770e-02
9.348491e-04
2.393082e-02
1.980583e-02
1.596002e-02
1.485762e-03
8.884397e-05
2.102487e-02
1.083407e-01
5.324328e-02
1.514067e-01
6.104287e-02
1.712274e-02
1.506744e-02
2.524060e-02
3.975267e-02
5.092939e-04
1.411368e-03
1.684406e-01
1.558843e-01
1.501586e-02
2.543000e-02
2.044922e-03
1.590134e-01
1.046500e-01
3.740262e-03
6.547236e-02
1.421215e-03
9.465848e-04
7.115892e-02
9.376061e-02
1.238012e-01
2.126983e-01
7.692206e-02
1.745154e-03
3.648455e-02
1.907155e-02
2.858191e-02
2.478533e-02
9.138013e-04
6.853192e-03
2.374348e-07
1.830805e-01
3.213778e-02
1.110658e-02
1.448474e-02
8.466310e-02
7.023097e-05
1.575769e-01
2.234081e-04
7.851166e-01
1.693326e-01
3.912475e-02
8.898721e-03
5.585026e-03
5.445253e-03
3.924312e-02
1.128624e-01
3.632926e-02
1.118598e-02
1.428397e-01
3.727945e-02
5.727831e-02
3.428302e-02
2.175891e-03
9.620206e-02
3.679584e-01
3.164691e-02
3.185364e-02
6.155108e-02
1.330610e-02
1.421324e-02
1.255416e-01
1.906143e-02
4.514322e-05
3.888453e-03
6.797507e-02
4.952908e-03
2.245744e-02
3.878389e-02
3.378951e-02
6.565236e-02
2.717194e-01
1.493056e-02
8.257250e-03
9.302849e-04
1.476698e-01
3.969931e-02
2.074954e-04
3.636672e-02
7.202918e-02
1.354263e-01
5.939041e-02
1.087071e-01
8.783936e-02
1.519511e-01
1.743840e-02
7.965694e-05
4.076916e-03
1.581095e-01
1.102642e-01
1.355278e-02
5.363265e-02
3.518692e-02
8.068759e-02
1.432177e-01
9.675631e-02
8.004764e-02
4.246183e-02
1.445991e-03
5.646996e-02
1.628228e-02
3.252039e-02
4.100764e-03
4.942761e-03
2.423878e-02
6.135907e-05
9.180236e-04
5.483663e-02
8.390228e-02
6.013192e-04
9.884602e-02
8.427585e-03
2.405634e-01
2.003390e-02
9.728419e-03
1.013521e-01
4.655149e-02
1.087176e-01
2.436367e-04
1.791786e-01
3.137017e-02
1.060247e-01
9.199823e-03
1.775014e-02
7.694185e-02
1.239492e-06
6.256802e-03
1.149367e-02
5.722284e-03
2.974656e-01
8.603297e-03
2.599535e-01
1.070251e-03
3.204555e-02
1.276381e-01
1.645146e-02
8.305404e-03
1.714206e-02
3.190301e-02
4.363107e-01
1.261640e-01
1.737028e-04
1.820129e-03
2.035697e-01
1.943842e-01
1.512961e-02
3.709171e-02
1.172742e-02
4.946152e-02
1.683956e-01
2.159158e-03
7.655908e-04
1.100287e-02
8.690523e-03
1.288292e-01
1.196923e-05
2.477477e-01
6.880888e-02
1.023814e-03
8.382320e-02
5.324816e-02
2.038296e-04
3.643801e-02
1.126002e-03
4.680679e-02
1.923492e-03
1.797283e-02
1.267321e-01
2.573047e-02
9.413815e-02
5.818471e-05
1.037031e-03
2.445433e-02
5.306433e-02
6.255687e-03
1.437360e-01
3.244294e-02
3.273232e-02
3.955341e-02
4.783913e-02
2.267498e-01
2.547121e-02
4.694556e-02
9.392893e-02
5.298738e-03
2.647775e-01
7.285179e-03
1.208713e-02
1.880638e-03
2.623391e-02
4.175498e-02
2.518865e-02
7.202460e-02
1.013445e-02
1.397720e-02
2.463292e-01
3.605901e-03
1.134727e-01
2.079900e-01
6.021737e-04
7.000249e-03
8.106548e-02
5.902592e-05
2.515936e-02
1.247990e-01
4.187613e-02
2.628192e-02
5.799702e-03
5.201332e-02
2.665045e-02
1.171727e-02
1.032684e-01
4.647592e-02
2.405113e-02
3.233945e-02
5.873414e-02
4.661571e-02
1.169608e-03
1.756737e-02
2.797065e-02
7.006190e-02
5.939627e-03
1.111521e-01
4.581207e-03
4.155635e-02
1.879735e-02
1.505895e-02
8.807795e-03
4.595911e-02
2.083767e-02
1.980722e-02
9.699321e-02
1.181789e-01
4.998803e-02
3.071179e-02
8.072761e-03
5.645456e-02
4.627282e-02
2.588501e-01
1.303754e-01
6.528974e-03
8.128329e-03
2.171926e-01
8.963990e-03
3.443556e-04
1.454838e-01
6.365377e-04
7.512362e-02
1.774239e-02
5.982966e-03
3.375060e-02
1.832119e-02
1.414752e-01
3.141368e-03
2.855803e-02
3.419977e-02
7.433854e-02
3.409994e-02
1.770753e-01
1.433554e-02
9.270136e-02
1.121894e-01
1.119721e-03
1.338727e-01
1.475255e-01
5.223767e-02
1.132432e-02
3.115205e-02
3.953006e-02
2.128411e-02
2.087271e-02
4.004259e-02
2.974258e-02
2.942057e-08
8.141507e-02
2.616495e-01
1.920911e-02
5.980578e-04
7.625399e-02
1.903293e-03
3.509903e-03
6.599920e-04
1.229455e-01
4.649019e-02
6.616071e-03
1.925955e-02
1.101805e-02
7.816423e-02
7.398764e-05
1.911663e-01
3.661893e-01
7.138961e-02
1.690334e-03
8.580827e-03
5.671170e-05
1.860383e-03
2.585371e-03
1.673794e-02
1.685623e-02
6.223038e-03
1.370525e-03
3.505614e-02
1.181386e-02
1.592011e-01
6.045741e-03
5.496031e-02
4.855442e-04
6.114101e-03
6.351785e-04
1.612439e-01
6.662890e-02
1.538850e-03
1.667110e-03
2.108878e-01
1.361797e-02
5.462907e-02
1.266561e-01
2.415884e-03
7.328198e-02
1.618473e-01
6.865317e-03
5.304662e-02
2.686864e-01
2.362318e-02
2.001158e-02
1.091106e-02
1.121777e-01
2.231177e-02
5.327618e-03
7.935736e-04
5.728427e-03
3.409779e-02
2.264168e-02
5.326055e-02
3.247419e-02
5.801774e-03
6.847074e-03
4.587027e-04
4.598569e-04
4.361681e-02
8.170623e-02
1.648922e-02
1.739881e-02
2.724081e-06
3.776326e-01
6.898689e-02
4.308726e-02
3.144887e-03
1.047393e-01
1.628465e-02
8.530062e-02
5.300623e-02
8.509822e-02
8.866833e-03
1.974961e-01
3.118730e-01
1.211389e-03
9.077084e-02
3.371714e-02
1.441817e-02
6.224715e-03
1.102151e-03
8.590388e-03
2.934595e-04
2.521616e-03
1.419078e-02
3.174479e-02
3.363478e-03
1.476255e-01
1.445111e-01
3.368305e-01
4.417899e-02
1.915647e-02
