1.613776e-02
1.381715e-01
3.671389e-05
7.284353e-02
2.166266e-02
3.534987e-04
7.210646e-02
6.461980e-02
1.559345e-03
7.985192e-03
2.434967e-02
3.597002e-02
7.670956e-02
1.681750e-03
6.527518e-03
3.913906e-02
7.335429e-02
8.640396e-02
1.651948e-03
1.185554e-02
8.168752e-06
3.045088e-02
5.315372e-02
1.897951e-02
3.057447e-02
3.106791e-02
1.110226e-02
1.762014e-04
7.008580e-03
1.336302e-05
5.939563e-04
1.827754e-01
4.569464e-02
5.400123e-04
1.497096e-02
1.010120e-02
4.408103e-02
1.225888e-02
7.300899e-03
1.743529e-02
8.182263e-03
7.648736e-02
1.353880e-01
2.794066e-04
3.223706e-01
2.478447e-02
1.805583e-02
5.406913e-02
3.413732e-02
1.913406e-04
7.428430e-02
7.150559e-02
4.507198e-04
9.604555e-02
5.164187e-04
4.315779e-04
1.003215e-01
2.820174e-03
8.875924e-02
2.053211e-02
4.476454e-01
1.243740e-02
1.906532e-03
2.889584e-01
3.976372e-03
1.988448e-02
7.608548e-03
1.798664e-02
7.987132e-04
1.909589e-03
1.683813e-01
6.135783e-02
3.243117e-06
1.206754e-01
1.179706e-01
8.526276e-02
4.657008e-02
3.060659e-02
2.405616e-02
1.097708e-06
1.507774e-01
1.161075e-03
1.088761e-03
1.330406e-02
1.501467e-02
6.678660e-02
4.590059e-02
7.820158e-04
9.810161e-03
4.127424e-02
4.842666e-02
7.570865e-02
2.891166e-02
1.668835e-01
2.178982e-02
3.645359e-02
4.202499e-02
1.778162e-01
3.036214e-01
4.722211e-03
1.526606e-01
2.008081e-01
2.323254e-03
1.015732e-01
5.336761e-02
2.951137e-02
3.706104e-01
4.354496e-03
1.182649e-07
7.652513e-02
1.003540e-01
7.356542e-03
2.883293e-02
1.070607e-04
8.101267e-03
1.339864e-01
7.194951e-02
6.917947e-04
1.146498e-03
7.291236e-02
1.398965e-01
1.314181e-01
8.683570e-02
1.393865e-03
1.795282e-01
1.085750e-01
1.167743e-01
1.006314e-01
1.211732e-03
3.692263e-02
7.392699e-02
1.055143e-01
1.735489e-04
9.927934e-02
2.899582e-03
4.472770e-02
2.763218e-01
5.272950e-05
2.845619e-03
6.626517e-02
2.771387e-05
1.775065e-01
3.424854e-04
2.455433e-02
6.214686e-03
4.142085e-02
2.044404e-03
2.240309e-02
7.933603e-02
4.881340e-03
2.971503e-02
1.570236e-02
5.991696e-02
1.377225e-01
9.232188e-02
1.486213e-01
1.383241e-02
7.945871e-02
3.944704e-02
1.391145e-02
1.281531e-02
2.006802e-02
5.851108e-03
7.138918e-02
2.043576e-01
3.478695e-02
8.302314e-02
3.393742e-02
1.543939e-02
1.251095e-03
1.822102e-03
1.288969e-01
1.335205e-02
5.652594e-03
1.029253e-01
3.303812e-02
9.840270e-02
1.209672e-02
5.525474e-02
5.505269e-02
1.350263e-02
8.176913e-02
2.627919e-02
1.816486e-02
8.909630e-02
2.680530e-01
1.839408e-01
1.181482e-02
1.679457e-02
2.294782e-02
5.575883e-03
4.825612e-02
2.194201e-01
1.159407e-02
4.982789e-03
6.499620e-03
2.801167e-02
1.603267e-01
2.764485e-01
1.260905e-01
2.251188e-03
7.876038e-02
1.128831e-01
2.816288e-02
3.864648e-02
9.643869e-06
2.319516e-01
1.499228e-01
7.098433e-03
1.938322e-03
8.188465e-02
1.730695e-02
3.921066e-02
1.383106e-03
2.936143e-06
1.902063e-03
1.557587e-03
8.004313e-02
4.658958e-02
6.539315e-02
1.285863e-02
5.072021e-02
4.641303e-02
6.303327e-05
7.435560e-03
4.257403e-02
1.234073e-03
1.311161e-01
6.448701e-03
1.559081e-02
1.551298e-02
2.447115e-06
5.059096e-03
4.400844e-02
7.164945e-02
1.272388e-01
5.579911e-03
3.451626e-02
2.409263e-01
1.445326e-02
2.916551e-03
1.764247e-02
1.004498e-01
2.042529e-01
1.599486e-01
1.767853e-01
4.667839e-03
1.506274e-04
7.032467e-03
2.820881e-04
2.900473e-02
6.396385e-04
2.415791e-02
6.577666e-03
1.885489e-02
2.629915e-02
9.679240e-07
6.571426e-03
2.212194e-04
3.117608e-01
1.263984e-01
1.480123e-03
3.096458e-01
3.877299e-02
1.781302e-02
2.592822e-03
1.393324e-01
3.553045e-02
3.396279e-02
1.554587e-02
1.566984e-02
3.436907e-04
7.167442e-03
8.637530e-03
8.708317e-02
6.557824e-03
2.580800e-02
8.875670e-04
1.380552e-04
5.949101e-03
8.516617e-03
8.399782e-03
3.138013e-04
1.066277e-02
3.707053e-02
4.569234e-03
2.084771e-01
3.174280e-03
2.895419e-02
7.056607e-02
2.415703e-02
1.159653e-03
6.678895e-05
9.787635e-02
1.895064e-03
1.274515e-01
2.543435e-02
3.205313e-02
1.025244e-02
3.780338e-02
6.397194e-02
9.816310e-03
9.165678e-03
1.492803e-01
3.846501e-02
6.125407e-03
4.809623e-02
1.348955e-04
2.593379e-02
3.734523e-02
1.703740e-03
3.505740e-02
7.318101e-02
2.394470e-02
4.818420e-02
1.664404e-01
7.991803e-03
9.183965e-07
8.223679e-02
9.756997e-02
2.173637e-01
2.537914e-01
4.176538e-02
1.776340e-04
3.276696e-02
4.076790e-04
1.272074e-01
1.249194e-03
7.006947e-02
8.802387e-02
1.881168e-03
2.084260e-03
5.850328e-02
7.259989e-03
7.810574e-03
1.528359e-02
4.458377e-02
9.668496e-04
8.965230e-04
3.237023e-03
7.576980e-03
2.631875e-03
2.925867e-02
3.895599e-02
8.866131e-02
2.859160e-03
1.029891e-03
1.981057e-02
1.965474e-02
2.286104e-03
3.056172e-02
1.078274e-01
8.638698e-03
2.465776e-02
1.388772e-03
6.364405e-03
9.409701e-04
2.807538e-01
2.361137e-02
2.238003e-02
1.756208e-01
6.686067e-02
1.892181e-02
5.095738e-02
2.394073e-02
2.673019e-03
3.092601e-02
1.756272e-02
8.103326e-03
1.342628e-01
5.964574e-02
2.525791e-01
2.393138e-02
8.188145e-02
5.279354e-03
7.924875e-02
5.999170e-02
5.491552e-03
1.299342e-01
6.263092e-02
8.631048e-04
8.421166e-02
2.660740e-02
3.329577e-02
6.086129e-02
2.473858e-03
2.803495e-02
1.269140e-03
2.060544e-02
1.224407e-02
2.814155e-01
8.898894e-02
8.370592e-02
3.951814e-03
3.312148e-02
8.506908e-03
2.198476e-01
1.839291e-01
4.809268e-02
1.120344e-01
8.915832e-04
7.456288e-04
4.419700e-03
3.308942e-02
3.820127e-02
5.771493e-03
3.699507e-04
5.272114e-04
4.357052e-02
2.278550e-02
2.028193e-01
1.130593e-02
1.215018e-01
3.009778e-03
1.142298e-02
2.001236e-02
1.015687e-01
5.776502e-02
7.422391e-03
9.297181e-02
2.079744e-04
1.033972e-01
1.383413e-02
5.392079e-07
1.682881e-02
1.431657e-01
1.411025e-02
1.092212e-01
1.252006e-02
4.215389e-03
3.363959e-02
2.517721e-02
1.083898e-03
4.483715e-02
4.174253e-03
1.765495e-03
1.246560e-02
5.590981e-03
2.000149e-03
9.045064e-02
2.442361e-05
1.666225e-04
3.474312e-02
1.618112e-02
8.016774e-03
9.518013e-02
5.481959e-04
1.838655e-02
5.186339e-02
2.456246e-02
1.452457e-01
6.977323e-02
5.708527e-06
2.430227e-01
4.189119e-02
6.726922e-03
2.961004e-02
5.817473e-03
3.825601e-01
3.858074e-01
8.373518e-02
5.337392e-04
6.131749e-03
8.270131e-02
3.971099e-02
5.989162e-02
4.167843e-02
1.836212e-02
3.742977e-02
1.375482e-01
4.203159e-03
2.337666e-01
1.278526e-01
1.798171e-01
1.472633e-01
2.850922e-02
1.647469e-01
2.301491e-02
2.756855e-03
1.853082e-01
9.064612e-02
9.427850e-02
8.164676e-04
3.844207e-04
5.944858e-03
1.741322e-01
2.940929e-01
1.051090e-01
5.426937e-02
1.022907e-02
2.368201e-02
2.622358e-03
4.898440e-04
1.353963e-01
1.817431e-02
2.106636e-01
9.260721e-02
1.244654e-01
1.325037e-02
9.769381e-03
1.109293e-02
4.649070e-02
6.099040e-04
2.296726e-02
6.343232e-03
5.446778e-02
4.509193e-04
3.045963e-02
1.664217e-01
1.694112e-06
3.822040e-04
2.952687e-02
7.641706e-02
1.601732e-01
3.509768e-03
2.173461e-01
9.173452e-02
3.821600e-02
3.476268e-03
1.024322e-02
3.977805e-02
9.922430e-03
2.688653e-04
1.261165e-03
3.828348e-02
1.763094e-03
1.651699e-02
8.610992e-03
3.012725e-03
1.035787e-02
6.334991e-02
1.038923e-01
2.925268e-02
7.392599e-02
1.868737e-01
7.630527e-02
4.108107e-02
7.030843e-02
2.295674e-01
7.622727e-02
2.853314e-01
3.404356e-02
1.268344e-01
2.935410e-02
1.829983e-01
1.409799e-01
3.077880e-02
7.507308e-03
2.738271e-01
7.167490e-02
1.652764e-02
7.105962e-02
8.232383e-02
6.951306e-05
1.863924e-01
6.609502e-02
3.768674e-02
9.034868e-02
3.851646e-03
1.560771e-04
6.928209e-04
1.104461e-02
2.352320e-04
2.097479e-01
9.429544e-02
3.342278e-02
7.953956e-02
6.709178e-03
4.116024e-01
2.278421e-02
8.819384e-02
1.383551e-01
2.870790e-03
7.384160e-03
2.743299e-02
4.200577e-04
2.530604e-01
4.593135e-02
1.029933e-02
1.177938e-02
2.204739e-02
1.256227e-02
3.523673e-02
2.804880e-04
9.390976e-04
3.216556e-03
9.727305e-02
3.194789e-02
1.160956e-02
6.647208e-02
2.813613e-03
1.536250e-04
1.898370e-02
1.094928e-01
