2.585199e-02
4.093006e-04
7.615242e-03
2.868337e-03
4.127753e-03
4.864657e-02
1.600863e-02
3.767220e-02
1.450695e-02
1.239052e-04
9.167239e-04
7.827874e-02
1.993044e-02
5.225950e-02
8.037150e-03
8.267622e-02
5.400731e-02
6.006650e-02
1.799753e-02
4.125655e-02
1.087925e-03
3.231335e-02
5.910548e-02
2.222039e-02
1.539652e-01
4.115387e-02
2.046373e-03
1.973731e-03
2.633259e-02
4.483210e-02
5.248769e-03
3.432084e-01
7.010674e-02
9.615553e-02
1.834065e-03
1.368163e-02
3.321246e-03
4.467337e-05
3.562905e-02
1.641804e-02
2.370455e-04
1.490861e-02
2.618172e-03
8.677735e-04
1.241309e-02
1.204122e-02
2.308853e-02
8.517527e-03
4.183273e-02
8.732649e-02
3.607155e-05
7.186371e-05
1.324317e-02
3.168453e-03
4.463967e-03
9.848950e-03
7.230461e-02
7.619025e-02
7.702142e-04
5.397897e-01
7.914357e-03
2.943025e-02
1.512812e-02
9.763488e-06
4.110272e-02
9.078258e-02
2.007435e-02
2.472546e-02
1.423087e-02
7.403376e-02
1.683362e-02
1.531861e-02
5.241600e-03
9.814080e-02
4.547063e-03
2.111666e-01
1.199902e-01
2.272810e-02
1.664627e-01
2.387439e-02
9.132008e-02
2.085078e-03
1.426365e-02
2.712916e-03
3.110007e-03
1.171211e-01
6.359027e-06
3.867192e-04
6.932184e-03
6.300606e-03
1.472333e-02
2.461309e-01
5.160783e-03
4.043271e-02
1.662033e-02
1.279257e-01
1.309356e-01
1.096026e-02
2.699211e-02
3.004802e-02
6.950706e-03
2.307451e-02
1.339607e-02
2.334393e-02
8.502925e-02
1.684510e-01
3.730058e-05
6.867031e-03
7.893129e-03
1.336832e-01
7.439344e-02
5.419681e-04
2.942312e-03
4.099835e-02
4.342385e-02
1.425811e-01
1.460647e-01
4.281724e-02
2.643946e-03
1.241348e-01
4.458651e-04
2.916963e-01
3.378864e-02
1.342037e-01
4.413081e-04
2.743917e-02
6.413319e-02
9.311372e-02
3.142940e-03
4.182894e-02
2.062446e-02
1.587999e-03
6.646276e-02
2.448882e-02
3.263008e-02
3.018385e-03
3.888435e-04
6.067060e-02
1.472675e-04
2.507232e-03
9.126294e-03
3.780096e-02
4.165492e-03
8.820357e-02
3.160698e-03
5.666318e-05
1.783729e-01
3.975045e-02
9.433667e-03
2.207040e-03
5.936175e-05
1.755584e-01
7.749699e-02
2.603738e-01
9.336341e-03
6.863862e-03
3.347386e-04
1.370371e-05
7.582399e-03
5.805248e-01
6.696162e-02
4.079282e-02
3.949113e-02
3.482814e-03
7.119377e-02
1.793053e-01
3.911360e-02
9.246307e-03
6.602875e-04
6.214481e-03
7.221440e-03
1.931587e-01
9.827756e-03
1.280209e-04
5.879281e-03
8.289745e-03
4.807842e-02
5.072239e-03
9.550509e-02
2.555307e-02
1.288915e-03
3.249328e-03
3.089754e-02
1.333325e-01
4.354745e-04
1.063051e-02
1.279339e-02
4.803258e-02
7.146884e-03
1.169222e-03
2.539532e-02
3.945332e-02
2.593325e-01
3.860805e-02
1.959848e-01
1.806356e-01
3.230751e-02
8.619929e-03
1.743746e-04
1.137149e-03
3.919382e-02
3.522950e-02
1.995061e-02
1.125723e-05
4.113281e-03
6.579139e-04
1.966697e-02
4.876055e-05
3.772620e-02
5.807334e-05
1.771144e-01
2.544414e-01
1.296408e-03
2.384615e-02
1.859445e-02
5.539137e-04
3.764884e-01
5.030573e-03
4.034595e-03
8.854837e-02
2.100882e-01
8.349417e-04
2.897512e-02
2.331123e-02
1.623597e-03
1.062518e-03
1.583149e-02
4.360347e-03
6.611147e-02
1.010808e-01
3.954737e-02
1.472401e-01
5.688849e-03
2.160391e-02
2.328148e-03
4.152573e-02
3.406397e-03
1.245929e-01
1.493898e-02
2.913924e-02
9.285309e-02
8.743921e-02
6.933499e-02
2.847157e-02
4.103172e-02
3.913624e-04
7.602490e-02
2.242080e-02
3.071320e-02
2.375661e-03
3.054179e-04
2.318089e-02
4.374980e-02
1.185258e-02
8.846645e-02
1.084470e-02
1.734477e-01
3.997243e-02
6.952222e-02
4.570134e-02
9.034045e-03
3.329052e-02
9.281266e-03
2.108671e-01
1.795118e-03
2.275385e-05
4.198606e-03
3.181458e-01
9.938941e-02
5.193321e-02
1.291818e-02
1.409694e-02
2.573779e-03
5.360994e-02
9.996031e-02
5.124802e-02
1.950285e-01
4.677289e-02
6.760324e-02
1.331144e-01
6.769665e-02
7.342572e-02
8.045662e-04
2.293560e-01
7.960773e-02
1.530449e-05
3.518329e-02
2.969321e-03
9.564657e-03
8.185826e-02
1.123550e-01
1.014706e-02
1.328902e-03
1.139903e-02
2.438366e-02
4.234310e-04
5.574290e-02
6.469069e-03
9.456758e-03
1.568821e-03
2.974969e-03
3.446519e-02
4.855128e-03
2.514838e-01
1.530489e-02
4.750537e-05
2.128716e-03
1.894658e-02
3.077667e-07
1.138441e-02
7.340377e-04
3.386413e-02
4.054132e-02
2.859547e-02
4.673969e-06
1.069622e-01
2.677898e-02
1.961966e-02
7.972602e-03
8.916024e-02
3.719591e-03
2.420805e-03
2.569526e-04
6.435033e-03
2.430682e-02
9.649547e-02
2.620836e-03
2.147219e-01
2.171625e-02
9.408715e-02
9.101076e-05
4.793330e-02
1.121884e-01
6.243083e-02
1.522272e-02
4.153470e-03
1.116135e-01
4.676512e-02
2.923359e-02
7.459042e-02
5.272902e-04
2.141008e-02
4.618590e-04
2.551602e-01
1.774380e-01
4.361443e-05
7.184661e-03
1.989997e-02
6.592413e-03
1.758707e-03
1.728824e-06
1.264525e-02
3.950885e-03
5.510595e-02
1.817016e-01
1.716046e-01
3.278176e-01
4.315604e-02
3.004153e-02
5.962837e-04
1.705783e-02
3.752218e-06
3.937270e-03
2.912460e-03
2.611948e-02
3.224172e-02
2.368128e-05
2.585136e-02
3.630165e-01
1.091701e-07
4.288633e-03
6.688771e-02
1.763814e-04
1.081399e-04
5.021657e-04
7.942487e-03
1.027180e-01
4.278804e-02
4.128162e-03
2.145379e-02
4.200570e-02
1.874691e-02
3.058769e-02
8.062990e-03
4.157790e-02
1.922881e-01
8.866519e-03
1.505978e-02
2.488944e-02
3.316508e-02
1.180561e-01
1.621096e-02
1.337838e-01
2.120067e-02
4.379787e-03
2.150845e-02
1.114963e-01
1.632885e-02
4.444555e-02
9.693428e-03
4.378994e-02
1.127453e-01
5.904114e-02
1.036985e-01
4.881467e-02
3.333720e-02
9.482954e-03
1.164714e-01
2.647907e-02
3.858119e-02
3.971636e-02
1.056679e-03
9.030196e-02
8.471164e-02
1.020217e-02
1.232301e-02
4.263157e-02
9.913431e-02
9.529599e-04
3.520943e-03
7.968128e-03
7.947558e-03
6.004157e-02
4.945561e-02
3.015493e-03
9.122405e-03
4.855334e-03
2.760589e-03
2.413993e-04
3.989080e-02
1.059675e-01
7.906694e-04
3.870250e-04
8.559954e-07
1.550154e-02
5.813055e-03
2.750603e-02
8.928207e-02
7.887595e-02
3.482406e-02
1.278107e-02
1.787928e-03
1.641074e-02
2.166941e-01
1.283793e-02
1.782253e-02
8.973135e-03
3.803736e-02
1.021972e-02
2.019521e-03
2.967237e-02
7.724203e-03
1.697590e-02
2.467488e-01
4.386389e-02
3.373166e-02
1.474213e-03
3.096040e-01
9.201583e-02
2.567024e-01
2.750662e-04
1.837405e-02
1.851619e-01
1.867227e-01
1.162056e-02
3.564620e-02
1.377188e-02
2.581034e-01
3.601604e-01
5.282206e-03
1.969931e-02
3.184790e-02
1.331192e-01
5.352348e-04
2.145662e-01
1.841719e-02
7.923263e-02
2.714801e-02
6.227012e-03
1.039499e-01
3.409033e-02
4.556284e-03
1.277647e-02
2.248868e-04
3.446955e-02
2.126063e-03
7.839279e-02
2.309933e-04
1.271529e-02
1.834977e-01
7.818133e-02
2.028999e-03
9.972326e-02
1.315401e-02
1.449616e-06
7.445341e-04
7.185710e-02
1.279444e-01
3.969002e-02
9.112606e-02
1.191776e-03
2.180822e-01
1.463996e-02
7.242830e-02
8.207930e-05
2.840808e-03
1.991893e-02
4.055225e-01
1.807660e-02
5.318366e-02
3.313866e-03
3.423190e-02
2.130048e-01
2.409974e-03
5.243467e-02
4.235424e-02
1.797244e-01
2.899100e-05
1.052627e-01
8.710587e-03
3.897628e-03
8.297035e-02
6.571573e-02
1.145999e-02
1.782341e-03
5.410094e-03
4.271857e-02
1.828135e-02
1.983701e-02
1.779965e-02
3.687741e-02
1.624979e-03
1.504071e-02
1.214589e-01
4.503215e-03
1.011784e-01
7.248226e-02
2.985869e-01
6.632191e-02
5.738067e-03
6.750093e-02
5.135259e-02
6.061653e-04
7.341133e-02
4.483502e-01
4.038829e-02
4.269815e-03
5.190321e-02
2.310542e-02
4.230900e-02
1.098246e-03
1.208744e-02
1.055782e-01
1.413501e-01
1.825878e-01
1.803927e-02
1.978982e-02
2.275680e-02
1.542294e-02
1.203062e-02
1.608378e-02
3.488755e-02
6.243246e-02
4.885794e-03
1.111598e-02
7.081631e-02
1.456798e-02
9.612855e-03
3.889406e-01
3.143856e-03
6.076445e-02
4.691245e-02
2.546720e-02
3.377459e-03
5.719640e-02
3.531950e-02
6.284672e-02
5.696051e-02
8.819069e-04
1.825573e-02
2.473810e-02
3.974303e-02
1.764261e-02
2.272380e-03
1.598192e-02
2.992411e-03
5.022054e-02
3.432425e-02
6.039246e-03
3.094146e-02
4.821332e-02
1.219406e-01
5.173713e-02
2.962815e-02
