4.757381e-03
4.834167e-03
5.616148e-03
1.091997e-02
5.496939e-02
1.914415e-04
8.276471e-02
2.106113e-01
6.208814e-04
1.250240e-01
2.377387e-02
4.469144e-04
1.355083e-02
6.249447e-03
9.037972e-02
2.329741e-01
3.505065e-02
6.057650e-05
3.678640e-02
3.778333e-02
3.531471e-02
2.613707e-01
1.014881e-02
4.838726e-02
6.092011e-03
6.875384e-02
3.525737e-02
1.793395e-04
9.706514e-03
2.275042e-03
3.543367e-02
8.893568e-04
3.602658e-02
7.944486e-03
1.064278e-02
1.056227e-02
4.813953e-02
6.409963e-02
5.543884e-05
1.629564e-02
1.114987e-02
3.850614e-03
3.129421e-03
2.012515e-02
2.962938e-03
1.131724e-01
5.716329e-02
2.007569e-01
3.265553e-03
8.967126e-03
4.168341e-02
2.485790e-02
1.845233e-01
1.526181e-02
6.364263e-03
2.337868e-03
1.639635e-01
7.753875e-02
3.588588e-02
7.732908e-02
1.051141e-04
3.030109e-02
2.151638e-01
8.435693e-07
5.520029e-03
1.463373e-02
3.337120e-03
4.278130e-02
8.044838e-03
8.747127e-02
5.610587e-02
2.330069e-05
7.435969e-02
3.999021e-02
4.267832e-02
2.270185e-03
1.115756e-03
5.164630e-02
7.273748e-04
8.678498e-04
2.596429e-02
1.148233e-02
3.663742e-01
5.887896e-02
2.491468e-01
1.008589e-02
2.331689e-02
9.212810e-02
1.634912e-02
4.127662e-03
4.499819e-02
1.432061e-03
1.312821e-01
7.149470e-02
4.189930e-05
1.898986e-03
9.201142e-02
7.710922e-02
3.299631e-02
8.199528e-02
5.931994e-03
3.953926e-03
9.346078e-05
3.613995e-03
8.352727e-03
6.156659e-04
7.334066e-02
1.847703e-01
3.893067e-06
4.235855e-01
1.831117e-04
2.945321e-02
1.949124e-02
9.219938e-02
7.334829e-02
7.887759e-03
3.567145e-03
8.684235e-07
1.734972e-04
1.289382e-01
7.798036e-05
1.826224e-03
6.384518e-02
7.867305e-03
5.392521e-02
1.186832e-01
1.821983e-02
1.342140e-01
5.022272e-03
4.139692e-02
1.935658e-03
5.818107e-03
1.972517e-01
2.103954e-04
1.451377e-02
8.997339e-02
1.308191e-03
2.349835e-02
5.630084e-05
8.057283e-02
3.951181e-02
1.893602e-03
7.734741e-03
2.184238e-01
8.005210e-02
5.135501e-02
7.887794e-03
8.203134e-03
2.131794e-03
6.951806e-03
1.847273e-02
8.637997e-03
4.015333e-02
1.938595e-01
6.856119e-02
2.549994e-02
7.428506e-02
4.964973e-03
2.417432e-01
2.516829e-02
1.555561e-01
7.701931e-03
8.975867e-03
1.076696e-02
2.819815e-03
5.879167e-01
2.201325e-01
1.863527e-02
1.823885e-02
2.166044e-01
8.235179e-02
3.552394e-03
3.702241e-03
1.025877e-02
2.989486e-03
1.508253e-03
2.849536e-01
1.413337e-01
9.951149e-03
2.562884e-02
7.288733e-03
2.772153e-02
3.487213e-03
8.173921e-02
5.664100e-03
7.376916e-05
2.016241e-03
2.608135e-04
8.368736e-02
1.158150e-01
8.201552e-02
8.150186e-02
1.848554e-02
5.490501e-02
9.938742e-02
5.375096e-02
1.766090e-04
1.252921e-01
3.423684e-05
5.181678e-02
1.031180e-04
7.694406e-04
2.608272e-03
7.741323e-03
5.631432e-03
5.265090e-02
6.106831e-02
1.116019e-02
4.904117e-03
1.059652e-01
1.521100e-02
7.341087e-02
4.504375e-03
1.294011e-02
9.929981e-02
6.843980e-02
7.308179e-02
1.452157e-02
2.197317e-05
1.097159e-01
1.292494e-01
2.988441e-02
7.323666e-03
4.347671e-03
3.905922e-03
3.277480e-05
3.159040e-02
2.557547e-01
1.608232e-01
1.753047e-02
5.473366e-03
3.211325e-05
1.133638e-02
1.412208e-05
3.461020e-01
2.473375e-01
7.649477e-03
9.459751e-08
4.932842e-02
1.989431e-02
1.628474e-03
3.444347e-03
2.277639e-01
1.487342e-02
7.065227e-02
1.360621e-02
2.332128e-02
6.034872e-02
5.313438e-03
8.854040e-06
2.530466e-01
4.100501e-02
6.839481e-03
5.345731e-02
2.800287e-02
9.331334e-02
2.888010e-02
1.212792e-01
1.418456e-03
1.301245e-05
5.297402e-02
4.280432e-04
2.329974e-03
1.368750e-03
9.418626e-02
4.633134e-02
7.150330e-08
2.493108e-01
9.171322e-02
2.058635e-01
6.594279e-02
8.562796e-03
1.404278e-02
9.602079e-02
5.245973e-02
2.265292e-03
1.127182e-01
1.831928e-03
7.522177e-02
5.854078e-03
1.538431e-01
3.279722e-02
5.790712e-02
1.642693e-01
1.928670e-04
4.016081e-02
7.564549e-02
2.080599e-03
2.117195e-01
2.410673e-02
6.197104e-02
2.225243e-05
5.980561e-04
1.303966e-02
1.015661e-02
4.929229e-02
1.133322e-01
8.471734e-05
6.822431e-02
4.227972e-02
1.326040e-02
4.159486e-03
1.142520e-02
1.082510e-03
7.105668e-02
2.089473e-01
2.971780e-03
1.341164e-01
2.404777e-01
1.623455e-01
7.334235e-02
4.493637e-02
1.577655e-02
7.788913e-02
4.664194e-03
2.619865e-01
1.175297e-02
7.029802e-02
6.923425e-03
1.650366e-03
1.983453e-02
7.574083e-02
2.033769e-02
4.309629e-02
4.790489e-02
4.903209e-02
1.745967e-03
2.239920e-02
1.304587e-03
8.513996e-02
1.265820e-01
6.715252e-03
1.073231e-02
6.428786e-02
1.700897e-03
3.318192e-03
3.654586e-02
6.478010e-02
1.522342e-01
9.345051e-04
5.144761e-02
9.940851e-02
5.663615e-04
3.875206e-03
6.813761e-02
3.598213e-02
2.236682e-02
4.884259e-02
1.032278e-02
8.550930e-02
5.722792e-03
3.341276e-03
5.536160e-02
1.925943e-02
2.490463e-02
8.780145e-02
3.835546e-03
1.446070e-02
5.214704e-02
2.973999e-02
3.619363e-02
4.108144e-04
1.813808e-02
6.855409e-03
2.229493e-02
3.534267e-02
2.306592e-01
8.190982e-03
4.865556e-02
5.314382e-01
9.400671e-02
2.610929e-03
2.699002e-02
1.113792e-01
1.568471e-02
2.965154e-02
4.833783e-06
7.044525e-02
7.486618e-04
1.412924e-01
9.647890e-03
8.672196e-02
2.131206e-02
1.261027e-02
2.091282e-02
1.963695e-02
1.883812e-02
5.678630e-02
1.819331e-03
1.291507e-01
1.605725e-01
9.244336e-05
5.198156e-03
1.858214e-02
5.781570e-02
2.297398e-01
4.205064e-04
1.966107e-03
3.787621e-04
5.861019e-02
4.012468e-05
4.801612e-02
1.511039e-01
7.927751e-04
4.252851e-02
9.342544e-03
4.100523e-02
5.867914e-02
1.575015e-02
1.673511e-02
2.339546e-02
6.791716e-03
9.687769e-03
4.796528e-02
1.400515e-01
2.786673e-01
9.684083e-04
7.762381e-03
3.417689e-01
3.700381e-03
3.662806e-02
2.089664e-02
1.046481e-02
2.311179e-02
4.492577e-03
7.331189e-02
1.699731e-02
3.314686e-02
5.001234e-02
9.193143e-03
1.632378e-03
3.904965e-02
2.179395e-02
5.269991e-03
1.182440e-02
1.984636e-01
5.328227e-03
9.694138e-04
4.985813e-02
1.549081e-01
3.449982e-04
1.809309e-01
4.755320e-02
4.098976e-02
6.069439e-02
3.160374e-02
1.748131e-03
5.610224e-04
3.177016e-01
1.045680e-02
2.837708e-03
8.189689e-03
4.606720e-02
5.882973e-02
3.479683e-02
6.909774e-04
4.212180e-02
6.816940e-03
5.048094e-02
1.492203e-01
4.655376e-03
1.054269e-01
4.669752e-02
2.212580e-02
3.379279e-01
1.063756e-03
1.440091e-02
1.007344e-01
5.740926e-03
7.871781e-05
1.202999e-01
3.279462e-04
1.184343e-01
8.521876e-03
4.004515e-03
1.812681e-03
3.652384e-02
1.646287e-01
5.632522e-03
6.365530e-05
1.159485e-02
5.252553e-02
3.442733e-03
5.369131e-02
1.549665e-02
1.952371e-02
6.192903e-02
1.448108e-03
1.362069e-02
8.586787e-02
8.172845e-02
7.812059e-03
1.516792e-01
2.005016e-04
1.459963e-03
1.534782e-01
7.910415e-03
7.174598e-02
4.741584e-02
2.177319e-02
7.647999e-03
1.912703e-02
1.307152e-01
8.840212e-02
3.122380e-01
1.305356e-02
5.574857e-02
1.729556e-02
6.289203e-02
3.656177e-02
4.148641e-02
1.201393e-03
1.712188e-02
4.129171e-02
3.555814e-02
9.878328e-02
1.887139e-02
1.989169e-01
1.905789e-02
1.104176e-03
6.884916e-03
2.856331e-02
3.361223e-02
1.775715e-01
2.434571e-02
1.593836e-01
1.771841e-01
1.298667e-02
1.150891e-02
3.958556e-03
3.214670e-02
1.070798e-02
2.808776e-02
6.111460e-03
1.242155e-02
6.949609e-02
1.275115e-02
6.661219e-02
6.702876e-03
5.645760e-02
3.592572e-02
1.172493e-02
4.466422e-01
3.250103e-05
1.601983e-02
6.565406e-02
5.342856e-02
3.288745e-02
9.814219e-03
1.020297e-01
4.327818e-02
6.390846e-02
5.373971e-02
1.368994e-02
2.883844e-02
2.346777e-02
7.989545e-02
3.726477e-02
1.789974e-02
5.251855e-02
1.166687e-03
6.143633e-02
7.756071e-02
1.290535e-03
9.122740e-02
6.624923e-03
2.301382e-02
2.034444e-02
1.082429e-01
7.271641e-03
5.895336e-02
1.325432e-03
7.431823e-02
1.215300e-02
1.185154e-01
1.664990e-02
3.034235e-02
2.989284e-02
2.667825e-03
1.054931e-03
2.021012e-03
2.903130e-03
1.577170e-02
6.687969e-03
8.852658e-05
1.217599e-02
5.841682e-02
3.105288e-02
1.315244e-02
4.551283e-03
2.260250e-03
6.443283e-03
4.170396e-02
3.722849e-02
