1.571779e-01
1.752512e-09
7.977545e-02
5.909460e-02
2.827770e-02
1.518553e-01
3.765858e-02
6.044156e-03
4.102751e-03
3.079201e-03
9.047716e-02
1.462177e-02
9.723411e-02
2.089090e-02
1.385516e-01
1.169210e-02
2.257619e-01
7.776025e-04
3.105350e-02
7.117912e-02
4.714324e-05
3.187199e-03
2.787151e-04
4.354815e-05
9.654762e-04
1.128307e-02
3.995570e-04
6.996136e-02
1.735907e-05
2.589825e-02
4.401643e-04
2.025997e-01
2.235451e-02
3.887109e-02
3.818698e-05
4.526273e-03
4.496664e-02
1.683600e-01
6.139252e-04
1.223552e-01
7.726294e-05
1.519749e-01
7.186145e-02
3.247661e-02
1.384241e-01
1.442866e-02
4.141880e-03
5.130134e-02
1.048471e-01
5.824821e-04
9.871228e-02
5.515050e-02
7.677509e-02
2.129063e-04
7.107220e-04
2.870388e-05
3.404215e-02
6.714014e-02
4.261911e-03
2.409780e-02
4.893195e-03
1.754963e-03
9.908315e-04
2.268181e-02
8.887424e-04
1.431635e-02
9.163955e-03
2.272643e-01
6.555110e-02
5.030605e-02
4.542925e-02
8.373181e-03
6.588421e-02
4.038178e-02
2.206176e-01
6.081107e-02
2.084861e-03
1.050672e-01
6.473284e-02
6.862331e-02
3.025486e-03
2.256086e-02
1.653690e-02
1.145030e-01
1.784960e-05
2.300862e-02
6.705080e-02
9.200285e-04
2.064676e-01
3.134417e-03
3.681516e-02
5.638085e-02
7.002209e-02
4.702310e-05
8.593527e-02
3.001068e-01
4.283083e-03
4.730015e-02
1.573845e-01
2.998745e-02
6.160354e-02
2.219466e-01
1.524666e-01
1.243203e-01
2.109049e-03
1.540525e-02
5.609750e-03
1.918092e-02
1.034017e-01
4.327710e-02
1.146890e-03
2.897348e-01
3.044207e-02
4.712389e-02
4.032131e-02
2.361360e-02
1.225056e-01
3.210160e-02
2.538976e-01
3.862427e-02
4.913411e-02
1.782773e-02
2.475017e-01
1.908870e-03
2.231972e-01
1.592026e-03
1.949377e-02
6.622947e-02
5.471785e-03
1.412644e-04
3.225424e-04
9.282394e-02
1.219873e-01
2.941109e-02
3.803003e-02
1.611572e-01
8.051606e-03
8.382151e-02
2.859827e-02
6.428716e-03
2.028252e-02
3.988970e-03
3.335797e-03
1.573992e-02
1.417778e-02
9.012170e-03
1.621527e-01
7.503036e-04
1.324019e-01
4.052652e-02
8.155461e-05
3.576264e-02
5.009376e-02
2.871440e-02
8.054946e-02
1.232269e-01
6.933071e-02
6.598545e-02
1.174942e-01
9.907341e-02
2.346879e-02
3.365887e-03
3.310072e-02
5.784834e-02
5.843750e-02
5.893524e-02
9.040227e-03
2.543501e-02
6.200864e-04
3.441824e-02
2.140779e-02
7.074692e-02
2.611631e-05
6.566243e-02
2.717397e-01
4.557622e-02
1.524852e-02
1.432016e-01
1.850884e-02
1.803472e-02
2.462009e-02
1.201833e-02
1.368875e-01
2.116408e-02
1.184420e-01
5.227734e-02
1.741125e-03
2.475761e-02
5.525153e-02
2.668008e-02
4.428225e-03
4.798953e-02
4.144575e-03
3.658874e-02
6.815966e-02
9.235300e-02
4.186667e-03
3.673498e-02
4.241464e-02
3.920448e-02
4.260142e-01
3.925092e-02
1.345638e-01
3.538602e-03
3.211659e-04
4.484375e-04
1.787038e-05
3.910473e-02
4.294135e-04
1.561692e-02
2.328962e-01
2.814762e-03
9.248214e-02
1.073330e-03
4.647853e-02
7.718835e-02
1.500972e-02
5.024097e-02
8.463777e-03
1.526629e-02
1.998605e-04
9.306740e-02
2.115467e-01
6.351808e-02
3.999702e-02
4.480627e-03
1.337450e-05
1.875518e-01
9.744340e-02
2.475076e-02
7.961562e-02
1.172984e-02
1.583866e-03
4.196634e-02
1.086924e-01
5.386462e-02
6.743286e-02
1.940422e-01
3.048015e-02
4.639665e-04
1.288757e-01
4.411926e-02
1.336570e-01
2.717604e-03
1.596519e-02
5.501702e-03
1.162590e-02
5.073016e-03
5.945493e-02
9.181650e-03
8.917143e-02
4.850017e-02
7.190188e-05
8.238523e-02
9.679201e-03
2.393555e-02
2.371999e-01
3.180199e-02
6.672981e-03
1.051848e-01
4.380061e-01
1.249040e-01
4.220811e-02
1.231252e-02
1.458527e-03
4.781945e-02
2.397345e-02
4.658422e-03
1.539813e-03
1.498276e-02
1.685406e-03
2.201795e-02
1.779838e-01
2.187678e-02
4.911155e-03
2.869966e-01
2.714769e-03
1.523608e-01
1.522113e-03
1.377608e-02
1.774772e-02
6.552110e-02
1.854801e-02
4.077755e-02
5.706306e-02
2.780043e-03
1.752626e-01
5.471943e-02
4.774415e-02
1.819492e-02
1.012129e-01
9.026397e-02
1.180599e-02
1.909139e-01
9.461623e-02
4.420966e-03
4.741828e-02
8.153272e-02
1.930320e-01
8.283473e-04
5.119077e-02
7.895096e-03
9.497439e-02
1.676706e-04
1.466478e-02
3.508991e-03
1.590781e-02
1.291178e-01
6.016496e-03
1.138787e-01
7.089740e-02
4.249049e-02
3.488873e-03
1.513736e-01
4.092298e-03
2.130402e-02
2.875323e-02
1.047775e-02
8.625862e-02
4.626848e-02
8.719609e-04
1.836836e-03
1.230919e-02
9.744723e-06
2.698527e-01
5.967153e-05
1.161639e-03
7.703292e-02
1.265622e-03
3.444967e-02
2.712450e-03
1.083886e-04
5.181245e-03
1.643273e-02
8.299824e-03
5.425709e-02
5.578069e-03
8.691201e-03
1.027357e-01
5.378988e-02
7.032203e-03
9.921738e-04
1.000682e-01
1.875127e-02
1.577250e-03
5.659046e-02
5.317318e-03
1.442064e-01
1.493743e-02
4.128490e-02
4.845418e-03
1.151373e-01
1.351981e-01
1.734345e-02
4.051876e-02
8.471739e-04
1.088352e-01
1.451790e-03
9.089358e-04
1.192902e-02
8.380988e-03
2.582099e-04
9.326120e-02
4.731714e-03
1.486878e-02
1.038933e-02
1.529558e-01
1.107979e-02
8.114121e-02
1.031897e-01
3.585525e-04
3.909246e-02
6.147661e-02
2.197757e-02
8.950073e-03
1.730784e-01
1.927642e-03
6.540222e-02
1.047733e-01
2.328962e-02
6.816787e-02
5.781260e-04
3.097931e-02
2.062379e-02
4.953045e-02
2.981387e-03
5.332605e-04
5.300684e-02
3.912443e-03
1.327531e-04
2.036261e-03
3.856210e-02
1.140891e-01
1.714381e-01
1.853118e-04
9.948748e-02
6.501375e-02
3.802643e-02
1.355716e-03
1.783549e-03
1.493817e-03
4.306951e-02
1.249165e-01
1.959544e-02
4.278238e-04
8.276495e-02
2.350182e-01
3.681922e-03
1.828856e-02
4.846960e-02
4.661244e-03
1.612684e-03
1.475816e-02
2.837620e-02
8.146549e-02
1.056353e-02
1.967284e-03
3.966936e-01
2.565278e-02
2.011261e-02
1.233486e-01
1.477054e-02
1.322459e-01
3.533632e-03
7.431754e-02
2.255199e-02
6.546620e-02
2.622510e-02
2.044545e-06
1.977212e-01
5.003587e-03
3.696830e-02
1.089957e-01
3.899482e-02
7.395556e-02
1.916859e-02
1.722012e-02
8.194139e-02
9.409800e-02
3.312618e-02
1.514263e-01
3.833282e-02
6.667729e-02
7.330009e-03
1.809418e-02
2.141097e-01
7.554738e-04
1.163050e-02
2.864384e-01
2.465406e-02
7.718291e-03
1.865145e-01
1.783940e-02
9.006227e-02
1.792974e-02
1.141414e-01
1.369799e-05
3.158101e-03
1.465673e-02
1.445419e-02
1.689408e-01
1.469058e-01
1.132837e-02
3.503985e-03
4.667837e-02
2.525909e-02
1.647491e-02
1.592680e-04
6.951844e-02
4.792518e-02
8.818571e-03
3.282738e-01
2.518508e-02
4.502832e-02
6.879695e-02
7.704649e-02
7.865032e-04
2.371254e-01
6.974891e-02
1.184052e-02
4.670403e-02
2.495002e-02
3.317009e-02
6.195469e-04
4.047651e-05
7.077175e-03
2.840158e-02
8.255874e-03
7.862892e-02
5.087047e-04
1.635996e-03
3.921333e-03
3.225781e-03
3.363447e-01
4.531044e-03
1.366032e-02
1.409269e-01
2.985035e-04
1.678964e-02
3.759410e-01
1.957752e-04
1.966305e-06
8.620250e-02
6.733460e-04
2.160226e-02
6.690861e-03
2.146724e-01
3.122853e-02
2.624446e-04
2.258771e-02
1.385006e-01
1.184653e-03
1.378794e-01
1.470276e-04
1.066367e-03
3.366316e-02
3.721945e-02
1.657106e-04
2.920948e-04
2.968393e-02
1.843211e-01
3.138516e-02
6.243322e-06
4.212252e-02
2.529229e-04
6.973255e-03
1.448182e-03
1.160888e-03
1.220290e-03
2.840528e-03
2.685563e-03
6.269121e-03
1.339770e-02
1.056647e-01
3.134308e-02
2.262490e-03
5.676278e-03
7.521750e-06
7.901540e-02
1.756888e-01
8.485761e-02
1.415466e-01
9.610400e-03
6.620774e-03
1.904105e-01
3.889029e-02
2.687393e-04
8.558666e-04
3.513452e-02
2.333191e-03
4.189744e-02
2.241378e-05
1.586967e-02
8.640250e-02
5.610625e-02
8.360698e-03
3.476199e-02
1.102233e-01
7.748239e-04
5.349392e-02
7.498209e-02
1.417005e-03
5.818483e-02
3.480049e-02
1.322574e-02
3.588079e-02
4.292718e-01
8.735028e-02
8.113636e-05
1.653737e-05
6.162515e-03
1.669419e-02
1.005626e-03
2.264732e-03
1.009690e-01
5.809207e-02
4.267793e-03
1.024006e-02
2.085905e-02
2.264169e-01
3.830927e-03
3.785778e-02
2.012544e-02
3.503094e-02
3.994729e-02
4.088345e-04
4.511249e-02
2.370959e-01
8.548852e-02
1.316323e-02
6.905059e-03
5.323395e-02
2.309565e-01
5.775327e-04
