1.295231e-03
1.673506e-02
8.860906e-02
2.895466e-02
8.917979e-03
3.124338e-03
1.473580e-02
6.885955e-03
6.988988e-04
6.339543e-02
9.329671e-02
8.916739e-02
6.306070e-01
5.460726e-03
3.210344e-04
3.524274e-03
2.479019e-02
8.042772e-03
1.082173e-01
2.319020e-02
1.779399e-02
1.464964e-04
8.588575e-05
1.553366e-01
7.878605e-02
9.760061e-03
1.107756e-01
4.207257e-04
4.557163e-04
3.312523e-02
9.577192e-03
4.792493e-03
1.182518e-01
9.348163e-02
3.159936e-02
1.189922e-02
2.106577e-01
2.043793e-02
1.227101e-03
8.225503e-02
5.154120e-02
2.586065e-02
7.665733e-02
3.601536e-02
7.467151e-02
2.076604e-02
1.908731e-02
1.318415e-01
4.741625e-02
6.055237e-02
5.410375e-03
7.586719e-02
1.175470e-02
1.736701e-01
1.348928e-03
3.606002e-01
8.492463e-02
5.451222e-02
7.481615e-02
2.005016e-03
2.291225e-01
1.275957e-03
6.235413e-02
5.225875e-02
9.618765e-03
4.063601e-02
3.947925e-02
1.158702e-02
1.440988e-03
5.561064e-02
1.611248e-01
1.676538e-01
2.733288e-06
4.205426e-04
3.042334e-03
1.232196e-01
3.170461e-02
2.922180e-03
1.291487e-03
8.457113e-02
1.126199e-03
1.472164e-02
1.452233e-01
5.940940e-02
1.072704e-02
4.124978e-03
3.722152e-02
5.217679e-02
5.455955e-02
1.202921e-02
2.388063e-02
1.822397e-03
9.106594e-04
2.097486e-02
2.540073e-03
6.972383e-02
6.959706e-02
1.167464e-03
1.632752e-02
4.387280e-02
4.190095e-04
6.239830e-03
9.954232e-04
2.343211e-02
1.931207e-02
2.546448e-03
4.509103e-01
6.625813e-02
1.708298e-01
7.497536e-03
1.514532e-01
1.398165e-04
5.593676e-02
3.656673e-02
8.406133e-02
1.622361e-01
7.649959e-02
3.285676e-02
3.002542e-01
7.588353e-02
5.802813e-03
3.275171e-03
2.291312e-02
2.756571e-02
3.594998e-03
3.067121e-02
2.957499e-03
3.449955e-03
2.465253e-02
2.773223e-01
8.360872e-04
1.428121e-02
4.778115e-03
1.393229e-02
2.116684e-01
2.520759e-02
6.122780e-02
1.750946e-01
1.771162e-02
8.324175e-03
2.849680e-02
2.146163e-02
3.507714e-03
8.474646e-03
8.615505e-03
1.621790e-02
2.678025e-02
4.206868e-03
4.127347e-03
6.807833e-03
9.693406e-02
2.966147e-06
2.424623e-01
3.287050e-03
2.894117e-02
3.600184e-03
2.277871e-02
4.387922e-03
1.203220e-01
7.755987e-02
1.677639e-02
1.203566e-01
1.043760e-01
9.802809e-02
2.006149e-02
5.556561e-03
9.220286e-02
1.025900e-01
8.059303e-02
5.177555e-02
1.126735e-01
4.656485e-03
2.773406e-03
1.457891e-02
1.840495e-02
8.569366e-02
5.059362e-03
1.859991e-02
3.575346e-03
7.642934e-02
2.427731e-03
1.444432e-01
8.363790e-02
6.443998e-04
1.671479e-02
8.442278e-03
3.962876e-02
5.343575e-03
1.947150e-05
2.845873e-03
6.907234e-02
7.153138e-02
5.873385e-02
1.570656e-02
1.198706e-02
1.241640e-02
2.460058e-02
8.725161e-02
3.787643e-03
9.731804e-02
5.775327e-03
2.548560e-02
5.121180e-03
1.572872e-01
1.286065e-01
9.319548e-03
1.094433e-03
1.413760e-01
1.864552e-03
1.440760e-01
7.622523e-02
3.704495e-02
1.323551e-04
5.745995e-02
2.953111e-02
1.414602e-01
9.798554e-02
2.999089e-02
1.010036e-01
1.031972e-01
2.887262e-02
1.084784e-02
4.223513e-02
8.144431e-04
5.884623e-04
3.667734e-02
8.303598e-02
7.854108e-03
3.081734e-01
7.816851e-04
2.135550e-01
5.443100e-03
9.915587e-03
7.840418e-03
2.449490e-01
1.179249e-02
1.370817e-01
1.887983e-02
7.349750e-04
5.861787e-03
1.873156e-02
2.960958e-02
1.277182e-01
2.252851e-02
3.146959e-03
1.055159e-01
5.660267e-03
8.674115e-02
3.787995e-02
6.179833e-02
1.562131e-03
2.830427e-02
9.425620e-04
1.372433e-02
5.937538e-05
1.839474e-02
8.679659e-02
6.634639e-03
4.344321e-04
3.765370e-02
7.626135e-05
2.272365e-03
7.502643e-02
1.815708e-04
1.579313e-02
5.580123e-02
4.632352e-03
8.300869e-02
1.685853e-02
1.621499e-03
1.404623e-01
1.139173e-01
8.406664e-03
5.599889e-06
3.111759e-02
2.088275e-03
6.810277e-03
1.294436e-02
3.060081e-02
2.557842e-02
2.265686e-01
3.008296e-01
5.940171e-02
2.811353e-03
2.246405e-02
5.296865e-02
4.493799e-02
1.225046e-01
5.874460e-02
6.750281e-02
5.165933e-02
1.233080e-02
2.731297e-03
1.038637e-02
2.174197e-02
6.686369e-03
1.051592e-03
3.924277e-02
6.195289e-03
2.646667e-01
1.637220e-02
6.558905e-04
7.986802e-03
1.313521e-03
2.369323e-03
2.406746e-02
7.938763e-03
9.965631e-02
1.285635e-02
1.832316e-03
1.134166e-02
6.128768e-03
8.226446e-02
2.218872e-03
1.667746e-02
1.715134e-01
1.172413e-01
1.452818e-02
1.841459e-04
4.419061e-03
4.239134e-02
1.138878e-02
2.573020e-01
3.253241e-01
2.274365e-02
1.707799e-04
7.662507e-03
7.779571e-02
7.031282e-02
2.047386e-01
1.566852e-01
3.379910e-02
6.360113e-02
6.334922e-02
9.092433e-02
1.609325e-02
9.971151e-03
2.890991e-02
1.128031e-02
3.346127e-02
1.605248e-01
3.151794e-03
1.288622e-01
6.786824e-02
4.246328e-02
1.233640e-02
4.535368e-02
2.733756e-03
9.537365e-03
3.911573e-03
3.118342e-02
9.626802e-02
3.175275e-03
6.817084e-03
2.360082e-02
5.356363e-02
3.267464e-03
2.557506e-01
2.183537e-03
1.211375e-04
2.932292e-02
6.617098e-02
6.364348e-02
4.625583e-02
3.312236e-03
1.698225e-02
3.087226e-02
1.767676e-02
1.067906e-05
1.012637e-02
1.966617e-02
9.759503e-02
1.805422e-03
3.532031e-01
5.171078e-03
3.273178e-03
3.108109e-02
1.151787e-02
3.930944e-04
8.165146e-03
9.648581e-03
1.813842e-01
8.815473e-06
3.347161e-02
3.504070e-02
6.051759e-02
1.163417e-03
3.124849e-02
2.322284e-02
9.727367e-02
2.296533e-02
3.062400e-03
3.458392e-03
1.580013e-01
1.435112e-01
8.249804e-02
2.838625e-03
9.503409e-02
1.164082e-01
7.818988e-03
1.157023e-02
1.837249e-01
8.781042e-03
3.074886e-05
1.234486e-01
3.755748e-02
4.581034e-02
4.248761e-02
4.988507e-02
4.504168e-02
3.082117e-02
4.691439e-03
1.038922e-04
7.941431e-02
5.988661e-03
4.790233e-03
7.026017e-03
3.127080e-02
1.387398e-02
2.405726e-02
2.926757e-03
5.491541e-03
5.770774e-02
5.835308e-04
2.293030e-02
2.707318e-02
1.328312e-02
1.268195e-03
2.495191e-02
4.539148e-04
3.381636e-02
3.518802e-02
2.818056e-03
6.835927e-03
1.078942e-03
7.142341e-02
5.631669e-02
4.940826e-02
9.813493e-03
8.779305e-04
1.162919e-01
2.028841e-03
1.695925e-02
6.605680e-02
1.270091e-01
2.369729e-02
2.616912e-03
1.294942e-02
7.619090e-03
4.056340e-06
2.250697e-03
1.318884e-01
1.497655e-02
3.387972e-02
2.045125e-03
1.093665e-01
2.611186e-01
3.348363e-01
4.364457e-02
2.877275e-01
4.483541e-03
1.382507e-01
1.119116e-02
5.760357e-03
5.858214e-02
4.804737e-07
2.858428e-02
1.673444e-02
3.891042e-01
1.162719e-01
1.456349e-02
5.218343e-05
5.176623e-04
2.360908e-02
4.429395e-04
6.889000e-02
6.180046e-03
1.942453e-02
6.118724e-03
1.789766e-01
3.260190e-03
1.301063e-04
1.734454e-02
9.291879e-03
4.310108e-02
4.338117e-02
4.541957e-02
3.658526e-02
9.894302e-02
8.776564e-04
4.722009e-03
1.143948e-01
1.034769e-01
2.937676e-02
1.123661e-02
3.316854e-02
1.845918e-02
2.063124e-02
5.524210e-02
8.888546e-04
7.961073e-02
3.067752e-02
4.281144e-02
6.912526e-03
2.743336e-02
8.106688e-03
1.314719e-02
1.444135e-01
1.753374e-02
7.632561e-02
3.260653e-01
6.052556e-02
6.499472e-02
1.067243e-03
5.646999e-04
2.101171e-02
1.023130e-02
1.668057e-01
8.924983e-04
4.925427e-02
2.361519e-02
9.320213e-03
2.094811e-03
6.448349e-03
6.891931e-02
6.073915e-02
4.770767e-04
2.214624e-02
6.137594e-03
1.457691e-01
3.576719e-02
3.553788e-01
5.472963e-04
3.900172e-03
1.594784e-03
1.658056e-01
5.885234e-03
3.223639e-04
1.630500e-02
4.365890e-02
1.971231e-02
9.101244e-04
1.579659e-01
1.513589e-02
1.900455e-02
1.016809e-01
7.429577e-03
5.986168e-03
9.397603e-02
5.939148e-02
1.246776e-02
5.046217e-02
1.061779e-01
3.860546e-03
7.758802e-03
1.243145e-01
1.021815e-02
1.153134e-01
3.851155e-02
4.035308e-02
1.399905e-01
1.241753e-02
2.207327e-01
3.949861e-02
1.077355e-01
2.252401e-02
1.546532e-01
5.156807e-04
3.278303e-02
6.623832e-03
8.991297e-02
1.355373e-01
8.520435e-02
1.081728e-02
6.412015e-02
7.324863e-03
2.787736e-03
1.187826e-02
1.615351e-01
1.072118e-02
2.083330e-03
8.714592e-02
1.174955e-01
1.393628e-05
2.323719e-05
8.622682e-02
5.320811e-03
3.324973e-02
2.470796e-02
9.247639e-04
3.580651e-03
1.871535e-02
7.290424e-02
2.504417e-03
