2.082241e-04
1.950874e-01
3.807575e-03
2.191435e-01
3.421098e-02
2.636373e-02
1.738440e-03
1.804748e-02
7.339374e-02
3.275515e-01
1.084096e-01
8.412414e-03
2.526183e-03
4.901558e-02
6.356052e-03
9.353382e-03
6.137028e-03
4.052756e-03
6.308044e-03
4.383460e-02
1.995647e-03
4.912978e-02
3.648590e-02
2.620423e-05
7.170788e-02
6.217130e-03
2.755946e-03
6.252018e-02
7.137389e-03
2.006040e-02
9.907550e-02
2.095926e-03
1.881908e-01
7.634894e-02
4.961531e-02
4.611713e-02
1.062143e-02
3.209502e-03
1.693562e-02
1.902029e-02
8.025210e-03
1.183661e-02
1.724512e-01
9.243007e-02
8.340435e-03
9.148650e-02
1.681691e-02
1.492276e-02
2.372347e-03
1.197410e-01
3.147302e-03
2.934999e-02
2.407445e-02
9.301702e-02
2.928412e-03
1.038668e-02
6.029434e-02
2.492954e-03
1.197724e-02
2.232347e-02
1.002810e-02
1.703324e-02
4.935006e-02
6.322153e-03
3.146352e-03
3.740051e-02
1.255279e-02
1.253932e-03
5.428448e-02
7.172705e-03
4.424644e-02
3.177782e-02
1.630692e-01
2.918496e-02
2.048374e-01
5.223860e-03
7.844628e-02
9.800835e-03
2.148134e-03
3.972167e-02
1.906734e-03
2.607054e-05
4.867087e-02
1.179684e-02
8.108804e-03
2.989432e-02
2.530037e-02
2.024586e-02
1.015084e-04
1.447385e-01
5.854983e-02
7.635276e-04
7.847692e-05
2.161535e-01
1.740291e-01
4.936884e-03
7.504587e-03
1.338608e-03
9.742575e-05
5.315189e-03
1.670706e-01
2.537875e-02
5.119814e-03
3.532182e-03
1.184542e-01
1.046396e-02
4.466534e-04
9.756251e-02
6.503458e-02
6.720230e-02
8.097725e-02
1.236067e+00
6.142229e-03
9.643828e-02
2.464892e-03
1.247292e-02
2.097937e-02
1.395251e-01
5.291791e-02
6.170009e-03
1.027385e-02
2.275234e-02
4.462219e-03
5.605608e-02
6.318421e-04
1.508718e-02
6.075739e-05
4.760761e-02
2.837422e-03
4.644503e-02
8.903529e-03
2.254400e-02
9.632803e-03
3.826925e-04
2.025814e-02
6.934896e-03
2.179753e-01
1.816575e-02
5.346261e-02
5.268207e-03
4.653466e-02
2.269035e-01
7.049073e-05
6.881040e-02
6.529655e-02
4.327514e-03
6.495667e-02
8.517973e-02
3.483371e-02
5.508829e-03
3.019101e-06
1.424384e-02
6.429255e-02
3.556411e-01
9.840870e-02
1.856565e-02
3.074852e-06
5.588817e-02
2.237555e-01
8.338405e-01
1.647948e-01
1.345824e-02
6.469184e-02
9.071526e-02
4.898432e-02
2.205959e-02
1.600423e-01
7.602814e-02
7.897920e-03
3.384147e-02
3.416551e-02
3.384845e-04
8.601595e-03
1.267905e-01
7.748268e-03
2.536089e-01
9.190694e-04
1.636443e-01
1.081769e-01
8.134566e-02
8.512554e-03
1.699765e-03
7.506601e-03
4.484167e-02
2.710293e-01
1.748178e-01
4.766541e-03
4.220749e-02
1.271353e-01
2.228741e-01
7.180917e-03
3.548684e-03
1.147069e-01
3.446556e-04
3.032890e-03
1.411106e-03
5.442823e-03
1.579574e-03
9.506755e-03
4.001656e-02
1.728827e-02
8.162066e-02
3.808095e-02
3.362758e-02
1.037576e-03
2.128311e-03
7.521467e-03
4.686727e-03
9.011022e-05
1.703359e-01
3.401221e-03
3.659054e-02
6.530585e-03
9.614468e-04
7.942574e-02
1.334606e-01
2.954427e-02
2.751378e-02
1.083728e-02
1.084753e-01
7.869205e-04
2.812085e-02
4.144811e-03
3.568086e-02
1.164005e-02
1.354777e-01
2.434554e-02
2.187393e-01
1.858913e-02
3.732456e-04
5.112662e-02
3.530826e-02
9.295369e-02
6.030004e-02
1.146620e-03
5.491895e-03
6.624903e-05
6.262736e-03
4.997009e-03
5.883075e-03
3.941377e-05
1.155891e-01
2.752055e-02
5.792012e-02
8.289653e-03
5.582066e-04
7.790501e-03
3.932140e-02
3.496644e-02
7.367549e-02
6.004898e-02
4.292096e-02
1.514705e-03
9.898318e-02
8.748619e-03
3.021876e-02
1.059385e-03
5.039032e-02
1.768353e-02
1.603230e-02
3.395575e-05
1.095816e-02
1.241764e-01
3.901104e-06
7.841599e-02
5.664095e-03
8.732836e-01
2.174112e-03
1.456947e-01
5.753157e-01
1.239908e-01
1.948882e-02
3.791440e-01
2.230879e-05
2.108465e-02
1.899001e-02
2.598262e-04
3.668396e-03
1.896153e-03
1.275196e-01
9.452365e-03
1.176503e-02
1.368865e-02
1.003097e-02
7.177465e-03
6.618753e-02
2.822379e-03
2.312331e-02
1.117785e-02
1.277322e-01
1.200040e-01
1.482485e-03
1.809593e-01
4.863784e-03
3.659806e-01
7.468316e-03
2.391683e-01
4.738582e-03
1.006567e-02
5.979778e-03
9.962750e-03
1.101732e-02
1.387859e-01
2.859120e-07
1.040152e-02
1.216867e-01
4.111743e-02
7.184825e-02
5.090714e-02
1.305163e-03
2.858513e-02
6.341737e-03
2.854092e-02
2.865742e-02
1.218862e-02
1.373749e-01
3.508312e-02
6.863505e-03
6.920876e-03
1.276653e-02
7.556305e-02
4.963568e-02
9.047305e-02
1.973185e-02
9.651667e-03
3.309788e-03
1.470205e-02
1.080352e-01
4.134000e-02
3.257391e-02
2.012412e-03
1.642504e-02
7.848397e-03
2.348544e-01
1.016003e-03
8.503058e-02
3.060804e-02
6.952247e-03
8.057265e-03
1.113518e-01
2.265192e-05
7.270128e-02
2.067999e-02
2.375677e-03
2.275522e-01
7.812758e-03
1.648186e-03
3.387014e-02
3.023890e-01
2.766884e-02
4.488658e-03
1.541592e-02
1.521481e-01
3.900497e-02
1.526484e-06
8.779432e-02
1.402888e-01
1.398289e-05
8.978179e-02
2.521290e-03
7.488149e-02
3.603928e-02
1.778355e-02
6.990288e-05
3.616827e-02
1.060949e-01
2.373559e-02
2.541518e-02
1.977528e-03
1.667535e-01
2.414434e-02
1.385431e-02
8.253787e-03
1.759417e-01
5.651982e-02
4.882534e-02
2.382789e-02
9.157505e-02
1.351110e-03
4.346561e-02
5.998333e-02
2.554959e-02
4.276375e-02
2.625895e-03
3.886018e-02
2.744031e-03
5.024801e-04
4.496000e-02
3.568735e-02
6.667678e-02
1.451054e-01
4.244759e-02
2.672307e-02
1.563279e-02
8.122901e-03
2.220910e-02
8.922894e-02
1.553906e-04
2.586489e-02
9.707713e-04
1.109005e-02
1.912647e-01
2.478175e-01
1.254652e-01
3.277186e-01
9.213757e-02
7.486607e-02
2.673152e-02
1.734348e-02
8.267547e-03
2.555026e-02
3.840085e-02
6.968630e-02
2.660139e-02
3.625185e-03
6.723202e-02
9.737783e-02
3.068322e-02
2.142846e-02
5.530298e-05
9.609901e-02
8.664352e-02
2.308370e-02
5.573574e-04
1.773080e-02
6.404088e-04
2.050549e-01
8.677225e-04
3.210375e-03
5.496552e-02
2.451189e-04
6.601660e-04
2.827166e-02
2.696726e-01
9.941865e-02
4.802387e-02
2.077666e-02
3.730386e-02
4.749099e-03
1.034027e-01
1.468444e-02
2.784452e-02
1.276314e-01
4.735224e-01
3.250993e-02
1.219247e-01
4.379699e-02
2.183125e-02
6.179293e-03
2.993331e-02
2.908447e-02
2.461645e-02
6.110110e-02
5.681550e-02
5.438518e-02
4.610140e-02
3.998643e-04
1.368154e-04
3.533463e-02
4.750700e-02
8.738335e-02
7.619024e-02
4.900790e-03
8.779331e-02
8.401812e-02
2.651755e-01
1.208813e-02
1.003531e-03
1.949779e-04
4.067974e-04
7.946778e-02
5.272326e-01
1.547792e-01
3.252880e-03
1.598555e-01
4.398086e-04
7.928460e-04
3.827918e-02
3.420369e-03
7.294461e-02
4.304858e-02
4.590497e-03
1.591723e-01
2.343572e-01
3.652704e-02
1.556696e-01
4.222723e-04
3.654816e-02
1.894540e-03
2.602621e-01
7.219130e-02
1.868674e-02
2.156736e-02
8.605571e-02
7.408745e-02
4.060430e-04
2.434716e-01
1.516062e-02
3.265292e-01
3.210222e-01
1.122259e-02
1.719778e-01
9.522942e-03
1.121340e-02
5.709820e-02
3.933945e-02
7.347469e-02
2.208539e-04
6.958347e-02
2.135106e-01
4.129722e-01
2.861343e-03
9.962801e-03
7.768941e-04
3.113135e-01
7.102141e-03
7.188766e-02
7.758314e-03
1.435089e-02
3.764341e-02
5.605078e-02
1.658338e-04
4.984320e-02
1.781704e-06
6.671093e-02
7.255950e-03
5.914955e-02
3.631791e-06
1.456486e-01
1.420949e-01
6.867708e-03
1.711081e-02
2.881651e-02
1.756691e-04
2.662591e-03
9.410805e-02
1.566197e-02
3.249100e-02
3.331250e-03
5.671174e-02
3.576292e-01
7.403025e-05
5.415058e-02
5.013832e-02
2.411377e-03
2.312090e-03
3.086089e-04
5.831515e-04
5.553745e-02
7.384041e-02
4.274168e-04
1.021919e-01
4.576551e-03
9.754726e-03
3.683070e-02
2.085377e-02
5.487411e-04
7.491389e-03
2.937241e-02
4.948089e-02
1.726892e-02
1.001473e-01
1.483124e-02
1.122677e-02
3.075819e-03
1.544157e-01
2.657458e-02
1.958756e-02
1.253542e-01
2.170748e-06
5.562057e-03
1.715126e-03
6.784172e-02
1.817794e-01
3.589155e-03
7.306802e-03
3.785180e-03
3.747586e-02
7.151914e-03
2.512544e-01
5.524741e-02
1.532757e-03
6.099626e-02
2.857835e-02
6.775361e-02
4.203134e-02
2.220371e-02
1.653139e-02
2.283941e-03
1.196582e-02
4.046122e-02
1.601917e-02
1.145380e-01
2.476564e-01
