1.179133e-01
4.651137e-02
4.098181e-02
7.100531e-02
9.456112e-02
6.227841e-02
1.926085e-01
3.515490e-02
5.840178e-04
1.596148e-01
4.043195e-04
2.350837e-03
1.365699e-02
2.035281e-01
1.529810e-01
3.398072e-02
8.555550e-02
7.035992e-02
3.857454e-02
6.929651e-03
4.194122e-03
6.331884e-02
2.927139e-02
1.941597e-02
1.758590e-02
5.059157e-01
1.214605e-01
1.023556e-03
1.342787e-01
4.024392e-04
7.121421e-02
3.397097e-02
5.629925e-02
7.697581e-03
1.996601e-03
3.549486e-01
3.366654e-03
1.250396e-02
5.261112e-02
2.072315e-01
4.603381e-02
1.234755e-02
1.489380e-01
2.112664e-01
1.000778e-03
2.062937e-01
1.089705e-04
1.954190e-04
4.780035e-04
3.242660e-03
1.613373e-02
1.366144e-01
2.763319e-02
6.812235e-03
1.456663e-02
4.302804e-02
2.451907e-03
1.038483e-02
1.374881e-01
2.897868e-02
1.824966e-02
9.969877e-03
4.159059e-03
4.091663e-02
5.513817e-03
1.171824e-01
5.347078e-02
4.174084e-03
1.110345e-01
1.354427e-02
1.421909e-05
7.190628e-04
1.217193e-02
5.373202e-03
6.708103e-02
3.232952e-01
1.664303e-02
1.844342e-03
2.278160e-03
1.632197e-02
4.297893e-02
3.740516e-02
1.531131e-01
2.639277e-04
1.440155e-02
1.824689e-01
9.350218e-04
6.901426e-02
4.297651e-02
2.952239e-02
1.335127e-01
1.557899e-04
4.185112e-02
8.859746e-04
2.111319e-04
2.528851e-03
3.304005e-02
9.883030e-03
1.863399e-04
1.346619e-03
4.449415e-03
6.729168e-03
2.601564e-01
1.672311e-01
6.050566e-04
7.484220e-02
6.937418e-03
1.199593e-05
1.285041e-01
2.299129e-03
1.320432e-02
1.164578e-01
1.415641e-02
1.451704e-03
3.223821e-02
8.688311e-02
7.885890e-02
1.122137e-01
9.787287e-03
2.047310e-01
4.982919e-02
3.705045e-02
1.661762e-03
8.412517e-02
6.385187e-02
2.008457e-01
4.001238e-03
1.103971e-03
1.721779e-01
3.006737e-03
3.270601e-02
2.422178e-02
1.603500e-02
2.130719e-04
6.293584e-03
8.126652e-04
1.619070e-02
8.490453e-02
1.265255e-02
2.606263e-01
9.993574e-02
6.694619e-05
5.993335e-04
6.243734e-05
1.568453e-02
8.304529e-04
2.149732e-02
3.307438e-03
2.317439e-01
3.972376e-02
5.114954e-02
6.691490e-03
2.841736e-01
1.418465e-01
3.039473e-03
2.895493e-02
1.277708e-01
2.526646e-03
9.904772e-04
6.399543e-01
4.796767e-03
1.347181e-02
7.530316e-05
1.907589e-03
2.662294e-02
3.599925e-02
2.274990e-02
6.947172e-02
1.038825e-01
4.373945e-02
2.743885e-02
6.101035e-04
8.177690e-03
1.062135e-02
5.343782e-02
3.406098e-02
2.057067e-03
5.467417e-02
6.380715e-02
6.149213e-03
4.884140e-02
6.743895e-02
6.461968e-03
1.640885e-03
1.467492e-02
3.271033e-03
2.807870e-02
1.118927e-02
1.765558e-02
3.703996e-02
2.514886e-02
1.278855e-01
5.075188e-02
3.171161e-02
6.968614e-03
2.022760e-02
2.121760e-02
3.710718e-04
2.505391e-02
3.150103e-01
3.439174e-02
4.995138e-03
2.469643e-02
5.943590e-03
1.400051e-02
4.227064e-02
1.546000e-01
6.385509e-03
1.852688e-04
2.467147e-03
1.467516e-02
3.631266e-02
1.251734e-01
4.457623e-03
2.333458e-02
2.791341e-03
2.635513e-04
1.390150e-03
2.943913e-02
1.767833e-01
5.609746e-02
2.672052e-03
2.159933e-01
3.553941e-02
3.296859e-04
3.726395e-03
3.760301e-02
7.692449e-03
1.520388e-02
1.084952e-01
7.489258e-02
6.283829e-03
8.001888e-02
4.400362e-02
1.020963e-01
2.568940e-01
2.548292e-02
9.766877e-03
8.168014e-02
5.671052e-03
9.960874e-02
3.903491e-02
1.431375e-01
1.582783e-02
9.185985e-02
1.343576e-06
1.251086e-03
8.855213e-02
5.134928e-03
6.192196e-02
1.594742e-01
2.979948e-01
1.266191e-02
1.957840e-01
3.065915e-03
3.978517e-02
1.175393e-01
4.797986e-02
1.807550e-02
1.593198e-01
4.077431e-01
3.981468e-02
6.041644e-02
7.901265e-02
4.381302e-02
8.791064e-02
2.997454e-02
7.312238e-04
9.666884e-03
1.265929e-01
8.333536e-02
3.961719e-06
4.924641e-02
6.747548e-03
6.679816e-04
7.383127e-02
2.385546e-02
1.433453e-01
1.010941e-01
9.620674e-02
5.235392e-02
1.172533e-01
4.608311e-02
5.729893e-02
3.208373e-07
2.647131e-03
5.987060e-04
9.332219e-03
2.557702e-04
8.668999e-02
5.550828e-03
1.635104e-02
9.809797e-02
4.933259e-03
6.847653e-02
1.447294e-01
6.616180e-02
4.744686e-02
1.255907e-02
1.278066e-01
1.635217e-02
1.187066e-04
2.017773e-01
2.660673e-02
6.266607e-02
7.884044e-03
1.460626e-02
2.136683e-02
4.407632e-02
6.520940e-02
1.516944e-02
7.692371e-04
1.047210e-02
8.152635e-02
1.991995e-01
3.361951e-02
7.016504e-02
2.979298e-02
9.463271e-02
6.797944e-04
5.150717e-02
5.098943e-02
2.834155e-02
5.042077e-03
2.878572e-02
4.977757e-03
3.044623e-02
4.522172e-02
2.490131e-02
1.725991e-02
1.563101e-02
3.439586e-05
2.745862e-02
9.363388e-04
2.613977e-03
8.636164e-02
4.128020e-02
6.571868e-02
7.204076e-02
1.446777e-02
3.831210e-02
4.179500e-02
5.673642e-02
3.748555e-03
3.185124e-02
1.519450e-02
1.180437e-02
2.831587e-02
8.892366e-02
7.562519e-04
8.515782e-04
5.476092e-02
3.018726e-02
3.203895e-03
2.213131e-03
8.149428e-03
5.225522e-04
5.921009e-02
4.928574e-04
3.198900e-03
6.915849e-02
3.466384e-02
3.671390e-02
1.078518e-02
4.246733e-02
3.183277e-03
7.305516e-02
3.852856e-01
2.685126e-02
3.502705e-02
4.377522e-02
5.205098e-02
1.127816e-03
1.302717e-03
4.384872e-03
7.322249e-02
1.010236e-01
6.593713e-04
8.194094e-05
9.156376e-03
8.263881e-03
2.685632e-02
5.391270e-02
1.021328e-02
1.087803e-02
3.914802e-02
1.022945e-03
4.410771e-01
3.225185e-03
7.581450e-03
4.733015e-02
2.386869e-02
1.106390e-04
3.446447e-03
5.669066e-04
1.819966e-02
3.061044e-01
7.494811e-02
1.142900e-02
5.085154e-03
7.498965e-02
1.226040e-02
4.869691e-03
5.250116e-02
9.957699e-04
4.402035e-03
1.880313e-01
3.553311e-01
2.564832e-03
3.553759e-07
4.014837e-02
1.624888e-02
2.386190e-01
3.689244e-02
1.026959e-01
6.844737e-03
3.225310e-01
9.680930e-03
1.653512e-02
3.519850e-02
4.036911e-03
7.551448e-02
3.830964e-03
8.178883e-04
6.602742e-03
2.928785e-03
1.137967e-02
7.429036e-02
2.495252e-03
5.557508e-02
3.774715e-02
9.186277e-03
1.311794e-01
3.538317e-03
4.491038e-02
6.089982e-03
2.638063e-02
7.755420e-02
9.802446e-02
4.944952e-02
2.797578e-01
2.800342e-02
1.106618e-04
6.876229e-03
3.600215e-02
3.595854e-01
1.024088e-03
8.032545e-02
1.719295e-03
5.056619e-03
2.003367e-01
4.344943e-02
4.536487e-01
1.062134e-02
1.594201e-02
5.391259e-02
3.367778e-02
3.309756e-02
4.089492e-03
1.421617e-02
5.023743e-02
4.844273e-02
6.795672e-06
1.622971e-03
1.803837e-02
4.919144e-03
4.681584e-01
3.968014e-03
5.189526e-03
9.040194e-03
5.852308e-02
2.683613e-02
1.164308e-02
6.602864e-03
1.853712e-01
5.297816e-03
1.663866e-05
7.204706e-03
1.195857e-02
7.476831e-03
5.481561e-03
4.221124e-03
5.937900e-03
7.201531e-03
1.365196e-02
6.940108e-02
1.869389e-05
3.198317e-02
6.300031e-03
1.697903e-02
6.195535e-02
3.281203e-01
2.968442e-03
1.227432e-01
2.658404e-01
3.659836e-03
8.240028e-02
3.332334e-03
2.265949e-01
1.965435e-02
9.474503e-04
3.080925e-02
3.172615e-02
8.467456e-02
3.801114e-01
1.054322e-02
1.491692e-01
1.628743e+00
2.318700e-03
1.176497e-02
3.565496e-01
2.717476e-03
7.872770e-04
1.154474e-02
1.442322e-01
9.410900e-04
1.584525e-02
2.774313e-03
4.109824e-03
2.445093e-01
9.870538e-03
7.081845e-03
2.570647e-06
1.810718e-01
7.404489e-02
5.439073e-02
3.820379e-03
4.638859e-03
5.114591e-02
6.531422e-03
3.424377e-02
1.555846e-01
2.175890e-02
7.911805e-02
4.162434e-02
2.822219e-02
2.346966e-02
5.614174e-02
1.091881e-01
8.067691e-02
3.527391e-01
2.932015e-02
3.103472e-02
7.616883e-02
1.166582e-01
2.584876e-02
1.212980e-01
1.369556e-05
4.614754e-01
3.874902e-01
2.784804e-03
2.628828e-02
1.665130e-03
7.407861e-04
2.998696e-02
1.460286e-02
1.686713e-02
6.124881e-02
1.041579e-01
2.940712e-02
1.577823e-02
1.928688e-02
2.089940e-01
7.619107e-03
1.257758e-01
5.407284e-03
1.180155e-01
2.360764e-01
8.265137e-03
1.236321e-02
1.333946e-03
1.132033e-03
4.064770e-02
1.621367e-01
5.660833e-03
8.050986e-02
8.265364e-05
7.959353e-02
1.956267e-03
7.739006e-03
7.856721e-02
5.065928e-02
2.472984e-02
5.342328e-02
3.066446e-02
4.056630e-02
1.125559e-01
9.448454e-04
5.144313e-03
5.034768e-02
1.891125e-02
1.467579e-05
4.021554e-03
1.827067e-02
