2.633665e-02
2.356246e-01
2.367993e-02
1.187665e-04
4.402494e-03
1.729164e-01
2.908199e-03
3.913849e-02
1.628540e-01
1.704433e-02
5.416771e-02
5.260898e-04
8.053323e-03
6.176195e-02
1.359628e-03
2.880806e-02
1.534024e-03
1.342730e-02
8.547539e-06
2.087684e-02
1.326315e-02
5.466700e-03
6.315384e-03
2.263997e-02
2.589768e-02
1.748020e-02
2.339904e-02
8.928646e-02
4.864941e-02
1.643977e-01
4.794387e-02
3.068427e-03
8.216427e-02
8.910645e-04
3.677040e-01
3.166190e-02
1.218271e-03
1.387276e-01
1.494903e-01
1.055199e-01
2.381515e-03
9.438787e-02
2.136137e-03
7.090258e-02
5.274128e-02
3.139011e-01
2.903392e-06
6.263314e-03
6.948544e-02
1.671664e-01
8.911053e-03
2.570137e-01
1.616939e-02
3.077641e-01
3.987678e-02
2.112524e-03
1.883198e-02
3.780461e-02
1.294233e-01
4.493611e-02
3.077312e-01
6.484976e-02
1.113658e-05
4.631943e-02
1.671949e-01
5.531164e-02
3.966291e-02
3.678477e-02
2.992807e-04
1.989662e-02
9.927083e-03
7.906319e-03
2.828693e-02
3.195301e-02
4.068942e-03
1.253112e-02
6.280807e-02
7.658982e-02
9.770246e-03
1.177788e-02
1.182833e-02
1.492454e-02
4.046357e-03
6.983241e-02
5.550884e-05
5.714306e-03
2.910507e-02
5.220371e-02
4.741982e-02
2.056394e-03
1.342763e-01
4.682271e-03
1.542499e-02
1.807595e-02
1.202465e-01
2.888620e-01
3.463688e-02
4.503742e-03
1.850431e-02
2.723238e-02
7.148934e-02
2.500260e-02
1.794222e-01
3.256534e-02
5.817704e-02
6.624748e-02
3.361279e-03
2.862846e-03
2.143222e-03
6.215672e-02
2.041592e-03
3.309715e-01
1.769170e-01
1.418669e-02
4.408720e-02
3.060397e-02
3.643278e-01
1.181951e-02
6.572910e-04
1.826775e-03
3.421815e-05
1.356261e-02
2.997892e-01
1.047325e-01
1.481941e-01
9.830595e-04
1.288084e-03
3.892556e-02
1.229373e-02
2.164239e-05
3.224837e-02
2.311157e-02
2.746976e-04
1.202418e-05
4.778417e-03
4.285676e-02
2.236815e-02
1.889107e-01
2.191387e-01
7.768033e-03
2.602081e-02
5.382288e-02
3.900081e-03
5.190146e-03
6.201539e-03
1.125018e-01
1.111628e-01
8.841169e-02
1.385915e-01
1.519042e-01
5.360607e-02
1.612229e-03
7.148130e-02
3.755748e-02
1.668034e-02
9.128911e-03
1.223872e-02
4.992299e-02
2.144036e-01
7.788401e-02
1.717087e-04
8.923797e-03
2.689150e-02
2.620552e-03
7.786601e-02
9.742772e-06
5.831730e-02
7.571788e-03
6.074542e-02
1.780064e-02
2.128329e-04
1.085292e-01
5.707637e-03
5.501633e-02
9.581503e-03
9.901716e-03
1.723368e-02
9.894510e-04
1.145830e-02
1.274822e-01
2.232873e-01
7.374131e-03
1.597416e-02
4.217024e-02
1.394443e-02
7.275136e-02
2.034989e-01
2.170452e-02
4.227148e-02
8.477994e-02
1.442760e-02
1.898022e-02
4.661722e-01
1.053987e-01
3.120878e-02
4.790687e-02
5.838043e-02
1.899031e-03
9.616380e-04
1.799467e-02
3.447945e-03
4.178934e-03
1.504166e-03
4.885517e-05
1.193813e-01
4.609118e-04
1.105522e-01
3.623927e-03
9.272748e-02
1.514976e-02
3.082986e-02
1.593939e-02
9.739020e-03
2.887370e-02
6.686868e-02
8.163028e-06
4.082993e-01
2.384234e-03
2.404606e-02
1.329651e-01
6.760121e-03
3.287812e-02
2.243278e-02
5.464852e-02
2.557008e-06
4.358490e-02
1.648943e-01
1.078719e-02
1.061999e-01
3.224000e-02
8.539741e-05
7.356824e-02
1.199109e-01
3.448318e-02
6.828582e-03
3.088880e-02
4.877576e-03
1.814482e-03
7.945636e-05
1.621309e-02
2.655616e-02
4.569188e-02
1.543784e-01
3.733158e-02
3.197118e-02
4.697334e-02
1.220785e-01
4.136948e-03
9.523543e-02
8.600909e-08
8.670799e-04
9.969302e-02
6.871439e-04
6.586075e-03
1.198257e-02
6.436627e-05
3.387798e-01
1.208015e-02
1.191691e-03
8.926381e-02
1.251496e-02
1.483398e-02
3.927093e-02
5.136714e-02
4.776534e-02
9.367233e-05
2.891308e-03
1.484696e-03
1.097295e-02
3.533911e-04
1.148804e-01
2.390419e-02
4.866328e-02
3.672617e-02
1.003310e-05
2.250188e-02
1.968214e-01
8.751843e-03
9.909237e-03
2.129170e-02
4.836424e-03
8.332118e-02
1.190428e-02
9.446317e-02
2.584982e-03
5.710775e-02
6.410139e-03
1.297563e-02
9.714140e-02
1.495128e-01
8.192507e-02
2.738836e-02
2.139220e-02
9.364332e-05
4.801308e-03
7.926074e-02
4.534484e-03
2.922299e-03
1.475466e-02
6.495869e-02
1.259870e-01
1.507593e-01
5.989951e-02
2.803095e-02
1.120180e-01
7.852667e-02
7.701673e-03
9.862876e-02
2.824251e-03
8.668603e-03
2.842621e-03
6.430036e-02
2.531763e-04
1.792702e-02
5.763271e-04
1.175442e-01
5.513716e-02
3.599124e-03
1.233073e-01
1.207378e-01
1.530152e-02
9.540092e-03
5.069760e-05
7.989789e-02
3.032274e-03
6.218669e-02
1.091437e-01
1.109567e-01
3.041969e-02
1.000273e-01
9.571663e-03
2.417733e-02
5.761566e-02
2.411635e-02
1.181070e-02
1.276272e-03
4.342407e-02
8.609561e-03
8.487593e-03
2.026641e-02
5.308524e-02
8.439423e-03
5.593106e-02
1.381209e-03
1.989067e-03
6.631484e-03
1.786381e-03
2.011379e-02
4.621693e-04
7.946301e-03
2.543047e-02
1.673001e-02
1.401697e-02
2.964965e-02
1.684908e-02
1.078491e-01
1.049264e-02
1.407201e-01
8.661150e-02
9.070842e-03
6.909396e-02
1.132544e-02
2.152494e-03
5.097757e-02
8.006708e-02
2.624441e-02
2.640751e-03
6.178738e-03
5.011424e-02
1.749441e-02
3.670786e-02
5.834195e-02
3.849802e-02
2.955963e-02
2.558666e-02
1.287503e-03
1.058555e-02
3.149301e-01
1.775801e-06
2.872596e-02
8.010958e-02
1.261877e-02
4.983023e-03
2.467126e-04
2.286758e-02
4.977427e-02
4.839411e-02
7.227862e-05
2.516120e-01
6.239055e-02
1.492946e-01
3.558672e-02
5.082341e-02
1.459429e-02
2.910932e-02
3.621816e-01
7.430785e-02
4.399844e-02
3.508050e-02
1.994574e-01
8.407186e-02
5.422444e-02
1.332742e-01
9.080530e-04
2.106460e-01
1.856776e-02
7.106648e-02
1.292343e-03
7.336374e-02
1.790389e-03
1.054013e-01
6.826499e-02
4.686237e-03
5.078543e-05
2.990080e-03
6.368594e-03
3.729201e-02
2.537191e-01
7.255257e-02
3.634031e-03
3.483008e-02
1.615990e-01
4.542172e-03
3.790541e-04
1.998427e-02
1.064332e-01
1.916591e-01
3.203282e-02
7.144512e-02
9.869679e-02
9.991113e-02
4.606350e-03
6.225166e-03
2.807735e-03
1.827309e-01
3.803092e-03
4.627700e-03
5.014510e-02
1.147576e-02
3.616965e-02
1.820475e-02
1.703264e-01
1.200715e-02
6.399939e-03
3.027937e-03
1.388199e-02
1.228895e-02
2.837852e-03
2.954248e-02
7.169983e-02
3.602869e-02
4.243624e-02
1.888985e-01
3.010792e-02
2.032845e-02
6.922493e-03
6.283324e-01
3.003630e-03
2.581704e-02
6.812545e-03
4.088322e-03
6.678947e-02
1.277107e-03
1.052624e-01
1.780443e-01
4.889809e-03
1.189726e-02
3.303142e-02
7.575266e-03
3.439628e-02
1.443695e-01
5.643312e-02
6.683044e-02
2.689880e-03
2.061381e-01
1.266080e-02
2.495360e-03
6.163635e-03
1.653133e-02
5.713089e-03
3.435085e-03
9.821110e-05
6.582235e-02
1.493783e-02
1.832109e-01
1.512664e-02
1.380132e-02
5.317310e-04
1.009131e-01
1.251002e-01
5.974706e-03
6.392684e-03
7.761881e-02
5.719025e-02
9.332818e-02
1.317684e-01
3.367519e-02
3.475055e-02
2.293555e-05
9.738401e-02
4.357851e-03
5.003121e-02
1.326350e-02
5.306176e-02
3.284936e-02
8.409885e-02
4.730736e-02
3.085940e-01
5.003471e-02
1.322408e-01
8.883707e-02
1.764308e-02
8.692125e-04
1.568086e-02
1.414299e-01
4.465217e-04
4.886541e-02
6.824532e-02
1.489109e-03
5.219624e-03
1.814273e-02
2.631632e-04
1.856321e-02
1.919833e-02
1.856729e-04
3.838687e-02
7.352463e-03
4.766011e-02
2.290789e-02
1.079141e-02
5.309133e-02
3.475617e-02
1.015880e-02
1.925641e-01
2.174624e-03
8.035668e-03
1.320759e-02
1.239068e-01
2.580538e-02
7.408314e-04
2.900379e-02
6.097200e-03
1.262526e-01
1.058513e-03
8.653329e-03
1.224305e-03
9.773377e-02
1.856174e-02
8.944547e-03
2.824852e-02
5.026876e-02
1.785678e-03
9.238364e-03
1.118523e-01
1.565961e-03
2.179182e-01
1.300167e-03
1.054738e-03
1.173848e-02
6.243841e-02
6.890355e-02
1.048082e-01
2.693537e-03
4.342899e-01
4.624494e-02
1.034379e-01
4.128145e-03
8.824263e-02
1.333642e-02
6.179239e-03
5.335494e-03
1.540461e-01
6.729686e-02
4.023250e-02
5.577904e-02
6.206253e-02
1.107404e-05
9.976066e-03
3.000404e-03
1.028971e-01
2.432377e-01
2.976696e-02
3.402673e-02
6.134935e-03
1.549045e-02
5.319182e-02
1.406877e-02
1.225944e-02
3.148669e-01
6.721392e-02
6.011850e-02
2.251460e-01
1.037268e-01
2.290054e-03
