1.845353e-01
2.188054e-02
1.280851e-01
7.459258e-02
6.121987e-02
2.159886e-01
7.583552e-03
3.550313e-02
2.634512e-02
2.650496e-02
4.496144e-03
1.529601e-01
9.626171e-03
2.866495e-03
2.787978e-03
5.564901e-02
3.063138e-02
5.205277e-03
2.302734e-02
8.596709e-03
7.424976e-02
1.557290e-02
1.565882e-02
1.451300e-01
2.122975e-02
5.946780e-02
3.616320e-02
4.532830e-02
1.875922e-02
1.386604e-02
3.898082e-05
3.717337e-02
1.440969e-01
1.341113e-02
2.292811e-05
3.681781e-03
3.622130e-01
2.821510e-03
3.702338e-03
1.146244e-01
4.316949e-03
2.794181e-02
1.102833e-02
3.952571e-02
1.693196e-02
1.533434e-03
2.344777e-01
5.551352e-02
4.683452e-02
6.450518e-04
1.458970e-03
1.131966e-01
9.379881e-02
9.067283e-02
6.162106e-02
2.141134e-04
5.251002e-02
1.340314e-03
1.544250e-01
2.246025e-02
2.979412e-02
7.624158e-02
1.098813e-05
6.126581e-05
1.073285e-01
1.601217e-02
6.669583e-02
1.004424e-01
1.733565e-01
4.124322e-02
9.379630e-03
1.074520e-02
2.363208e-02
1.268621e-01
7.916889e-03
9.208319e-04
1.547510e-02
4.398700e-02
6.131827e-04
7.755497e-02
3.035638e-04
2.743535e-04
5.124784e-04
1.426175e-03
2.004271e-01
2.224706e-02
7.904893e-03
5.312761e-02
1.043159e-01
2.015455e-05
3.082835e-02
1.055687e-03
2.070050e-01
2.344068e-02
3.217508e-03
1.551760e-02
6.005286e-04
1.271307e-01
1.665344e-01
1.305363e-02
8.573298e-02
3.389269e-02
3.668699e-02
1.192097e-02
3.234254e-03
7.705091e-05
3.468575e-02
1.145601e-03
1.705801e-02
1.442482e-01
6.427965e-03
9.657596e-01
1.204802e-01
1.588192e-02
1.324296e-02
2.840077e-03
2.436798e-03
1.719326e-03
4.339218e-03
3.864635e-05
5.053758e-02
1.865711e-03
1.507842e-02
4.263361e-02
5.895626e-03
1.230687e-01
1.955228e-03
3.094704e-02
1.459886e-01
3.068931e-03
6.535960e-04
4.944107e-01
1.049025e-01
6.434482e-02
3.625695e-02
1.554969e-02
5.733545e-02
7.081698e-02
9.155473e-03
6.118442e-03
5.951045e-02
6.964362e-03
9.946951e-03
5.910228e-02
4.432592e-02
5.637389e-05
1.902224e-01
3.491565e-02
1.829818e-03
3.068208e-02
1.347222e-02
1.033445e-02
8.488373e-03
1.041176e-02
1.744097e-02
5.645963e-02
2.944092e-04
2.832600e-03
1.276748e-04
4.192864e-01
2.680908e-01
3.638991e-04
1.467361e-01
9.575767e-03
3.549836e-04
7.767683e-03
7.570913e-03
1.491431e-02
2.457864e-02
3.286660e-02
1.690129e-01
1.177012e-02
1.480530e-05
1.231224e-02
4.307016e-02
2.602912e-02
5.208277e-02
8.825149e-03
1.925282e-02
8.842667e-03
4.561799e-02
7.158627e-02
1.994846e-02
3.437741e-02
9.257012e-03
1.312474e-02
9.336852e-02
3.467594e-02
6.051624e-02
1.538673e-01
1.358046e-01
9.639106e-06
9.521173e-04
1.226753e-02
4.294702e-03
6.234224e-02
6.124594e-02
7.716099e-03
3.115566e-03
8.965583e-03
1.133597e-01
1.490309e-02
3.782807e-02
1.133453e-03
2.978273e-02
6.929751e-02
3.229054e-02
9.903271e-03
3.133821e-01
6.953221e-02
3.422154e-02
1.035785e-01
2.610245e-02
1.900562e-02
3.062232e-02
6.778326e-04
2.873019e-03
8.007568e-03
5.438839e-02
2.344059e-01
5.121526e-02
1.250295e-02
6.526184e-02
1.465710e-04
9.322225e-02
3.449928e-03
2.696279e-04
3.712553e-02
2.089543e-02
2.732811e-05
5.353493e-03
4.652704e-03
5.045171e-03
2.003083e-02
9.727922e-03
1.764096e-04
2.015109e-03
1.501237e-03
6.884258e-04
4.635090e-02
3.029010e-03
3.781574e-02
8.619792e-01
9.039063e-02
3.313707e-02
7.574913e-02
9.207677e-02
6.241094e-02
2.296801e-03
5.467960e-03
2.953804e-03
2.260074e-02
1.546867e-02
5.134180e-03
5.201975e-03
1.049014e-01
1.193049e-02
3.251829e-01
1.397737e-02
5.460229e-02
2.879633e-02
1.462332e-02
1.871105e-01
3.263591e-04
1.498422e-02
1.895723e-03
3.726552e-02
7.228977e-02
1.090259e-03
8.906955e-02
1.777910e-01
1.058473e-01
1.313070e-01
3.660083e-02
3.013474e-02
1.019862e-04
7.148018e-02
6.810124e-03
1.210385e-02
2.557878e-02
3.553312e-04
4.785573e-02
2.573273e-01
8.978438e-02
1.728064e-01
2.163827e-04
6.101736e-04
2.188516e-02
1.677164e-03
8.566625e-03
2.974577e-03
3.393801e-02
1.922924e-02
5.214897e-02
3.461725e-03
5.060562e-03
4.582974e-03
3.882081e-02
1.637910e-02
1.948076e-04
1.043186e-02
3.467212e-03
1.503092e-01
4.868031e-02
8.894331e-02
1.293024e-03
2.194877e-02
2.235886e-03
3.006886e-01
3.092663e-02
2.690802e-01
1.145454e-01
4.481302e-03
1.547775e-01
6.981064e-02
1.710243e-07
3.193473e-02
1.152103e-01
6.310682e-03
9.134217e-03
2.712048e-03
1.763007e-01
8.137848e-03
1.374530e-02
1.853806e-01
2.065074e-02
2.192711e-03
4.196005e-02
1.269045e-01
2.157697e-04
4.554522e-02
9.946145e-03
5.613527e-02
3.363002e-03
5.930891e-02
7.377879e-02
7.566119e-03
6.090183e-03
1.826367e-02
3.913320e-02
4.207059e-02
2.413619e-02
1.399010e-04
5.127626e-02
1.100081e-01
2.188866e-02
1.014764e-02
1.400414e-02
4.938162e-02
6.902992e-05
6.395144e-03
9.148485e-03
8.916357e-02
1.162314e-04
4.327176e-03
1.860953e-02
8.972427e-03
4.664531e-07
3.385775e-02
3.876962e-02
5.089128e-02
8.758891e-03
4.942602e-02
6.897348e-02
8.010182e-03
5.163935e-02
1.747342e-01
8.713451e-04
1.741723e-02
1.237953e-04
4.302160e-03
1.537276e-02
5.498417e-03
2.051985e-02
6.191207e-03
7.335320e-02
1.341415e-02
9.666062e-03
1.049804e-04
5.224604e-02
6.538865e-02
1.069619e-01
7.237278e-02
1.760402e-02
2.996613e-02
3.115218e-01
7.482771e-04
7.018950e-04
1.862400e-02
2.069085e-04
1.287682e-01
2.070783e-04
1.868516e-03
3.179608e-02
4.914952e-02
5.519506e-02
1.360489e-01
7.992626e-03
2.451718e-03
1.903125e-02
4.770187e-02
7.085861e-04
6.995295e-04
3.099748e-02
1.703851e-03
1.624791e-02
9.953449e-03
1.778676e-02
1.965139e-01
5.085688e-05
1.471861e-03
1.247913e-01
1.985829e-03
1.225520e-03
2.005402e-01
1.378615e-02
2.828336e-02
3.264292e-02
9.608232e-04
5.107734e-02
8.371804e-02
1.289918e-03
5.888852e-02
1.999974e-02
7.669180e-03
8.166040e-02
3.098942e-02
1.108548e-01
7.580551e-05
6.543251e-03
4.659927e-02
5.404202e-03
1.295996e-01
1.249427e-04
2.580639e-03
1.760135e-02
9.057040e-03
2.527646e-02
1.087620e-01
1.076939e-01
3.332462e-04
1.628957e-01
4.659616e-03
3.363136e-02
7.729771e-02
7.836007e-03
1.213625e-02
5.228417e-08
2.903894e-02
3.686784e-03
7.280333e-03
6.463751e-05
3.006985e-02
1.992577e-01
1.500156e-02
3.976720e-03
3.498913e-02
1.298415e-01
2.452046e-02
5.075624e-05
5.437332e-02
4.272551e-04
2.493332e-02
2.662558e-03
7.650493e-03
1.231327e-01
2.912857e-02
1.179724e-01
7.228587e-02
2.060079e-01
2.680907e-01
5.946216e-02
4.828175e-01
6.277376e-03
1.623150e-01
6.464962e-02
4.822060e-03
1.367137e-02
1.040441e-02
8.039790e-02
2.812247e-05
4.783400e-02
1.328977e-02
3.578280e-03
2.360905e-02
1.973070e-02
6.392042e-02
8.936397e-03
1.342294e-02
9.294247e-02
4.857364e-02
1.198999e-03
3.988361e-03
8.786516e-02
2.336638e-02
4.563770e-02
1.866081e-01
2.661305e-03
2.845966e-02
1.095029e-03
3.474466e-03
4.693786e-02
1.695561e-03
1.502155e-02
1.551766e-01
1.117637e-02
1.119538e-03
1.317115e-02
4.044628e-02
1.460880e-02
4.774061e-02
9.476492e-03
2.062386e-02
1.632485e-03
2.938576e-03
3.988730e-02
1.449283e-02
1.737335e-02
6.258786e-04
4.916420e-04
7.808555e-02
4.377425e-02
8.465984e-02
1.617983e-01
3.083345e-02
2.735454e-02
3.514708e-04
1.755981e-02
1.232733e-07
5.221725e-02
1.055510e-02
1.043432e-02
1.171694e-02
2.550601e-02
1.239527e-01
2.548606e-02
2.534850e-01
6.495196e-03
1.388649e-01
2.822421e-02
1.398729e-01
1.923432e-02
1.351031e-01
7.574742e-02
7.997721e-02
2.919901e-03
9.545256e-03
1.129727e-02
5.703965e-03
3.945293e-02
1.751902e-01
9.760838e-03
8.586962e-03
3.568608e-02
3.044569e-02
1.786105e-02
1.239850e-02
2.392690e-03
2.161303e-02
1.203365e-03
1.363603e-03
5.399064e-02
5.190966e-02
1.380154e-04
1.622193e-03
7.793290e-02
4.673663e-03
3.781192e-03
7.684392e-03
1.554605e-02
4.745084e-02
4.385525e-02
1.760866e-03
3.737370e-02
1.504575e-03
3.731326e-01
1.918280e-04
7.987460e-02
1.761443e-03
9.341863e-02
2.699830e-02
1.080072e-01
1.092751e-03
5.461855e-02
1.206572e-01
7.115321e-05
5.802650e-02
7.057481e-02
9.280720e-02
4.792340e-03
5.815374e-03
4.706660e-04
3.126099e-03
3.764681e-03
