1.235771e-02
4.999977e-02
6.463268e-02
5.366889e-02
5.295442e-02
9.439681e-05
5.549696e-02
4.239092e-03
7.022002e-02
2.221977e-01
2.525217e-02
2.343686e-03
1.062491e-07
9.790352e-02
3.998184e-02
3.642066e-01
3.619427e-02
6.090078e-03
3.580218e-02
2.103539e-02
1.989899e-03
1.291922e-02
2.809475e-02
5.076684e-03
1.373634e-02
3.221740e-04
4.664670e-02
1.351362e-01
1.058128e-02
1.690044e-02
5.247378e-02
6.722029e-02
4.943576e-04
2.258061e-02
8.969206e-02
1.759506e-01
4.085576e-02
3.253516e-02
4.875728e-02
1.332194e-01
4.171895e-03
3.247160e-01
3.001932e-03
2.827451e-03
2.635327e-02
7.272625e-02
3.646305e-02
4.554968e-02
1.276174e-03
4.435075e-05
2.328846e-02
2.437528e-02
7.580584e-02
5.134765e-03
8.640924e-03
2.442374e-02
9.116177e-02
6.966607e-02
3.811784e-03
6.790322e-02
3.791032e-03
2.142813e-01
6.860953e-02
2.524455e-03
2.547632e-02
1.491077e-03
8.270007e-02
3.309141e-03
1.266902e-01
2.182410e-01
5.375998e-03
2.111600e-01
5.939939e-02
1.867781e-01
1.722892e-02
1.763448e-02
6.472310e-03
7.091770e-03
2.035084e-01
2.189993e-01
8.433780e-02
1.446909e-01
1.610132e-02
2.999219e-02
2.514484e-03
9.596966e-03
2.756711e-01
2.504791e-05
1.592705e-01
3.898583e-02
3.091330e-03
2.340907e-02
1.363065e-04
2.118245e-02
1.238768e-04
1.094883e-03
1.775243e-03
1.971271e-01
2.348674e-03
1.636256e-01
7.903438e-04
8.339835e-03
7.031443e-02
5.763400e-05
9.670526e-02
9.220231e-02
2.262481e-03
1.041671e-01
7.534255e-02
2.310322e-05
1.917695e-04
4.361271e-06
8.824092e-02
2.524587e-03
2.411289e-02
2.517164e-01
5.733520e-04
1.199296e-01
1.184052e-01
1.801382e-01
8.568479e-02
3.662306e-03
2.309156e-03
6.625031e-02
1.533816e-01
1.453694e-01
3.083091e-01
1.158573e-03
6.028671e-03
4.601353e-02
1.525662e-02
2.263167e-02
7.109109e-02
3.212259e-02
6.869045e-03
5.048564e-02
4.378437e-01
9.628407e-05
4.475271e-02
7.668424e-05
1.702599e-01
5.834420e-05
5.064208e-03
1.085813e-02
9.986748e-02
1.522379e-03
7.395315e-02
2.466346e-02
1.017988e-02
1.526276e-03
1.312442e-02
1.231834e-03
2.787177e-02
2.016828e-02
1.532281e-02
3.886887e-03
6.368256e-03
2.488271e-02
6.713522e-04
5.158685e-01
1.918144e-02
1.839814e-03
1.473804e-02
6.645082e-03
2.062399e-02
3.081204e-01
1.629958e-01
7.759043e-03
9.589371e-03
1.937037e-02
1.074506e-02
1.600496e-02
2.930321e-02
1.222096e-01
1.945135e-03
1.843543e-02
6.449313e-02
1.776834e-02
4.928690e-02
2.065954e-01
9.157804e-02
1.151367e-04
2.310716e-04
8.315293e-03
5.321139e-03
8.122190e-02
4.607318e-02
1.038713e-01
1.760070e-03
1.933254e-02
3.031368e-02
2.568459e-02
1.596455e-03
5.557084e-03
3.400270e-01
4.474894e-02
8.634864e-03
8.705300e-03
6.735767e-03
4.982978e-03
2.979544e-02
2.786685e-01
6.339489e-02
2.232769e-02
2.094615e-02
2.414954e-02
6.830675e-03
1.462242e-04
5.645172e-02
6.069543e-02
7.118483e-02
4.762432e-02
4.013171e-02
1.419716e-01
6.553271e-02
9.266984e-02
1.048397e-01
3.884591e-04
7.048108e-03
1.550796e-03
2.259077e-04
7.304070e-02
1.404773e-01
7.821703e-03
9.142856e-03
9.414295e-02
1.188956e-02
1.649709e-02
4.693153e-02
9.111900e-03
8.539404e-04
1.710184e-02
1.867353e-03
2.115340e-01
1.574465e-02
1.203595e-01
7.066050e-03
4.561518e-02
1.469944e-05
1.141422e-02
4.084586e-02
2.018914e-02
4.303577e-01
1.537880e-02
6.815391e-04
3.676623e-02
1.814878e-02
3.035516e-02
4.678261e-05
1.774273e-04
6.846624e-02
7.127181e-02
1.699538e-02
4.291430e-03
4.354004e-02
9.837051e-02
4.206973e-03
7.899569e-04
1.888086e-02
1.365803e-01
2.466161e-01
3.881508e-04
1.912802e-01
1.426253e-02
5.581467e-02
2.027461e-01
7.724632e-03
1.820106e-04
6.719189e-03
2.235435e-02
6.167304e-03
1.045265e-01
5.360244e-01
4.746665e-03
1.289493e-02
5.452826e-02
3.100486e-02
9.828302e-03
5.655446e-02
5.262490e-03
2.953883e-02
1.548992e-02
2.993173e-02
1.388208e-01
4.350476e-02
1.364186e-03
2.977653e-05
4.592907e-02
3.901654e-02
2.917947e-02
4.041904e-03
5.763589e-03
1.464103e-02
2.721838e-02
7.667863e-02
4.517577e-02
8.631124e-02
3.548059e-02
1.089144e-03
6.815136e-03
9.950866e-03
3.027067e-03
7.698480e-03
6.562119e-02
2.652493e-02
1.526343e-01
3.768120e-02
3.008481e-02
5.216127e-02
9.447669e-02
1.235531e-02
2.966797e-02
2.636940e-03
3.407049e-04
1.175892e-01
1.758630e-02
1.519486e-01
4.408119e-04
2.085341e-02
8.597031e-02
9.083114e-02
1.975273e-01
3.642292e-03
6.580617e-02
1.739934e-03
1.995139e-04
5.129789e-02
2.390173e-03
3.321352e-03
9.536674e-04
3.534687e-02
1.251462e-02
8.338357e-03
2.165322e-02
4.800838e-03
1.055962e-01
2.441701e-02
5.188482e-03
2.948989e-02
1.108342e-01
3.021824e-02
5.366187e-02
1.202530e-01
9.727089e-02
4.122548e-02
3.259469e-02
3.143098e-02
2.720311e-02
1.155231e-02
2.701061e-02
1.725923e-03
6.433249e-02
3.411131e-02
1.364393e-01
5.882029e-02
2.879969e-02
8.398340e-02
5.343739e-02
5.900590e-02
4.311370e-02
7.166067e-02
2.184185e-03
1.022519e-02
7.546094e-02
7.837826e-02
4.280962e-02
1.082812e-01
1.765737e-04
1.685685e-03
1.054959e-03
7.156659e-03
1.057139e-03
2.197171e-02
3.116938e-02
4.632581e-02
9.327025e-03
6.354451e-02
9.368902e-02
4.339007e-03
1.093394e-01
8.067805e-03
7.156067e-04
1.606807e-02
5.997227e-01
3.145650e-02
4.604531e-04
7.182024e-08
2.231044e-01
1.214444e-02
3.227488e-02
1.077666e-03
6.163250e-05
7.234521e-02
1.728526e-01
2.767466e-03
7.411353e-01
1.450591e-02
3.126639e-02
5.961640e-02
1.735288e-01
2.417320e-04
2.580182e-02
1.102174e-02
2.722800e-03
1.238829e-02
3.390147e-02
2.250191e-03
1.307817e-02
1.217289e-01
1.036732e-02
1.062907e-03
5.617668e-05
2.938176e-02
3.565279e-03
4.513052e-03
1.458687e-02
9.292985e-02
5.613229e-02
2.810408e-02
1.428287e-01
7.275048e-04
2.084785e-02
1.401285e-01
1.081789e-03
1.850525e-01
1.455598e-02
7.797811e-03
9.070273e-02
2.559309e-03
2.332807e-02
1.868758e-03
1.133151e-01
1.289420e-02
1.864589e-03
3.536553e-03
1.103899e-02
5.416972e-02
8.747523e-04
1.225522e-01
1.845102e-03
7.612914e-02
4.551151e-01
1.343402e-04
4.544463e-02
4.740549e-02
1.101671e-03
5.735321e-02
7.996448e-03
8.610356e-02
2.752078e-02
1.417398e-03
7.907383e-02
4.490298e-03
1.519056e-05
9.420666e-02
8.723839e-02
1.421088e-01
2.307315e-05
8.510246e-03
3.393489e-02
1.926475e-02
1.579140e-02
4.397213e-03
3.544832e-01
6.477204e-03
1.639885e-03
4.013455e-03
1.909736e-02
1.612529e-02
6.875491e-02
3.699387e-03
2.860191e-02
1.544177e-01
2.323638e-02
1.130047e-01
1.313944e-01
3.785764e-03
1.758730e-02
4.823571e-02
4.644875e-03
1.201983e-01
2.143426e-02
6.040305e-04
1.429212e-04
3.128583e-01
8.263566e-03
1.938963e-02
2.355311e-01
2.282452e-02
5.106645e-04
1.393466e-02
7.505230e-02
3.445214e-01
1.000122e-02
2.151101e-01
7.283630e-03
1.996697e-04
2.902738e-01
2.703709e-02
8.847209e-03
1.606529e-03
8.053440e-03
1.324108e-03
7.043054e-03
3.712479e-02
6.963994e-02
1.010328e-03
2.074576e-01
1.669487e-02
1.513252e-01
1.180093e-03
3.416979e-02
1.032909e-01
3.054921e-03
1.922933e-01
6.117682e-02
7.099497e-02
9.342307e-04
3.219293e-03
5.728401e-02
1.443627e-02
2.973366e-03
1.613341e-02
9.104223e-02
8.631310e-03
1.382788e-02
9.056241e-02
8.594248e-02
9.071891e-03
2.275480e-02
3.325338e-02
1.485705e-02
8.014966e-02
3.434433e-02
8.199379e-03
3.951524e-02
4.029036e-03
4.083082e-03
1.354453e-02
2.945118e-02
1.375980e-02
1.358750e-02
1.281132e-02
2.847266e-03
1.905895e-02
7.516872e-02
3.517354e-02
1.037710e-01
9.451954e-02
8.203835e-02
1.855412e-01
1.840412e-01
6.364824e-03
6.065912e-02
1.357944e-01
6.649026e-02
8.442078e-05
2.591321e-03
1.848742e-03
2.654709e-02
1.354527e-02
8.393240e-02
3.551889e-04
6.266126e-04
8.081613e-02
8.735874e-02
4.152405e-02
9.024483e-02
3.057587e-01
9.088027e-03
8.461102e-02
5.661260e-02
6.469712e-02
2.742584e-03
1.108326e-02
5.461929e-02
4.246659e-02
5.066648e-04
4.792350e-02
9.221468e-02
3.573401e-02
6.612539e-02
3.129817e-02
1.234466e-01
1.804317e-02
1.277276e-01
2.771035e-04
2.544478e-03
6.202980e-06
1.823531e-01
2.192145e-03
2.705873e-03
3.545923e-02
1.523641e-01
