6.726215e-05
8.684219e-03
7.501850e-02
4.679077e-02
5.867970e-05
1.430634e-02
8.086201e-03
2.404956e-02
2.057687e-02
3.126685e-03
1.871470e-02
3.564324e-02
1.960713e-01
8.649774e-03
7.308221e-02
7.376859e-02
8.068364e-02
1.338277e-02
5.895065e-06
1.304506e-01
1.959945e-03
9.691683e-02
3.452399e-02
2.821057e-02
3.341172e-03
1.112807e-02
3.031134e-02
8.778906e-02
3.973684e-01
4.109102e-02
8.797572e-02
4.570273e-02
9.901186e-02
1.029288e-04
1.126061e-04
4.164523e-06
6.678073e-02
5.891750e-03
1.524390e-01
3.099846e-02
1.243001e-01
1.016551e-02
2.014901e-01
1.451273e-04
1.544280e-01
3.850257e-02
9.280774e-03
4.427153e-02
2.340514e-02
2.893658e-03
4.904622e-02
1.491585e-02
2.021972e-02
2.383790e-04
1.646338e-02
2.202448e-05
6.046534e-03
2.357723e-01
2.975237e-04
1.604341e-02
1.418976e-03
7.383302e-03
1.627571e-01
1.599838e-01
2.962395e-03
1.795975e-03
3.140172e-02
2.810812e-03
1.394564e-02
1.491393e-02
5.113470e-02
4.978231e-02
4.146949e-02
4.296295e-03
8.658729e-02
8.682385e-02
7.666982e-02
3.206126e-02
1.349440e-03
1.244189e-01
6.018364e-02
3.696247e-03
1.903944e-03
2.587230e-02
9.063576e-02
1.231396e-02
2.846520e-01
7.973316e-02
6.299139e-03
1.390439e-01
2.472658e-02
1.687124e-01
4.794193e-04
1.294762e-01
1.215990e-02
2.728743e-02
3.535549e-02
1.537738e-01
3.901821e-03
3.154822e-01
1.421035e-01
6.886105e-02
6.585566e-02
4.592882e-03
1.292453e-02
8.228066e-02
2.245192e-02
3.130549e-02
1.120919e-01
3.249059e-02
1.827754e-02
6.335376e-02
1.701233e-02
2.177577e-02
4.048962e-02
1.588930e-01
5.004329e-02
7.388043e-03
1.333864e-03
3.780486e-01
3.910668e-04
1.029345e-02
3.084809e-03
6.668833e-06
3.612095e-02
1.140476e-04
4.278915e-04
6.667621e-02
3.500259e-01
4.679933e-02
1.291311e-02
3.782718e-03
3.098310e-05
4.238415e-02
2.677711e-01
4.994413e-04
3.078328e-01
1.007395e-01
2.791230e-05
2.285823e-03
1.008146e-01
1.240932e-03
8.084223e-05
7.382552e-02
8.335493e-03
7.841232e-03
1.096499e-01
2.687697e-03
2.093402e-02
6.348321e-02
6.875681e-03
7.093416e-03
5.641010e-06
1.685219e-01
2.652157e-01
2.023374e-05
4.280703e-02
5.538200e-02
1.351676e-01
5.106141e-02
1.498609e-02
9.332033e-02
3.979630e-02
9.765101e-02
4.331361e-03
1.898517e-02
5.953737e-02
7.495737e-02
6.398243e-05
6.892944e-03
1.401670e-01
5.591499e-03
1.967520e-02
1.652703e-05
2.801688e-02
3.992550e-02
2.566438e-02
2.098934e-04
5.927903e-03
1.147839e-03
7.040472e-03
3.639221e-05
5.775776e-04
4.407630e-02
4.747131e-03
9.720771e-02
9.785277e-02
2.560304e-02
5.891809e-02
1.631678e-02
5.938081e-02
1.688019e-02
6.939151e-03
1.234106e-04
3.931735e-03
1.208739e-02
7.193913e-04
1.037698e-01
8.518137e-02
1.691259e-03
9.384819e-04
1.177020e-02
9.976372e-04
2.956467e-01
2.987991e-02
3.606303e-02
1.522583e-03
4.205288e-02
4.340564e-01
9.047956e-02
8.716368e-03
6.941487e-03
6.669567e-02
1.696280e-05
1.000811e-01
8.921636e-02
5.160380e-02
1.199436e-03
1.371941e-02
7.447962e-02
3.405283e-06
5.932405e-02
5.957250e-06
8.802401e-02
2.803829e-02
1.942002e-04
8.163679e-02
4.240419e-03
1.500816e-02
2.693790e-02
4.437237e-04
1.839210e-04
5.781190e-03
8.742905e-03
3.145821e-04
2.472948e-01
2.500047e-02
3.404625e-02
5.749966e-01
1.138586e-01
4.886244e-06
1.151352e-01
9.350800e-01
5.439492e-03
2.610414e-03
7.464573e-03
1.213615e-03
7.576528e-04
3.448947e-02
1.162604e-06
1.876873e-02
5.329841e-02
1.172620e-01
8.701573e-02
9.376006e-03
6.211553e-02
1.953270e-02
1.061315e-01
1.468155e-02
2.637326e-02
4.692306e-03
2.181403e-02
5.508417e-02
1.460603e-02
3.851840e-03
5.008834e-02
7.176241e-02
3.804658e-02
3.896562e-02
2.039680e-01
4.201023e-03
2.281817e-02
5.530287e-02
8.535775e-03
5.013509e-01
8.393154e-03
2.046708e-02
4.658156e-02
7.254798e-02
8.216528e-02
7.683794e-02
1.366264e-01
1.312633e-01
4.191341e-02
6.386440e-02
1.781108e-02
2.326174e-03
2.224544e-02
8.171103e-03
1.093028e-02
5.797533e-02
4.750617e-02
6.764935e-02
2.918996e-04
1.181260e-03
1.282512e-03
5.104496e-02
1.553321e-02
2.358855e-02
3.354503e-03
2.957789e-02
6.254519e-03
8.522847e-02
3.893478e-01
1.797916e-02
1.286955e-03
5.240949e-02
8.850815e-02
3.648890e-02
2.042462e-01
9.797426e-02
6.545125e-04
2.960406e-01
2.758992e-02
5.800042e-02
4.530009e-02
5.548079e-03
1.881756e-02
3.579396e-03
6.020085e-03
2.153169e-02
5.439834e-02
9.568569e-04
9.411899e-02
8.248814e-04
5.661714e-02
1.804274e-02
1.735251e-02
2.225864e-02
9.059925e-02
2.701769e-03
2.007979e-02
2.926882e-02
6.290443e-03
2.426358e-03
7.033936e-02
1.255278e-01
2.307243e-04
3.380356e-02
1.073527e-02
1.076718e-03
9.104371e-03
6.960766e-02
1.516132e-01
7.248320e-02
3.818744e-02
2.522293e-05
1.778424e-03
2.845452e-03
3.576937e-02
2.842675e-02
2.109557e-01
8.567386e-04
4.215350e-04
2.686218e-04
2.373282e-01
5.489292e-03
4.240119e-02
3.274767e-02
2.466706e-02
7.380526e-03
1.829702e-02
1.608388e-01
2.413647e-02
7.846468e-02
3.429476e-04
6.218961e-05
1.048638e-01
1.180177e-03
3.259205e-04
1.129915e-02
1.092371e-02
1.558087e-02
3.409823e-02
2.017288e-02
3.192967e-02
2.452597e-01
9.422194e-02
8.061342e-03
1.272517e-01
4.634556e-02
2.237297e-02
7.921947e-02
3.206766e-03
2.810199e-02
9.823566e-03
1.361797e-02
7.396212e-02
2.709716e-01
2.857930e-02
3.974685e-02
6.972470e-03
1.240911e-02
2.294371e-03
1.336318e-01
7.404803e-03
6.273665e-02
1.463891e-01
1.385603e-02
1.209732e-02
1.188107e-02
3.547810e-01
7.688004e-04
3.734487e-03
5.810470e-03
5.242076e-02
6.504476e-03
5.050635e-02
2.465910e-02
1.287299e-01
4.749241e-02
1.738498e-03
4.062123e-03
3.085273e-02
8.323711e-02
7.357337e-02
1.702748e-02
1.997376e-01
1.094060e-01
7.343387e-03
5.644213e-03
2.824007e-05
8.182617e-02
6.850941e-03
1.868194e-02
7.847693e-03
2.279448e-02
4.359073e-02
5.802287e-01
9.556023e-02
2.033925e-01
1.690616e-01
2.283564e-03
1.211805e-02
5.809414e-03
9.950953e-02
5.379688e-03
1.997086e-01
5.597663e-02
5.877723e-02
2.570032e-02
6.681374e-03
1.393638e-02
5.302571e-02
1.019466e-01
1.291833e-02
1.387774e-02
1.176218e-01
8.626675e-02
6.981255e-04
1.936717e-03
1.616827e-01
9.631265e-04
5.646178e-02
3.845538e-02
1.373243e-02
3.094744e-02
1.025256e-02
1.262938e-02
1.912741e-04
1.333243e-02
8.545001e-04
4.471888e-02
8.656853e-03
2.173283e-02
3.904618e-03
1.462343e-02
4.313534e-02
5.984291e-01
1.307907e-02
1.054325e-02
5.199218e-03
4.160707e-03
6.593939e-03
8.848825e-02
1.063140e-04
1.161117e-02
1.187853e-01
1.791778e-03
4.342483e-01
5.203997e-03
1.388481e-04
6.478143e-03
4.003113e-02
1.467658e-02
5.689104e-02
5.037338e-06
1.356872e-01
6.348989e-03
4.825454e-02
2.165447e-03
1.230138e-03
3.694134e-03
1.749173e-02
1.973104e-02
2.961780e-02
4.525529e-03
6.194151e-06
9.311671e-03
1.438200e-02
3.008477e-03
4.287826e-03
2.269283e-02
4.515905e-03
1.015625e-03
1.602714e-01
1.070884e-02
1.344760e-02
7.891846e-04
2.200784e-02
3.222396e-02
2.808637e-02
1.848343e-01
2.074981e-03
2.354293e-03
1.112662e-02
7.401200e-02
1.000618e-01
9.764798e-04
7.555541e-05
8.831985e-03
7.316000e-02
4.987554e-03
6.413938e-03
6.233317e-04
1.645664e-04
3.030575e-02
1.052051e-01
1.238115e-02
7.029770e-02
1.149801e-02
1.023915e-02
2.797109e-02
2.127512e-01
1.031441e-02
6.341250e-04
9.312410e-02
3.507818e-02
4.599277e-02
5.242092e-04
5.002938e-02
4.208646e-02
2.971154e-02
5.498593e-02
1.062463e-02
8.058537e-02
2.394894e-01
1.194086e-03
2.581356e-02
2.712747e-05
5.506418e-02
1.549305e-02
1.139746e-01
4.577147e-01
3.250645e-03
3.638168e-02
6.060054e-03
3.140029e-02
2.362138e-01
3.021130e-03
1.539362e-01
2.338462e-01
3.512829e-03
6.008544e-04
1.217180e-01
5.065587e-03
6.860812e-02
2.546833e-01
7.043196e-04
7.180381e-02
3.609434e-02
1.321823e-01
2.448590e-02
2.442818e-02
1.154951e-01
1.930285e-01
5.729734e-02
4.783744e-04
5.551733e-03
6.582990e-03
3.484969e-02
7.072808e-04
2.175900e-03
4.775369e-02
6.468176e-02
3.307804e-03
3.419019e-01
1.146275e-01
5.257737e-02
1.727830e-03
5.358601e-02
1.077340e-02
5.895160e-05
4.459375e-06
