9.672329e-03
3.931171e-02
4.346854e-02
5.335854e-02
5.215941e-03
5.658094e-03
6.891207e-03
5.297878e-03
1.157438e-02
4.991729e-02
5.327259e-03
1.606617e-02
1.212659e-03
5.745587e-02
1.961382e-02
2.140707e-01
2.687311e-02
3.917928e-02
1.007777e-01
2.082096e-01
1.510534e-04
5.581712e-04
1.509942e-02
1.267423e-04
6.197861e-03
6.046058e-03
6.605797e-02
1.500171e-03
5.130572e-04
7.378856e-02
3.523346e-02
1.415397e-01
1.341266e-01
1.740173e-01
3.731044e-02
2.423948e-01
1.358699e-02
3.520294e-02
3.038973e-02
1.054741e-03
3.954078e-03
3.619404e-05
9.240382e-02
2.090441e-02
4.792961e-03
9.216786e-02
4.582461e-02
8.645716e-03
2.454526e-02
7.286162e-02
2.858523e-04
6.505989e-02
1.934948e-02
4.776635e-02
1.475823e-02
6.536058e-02
6.073182e-03
2.942131e-02
2.206937e-02
1.429188e-02
8.055016e-02
3.910238e-03
1.671084e-02
1.643761e-02
6.051463e-02
1.855524e-02
1.709795e-01
1.777017e-01
5.744064e-03
3.821595e-02
3.207828e-01
9.364409e-02
3.633032e-02
8.217579e-02
4.097284e-02
7.095429e-04
9.890149e-04
7.632234e-03
1.050298e-04
5.166855e-02
2.911741e-02
4.229355e-02
6.731555e-02
6.402316e-03
2.684263e-02
1.732092e-03
3.055036e-02
3.759826e-02
1.572911e-02
2.070383e-01
3.606606e-03
9.096399e-02
1.046074e-02
7.618957e-03
7.264505e-03
8.546187e-02
3.256628e-02
1.410882e-01
3.723268e-03
1.239194e-02
3.822413e-03
4.370110e-02
3.917674e-03
6.068119e-02
7.416231e-04
3.484877e-02
1.678031e-02
7.264709e-03
4.581218e-03
3.369159e-02
1.488355e-03
1.933251e-01
3.859846e-02
1.592216e-01
8.345815e-02
3.673449e-02
1.317463e-03
5.522700e-02
7.194955e-02
4.861776e-03
9.872565e-04
4.942330e-02
5.193950e-03
3.171552e-03
1.085446e-02
9.291616e-03
5.775527e-02
1.649557e-02
4.571610e-02
1.928889e-02
5.411737e-02
4.782081e-02
2.111132e-02
8.571607e-03
5.427903e-03
2.381986e-01
3.886830e-02
2.888066e-02
1.823273e-02
1.104427e-03
5.880252e-04
6.728666e-02
3.433574e-04
9.754431e-03
1.502269e-01
2.096665e-02
2.439896e-02
2.944634e-02
9.279237e-02
4.989060e-03
6.267416e-03
7.059676e-02
3.695345e-02
3.433426e-02
2.698215e-03
9.518610e-02
6.624948e-02
2.091079e-04
2.261463e-02
2.961884e-02
2.148580e-01
3.957226e-02
1.239142e-03
1.433231e-02
3.346710e-04
4.999710e-01
9.307731e-03
2.582445e-02
3.211032e-04
3.872539e-02
5.876508e-03
1.871648e-01
2.928355e-03
8.491985e-02
6.350093e-02
5.452804e-02
1.901785e-02
4.217212e-03
2.171290e-04
3.223190e-02
2.457978e-02
4.610634e-02
1.794045e-03
3.352323e-02
4.513802e-04
1.422006e-02
1.051841e-02
1.098363e-02
5.039990e-02
5.982756e-05
2.629145e-01
1.435243e-01
1.667034e-02
2.044937e-02
1.564682e-02
1.084334e-03
1.942660e-04
2.699890e-03
4.999948e-02
2.527598e-04
7.054081e-04
1.888844e-02
3.152152e-02
5.263835e-03
1.272501e-01
2.687653e-02
2.002952e-02
1.939759e-01
7.084708e-03
4.007608e-02
1.095259e-01
4.161784e-04
9.386622e-02
4.704586e-02
3.499700e-03
1.749317e-03
4.073160e-02
4.607840e-02
1.109823e-03
1.004243e-01
1.640751e-02
2.525166e-02
9.143465e-03
1.000819e-04
1.684629e-02
1.569246e-02
1.545948e-07
9.373155e-03
1.836572e-01
9.524885e-02
5.843232e-03
1.062892e-02
4.895227e-04
4.411305e-02
3.413804e-04
4.114072e-02
2.785176e-02
9.965211e-05
2.242285e-03
2.378150e-01
1.161295e-01
1.002923e-04
8.404827e-04
4.896070e-02
7.645590e-04
1.230366e-02
9.497128e-02
5.298079e-02
3.821250e-02
2.193742e-01
1.665848e-01
3.933835e-02
6.750720e-03
6.613981e-02
1.098589e-01
5.163973e-03
1.227631e-01
5.107559e-03
1.834855e-02
3.132951e-02
8.661537e-04
3.112467e-02
1.364213e-04
8.923516e-03
8.045057e-02
2.176992e-01
2.101391e-02
5.917630e-02
2.750877e-02
4.225935e-03
1.160823e-01
1.133385e-01
2.964265e-02
4.218007e-03
7.868040e-02
8.644847e-02
2.597331e-02
8.587208e-05
1.118139e-02
1.645769e-02
5.372943e-04
1.642825e-02
6.241414e-02
2.734234e-03
1.682179e-01
1.501026e-01
2.379302e-02
7.101036e-04
5.843379e-04
1.191932e-02
2.730682e-03
1.777599e-02
5.096524e-02
1.724696e-02
4.633540e-03
2.152880e-02
1.607151e-03
1.477051e-01
2.142850e-02
1.587673e-01
1.204863e-02
1.511773e-02
3.795940e-02
1.614045e-02
4.330797e-02
4.759039e-02
1.448273e-01
1.491501e-03
5.647259e-02
1.028593e-01
8.855156e-06
2.404852e-02
9.958012e-02
3.653158e-04
3.299930e-02
1.539983e-02
1.286031e-01
2.948268e-02
4.879073e-03
1.634180e-01
2.748191e-03
5.018453e-03
1.989329e-03
1.252953e-01
9.316501e-03
8.875532e-03
5.055396e-02
3.844331e-02
1.237022e-03
4.186148e-06
2.169357e-03
4.330650e-02
3.740493e-05
2.391385e-02
4.638877e-03
7.595813e-02
6.387445e-02
3.404110e-02
5.693127e-02
2.719786e-02
3.496926e-02
1.085421e-03
1.984370e-01
1.123941e-03
2.839465e-03
5.253216e-02
2.030330e-01
1.047046e-02
4.637862e-02
4.143809e-02
1.188613e-02
1.114383e-01
1.253263e-02
2.177589e-02
7.870511e-03
2.186063e-02
4.628167e-02
2.723630e-05
6.555066e-04
7.852340e-05
5.618093e-03
5.621239e-03
2.856335e-04
2.915763e-02
1.377063e-01
2.374965e-04
6.400518e-02
9.716677e-02
1.324640e-02
5.731039e-03
1.263642e-02
2.014358e-01
1.759011e-03
9.239157e-02
9.601832e-04
1.575112e-01
1.663218e-02
1.366517e-01
1.219049e-01
7.813837e-03
1.024963e-02
1.516176e-02
6.918980e-04
2.031604e-02
5.974736e-04
4.606576e-02
3.098593e-04
2.094209e-01
1.343385e-02
3.664613e-05
1.774398e-02
4.130383e-04
8.765380e-03
3.763467e-03
1.005261e-01
1.413237e-03
2.934857e-05
4.166952e-02
4.640186e-02
4.793471e-02
5.331875e-02
2.025763e-01
6.324879e-02
6.573119e-04
6.584886e-03
1.716749e-02
6.949315e-02
7.802961e-03
1.262519e-02
1.838183e-02
3.083451e-03
9.525480e-03
1.250072e-03
8.304279e-03
7.334010e-02
7.276351e-02
4.067664e-03
3.542085e-03
1.054845e-02
3.987140e-03
2.703993e-04
8.152366e-03
5.230675e-03
1.273239e-02
1.295257e-02
3.602930e-02
5.492980e-02
1.550217e-03
1.158961e-01
1.180042e-01
1.469763e-02
8.948716e-03
6.349510e-02
1.519224e-04
2.626582e-01
7.171464e-04
1.553040e-02
1.052491e-02
1.080703e-01
4.578076e-02
1.431724e-01
1.411317e-02
2.223757e-01
1.928825e-03
4.665219e-04
7.326704e-04
2.579336e-02
4.318704e-02
1.870694e-02
8.000697e-03
3.413939e-02
2.636875e-02
5.926704e-02
3.427409e-03
2.002557e-02
4.027219e-02
1.985936e-01
7.651175e-03
1.577041e-02
1.671462e-01
2.685666e-02
4.645029e-02
1.993755e-03
1.153299e-01
1.333645e-01
2.617498e-03
9.153331e-02
6.644084e-02
7.167008e-03
2.919003e-02
2.245610e-02
2.349983e-01
8.559644e-03
7.742697e-02
9.466499e-04
4.667592e-02
5.292637e-02
6.741035e-04
1.238875e-02
1.364256e-03
1.979085e-01
6.189637e-02
6.411095e-03
8.505958e-03
1.052041e-01
6.427842e-02
9.880735e-03
4.497562e-02
1.687901e-01
1.745851e-05
1.837959e-02
2.386904e-02
2.565648e-03
4.971756e-02
1.513842e-01
1.719260e-02
1.896352e-01
3.475381e-02
2.111793e-02
3.611450e-04
2.861520e-02
9.373667e-05
1.072083e-04
3.391791e-04
7.835726e-04
4.692827e-03
9.222480e-03
5.502565e-02
3.825723e-03
1.902575e-02
6.366318e-02
7.706099e-05
1.251697e-01
1.323962e-01
1.200463e-03
4.848975e-04
1.479609e-02
1.310920e-01
3.776684e-02
4.292109e-03
1.262514e-01
3.233148e-02
7.144124e-02
1.232648e-01
5.077277e-02
2.532077e-01
9.109145e-03
2.378613e-01
7.280743e-02
3.364220e-02
3.670228e-02
9.185404e-02
5.505629e-02
1.196571e-01
4.995993e-02
4.568265e-02
6.456662e-03
3.945563e-02
1.047923e-03
7.081909e-02
2.812754e-03
2.147395e-02
8.705526e-03
6.510653e-02
6.145999e-03
2.931405e-02
1.339814e-03
8.384568e-03
1.095053e-01
5.091046e-02
7.544316e-03
1.380358e-01
2.611241e-03
1.211979e-03
4.069854e-03
9.350005e-02
1.308668e-03
6.444746e-02
9.046567e-02
3.248301e-02
5.500273e-02
1.324617e-03
1.973547e-03
1.950896e-03
1.764512e-02
1.055596e-01
2.133809e-02
5.697559e-02
2.667487e-01
1.709846e-02
5.720579e-02
4.790564e-03
6.718674e-02
8.330626e-02
2.859359e-03
2.858558e-02
1.309748e-02
2.601974e-02
3.849546e-03
2.204736e-01
2.513856e-02
1.743060e-01
9.489444e-02
9.637143e-02
4.454802e-02
8.215525e-03
7.582317e-02
2.111480e-01
6.241416e-02
5.663569e-02
1.587733e-02
3.728564e-02
1.142606e-02
5.231639e-02
