3.799570e-02
8.349329e-02
1.217978e-03
3.923147e-02
2.204758e-03
7.290296e-04
2.748634e-03
1.496184e-01
7.503894e-03
3.866080e-01
2.536428e-02
1.218674e-02
1.005898e-02
8.490279e-02
1.045212e-01
3.345954e-02
3.111699e-02
1.062308e-02
6.102778e-02
4.884647e-02
1.031351e-02
5.024286e-02
1.620391e-04
1.543018e-01
2.951895e-02
2.327312e-02
4.885422e-02
8.484135e-03
3.962783e-02
5.118804e-04
1.293207e-01
4.996797e-05
6.110310e-02
4.693374e-02
7.094577e-04
5.416651e-02
4.960760e-02
1.196469e-02
3.689615e-02
3.106911e-02
1.686324e-02
1.390371e-02
3.051289e-02
2.974583e-02
1.228356e-04
1.280481e-03
1.045084e-02
6.820283e-02
5.086474e-02
5.989925e-03
9.671158e-02
1.938052e-03
8.058626e-02
8.327197e-03
2.558539e-03
3.188373e-02
2.341867e-03
5.133569e-02
2.911897e-04
1.304305e-02
8.695704e-02
8.171699e-03
1.370492e-03
4.685490e-04
1.283842e-04
3.289251e-02
4.091239e-04
4.408748e-02
2.390920e-01
7.428364e-03
3.342685e-02
1.458553e-02
8.056757e-03
1.395934e-02
9.415225e-02
4.228752e-02
1.539072e-02
9.208247e-02
2.995450e-01
5.132250e-03
7.992171e-03
9.760820e-03
7.706071e-06
4.297688e-03
1.027626e-01
3.323625e-02
8.425786e-04
2.144363e-03
6.929017e-02
2.515640e-02
1.445157e-02
2.390469e-02
3.880138e-03
8.525991e-02
4.020823e-03
1.813219e-01
6.835454e-05
4.973577e-03
7.292618e-02
1.280661e-03
3.122065e-02
1.278030e-01
2.677379e-01
4.720452e-03
1.885147e-06
6.472607e-03
3.561197e-02
1.860722e-04
1.035551e-02
1.160983e-04
4.983416e-03
1.155641e-01
2.138447e-02
2.149577e-02
4.891781e-02
2.196924e-01
6.656528e-02
3.461701e-04
9.795152e-03
8.852901e-03
5.428743e-04
8.698981e-03
6.273792e-02
1.397149e-02
1.041854e-03
3.685642e-03
1.580259e-02
1.696647e-03
8.185777e-02
1.061691e-01
9.715163e-03
1.504450e-01
4.640122e-03
1.024679e-01
1.253109e-01
7.390297e-02
6.956305e-02
1.542036e-02
5.813915e-03
1.123860e-01
2.388922e-02
3.812179e-03
1.160723e-03
1.329115e-01
8.073208e-03
3.071868e-03
1.651843e-01
1.715506e-06
2.436360e-02
8.592246e-02
1.478596e-02
9.682564e-02
2.886523e-03
8.677893e-02
5.311089e-02
2.388033e-02
1.050748e-01
5.247513e-02
1.519227e-01
1.593767e-01
1.332145e-02
2.126987e-02
1.040672e-02
5.813918e-05
2.202159e-04
8.033351e-02
2.225399e-02
8.369991e-04
3.900310e-02
4.340513e-03
2.967272e-03
5.061342e-02
8.725060e-03
7.812125e-02
1.891700e-07
4.507107e-02
2.464324e-03
7.875895e-02
4.030702e-02
4.677435e-03
2.097638e-03
1.153129e-05
1.718021e-02
4.441464e-02
1.751383e-01
1.868057e-04
7.337420e-03
2.489183e-02
6.247134e-02
1.539246e-03
6.873811e-03
4.819208e-04
1.319483e-03
8.394259e-03
3.845490e-03
1.217973e-01
9.998646e-03
3.139954e-02
4.410970e-03
7.088276e-03
1.140726e-01
1.857192e-01
1.868831e-02
2.576704e-02
2.758934e-03
3.332700e-02
1.507747e-02
3.064210e-02
2.699449e-02
4.339335e-03
1.517928e-01
8.699986e-02
5.077282e-03
7.939320e-02
3.066034e-02
1.491725e-01
5.268654e-02
1.221339e-02
1.581022e-02
1.981440e-01
1.865398e-03
1.187666e-01
3.762618e-02
2.610630e-03
3.452797e-04
1.645757e-02
3.999824e-02
8.015298e-02
6.181456e-02
5.416702e-01
1.093767e-01
1.041375e-02
7.284434e-03
1.695251e-03
8.744801e-03
2.309316e-01
2.555113e-02
7.896266e-05
2.056781e-02
2.596300e-02
9.213956e-03
4.982720e-02
1.600623e-02
5.362788e-02
2.735602e-02
1.290827e-02
7.117057e-02
2.419261e-01
1.401628e-01
5.288301e-02
1.945600e-01
8.118003e-02
1.134256e-03
2.143670e-01
2.020585e-01
2.241035e-02
5.155760e-04
7.175287e-02
2.111915e-02
2.929757e-01
6.192120e-02
9.047361e-03
2.642212e-02
7.218011e-03
9.806462e-03
9.914615e-02
6.184649e-03
9.480142e-03
5.833722e-02
2.638428e-03
3.175958e-02
3.015038e-03
3.401110e-02
2.518917e-01
5.507685e-02
3.697324e-02
7.660451e-03
1.217309e-01
1.336368e-01
2.599146e-02
3.111895e-01
3.311066e-02
7.931483e-03
3.069911e-02
1.095482e-01
1.025218e-01
5.463047e-03
1.127402e-03
4.186396e-03
2.812922e-02
1.220828e-02
2.259816e-01
2.516844e-04
2.267030e-03
8.797731e-03
8.850260e-02
2.151814e-01
2.448928e-05
4.434161e-02
6.408996e-02
1.103275e-01
3.976631e-02
6.931147e-02
1.064062e-01
4.661070e-03
3.782247e-02
1.642466e-03
3.577212e-02
3.576772e-02
2.619315e-03
3.667889e-02
1.650437e-04
8.813296e-03
1.452443e-02
2.370290e-02
3.458036e-02
2.115642e-01
1.465094e-03
4.500069e-07
2.311195e-02
1.176077e-02
9.103300e-03
2.366050e-02
7.124344e-03
9.693345e-04
2.546045e-04
1.201990e-01
1.641411e-02
4.044339e-02
1.195059e-01
1.712201e-01
5.162412e-02
1.083167e-02
3.661712e-02
1.301205e-01
3.825409e-02
6.009951e-02
2.606574e-01
8.742389e-02
1.349388e-02
2.483454e-02
3.959543e-03
1.555022e-02
9.492054e-02
7.877051e-02
7.319541e-04
1.766094e-02
1.724211e-02
8.312772e-03
1.603901e-01
8.236679e-04
3.120534e-03
6.443140e-03
3.407041e-02
2.125819e-03
1.348554e-02
1.487054e-01
1.172968e-02
3.339710e-02
1.110202e-01
1.086706e-02
3.979096e-01
8.532092e-04
4.043178e-04
1.918019e-02
1.125600e-03
1.519793e-01
4.621482e-02
2.895144e-02
2.197113e-02
6.920638e-02
4.432357e-04
6.175313e-02
1.821130e-02
2.350663e-02
7.672259e-02
1.829734e-01
8.779620e-04
1.942030e-02
6.919911e-02
6.871500e-02
3.600699e-02
2.622586e-03
3.525178e-03
2.238238e-05
9.645030e-02
1.529741e-02
4.453835e-02
7.795570e-02
2.567192e-02
2.511345e-01
5.247060e-02
2.850928e-03
1.441891e-01
2.549687e-03
5.431535e-02
5.801583e-02
2.813292e-03
2.075614e-03
2.586953e-02
7.315159e-03
1.503324e-02
1.111998e-03
1.158262e-01
1.690559e-02
6.128431e-07
2.771013e-03
1.036131e-04
2.613672e-01
2.920670e-05
3.560351e-03
5.409185e-02
1.667311e-02
6.389699e-03
6.189334e-02
5.588988e-02
1.116883e-01
1.838522e-02
3.292729e-01
1.300148e-01
2.243271e-02
7.641104e-03
2.028306e-01
5.875420e-05
7.175452e-03
2.507434e-01
9.146580e-03
5.340896e-04
3.889135e-02
2.391165e-03
5.031391e-02
4.892517e-01
8.410655e-04
4.057173e-01
7.263241e-02
1.376912e-02
2.666356e-02
2.286809e-02
9.037325e-02
1.928689e-02
6.405587e-02
5.672491e-02
9.167557e-02
1.868372e-04
1.100285e-04
4.702904e-02
2.985466e-01
2.075906e-03
2.987895e-02
9.202945e-02
2.878378e-05
4.344051e-02
2.678580e-03
3.765205e-03
8.281837e-02
1.340592e-02
9.779124e-02
1.005263e-03
3.111776e-02
2.962882e-02
3.900644e-03
3.679899e-08
1.085556e-01
1.983422e-02
3.447674e-02
2.544199e-03
1.328389e-01
9.171036e-05
6.601049e-01
8.239580e-06
9.885484e-02
4.053621e-02
6.132994e-02
5.853763e-04
3.694775e-03
2.759660e-03
8.217411e-02
1.121516e-01
5.711421e-03
1.683146e-02
7.614943e-03
3.881479e-02
4.764374e-04
5.065381e-04
6.552989e-03
2.950502e-04
1.193880e-01
6.493400e-04
4.318785e-01
3.338621e-02
4.427997e-02
5.095189e-02
7.983926e-02
2.686399e-02
1.081810e-02
2.218393e-02
6.222491e-02
1.570977e-03
4.559177e-02
1.391194e-04
3.021120e-02
2.745546e-03
1.903092e-01
1.426493e-02
4.859494e-02
9.658587e-02
5.288154e-03
8.159644e-01
4.208462e-02
1.252814e-01
2.742567e-03
7.331453e-03
4.146634e-01
6.971995e-02
2.478256e-02
7.475136e-03
3.544555e-02
1.308669e-03
3.117874e-04
2.405403e-03
3.350468e-02
1.189878e-02
1.879360e-03
2.054968e-01
4.006432e-02
4.549824e-05
2.368316e-01
5.050559e-06
6.938563e-06
3.815422e-02
3.018568e-01
4.721591e-02
1.203854e-01
1.146165e-01
9.737930e-03
2.197164e-02
3.623668e-02
1.826407e-01
8.819882e-02
2.589437e-02
8.667233e-02
4.656227e-05
1.278773e-02
1.029069e-03
1.632914e-02
5.971658e-02
1.360337e-02
8.631985e-02
4.879499e-01
1.098734e-01
8.644936e-03
4.052184e-03
6.137833e-03
8.767234e-02
8.281178e-02
1.551248e-02
2.832525e-02
4.374296e-03
1.448684e-03
1.697452e-03
5.009038e-02
3.540173e-03
1.067737e-02
2.635287e-03
2.726666e-02
2.527031e-01
7.493386e-03
2.200383e-02
1.731962e-02
1.146520e-01
2.185572e-03
6.810590e-02
3.873345e-03
3.754497e-03
2.331714e-02
4.394090e-02
8.357440e-04
1.445664e-02
7.053136e-02
3.198720e-03
5.075234e-02
2.027533e-04
3.011810e-02
5.641429e-02
1.124095e-02
2.886882e-01
2.603449e-01
1.304969e-01
4.984095e-04
5.973999e-02
1.608061e-01
1.514715e-04
3.556947e-03
2.042733e-02
