6.109038e-02
3.751018e-02
5.822683e-03
4.857166e-06
7.846400e-02
7.467148e-03
4.441537e-04
2.922441e-03
2.104838e-03
5.925849e-02
1.254817e-03
6.415231e-02
1.283742e-02
2.672250e-03
1.060123e-01
1.549072e-04
2.827325e-02
5.108624e-02
5.062224e-02
9.965970e-03
8.274494e-03
2.569866e-03
6.697108e-03
2.676945e-03
1.005465e-04
2.714840e-01
5.295104e-02
5.083993e-03
2.544086e-01
9.978036e-05
3.672165e-02
1.000870e-02
3.629779e-03
1.196175e-02
1.413399e-03
4.685407e-02
2.389766e-01
2.485110e-03
2.824434e-01
1.468694e-01
4.323097e-02
7.491789e-03
5.115574e-02
2.888647e-02
1.002387e-02
2.302846e-02
4.230868e-02
6.516335e-02
1.607733e-01
1.007941e-01
5.417136e-04
1.970683e-02
6.945320e-02
4.220039e-02
3.584129e-02
9.452049e-02
5.894998e-02
6.759758e-04
1.944512e-02
1.695837e-03
2.419501e-02
8.001064e-03
1.803260e-02
8.748984e-02
7.094355e-02
6.807926e-03
5.187047e-02
3.501596e-04
6.284422e-03
3.266617e-02
1.112790e-02
4.336159e-03
2.171067e-03
5.806966e-02
8.395233e-02
2.251190e-03
4.478334e-04
2.420713e-01
2.192528e-02
2.017633e-02
8.028380e-05
1.654652e-02
1.775645e-01
5.134892e-02
1.215652e-01
1.468008e-01
9.061787e-02
4.269694e-02
8.432778e-03
6.757088e-03
6.659370e-05
2.856051e-02
2.674218e-02
1.975028e-01
2.669264e-03
3.697760e-01
5.493585e-02
1.154085e-03
3.007046e-01
5.208609e-02
1.332653e-01
2.016181e-02
2.917562e-02
5.021092e-03
1.466857e-03
2.125198e-04
5.062370e-04
5.551483e-04
9.907431e-03
7.558220e-04
1.634278e-02
9.294261e-02
1.723898e-03
4.666443e-02
1.935483e-01
1.146049e-01
3.666422e-02
1.981050e-04
2.738640e-02
2.505640e-02
3.874215e-02
4.130759e-02
1.320291e-01
3.541679e-02
3.126556e-02
2.260874e-03
2.672782e-02
3.087391e-02
6.223923e-03
1.021933e-02
4.888677e-03
3.071852e-04
2.625197e-03
8.163573e-02
4.537219e-01
2.447946e-02
5.367703e-02
3.171669e-04
4.540241e-03
8.520787e-02
2.926771e-02
2.753580e-02
4.270987e-03
1.672263e-01
1.578172e-02
5.585613e-03
3.145328e-02
5.628244e-03
1.462757e-03
1.219070e-03
4.473735e-02
3.020270e-02
9.265479e-02
3.027605e-02
6.838872e-02
3.011481e-02
1.305227e-02
2.722341e-03
6.924893e-02
6.072520e-01
5.193796e-02
6.931224e-03
5.614195e-02
1.408056e-03
2.754964e-02
4.642161e-01
1.103909e-01
3.674802e-02
3.374795e-02
2.250284e-02
4.262034e-03
1.153662e-02
1.160550e-01
5.213976e-02
8.175577e-04
9.853112e-02
1.538313e-02
1.468588e-03
1.981370e-02
1.259014e-01
3.467942e-02
6.501852e-04
1.851370e-04
1.113240e-01
7.563949e-02
6.139293e-02
2.153271e-02
6.781711e-04
3.400715e-02
5.943388e-05
3.644435e-02
3.388636e-05
1.533833e-05
1.021094e-02
1.114828e-03
1.870630e-03
7.533866e-07
5.867736e-02
6.858285e-02
5.374685e-02
5.418521e-02
6.826472e-02
3.595484e-03
2.938809e-05
1.368676e-02
2.267572e-02
2.948573e-02
3.800427e-02
2.225479e-01
5.465418e-02
8.277088e-02
5.179282e-05
3.160177e-05
1.321007e-01
5.204618e-02
9.638926e-02
7.555253e-03
5.400593e-02
8.628269e-03
2.017845e-01
2.315124e-01
4.426466e-03
8.154441e-02
1.631355e-02
6.149142e-04
4.907123e-05
3.297225e-04
4.141028e-02
3.894887e-02
3.338631e-02
6.656604e-02
1.114732e-02
7.645998e-02
1.165322e-02
9.803957e-03
5.201255e-02
9.665504e-03
1.365209e-03
2.329654e-02
1.318524e-01
1.477344e-01
1.709731e-04
1.024539e-01
5.530327e-02
4.403387e-02
1.276143e-01
6.313866e-02
2.121856e-02
2.829702e-02
2.118964e-02
1.049025e-01
1.332229e-01
6.990074e-02
2.042030e-03
2.184474e-02
4.823088e-04
1.067744e-01
1.194645e-03
3.194401e-03
1.374705e-02
1.045654e-01
6.926813e-03
2.090593e-02
5.554137e-04
1.515158e-03
1.371737e-01
1.276203e-02
1.346686e-02
1.392377e-02
2.750969e-03
1.597785e-02
8.379036e-04
2.965242e-02
3.967405e-03
1.007114e-01
3.303205e-02
1.836941e-02
2.264137e-04
6.559164e-02
1.088655e-01
6.647539e-02
1.165461e-02
5.950291e-02
1.250065e-01
6.852310e-04
3.318102e-02
3.524788e-02
1.568958e-02
1.515620e-01
8.238767e-02
2.549017e-01
5.673187e-02
1.975798e-03
1.822808e-01
2.498427e-02
8.049550e-04
8.211616e-03
2.014078e-03
6.064532e-03
3.422979e-03
2.789058e-02
1.522887e-02
8.343124e-03
9.078338e-03
3.302353e-03
1.112515e-01
3.241535e-02
8.007867e-03
1.636128e-02
1.585320e-04
3.910944e-04
4.010406e-02
1.218088e-02
1.985064e-02
1.488090e-02
3.039905e-02
3.892765e-05
4.195555e-05
2.698950e-02
5.036068e-03
5.874026e-02
7.390621e-05
2.987906e-02
7.316620e-02
1.323931e-01
1.205335e-01
4.776181e-04
1.232047e-03
1.632377e-03
4.715486e-03
8.789393e-02
1.196703e-02
1.837977e-02
6.227213e-03
3.756424e-02
7.415096e-04
1.065920e-01
4.900229e-03
7.116266e-04
1.657023e-02
3.451933e-04
2.229513e-01
4.405466e-04
1.142549e-03
3.309955e-02
2.077073e-02
3.105382e-03
1.515246e-02
2.701341e-01
3.953863e-04
1.675045e-01
1.141218e-01
8.378480e-02
1.801158e-02
2.271286e-02
2.971453e-02
2.301272e-01
7.122876e-06
1.422615e-01
6.801189e-04
2.572601e-03
1.878696e-02
1.235985e-02
2.246002e-01
2.408872e-02
8.496702e-02
3.326757e-02
8.719165e-02
3.155263e-03
1.364288e-02
1.841097e-03
6.646628e-02
5.430766e-02
5.184343e-06
3.081796e-04
9.537555e-02
3.635226e-03
3.843552e-02
4.769690e-03
1.684296e-02
9.446715e-03
2.326434e-03
2.753052e-06
1.208043e-02
1.483969e-02
1.184554e-01
4.010580e-05
4.633743e-02
9.406128e-03
2.825694e-01
5.641527e-04
1.080926e-01
8.314868e-05
2.843918e-04
2.389944e-03
7.941779e-02
3.012399e-04
3.568921e-02
8.788095e-03
3.662142e-02
4.700284e-03
6.415323e-03
5.683510e-02
1.889811e-03
2.931601e-04
8.392159e-04
2.561386e-01
1.259463e-01
4.487984e-03
6.014028e-02
4.869653e-02
3.412548e-02
7.351321e-05
1.326720e-02
7.027091e-03
1.925008e-02
1.727380e-03
5.899279e-02
1.161633e-01
2.303739e-02
9.328315e-02
9.115251e-03
1.265093e-02
1.172999e-03
3.106612e-02
1.972245e-01
9.990802e-02
5.967607e-03
7.776266e-05
3.571392e-03
1.028521e-01
6.584462e-02
4.588540e-02
7.194547e-03
6.134398e-04
7.130975e-03
5.268913e-03
1.058600e-02
1.839985e-02
1.588374e-02
1.234390e-03
2.127303e-01
3.869440e-02
3.746867e-01
3.373436e-03
1.002501e-02
3.398313e-04
1.243637e-01
3.331559e-02
2.935648e-02
1.056796e-02
1.382232e-01
8.364214e-02
7.052333e-02
1.243900e-01
4.971945e-04
7.979911e-04
1.825995e-01
3.037240e-02
1.343220e-02
4.923406e-02
1.389732e-01
5.888473e-02
1.985800e-01
2.342115e-04
5.308077e-02
2.125998e-03
3.042330e-03
1.266827e-01
2.605468e-03
1.060897e-01
4.253443e-01
1.726012e-01
4.173049e-03
2.250282e-01
2.848538e-02
1.869802e-02
8.866543e-03
4.783661e-02
2.554994e-01
1.136971e-01
2.939405e-02
3.947898e-02
1.554858e-01
5.951789e-02
2.144960e-02
1.315099e-03
6.453127e-04
5.452393e-03
3.931224e-04
4.657529e-04
4.916307e-02
2.388682e-02
6.434295e-02
3.253066e-03
3.164246e-02
8.925813e-04
5.700560e-02
7.277216e-02
6.216399e-04
1.141690e-01
4.194697e-02
4.012044e-02
5.892919e-03
9.930008e-02
6.604317e-02
2.507000e-02
7.423222e-03
1.419959e-01
5.203572e-03
1.786216e-01
2.090543e-02
7.029237e-03
1.432367e-02
1.219822e-02
2.692636e-05
6.688993e-02
3.337758e-02
3.390679e-05
5.623869e-02
1.419944e-03
2.195923e-02
1.215038e-01
2.541480e-02
1.238334e-02
1.299032e-02
2.400340e-02
1.682123e-02
3.299551e-02
1.792330e-02
3.198480e-01
1.200529e-05
8.984703e-03
2.004362e-01
3.569430e-02
3.509393e-02
5.959566e-04
9.037603e-03
1.222809e-01
2.801045e-02
6.884423e-01
4.807311e-02
2.034836e-01
3.017142e-04
3.098028e-02
2.653112e-04
3.651944e-03
5.635996e-02
3.015197e-01
5.268910e-03
4.440286e-02
1.007983e-01
6.559852e-03
8.979836e-05
2.708417e-02
2.262278e-02
3.932427e-02
6.983093e-03
1.102947e-02
1.333477e-02
1.108439e-03
1.024233e-02
5.623293e-02
3.568507e-02
6.622626e-02
1.930853e-01
3.652885e-04
1.567758e-02
3.622673e-02
4.990768e-02
5.802576e-02
3.979026e-04
3.241984e-02
9.827260e-03
4.623758e-02
4.581850e-02
2.205884e-02
8.515845e-03
2.873822e-04
1.047519e-04
2.475692e-02
3.164249e-02
1.615671e-01
9.085489e-03
2.269353e-03
1.832830e-01
9.902358e-02
5.051169e-03
1.583441e-02
3.082145e-02
2.682439e-02
3.244207e-02
8.994643e-03
5.134027e-02
