5.702221e-03
2.681711e-02
6.544513e-04
3.058679e-02
6.211144e-02
1.328747e-03
5.348297e-02
1.141616e-02
1.048367e-02
1.999711e-02
6.565606e-04
1.363243e-02
2.179417e-01
8.957879e-02
2.973951e-03
1.805708e-03
6.725218e-02
4.896553e-03
4.949391e-02
4.979424e-04
1.738986e-02
1.819017e-01
6.801264e-03
5.850079e-03
3.602641e-01
7.598082e-03
2.089189e-01
1.167623e-02
1.408580e-04
9.708045e-03
1.041856e-02
4.766349e-02
2.630464e-02
8.018838e-02
1.936291e-02
2.364586e-01
5.893685e-02
8.323691e-04
2.029091e-02
9.299561e-02
4.750503e-02
2.348286e-03
1.382669e-02
2.961296e-03
4.956701e-03
3.087526e-03
2.338487e-02
2.146772e-02
3.079204e-03
1.438466e-01
5.591585e-02
4.046521e-03
9.708900e-02
1.218332e-02
3.677275e-03
1.641091e-05
1.928341e-01
1.296843e-02
9.382447e-02
1.038385e-01
9.585164e-01
1.053625e-01
1.711328e-02
3.876771e-02
9.096427e-03
2.525615e-03
5.388598e-02
7.426347e-02
1.488472e-01
3.388806e-04
5.640359e-02
6.752081e-02
4.903613e-02
1.187697e-01
3.077518e-03
2.683233e-03
4.600798e-05
3.689008e-01
2.171068e-03
1.570076e-03
1.606672e-01
4.001894e-04
1.354028e-03
1.904233e-03
1.511207e-01
5.166191e-02
1.734194e-03
6.398873e-02
5.900115e-03
6.808374e-04
1.531792e-02
1.772057e-02
2.258988e-02
2.035403e-01
2.273949e-05
2.481045e-03
2.392804e-03
1.101087e-01
1.504037e-01
8.643212e-02
1.020641e-01
1.245751e-01
1.462705e-02
1.690893e-01
2.041685e-06
6.831854e-02
3.378317e-01
1.291291e-01
8.006388e-02
1.744530e-02
1.382004e-02
2.051140e-02
1.830309e-02
1.592575e-01
2.325549e-02
3.605777e-03
2.976211e-01
1.565107e-01
1.605120e-03
2.617867e-03
4.170867e-03
2.009223e-03
3.803308e-02
1.559070e-01
2.426297e-02
1.831471e-02
5.388857e-03
2.849118e-02
6.301826e-04
2.749936e-02
8.074964e-03
2.256482e-01
9.778393e-02
7.171947e-02
6.588235e-02
1.907402e-02
5.376141e-02
9.760282e-02
1.035483e-02
5.362819e-02
7.384238e-02
2.153183e-03
3.110632e-04
6.955880e-02
6.622565e-02
4.320482e-02
1.502851e-01
5.785555e-03
2.009574e-02
9.961380e-03
4.622177e-03
7.255998e-02
7.228221e-02
1.749242e-04
1.162414e-02
1.434156e-02
2.130822e-03
2.080904e-03
3.624233e-02
4.482948e-01
4.646904e-01
1.112254e-01
7.165289e-02
9.084119e-02
3.291609e-02
2.247006e-01
5.657938e-02
5.857882e-02
5.862098e-03
1.770101e-03
2.453033e-02
3.699190e-02
1.404013e-01
1.316734e-01
4.240967e-02
2.539233e-02
1.574406e-02
7.454703e-02
2.511198e-02
1.228646e-02
7.698080e-02
4.991089e-02
8.885110e-04
1.090201e-01
1.270181e-02
1.093782e-04
1.688649e-01
6.928788e-02
1.445781e-02
6.856221e-02
4.287446e-04
5.567979e-03
4.367744e-03
1.522572e-02
4.027217e-02
5.236717e-03
9.362429e-02
2.966366e-03
8.771134e-04
1.686390e-01
5.370922e-02
3.715302e-02
4.081732e-01
3.232636e-02
7.281868e-02
1.405943e-03
5.991973e-02
6.009329e-03
9.415403e-02
3.246197e-04
2.173973e-02
8.947446e-04
1.413329e-02
4.354302e-02
1.880176e-04
8.355361e-02
9.756689e-04
2.192587e-01
6.410369e-02
5.768372e-03
1.225809e-01
3.601140e-02
3.360504e-04
1.431841e-01
4.553524e-02
1.479337e-01
5.835884e-02
5.307949e-02
1.708185e-04
3.533647e-04
2.487578e-01
6.479657e-02
6.428121e-03
2.377901e-01
2.013353e-02
2.199884e-02
2.326514e-04
1.558314e-01
2.510227e-03
3.493757e-02
4.575357e-03
1.343282e-01
2.662711e-01
1.357196e-03
1.067523e-01
1.016432e-03
2.758188e-06
1.474251e-02
3.210798e-01
1.198614e-02
5.833722e-02
4.265160e-04
1.225839e-02
1.470094e-01
4.572908e-03
7.912525e-02
3.565553e-02
6.148999e-03
4.080759e-02
3.280677e-02
1.483530e-02
3.619587e-04
3.084219e-03
1.727947e-01
4.236876e-02
4.189406e-02
7.163502e-02
1.862267e-02
1.743936e-03
5.292720e-05
4.376793e-03
3.655237e-02
1.048954e-02
2.754932e-03
1.886805e-03
3.736775e-01
6.978323e-03
7.090521e-03
1.398293e-02
2.500266e-02
9.704869e-02
1.617832e-02
9.122160e-04
3.872165e-02
6.657372e-02
6.546067e-02
3.247195e-02
1.091426e-02
1.197750e-05
1.961087e-03
4.669052e-02
1.234455e-01
4.725440e-02
1.457125e-03
9.307755e-03
1.988669e-02
9.700544e-02
1.600296e-04
3.760867e-01
6.890195e-05
9.664938e-02
8.566005e-03
7.633369e-02
2.341848e-02
1.042497e-04
2.999804e-02
1.613108e-03
9.059289e-02
2.526469e-02
4.971369e-02
2.647983e-02
1.033510e-01
9.370542e-03
2.393825e-02
1.758744e-02
1.654099e-02
1.508014e-02
1.502614e-01
2.385178e-03
1.318932e-01
1.458172e-01
6.208554e-02
3.731436e-02
6.324854e-03
1.910992e-02
3.304759e-02
3.429377e-02
9.267872e-04
1.512742e-02
2.232840e-03
2.927745e-03
7.911264e-03
1.514298e-01
6.352232e-04
8.811458e-07
1.395868e-01
2.982371e-02
1.901887e-02
6.406237e-03
1.266079e-02
1.501414e-01
7.765866e-03
6.443082e-03
1.754488e-02
1.764354e-02
1.516530e-01
4.420270e-01
2.288937e-02
8.432225e-02
2.291442e-02
1.493950e-01
3.201927e-02
3.511084e-01
2.198129e-02
2.737151e-01
3.247734e-04
6.956930e-03
1.783531e-02
6.104295e-02
4.593301e-02
3.505165e-02
1.313834e-01
9.564803e-06
1.359400e-01
3.578335e-04
2.913004e-02
2.548899e-01
1.043056e-04
1.414760e-03
3.579450e-02
2.858746e-02
1.472347e-02
7.698577e-03
7.182392e-04
7.790989e-02
2.646829e-02
1.176845e-02
5.688578e-03
4.128706e-02
1.611798e-01
3.102674e-01
4.656149e-02
1.969017e-02
1.185038e-01
4.605277e-03
6.544877e-02
5.053003e-02
9.661016e-02
6.434925e-03
1.741023e-02
6.173519e-03
5.851215e-03
5.167007e-02
3.936206e-02
7.589261e-03
7.633260e-03
2.356231e-04
3.265998e-02
8.081331e-02
8.931640e-02
6.268665e-04
3.912171e-02
5.480980e-04
7.507435e-02
2.074358e-03
4.343045e-03
9.792622e-04
1.135183e-01
5.424815e-02
4.912201e-01
4.685949e-05
1.118101e-03
2.137661e-03
6.393882e-02
4.522025e-02
7.584076e-02
3.204460e-03
1.199136e-01
4.197895e-02
7.092242e-04
4.962401e-03
2.708731e-01
2.445341e-02
1.758829e-04
1.243879e-01
4.592896e-04
2.564795e-01
5.004389e-03
8.739360e-04
3.993473e-03
1.316095e-02
2.281261e-02
2.779040e-02
2.177217e-01
6.043438e-02
2.721187e-01
8.689690e-03
4.487752e-02
5.343762e-02
9.892709e-03
2.377966e-03
2.083145e-02
1.904652e-02
9.020321e-02
1.764655e-01
1.882011e-01
9.154149e-03
1.370386e-01
1.308483e-03
4.444040e-02
9.513852e-02
7.867942e-06
5.503898e-02
6.023690e-03
1.221769e-01
1.979250e-02
3.427277e-04
3.361124e-02
4.050807e-02
2.070566e-01
1.512842e-03
2.011601e-01
1.857692e-01
7.728230e-04
5.078857e-02
9.500082e-02
1.468422e-04
1.954451e-02
1.836036e-02
4.146788e-03
3.752132e-02
8.457061e-02
1.771367e-01
6.501037e-02
9.096788e-02
3.494904e-02
1.337901e-02
2.144234e-02
6.406053e-02
5.165639e-02
1.788730e-02
1.787231e-02
1.556220e-04
4.370577e-04
1.147336e-02
3.238723e-02
1.015758e-01
3.265823e-02
2.766642e-03
2.763028e-03
3.368310e-05
7.748858e-02
6.575334e-04
6.529730e-02
1.527087e-02
1.546842e-01
2.299370e-09
2.786340e-01
1.227811e-04
1.053188e-01
3.607547e-03
3.190783e-02
2.745786e-02
3.419744e-05
1.039539e-02
1.954810e-02
4.298622e-03
1.116713e-01
2.399508e-01
4.611503e-06
1.874219e-01
1.481192e-02
7.000042e-02
8.167969e-03
4.610198e-02
8.829732e-04
1.471079e-01
5.679599e-04
1.643858e-03
4.914009e-02
1.469440e-04
9.591105e-03
3.292248e-02
1.190756e-04
3.487589e-03
1.433094e-03
1.626603e-02
1.664372e-01
9.843877e-04
1.771798e-02
2.862888e-02
1.009416e-01
4.446879e-02
1.258637e-03
1.401578e-01
9.584996e-03
1.240568e-02
9.285847e-02
2.259407e-06
3.111986e-02
1.720669e-01
3.421984e-03
2.736716e-01
4.617945e-02
7.474465e-03
1.864060e-01
1.664717e-02
8.417683e-03
4.544909e-02
9.411363e-06
1.274609e-02
4.246917e-03
8.018190e-02
5.522161e-03
3.475610e-02
7.521481e-02
4.559999e-02
1.045525e-02
2.303492e-03
2.567343e-02
4.360530e-02
1.229335e-01
4.436859e-03
1.582211e-01
3.023875e-03
2.864715e-02
3.616139e-03
1.332263e-02
9.900933e-02
1.653259e-02
6.307722e-03
1.366350e-02
8.725767e-02
2.032291e-05
6.271734e-03
1.386368e-01
4.892668e-02
8.984036e-02
2.107910e-02
4.205341e-04
4.264324e-02
1.917754e-01
8.672036e-03
1.864523e-01
2.461084e-01
3.292664e-02
1.795451e-02
3.390159e-02
1.949794e-03
5.024389e-02
1.359955e-02
3.197749e-02
2.619148e-03
2.142395e-02
