2.059517e-05
3.342897e-02
1.872098e-02
3.078304e-04
3.666995e-03
4.621265e-02
1.733308e-01
5.033808e-02
1.775124e-02
5.897624e-03
1.153411e-01
7.021726e-02
1.159017e-02
7.337138e-02
9.049086e-02
5.284911e-04
1.267105e-03
9.328085e-02
1.239687e-02
2.320759e-03
1.522164e-02
1.494771e-01
1.908503e-01
1.331919e-02
3.523441e-02
1.307790e-05
2.328187e-05
4.443891e-02
2.321397e-03
5.019108e-02
9.500166e-02
8.973686e-02
1.102042e-01
1.622166e-03
1.056806e-01
2.748539e-03
2.381641e-02
7.557821e-04
4.561677e-02
1.252906e-03
2.670286e-02
1.211728e-03
2.857699e-03
3.500788e-03
1.101107e-02
4.551513e-02
1.411328e-01
6.812529e-02
1.132150e-02
7.003725e-04
1.701921e-02
1.994480e-02
1.220146e-02
4.183731e-02
3.133279e-02
1.642171e-02
5.904865e-03
8.036843e-02
8.726958e-03
1.190713e-04
5.056663e-03
1.458387e-02
1.767427e-02
1.511473e-01
4.077972e-02
1.523713e-01
5.797510e-01
8.846466e-05
2.288858e-02
1.524329e-02
6.810773e-03
1.250676e-03
8.637647e-03
2.876392e-01
9.285266e-02
1.413844e-01
1.103058e-01
1.403879e-01
1.074324e-03
5.913749e-02
6.343083e-02
2.474857e-02
2.225750e-02
3.415646e-02
4.103611e-02
9.528822e-03
6.749897e-03
1.914918e-02
8.190792e-02
4.723425e-03
6.286241e-02
6.669578e-02
4.351327e-03
5.603903e-04
4.238785e-03
3.627955e-02
1.232567e-01
2.926148e-02
4.696026e-02
8.251140e-02
2.007055e-01
1.034744e-01
5.005110e-04
2.796172e-04
5.040227e-04
3.348470e-02
9.089970e-05
7.004550e-03
7.733971e-02
5.739442e-02
4.717652e-02
5.315773e-02
6.311227e-02
2.494066e-04
3.922274e-02
1.619917e-01
1.125193e-01
4.151523e-02
4.687312e-03
3.465141e-03
3.065464e-02
1.268377e-01
1.861029e-02
2.551200e-03
1.125980e-02
1.024846e-02
6.603418e-02
2.441741e-02
4.747218e-03
5.357099e-02
3.060663e-03
2.383423e-01
1.060122e-02
3.963051e-02
5.785128e-02
1.710218e-02
2.878293e-02
2.405965e-02
6.825363e-02
3.426031e-02
1.991632e-02
3.153116e-03
3.866960e-03
1.570214e-01
4.824879e-03
2.206592e-02
4.954092e-02
4.249526e-02
4.255996e-02
1.856148e-01
3.455053e-04
6.309051e-04
6.694235e-02
3.464560e-03
2.985595e-02
3.312105e-02
4.445671e-02
2.735061e-02
5.880218e-03
7.285142e-01
2.800267e-02
9.819415e-02
5.852646e-03
1.157121e-04
3.059031e-02
2.241101e-01
2.393976e-02
5.385754e-02
8.656892e-02
8.297108e-03
1.669072e-02
6.787469e-03
1.005750e-01
9.062386e-02
2.135464e-02
4.345343e-05
6.179723e-02
6.407366e-02
1.664768e-02
2.051032e-02
8.768630e-02
2.613192e-02
5.031146e-02
3.346084e-03
1.024001e-01
8.190035e-04
2.219079e-03
1.807983e-02
5.627627e-02
1.679927e-05
2.150180e-02
1.388008e-02
9.167118e-03
5.556700e-02
4.615787e-02
2.101768e-02
1.884217e-01
4.744226e-03
7.006085e-02
1.504388e-01
3.661894e-02
1.618564e-03
4.987769e-02
1.138289e-03
1.409759e-02
2.951866e-02
4.661689e-02
1.468183e-01
2.432176e-02
1.260434e-02
3.633490e-03
8.772687e-04
1.593684e-01
9.247470e-02
7.656120e-02
7.092258e-02
6.464925e-03
3.525129e-02
4.457846e-04
7.330177e-03
9.999193e-03
8.973357e-07
4.763103e-02
9.584328e-03
7.930358e-02
4.470157e-03
2.290691e-03
6.023125e-02
3.072326e-01
5.673416e-03
3.471231e-03
6.909414e-02
2.935827e-02
6.403989e-04
1.698030e-04
4.798361e-04
4.423859e-02
1.781152e-02
2.597605e-03
3.223896e-02
1.984726e-01
3.491816e-02
5.899543e-02
7.841823e-02
9.590535e-02
8.387178e-04
7.971055e-03
5.621853e-02
1.276706e-02
5.253933e-02
1.313195e-02
1.380797e-03
1.215846e-01
1.075778e-02
2.776557e-05
1.126048e-02
1.613153e-01
2.359063e-02
1.380836e-03
6.917847e-02
4.027601e-03
2.613928e-02
1.557280e-01
3.970812e-03
8.461226e-06
8.671472e-02
1.070555e-01
2.240032e-02
4.747501e-02
4.348053e-03
2.002984e-02
9.018961e-03
5.068592e-04
7.574491e-03
1.094989e-04
1.825835e-01
5.168058e-02
2.694975e-03
1.064996e-03
3.636607e-02
1.563412e-01
7.668306e-04
1.129429e-02
1.361513e-01
7.501081e-02
1.544308e-03
5.875141e-02
5.963508e-02
1.081959e-01
1.652439e-04
4.589250e-02
7.508134e-03
3.289286e-02
3.434593e-02
1.239343e-02
1.032831e-03
7.769501e-02
2.133693e-03
1.299560e-02
1.025118e-02
5.493194e-03
2.541151e-03
2.173823e-03
3.231901e-01
3.169863e-02
3.750097e-02
1.502825e-02
1.663258e-05
1.143651e-01
5.556295e-02
6.563491e-03
1.611478e-03
4.336970e-02
1.749178e-03
1.012356e-03
1.048427e-02
2.140351e-02
4.776801e-03
4.498606e-02
5.226676e-02
8.415464e-03
4.387107e-02
5.345522e-04
1.832186e-02
1.060687e-03
2.276782e-03
8.891008e-03
1.761034e-01
3.557847e-02
6.824429e-02
5.012916e-03
1.499060e-03
8.478314e-03
1.110961e-03
7.593012e-02
1.815843e-02
3.103590e-02
4.435099e-02
5.376436e-04
3.222881e-03
1.303517e-02
4.894575e-03
8.266018e-02
9.034591e-02
2.999084e-03
4.823457e-02
4.940087e-02
4.406059e-05
1.002513e-01
1.512910e-02
1.657045e-02
1.960314e-02
9.385033e-02
1.391908e-01
1.367494e-03
3.148272e-03
1.282122e-02
4.286827e-02
1.523398e-02
1.507383e-02
9.866385e-02
1.541323e-02
3.400829e-04
2.943611e-01
1.765415e-03
7.713008e-03
5.762421e-03
7.195097e-02
9.538464e-03
4.620044e-02
6.346913e-02
3.157705e-02
6.306311e-02
1.659012e-02
3.672575e-04
5.775853e-03
2.152651e-02
8.661308e-03
2.927503e-03
4.073460e-04
1.348777e-02
4.277911e-02
5.988236e-03
6.045931e-02
2.782367e-01
1.786609e-04
1.899571e-01
4.870004e-03
4.569767e-02
2.323046e-01
5.878817e-02
3.994072e-02
3.169040e-03
1.790377e-01
1.108517e-03
8.708718e-02
7.265353e-02
3.107712e-03
1.522120e-01
1.197941e-01
5.871497e-04
2.401965e-03
9.848709e-04
5.563180e-03
1.765966e-02
8.038371e-03
1.633664e-01
9.209115e-04
8.500154e-02
8.948485e-04
7.837475e-04
3.212125e-03
1.761069e-04
4.315810e-02
2.871427e-02
4.513678e-03
1.496009e-01
3.230826e-01
5.444429e-04
1.402845e-05
2.180596e-02
4.191311e-01
1.763497e-02
8.663601e-03
7.896513e-02
1.338744e-02
2.077496e-02
3.689603e-02
8.112680e-03
1.007973e-02
1.842893e-02
8.876914e-02
1.117955e-01
1.241121e-01
8.023960e-02
1.086445e-02
6.419388e-03
3.140064e-02
2.932934e-04
1.316297e-02
3.357252e-02
8.902451e-02
1.625300e-02
4.177201e-01
1.539587e-01
1.022072e-02
8.468295e-02
5.420267e-03
1.396420e-01
5.168446e-02
2.433943e-04
1.531711e-02
1.655703e-01
7.987684e-02
1.519519e-02
1.397178e-02
2.357320e-02
1.421415e-01
1.746405e-02
2.772858e-05
9.856075e-04
1.200736e-03
2.722220e-02
1.200671e-01
1.531037e-02
1.414989e-01
1.208528e-01
2.744135e-01
6.470805e-04
2.249203e-02
2.020703e-03
5.536659e-02
1.428310e-01
2.922837e-02
4.638710e-03
3.221010e-02
7.478879e-03
1.864446e-02
1.224559e-03
7.712131e-03
3.110113e-01
8.653949e-04
4.761209e-02
4.929518e-05
1.387752e-03
8.643402e-02
1.192964e-01
7.750022e-02
1.512914e-02
5.616298e-03
1.099760e-01
7.251047e-02
5.768879e-03
3.308990e-03
2.093517e-03
1.043057e-01
3.990318e-02
3.882781e-03
4.163415e-02
1.753727e-01
2.766471e-02
6.608249e-02
1.160260e-02
4.561867e-04
7.562596e-02
3.398041e-02
6.017704e-02
6.704970e-01
2.068582e-04
2.596501e-04
2.559147e-01
3.537689e-02
1.811067e-03
1.607801e-03
3.196220e-02
4.308783e-03
4.235602e-02
6.349899e-03
8.872952e-02
7.834399e-02
2.976107e-02
2.511903e-03
6.182133e-02
6.661478e-02
1.117988e-03
1.101487e-03
2.057010e-03
1.113518e-02
2.321239e-03
7.824391e-02
3.428182e-02
1.127925e-02
5.197937e-02
8.111978e-02
9.529438e-06
1.883079e-02
2.984244e-03
3.064487e-02
3.513659e-02
3.944979e-02
2.611839e-02
7.589606e-02
1.557452e-01
6.387119e-02
1.413188e-02
3.366723e-02
2.023458e-03
3.601904e-02
1.003649e-01
1.754904e-01
2.842855e-02
3.371193e-02
5.193335e-03
3.353288e-03
1.796405e-02
4.863017e-03
1.812642e-03
3.717775e-05
2.460209e-02
7.450965e-04
4.284079e-02
3.550623e-02
2.244661e-05
1.747298e-02
1.435737e-02
2.074730e-02
2.191520e-02
7.969907e-03
1.894357e-01
2.081627e-02
8.035434e-02
7.906860e-02
5.040540e-08
3.113070e-02
5.113714e-02
1.328757e-01
5.201270e-04
4.969445e-02
1.264998e-02
9.076585e-02
3.957251e-02
2.101175e-05
3.594132e-03
2.968111e-02
2.161312e-02
3.937834e-03
1.843347e-02
2.042502e-01
3.608651e-02
1.150804e-02
1.685847e-02
1.461510e-02
1.021951e-01
4.028397e-03
