1.371690e-02
1.272237e-03
1.000393e-03
3.537300e-02
4.015039e-02
1.925590e-01
2.694108e-02
9.593907e-03
4.659600e-03
2.142973e-02
5.473432e-02
5.361286e-03
3.800137e-02
8.242052e-02
3.277714e-02
3.630511e-04
1.147267e-02
6.777323e-03
1.946471e-02
1.791925e-03
3.691786e-02
6.652960e-03
7.773246e-02
7.132578e-02
2.416772e-02
5.865099e-02
2.380272e-01
5.775576e-03
2.255942e-02
1.109681e-01
8.006464e-03
1.143140e-01
1.068414e-01
1.338984e-03
7.135010e-03
9.156533e-03
3.432302e-02
2.135511e-02
1.310563e-01
6.847836e-02
1.189871e-01
1.654788e-03
5.705421e-03
1.003968e-02
6.769928e-04
2.126958e-04
2.917794e-03
3.177731e-04
2.503853e-01
7.326758e-02
3.230147e-02
3.426928e-02
3.715123e-02
2.872686e-03
9.302118e-02
1.578053e-01
4.790225e-02
7.647843e-05
3.255710e-02
8.050261e-03
5.065907e-02
2.458365e-02
5.627469e-02
7.405753e-02
2.870617e-02
1.317716e-01
9.937314e-02
4.522141e-03
3.338334e-03
3.434597e-02
1.041840e-02
4.259000e-02
1.105312e-01
1.141032e-01
1.276014e-02
1.158770e-02
4.715837e-02
5.999056e-04
1.305958e-03
1.550768e-02
3.493887e-02
6.673958e-07
1.048347e-03
1.115763e-02
6.175025e-02
2.004457e-02
5.197790e-04
6.001016e-02
1.965092e-01
2.984804e-02
1.890172e-02
2.951790e-02
1.498183e-01
2.856926e-02
1.193723e-04
1.193110e-01
2.296224e-02
9.757685e-02
1.158189e-03
3.119905e-02
1.153793e-02
6.127295e-02
1.229172e-01
1.075303e-02
2.540011e-04
2.477490e-03
2.947367e-03
3.636013e-02
6.874733e-02
1.145669e-03
2.035662e-05
1.393040e-02
2.135128e-02
3.483702e-03
6.096293e-03
6.755883e-02
1.802320e-01
1.106406e-01
1.004451e-01
5.670681e-03
1.646341e-02
6.017770e-03
3.353465e-03
2.739796e-02
2.729315e-02
2.036617e-01
3.886761e-02
3.796478e-02
1.087932e-02
3.680250e-03
3.290690e-02
3.103221e-03
9.303639e-02
5.233972e-02
4.852884e-03
7.177035e-02
1.323358e-02
2.055682e-05
1.267084e-02
7.930361e-03
1.252369e-02
8.341224e-03
9.802660e-03
2.566353e-01
1.216762e-02
1.086108e-01
1.320557e-01
3.850870e-02
2.340514e-02
1.772849e-01
8.634004e-02
6.736964e-02
2.842366e-02
1.350011e-04
3.589494e-04
4.806671e-02
6.680289e-02
3.381178e-01
1.178077e-02
8.071261e-01
2.172893e-02
4.505202e-02
9.572331e-02
8.765018e-02
6.072401e-02
3.270119e-02
2.273649e-01
2.799110e-01
2.242543e-02
2.212246e-04
3.060846e-03
1.451217e-03
1.910538e-02
5.036463e-03
4.877613e-03
9.891076e-03
5.931750e-03
5.285750e-02
3.470464e-02
3.054578e-03
4.787259e-02
3.666072e-03
4.419451e-03
6.124565e-03
3.905042e-02
4.177904e-02
2.424182e-01
1.377898e-03
8.054989e-02
6.970936e-03
5.526380e-04
7.863111e-02
1.791108e-02
1.826590e-02
1.268780e-02
2.818156e-02
2.265137e-03
3.953769e-03
7.602893e-02
1.330870e-02
1.012859e-01
7.573191e-02
6.929991e-02
3.154335e-03
1.649460e-01
2.109415e-03
6.314493e-03
3.073023e-02
1.277070e-01
9.264764e-05
4.648652e-02
2.485057e-02
1.450513e-02
1.797691e-01
1.850402e-02
1.275304e-04
2.423978e-02
9.044914e-03
2.998930e-02
6.415781e-03
1.713588e-02
3.641335e-01
1.965914e-02
1.225414e-02
5.548552e-02
1.614956e-03
2.838763e-02
5.462124e-02
2.948443e-02
5.420023e-04
6.087393e-02
3.027853e-03
9.100470e-03
1.596399e-02
1.713371e-02
2.724250e-01
3.325216e-02
2.658353e-03
6.352970e-02
1.765418e-02
2.384029e-02
4.050363e-02
5.957378e-02
1.621567e-02
6.453000e-02
3.900329e-03
6.353171e-03
4.645804e-02
1.094958e-03
1.418893e-03
1.521955e-03
8.115068e-03
8.192861e-05
1.492612e-01
3.792293e-02
1.713780e-01
2.802288e-03
4.258131e-02
2.457190e-02
2.059091e-02
4.078515e-01
5.205359e-02
1.299993e-02
1.046667e-01
2.690172e-01
5.672498e-03
2.358948e-02
4.751227e-02
3.375784e-02
4.133448e-02
6.919990e-02
2.142689e-04
4.085086e-02
6.027345e-02
4.108205e-02
2.290822e-02
1.807177e-04
3.530557e-02
1.093635e-01
4.342552e-03
4.105313e-02
4.100605e-02
2.068243e-01
6.885822e-03
7.102275e-02
1.603323e-03
3.062257e-04
2.425331e-02
4.178537e-03
2.820180e-01
3.828865e-02
7.077898e-03
1.609994e-01
1.925656e-04
6.371973e-02
1.146473e-02
5.270676e-04
2.173782e-02
1.717070e-02
6.505171e-02
4.170185e-03
3.268422e-05
6.704006e-02
8.710356e-04
5.344082e-03
7.867038e-04
2.416957e-01
7.447910e-03
3.394460e-02
2.236288e-01
7.831374e-02
2.749386e-01
2.877096e-03
4.597230e-03
1.734210e-01
7.376038e-02
2.549597e-02
3.795505e-01
1.109262e-02
4.291681e-01
5.056072e-02
3.546919e-02
3.722468e-03
1.301169e-01
7.710166e-03
1.294245e-02
7.120039e-06
7.117260e-02
4.515179e-02
9.528904e-03
6.967261e-02
5.691615e-02
1.255012e-02
2.932038e-03
6.457321e-02
4.015237e-02
4.098110e-04
7.354068e-02
3.979482e-03
3.045149e-02
2.483220e-02
4.697748e-03
7.786806e-04
2.661131e-02
3.996960e-02
1.204848e-01
1.288313e-02
2.274639e-02
2.467034e-01
1.120502e-01
7.010102e-02
2.006339e-02
1.569095e-02
1.275466e-01
1.660671e-01
9.879968e-03
1.852188e-02
2.394062e-04
4.032957e-02
4.145040e-02
1.222368e-01
3.239056e-02
2.920017e-04
1.405415e-04
5.584551e-08
5.164152e-03
9.920099e-02
1.116450e-01
6.067666e-02
9.256202e-04
1.770612e-02
7.147018e-02
1.186483e-01
3.865579e-02
5.529040e-04
1.247079e-02
3.063204e-02
1.293344e-05
1.014635e-02
3.795240e-03
6.134718e-04
5.163133e-03
2.124140e-02
9.657439e-04
2.310950e-02
1.525748e-01
7.636099e-02
2.278240e-03
3.746919e-02
2.065129e-01
1.235859e-01
7.337734e-04
2.084505e-04
1.004525e-02
1.194970e-02
7.246551e-03
6.382650e-02
2.738860e-02
1.782339e-02
5.567461e-02
3.020509e-02
1.705939e-03
2.591610e-03
3.222932e-01
1.054339e-02
2.554640e-03
3.334261e-02
7.332267e-02
3.655328e-01
1.000748e-01
2.395802e-03
5.311049e-02
2.503063e-02
4.579922e-04
7.848333e-03
2.017986e-02
7.914248e-02
2.075746e-06
2.348802e-03
3.873710e-02
1.296408e-01
7.333619e-04
3.757743e-03
5.425486e-04
2.259906e-02
1.249237e-01
2.863903e-02
3.298373e-02
4.326249e-03
7.180046e-04
2.567967e-01
2.118616e-02
1.208409e-03
1.985643e-02
6.540688e-02
1.735579e-02
2.048437e-02
1.028532e-02
3.432099e-02
2.099332e-03
3.562887e-02
5.953854e-03
1.310675e-01
7.955787e-02
1.719270e-02
4.784581e-02
1.514123e-02
2.803299e-02
2.650428e-02
4.619888e-05
4.651770e-02
5.436448e-04
7.681105e-03
4.831166e-02
1.235433e-04
2.407807e-02
2.477567e-02
3.460101e-02
5.207025e-02
8.601799e-03
4.012484e-03
4.455911e-03
4.657168e-02
1.188635e-02
9.430983e-03
4.735169e-04
1.702551e-01
4.857941e-03
1.636047e-01
2.336383e-02
2.033925e-01
2.879022e-01
4.334208e-01
7.010168e-02
1.147487e-01
2.230319e-02
1.284865e-01
2.253920e-02
3.999470e-04
6.898687e-03
9.088828e-03
1.310606e-01
1.530811e-01
6.688906e-02
2.488853e-06
1.191912e-01
1.323969e-01
7.188525e-02
5.723528e-04
1.600674e-01
7.862752e-02
3.967521e-02
1.034019e-02
2.053667e-02
8.468307e-04
4.950734e-02
1.779937e-02
9.387887e-04
4.694998e-02
1.922366e-01
4.526731e-05
7.948595e-03
4.378774e-02
6.977550e-03
9.746064e-02
3.014192e-02
9.772274e-03
2.738458e-02
1.315313e-02
5.883960e-03
6.616243e-02
2.899397e-02
8.312240e-04
3.814330e-02
1.438439e-02
1.847517e-01
2.268289e-03
9.307206e-02
7.450804e-05
6.098532e-02
2.548957e-02
1.706628e-01
7.451637e-02
1.383429e-01
3.572788e-02
3.316367e-01
1.993264e-02
4.561956e-02
8.434150e-04
1.566725e-01
6.827245e-03
2.271387e-01
5.591259e-04
9.126878e-02
8.247980e-04
6.887386e-02
4.114179e-02
1.614029e-02
7.116156e-02
2.593315e-04
3.650738e-02
1.052119e-02
4.859090e-02
4.067570e-02
1.210787e-01
3.555421e-02
1.210932e-01
8.795108e-03
9.626544e-02
3.365370e-02
1.889971e-02
2.145923e-01
1.002057e-02
7.374048e-03
1.004618e-01
1.148888e-03
3.588381e-03
1.591967e-03
2.565561e-02
9.713629e-03
4.465403e-02
2.209106e-02
3.216842e-02
5.679222e-02
6.217132e-05
4.479492e-02
2.444930e-02
1.837870e-01
1.507486e-03
5.438723e-07
9.517539e-03
1.040334e-02
3.604985e-02
3.154381e-02
1.204233e-01
2.179024e-02
5.347446e-02
4.389642e-02
9.946869e-05
2.030745e-02
8.829010e-03
1.939126e-02
3.955903e-02
4.459633e-03
9.514880e-03
1.881973e-02
8.351877e-03
3.554245e-03
6.467597e-02
2.598852e-02
2.843446e-02
1.648462e-03
4.359854e-04
7.879031e-03
