1.550597e-02
1.056252e-01
1.075169e-02
6.341173e-03
2.426176e-04
2.234165e-02
1.882412e-02
4.578185e-02
1.488137e-03
5.993172e-04
1.303911e-04
6.041380e-04
4.701309e-02
9.544007e-02
1.151069e-02
8.073455e-02
7.409560e-03
3.137706e-02
1.470299e-03
2.565551e-03
5.378653e-02
1.075388e-02
7.637030e-03
5.292265e-02
1.361727e-01
8.724343e-03
1.162629e-01
5.094804e-02
1.089085e-01
5.381163e-02
6.290831e-02
1.520246e-02
1.338443e-02
7.523902e-02
4.498942e-04
1.234743e-03
4.229319e-01
4.169092e-02
3.990913e-04
1.904384e-02
3.447049e-03
5.129583e-02
5.684886e-02
2.777607e-06
1.259498e-01
3.602910e-02
2.263739e-02
1.655891e-02
2.884815e-03
4.300938e-03
1.673013e-02
9.553149e-05
2.135455e-03
9.204871e-03
7.962042e-03
1.348682e-03
2.760372e-02
4.859103e-02
2.747170e-01
3.721253e-02
8.666312e-03
6.318030e-03
7.251519e-02
3.328735e-03
7.097586e-07
8.095308e-04
1.756481e-02
1.318752e-01
4.147769e-03
4.651235e-02
4.103777e-02
6.867997e-02
5.041062e-03
1.422766e-02
4.716962e-03
2.529263e-01
1.687901e-02
1.563426e-04
5.987128e-02
4.204559e-03
7.246817e-08
2.382217e-05
7.044901e-03
5.828992e-04
1.739019e-02
1.396030e-02
5.731007e-02
1.761076e-01
1.985556e-02
1.654192e-05
5.607671e-02
3.893818e-02
9.068630e-03
5.744109e-02
4.098041e-03
6.560222e-04
8.541888e-03
1.095530e-02
1.872227e-03
1.030305e-01
4.864245e-02
7.170831e-02
4.896510e-02
1.451640e-03
3.004724e-02
1.271429e-03
3.562079e-03
1.769251e-03
1.392691e-01
2.775161e-01
2.043077e-01
6.301532e-02
8.224953e-02
2.090441e-02
2.326219e-05
1.042599e-02
1.253347e-01
1.725352e-02
4.466906e-02
4.224664e-01
1.616096e-02
1.018057e-03
5.891332e-04
2.447191e-02
2.663599e-01
1.092362e-01
4.531355e-01
1.171786e-02
4.917935e-02
1.292502e-01
7.944257e-04
2.371574e-03
2.290768e-02
2.356771e-03
3.498472e-01
7.246350e-03
1.438988e-01
6.717387e-03
2.049315e-02
3.476089e-02
1.327363e-04
6.758676e-03
6.322408e-07
1.479006e-01
2.503243e-03
1.019624e-01
1.696610e-02
5.476221e-03
1.040965e-03
2.457461e-02
1.289198e-01
8.864705e-03
1.480110e-01
3.058982e-02
3.945939e-02
1.548141e-03
1.883328e-03
9.390614e-03
7.467875e-02
7.062845e-04
2.322142e-03
2.277975e-02
1.218531e-01
6.457909e-02
2.459830e-01
3.788237e-02
7.441607e-04
6.956212e-02
5.737800e-03
1.326172e-01
6.902486e-03
1.610831e-03
3.241024e-02
3.738828e-02
2.843054e-01
1.165220e-04
3.873107e-02
1.570734e-02
9.787673e-05
1.080577e-02
2.805362e-02
3.582026e-03
5.651106e-02
5.266864e-03
8.283178e-02
3.825462e-03
2.110027e-02
4.153602e-04
8.185999e-02
4.616856e-02
1.499681e-02
4.668978e-02
3.446878e-03
1.509403e-04
6.657925e-03
5.491787e-02
1.139005e-01
1.567604e-02
9.820021e-02
4.835943e-02
6.429199e-02
5.380378e-01
1.858178e-04
1.581643e-02
4.214483e-02
3.384650e-02
2.259859e-02
9.963181e-03
1.694775e-04
5.045771e-04
2.602822e-03
2.523401e-02
2.986150e-03
5.611627e-02
2.343599e-03
1.057406e-01
1.648329e-02
1.790872e-01
5.081435e-02
6.460719e-03
5.113962e-02
1.926663e-01
2.939818e-02
3.448476e-03
5.837674e-05
6.564579e-03
5.871174e-04
1.780495e-02
8.726351e-03
2.503171e-01
1.223762e-03
9.003301e-05
8.153776e-04
7.015866e-02
8.849620e-02
1.370945e-01
1.352976e-02
1.476733e-03
3.081229e-02
3.012045e-03
2.401117e-02
1.787743e-01
3.732309e-02
1.759905e-02
3.814146e-02
2.928428e-03
8.466389e-03
6.421638e-02
2.742696e-02
2.502634e-02
4.563119e-02
7.949584e-03
2.559724e-03
1.015952e-03
2.056171e-02
2.687346e-02
3.358478e-02
3.824813e-03
7.778711e-04
4.594152e-03
4.724068e-02
1.065659e-02
8.236358e-03
2.502217e-02
3.028225e-02
8.815895e-02
7.836904e-02
2.450264e-01
1.107633e-01
5.781264e-04
1.346700e-01
3.936502e-02
2.673074e-02
8.336441e-02
1.330957e-01
1.962054e-01
3.843854e-03
1.559915e-02
2.600172e-02
6.875262e-02
1.017647e-01
2.495674e-03
9.338583e-02
6.511616e-02
7.759325e-02
1.323091e-01
9.372231e-03
8.743318e-03
6.004251e-02
3.358335e-03
5.660672e-02
1.018569e-01
4.477991e-04
6.541985e-03
3.031298e-02
1.910309e-04
1.667308e-01
1.091315e-01
2.436384e-02
5.551889e-02
1.274104e-03
4.148635e-02
2.139916e-02
1.689882e-01
8.585864e-03
1.623317e-01
2.355264e-02
8.072626e-04
1.096011e-02
3.936801e-02
1.259136e-01
3.542842e-01
1.616592e-04
9.471351e-03
5.459905e-03
1.330552e-03
7.927824e-04
1.423118e-01
2.592552e-02
5.489083e-02
7.360458e-02
8.447318e-02
1.500946e-01
2.544841e-02
4.130591e-02
1.197376e-01
2.805850e-02
6.943597e-03
1.231487e-01
3.791816e-02
6.042143e-02
1.056541e-03
2.582945e-05
1.937239e-03
6.070655e-01
9.740578e-02
2.481270e-03
6.804117e-04
7.017436e-02
5.827856e-02
2.042420e-01
7.562950e-02
1.421762e-02
6.138867e-02
9.511999e-03
1.558384e-01
1.199055e-01
1.857025e-01
9.610818e-03
1.377183e-01
8.693807e-02
2.143015e-01
6.833768e-04
9.371028e-03
1.254274e-02
2.049767e-02
3.544847e-02
1.281619e-02
2.712489e-02
3.181957e-02
4.650092e-02
2.165176e-02
1.021884e-03
8.253765e-03
1.443091e-02
4.291282e-02
1.670069e-01
4.589709e-02
7.839952e-02
6.055603e-02
1.275752e-02
1.239185e-01
3.203215e-03
1.321161e-02
7.426091e-02
1.543068e-01
2.434197e-03
1.441821e-03
8.106319e-03
1.009783e-01
4.530379e-02
1.489056e-01
1.722996e-03
1.792327e-02
1.099603e-02
1.368256e-02
1.934951e-02
6.803893e-03
1.257599e-03
7.409112e-03
2.189247e-03
3.351459e-04
6.672714e-04
7.124167e-03
1.870895e-03
4.131889e-06
5.566694e-02
6.959238e-03
9.784615e-02
2.599761e-02
5.021439e-02
1.008964e-03
1.126234e-01
8.262010e-02
4.094774e-03
5.852797e-03
4.156832e-03
6.479212e-04
2.875217e-02
1.138120e-02
2.084796e-01
1.711574e-01
4.529369e-03
4.860046e-02
2.807050e-02
2.702958e-01
6.467075e-03
4.032376e-03
8.961301e-03
7.293159e-03
1.855823e-06
2.787741e-02
1.123478e-01
8.897947e-09
3.486977e-03
5.312536e-03
2.641454e-02
3.648759e-02
2.011435e-02
1.907293e-02
1.670026e-04
4.375614e-04
7.338599e-02
1.929311e-01
5.097968e-02
2.616465e-01
1.121241e-02
5.513865e-02
5.940925e-02
3.879684e-04
4.609104e-03
1.995905e-03
1.880873e-01
2.248014e-01
1.889941e-02
5.542594e-02
9.688024e-02
3.604880e-02
3.637942e-04
5.123576e-02
5.796014e-03
2.678179e-03
1.336202e-01
9.123242e-02
1.047671e-01
7.115073e-02
7.518187e-02
1.017584e-01
9.493683e-05
7.126360e-02
4.462447e-03
2.105707e-02
3.664320e-03
3.167828e-02
2.458686e-02
4.530884e-03
3.374562e-02
4.199707e-02
1.871871e-01
3.758106e-02
2.683159e-02
1.486601e-01
6.478261e-04
6.117834e-03
1.732543e-01
2.022077e-02
6.230579e-03
4.405275e-04
8.671560e-03
2.240364e-02
2.649175e-02
5.554244e-02
4.857387e-02
2.020444e-03
7.676043e-02
9.965975e-04
2.327232e-02
7.251682e-03
3.800027e-03
2.902731e-02
3.405664e-02
5.824446e-02
7.450753e-02
2.835102e-02
2.481843e-03
1.067662e-01
3.236986e-02
3.839044e-01
7.866693e-06
6.388797e-02
7.591157e-02
3.445739e-02
9.375723e-10
5.179262e-04
1.428014e-02
1.314055e-01
2.637709e-02
1.345517e+00
5.557722e-03
6.048784e-04
5.779778e-02
2.576245e-03
3.707381e-02
7.480029e-02
2.624500e-02
9.128133e-03
1.559923e-02
1.520619e-02
5.765338e-02
8.813117e-02
2.601990e-02
5.048302e-02
2.605528e-03
1.436360e-02
7.990004e-02
7.704316e-03
5.055539e-02
2.699998e-02
1.217331e-01
9.716398e-02
3.101996e-01
1.593315e-01
3.478493e-03
2.536496e-04
3.303596e-04
1.733368e-02
3.323121e-03
9.543624e-02
1.073876e-02
5.988019e-03
3.255526e-01
3.731034e-02
1.779900e-02
9.950168e-03
1.517926e-02
2.333379e-01
7.051623e-02
5.092117e-02
4.164257e-03
5.507146e-02
2.177526e-02
3.415280e-04
2.091135e-02
6.333126e-03
1.164001e-02
7.077019e-02
1.011170e-01
1.366718e-01
1.110725e-01
2.621910e-02
2.427064e-02
1.509602e-01
1.664178e-01
8.793365e-04
7.908811e-05
4.828574e-02
7.308545e-02
6.878924e-02
1.403025e-01
3.885940e-02
1.779727e-01
5.739420e-03
1.290181e-01
8.213820e-02
2.630276e-02
1.965354e-02
3.237972e-01
3.363871e-03
6.111721e-02
5.641502e-03
1.465624e-01
8.573399e-02
6.963492e-02
1.383745e-02
9.680567e-02
3.337202e-04
1.118400e-03
3.201314e-03
3.786683e-02
2.677135e-01
1.443465e-01
7.932390e-02
1.733306e-02
1.096031e-03
