7.003140e-02
2.375138e-02
7.026364e-02
1.395201e-03
5.093298e-02
7.149238e-02
5.707169e-02
2.593326e-02
8.740565e-03
1.644158e-04
2.038285e-02
5.330728e-02
2.245453e-01
1.123654e-01
4.157732e-02
3.295873e-05
1.507633e-02
2.037428e-02
2.725352e-02
5.051429e-02
6.933387e-03
1.972644e-01
3.157704e-02
2.502183e-01
2.928173e-01
3.440273e-02
9.538692e-02
2.040393e-01
2.466142e-01
6.979114e-03
1.244141e-02
7.735649e-02
9.109337e-04
1.614445e-02
1.952866e-02
1.491127e-03
4.168182e-03
3.402229e-02
9.202017e-02
5.170408e-04
1.937769e-03
6.530477e-02
1.228846e-03
3.194001e-05
5.868477e-02
7.073217e-02
8.071131e-02
8.381124e-02
6.347153e-02
1.574178e-02
4.493287e-02
3.003512e-02
4.200759e-02
3.965801e-02
3.025822e-01
4.927605e-02
3.783768e-02
2.289129e-02
4.138820e-04
3.740082e-02
6.468174e-02
1.412128e-01
1.544710e-02
7.986510e-03
1.679536e-01
2.120993e-04
3.609419e-02
2.283888e-01
2.508271e-03
1.678577e-02
1.137408e-01
1.957971e-02
5.154776e-02
1.251255e-02
2.371966e-02
4.665042e-02
1.041332e-03
3.436187e-02
1.407636e-01
7.665386e-03
1.769747e-02
3.140039e-02
1.854070e-02
8.760726e-02
1.331205e-03
8.767594e-03
3.756418e-02
6.093275e-03
9.127207e-02
8.485163e-02
1.167358e-02
5.303681e-02
7.100132e-04
2.908259e-03
3.466179e-03
1.044687e-02
4.903557e-03
2.149358e-02
3.793044e-02
3.156403e-05
7.378040e-02
9.977493e-04
3.654302e-03
1.200015e-04
7.040766e-02
2.721790e-01
3.611856e-03
1.516100e-01
3.507949e-03
2.194589e-02
3.090359e-02
3.179176e-02
3.711943e-02
2.089327e-01
6.008948e-02
3.504109e-02
9.328506e-02
5.129659e-03
1.496466e-02
1.011505e-05
4.176159e-03
5.214556e-02
1.846472e-02
7.428439e-02
8.323099e-02
7.205283e-03
5.312261e-02
3.224239e-02
5.337276e-02
1.030059e-01
3.690664e-02
3.777108e-02
1.529528e-02
1.367946e-02
2.298843e-03
3.644248e-02
2.993176e-02
5.697421e-04
7.404049e-02
1.473483e-01
2.193651e-02
4.227533e-02
6.039140e-03
2.595107e-04
1.662340e-02
6.938422e-03
6.180551e-03
5.686967e-04
2.419445e-01
2.211550e-01
1.903798e-01
1.790285e-02
1.424818e-02
7.004650e-02
6.823400e-02
2.697211e-02
3.542878e-03
3.640115e-02
2.977437e-03
1.430685e-01
3.103740e-02
5.064457e-02
5.424586e-07
2.040801e-02
1.368290e-02
1.629028e-01
2.848747e-01
1.671159e-02
8.892560e-04
2.939210e-03
7.506116e-02
8.736273e-03
1.076227e-02
1.374679e-02
7.877884e-02
9.756664e-02
1.278973e-01
1.224088e-02
1.697741e-03
3.828592e-02
3.306196e-03
8.189891e-02
1.502722e-02
8.116869e-05
3.041837e-01
4.840607e-04
1.261550e-02
8.215264e-02
2.332488e-02
1.671276e-02
2.756417e-02
1.987809e-02
1.107620e-01
9.206285e-02
2.250768e-01
9.283941e-02
2.234122e-03
1.231925e-02
4.331606e-02
1.557105e-02
3.013565e-03
9.389616e-02
1.086321e-03
1.008723e-04
1.628195e-02
4.032264e-03
1.214665e-01
5.816512e-02
4.386435e-04
1.157370e-01
6.087101e-03
3.066565e-03
2.457775e-02
2.871998e-02
3.116462e-03
2.033974e-02
4.528172e-04
7.931669e-02
3.146324e-03
1.915283e-02
4.656189e-02
6.921014e-03
7.531713e-02
1.476029e-02
2.600377e-02
4.508701e-02
1.423033e-02
4.052854e-02
7.816185e-02
6.118025e-02
1.887920e-03
2.312241e-02
1.297521e-03
1.217537e-01
1.873087e-02
2.873533e-02
2.436597e-05
1.555570e-02
2.275945e-02
1.865462e-03
7.391463e-02
1.128961e-01
1.171956e-05
1.244482e-01
5.729377e-04
1.733609e-02
8.897705e-02
6.620127e-03
4.112455e-02
1.623260e-03
2.362976e-02
4.388414e-02
5.148980e-02
1.021425e-02
3.204852e-03
1.289354e-01
6.885260e-03
1.796810e-01
2.732031e-02
6.150459e-02
9.530572e-03
2.333244e-01
2.214410e-02
1.979396e-01
7.653626e-02
7.091823e-02
4.662661e-02
2.111900e-02
4.292764e-02
2.901088e-02
2.875643e-03
2.844543e-04
3.229453e-01
2.175578e-02
4.612923e-03
5.304070e-02
8.471671e-04
4.088453e-01
6.633138e-02
9.338774e-04
1.162400e-01
6.252446e-03
2.732280e-03
1.566507e-02
5.803576e-03
5.274704e-02
4.214943e-02
3.965244e-04
9.353813e-02
3.696714e-01
6.567709e-02
8.872152e-04
9.757202e-03
1.304770e-01
9.308716e-04
3.081051e-03
3.205268e-02
1.081147e-01
9.888914e-03
6.820336e-02
1.489681e-02
3.053612e-02
8.948337e-02
1.606279e-01
2.867795e-02
2.767884e-04
1.945721e-02
1.829460e-02
1.820477e-01
2.135993e-03
3.778264e-03
1.068148e-03
4.428271e-05
1.117229e-02
6.553950e-02
4.375333e-02
2.051671e-03
5.339462e-03
7.659319e-02
2.529895e-02
6.737879e-04
2.054195e-02
3.562380e-02
9.837109e-03
9.430392e-02
3.317799e-02
1.094269e-02
8.887043e-02
1.631658e-02
9.125633e-02
3.575179e-02
6.272982e-02
1.146696e-02
5.293660e-02
6.141843e-02
4.133300e-02
2.269630e-01
4.696714e-02
1.493340e-02
1.048788e-01
1.350448e-02
3.013265e-02
1.887739e-01
4.204491e-02
1.105828e-01
4.715511e-02
4.182613e-02
1.262562e-02
7.898043e-02
2.751731e-02
4.980417e-02
4.193319e-02
2.522923e-02
1.015621e-03
2.393578e-02
1.346910e-02
2.586446e-02
3.201928e-03
3.457762e-02
7.855021e-02
4.995232e-03
1.830691e-01
6.054534e-03
6.813323e-03
1.903815e-01
1.469064e-04
2.848613e-06
1.231148e-03
5.634521e-02
8.240080e-02
6.332240e-05
5.089699e-04
1.143768e-01
3.067516e-04
1.882964e-01
2.006937e-01
5.980306e-02
4.792946e-02
5.751007e-03
1.137823e-02
2.427292e-02
9.546942e-03
2.286252e-01
1.526027e-02
3.021678e-02
1.785720e-03
5.113412e-02
9.646787e-02
2.426608e-02
1.148536e-02
6.626429e-03
2.969025e-02
2.092957e-04
6.214833e-02
4.247195e-02
4.282008e-05
5.164368e-03
2.883263e-02
1.616243e-02
4.286356e-02
3.802902e-02
3.226595e-03
2.083707e-01
4.386862e-02
8.523075e-02
1.036534e-01
9.394330e-03
4.605343e-03
1.797084e-01
5.057978e-03
5.300416e-02
4.160218e-02
2.667459e-02
5.710241e-02
5.024806e-02
1.621477e-01
2.008861e-03
9.743142e-04
7.800767e-02
6.915656e-03
5.203167e-03
1.815114e-01
2.272009e-02
6.820512e-04
1.632087e-01
1.388790e-02
4.277482e-02
1.586050e-01
9.707594e-02
1.551728e-03
5.095206e-04
6.341335e-02
1.176016e-01
1.604358e-01
1.675757e-02
3.119183e-03
2.420045e-02
3.388313e-02
2.357235e-01
5.729652e-02
3.950657e-02
1.515084e-02
1.083564e-02
3.014243e-03
1.204066e-03
1.410711e-01
4.122236e-02
7.496623e-02
3.679537e-02
4.328920e-03
2.119767e-02
5.334381e-04
1.056684e-02
2.053715e-01
1.625044e-02
1.638011e-03
4.227015e-02
1.638314e-01
9.001859e-03
5.119130e-04
2.589189e-06
5.812199e-02
1.336125e-02
3.411274e-02
2.426795e-03
2.653619e-01
2.237450e-02
3.322534e-04
5.235904e-03
3.829129e-02
1.589732e-02
1.637548e-01
6.625312e-02
1.460980e-02
5.487433e-03
5.761789e-03
4.499073e-02
8.069923e-02
6.899990e-03
3.895896e-03
3.876583e-02
1.459388e-02
1.142842e-03
3.344733e-01
6.575966e-02
4.157415e-02
8.707400e-03
3.768784e-02
1.512702e-02
1.260821e-01
7.623155e-02
7.034267e-02
5.853217e-05
1.019670e-02
9.427087e-04
4.650157e-02
1.946343e-01
2.266722e-01
1.412111e-01
6.218651e-02
3.708676e-02
1.528928e-02
8.815244e-04
5.285449e-02
7.617398e-02
6.555343e-02
1.455855e-01
4.611760e-04
4.294837e-03
1.404699e-01
1.249557e-01
4.859530e-03
2.165960e-03
8.102640e-02
6.443260e-05
7.596858e-02
7.789653e-04
6.899491e-05
9.543253e-03
2.965588e-01
8.868554e-03
1.356461e-02
9.879014e-04
1.318928e-01
4.325186e-02
1.109981e-02
1.302504e-01
1.645432e-03
7.574446e-02
6.204740e-02
4.188567e-03
4.006867e-02
8.981600e-03
6.102620e-02
6.608256e-02
1.445956e-01
4.087731e-02
8.272122e-05
1.362495e-01
2.658841e-03
2.444786e-07
7.635902e-02
3.442618e-02
2.774441e-02
1.279648e-02
4.786708e-02
1.354429e-03
2.010642e-03
4.911679e-02
1.996681e-02
3.443174e-02
6.000769e-03
1.488940e-02
8.803607e-03
4.299610e-02
1.110271e-01
2.857826e-01
7.862808e-02
8.732333e-03
5.379475e-03
1.697854e-02
9.659775e-03
1.077797e-01
5.697001e-02
2.451601e-03
4.731708e-03
5.566372e-02
3.203450e-02
2.390785e-01
9.265296e-03
3.781521e-04
5.126366e-02
4.421843e-03
2.963237e-02
3.600877e-02
1.168415e-03
6.071148e-02
7.880080e-05
1.159509e-02
3.067053e-02
3.039186e-04
1.093996e-04
7.056184e-03
4.905860e-03
7.055970e-02
1.460120e-01
2.416155e-02
1.407449e-02
3.702612e-03
3.166586e-03
6.364407e-02
6.654460e-02
5.771486e-03
3.419025e-02
