3.197358e-02
3.492562e-02
3.212250e-02
1.614279e-02
3.502283e-03
4.576570e-03
1.520973e-02
4.466714e-03
2.091076e-02
1.850154e-02
3.114511e-02
3.656860e-04
5.528006e-02
6.881275e-04
3.701130e-02
1.931051e-02
1.545645e-03
2.498819e-02
2.055888e-03
1.388808e-01
3.847855e-03
6.307487e-02
2.119564e-01
3.462763e-02
1.490716e-02
5.968971e-04
2.310904e-03
1.918404e-02
1.723348e-01
7.156808e-04
1.468685e-01
5.877497e-04
1.130103e-02
5.447926e-02
1.379982e-01
1.249902e-04
2.365482e-02
3.604934e-02
3.954832e-05
5.271192e-02
1.241904e-03
1.379315e-02
2.886246e-04
6.245881e-02
5.572101e-04
2.201993e-02
5.496860e-03
6.523324e-04
2.887291e-04
9.725861e-03
1.609514e-01
2.478306e-04
1.384953e-03
9.295704e-03
4.668737e-02
1.508070e-01
6.088127e-02
5.024747e-02
5.554969e-02
1.005845e-01
3.472021e-03
2.385230e-03
1.521253e-01
2.490236e-03
3.948248e-02
1.379965e-02
4.476798e-02
3.222201e-03
1.418939e-03
1.774072e-02
6.095169e-04
1.299261e-02
5.146838e-02
1.284805e-02
4.569458e-04
3.439420e-04
1.868793e-02
1.465587e-04
4.742430e-03
1.541222e-02
2.398141e-02
2.593477e-03
5.908339e-03
1.471365e-02
4.039368e-02
1.737244e-01
8.921556e-02
8.834303e-02
4.397445e-02
3.063044e-02
2.324363e-02
2.283203e-02
2.335027e-02
8.387190e-02
9.521216e-03
1.779713e-02
1.135321e-01
1.983828e-02
3.177756e-04
3.739347e-03
3.702084e-02
1.044977e-02
5.278937e-04
6.412664e-02
2.187879e-02
7.313146e-03
1.635834e-01
1.889663e-02
2.420412e-03
9.424639e-02
1.577875e-02
4.815448e-02
3.015315e-04
5.548497e-02
1.645639e-02
3.134320e-04
1.012616e-02
3.007130e-02
2.651876e-02
1.808653e-02
2.246598e-01
5.402375e-02
3.904694e-03
8.592395e-02
9.426899e-04
3.228825e-05
2.566552e-02
8.216909e-02
4.649688e-03
6.232112e-04
8.122500e-03
2.481583e-01
2.476452e-02
3.098769e-03
2.951530e-02
8.670137e-06
9.452150e-01
1.110646e-02
7.366556e-03
2.977350e-03
3.665349e-03
3.683797e-03
5.210456e-05
1.531629e-01
1.884559e-01
3.307661e-02
8.410639e-03
2.816650e-03
3.655665e-02
1.107676e-01
2.104553e-01
8.272352e-03
2.996066e-03
7.217585e-06
5.176050e-04
2.714309e-02
8.707583e-02
3.613060e-01
7.208466e-03
5.954209e-03
4.390646e-03
4.225530e-03
1.234522e-01
2.192560e-01
3.297675e-02
2.064938e-01
1.025162e-02
1.146257e-01
7.328731e-02
1.056884e-02
5.120302e-02
8.057961e-02
3.607845e-03
3.298513e-02
7.097885e-02
1.453168e-02
1.091380e-02
6.505343e-03
1.723746e-03
3.551440e-03
9.191858e-02
4.455989e-04
8.784211e-03
2.229331e-01
1.348798e-01
4.468546e-03
6.125158e-02
5.811452e-02
3.189079e-02
1.480268e-02
8.076028e-04
5.100778e-02
1.203070e-02
4.180623e-02
8.541741e-02
1.141902e-01
1.409147e-03
3.757307e-03
5.998408e-02
1.987203e-02
1.106509e-01
6.340044e-02
4.546626e-03
6.353711e-02
1.191585e-02
1.108673e-02
5.728615e-02
2.559354e-02
6.328331e-02
8.328695e-03
6.164545e-02
4.169648e-02
2.940100e-02
2.305338e-01
1.311004e-01
7.136130e-02
3.554764e-02
2.022619e-02
9.452721e-03
1.582694e-01
6.107227e-02
1.103514e-04
2.450674e-02
2.528055e-02
1.980681e-01
5.034870e-02
9.153750e-02
1.265904e-02
3.658339e-01
4.727120e-02
4.673428e-02
2.880798e-02
1.415935e-03
1.900212e-02
1.958298e-02
4.588620e-02
7.996388e-02
7.907363e-03
1.392377e-03
4.148001e-02
2.160369e-01
2.606811e-01
3.253945e-02
2.988477e-02
9.759602e-03
5.237247e-02
7.498950e-02
1.451717e-03
4.323941e-03
1.869186e-04
2.386938e-03
7.210532e-02
3.967895e-02
1.464435e-01
9.744002e-03
4.775870e-02
1.632730e-01
2.685509e-04
2.248787e-05
7.770285e-03
3.078629e-01
2.675942e-02
4.061926e-02
8.781604e-02
1.560677e-05
4.693529e-02
1.657607e-01
9.641446e-03
6.201542e-02
1.609878e-02
2.321313e-03
2.970202e-02
2.180640e-01
2.178222e-04
1.135602e-03
1.769914e-04
2.531853e-06
1.400750e-02
8.164260e-02
2.860694e-02
3.261810e-02
2.763968e-02
3.153151e-02
1.281219e-02
3.939780e-02
6.670128e-03
3.716971e-02
1.707432e-03
6.398447e-03
3.948095e-02
5.937113e-02
4.109103e-06
1.749685e-03
1.884250e-02
5.193867e-02
9.302016e-04
3.465134e-02
5.817591e-02
1.190563e-02
7.882354e-02
7.040153e-03
1.600891e-01
1.246587e-01
9.509201e-04
2.578650e-02
1.970960e-02
1.184398e-01
5.487797e-02
9.398585e-02
1.559341e-02
5.462159e-02
1.699908e-01
3.926463e-02
1.671732e-01
7.192246e-03
3.261008e-02
2.359784e-02
2.772398e-02
4.413503e-04
8.987658e-04
4.850452e-04
1.111673e-01
3.461599e-03
1.659936e-01
5.826943e-03
2.473442e-02
1.247291e-01
2.042963e-01
3.490947e-04
1.222534e-04
1.544034e-04
1.261113e-01
8.916933e-04
7.795776e-02
1.273369e-02
3.535765e-01
1.609599e-03
1.895104e-02
9.582543e-06
1.669398e-02
6.252567e-02
5.338594e-02
1.181238e-02
1.586419e-01
1.696089e-02
1.152327e-03
8.151508e-02
2.626195e-01
1.407791e-01
4.839327e-02
3.314951e-02
8.980139e-02
6.951332e-05
4.489656e-03
7.336791e-04
2.060964e-01
3.915961e-01
4.554856e-03
3.199588e-02
1.164830e-03
8.791058e-03
1.228780e-02
1.039081e-03
5.819601e-02
1.247716e-05
7.301859e-04
5.480044e-02
1.526499e-02
6.314966e-06
1.284695e-02
1.205478e-01
1.597688e-01
9.853233e-04
2.113741e-02
2.075658e-02
8.827900e-03
1.074111e-01
1.120288e-02
1.120370e-05
2.897691e-03
1.732799e-01
3.088561e-02
7.968177e-02
6.252965e-03
6.384581e-03
2.167452e-04
5.512894e-04
2.280840e-03
5.961941e-02
1.968505e-03
1.420092e-02
3.041543e-01
4.896830e-04
9.918934e-02
1.268975e-01
1.438212e-01
2.135260e-02
6.746918e-03
1.747079e-04
3.270541e-02
1.549266e-01
2.965044e-02
1.213775e-02
8.730840e-03
3.547918e-03
2.234250e-03
1.381731e-02
4.837507e-03
2.992345e-02
1.962726e-01
3.024695e-03
4.561801e-02
6.927176e-02
7.492265e-03
9.876492e-06
2.203441e-04
1.772291e-02
9.009938e-03
1.647738e-02
1.305511e-06
1.840946e-02
1.862536e-03
3.118612e-02
1.578776e-02
7.134783e-02
4.406442e-04
4.638194e-03
5.472474e-02
4.226716e-02
4.858628e-02
7.580173e-02
2.961383e-03
1.995626e-03
1.001151e-01
3.726411e-02
4.820500e-02
3.557228e-05
9.831812e-05
1.076169e-03
2.083244e-02
1.014324e-01
1.877264e-01
6.093696e-03
4.127013e-02
6.528440e-03
6.877944e-03
1.522836e-02
3.408120e-02
2.394701e-05
1.052776e-01
8.050861e-03
5.304794e-02
1.551685e-02
3.114503e-02
6.680083e-03
6.476996e-02
2.324438e-01
2.212189e-02
1.255440e-02
1.614084e-02
4.286267e-04
1.121061e-02
3.167685e-02
2.081380e-02
9.947760e-02
2.066339e-03
3.910423e-02
2.311289e-02
1.813248e-01
5.423500e-02
1.467117e-02
2.068857e-03
2.233878e-03
1.995499e-01
8.931469e-04
1.344007e-02
6.477550e-02
4.561320e-02
1.038694e-01
9.794493e-03
2.216718e-03
6.518697e-02
2.963307e-03
1.257578e-01
1.177278e-03
9.913662e-03
3.813528e-02
5.828453e-02
2.883949e-02
7.842391e-04
4.577629e-02
8.792547e-03
6.139852e-03
3.053703e-04
2.828127e-02
3.726043e-02
3.633185e-02
3.372488e-02
1.562419e-04
4.604486e-02
2.401307e-02
1.046833e-03
8.989755e-02
1.147255e-02
1.422474e-09
2.186671e-02
1.296728e-01
5.635306e-03
4.361149e-03
6.012032e-02
1.258562e-02
4.780977e-03
9.974772e-04
3.520526e-02
1.171867e-01
2.162952e-03
3.090339e-02
5.449990e-02
5.034151e-02
1.910076e-02
6.054576e-02
3.502276e-03
6.149791e-05
1.109193e-01
6.905053e-03
1.566465e-02
1.299553e-02
1.326716e-01
1.048440e-03
2.997002e-01
2.113391e-02
2.644909e-04
6.211812e-02
2.052543e-03
1.004596e-02
1.228296e-02
2.170084e-02
1.566705e-02
9.295687e-03
3.262894e-03
1.119306e+00
1.077633e-02
1.311487e-02
7.812012e-03
4.369311e-02
8.110461e-02
1.033675e-02
2.635299e-02
1.114210e-02
2.090884e-05
1.703297e-02
4.854727e-02
1.379649e-03
1.583345e-02
8.094645e-03
5.624802e-03
3.367482e-03
1.177546e-02
2.073787e-01
1.267544e-02
4.948077e-03
1.505992e-01
7.147224e-02
2.474222e-01
5.979605e-03
1.171917e-02
1.517441e-03
6.687719e-04
1.358041e-03
1.159146e-02
2.299205e-03
1.645656e-01
2.327674e-02
1.158978e-02
1.857512e-01
8.445867e-03
3.196566e-02
1.412366e-01
5.313258e-03
1.472042e-01
3.884113e-03
3.624945e-08
2.436509e-02
8.571685e-02
1.333719e-01
2.211676e-04
1.182272e-05
1.630825e-02
3.729252e-02
3.443772e-01
1.641364e-02
6.508256e-03
4.525318e-02
9.241015e-03
