1.783341e-01
1.306717e-02
1.305916e-02
2.019049e-02
1.329882e-01
2.355137e-02
5.867646e-02
3.194768e-02
8.801185e-02
6.291280e-02
1.040267e-03
2.382859e-03
1.204011e-01
2.603803e-03
9.283440e-03
1.685839e-01
8.236030e-03
1.521046e-02
2.421201e-02
4.234824e-02
6.226732e-02
2.442807e-01
1.652582e-04
3.058197e-02
8.016127e-02
1.089191e-01
2.638495e-03
1.046737e-03
1.534294e-01
2.325436e-02
7.949461e-06
1.595473e-03
4.345411e-02
1.240567e-02
1.857492e-02
1.785958e-05
6.688127e-02
6.529033e-02
3.705249e-02
1.218500e-01
8.596866e-03
2.017917e-01
7.846772e-02
5.347157e-03
2.842578e-02
3.308567e-04
1.040182e-02
2.729881e-02
9.596257e-04
1.014990e-01
2.904303e-02
1.773810e-02
7.711588e-02
1.931427e-03
1.375789e-02
5.683662e-03
6.114465e-03
3.824955e-02
1.675050e-01
1.638072e-02
1.196131e-01
2.722921e-02
1.378675e-01
1.172385e-01
6.515867e-04
4.024893e-02
1.596277e-03
5.582446e-02
7.098745e-04
1.255784e-01
1.894163e-02
7.622035e-03
8.552663e-02
7.947891e-04
1.914493e-02
5.503314e-03
1.529898e-01
2.689845e-02
9.539616e-02
4.732844e-03
2.668091e-02
1.759121e-01
1.566726e-02
1.503046e-03
2.282530e-01
3.760993e-03
3.071231e-02
6.927588e-02
4.032954e-02
1.092572e-03
6.913604e-02
1.140298e-01
1.560968e-02
2.928651e-02
3.073275e-03
7.917835e-02
2.326741e-03
8.086735e-03
1.513125e-01
1.023050e-01
4.207883e-02
1.805107e-02
4.321550e-04
4.434253e-03
4.089654e-04
4.760129e-02
8.359412e-03
2.561124e-03
6.874170e-02
1.735451e-01
3.022820e-03
1.129975e-03
5.384489e-02
4.157336e-03
2.783566e-04
4.728951e-02
3.371039e-02
3.604538e-03
1.274347e-01
5.690476e-04
4.593672e-02
3.662995e-02
1.322157e-02
4.194242e-02
5.533609e-02
7.749402e-04
5.548965e-02
2.129221e-02
7.810003e-03
9.668982e-02
1.309905e-03
3.598093e-05
2.285381e-02
5.061046e-03
2.839455e-02
2.066560e-01
2.452765e-02
2.597350e-02
1.262360e-03
8.326633e-02
3.697409e-02
2.440666e-03
1.847190e-03
2.478910e-03
1.672086e-03
1.080511e-03
5.454272e-02
2.460718e-03
2.352316e-01
4.360489e-02
3.972892e-03
6.074319e-02
3.024954e-04
5.533579e-02
4.613697e-02
1.438958e-02
2.357615e-02
1.101667e-01
2.462420e-01
1.242633e+00
1.174692e-02
4.544124e-02
6.053788e-02
1.650322e-01
9.786993e-03
1.872297e-01
5.970477e-02
5.291260e-03
4.394810e-03
1.162571e-02
4.645297e-02
1.027386e-02
3.922119e-01
1.126184e-02
3.712852e-02
2.316404e-01
1.736771e-01
1.065233e-02
1.382087e-04
3.197032e-02
1.329974e-04
1.183641e-02
1.452851e-04
7.505001e-03
2.569563e-01
7.992020e-02
1.345553e-02
1.957720e-04
1.181514e-01
8.272042e-03
5.637973e-03
1.215079e-02
2.246276e-02
1.420114e-01
2.082082e-01
7.807477e-04
3.786446e-02
1.076661e-01
4.362278e-02
6.754631e-03
1.165668e-01
8.841247e-03
8.223919e-02
4.191768e-06
1.326460e-02
8.368926e-02
6.026622e-02
3.283503e-04
2.321753e-02
5.486998e-02
8.871967e-02
3.426804e-04
4.625049e-02
7.479825e-02
7.703953e-06
6.304376e-02
1.080387e-02
3.920322e-02
2.678957e-02
7.923131e-03
2.054642e-01
7.755638e-03
1.721916e-02
8.372665e-02
4.887066e-02
2.443248e-03
1.637293e-02
9.470238e-02
3.094806e-02
7.709554e-02
9.881019e-07
6.202987e-03
2.402427e-03
4.055028e-02
9.995702e-02
8.008009e-02
2.220878e-01
3.598352e-02
6.377815e-02
1.223202e-03
2.083501e-03
7.430763e-03
4.029320e-02
3.371427e-02
2.103106e-02
3.417743e-03
2.275140e-01
2.818661e-03
1.120818e-01
3.864825e-02
3.776053e-03
3.369753e-02
1.003253e-01
1.137763e-01
4.373576e-04
1.381092e-02
3.037163e-01
2.063495e-03
1.315575e-02
1.787873e-02
8.213264e-02
8.135635e-03
3.887079e-01
3.802407e-02
9.817002e-02
8.975254e-04
2.219379e-03
9.037878e-03
4.511819e-03
2.134614e-04
1.894732e-01
8.389341e-03
1.594106e-02
8.994887e-03
3.173423e-03
6.298893e-03
4.107935e-02
1.020117e-02
1.774837e-01
2.163145e-04
1.072618e-01
2.553893e-01
4.662708e-02
3.348594e-02
1.121332e-02
8.500617e-03
8.032134e-03
1.179120e-02
2.341334e-01
1.703394e-02
1.694540e-02
8.056075e-02
3.925201e-03
7.438234e-03
4.449344e-03
5.075233e-02
1.622144e-01
9.039261e-03
4.966746e-02
2.757443e-02
9.364402e-06
1.478930e-02
2.688016e-05
2.171717e-01
6.516634e-02
3.941796e-02
4.403484e-03
6.743961e-02
2.451297e-02
5.257163e-03
3.795423e-04
1.315291e-04
1.781515e-02
2.156390e-02
8.651988e-02
1.870335e-01
2.948559e-02
2.619975e-02
5.435696e-03
2.906022e-02
1.267999e-01
1.948420e-02
9.509113e-04
8.087645e-03
2.050520e-02
1.984080e-02
2.642844e-03
6.111785e-04
2.575405e-04
5.087308e-06
3.551904e-02
5.363237e-03
1.836129e-02
2.651372e-03
1.086100e-01
3.278094e-02
1.355982e-01
6.801804e-02
9.483048e-03
1.890539e-02
1.367536e-02
1.604205e-01
5.013737e-03
6.011171e-03
2.250997e-03
6.883793e-02
4.874124e-04
5.166505e-02
4.139380e-06
2.531042e-01
6.635352e-02
5.493325e-03
2.146903e-03
8.444387e-03
3.125716e-03
3.497165e-03
4.420762e-04
4.084233e-04
1.650069e-04
2.277002e-02
5.859271e-03
1.697622e-01
3.064545e-02
2.078163e-01
1.692236e-01
2.503007e-02
2.089279e-02
4.021409e-04
7.752862e-02
8.694986e-02
1.248019e-02
1.415726e-02
8.926330e-02
1.319978e-01
1.637114e-03
8.524713e-02
2.267051e-01
4.581932e-03
1.482443e-01
5.608540e-02
4.820322e-02
7.248168e-02
2.325962e-02
4.493581e-02
7.602687e-02
4.726307e-02
2.393003e-01
8.363528e-02
2.373818e-04
4.726962e-03
2.921809e-03
1.482459e-03
4.928873e-02
5.161341e-02
3.217693e-02
7.691739e-03
7.768566e-02
5.141883e-02
9.967694e-03
2.859993e-02
1.761576e-02
1.891890e-02
2.393074e-01
1.656473e-01
5.190848e-02
2.092724e-02
9.959408e-05
1.584034e-01
5.098839e-04
1.464566e-01
1.093153e-02
1.220596e-01
7.591625e-02
1.168599e-01
2.566537e-01
6.074986e-02
4.999326e-03
3.195744e-02
7.715027e-02
2.135823e-08
6.084820e-02
1.610001e-01
9.431710e-02
3.580164e-03
7.710232e-02
1.789886e-02
1.727290e-01
2.741742e-01
1.988031e-02
4.341688e-02
4.506195e-02
9.777399e-03
1.013247e-01
4.275912e-03
8.449324e-02
1.305208e-02
6.476416e-02
7.646440e-02
6.505473e-02
8.270455e-03
3.404104e-01
9.806910e-03
6.935821e-02
5.012749e-02
1.643917e-01
1.494443e-02
1.759044e-01
5.564774e-03
5.108588e-05
1.291472e-05
2.408484e-02
2.061804e-04
3.096928e-04
2.926525e-02
3.790203e-03
4.323250e-02
2.825717e-01
4.481581e-03
9.733027e-04
1.222367e-02
5.025589e-03
1.277150e-01
4.700636e-02
1.360038e-01
5.462457e-03
1.162643e-01
5.528319e-02
2.689305e-03
3.983424e-01
6.429547e-05
2.282281e-01
2.837763e-01
2.127038e-01
1.809408e-01
3.973007e-02
1.249618e-02
2.420283e-02
3.327043e-02
2.608613e-02
4.654843e-03
2.369484e-01
7.370915e-02
3.267624e-04
9.886834e-03
8.217189e-02
2.281704e-01
1.824945e-02
3.209346e-02
6.797473e-03
7.167710e-03
7.803788e-03
7.275660e-02
4.489643e-04
2.993481e-02
3.553213e-02
1.846249e-02
4.881445e-03
1.110947e-01
2.727284e-02
1.050395e-01
1.539354e-03
4.034619e-02
8.871478e-02
1.104932e-01
3.440072e-03
9.767565e-03
6.956130e-02
3.059072e-01
2.579918e-04
2.696039e-02
5.806773e-03
2.156770e-03
2.522821e-01
4.843410e-02
5.933345e-02
5.668595e-02
4.755296e-02
3.460209e-03
1.185456e-01
2.854114e-02
1.372008e-04
7.878996e-05
4.834904e-02
1.765801e-02
3.495904e-02
1.349699e-04
2.178442e-01
1.346445e-01
6.566824e-02
4.422678e-03
6.210550e-03
5.189351e-01
4.668735e-02
8.304272e-02
4.627994e-01
3.459495e-03
3.676184e-03
1.861627e-02
2.164502e-02
2.081928e-02
1.565048e-01
2.211883e-02
2.765833e-03
9.832724e-06
3.047614e-02
2.288859e-03
5.254900e-02
8.225826e-04
4.324869e-02
1.466432e-02
5.851814e-02
2.267678e-03
6.070424e-02
3.140996e-01
5.074090e-02
5.366478e-03
5.751200e-03
1.094885e-01
3.761737e-03
8.589683e-04
1.423877e-02
3.505008e-03
1.492512e-05
1.244368e-02
1.573324e-03
2.137600e-04
4.726728e-03
8.833804e-02
5.214767e-02
4.956788e-02
3.653614e-09
1.082615e-02
5.885896e-02
9.888281e-06
1.548631e-02
8.922511e-05
2.005258e-03
3.002319e-02
4.597012e-03
4.810519e-03
3.553427e-02
6.687975e-03
7.024026e-03
3.820269e-02
6.516791e-02
1.274471e-02
5.275724e-02
9.570702e-02
6.638176e-03
2.462219e-02
5.279239e-02
7.575287e-02
6.831389e-02
1.796321e-02
