8.944937e-03
1.499055e-02
1.137405e-03
2.442436e-03
5.679263e-03
1.863563e-02
3.188307e-02
1.447990e-02
4.419535e-02
1.715415e-02
1.790716e-02
1.437461e-02
7.573299e-04
2.574407e-01
2.051352e-03
1.449863e-02
3.129897e-02
1.962638e-02
6.267225e-03
5.719673e-02
1.503413e-01
9.378113e-02
5.063624e-03
4.990442e-03
2.479154e-02
1.047987e-02
2.114734e-03
3.789731e-01
5.431491e-02
2.645444e-02
4.096349e-02
1.455018e-02
2.923095e-02
6.203711e-02
1.272926e-02
2.025034e-02
3.233130e-02
5.932367e-03
6.658392e-02
3.304434e-03
1.527239e-02
2.370280e-02
1.150689e-01
2.550882e-03
1.382155e-01
1.199199e-01
2.655443e-03
2.459118e-02
4.546676e-02
1.349890e-02
1.098822e-01
2.011318e-03
1.702568e-01
9.389062e-03
5.157976e-03
5.042710e-02
3.246386e-03
4.242775e-03
1.596543e-01
6.930425e-02
1.952456e-01
6.479566e-02
3.813695e-04
4.419074e-01
2.510511e-02
4.505822e-02
4.911775e-03
2.644540e-02
1.449084e-02
3.253269e-02
1.012488e-01
4.673910e-02
3.455445e-02
4.855004e-02
6.059027e-03
8.930738e-02
3.730807e-02
2.247584e-02
9.912586e-02
4.676888e-03
1.558117e-02
5.112747e-03
1.006770e-01
1.162765e-01
9.018137e-03
5.443142e-03
1.219948e-01
6.211909e-02
1.093537e-02
1.751273e-02
5.583822e-02
3.823976e-02
2.401747e-04
2.849934e-04
2.202917e-02
9.241111e-03
5.439699e-02
3.861222e-02
1.073220e-01
6.930956e-02
4.444437e-02
3.119293e-03
2.764780e-02
5.317568e-02
3.427803e-02
1.256547e-01
1.862042e-02
8.186111e-02
9.692029e-02
4.794073e-03
4.836871e-03
1.147119e-02
5.563913e-03
1.588100e-02
7.457430e-02
7.709096e-02
2.257737e-02
2.222525e-01
2.629138e-02
4.367907e-02
4.430321e-02
2.459075e-03
6.418886e-05
1.340553e-01
1.112588e-02
3.336481e-02
1.881235e-02
4.672264e-02
1.005695e-01
3.940975e-03
1.164267e-01
1.350046e-02
2.083424e-02
4.569034e-02
2.767508e-02
1.425426e-02
4.273362e-02
1.389399e-03
2.456863e-01
1.197504e-02
3.206025e-02
6.690750e-02
8.384980e-04
9.085347e-02
5.905252e-02
4.814305e-03
3.213940e-02
1.310335e-01
5.161635e-02
5.228332e-02
7.092134e-03
2.389956e-04
1.247008e-02
3.429625e-04
7.018225e-02
7.200144e-03
1.127626e-01
9.784002e-02
2.847583e-02
1.394578e-01
4.732948e-02
1.017311e-02
1.488834e-02
2.425535e-03
4.094160e-02
1.820288e-02
2.098316e-01
5.959673e-03
2.215862e-04
2.764853e-03
2.469568e-04
1.123673e-03
7.157396e-02
1.428952e-01
1.070516e-02
1.137349e-02
5.835202e-03
1.430545e-01
2.093265e-02
2.035568e-02
3.033778e-02
2.792550e-02
9.527972e-02
8.807160e-03
8.955443e-05
3.202641e-02
1.788993e-01
3.662792e-01
2.875897e-01
2.253279e-02
5.987026e-02
2.435360e-02
2.612587e-02
4.109826e-03
6.572152e-02
1.872123e-02
9.141034e-02
6.933662e-02
3.294314e-02
2.265360e-04
1.838108e-02
2.557076e-02
1.265271e-03
2.474682e-02
2.910121e-03
1.222063e-05
4.689020e-02
1.686959e-02
6.266946e-02
1.079816e-01
8.038520e-03
8.452456e-02
5.026995e-02
5.035069e-03
1.028946e-01
2.643328e-02
5.788028e-02
6.985442e-03
1.594124e-01
5.781524e-02
7.372283e-02
1.214018e-02
1.244643e-06
8.587654e-02
1.806717e-02
1.278752e-02
2.054538e-04
3.535968e-03
5.369506e-03
3.204456e-03
2.946096e-03
1.085933e-01
6.156237e-02
1.090563e-04
7.730529e-02
1.989514e-02
2.785617e-03
2.911437e-01
5.719516e-02
4.462904e-03
1.125360e-02
7.735511e-02
2.561304e-01
7.404443e-05
4.472114e-02
3.188326e-02
2.156572e-01
1.221032e-04
2.040177e-03
2.206132e-04
7.769062e-03
3.114704e-02
2.767909e-04
1.165462e-02
1.051693e-02
6.633456e-02
4.842794e-02
9.825041e-05
1.751667e-02
2.314573e-02
4.318678e-01
2.538904e-02
1.014912e-02
3.965697e-02
1.252888e-03
7.156410e-02
5.115808e-03
8.025303e-02
6.433929e-03
2.108379e-02
2.495619e-02
8.868304e-02
3.271240e-01
6.966458e-03
2.781233e-02
7.238185e-04
5.318006e-02
1.984302e-03
2.816623e-02
3.450159e-02
5.024967e-03
5.109099e-03
9.144682e-02
3.063466e-02
1.077118e-02
2.489086e-05
1.006750e-02
4.290225e-02
4.442937e-08
7.233256e-05
1.142605e-02
1.888705e-02
3.094507e-01
1.490045e-07
1.387301e-03
2.257238e-03
4.391672e-02
7.284620e-02
1.148972e-01
2.248664e-03
5.005005e-02
4.876952e-02
1.695603e-03
4.629860e-02
8.133039e-03
5.829426e-02
8.735697e-02
2.550671e-02
3.067042e-03
3.283619e-02
9.942717e-04
7.455338e-04
8.438229e-02
4.587995e-02
1.207149e-01
2.537992e-02
8.474720e-04
6.346126e-02
7.187918e-02
1.042450e-01
2.072687e-01
7.431338e-02
3.122575e-02
6.918608e-03
1.251462e-01
1.630744e-05
1.668238e-01
2.176204e-01
1.705364e-02
3.358399e-02
1.011832e-01
3.689062e-02
2.263641e-01
2.300046e-03
4.701565e-02
8.825520e-02
6.244562e-02
1.103159e-02
6.633576e-02
1.353806e-02
4.719870e-03
1.632290e-02
1.725122e-01
2.178890e-03
2.500979e-02
1.826646e-02
4.494415e-02
2.347753e-01
3.442056e-03
9.848933e-04
7.930814e-03
2.569602e-02
2.605949e-02
8.946003e-02
1.467068e-01
2.336960e-02
1.746364e-03
1.588245e-03
8.088182e-02
1.234407e-02
3.565563e-04
5.646309e-02
8.835126e-02
6.163308e-04
3.586895e-05
3.956085e-03
4.845225e-05
1.557934e-02
3.480404e-03
1.588203e-01
1.811785e-01
1.871313e-01
8.216231e-04
4.925206e-02
4.197607e-02
1.285663e-03
1.293284e-02
1.488339e-02
1.872704e-02
3.848898e-03
2.223857e-01
3.054832e-04
4.011371e-03
6.402799e-02
9.134647e-03
1.367702e-01
3.148101e-03
1.630285e-01
1.305991e-03
1.054336e-01
3.635365e-05
2.896918e-02
1.487464e-03
1.742854e-01
1.102477e-02
3.362099e-01
1.063391e-02
7.618712e-04
1.443763e-01
4.818906e-05
4.356648e-02
2.225552e-02
9.970428e-02
8.340999e-03
5.111067e-02
1.395476e-03
1.753917e-02
2.499939e-01
8.889942e-02
1.938197e-03
1.740280e-01
5.585392e-03
7.157919e-05
5.828902e-02
1.512219e-03
5.652201e-02
1.695628e-02
8.413003e-02
8.113527e-03
3.907529e-02
4.064644e-03
3.801727e-02
6.037825e-02
9.765143e-03
2.522332e-02
4.010646e-03
8.109587e-04
7.644498e-02
1.359600e-03
4.277731e-02
8.750259e-03
9.165924e-02
3.968436e-02
4.489569e-03
1.677174e-02
2.838242e-02
3.365808e-04
3.970325e-02
3.932144e-02
2.476963e-02
8.193798e-04
2.716179e-02
1.186411e-01
2.461530e-02
5.167380e-02
8.283397e-04
1.556148e-05
1.119008e-05
2.444241e-02
1.948005e-03
1.622615e-03
3.189914e-02
1.326819e-01
1.816195e-03
4.580525e-02
1.003991e-03
9.029725e-02
3.250906e-04
7.842450e-02
1.075567e-01
1.624490e-02
1.705904e-02
2.232131e-01
1.948385e-01
1.015409e-01
2.102577e-02
3.849152e-02
1.104584e-01
8.316841e-02
5.101626e-04
4.606240e-02
1.956317e-01
3.868230e-02
2.562740e-02
1.752399e-02
2.226319e-04
3.647326e-03
2.817800e-02
3.073582e-02
1.314068e-03
2.868695e-03
2.367571e-02
1.052586e-01
1.130087e-02
1.986571e-03
1.007799e-02
2.202904e-02
7.112476e-02
7.999775e-02
6.304136e-02
9.953396e-02
5.781322e-02
4.177205e-02
6.532341e-04
2.590390e-02
9.283802e-03
1.128889e-01
1.228000e-02
6.993275e-02
2.330786e-02
1.823671e-01
3.974015e-03
1.573637e-02
1.607137e-04
4.391810e-02
2.138127e-01
1.820344e-01
3.554755e-01
1.312326e-03
6.952678e-02
2.457755e-02
1.516497e-02
5.694837e-02
1.833217e-02
4.783861e-02
1.907738e-02
2.298075e-02
2.404164e-02
2.995569e-02
8.881229e-02
4.240505e-02
1.205068e-02
3.573107e-02
1.093223e-02
5.486733e-06
1.543115e-01
6.941416e-03
6.613985e-02
2.965469e-03
1.296110e-02
8.420380e-05
1.956063e-02
1.947213e-02
5.863840e-03
1.004152e-01
1.142766e-01
2.331897e-03
5.582145e-02
4.945903e-02
7.563602e-02
1.897729e-01
1.404458e-02
4.899228e-03
1.088264e-02
1.567456e-03
6.407873e-04
9.660819e-03
1.365150e-01
2.444650e-02
1.794262e-01
7.849661e-03
8.525619e-03
2.846806e-02
2.876405e-02
5.969661e-04
4.021848e-03
3.703833e-04
4.237735e-03
1.455921e-01
1.513985e-01
1.408267e-02
1.806428e-01
1.093434e-02
1.850595e-04
2.304815e-02
3.302303e-02
5.787856e-04
1.754496e-03
1.578290e-02
5.731065e-02
1.095307e-01
8.286347e-04
3.084287e-03
1.757093e-01
5.399497e-06
5.719258e-02
5.509232e-02
7.461042e-03
2.819100e-01
6.540610e-03
3.788334e-02
5.858950e-02
9.371845e-02
9.160709e-02
4.026045e-02
2.405138e-03
1.806070e-02
7.786817e-04
6.734294e-02
1.046584e-02
1.254004e-01
5.844821e-02
4.672331e-02
5.272313e-02
