8.812741e-04
1.855242e-01
4.121473e-02
7.025981e-02
1.494428e-03
3.292364e-04
2.507005e-02
4.871113e-02
4.164668e-03
5.630608e-02
1.266703e-01
6.787899e-02
7.657580e-02
3.074505e-02
1.097370e-03
2.283958e-02
3.005391e-01
5.947670e-03
3.242950e-02
1.287992e-02
3.985551e-02
1.526489e-04
5.040142e-05
3.967661e-02
2.817482e-04
2.952703e-02
1.229850e-02
8.809575e-02
2.833631e-02
3.658135e-02
3.299560e-02
1.371969e-02
3.322068e-02
4.925042e-03
1.535805e-02
3.697366e-02
7.696470e-02
2.861064e-02
2.621724e-02
1.585726e-02
2.560712e-04
3.577740e-02
7.832595e-03
2.585175e-04
8.364392e-02
1.276639e-01
2.792104e-02
1.192992e-04
7.432081e-02
8.100675e-02
7.567637e-05
5.386839e-03
3.013479e-04
2.939245e-02
2.843049e-03
9.844556e-02
2.225219e-03
4.470461e-02
1.247455e-01
1.566962e-03
5.070610e-03
3.698249e-02
1.542526e-02
1.385956e-02
1.132504e-01
1.017486e-02
1.872482e-03
3.042630e-01
2.907401e-03
4.572580e-02
1.085068e-02
7.622791e-04
4.829303e-04
1.743274e-02
4.959140e-03
2.488197e-04
2.277421e-04
2.117995e-05
3.517559e-02
1.381613e-02
2.473697e-06
3.002780e-02
1.093863e-01
2.424738e-02
2.084682e-01
2.154219e-02
3.666779e-02
2.164561e-02
1.779453e-01
8.477807e-03
2.134722e-02
3.248432e-04
4.804846e-05
3.354303e-02
2.515777e-03
1.754057e-02
2.542068e-02
4.163348e-02
7.301654e-02
1.925413e-01
3.307547e-03
1.541052e-02
2.789987e-03
1.809383e-02
1.455797e-04
2.617967e-03
2.404593e-01
1.101936e-02
3.265885e-05
6.274920e-02
5.069826e-05
3.984848e-02
3.156080e-02
3.829685e-02
2.980478e-03
2.549349e-02
8.586007e-02
1.390570e-02
1.633958e-02
1.068638e-02
1.487383e-02
2.640723e-02
1.159514e-01
1.037571e-01
2.114103e-02
1.968499e-04
8.267283e-03
3.119226e-02
2.117585e-01
1.586874e-01
1.122357e-01
2.636606e-02
1.849549e-01
3.185581e-02
6.717413e-02
1.935028e-01
3.506893e-02
1.490198e-01
8.770265e-02
5.858642e-02
1.465045e-02
7.721035e-03
2.652936e-04
4.087381e-02
6.083076e-02
5.654889e-04
1.508942e-02
3.401305e-02
6.637999e-03
1.375143e-02
2.435330e-03
4.827254e-02
4.432457e-02
1.003109e-02
1.109012e-01
1.001993e-02
8.069317e-04
3.366211e-04
6.424929e-02
3.731688e-01
3.694975e-02
1.044038e-02
5.224231e-02
8.398688e-02
1.788580e-03
9.609508e-01
9.786063e-02
2.666231e-02
7.788521e-02
1.226072e-01
2.188528e-02
1.581668e-01
1.007633e-02
1.672971e-02
3.616035e-02
5.024639e-02
5.397157e-02
8.323650e-03
1.872863e-01
1.572524e-02
1.953514e-01
1.748452e-01
2.495694e-03
3.956358e-03
1.822215e-02
1.911938e-03
1.071986e-02
1.832082e-02
1.705055e-01
6.281418e-04
2.496261e-02
4.999822e-02
1.314074e-02
5.241635e-04
1.781017e-02
1.164048e-01
2.734251e-02
4.548978e-02
2.108067e-01
4.338340e-03
1.362656e-03
2.795974e-01
7.709591e-02
4.365928e-01
7.505783e-02
8.682163e-02
2.995423e-02
8.243678e-02
7.038562e-03
1.558614e-02
1.606542e-02
3.618406e-02
5.146656e-03
3.950179e-05
6.112880e-02
1.507590e-05
1.252800e-02
8.899786e-03
3.056549e-03
4.154002e-02
2.203940e-02
7.083671e-02
3.154986e-02
9.077542e-02
9.215451e-03
1.462773e-02
7.068812e-02
2.030570e-02
2.838962e-03
1.090976e-01
5.859866e-02
2.623989e-04
1.652942e-01
4.550673e-03
6.168633e-03
2.853177e-02
1.436855e-02
2.235897e-01
5.846308e-02
3.730662e-02
1.116256e-02
7.904921e-02
5.682120e-01
8.460531e-03
8.351435e-03
9.697166e-04
1.003785e-06
2.800941e-01
4.813353e-02
2.652231e-02
9.849743e-02
7.692950e-02
1.222999e-03
1.173972e-03
5.044184e-02
2.987121e-03
8.032456e-02
1.472349e-03
2.608907e-02
1.127615e-01
4.305605e-02
4.198619e-06
2.244081e-01
9.794412e-05
3.105814e-02
8.044296e-02
1.205518e-02
5.941018e-03
2.609947e-02
7.358903e-03
2.716045e-02
1.232711e-01
4.178792e-02
2.151834e-01
9.999748e-04
1.914132e-03
3.029477e-03
2.176033e-02
1.620079e-04
4.537490e-02
5.054830e-02
2.220473e-02
4.059805e-02
9.516776e-03
8.811200e-04
2.214671e-01
2.308141e-03
3.145799e-02
4.636490e-02
5.318885e-02
1.944364e-02
1.103034e-02
7.379219e-03
2.031819e-01
8.283886e-02
5.873852e-03
3.661047e-04
3.361718e-02
4.478154e-02
8.901031e-02
2.516814e-02
2.128071e-01
4.365001e-02
1.924996e-04
9.829976e-02
1.173638e-02
8.707028e-02
1.109333e-01
4.721029e-02
1.146238e-03
3.522905e-03
7.468771e-02
6.067459e-03
6.863209e-03
6.653869e-02
1.854079e-02
1.147440e-02
4.453726e-03
8.280172e-03
9.389441e-03
2.730275e-04
6.326851e-02
4.989030e-02
5.185020e-04
1.454498e-03
2.278872e-01
1.422859e-03
1.002399e-01
5.724922e-02
1.513763e-01
1.238077e-02
3.395165e-02
9.630852e-04
8.346521e-02
7.507567e-02
2.187635e-02
4.018251e-04
1.511151e-02
2.757575e-02
6.086590e-03
1.296558e-01
5.334686e-02
5.822442e-02
7.216903e-03
4.528832e-04
3.962986e-02
1.542107e-02
7.958079e-03
3.151179e-02
5.002170e-01
5.109792e-02
2.343225e-01
2.069321e-02
1.342131e-01
2.301131e-01
8.622607e-05
1.882458e-03
4.447300e-02
5.259783e-04
2.329002e-02
2.758109e-02
6.033755e-02
2.333960e-01
4.778962e-02
7.307814e-03
2.511647e-03
1.418508e-04
1.275490e-01
2.389537e-03
4.155831e-04
8.917871e-02
2.363321e-05
1.718926e-01
3.465743e-03
8.678484e-02
3.364281e-02
7.877334e-03
4.975238e-03
1.001643e-01
6.828298e-02
2.167366e-01
3.080809e-02
1.330590e-02
5.111512e-02
1.518727e-01
1.774798e-02
8.559418e-03
6.128045e-03
3.453197e-02
1.493508e-03
5.787854e-02
1.003794e-01
1.899905e-02
9.431846e-03
5.962034e-02
1.080421e-01
9.857034e-03
2.717745e-02
4.918565e-02
4.192870e-04
2.822951e-04
6.628940e-02
4.416867e-02
1.103032e-01
1.122132e-02
1.406298e-02
3.139856e-02
1.992118e-01
1.566188e-01
5.568082e-03
4.760646e-02
1.661059e-02
8.063181e-02
2.823472e-03
7.253281e-05
1.702239e-02
9.808858e-03
3.716365e-02
6.546676e-02
3.021196e-01
5.249701e-02
8.479227e-02
2.167833e-02
1.670869e-01
5.847405e-02
4.022874e-03
9.378233e-03
5.521808e-02
5.034062e-02
1.328188e-01
1.537742e-01
1.356938e-02
4.570623e-02
4.320862e-04
2.528807e-01
9.545126e-03
1.087513e-01
6.621535e-03
7.851031e-02
5.700116e-04
1.393492e-02
6.710282e-02
7.880709e-03
4.680214e-04
8.486234e-03
1.402840e-01
9.139123e-03
3.963080e-03
5.016111e-03
1.945645e-01
1.093129e-01
1.230792e-02
7.749481e-04
3.343963e-02
3.039438e-03
6.072421e-02
1.725465e-01
1.438170e-01
3.016583e-02
9.675439e-04
1.633080e-02
2.743117e-02
1.988664e-01
8.419145e-03
1.388613e-02
1.482665e-02
4.680059e-02
4.090500e-03
2.292094e-02
6.618062e-03
7.200723e-04
2.588683e-01
2.688655e-02
3.240911e-03
8.979567e-03
2.282877e-03
1.638677e-02
2.244985e-02
9.394899e-02
6.956735e-02
4.851555e-02
8.105543e-02
6.944006e-02
2.027729e-03
3.785122e-04
5.860802e-02
1.482703e-02
1.166271e-01
2.912223e-03
1.241957e-02
5.040444e-03
7.127726e-03
2.052921e-03
8.884976e-02
8.169527e-02
2.195613e-02
1.295182e-01
2.946360e-03
1.271057e-02
2.354891e-03
4.083763e-01
3.629417e-02
6.461543e-02
1.082834e-02
1.733847e-03
3.710367e-01
1.241337e-01
9.225658e-01
2.020170e-02
6.019722e-02
6.193419e-02
7.286979e-02
7.432698e-03
1.068239e-03
3.167654e-02
2.624025e-01
2.453632e-03
7.286942e-03
2.425703e-02
8.186720e-01
1.114958e-02
8.523706e-03
4.962044e-02
1.797951e-01
5.990950e-02
7.690626e-02
9.890609e-03
2.637756e-03
5.056817e-02
1.069180e-01
3.157620e-02
1.349537e-01
8.160893e-04
2.615229e-03
2.040749e-02
1.501196e-04
5.634663e-04
6.087744e-03
5.578890e-06
3.808232e-02
4.535653e-04
1.381178e-02
2.155315e-02
5.854103e-02
6.337592e-03
1.642757e-03
1.289909e-02
2.233412e-01
1.772424e-01
9.367073e-02
1.023081e-01
4.067304e-03
3.251748e-02
1.952640e-02
8.130819e-03
3.403084e-03
2.233395e-03
2.105197e-02
1.958367e-01
5.256479e-02
6.339174e-02
5.130029e-03
8.304255e-03
5.676924e-03
6.412836e-02
9.856742e-04
5.370237e-02
5.017740e-08
1.167311e-03
1.195067e-02
3.672456e-03
4.840112e-03
3.989856e-02
6.485481e-03
5.829424e-02
2.258013e-02
2.884648e-01
4.209401e-02
7.898068e-03
1.275477e-03
3.165423e-01
1.078600e-02
6.945739e-03
1.994896e-02
1.946889e-01
8.420731e-02
1.000255e-03
5.322831e-02
2.593637e-02
1.777217e-03
1.052625e-02
2.627243e-02
2.968361e-02
3.362825e-02
