6.155221e-03
4.360558e-02
4.398637e-04
6.092321e-03
3.234504e-02
1.026601e-01
1.909474e-03
1.503865e-03
1.312496e-02
4.154573e-02
7.572907e-02
1.334839e-02
2.096453e-02
4.521461e-02
6.177841e-02
6.933107e-02
7.446969e-03
1.904728e-01
2.807436e-02
7.502517e-02
3.836449e-03
7.402589e-03
3.028671e-02
1.326578e-01
8.800230e-02
1.262014e-01
3.331829e-02
3.538714e-03
1.465035e-01
1.449982e-03
1.735978e-03
2.877559e-02
1.128720e-01
8.424197e-02
9.499818e-02
5.234751e-02
8.210987e-02
1.602829e-02
5.694278e-04
9.530670e-04
9.367635e-03
2.398902e-02
5.911110e-02
1.223652e-01
1.329850e-04
7.674774e-02
7.858333e-04
2.594687e-01
4.736331e-02
3.778288e-02
3.423378e-02
9.300944e-02
2.502758e-02
1.588271e-02
1.336055e-03
1.206860e-01
3.281066e-04
7.417619e-06
6.361076e-02
4.459180e-02
5.677741e-02
1.275448e-01
1.009373e-01
1.298082e-02
5.755215e-03
8.821658e-02
9.762926e-02
1.288685e-01
1.887902e-02
3.892937e-02
5.845446e-03
1.009542e-02
8.488959e-04
5.751133e-02
8.135264e-02
5.966512e-02
2.226536e-01
9.345752e-02
1.935603e-02
2.488732e-03
7.962089e-02
4.335466e-02
8.254229e-02
6.470323e-02
1.040840e-01
3.644889e-02
2.259957e-01
2.494321e-01
2.944834e-02
2.176104e-02
8.325656e-03
4.377264e-02
5.103522e-02
2.875881e-03
6.542540e-03
4.591822e-02
1.731382e-03
3.677976e-02
3.611470e-02
4.447841e-04
1.221667e-05
3.105665e-03
5.572223e-04
1.015648e-01
2.204938e-03
1.300697e-04
4.251210e-03
1.148963e-01
3.402569e-03
5.473380e-02
9.046302e-04
5.450097e-02
1.160816e-02
5.095729e-02
2.977637e-04
4.243823e-02
7.204879e-03
1.202541e-02
2.153451e-01
9.326064e-03
3.972761e-03
5.736168e-02
1.164387e-02
1.024451e-02
2.806441e-02
1.104068e-02
3.694241e-02
1.073727e-01
1.854772e-01
2.723291e-05
4.908161e-02
6.618040e-02
1.145078e-02
1.782512e-01
3.376364e-01
2.567462e-02
4.069741e-04
2.572455e-03
6.087965e-02
2.447456e-02
1.650840e-01
1.517567e-02
1.943052e-04
3.869243e-02
1.632825e-03
4.389898e-02
2.417980e-02
7.816602e-02
1.496000e-03
3.382239e-03
9.522983e-03
1.086495e-01
9.706287e-03
1.220564e-03
2.078286e-01
2.561493e-02
7.803249e-06
1.489298e-02
3.368343e-02
1.238705e-02
3.863677e-02
1.277819e-02
1.403194e-02
3.680635e-02
1.724241e-01
3.067255e-01
2.603218e-01
4.027484e-02
1.705951e-02
1.393704e-02
2.700294e-02
1.924907e-02
1.491150e-02
2.480755e-02
1.432410e-04
2.361808e-01
5.312432e-03
4.000848e-05
2.057970e-03
1.443137e-03
6.130429e-03
5.303848e-02
9.962851e-03
4.913804e-02
1.761405e-05
7.379306e-03
6.674494e-02
4.271723e-02
7.214721e-03
9.413888e-02
6.796635e-03
4.873615e-03
3.924293e-03
2.594076e-02
9.119527e-02
6.364477e-03
2.570967e-02
3.821858e-02
1.820953e-03
1.335146e-02
2.419934e-03
2.845140e-02
6.811396e-04
5.578247e-08
1.087999e-01
1.351631e-02
9.273954e-03
1.170434e-01
6.191212e-03
6.494553e-03
1.013312e-02
8.004537e-02
2.834249e-02
1.134802e-02
1.423519e-01
6.363325e-02
1.917064e-02
3.591864e-03
5.721686e-02
8.293144e-03
5.464862e-02
2.008636e-02
8.258061e-03
1.064514e-03
5.126985e-03
4.268463e-02
1.671200e-01
2.034700e-03
1.593912e-02
3.506558e-03
2.216662e-01
2.893801e-02
5.888581e-02
4.457552e-03
3.750926e-04
9.585608e-03
1.233258e-02
6.033274e-02
1.946054e-02
2.623586e-02
1.178581e-02
7.715162e-02
4.926898e-01
5.074292e-02
5.141468e-02
1.642130e-01
9.918435e-04
9.107571e-03
2.920500e-04
2.236448e-05
2.567402e-04
3.266395e-02
5.668873e-03
1.543289e-01
1.306275e-02
2.587149e-02
1.901330e-03
9.239008e-04
2.993229e-02
6.061063e-03
1.348091e-01
5.763137e-04
4.144161e-02
5.573690e-03
1.671705e-01
5.191710e-02
1.215097e-01
1.508629e-02
7.046924e-03
2.571850e-03
2.748748e-02
6.437276e-07
1.179747e-02
2.797554e-01
1.278163e-05
8.440394e-03
8.921860e-03
1.272493e-01
1.444514e-01
2.444006e-02
1.494519e-03
1.688404e-05
6.762708e-02
1.778291e-02
4.009018e-04
3.307355e-02
1.691256e-02
2.128960e-02
3.648517e-03
5.017654e-02
8.493095e-06
5.698459e-02
8.001240e-03
4.765945e-03
8.462655e-03
1.540891e-05
2.806563e-02
1.115459e-06
1.216362e-01
2.437218e-02
4.273387e-03
1.007568e-01
7.317826e-02
7.360953e-02
9.377256e-04
6.157118e-02
1.532720e-01
9.162671e-04
3.004466e-04
1.799245e-03
5.250638e-02
8.497214e-02
1.238735e-02
5.761223e-03
9.140407e-02
7.325496e-05
1.034948e-01
8.067885e-03
2.519516e-01
4.355351e-02
1.569222e-02
8.930758e-02
2.016230e-01
7.035877e-02
1.085155e-02
3.307209e-04
1.236358e-01
2.439609e-02
1.993164e-02
1.501701e-02
1.132107e-01
1.884681e-02
1.877586e-02
4.380213e-02
1.165185e-02
8.737786e-03
3.009915e-03
2.756948e-02
4.129983e-02
2.157151e-02
1.601214e-02
8.973057e-02
1.247808e-01
3.642553e-03
4.781288e-02
2.021314e-02
9.129363e-04
1.304475e-02
6.211887e-03
5.270709e-03
6.468543e-03
2.061063e-02
3.763766e-02
2.004145e-02
2.064346e-02
6.426380e-02
1.956798e-02
2.112119e-02
6.424586e-02
8.959617e-02
8.284853e-04
1.414215e-03
2.594123e-02
1.323167e-01
5.456590e-02
4.739112e-02
7.968833e-05
8.657695e-02
4.815486e-03
2.912132e-02
1.909566e-07
4.549563e-02
5.387409e-03
3.078352e-02
3.774373e-03
8.906746e-02
1.045224e-01
1.782964e-01
1.334213e-02
4.747293e-02
2.808987e-03
1.130318e-02
1.655343e-02
2.985818e-02
3.376257e-05
2.393039e-04
3.000188e-02
1.892420e-02
2.540949e-02
1.014499e-04
1.942874e-01
2.803986e-06
5.406863e-04
1.764068e-02
2.856634e-02
3.245426e-01
9.805122e-02
1.549200e-02
1.190535e-02
4.140045e-03
3.242964e-03
2.851145e-02
2.203225e-03
2.809159e-02
4.549479e-03
1.868752e-02
1.751943e-01
1.781055e-03
1.549974e-03
2.069192e-01
2.140394e-02
4.282507e-02
5.425057e-02
2.872915e-02
9.029250e-04
1.582813e-01
8.264917e-02
9.680148e-02
1.022590e-01
4.495205e-02
5.854705e-07
5.288699e-03
4.760965e-03
1.869347e-04
2.453022e-02
1.318334e-02
3.334951e-01
3.263869e-03
2.229483e-01
2.133844e-02
1.714677e-02
2.864684e-02
1.633506e-01
5.487923e-02
1.025405e-01
8.855966e-03
9.538154e-03
1.714552e-02
1.597368e-01
8.197361e-02
1.038643e-01
4.768043e-03
6.936337e-06
5.832417e-02
8.651287e-02
5.030224e-03
4.584077e-02
1.248228e-03
6.228492e-02
1.141133e-02
2.049220e-02
4.602157e-03
1.361330e-01
4.531727e-02
3.368510e-02
4.905166e-05
2.233711e-02
3.800877e-03
5.175857e-02
2.547772e-01
4.016292e-03
4.172657e-02
6.771122e-02
6.216541e-03
2.803448e-02
1.161118e-01
5.671437e-03
6.659085e-02
7.309909e-02
4.077129e-02
3.175508e-02
7.342399e-01
3.018513e-02
7.752013e-02
4.394240e-03
6.993790e-02
2.260508e-03
9.920361e-02
4.572301e-02
2.479341e-03
1.302945e-02
1.547305e-02
3.378619e-02
2.380561e-02
1.793265e-01
2.508028e-02
2.351296e-03
3.273332e-02
2.160935e-02
1.352244e-02
3.834996e-02
1.498619e-02
1.608791e-02
2.548645e-01
1.308299e-05
9.619240e-02
1.903077e-03
5.374118e-03
1.571109e-04
3.060345e-02
2.789259e-02
1.775632e-06
1.547517e-02
6.155923e-02
1.099096e-01
3.509773e-05
4.549686e-02
4.632300e-01
7.700637e-04
6.823257e-02
1.496234e-01
1.463042e-02
7.918951e-04
1.226928e-01
7.164445e-02
4.123614e-03
2.480039e-02
4.927735e-02
1.124273e-02
8.948132e-02
3.671505e-02
9.824534e-02
7.762998e-02
1.108860e-01
4.449359e-03
6.687209e-02
6.653780e-02
5.618516e-02
8.579687e-03
3.636550e-02
3.607839e-03
1.188314e-03
1.626597e-02
6.457194e-02
2.803674e-02
1.224809e-02
3.150270e-03
7.204266e-03
1.636426e-03
3.591519e-02
6.534465e-01
2.220110e-02
4.399235e-04
7.962064e-02
6.997848e-02
4.212944e-04
1.126799e-02
5.345051e-02
1.329631e-02
2.291926e-02
1.194896e-02
2.976085e-03
1.553262e-01
2.154308e-01
1.000208e-03
6.733720e-02
1.248218e-02
1.808187e-02
2.429185e-05
2.633786e-03
3.156905e-02
3.164929e-03
3.092474e-02
5.078240e-02
9.391414e-03
1.043383e-01
4.634515e-06
3.305142e-02
7.463449e-03
1.243114e-01
4.821469e-03
1.744351e-03
6.030676e-03
1.308276e-01
1.759224e-02
1.207456e-02
6.626522e-03
1.600408e-02
5.521426e-02
7.598417e-02
3.700072e-03
2.858143e-03
1.481893e-06
1.121971e-01
2.748926e-02
7.031504e-02
4.207574e-02
6.270362e-02
1.075412e-02
2.389901e-01
2.952085e-02
5.872877e-05
2.356508e-02
2.383501e-04
