1.620832e-05
1.289153e-02
4.340316e-02
1.864057e-02
1.620438e-02
2.439817e-02
4.767984e-02
4.130934e-02
3.078389e-03
1.823407e-01
2.023822e-02
2.738574e-02
3.800884e-01
6.019192e-02
2.441889e-02
2.686991e-05
9.718539e-04
2.217232e-03
2.414501e-03
1.427639e-01
5.582749e-02
5.005091e-03
1.645001e-01
3.414033e-02
4.216811e-02
3.745727e-05
5.787832e-03
1.161322e-03
3.358656e-02
8.174377e-02
2.725576e-03
4.915530e-03
4.246281e-02
1.155534e-03
2.999305e-01
1.656904e-02
1.817398e-02
2.061708e-02
1.610760e-01
2.040626e-03
7.585506e-02
6.987331e-02
1.146597e-01
1.598005e-02
1.199759e-02
5.691233e-04
4.140855e-02
9.908454e-02
2.958280e-02
5.369587e-04
5.216989e-03
1.204877e-01
6.412510e-02
3.847542e-02
3.485266e-02
2.617994e-02
2.496938e-02
3.140383e-01
1.492332e-01
4.014421e-02
2.894572e-02
2.923291e-02
2.281039e-01
3.046921e-04
2.541166e-02
5.527221e-03
1.891662e-02
6.739490e-02
1.175120e-02
4.288086e-05
2.753953e-02
3.559452e-03
9.644445e-05
1.801005e-03
1.616757e-02
1.646285e-03
3.961747e-02
7.280963e-05
7.140581e-03
9.968526e-02
3.297716e-02
7.054817e-04
3.857459e-03
2.648951e-04
1.071675e-01
1.226270e-02
1.861348e-01
1.157352e-01
5.984816e-08
1.086576e-04
4.017581e-03
5.276932e-02
3.817550e-02
9.102453e-03
1.827473e-03
1.962840e-02
5.940656e-02
4.306857e-02
2.510400e-01
9.258992e-02
1.315149e-02
1.983913e-02
2.070450e-05
2.524068e-02
1.273646e-02
3.275767e-03
5.947863e-03
3.767755e-03
3.994710e-04
3.300337e-02
2.223769e-05
2.097600e-02
2.620084e-01
3.005160e-01
1.273459e-04
2.317876e-01
3.610986e-02
2.833654e-03
2.762651e-02
1.128217e-03
3.355204e-01
2.857581e-02
1.533870e-02
1.236093e-01
4.805082e-02
1.415877e-01
2.603992e-03
2.671124e-02
1.325537e-02
1.520566e-01
4.202516e-03
5.306889e-04
2.176070e-02
3.331293e-02
4.646459e-04
1.084295e-01
2.872400e-04
6.471003e-02
2.532377e-01
1.729048e-02
3.164365e-03
4.210104e-03
8.055033e-03
2.550412e-01
2.518865e-02
2.888626e-02
6.233367e-03
2.307831e-02
1.075279e-02
1.660776e-02
3.818252e-02
6.796274e-01
4.309530e-04
4.115277e-03
4.363887e-02
1.155726e-03
8.811209e-02
2.809067e-04
2.643386e-02
5.978390e-01
2.022895e-03
1.248822e-01
3.776023e-02
1.217803e-01
2.727272e-02
5.574889e-02
8.327659e-02
1.447940e-02
2.550866e-04
3.144119e-02
2.555222e-03
5.115304e-02
5.975194e-04
6.804297e-02
2.557079e-01
4.592564e-02
1.039327e-04
2.062338e-02
1.458486e-02
1.613008e-01
2.496378e-03
1.649394e-02
9.325378e-03
2.463930e-02
8.715802e-03
6.854766e-02
5.603985e-04
1.094422e-01
1.508592e-02
2.225625e-01
3.040937e-02
1.382042e-02
1.337823e-02
1.219991e-03
6.619252e-02
1.769756e-03
4.404419e-03
4.705223e-06
6.593645e-02
2.641595e-03
7.044570e-02
8.543709e-04
4.431569e-02
1.302777e-02
6.908962e-03
2.462004e-01
9.690183e-03
2.546413e-01
2.521048e-01
1.146461e-02
1.929020e-01
2.279914e-01
1.931814e-02
4.380446e-02
2.133256e-02
9.719950e-05
5.698123e-03
1.741557e-01
3.576059e-02
3.288751e-02
1.820002e-01
3.143667e-03
3.400364e-02
3.172935e-02
1.031629e-04
5.838790e-04
1.089726e-02
2.546400e-02
1.210306e-02
4.497552e-03
2.937923e-02
1.191224e-01
1.872790e-01
8.251100e-03
4.807777e-02
6.571968e-02
3.088675e-02
1.612128e-02
3.753351e-02
1.853761e-01
1.565501e-02
1.293345e-05
7.578260e-03
4.890521e-03
6.852454e-04
1.107179e-01
2.035911e-02
9.382257e-02
2.668532e-02
2.146515e-02
4.074691e-04
2.312755e-02
8.105723e-03
5.228324e-02
1.923399e-03
9.207394e-03
2.286091e-01
7.030565e-02
1.432845e-01
5.029558e-01
6.526651e-02
2.842649e-02
3.808976e-04
2.956109e-02
1.128836e-01
1.008764e-01
1.493053e-02
6.595719e-04
1.335133e-01
5.577434e-02
5.052753e-02
8.312254e-02
9.506156e-04
1.582370e-01
1.134561e-01
2.309394e-03
2.705186e-03
2.975212e-01
5.081886e-03
2.618091e-02
1.822047e-06
2.599149e-02
1.496835e-02
2.618054e-01
4.265114e-04
5.124599e-02
5.547658e-02
3.860374e-01
5.781692e-02
3.456878e-04
6.128129e-02
1.949841e-01
1.820448e-02
6.288455e-02
1.099513e-01
1.683501e-01
1.690078e-01
6.777288e-03
2.266243e-02
4.439145e-04
2.692086e-02
2.962857e-02
1.201356e-04
9.393478e-05
2.518522e-04
6.637381e-02
9.106845e-02
2.917428e-04
3.122274e-02
7.882938e-03
5.725614e-04
1.867581e-02
8.931790e-02
1.074514e-03
5.712507e-02
8.941712e-02
4.759191e-03
5.470255e-02
2.647646e-02
1.858905e-02
6.186814e-02
6.174247e-03
3.012745e-04
2.020763e-03
1.184737e-02
3.687746e-03
1.389100e-02
5.711907e-03
1.926839e-02
4.476571e-02
6.869416e-02
1.547084e-01
5.217881e-02
9.106080e-04
1.763301e-02
2.533783e-01
7.423988e-03
1.765401e-01
2.820311e-02
2.448839e-02
4.643463e-05
1.405775e-01
5.192538e-02
1.038124e-01
1.452793e-02
7.780465e-05
1.140443e-02
1.125691e-01
1.065284e-02
8.783127e-03
7.362387e-02
1.779958e-02
2.788361e-01
5.665953e-03
2.996492e-02
2.157358e-04
2.503405e-02
2.462608e-02
1.007412e-02
1.930453e-01
1.900460e-02
9.673919e-04
6.814940e-02
2.932681e-03
4.575523e-04
4.068100e-02
3.381520e-03
2.721942e-01
5.297708e-04
2.420910e-01
3.570881e-01
4.921713e-03
7.012468e-02
1.857540e-02
5.717518e-03
1.010039e-03
7.555981e-03
5.877750e-02
1.986570e-01
3.578197e-02
1.677458e-04
2.266473e-02
3.173823e-02
1.871583e-03
5.850099e-03
3.448604e-03
1.224059e-03
8.104642e-03
2.144035e-02
4.283671e-03
3.814358e-02
5.177882e-02
5.764348e-03
5.653941e-02
1.131377e-04
2.012825e-02
2.407915e-04
8.217547e-03
5.455092e-02
6.880268e-02
3.389441e-03
1.002696e-02
2.868415e-03
5.256358e-02
1.293483e-02
1.045882e-01
2.066298e-03
2.263738e-02
2.320050e-03
6.170626e-04
2.446538e-03
5.952483e-04
8.086137e-03
1.437250e-02
6.168273e-03
4.358134e-02
1.208944e-02
1.059723e-01
1.628398e-04
1.201527e-01
3.725592e-02
3.624163e-02
1.195461e-01
2.267895e-07
4.653965e-03
1.121494e-02
2.496579e-02
7.428627e-02
1.074636e-02
1.527556e-01
1.202810e-03
2.907934e-03
3.942430e-02
1.345831e-03
1.542028e-02
5.290774e-02
1.949375e-02
3.382140e-02
3.372618e-02
2.282382e-02
8.775156e-02
2.422010e-01
1.513625e-01
1.333841e-02
1.914020e-02
9.244420e-02
3.068122e-02
7.612281e-02
6.616870e-03
1.296950e-03
2.580847e-01
9.906282e-06
4.042001e-02
3.982983e-03
2.096878e-02
1.961512e-02
1.284996e-01
4.646091e-02
1.481336e-02
1.423175e-01
7.858132e-02
1.503730e-01
1.309371e-01
1.800991e-02
1.000531e-01
1.378721e-02
1.893894e-03
1.561151e-01
1.047879e-01
2.730059e-01
1.408213e-01
1.614391e+00
2.178979e-01
1.146845e-01
1.392723e-02
7.036675e-03
8.979664e-02
1.105415e-01
7.021221e-02
7.539691e-03
4.351321e-04
5.036626e-02
1.240703e-02
1.678709e-03
3.290351e-02
5.793720e-02
1.140919e-01
2.314442e-04
2.289726e-02
9.765382e-03
3.279275e-02
4.816793e-02
9.344195e-03
4.552672e-04
4.690611e-04
2.628360e-02
3.421344e-02
3.182826e-02
1.451617e-01
6.814188e-02
1.400066e-02
1.225407e-03
3.251212e-05
5.423480e-02
7.794851e-04
6.378063e-02
3.928137e-02
2.317284e-02
6.349914e-02
1.242923e-03
1.849852e-01
3.072259e-02
4.286476e-02
5.029174e-01
7.891377e-02
1.603211e-01
1.166628e-02
5.951305e-03
2.578840e-01
1.153640e-02
2.059904e-04
4.616732e-02
7.983248e-02
1.360801e-01
4.221136e-05
1.815362e-02
1.435841e-01
1.497106e-03
5.390097e-02
3.342133e-02
5.320008e-02
3.141310e-03
2.987552e-05
5.670020e-03
1.701339e-02
8.453505e-03
1.001098e-01
2.973363e-02
5.569516e-02
3.463568e-03
9.205744e-01
1.909922e-02
3.653225e-02
1.161325e-01
4.165168e-02
2.425711e-03
2.609322e-04
1.292541e-01
1.019264e-02
4.804224e-02
3.461410e-02
3.895351e-02
9.729392e-02
1.716229e-01
2.821170e-02
1.099150e-01
1.379657e-01
3.281434e-01
4.100575e-03
1.478572e-03
1.954267e-03
2.396445e-02
8.053755e-02
4.515182e-02
1.906792e-02
2.050532e-02
2.200082e-02
2.855973e-03
6.666247e-02
2.392501e-04
2.361130e-03
2.194267e-03
8.645397e-03
1.515678e-01
8.779003e-02
2.796264e-02
1.442023e-01
4.998392e-02
2.083970e-02
3.566876e-02
5.081213e-02
5.845632e-03
1.000653e-03
8.572329e-04
3.044146e-01
7.671160e-02
4.822371e-03
1.413631e-01
2.738140e-01
3.465123e-02
3.055837e-02
7.051063e-02
9.208708e-02
1.944119e-01
