3.577975e-02
1.436740e-01
1.015469e-01
1.960966e-01
1.262723e-03
3.357549e-02
4.546764e-02
1.815064e-02
9.218498e-02
1.223775e-03
4.535854e-02
4.896236e-02
1.518317e-01
1.077903e-01
2.802872e-02
3.046522e-04
1.180260e-01
6.555860e-04
4.581549e-02
8.828692e-03
2.294709e-03
1.050609e-03
5.138227e-02
8.744877e-02
3.019505e-02
5.622026e-06
4.943264e-02
5.571819e-07
1.412719e-02
3.069685e-03
8.500482e-02
1.197717e-01
4.036902e-03
1.575172e-03
2.647958e-03
1.431900e-02
9.102124e-02
1.025074e-01
6.272772e-02
5.950241e-02
7.949520e-03
3.976300e-02
2.716975e-04
8.383178e-03
1.912531e-02
1.066867e-03
1.121100e-03
3.675445e-02
1.165287e-02
7.812832e-04
1.637535e-01
3.049108e-03
9.108411e-03
5.462452e-03
3.965671e-03
9.212828e-02
1.611203e-05
6.746550e-04
3.145881e-01
9.466375e-02
7.879367e-02
1.035388e-02
1.267607e-02
1.343490e-04
7.367441e-03
1.867312e-03
7.000336e-03
1.409189e-01
1.153313e-04
2.664079e-02
1.741486e-02
9.115183e-02
4.344488e-02
1.174181e-02
1.124081e-02
1.210960e-01
1.042265e-01
2.688322e-02
1.768261e-03
2.051195e-02
7.512548e-02
6.137436e-03
2.348571e-03
6.107575e-04
9.210485e-02
1.327243e-02
1.862960e-01
8.797324e-03
7.864546e-02
1.415792e-02
1.116814e-01
2.508218e-02
6.642266e-02
3.293401e-03
4.206382e-04
5.509404e-02
2.685165e-02
4.415502e-03
3.915754e-04
2.494989e-02
2.581549e-02
6.879180e-03
2.112339e-03
1.407721e-02
7.186959e-03
4.846850e-02
4.890134e-02
4.237290e-03
2.692948e-03
1.267520e-03
1.140141e-02
4.937959e-01
4.346729e-03
1.674731e-02
4.904824e-02
7.193737e-05
2.544960e-01
9.528102e-02
1.042027e-04
3.684232e-02
3.746134e-02
1.020222e-01
1.165993e-01
1.069521e-01
1.672662e-02
1.199154e-01
1.392526e-03
1.411764e-03
6.617766e-02
5.353258e-02
1.410716e-01
8.878628e-02
3.762681e-02
3.539964e-02
3.980817e-03
6.524303e-02
8.288650e-01
1.998443e-02
1.739802e-06
7.514620e-04
7.814163e-02
1.136500e-01
5.652710e-03
1.863099e-02
1.811350e-01
4.579326e-02
6.943073e-03
1.198378e-03
7.363907e-02
2.744403e-02
4.914494e-02
9.305744e-03
4.082760e-03
7.233929e-03
5.522849e-02
3.414606e-02
2.474935e-02
1.248822e-01
4.650798e-02
5.370405e-03
2.517844e-02
3.619207e-03
1.861898e-01
5.277719e-05
5.446161e-02
6.253996e-02
9.868158e-03
8.736144e-03
2.629803e-03
1.345379e-02
1.230697e-02
5.604303e-02
9.472136e-02
1.309896e-04
6.727067e-05
3.283933e-04
7.283630e-02
2.414399e-02
4.898673e-04
1.146028e-01
5.396336e-04
1.003259e-01
3.853977e-03
5.602311e-03
1.186080e-01
4.299011e-02
3.834919e-03
3.484959e-04
1.570976e-02
6.706063e-02
2.442220e-02
3.114548e-04
1.952087e-03
1.755484e-02
1.330521e-02
2.350535e-02
1.328309e-01
2.133901e-02
2.899029e-02
4.800735e-02
6.480073e-02
2.136701e-02
5.038322e-02
3.763395e-03
2.151528e-02
2.428227e-02
1.404454e-02
3.522392e-05
1.523849e-04
2.073965e-03
1.074926e-04
3.168633e-02
7.600453e-03
2.102282e-02
1.711993e-02
3.587310e-03
6.247162e-03
9.235912e-03
5.786226e-02
1.764140e-01
2.663694e-04
5.893684e-02
2.517432e-01
1.812264e-01
9.717061e-02
2.280851e-02
4.353649e-02
2.696492e-01
6.064887e-02
1.016100e-01
8.788069e-02
9.559782e-02
1.165838e-02
1.808723e-04
1.456404e-01
4.582986e-02
8.080380e-04
6.251951e-03
8.214817e-02
4.591821e-04
1.645380e-02
6.724669e-03
4.446472e-01
1.159025e-01
2.212594e-02
4.668672e-02
6.315688e-02
3.024301e-03
1.415956e-01
6.253259e-03
1.159158e-01
3.543294e-02
8.283674e-02
1.178895e-03
6.406118e-02
7.099483e-02
5.413475e-02
2.863065e-03
3.679158e-02
4.539393e-05
1.347359e-01
4.330531e-02
3.155645e-04
1.969140e-02
7.745212e-02
2.822856e-02
6.352895e-02
2.252364e-02
2.079231e-02
4.072854e-02
1.122892e-02
8.685813e-03
2.857826e-02
5.448164e-02
4.412742e-05
2.389747e-01
1.369993e-02
1.257853e-01
9.551492e-03
9.272241e-02
4.829227e-04
3.426431e-02
3.967160e-02
2.435095e-02
1.381394e-01
5.730646e-02
4.082670e-02
1.363225e-02
4.228998e-03
9.056168e-03
2.575137e-02
2.260719e-01
2.307914e-02
1.820979e-02
3.201966e-01
1.258977e-02
2.174898e-02
9.850280e-02
2.841526e-02
4.083086e-02
1.765805e-01
3.395686e-01
3.243591e-06
8.376031e-03
1.225292e-02
8.800348e-04
9.277183e-06
1.180773e-01
4.009829e-05
6.189983e-04
2.279726e-01
9.489208e-03
7.643515e-02
2.730163e-02
1.721952e-02
1.359684e-03
1.188370e-03
2.922345e-02
2.015687e-02
5.971105e-02
1.390868e-02
4.440154e-02
3.506643e-02
7.354743e-02
1.464679e-01
2.314622e-05
4.740190e-03
1.833728e-02
3.206439e-04
4.545718e-03
3.929123e-02
1.689212e-02
9.702273e-02
6.346731e-02
1.491456e-01
1.020850e-02
4.783775e-02
9.115149e-03
3.167181e-02
2.029455e-03
8.161170e-02
1.933584e-03
1.366110e-04
5.170893e-02
1.582275e-03
5.221470e-06
4.240580e-02
1.448248e-01
6.934961e-02
1.226379e-02
1.219224e-05
2.206907e-02
2.768807e-03
5.630489e-02
4.730707e-03
3.940152e-02
1.125770e-01
6.630292e-02
1.130060e-04
1.042685e-01
4.086894e-02
1.406963e-01
7.757873e-02
8.144329e-03
1.254793e-03
2.790148e-03
9.383487e-02
3.126729e-02
1.154111e-01
2.744914e-02
1.402733e-01
8.274860e-03
4.017340e-02
5.933618e-02
1.393372e-02
5.714421e-03
4.071021e-02
4.161834e-02
1.231386e-02
1.404448e-01
3.557814e-07
1.455556e-01
1.148523e-01
1.547697e-03
7.403343e-02
2.725657e-04
1.527809e-01
3.331428e-02
3.251617e-04
2.645953e-06
1.674167e-01
1.088055e-01
1.759217e-01
1.730617e-03
1.144574e-02
8.902488e-02
1.861869e-04
1.256414e-02
1.117177e-02
5.573305e-02
2.815264e-02
2.627623e-02
2.318723e-02
6.521488e-02
1.962051e-05
2.999891e-01
2.749504e-02
7.992839e-03
2.055347e-02
4.226547e-03
3.665906e-02
7.012038e-02
1.083208e-03
7.620864e-02
1.825871e-02
2.024770e-03
7.622436e-05
2.036743e-02
1.297980e-02
2.752677e-03
1.987055e-01
3.335611e-02
5.344085e-02
1.404901e-04
1.979359e-02
1.002469e-03
3.882376e-03
5.656302e-03
7.270222e-03
3.052764e-02
7.102183e-03
1.235225e-01
2.710629e-02
3.014438e-02
2.210815e-01
1.753909e-02
4.363980e-02
3.807631e-04
8.959449e-02
5.105586e-05
9.845469e-02
3.341573e-06
1.523550e-03
1.176671e-01
2.733223e-03
3.894394e-02
4.401875e-04
2.252825e-01
4.165517e-02
2.671145e-02
2.161829e-01
1.566618e-02
5.175646e-03
1.144584e-01
2.182216e-02
7.382902e-02
4.303100e-02
2.875873e-03
3.849145e-03
8.478719e-03
1.402612e-01
1.507580e-02
3.035406e-02
2.652011e-02
1.541964e-02
1.277308e-03
1.795510e-01
1.555600e-02
1.487371e-01
7.977126e-02
2.502431e-03
5.632539e-03
1.747160e-01
2.175680e-04
1.419108e-01
5.303112e-02
1.104250e-02
9.307095e-03
2.517078e-02
3.174462e-02
3.751888e-02
1.622684e-02
1.557825e-04
1.674731e-02
7.436280e-03
9.281943e-03
1.759850e-01
8.003986e-05
8.935995e-02
6.763450e-02
3.520439e-02
6.127672e-04
2.389999e-01
1.133771e-02
2.124315e-03
5.009254e-04
1.051538e-04
4.658004e-02
2.907092e-02
1.249104e-02
6.493459e-02
3.948712e-02
7.990218e-02
3.170797e-02
1.230955e-03
3.024749e-02
4.663568e-02
6.325733e-01
1.084110e-04
1.308423e-02
2.510970e-02
3.076774e-02
1.668625e-01
1.254927e-01
4.758823e-02
4.533145e-02
4.839905e-01
4.046505e-04
6.275829e-02
3.759071e-02
2.643510e-04
4.755344e-03
6.708481e-04
4.199109e-03
2.913542e-02
1.675246e-02
3.287832e-02
9.568056e-02
3.137906e-01
6.389811e-02
1.495470e-02
1.821842e-01
4.725980e-02
1.080339e-01
1.044518e-01
2.147480e-05
1.397112e-02
1.528520e-01
6.140628e-03
2.714939e-05
2.418494e-02
2.375485e-03
2.336510e-02
5.594453e-02
3.043356e-01
4.101107e-03
8.550411e-02
5.053451e-03
2.541900e-02
3.442308e-02
3.297662e-03
5.115525e-04
1.697623e-02
7.920785e-03
5.139842e-05
2.226756e-02
1.590782e-01
1.634698e-03
6.272397e-03
6.069795e-02
1.474363e-02
4.161376e-02
1.814159e-02
5.707994e-03
8.228971e-04
1.002940e-02
4.289441e-02
2.688898e-05
9.283672e-03
4.177306e-02
9.192452e-02
7.737345e-03
2.854368e-02
9.599942e-02
1.138776e-02
7.270854e-02
3.443006e-02
2.825301e-03
4.345496e-03
8.361069e-02
2.426377e-03
3.689793e-02
4.526988e-02
5.923895e-02
1.107425e-02
1.207349e-03
7.339787e-02
2.353824e-02
7.046050e-04
8.127955e-03
5.479600e-04
3.285861e-03
2.216726e-02
8.575965e-03
