4.133420e-02
2.681255e-03
1.938353e-02
8.662490e-03
5.711560e-02
1.004101e-03
1.592041e-02
5.791456e-02
3.228142e-02
1.142093e-02
5.703471e-03
1.155329e-03
6.843592e-02
9.761834e-02
6.249710e-03
3.771048e-02
2.381926e-02
2.600939e-02
4.579998e-04
2.112733e-01
1.108240e-02
7.075893e-03
4.169322e-03
8.033790e-03
8.603308e-03
1.183195e-01
5.748637e-02
2.318152e-02
2.396127e-04
2.334175e-01
5.487347e-02
3.212180e-02
1.751104e-05
5.976375e-03
1.385289e-03
1.463849e-03
3.818395e-02
4.938858e-02
1.494302e-02
1.085548e-01
4.542724e-02
5.353952e-02
1.111490e-02
8.143774e-02
8.008508e-02
3.323662e-02
1.099610e-03
5.099137e-03
9.147208e-03
3.120602e-03
8.736658e-02
1.384721e-02
2.298462e-02
6.169645e-03
2.131358e-01
1.318370e-02
1.149549e-01
1.709297e-03
9.154541e-04
3.564431e-02
3.335652e-01
3.139818e-03
2.302833e-02
3.431668e-03
2.440635e-02
1.222541e-02
1.005313e-01
1.142219e-02
1.389275e-02
3.639597e-01
8.517037e-03
7.543175e-02
2.017137e-02
2.142170e-02
3.258670e-02
8.188837e-03
8.826749e-03
4.273862e-03
8.681725e-04
1.498805e-02
2.258697e-05
2.536181e-02
1.739564e-04
4.580303e-02
6.690148e-02
1.766685e-03
5.096084e-02
1.303443e-02
1.612473e-03
3.021376e-02
6.066658e-03
1.109108e-02
5.345822e-02
2.476559e-02
2.918029e-05
1.149059e-03
1.244515e-02
7.049121e-03
1.407445e-02
1.491450e-02
7.904281e-02
1.150071e-01
1.369524e-02
1.188512e-01
1.198132e-02
4.029684e-02
6.693009e-02
2.838706e-02
3.498643e-03
1.075655e-01
4.588842e-03
1.584848e-01
1.153231e-02
2.198461e-02
4.646453e-04
5.336253e-02
1.906326e-01
2.351645e-01
1.335069e-01
6.081489e-02
2.837058e-04
7.540456e-02
9.902241e-05
5.792998e-03
1.078774e-01
2.508363e-02
3.233809e-02
2.825026e-01
9.532926e-02
5.485279e-03
2.425426e-02
8.654676e-02
8.878328e-02
1.082203e-02
8.350477e-02
8.274745e-03
1.706779e-01
1.950198e-02
3.062697e-04
2.381374e-03
4.673628e-03
1.474383e-02
9.603134e-06
1.754635e-02
1.802980e-02
1.808024e-02
2.999999e-01
3.917970e-02
9.145122e-04
1.825937e-02
2.696755e-02
9.237727e-05
2.437494e-02
1.024978e-04
5.746902e-02
1.001605e-04
1.372258e-01
1.286664e-01
2.125694e-03
1.221226e-01
5.408529e-02
2.691559e-04
1.307223e-03
5.700196e-02
3.438920e-01
1.924502e-01
3.234503e-02
3.756156e-02
4.295444e-06
3.962457e-02
2.831457e-07
2.412957e-01
2.498141e-03
8.855657e-02
5.276178e-03
1.635377e-01
4.417191e-02
7.966086e-02
3.305491e-02
8.044709e-02
8.346074e-02
1.046348e-02
1.693339e-02
2.845514e-02
1.235320e-01
2.736986e-01
1.117411e-02
1.787996e-01
9.082797e-02
1.920596e-01
4.219702e-02
1.059477e-03
8.803621e-03
7.023168e-03
3.019583e-02
1.668141e-03
6.316408e-03
7.845717e-02
6.350395e-03
1.101530e-01
2.939121e-02
5.168237e-06
3.234439e-03
1.590996e-03
1.669205e-03
6.517162e-02
3.285149e-02
7.176035e-04
1.397699e-03
1.597275e-03
3.398371e-02
4.928661e-02
5.767459e-02
1.296112e-01
3.976381e-03
5.173215e-03
6.174730e-06
2.290578e-05
2.054204e-02
1.749180e-01
7.712410e-02
9.512942e-03
7.725767e-02
7.024260e-03
1.328273e-01
2.425059e-04
3.641174e-01
8.483988e-03
1.441192e-02
1.829530e-01
1.126553e-01
1.900766e-03
1.929785e-03
2.711792e-03
3.116292e-02
3.907985e-02
3.279701e-03
1.956770e-01
4.158958e-02
1.674645e-03
5.036102e-03
5.312511e-02
8.295301e-02
9.256248e-03
4.700096e-02
1.930938e-01
6.536085e-02
2.808416e-01
1.350647e-01
1.299480e-02
1.405874e-02
6.163007e-02
2.842163e-01
2.233787e-02
1.933296e-01
3.939161e-03
3.000660e-03
1.625000e-02
3.640188e-02
5.296339e-02
1.320865e-02
8.372677e-03
2.849090e-03
2.093319e-01
7.820158e-03
3.806151e-02
7.861138e-03
3.191435e-07
6.678185e-03
4.620514e-02
1.050477e-02
5.618811e-02
3.449373e-03
9.214198e-03
7.098657e-02
2.167216e-01
1.712130e-02
4.135421e-02
2.138790e-03
1.732342e-01
2.117949e-02
5.539567e-02
1.407880e-01
1.133782e-01
1.135084e-02
9.659896e-04
1.106002e-03
5.043842e-04
1.139243e-02
5.676025e-03
5.144887e-03
4.992050e-03
1.312806e-02
5.386347e-03
2.814572e-02
1.938467e-02
3.175566e-02
5.864348e-02
5.462096e-02
2.404721e-02
3.534175e-02
1.706157e-01
9.836926e-02
1.169567e-02
5.144621e-02
5.292570e-03
2.544009e-02
1.484810e-02
6.619718e-02
2.133680e-01
3.390930e-02
2.849329e-02
1.165831e-01
1.158831e-04
2.495578e-02
2.483102e-02
1.103966e-01
8.028306e-03
1.447511e-02
7.060959e-02
5.195975e-02
2.961828e-01
1.391596e-01
2.225146e-03
7.146080e-03
4.573507e-02
1.167800e-04
1.921519e-02
3.804009e-02
2.593373e-02
1.913871e-01
9.783858e-03
4.817587e-05
3.993526e-03
8.835529e-02
2.618555e-02
5.841446e-02
2.072867e-02
1.132813e-01
2.287607e-02
5.162146e-03
6.076283e-02
1.653833e-01
8.236443e-04
9.397810e-03
1.195944e-01
5.665643e-02
5.438596e-02
1.587642e-02
1.574078e-01
3.896005e-03
2.449151e-02
6.924128e-02
2.775896e-02
6.386731e-02
1.765590e-02
2.295424e-01
2.619359e-02
7.023808e-04
3.720226e-02
1.377116e-01
4.015755e-02
4.307802e-03
1.728778e-03
8.128230e-02
6.531043e-02
2.813929e-02
6.006791e-03
1.027176e-03
3.240760e-02
1.580516e-01
3.606740e-02
5.950978e-02
1.396923e-01
7.343499e-02
1.533812e-07
3.353811e-02
4.419635e-02
3.573252e-04
9.323433e-03
1.468091e-01
4.485871e-05
4.233261e-02
2.811107e-02
6.412074e-02
1.209213e-06
4.792647e-02
2.044957e-05
1.149974e-02
1.834569e-02
4.581032e-04
1.326001e-02
1.193733e-01
8.422394e-04
2.716643e-01
6.480903e-02
5.333118e-02
1.592052e-01
6.361725e-02
7.887797e-03
2.402622e-01
7.731892e-03
2.889243e-03
1.525752e-02
1.326685e-02
2.945907e-02
4.453436e-03
7.399342e-02
5.439838e-03
7.940037e-02
1.575226e-02
6.490390e-03
4.159766e-02
7.980965e-02
3.213052e-02
5.355939e-02
1.671757e-01
9.385049e-03
7.826555e-04
1.625974e-01
1.461566e-02
6.720093e-03
5.317300e-03
3.852175e-02
3.462572e-02
1.730676e-05
1.513390e-03
3.507731e-01
2.001768e-03
3.267507e-02
3.321537e-03
4.153247e-03
3.174186e-03
1.312383e-02
2.058082e-02
2.081440e-02
3.485536e-04
3.357722e-02
2.212127e-02
6.620779e-03
1.248617e-01
1.200280e-02
1.225184e-01
1.780677e-01
7.519382e-03
3.734537e-03
7.976073e-02
1.160363e-02
3.967347e-02
4.525884e-03
5.623453e-02
1.003816e-01
4.924337e-03
8.813823e-02
1.328170e-01
1.994841e-03
5.655263e-02
5.045182e-03
6.231430e-02
4.733108e-03
4.172225e-01
1.188910e-04
1.115832e-01
7.231533e-02
2.148792e-04
1.912479e-02
4.734038e-02
4.988882e-04
1.058930e-03
1.212175e-02
4.705330e-03
3.597305e-01
6.405853e-04
4.615518e-03
1.189407e-01
7.719904e-03
1.259981e-02
2.392026e-01
8.827009e-03
9.865829e-02
1.861311e-02
1.338954e-02
1.402607e-03
1.839666e-02
4.537118e-04
5.514991e-03
1.696381e-02
7.677487e-02
4.922423e-03
1.804702e-01
1.252062e-02
1.708413e-04
3.749148e-02
2.815322e-03
1.600451e-01
1.120081e-02
6.335524e-02
2.156284e-02
1.651562e-02
2.301795e-02
9.021073e-02
4.408827e-03
1.311875e-01
2.225788e-03
6.633416e-05
9.289460e-02
1.398882e-02
1.031406e-02
2.378149e-02
9.107578e-03
4.979671e-02
9.277297e-03
5.102516e-02
8.256440e-02
6.295834e-04
1.210112e-01
1.295040e-01
4.312215e-02
1.482039e-02
2.018013e-02
1.070572e-01
3.337177e-02
3.766900e-05
6.917646e-02
1.037993e-01
1.314487e-01
1.407542e-02
2.588868e-01
3.338131e-03
3.466710e-02
3.150306e-03
4.891556e-02
2.319927e-04
2.889691e-03
1.903220e-01
1.840097e-02
3.902605e-02
5.967702e-04
7.700730e-02
3.853096e-04
1.690433e-01
1.193215e-02
9.264326e-02
6.501324e-02
5.930516e-02
2.542192e-03
3.712443e-02
2.245012e-03
2.277999e-02
3.274524e-02
1.125550e-01
1.214058e-04
1.697666e-03
8.491349e-04
8.179137e-04
3.356514e-02
2.146808e-02
4.813959e-02
2.216049e-04
6.313592e-02
6.695197e-02
1.172531e-03
3.368414e-02
1.333351e-01
1.389994e-04
8.283067e-05
1.846525e-02
2.342814e-01
6.821643e-02
6.476215e-03
3.215818e-04
4.140295e-02
9.926501e-03
1.396092e-02
1.682145e-02
1.338887e-02
6.646734e-02
8.903109e-02
1.457711e-01
2.684712e-02
1.694593e-02
2.492130e-03
2.494267e-02
1.987916e-03
7.628804e-03
2.008844e-01
3.002526e-04
1.047721e-01
6.043110e-02
1.409478e-01
3.091066e-02
3.409671e-02
1.012998e-02
1.087510e-01
