4.422900e-02
5.634032e-02
3.012784e-03
4.654293e-03
2.020318e-03
2.070536e-02
5.475668e-02
2.135138e-01
1.395417e-01
3.638266e-02
1.251940e-02
7.954744e-03
1.013090e-02
1.328325e-03
1.321107e-01
1.677314e-02
1.376502e-02
5.073288e-02
8.842957e-02
5.883345e-04
1.339428e-01
1.388939e-02
2.027497e-04
1.902725e-01
3.159133e-08
1.223513e-03
7.719408e-02
1.078620e-01
1.469639e-03
8.421712e-04
3.148819e-05
8.381192e-03
2.609286e-02
1.187658e-01
1.135910e-02
1.005161e-02
5.040216e-04
1.591295e-03
5.551911e-02
8.661653e-02
2.620096e-02
6.685728e-02
2.509277e-03
4.043707e-03
1.003585e-01
1.371818e-01
8.962623e-03
7.731681e-02
3.602698e-03
1.140883e-01
1.868004e-03
1.538558e-03
1.872286e-02
2.993027e-02
1.671321e-01
4.264621e-06
1.296750e-01
2.217226e-02
1.944111e-02
3.310929e-03
1.482495e-02
4.571276e-03
6.728385e-03
4.757915e-02
1.731220e-03
1.232398e-02
1.273491e-01
1.166439e-02
3.766899e-03
3.265940e-03
3.926930e-05
2.336335e-04
1.004299e-01
2.315264e-02
1.849749e-01
3.515441e-03
9.258299e-02
2.029069e-02
4.349344e-02
1.592739e-02
1.154092e-02
7.627797e-02
6.046927e-02
2.454774e-03
5.131269e-02
4.795943e-04
7.046796e-02
5.015121e-04
7.476466e-02
8.500036e-03
1.023995e-03
1.127749e-02
1.170990e-01
9.459408e-02
6.573844e-03
2.273953e-03
2.572159e-03
1.485882e-02
3.585670e-03
1.335112e-02
2.492098e-02
6.144750e-04
5.370405e-03
8.281298e-02
2.031179e-02
2.141458e-02
2.109053e-01
4.381704e-05
1.003412e-02
2.903608e-02
5.979597e-02
6.011377e-03
3.858883e-02
1.062050e-02
1.034914e-01
2.282999e-01
3.151803e-03
6.712903e-02
2.044303e-02
3.556004e-03
3.349082e-03
8.542705e-02
3.360420e-01
1.009093e-03
3.229000e-02
2.255688e-02
1.659865e-02
1.709974e-02
2.252919e-05
2.861840e-03
1.352734e-01
1.470948e-02
6.297666e-02
9.800804e-03
3.569076e-02
5.054192e-02
5.338114e-03
7.387551e-02
7.923933e-02
2.615087e-02
1.144582e-01
2.960611e-02
2.024690e-02
5.670824e-03
1.859312e-02
2.032585e-04
4.937661e-02
1.003400e-02
4.688537e-02
6.983554e-02
6.777175e-02
2.041880e-01
5.381969e-04
1.187027e-02
8.340796e-02
2.441531e-01
7.591273e-03
1.326715e-02
3.041171e-04
1.589336e-05
7.255029e-03
1.510375e-03
1.531594e-02
3.953817e-04
4.392233e-02
1.298851e-02
6.562853e-03
7.630933e-02
7.830655e-02
7.696441e-03
9.194782e-04
1.012206e-01
3.130019e-03
1.229262e-01
2.652651e-02
5.302446e-02
3.076723e-02
5.368267e-02
2.180424e-02
9.931845e-05
1.010330e-02
1.715190e-02
6.043668e-02
2.672261e-01
1.656290e-01
1.626603e-01
9.058953e-03
1.815511e-03
1.121086e-01
1.427799e-03
1.207154e-03
3.805304e-05
2.202839e-02
2.309428e-01
9.358559e-03
1.608684e-03
4.223660e-02
4.552861e-02
3.464292e-01
1.922723e-03
6.981141e-02
9.910922e-03
1.807926e-02
1.483376e-02
4.014220e-03
5.764176e-03
4.620793e-02
3.587829e-03
1.120901e-01
5.765172e-03
1.082253e-02
6.381518e-03
2.061583e-02
1.923539e-03
1.864404e-02
3.642900e-01
3.000417e-02
1.609082e-01
4.356706e-02
1.094829e-01
3.277560e-03
1.891397e-02
1.889511e-04
2.297535e-01
1.173912e-03
3.067990e-02
2.157448e-01
3.395397e-02
1.551288e-02
3.522338e-02
5.278007e-02
1.475282e-03
1.374102e-02
4.591327e-06
1.645374e-03
3.797919e-03
1.670278e-02
1.663722e-02
9.741718e-02
4.076067e-02
8.928331e-02
4.204541e-03
6.479847e-02
1.837589e-02
7.077722e-02
4.402228e-05
4.152607e-04
6.988952e-04
6.664343e-02
9.001005e-05
4.605506e-02
1.974195e-03
4.359518e-02
2.313917e-03
1.098118e-02
7.861322e-04
6.825994e-03
1.242318e-03
6.285411e-02
1.791575e-09
2.126769e-02
2.774721e-02
4.865189e-02
5.109410e-02
2.052640e-03
7.202382e-02
6.219442e-02
3.033874e-02
2.322635e-02
4.253110e-02
6.000998e-03
9.390140e-02
2.085224e-01
3.971615e-02
1.692487e-02
2.455516e-04
8.143062e-03
3.279754e-03
2.225536e-02
3.971095e-02
7.010589e-02
6.527423e-02
3.223083e-03
4.835512e-02
2.717645e-02
2.995140e-03
2.430937e-02
5.871099e-03
1.771485e-03
6.905420e-03
3.401449e-02
7.450386e-02
6.034475e-02
2.777983e-02
7.185466e-02
6.745258e-02
3.275231e-03
1.498637e-02
1.062604e-02
2.470044e-04
1.324225e-01
1.776201e-02
1.128180e-01
1.092764e-03
3.542415e-01
2.915310e-03
4.081797e-04
5.036446e-02
5.851178e-02
1.769564e-02
4.798560e-03
3.044565e-04
8.898449e-04
5.406735e-03
1.882264e-02
1.191273e-01
3.662994e-02
7.366393e-02
1.344071e-02
5.706469e-02
1.908480e-02
1.935660e-02
2.343876e-02
1.287610e-02
2.640139e-03
9.459433e-02
2.058218e-03
1.884346e-02
9.246496e-02
5.016617e-03
9.651732e-02
3.248097e-06
6.745584e-02
6.060224e-03
6.506823e-02
1.016429e-01
3.910620e-02
2.230039e-02
1.412256e-02
5.632596e-03
4.966137e-04
6.106565e-02
4.979352e-02
7.323285e-03
6.821131e-03
6.055984e-05
1.817316e-02
7.128531e-02
1.023708e-02
4.382756e-02
6.388807e-02
4.416004e-02
2.324936e-02
2.887314e-04
7.616893e-04
7.522835e-02
6.644579e-02
3.302222e-02
7.032306e-04
7.703661e-02
1.896972e-01
4.907247e-02
3.588681e-03
1.061263e-02
1.997759e-02
1.629412e-02
4.704024e-02
4.839170e-03
1.606661e-01
4.136124e-03
2.500674e-02
1.407570e-03
3.579502e-02
1.265172e-02
7.765756e-02
2.880878e-01
6.195726e-02
3.612068e-05
1.632010e-02
1.776158e-04
2.978968e-02
4.260803e-03
1.462223e-03
1.494024e-02
1.292234e-02
6.019638e-02
5.317881e-02
3.368741e-01
6.188857e-02
4.123108e-02
2.842230e-01
1.134769e-01
8.776882e-02
9.986388e-03
3.281153e-01
1.101712e-01
2.658327e-02
2.061783e-02
9.804549e-03
1.810017e-07
1.127384e-01
1.084528e-01
7.402784e-02
6.230793e-03
2.716169e-02
2.594875e-01
2.564944e-02
1.359012e-02
1.335208e-03
6.644704e-03
5.047904e-04
1.451073e-02
3.398786e-03
3.585446e-03
1.089411e-01
2.455736e-03
1.057529e-04
9.199709e-03
3.885571e-02
5.223629e-02
7.890555e-03
6.838869e-03
4.747425e-04
9.029082e-04
1.514526e-01
5.343694e-02
6.549939e-03
5.728170e-02
1.018272e-01
1.045409e-01
6.576512e-04
7.203297e-03
3.589985e-02
4.024919e-02
3.127584e-03
9.119219e-02
5.024552e-03
2.670398e-03
2.326020e-02
1.187494e-01
6.939435e-02
8.683510e-03
5.925609e-03
1.260357e-02
1.342906e-01
6.602207e-06
5.436923e-02
7.614672e-03
4.845486e-02
2.503101e-02
5.778745e-02
4.935576e-02
1.771012e-02
1.435585e-01
8.166237e-03
3.884327e-02
4.889559e-02
5.117968e-02
2.011246e-01
2.729860e-02
1.764016e-01
3.717257e-02
4.151602e-02
2.518833e-02
9.490601e-03
1.098010e-02
2.843478e-05
7.734071e-02
1.924883e-01
9.308399e-04
3.130579e-03
5.334104e-02
2.961471e-03
1.239640e-04
2.523021e-03
2.229475e-01
5.786226e-04
2.499705e-02
6.633167e-03
4.169935e-02
4.814664e-03
5.020445e-03
1.973778e-02
4.628165e-03
1.042544e-02
7.745891e-04
1.614434e-01
8.833002e-03
1.469412e-02
2.226439e-02
1.193879e-04
1.294602e-04
2.007068e-03
4.804483e-02
4.705567e-03
1.685726e-03
5.619299e-06
1.586986e-03
2.088134e-02
1.997107e-02
7.822672e-02
3.449645e-04
1.217661e-02
6.253481e-02
2.322308e-02
1.026862e-05
4.844674e-02
1.302977e+00
2.039781e-03
9.274403e-05
2.705112e-01
5.057893e-03
2.716568e-01
8.594653e-02
5.492753e-04
5.739404e-05
7.134776e-02
1.465683e-03
5.166402e-03
1.068385e-01
5.859819e-02
1.178873e-01
1.047358e-01
4.349785e-02
2.875537e-02
3.550629e-04
2.058646e-02
3.667632e-02
3.977349e-02
2.502055e-02
1.974648e-05
1.100525e-02
4.791180e-04
1.006584e-02
4.873426e-02
1.717652e-02
1.231000e-02
3.509464e-02
5.835940e-02
1.406836e-02
5.169072e-02
6.071270e-02
5.940534e-02
2.951901e-01
3.215434e-05
7.646133e-04
8.368811e-03
8.457181e-02
7.323624e-02
1.586428e-01
2.217922e-02
5.216874e-02
4.733145e-02
2.955853e-02
7.702497e-02
2.752180e-02
4.971222e-02
3.023136e-03
9.018213e-03
3.095190e-02
3.941792e-03
2.810071e-02
1.846795e-02
4.996269e-02
1.539773e-02
3.064810e-05
2.834004e-03
5.911656e-02
2.746506e-02
8.155357e-03
1.378100e-04
1.993641e-02
1.323791e-02
3.147332e-03
1.439422e-03
2.099526e-01
2.785088e-01
7.643668e-02
4.977004e-02
1.923433e-02
9.478230e-02
1.618540e-03
5.691504e-03
4.909743e-02
5.802511e-02
1.542328e-01
1.804751e-02
3.930554e-02
2.627805e-02
9.061308e-02
3.024632e-02
7.866714e-02
2.507780e-03
1.445444e-02
