3.181637e-04
8.069553e-02
4.938416e-03
4.380879e-03
2.667099e-02
3.538917e-02
2.799934e-03
1.601837e-02
2.964831e-02
6.467252e-03
1.725909e-01
8.717453e-02
1.782520e-01
1.264863e-03
4.038074e-03
6.764113e-04
7.015803e-03
7.477776e-02
1.186036e-01
2.699454e-03
1.840372e-03
2.264901e-04
2.081458e-02
1.098884e-02
2.816068e-02
1.887502e-03
2.524693e-02
9.608327e-03
4.250001e-03
9.545274e-04
8.852131e-03
5.589993e-02
3.027541e-02
1.047184e-01
5.367594e-03
5.516733e-03
4.449747e-03
4.732544e-02
1.492141e-01
8.283296e-02
2.470814e-02
3.382504e-03
2.467999e-02
8.381381e-03
1.782698e-05
5.581322e-03
1.630882e-01
9.625070e-03
1.176041e-01
2.081390e-01
3.866448e-02
2.542637e-04
2.236982e-03
3.373231e-02
8.726610e-03
1.224145e-03
1.397790e-03
7.456256e-03
7.454772e-02
6.192695e-02
1.496270e-02
2.652302e-02
2.280055e-01
9.443105e-04
2.755949e-02
2.866778e-02
1.253953e-01
1.991711e-01
1.061422e-05
1.666449e-01
1.192433e-01
2.662598e-01
1.606501e-02
1.584171e-02
6.479572e-03
5.279388e-03
2.174746e-02
1.874216e-04
1.976257e-02
3.269588e-02
3.698833e-04
1.144504e-01
1.358140e-01
5.283831e-02
7.802567e-04
3.771413e-02
2.738430e-04
6.467831e-02
1.581238e-04
3.234626e-02
5.930754e-02
2.418120e-02
1.479040e-03
1.471705e-01
7.806233e-02
3.730861e-03
2.973481e-01
1.548837e-02
1.729599e-02
8.787078e-02
1.722049e-02
2.943603e-02
3.290495e-02
1.462067e-02
7.873696e-02
3.774874e-02
3.607084e-02
1.871325e-02
7.853712e-04
7.042254e-02
1.260634e-02
1.764863e-01
1.593601e-03
7.142235e-03
1.150019e-03
7.025013e-03
1.660087e-02
2.041009e-02
2.781415e-04
3.540262e-04
3.550147e-03
1.068130e-01
8.360182e-04
2.073227e-01
6.886101e-02
4.560151e-02
1.558073e-01
1.321836e-01
5.155102e-05
5.151015e-05
4.152130e-02
6.973939e-02
4.616516e-02
1.000780e-02
1.975486e-04
2.041557e-02
3.273131e-02
1.350054e-01
4.961409e-02
2.494079e-02
3.990786e-02
5.734915e-03
1.058092e-03
1.127692e-01
4.894042e-02
6.537558e-02
2.934437e-04
2.472835e-04
5.017474e-02
2.975461e-03
1.511190e-03
1.305295e-02
4.111312e-03
1.003734e-01
1.146933e-02
2.328054e-02
1.988212e-01
7.556767e-03
1.871109e-02
8.666604e-02
2.049507e-01
4.266685e-03
1.544022e-01
1.196907e-04
2.280840e-02
1.113760e-02
7.873512e-02
1.815944e-02
1.307986e-02
1.352262e-02
2.836520e-03
1.876989e-02
2.350647e-02
1.568035e-02
1.491756e-02
5.414196e-03
2.610459e-02
5.131453e-04
2.220455e-01
2.391571e-01
5.477015e-02
3.429807e-03
4.831447e-02
2.689165e-03
2.574040e-02
3.875826e-02
1.363780e-01
4.868533e-02
7.832458e-02
1.194901e-01
2.510738e-02
1.763523e-01
7.097734e-02
2.928712e-02
9.160271e-03
5.508269e-02
5.166641e-04
3.614018e-02
1.543226e-01
7.849523e-02
6.387676e-02
2.148977e-01
1.732688e-02
1.811876e-02
2.305090e-02
3.775505e-02
9.325930e-03
4.772229e-03
2.688481e-04
1.059494e-04
6.724867e-03
1.501773e-03
1.892278e-04
2.547336e-03
2.150387e-02
8.678387e-02
1.782692e-01
1.378657e-02
6.295461e-04
1.145982e-02
2.060137e-01
8.509452e-03
4.025731e-01
2.920031e-03
2.363910e-01
4.445518e-03
5.013304e-01
1.958819e-02
5.400772e-03
4.408484e-03
3.280661e-03
7.733460e-02
8.421604e-03
9.502360e-02
1.182633e-02
4.447884e-02
1.227099e-01
7.171795e-02
4.619511e-02
3.068016e-03
2.048450e-01
2.038347e-02
2.553190e-02
2.546466e-06
4.238661e-02
2.515044e-02
9.435270e-02
2.756865e-03
2.088677e-02
1.139327e-03
2.121777e-03
4.796411e-02
2.974660e-03
4.032331e-02
2.935548e-01
8.214974e-02
1.601108e-01
6.001067e-02
6.939488e-04
3.496453e-01
5.537363e-02
3.572190e-02
1.086884e-03
1.373431e-05
6.908060e-02
8.933057e-02
7.686589e-02
3.592346e-02
5.085374e-02
1.188415e-01
2.724526e-01
1.731377e-01
2.955537e-02
8.883555e-02
2.364010e-03
5.499956e-02
8.481186e-03
6.104533e-02
1.529547e-03
3.606575e-02
3.638174e-03
1.228766e-01
2.308161e-01
1.819014e-04
8.925586e-03
8.221669e-02
1.036700e-01
1.925112e-01
2.444885e-01
1.734515e-01
8.612205e-03
6.140624e-03
2.576309e-01
7.736955e-02
5.424941e-02
1.168213e-01
7.924972e-02
8.604279e-03
9.169795e-02
2.386109e-02
2.590172e-07
2.525284e-02
4.896428e-02
4.040531e-01
2.501174e-03
1.689892e-02
2.118780e-01
5.292064e-05
7.830406e-03
3.701451e-03
1.410058e-02
3.315895e-03
3.033352e-02
4.848585e-03
4.956930e-04
4.323443e-03
3.203728e-02
4.285319e-04
8.128363e-03
1.873426e-02
1.922176e-02
7.523581e-02
1.994268e-02
8.926409e-03
1.606571e-02
4.140036e-03
4.834195e-02
1.023700e-02
4.489047e-02
2.884136e-03
1.407550e-05
2.316135e-03
8.110783e-02
4.807079e-03
4.852009e-03
5.038113e-03
9.470147e-02
2.651013e-02
5.978812e-02
1.115322e-03
4.113289e-02
1.782830e-02
2.480719e-01
1.368445e-02
5.645840e-03
1.682859e-01
6.175834e-02
1.796553e-01
9.455395e-03
2.812126e-04
3.919400e-04
2.089209e-02
3.279104e-03
1.204428e-01
1.667074e-02
3.078568e-02
5.687631e-04
1.456307e-03
4.180509e-02
7.476937e-02
7.627788e-03
4.074794e-02
4.376891e-06
2.660416e-02
3.949673e-02
2.915059e-02
8.393960e-05
2.268218e-02
1.232583e-01
6.623553e-03
1.212484e-03
5.047724e-02
9.484123e-04
4.966621e-02
3.503208e-02
1.339476e-01
5.275744e-03
4.980767e-02
8.054762e-03
9.692977e-03
6.473567e-01
5.668063e-02
7.032472e-03
2.518486e-04
7.346207e-02
3.640141e-05
2.421068e-02
3.033003e-01
1.602542e-01
1.699709e-04
4.069016e-02
4.424790e-04
5.417338e-04
4.099608e-02
3.439214e-02
5.454873e-03
3.771606e-02
2.805876e-02
7.280239e-02
6.265893e-04
1.098663e-02
2.309549e-03
5.846198e-02
3.079446e-01
4.464290e-02
6.047291e-02
1.728219e-03
2.015949e-03
1.295327e-02
6.811041e-03
1.504371e-01
1.053250e-01
1.403602e-02
1.756569e-03
1.546102e-03
7.706254e-05
1.010129e-03
8.458475e-03
6.234916e-02
1.088072e-03
2.944163e-02
1.245548e-01
3.081296e-01
2.509215e-02
8.035547e-02
2.126548e-03
1.109697e-03
1.259303e-02
4.461190e-02
7.781793e-02
9.590838e-03
1.809326e-02
2.140126e-02
3.195051e-01
3.037834e-02
9.164797e-03
1.202188e-02
4.398176e-04
1.114730e-01
1.239016e-03
3.047776e-02
5.024439e-03
7.515078e-04
5.081072e-02
2.046464e-02
7.832199e-02
5.096155e-03
7.189022e-02
6.078754e-03
1.649555e-03
1.168991e-02
1.475350e-01
1.735740e-02
4.195129e-02
2.638841e-03
4.331289e-03
4.919094e-02
4.724690e-03
1.040037e-03
6.642778e-02
5.668804e-02
1.961364e-02
1.154346e-01
7.736957e-05
3.604591e-02
2.451379e-02
6.581015e-02
1.208628e-04
5.941398e-08
1.324582e-01
4.454809e-04
4.557526e-01
3.870662e-01
2.177178e-04
2.384354e-03
4.376536e-02
2.764607e-02
6.191336e-02
9.623921e-02
1.666469e-01
1.105917e-02
1.210993e-02
6.883269e-02
3.135392e-02
1.381756e-02
7.091328e-02
1.095794e-02
1.412058e-02
1.176193e-01
2.799844e-01
5.824627e-02
3.045063e-03
2.308185e-02
1.895963e-02
6.102843e-03
9.326470e-02
3.561980e-02
6.733180e-02
2.783535e-02
6.503847e-04
1.775048e-03
4.031687e-04
5.390218e-02
1.165453e-02
4.798162e-02
2.448707e-02
1.486821e-02
1.918727e-02
3.726077e-03
1.005717e-02
3.567241e-01
5.342757e-02
1.050646e-05
2.955625e-03
2.829766e-01
6.378244e-02
2.433081e-01
1.554983e-01
1.317920e-01
1.251989e-02
4.533596e-04
4.723927e-03
1.530236e-02
3.041522e-02
1.078309e-02
3.298355e-02
4.047358e-02
1.000091e-02
2.412188e-02
1.080092e-01
1.162281e-01
4.921059e-02
2.443343e-02
8.026319e-05
1.422992e-01
7.883967e-06
1.575020e-01
4.134943e-02
2.092393e-01
5.321978e-01
5.629357e-01
6.780404e-02
2.731473e-02
3.877320e-02
2.476031e-01
3.426536e-02
6.281238e-03
1.135633e-02
5.074524e-02
4.780362e-02
3.810711e-02
4.681861e-04
8.235822e-04
3.491782e-04
1.259871e-01
1.066519e-03
7.039000e-05
4.877290e-03
2.990508e-02
4.885293e-04
1.416056e-03
5.787391e-03
6.860170e-02
6.626680e-02
2.239849e-02
2.266919e-01
3.050111e-02
1.231609e-01
1.205442e-02
1.418198e-01
6.358948e-05
8.534231e-02
3.243273e-03
2.221747e-02
9.474383e-04
7.465331e-02
2.599009e-02
6.111447e-03
2.177462e-02
8.915016e-03
1.794243e-02
3.589988e-02
1.010305e-05
1.720903e-01
8.881383e-02
4.704461e-02
6.522651e-04
1.280946e-02
1.399403e-02
4.496464e-03
4.716561e-02
1.310371e-03
1.208663e-02
6.156690e-02
