2.682231e-03
1.191417e-01
1.017348e-02
5.028495e-03
3.620306e-03
1.189717e-02
3.336310e-06
2.128800e-02
2.090871e-02
2.097130e-02
2.010618e-03
5.783455e-02
2.476267e-02
1.149579e-02
7.417280e-04
2.871338e-02
4.798324e-02
2.978786e-02
2.605423e-01
1.889897e-03
4.300895e-02
2.560197e-03
1.109152e-03
3.290409e-02
2.220717e-01
2.993016e-02
7.275972e-03
1.003241e-01
2.317143e-02
2.287055e-03
7.807649e-02
3.157022e-02
2.128535e-02
1.828342e-01
3.467405e-03
6.828641e-02
2.135306e-01
4.719982e-04
3.595237e-02
5.336066e-02
5.982220e-03
2.244209e-05
8.114975e-04
5.139281e-02
1.612226e-05
1.200690e-03
4.903181e-02
2.808400e-02
2.054370e-01
1.726332e-02
6.374139e-04
6.502087e-02
6.084154e-02
1.138179e-06
1.732903e-02
1.470257e-03
1.261658e-01
9.625789e-03
4.850831e-02
1.323543e-01
1.340256e-01
1.225946e-02
3.005498e-04
1.188571e-01
2.873710e-01
1.725694e-03
5.142998e-03
9.569343e-03
9.042526e-02
2.572810e-03
1.971293e-01
3.491396e-04
1.363099e-03
1.558679e-02
1.199679e-01
8.201215e-02
6.451206e-02
7.461764e-03
2.219411e-02
1.057347e-01
2.718525e-02
1.439285e-02
8.021594e-03
8.994623e-04
8.156628e-02
1.120294e-03
2.549992e-03
1.318079e-01
1.016230e-01
7.708164e-02
2.605793e-04
2.017044e-02
1.892809e-03
9.946256e-03
8.925551e-03
7.447818e-02
3.701507e-02
2.124104e-02
1.036033e-03
8.781930e-03
4.133018e-02
1.229271e-01
1.118950e-03
1.042569e-02
1.528335e-01
2.978543e-05
5.514630e-02
1.067743e-03
6.501637e-02
8.134563e-03
1.014993e-01
4.005762e-01
1.042028e-02
6.029322e-03
5.001647e-02
1.734858e-01
8.303842e-05
4.575484e-03
1.045133e-01
8.773828e-04
3.671230e-02
1.446418e-02
5.693042e-03
9.799399e-02
4.361758e-02
1.238691e-01
1.052218e-03
1.632187e-03
4.166738e-03
2.054692e-02
8.358230e-02
1.268514e-02
8.990239e-02
2.489493e-02
2.414825e-01
3.211182e-02
7.005019e-01
9.572285e-03
1.097518e-02
1.176147e-04
1.117894e-02
1.369442e-03
1.430284e-03
1.384243e-01
1.670876e-05
1.994558e-04
1.318914e-01
3.059063e-03
6.228740e-03
7.609949e-02
1.382535e-02
7.550058e-02
8.805943e-03
1.785874e-01
1.253504e-03
8.682998e-02
1.757504e-01
2.973760e-03
7.600565e-02
5.138621e-01
1.791206e-01
2.113105e-01
3.200683e-04
8.142999e-03
2.134949e-03
4.449709e-02
3.611507e-02
1.798540e-01
3.240450e-02
1.663560e-03
2.229613e-01
2.342430e-01
1.781045e-02
2.352675e-02
3.605347e-02
9.855020e-03
2.262739e-03
1.468097e-01
5.328944e-02
1.151048e-03
1.064411e-01
3.212735e-03
7.448164e-02
3.748662e-03
6.182094e-03
3.779936e-02
4.074732e-02
1.468690e-04
5.955687e-02
2.939679e-02
3.088277e-01
2.334598e-03
3.055571e-01
9.199007e-03
1.567033e-01
1.144746e-02
4.328629e-04
6.543679e-03
1.391481e-02
7.089743e-03
2.272270e-03
3.064464e-02
1.579158e-01
1.724836e-03
7.071352e-03
4.168818e-03
7.248821e-02
4.260276e-03
1.999079e-03
1.750464e-02
1.948378e-02
7.691203e-02
1.081453e-02
4.660398e-04
2.864955e-05
5.856323e-03
2.325879e-02
1.338226e-03
4.165139e-03
7.654931e-02
1.474483e-01
3.960067e-04
9.487523e-03
1.117090e-02
2.595010e-05
1.456887e-02
2.845997e-04
1.481162e-02
2.499198e-03
1.475833e-01
8.665526e-02
7.868945e-03
1.005262e-04
6.558721e-03
2.382865e-02
2.218134e-03
8.429475e-03
1.239477e-01
1.679543e-02
8.910680e-03
7.623199e-03
2.896860e-01
5.534210e-03
2.807524e-01
6.332353e-02
1.662038e-01
1.068690e-02
8.105858e-04
6.303891e-02
1.838257e-02
9.415126e-03
3.523251e-02
3.985742e-03
7.846986e-04
9.330015e-02
1.371039e-02
1.035439e-01
1.196415e-01
1.657988e-02
1.083602e-02
3.651684e-01
2.569215e-02
2.345046e-02
3.589205e-02
7.912365e-03
2.678210e-02
1.820751e-02
8.065619e-03
7.638536e-02
2.927834e-02
3.008176e-02
7.846515e-02
3.458667e-02
1.163060e-03
2.631148e-02
1.656378e-01
3.601909e-03
1.141375e-01
1.499049e-01
3.080192e-03
1.100579e-01
1.297963e-01
1.302297e-02
6.669445e-02
8.589570e-02
9.350054e-03
1.370644e-01
6.400044e-02
1.300893e-02
2.215148e-01
3.821059e-02
5.502910e-04
2.321066e-02
1.373705e-01
3.237703e-03
4.084080e-03
1.725946e-02
1.087035e-03
1.132680e-02
3.026360e-02
5.265470e-02
4.245066e-02
3.020312e-02
1.443735e-02
8.530841e-02
8.054165e-03
3.928876e-03
1.009481e-01
7.517173e-04
1.257451e-03
1.399818e-03
1.764079e-03
1.666567e-01
3.404754e-03
2.764398e-02
6.155112e-04
3.510492e-02
6.224344e-02
6.798776e-02
4.397038e-03
1.055935e-05
1.257182e-03
3.754617e-04
2.244916e-02
5.567375e-03
6.505030e-02
1.551184e-01
3.726228e-01
4.618943e-04
3.108429e-02
6.569202e-02
1.061818e-02
3.887461e-03
1.663671e-01
9.893152e-06
1.606213e-02
2.681124e-01
1.248901e-03
4.744760e-02
1.702568e-02
4.519614e-02
1.883626e-02
2.937202e-02
1.225024e-02
1.098409e-02
7.540420e-02
5.800258e-04
5.601298e-03
5.251976e-02
1.356603e-03
1.505345e-03
1.195452e-01
2.799706e-01
2.764011e-03
2.920590e-02
1.013629e-03
3.305883e-01
2.144743e-02
4.025662e-05
1.306360e-01
4.712839e-02
1.323912e-02
3.435798e-02
1.073220e-01
1.675229e-04
8.154408e-04
4.406144e-02
1.209943e-03
1.115546e-03
8.027257e-02
1.206744e-02
3.082323e-02
7.614796e-03
6.655112e-05
6.287239e-02
3.005359e-02
5.125315e-02
8.962207e-02
2.079257e-01
2.760816e-02
1.504704e-02
2.218721e-02
3.906757e-03
5.022154e-05
8.800255e-02
6.902928e-02
2.991229e-02
7.112852e-03
1.566456e-01
1.153267e-03
2.734212e-03
2.006390e-01
6.222904e-05
1.101023e-02
5.046160e-03
1.559906e-01
1.881218e-02
2.661112e-02
7.223536e-02
1.964208e-01
1.463229e-02
6.912461e-05
7.969254e-02
9.460247e-02
2.135088e-01
4.020598e-02
1.061453e-03
1.473931e-04
5.797894e-02
3.503470e-03
1.380887e-02
1.586084e-02
9.122868e-02
3.948995e-05
1.595487e-02
1.374878e-04
1.004345e-02
1.755908e-01
4.510122e-02
5.719756e-02
3.887434e-03
1.037384e-02
2.541084e-02
4.417780e-04
9.105766e-03
2.546676e-03
3.391356e-03
2.259151e-02
1.001485e-02
3.981171e-01
5.286521e-02
5.009829e-05
9.517069e-03
6.163777e-03
9.912677e-02
1.423198e-01
1.942944e-02
4.715685e-02
2.567758e-01
9.353496e-02
4.301457e-02
1.415503e-03
1.105483e-03
7.035315e-02
8.631851e-03
1.528843e-01
1.287684e-01
1.664651e-01
1.174147e-02
4.340833e-02
7.471632e-03
4.788858e-04
7.589066e-02
1.461954e-02
4.787991e-03
1.219704e-05
1.623952e-02
1.662838e-01
2.085671e-02
6.439460e-02
7.893354e-02
8.543946e-02
2.441775e-02
3.064096e-02
4.586228e-02
1.704425e-04
4.300568e-01
7.348220e-02
1.417587e-01
1.357770e-02
5.221478e-02
1.006279e-02
6.659651e-01
1.545897e-01
8.459678e-02
5.647904e-04
7.877460e-03
1.614601e-03
2.234866e-02
3.669194e-02
1.424057e-02
3.862308e-02
1.199631e-01
8.599056e-02
1.836808e-02
4.038607e-02
6.919719e-03
1.229263e-02
3.632910e-05
4.874305e-02
6.763341e-02
1.166761e-03
7.425380e-02
4.587923e-02
2.168384e-02
7.162283e-03
1.294948e-01
1.236994e-02
6.953509e-03
4.770380e-02
1.277374e-02
1.231167e-01
8.420961e-02
8.528094e-02
2.789655e-03
9.896086e-03
1.126259e-01
3.974675e-01
2.962348e-02
2.309464e-02
2.699576e-01
3.450427e-04
1.043844e-01
4.018081e-02
7.206475e-02
8.784724e-04
5.120684e-03
2.419002e-02
2.389557e-03
5.865848e-02
4.097345e-02
1.046133e-02
6.711760e-02
3.556822e-02
2.640073e-02
7.247294e-02
9.085331e-02
3.026569e-02
1.816151e-02
3.029827e-02
8.968325e-02
1.230272e-01
1.809946e-05
5.726854e-02
1.987980e-01
6.180746e-04
7.274358e-04
7.053565e-02
8.137190e-02
4.508250e-04
7.281292e-03
1.163165e-03
1.802868e-04
4.762126e-02
3.153260e-02
2.451967e-02
5.576777e-02
2.739008e-02
3.543341e-02
1.128445e-02
1.385811e-03
1.683974e-04
3.531272e-02
2.608972e-03
8.262993e-03
1.251654e-02
4.530585e-03
3.050718e-02
1.130420e-06
4.974947e-03
1.815480e-01
3.226422e-02
2.511165e-02
3.758854e-02
2.838869e-03
8.133097e-02
7.978659e-02
5.133213e-02
4.682289e-02
2.041462e-02
9.339921e-03
7.497919e-03
4.247629e-03
2.381599e-02
8.752053e-04
1.211349e-01
6.283379e-02
1.901875e-02
1.436199e-01
9.746001e-03
3.036239e-02
7.599758e-02
9.443126e-02
1.196040e-02
7.860935e-02
3.950547e-02
6.434940e-02
2.612616e-02
4.982791e-03
1.264648e-02
3.598923e-02
1.057601e-01
2.732431e-02
8.328629e-02
