1.334311e-02
2.086448e-03
2.677214e-02
2.131246e-03
3.035206e-03
2.898492e-02
5.222038e-02
1.572967e-04
5.370371e-03
4.759465e-03
2.222314e-01
1.127899e-01
2.839630e-02
1.373930e-02
2.607488e-02
4.197056e-04
2.107657e-04
6.332936e-05
4.415067e-03
1.169634e-02
4.311372e-02
2.689509e-03
1.883697e-02
1.680126e-02
4.429630e-03
3.506496e-02
4.148242e-04
1.432455e-01
6.915854e-03
4.785010e-02
2.383074e-01
2.922072e-02
3.913997e-03
6.190695e-04
3.334535e-02
1.114537e-01
1.281077e-03
5.821921e-04
3.857215e-02
1.130297e-03
6.968214e-04
1.018016e-02
1.515801e-01
4.452045e-02
3.240767e-02
2.371254e-02
1.986915e-02
1.412939e-07
3.565448e-02
4.633542e-01
2.949384e-02
1.100805e-02
1.487112e-02
3.311067e-03
1.668111e-03
6.331384e-03
5.912828e-02
6.809491e-03
1.058224e-02
6.398455e-02
6.413068e-02
4.263220e-02
4.980862e-02
4.059925e-03
2.181007e-02
1.459078e-02
8.655246e-03
8.373396e-03
1.094268e-03
2.271332e-01
2.876761e-02
2.819170e-02
1.303551e-04
4.800152e-02
1.571243e-03
2.543418e-02
2.313394e-02
2.637616e-02
1.529885e-01
3.624055e-02
7.766876e-02
2.617257e-01
5.533801e-02
2.131738e-02
2.474910e-02
2.239610e-02
7.514397e-02
1.306660e-02
1.340812e-02
1.602064e-01
9.105069e-02
1.943798e-01
4.688500e-02
1.685467e-01
1.470931e-02
2.852319e-03
6.418252e-06
4.884151e-04
2.933436e-01
1.837671e-02
3.995145e-02
1.439367e-04
3.891747e-02
1.448367e-02
8.460274e-02
5.855563e-02
3.311287e-04
1.986503e-02
6.319140e-02
1.613463e-03
7.950983e-02
5.611661e-02
6.104260e-05
9.474084e-02
4.455879e-06
4.558715e-03
8.777599e-02
4.171797e-03
2.832639e-04
2.722193e-03
5.039434e-02
5.070184e-02
1.264190e-01
2.925835e-04
9.194193e-03
3.824909e-02
2.717450e-05
5.239717e-03
6.606482e-02
7.629491e-02
1.231688e-03
3.553820e-02
3.287881e-03
5.504019e-03
1.918735e-02
5.734725e-03
1.132089e-01
1.016224e-02
8.613148e-03
2.501845e-04
5.017454e-03
1.211495e-03
1.618458e-04
1.449198e-03
2.906967e-03
1.465351e-02
3.210605e-02
4.323990e-02
3.850203e-02
9.914773e-04
1.829393e-02
3.018479e-02
1.170476e-01
4.849171e-02
1.158596e-02
6.028900e-03
4.013174e-03
1.284032e-01
5.861122e-03
1.204277e-02
1.554832e-02
1.307925e-01
5.707863e-02
1.104897e-01
4.667925e-02
2.492561e-02
3.278171e-02
2.474523e-04
5.260382e-03
8.795261e-02
5.298481e-02
4.523136e-04
1.325199e-03
2.065034e-02
1.356349e-02
2.924498e-02
1.644115e-02
1.213814e-01
4.499436e-02
3.830246e-03
2.284908e-01
3.803033e-03
1.768938e-03
3.019476e-06
1.782352e-02
1.682275e-01
9.540487e-03
1.255554e-03
1.310772e-02
2.552689e-02
2.027555e-02
1.633131e-03
3.304306e-02
3.126129e-03
5.230128e-02
1.688813e-02
3.705837e-02
3.520612e-03
1.011733e-02
3.415666e-02
5.373194e-02
3.041804e-03
7.220635e-05
1.014887e-03
6.014038e-04
9.037348e-02
1.135428e-01
3.793293e-03
1.836798e-01
3.909391e-02
7.693536e-04
3.474980e-04
4.490260e-02
8.989558e-03
1.171198e-04
1.711658e-02
1.111247e-03
8.654725e-03
2.574603e-01
9.353935e-02
1.249060e-02
8.186873e-03
9.736497e-03
2.881637e-02
2.523555e-02
2.949382e-02
2.949372e-02
1.723282e-02
2.962414e-02
1.174749e-01
3.649039e-03
4.650903e-02
7.029758e-04
2.482067e-02
2.862081e-02
1.083734e-02
2.246035e-02
4.620023e-02
3.451700e-02
6.663359e-04
4.704065e-02
5.874028e-02
1.842687e-01
2.588513e-02
8.833296e-03
1.206735e-03
6.946991e-02
5.496889e-02
3.660742e-01
2.586184e-02
2.614550e-02
3.382145e-04
8.207777e-02
1.849745e-01
1.009195e-04
6.070709e-02
2.524561e-02
3.387986e-02
3.882883e-01
8.972203e-02
8.926872e-05
1.120789e-02
3.292406e-03
9.011260e-02
7.696960e-03
2.305859e-02
3.523175e-04
1.041568e-02
2.211299e-01
1.870161e-01
1.549306e-02
2.220386e-04
6.573102e-01
2.495193e-02
6.264108e-02
2.114727e-01
4.178059e-03
9.894921e-02
6.947983e-02
1.849079e-09
1.246461e-01
9.402112e-02
2.464726e-02
8.800330e-03
7.807514e-02
2.358468e-01
3.769609e-02
2.471155e-03
2.095415e-01
2.626141e-02
2.491945e-04
1.052452e-01
5.215539e-03
7.069719e-03
8.763695e-03
1.519666e-02
2.460523e-02
2.000293e-02
3.230769e-03
6.355341e-02
2.408972e-02
4.594964e-02
3.989683e-02
1.240156e-02
4.963654e-02
1.025562e-01
2.987593e-02
4.729246e-03
2.252398e-02
7.456259e-02
2.381030e-02
3.009927e-04
1.971528e-03
1.228153e-01
1.599744e-01
1.875144e-01
4.550849e-02
1.379986e-02
3.561919e-03
1.644582e-02
1.807364e-02
2.817960e-02
1.151039e-02
2.644466e-01
2.433840e-02
2.285060e-02
9.207118e-02
1.185228e-03
4.358506e-04
2.110544e-02
4.746288e-04
9.075018e-04
1.167823e-01
3.017841e-01
1.180078e-01
3.599739e-02
2.860072e-02
6.743013e-02
4.064050e-02
1.522722e-03
3.540852e-02
1.839793e-01
8.538109e-02
7.148746e-03
1.393521e-04
2.971211e-02
2.837015e-06
2.304392e-02
4.589836e-02
4.163131e-01
1.392350e-01
2.119841e-02
2.873874e-03
1.652277e-02
1.423635e-03
4.505929e-03
2.980321e-01
2.249246e-02
3.369721e-07
1.111503e-06
8.494356e-02
1.218820e-01
8.204481e-03
6.652872e-02
1.024759e-01
9.618517e-02
7.471330e-02
8.624986e-05
1.495946e-01
6.956920e-02
2.253222e-02
2.141667e-01
1.095880e-01
6.181085e-02
2.093236e-03
5.243657e-02
2.214262e-02
6.401598e-03
2.426055e-02
4.654418e-02
3.238109e-02
8.461913e-03
2.975555e-02
1.992240e-01
6.784669e-03
2.293978e-03
9.198438e-02
6.982923e-04
1.324354e-01
5.228733e-02
5.734137e-03
1.075339e-01
1.374525e-02
2.520782e-02
2.621789e-03
1.651380e-03
7.332391e-02
5.212430e-04
5.796305e-03
9.628705e-04
6.394299e-03
2.803136e-02
4.756257e-02
5.770957e-02
9.429417e-03
5.072152e-03
7.856093e-03
2.125072e-01
1.498216e-02
8.060267e-02
1.262874e-02
1.132991e-01
8.325608e-03
4.556434e-02
2.451137e-01
6.038963e-02
5.809110e-02
1.491285e-01
3.822794e-02
5.920893e-02
2.186966e-02
1.052105e-01
9.049879e-02
9.107486e-03
1.284803e-01
8.217764e-05
1.595312e-02
2.131420e-02
5.115475e-04
3.822552e-02
5.445597e-02
1.334572e-01
2.125028e-01
6.569274e-04
3.601490e-02
6.385960e-02
3.253576e-02
1.437196e-01
1.052758e-02
1.787676e-03
8.343230e-04
2.391349e-02
1.721103e-01
2.004842e-02
2.665821e-03
7.695090e-03
4.094204e-02
7.604393e-02
1.467425e-02
3.074332e-02
3.395402e-02
5.133692e-03
3.239136e-02
2.363624e-03
6.040530e-03
6.263119e-02
2.694072e-01
1.821806e-01
1.910722e-02
9.011215e-03
2.521763e-02
2.373239e-02
1.173820e-01
5.773767e-02
9.009885e-03
7.748622e-03
2.829899e-02
6.941286e-02
2.138438e-01
3.407154e-03
7.963426e-06
8.688324e-02
6.649468e-02
1.386713e-03
2.570178e-02
1.254434e-02
2.662408e-02
9.228587e-04
4.358556e-03
1.035099e-01
8.363569e-03
1.310735e-03
2.157430e-01
1.181111e-02
5.008864e-05
2.303578e-02
4.031774e-02
6.061346e-04
7.581541e-02
1.440172e-03
5.275981e-04
5.809293e-02
9.861833e-02
5.999391e-02
3.995088e-03
5.550188e-03
2.659572e-02
1.110160e-01
4.815763e-02
4.066312e-02
5.592955e-03
5.767817e-04
2.365404e-03
7.512515e-02
8.084557e-03
6.979836e-04
4.295463e-02
4.242502e-01
1.279817e-03
3.617618e-02
2.766100e-02
1.444269e-03
8.791764e-03
1.946747e-02
1.819661e-03
3.438100e-01
1.913194e-01
1.726310e-01
2.203413e-03
2.248249e-01
1.372257e-02
1.525031e-03
1.292809e-01
7.930679e-02
4.616056e-02
2.398883e-02
6.243750e-02
1.988140e-02
9.244962e-07
3.577341e-02
7.738069e-02
5.035167e-02
1.048573e-04
2.650895e-02
4.728105e-03
1.690786e-03
8.714129e-03
6.801903e-03
9.802538e-02
7.424798e-04
2.971637e-03
2.656319e-02
1.274585e-02
6.112939e-02
8.300465e-02
1.237994e-01
3.684221e-02
2.628381e-02
9.172864e-03
6.443692e-02
7.177262e-03
2.966114e-02
1.652502e-02
3.344166e-02
5.069976e-02
8.603762e-02
1.615984e-03
4.047733e-03
8.532117e-02
1.694576e-02
4.236968e-02
7.081648e-05
4.834263e-02
4.147781e-02
8.530943e-03
1.167697e-01
2.990381e-02
2.631668e-03
4.855055e-02
8.546246e-03
1.445155e-02
4.447934e-02
5.338836e-03
2.316743e-02
3.969988e-02
6.877724e-03
3.577808e-01
1.571667e-02
9.825118e-03
1.861117e-03
1.050311e-02
1.836762e-01
3.251050e-03
5.943203e-02
3.745191e-02
5.426792e-03
3.570262e-03
4.227263e-02
1.467494e-04
3.128114e-03
1.022555e-01
6.197097e-03
1.639878e-03
7.730965e-02
