1.508868e-02
2.193056e-02
1.441059e-02
4.957451e-02
4.146577e-03
3.436180e-02
2.262930e-02
3.093245e-02
2.490627e-01
3.281059e-02
3.223609e-02
2.182373e-02
6.130386e-04
1.514701e-01
1.144870e-02
1.248511e-01
2.122730e-03
1.225750e-01
3.021490e-03
4.312780e-07
8.847277e-02
4.616840e-02
8.745792e-02
4.508915e-02
1.901815e-01
8.775543e-04
1.482117e-03
9.507895e-03
1.128824e-02
3.628942e-02
1.377299e-01
2.891001e-02
4.417777e-02
1.266063e-02
5.639743e-02
1.408929e-02
2.866029e-02
3.080416e-03
1.116940e-01
2.076164e-01
1.546249e-02
4.943904e-03
2.081406e-02
9.407166e-02
1.441248e-01
7.609618e-03
3.059173e-02
5.649798e-02
3.518823e-01
4.274114e-02
3.075526e-02
1.850965e-01
1.229392e-01
4.815934e-02
1.402008e-02
5.205818e-02
7.038827e-03
6.923961e-02
4.869152e-03
1.423984e-01
1.570760e-01
8.702213e-03
4.565189e-03
1.820031e-01
1.101246e-03
5.527432e-02
1.470406e-01
2.498387e-03
2.679037e-02
2.666894e-01
1.219801e-02
1.170028e-02
3.294918e-02
1.937399e-02
1.089016e-01
2.856055e-02
2.687484e-01
9.971478e-05
5.980798e-02
1.668761e-02
8.313313e-02
3.228634e-03
9.900800e-04
8.311827e-03
9.707345e-02
3.353464e-02
1.464544e-01
1.274969e-01
1.159807e-02
2.610748e-02
9.870689e-02
1.011609e-02
2.891123e-04
3.715458e-03
3.011438e-01
7.433028e-02
2.218860e-02
9.613908e-02
5.012917e-02
2.885349e-01
1.838563e-02
1.679720e-01
7.032846e-02
2.100592e-01
3.346322e-04
4.270785e-02
1.131076e-01
1.511719e-02
3.460184e-02
1.372129e-02
3.939632e-04
1.619352e-03
3.566271e-04
1.829505e-02
4.613255e-02
5.904650e-02
3.691750e-02
3.876736e-02
4.130901e-02
5.946381e-04
7.116413e-02
2.893712e-02
4.021639e-02
8.889928e-02
1.201455e-01
6.176835e-03
1.120886e-01
3.853643e-03
6.483105e-02
3.654425e-03
7.072794e-03
4.648538e-04
2.173136e-02
8.289127e-03
4.846476e-03
1.164412e-01
1.760474e-01
4.991707e-03
5.343369e-02
3.557475e-02
7.308056e-04
3.096300e-03
1.128532e-02
5.393415e-02
2.245196e-03
1.518207e-01
9.576742e-03
1.609954e-01
8.087290e-02
1.131277e-01
3.081354e-04
1.994227e-03
2.279492e-02
3.439183e-02
7.584345e-02
1.191240e-03
2.111153e-02
7.202538e-03
3.830214e-02
1.309284e-04
6.452954e-02
1.020685e-02
7.724478e-04
3.660949e-02
3.726720e-02
3.126649e-01
1.313308e-01
5.065014e-02
3.322596e-02
2.731244e-02
2.856270e-02
1.068562e-02
5.404982e-02
6.810990e-03
2.281624e-01
6.562610e-03
7.492990e-02
1.822600e-01
1.539669e-03
3.787232e-02
1.109026e-02
5.317629e-02
7.758065e-02
2.201433e-02
4.346321e-02
1.092220e-01
3.817090e-03
1.143802e-02
3.287108e-02
2.398187e-02
2.247702e-05
2.243750e-02
5.553699e-02
1.185871e-02
7.656444e-04
5.926081e-04
7.965126e-02
1.470759e-01
6.464618e-03
6.516826e-02
8.924521e-02
7.309171e-05
8.534229e-02
1.043390e-02
1.405152e-01
9.111540e-02
4.081562e-03
1.222763e-02
3.254109e-02
6.884722e-03
3.097888e-03
1.652258e-02
3.316652e-03
1.035470e-02
8.699797e-02
2.466395e-02
3.318613e-01
2.346342e-01
4.287891e-02
7.236572e-03
1.597667e-02
2.133285e-02
2.109098e-04
9.939291e-02
5.814619e-02
2.953258e-03
1.305013e-02
7.281799e-02
7.714928e-04
5.972402e-02
7.483571e-02
4.725650e-02
5.247047e-03
5.606116e-04
1.309876e-01
6.495839e-03
3.704844e-02
1.095777e-02
9.661321e-03
1.256079e-02
1.890328e-02
1.632969e-02
7.986304e-02
2.766948e-04
3.138737e-03
3.505912e-03
7.038562e-02
5.243789e-03
2.889865e-02
8.779055e-03
3.131338e-02
2.669293e-02
4.246591e-02
2.405028e-02
1.890445e-06
8.926430e-02
2.166059e-02
1.454808e-01
1.481234e-02
5.375820e-03
1.659473e-02
2.472635e-03
5.829274e-03
8.534294e-02
9.510575e-04
8.716280e-03
7.084068e-02
1.554585e-02
1.490951e-02
7.058356e-03
1.622876e-02
1.593860e-02
6.128140e-03
6.745400e-04
6.996803e-03
1.276330e-02
4.010141e-02
3.290004e-02
4.919109e-03
1.880967e-02
5.003370e-03
3.505287e-02
5.596486e-02
1.230736e-03
7.388812e-02
5.051045e-06
8.236388e-03
4.800753e-05
2.073600e-04
3.718542e-02
6.107568e-03
4.909303e-02
5.046290e-03
1.092484e-01
7.281985e-03
1.485723e-01
1.768968e-02
2.055110e-02
1.384495e-02
7.094486e-02
3.089035e-02
6.007487e-03
1.499845e-03
8.751749e-02
1.113199e-02
8.552216e-03
4.588471e-02
1.375022e-02
8.336993e-03
4.705357e-03
6.746869e-02
1.264358e-02
1.163287e-02
2.337370e-02
1.229860e-02
3.824154e-02
9.975204e-02
2.912313e-02
1.578242e-03
6.800360e-03
1.438363e-01
2.061119e-03
6.956796e-02
6.986320e-02
2.558128e-02
2.511399e-01
6.063859e-02
4.031181e-01
1.285890e-02
5.383429e-02
8.897311e-04
1.074120e-01
2.108274e-02
8.884307e-04
8.324000e-05
1.537415e-02
4.332494e-02
2.872839e-02
5.545756e-03
3.292653e-02
1.461575e-04
7.060508e-02
6.963061e-02
4.388117e-02
3.655398e-03
2.788049e-02
6.300365e-02
5.155114e-03
6.687846e-02
2.194395e-02
4.933574e-02
2.240282e-02
2.951365e-02
6.222282e-05
1.017978e-01
2.486644e-04
3.929236e-01
1.046410e-02
4.797575e-02
1.454519e-01
7.895431e-02
1.861221e-03
9.412686e-04
6.747722e-03
1.313206e-01
9.722086e-03
1.312004e-01
4.803497e-02
1.495641e-01
8.416729e-02
1.450543e-02
1.195928e-01
2.767245e-06
2.430724e-02
7.200950e-03
2.148188e-02
4.013893e-02
4.747581e-02
2.532872e-02
9.153495e-02
1.168590e-04
5.945443e-02
1.415802e-02
9.738719e-02
6.430801e-04
2.651783e-01
9.706626e-04
4.169024e-04
2.828210e-02
2.419011e-02
6.816624e-02
3.222529e-01
3.051927e-02
4.143468e-03
3.675158e-04
2.086878e-02
1.745399e-03
1.586385e-01
2.263727e-02
8.530496e-02
1.315417e-02
9.402381e-02
3.465374e-02
1.014879e-01
2.471581e-02
1.587005e-01
1.311923e-01
7.879013e-02
9.782148e-04
1.218438e-01
4.231650e-02
1.326225e-03
7.241002e-02
5.122732e-02
5.983007e-02
8.610332e-04
4.390038e-02
3.888107e-02
3.986367e-03
7.012441e-02
1.073098e-03
1.839710e-02
8.512472e-02
1.371053e-01
1.482247e-02
6.510881e-04
7.623634e-06
1.105889e-02
6.878383e-02
2.751264e-02
7.893693e-02
3.424036e-03
4.783940e-04
1.990630e-03
1.208328e-01
2.858192e-02
1.249166e-02
2.535749e-01
7.507469e-03
1.882698e-05
4.385727e-02
3.447107e-06
9.476580e-03
1.685834e-02
3.765640e-04
2.195539e-05
1.913546e-05
4.207976e-03
1.020239e-01
1.619353e-04
4.282083e-02
2.807688e-03
8.620211e-02
1.698316e-03
1.699001e-02
2.284347e-04
1.215646e-01
5.104185e-03
3.890593e-03
2.162294e-04
6.541265e-04
1.229657e-01
4.320508e-02
5.239070e-04
7.937348e-02
8.875624e-04
3.125310e-06
3.899749e-02
4.409387e-02
2.810381e-05
2.894475e-03
2.500429e-01
4.481930e-01
5.544399e-02
4.385321e-03
2.396121e-02
1.617948e-03
2.702196e-03
3.999333e-03
9.850041e-03
1.434291e-02
2.520385e-03
3.724085e-02
3.409332e-02
9.659262e-04
9.340627e-03
2.067144e-02
1.151285e-02
8.292432e-03
4.972413e-03
1.696654e-02
7.820461e-03
6.455406e-03
9.057566e-03
1.556491e-02
2.346863e-01
7.065343e-03
2.346134e-03
2.179876e-02
5.271580e-03
9.244257e-02
1.705430e-03
3.518220e-03
1.366320e-01
1.873535e-02
1.497466e-03
3.102817e-03
2.410168e-03
1.664251e-01
1.160304e-01
1.164054e-03
1.764148e-02
5.250986e-02
2.753104e-03
3.691327e-02
5.286023e-03
1.988717e-02
5.638342e-03
1.047986e-01
3.499666e-03
6.777397e-03
1.492523e-02
1.123593e-01
5.639400e-02
7.641893e-02
6.636348e-02
6.807350e-04
6.140577e-03
1.897142e-02
2.539444e-02
1.153871e-02
1.328217e-02
2.377567e-01
7.162863e-02
2.020502e-02
9.550427e-04
1.282164e-03
6.060104e-03
3.287920e-01
1.350020e-01
2.877335e-01
1.593094e-03
2.561579e-03
4.750960e-02
3.657983e-01
5.807848e-03
8.390770e-03
5.920358e-02
8.570902e-03
4.423455e-02
1.509136e-02
2.357939e-01
2.615474e-02
1.137542e-02
7.419341e-02
6.220666e-03
3.937580e-02
2.762351e-01
5.608853e-02
4.175059e-03
3.066615e-01
1.333724e-05
3.891745e-02
4.860049e-02
6.969123e-02
2.239398e-02
2.008796e-01
1.250355e-02
9.385307e-03
2.703456e-02
1.020665e-02
2.329213e-03
6.702488e-02
2.254518e-01
8.617752e-04
1.660644e-02
1.654248e-01
8.385811e-03
1.664082e-01
1.784193e-04
4.900134e-01
1.236488e-01
4.691431e-04
2.868447e-04
2.327003e-03
1.694420e-01
1.263723e-02
1.383262e-01
2.171900e-02
1.491510e-02
6.911508e-03
2.085650e-01
8.837393e-05
1.008895e-02
