6.846712e-03
2.641682e-02
7.118510e-03
5.402959e-03
5.960716e-02
5.102667e-02
3.477656e-03
1.497493e-03
3.429102e-02
5.077788e-02
3.539745e-03
6.694257e-02
6.881506e-02
7.184614e-04
2.717234e-02
7.732229e-03
2.773827e-03
4.149773e-02
2.438279e-02
6.190529e-01
5.602512e-02
2.980262e-02
6.168267e-03
6.890652e-03
2.657823e-03
2.534777e-02
9.743847e-03
6.180904e-02
8.909737e-02
2.773265e-03
8.148272e-04
1.497227e-03
1.785083e-01
1.123299e-03
1.943164e-03
6.250266e-03
7.435819e-02
2.824115e-02
9.518866e-02
2.837382e-02
2.546557e-02
4.609572e-03
4.918280e-02
6.845122e-03
3.414992e-01
2.211487e-02
1.748157e-01
5.393065e-04
1.356009e-01
4.758045e-01
3.393962e-03
3.700531e-02
1.479958e-02
7.903218e-04
4.995676e-02
4.262342e-04
5.969135e-04
1.370046e-03
8.894209e-03
6.535682e-03
3.490924e-03
2.702682e-03
4.189825e-02
7.156110e-02
6.109872e-06
2.421857e-03
3.375149e-03
5.889670e-02
9.578924e-03
2.657548e-02
2.628361e-02
1.213922e-03
1.708303e-02
2.161795e-03
2.664537e-02
5.668307e-03
2.761353e-03
1.154190e-01
1.379005e-01
8.961280e-02
7.371908e-02
9.862072e-02
1.256531e-01
1.989627e-01
5.615820e-02
5.805820e-05
3.140935e-01
1.192533e-01
4.252014e-02
4.062820e-03
2.311122e-02
4.054818e-02
7.605162e-02
1.363339e-02
3.682031e-02
2.183519e-02
8.656315e-03
1.150448e-01
1.320583e-02
2.017137e-02
2.680772e-02
7.113119e-04
6.323262e-02
9.314992e-03
6.551067e-03
1.596150e-03
7.664073e-03
5.586558e-03
4.321563e-05
8.462673e-02
4.531069e-02
5.375122e-02
4.667235e-02
1.134787e-01
1.550854e-02
3.284279e-02
3.868234e-02
2.151370e-02
4.508721e-02
1.043187e-02
4.767455e-03
5.881054e-02
1.083431e-01
7.346204e-04
1.636599e-02
2.475735e-02
6.786957e-03
4.880236e-03
1.201110e-02
3.064167e-02
3.357086e-02
1.044115e-01
8.920499e-03
1.382873e-01
1.725076e-01
1.474031e-06
2.586318e-01
6.643121e-03
5.961978e-02
5.565366e-04
2.702986e-03
4.018408e-03
3.287599e-03
2.846292e-02
1.891844e-02
2.480042e-01
7.662625e-02
1.972044e-03
3.427046e-03
2.826473e-02
1.162746e-03
3.987723e-03
7.564578e-02
8.872891e-02
5.403423e-04
3.730567e-02
1.369293e-03
4.775971e-03
2.337962e-02
5.670927e-04
5.598502e-03
8.740968e-02
2.123727e-02
1.485462e-03
3.939891e-03
2.715648e-02
6.437122e-04
4.285212e-02
3.092464e-02
2.155516e-02
2.933209e-01
4.674154e-02
1.108175e-02
5.586172e-03
3.205875e-02
9.433433e-03
1.657225e-01
8.593487e-02
2.367823e-01
5.186922e-04
4.258212e-02
1.357156e-03
1.563830e-02
2.626520e-02
1.782343e-04
3.582941e-02
2.616074e-02
1.079332e-03
3.665176e-03
2.429853e-04
3.151541e-03
1.293794e-01
1.773043e-03
5.453529e-02
5.302837e-01
4.768108e-03
5.365461e-02
2.624461e-02
2.618799e-02
1.640505e-02
6.280919e-04
6.783446e-02
1.664808e-02
4.943899e-03
1.839502e-02
9.259792e-02
2.819618e-03
4.363969e-03
1.727788e-03
5.676398e-05
4.026369e-02
1.667414e-01
1.159892e-01
2.294503e-02
2.027615e-04
1.044540e-03
5.530704e-02
2.862468e-02
1.052056e-02
1.164084e-01
8.427143e-02
8.709558e-02
1.369311e-03
8.444117e-03
5.123295e-04
1.204885e-02
4.723928e-02
6.174981e-04
3.927988e-02
1.409712e-01
1.407734e-02
9.793023e-02
1.111902e-04
6.933459e-02
2.800805e-02
5.257832e-02
5.260353e-03
2.555234e-01
1.375098e-02
2.996618e-03
2.177550e-02
1.607673e-01
3.270160e-03
2.608709e-02
4.872185e-02
5.883312e-02
3.981181e-03
7.455038e-02
2.757436e-01
9.999217e-03
6.714941e-02
5.173698e-03
7.536617e-04
4.502634e-03
2.056619e-02
3.985880e-05
1.540577e-02
8.260338e-02
9.285042e-03
2.311977e-01
1.942687e-02
1.657624e-01
8.432864e-03
2.818347e-02
2.304181e-02
4.864129e-02
1.873551e-01
1.201583e-06
4.575286e-02
6.006275e-02
2.693918e-02
5.538683e-02
2.162725e-01
6.145721e-04
4.138640e-02
6.167450e-03
1.631087e-04
3.475012e-02
2.400175e-02
2.023727e-02
1.394359e-01
8.383980e-02
7.170265e-02
5.180551e-02
1.359851e-01
1.549615e-03
2.207365e-02
7.919454e-02
3.637386e-03
3.506905e-03
2.063588e-02
1.783835e-02
8.474839e-02
1.435156e-02
1.169393e-03
2.029931e-03
4.724160e-07
8.515618e-02
9.526291e-02
6.850262e-02
5.143492e-02
1.143321e-03
2.054062e-02
1.115972e-01
7.431590e-02
7.252575e-02
3.157266e-02
2.520437e-02
2.856388e-01
2.675473e-03
3.414984e-04
1.173082e-02
2.068936e-02
4.316516e-03
2.609469e-03
1.519741e-02
1.378600e-03
2.094772e-02
3.167104e-03
1.488238e-03
5.043735e-02
2.386521e-02
1.205009e-01
1.295862e-01
1.619327e-03
1.326020e-01
3.879148e-02
1.531519e-02
1.169341e-03
4.298922e-02
4.724907e-02
1.003167e-01
4.431205e-02
6.272727e-02
4.273845e-02
8.167728e-03
5.464068e-02
4.132502e-02
9.638284e-03
1.528386e-03
8.552887e-03
7.473210e-02
5.702383e-03
1.434691e-02
1.857705e-01
1.017834e-02
1.579915e-03
5.364981e-02
1.089549e-01
1.074962e-01
5.125810e-02
2.840087e-02
2.433244e-02
7.070942e-02
2.163681e-02
2.811071e-01
6.809532e-02
3.931561e-03
9.805738e-02
6.836984e-03
2.644517e-03
1.413042e-02
2.099953e-03
2.553136e-02
5.724530e-02
1.505930e-02
4.837114e-02
9.148477e-02
8.509548e-02
7.539573e-02
6.731401e-03
1.135777e-01
1.137205e-02
8.863834e-04
7.647156e-03
3.192954e-02
3.270742e-03
6.651631e-02
1.010750e-01
1.643931e-01
1.234095e-02
1.947101e-02
1.608494e-02
6.430043e-04
2.378688e-03
1.893021e-02
1.161096e-01
3.166199e-02
8.532574e-02
8.410033e-04
5.250636e-02
6.279607e-02
2.149438e-02
2.267463e-02
1.625952e-02
1.794349e-04
4.429868e-03
1.280920e-03
6.719802e-02
7.125073e-02
8.473961e-02
1.639711e-02
1.139121e-01
1.382837e-01
7.295662e-03
3.337395e-02
3.058959e-04
1.029958e-03
1.763552e-02
2.690574e-02
3.790402e-01
1.854009e-04
1.065288e-02
1.037426e-02
4.123650e-02
1.149275e-02
5.318861e-02
1.992470e-05
1.322812e-02
1.469334e-01
3.292359e-02
6.591850e-02
7.959685e-03
8.113480e-03
2.171556e-03
3.084373e-03
4.358745e-02
2.900672e-02
7.836775e-03
1.136684e-02
1.193402e-02
1.158799e-02
2.278253e-01
4.725429e-02
6.291608e-02
9.316111e-02
1.411996e-04
5.486255e-03
2.892990e-03
2.726870e-02
4.347835e-02
1.602318e-05
1.325666e-01
4.459146e-02
3.286142e-02
8.452276e-03
8.306153e-02
2.955560e-02
4.884912e-03
7.765405e-02
1.152249e-01
4.872589e-05
9.259175e-02
4.208595e-02
1.559946e-01
2.573827e-02
3.710877e-02
1.184454e-01
1.563060e-02
5.737437e-03
2.576139e-02
7.720412e-02
1.485091e-01
1.242454e-02
1.496340e-04
8.549113e-02
4.650191e-02
1.427357e-02
2.758986e-04
2.489968e-02
1.529251e-01
1.716468e-02
1.500366e-03
1.966600e-02
9.589096e-02
1.246681e-01
3.400459e-02
2.898152e-02
2.700229e-02
7.338506e-04
3.244961e-01
5.335061e-02
8.919941e-02
4.655536e-01
6.426526e-02
7.791222e-04
2.423664e-03
1.089732e-01
5.365081e-02
9.875744e-03
1.959105e-02
3.524299e-02
8.949272e-03
1.436443e-01
2.100638e-02
1.095344e-02
2.951303e-02
2.558676e-03
5.705140e-02
1.539676e-01
3.884612e-03
3.907736e-03
3.186129e-02
1.832932e-01
1.638134e-04
1.194817e-02
2.756336e-02
6.897163e-02
1.552746e-02
2.981471e-03
2.418688e-02
1.938388e-02
3.865301e-03
1.789320e-02
1.347261e-03
1.751838e-02
1.704803e-02
1.845566e-01
7.182522e-02
3.763269e-03
1.029942e-01
6.822437e-02
2.861744e-02
7.410670e-03
3.043764e-01
8.762308e-02
4.630808e-01
2.283147e-02
3.319621e-06
1.322761e-01
2.277942e-01
1.557814e-01
1.183762e-02
1.549640e-03
1.558495e-01
4.899998e-02
8.768944e-03
6.332039e-02
1.369563e-01
9.525592e-04
2.542764e-02
8.054095e-02
9.690742e-03
1.064339e-02
7.048701e-02
1.449844e-02
1.248119e-02
4.252103e-01
6.502105e-04
7.400775e-03
1.190321e-01
4.441147e-02
2.672293e-02
1.942642e-02
8.537965e-02
2.587673e-02
2.509835e-02
3.543219e-02
8.572903e-02
2.261453e-03
8.699061e-02
1.560637e-04
6.281336e-03
2.214871e-02
6.986674e-03
2.613584e-01
2.102288e-03
2.979534e-02
1.258761e-01
1.560400e-01
4.289270e-02
3.813628e-03
1.972135e-02
1.038553e-02
1.133188e-04
7.441513e-03
8.419220e-03
1.345912e-02
2.994495e-01
1.683720e-01
6.229078e-02
6.368793e-04
3.267625e-02
9.082671e-03
1.292346e-02
4.353275e-02
3.108112e-01
3.999656e-02
5.321935e-03
1.437259e-01
1.592252e-02
1.660655e-02
9.619915e-02
3.788102e-02
