1.285791e-02
4.803500e-02
6.244235e-03
2.176559e-03
4.589802e-04
5.013399e-03
1.448204e-03
2.066805e-02
2.112324e-02
7.669673e-02
7.343131e-02
1.027790e-02
1.196423e-01
2.558958e-02
2.620344e-01
1.614163e-04
6.212053e-02
1.464758e-02
3.161119e-01
8.821868e-02
7.860519e-03
2.993369e-02
6.673680e-03
2.084715e-02
3.902554e-02
4.253921e-02
7.286953e-02
5.525209e-03
1.623983e-02
2.122903e-03
3.015432e-04
4.489302e-02
7.884912e-02
1.180744e-01
2.277606e-02
1.854572e-03
3.444696e-03
1.357215e-03
8.316330e-02
7.959752e-02
3.733213e-02
1.005025e-02
1.243443e-01
5.300511e-03
6.009976e-02
1.426424e-03
4.252853e-02
8.988202e-02
6.255999e-02
1.063628e-02
9.514861e-03
3.174024e-02
1.273427e-01
2.265792e-02
1.362307e-02
2.261850e-01
8.515218e-02
4.196216e-02
3.706275e-03
6.510575e-02
1.036449e-01
1.665914e-01
1.379019e-02
1.833414e-03
2.387535e-02
3.999239e-04
3.684292e-03
1.384746e-04
9.404830e-03
4.788796e-02
7.039238e-02
6.315853e-02
2.963520e-01
5.282525e-03
7.993809e-03
2.034525e-01
3.885028e-02
5.456140e-02
3.322064e-01
6.346612e-02
1.912404e-05
3.551060e-03
4.335939e-02
1.122006e-02
2.548899e-03
8.710345e-03
5.475174e-02
2.970086e-03
3.203996e-04
1.322507e-01
3.821479e-02
8.092243e-04
2.003187e-02
7.234872e-03
9.622665e-03
1.836387e-01
1.024492e-02
2.906313e-03
1.710306e-01
4.574693e-03
3.163222e-02
8.857024e-02
9.136342e-02
8.377255e-03
9.219118e-02
6.051252e-02
8.365636e-02
1.882865e-02
3.569798e-03
1.536274e-01
5.319970e-02
9.335634e-04
1.100912e-03
5.697910e-04
3.518900e-03
1.640763e-01
4.779509e-02
5.021881e-02
1.935953e-01
1.458239e-01
4.979926e-02
2.704828e-03
1.182131e-01
5.243407e-02
5.201549e-02
1.323965e-01
4.242703e-03
5.880626e-04
7.191045e-02
1.027322e-04
1.669697e-01
1.301512e-01
2.034191e-01
5.477464e-02
1.779525e-04
5.153806e-03
1.176453e-02
1.318367e-02
4.962656e-02
1.287859e-03
1.008625e-01
2.005092e-03
1.171667e-03
2.749463e-02
7.334784e-02
5.177409e-03
3.727240e-03
7.951814e-02
7.687086e-02
5.140712e-02
4.847649e-03
2.008861e-02
1.068132e-01
3.777329e-02
1.093062e-03
6.423052e-03
8.996260e-04
7.190883e-03
2.066967e-02
9.941131e-05
8.826497e-02
3.897882e-02
9.985334e-04
4.062920e-02
2.758671e-03
7.382632e-04
5.915622e-02
7.269790e-03
6.811116e-02
1.594036e-02
7.543185e-02
2.609172e-02
8.240034e-02
1.249126e-01
1.696659e-02
2.820023e-02
8.353317e-02
8.380685e-02
4.195347e-02
7.755866e-02
1.590392e-04
1.054834e-02
3.722880e-02
5.067692e-03
6.243081e-02
1.312759e-01
9.694178e-04
3.623588e-02
4.705504e-03
1.217884e-04
1.308845e-03
1.539394e-01
1.381873e-02
6.692404e-03
1.169621e-02
5.161472e-02
2.909349e-03
6.730151e-04
8.770093e-03
1.630304e-03
8.547021e-02
1.857194e-01
2.130602e-01
1.256999e-01
1.156870e-05
5.137733e-02
1.092086e-01
7.679074e-03
6.111697e-03
8.591650e-02
6.727880e-02
3.760267e-04
4.511200e-04
2.475446e-01
2.563983e-02
3.177613e-01
1.104194e-01
4.125645e-02
5.332369e-03
7.956871e-02
3.812047e-03
3.366005e-02
5.501693e-02
6.257409e-02
1.981738e-02
5.792022e-03
1.467073e-01
5.257566e-02
3.141161e-02
1.817485e-02
4.249566e-03
4.121972e-02
8.418521e-02
1.373739e-02
2.169358e-01
1.208427e-01
1.823644e-01
1.467848e-01
4.615394e-01
2.652510e-02
9.487337e-02
2.539630e-03
2.688730e-01
3.475401e-02
2.050704e-02
7.432453e-02
8.486526e-02
8.919906e-02
1.361507e-01
4.523809e-02
2.349258e-02
6.717108e-02
1.029678e-01
2.104101e-02
4.385464e-02
8.470499e-02
7.019147e-02
6.558686e-04
3.919683e-02
6.492948e-02
1.603311e-01
2.136078e-02
2.021639e-03
8.675862e-05
2.150021e-02
1.544211e-01
3.480176e-02
1.860389e-02
5.276522e-03
9.531771e-02
1.172518e-02
1.126215e-01
2.657450e-01
3.028059e-01
3.374223e-03
1.195438e-01
5.525366e-02
7.013596e-02
1.516340e-03
4.393371e-03
1.922359e-01
1.328330e-02
1.647205e-02
8.800619e-03
2.188540e-04
1.275338e-02
8.017304e-03
1.752796e-02
5.527921e-03
3.422097e-02
9.579471e-04
4.014771e-02
2.827103e-03
1.457878e-01
1.754557e-02
3.908177e-03
5.151084e-02
1.005021e-03
4.641219e-04
1.801357e-03
1.135577e-01
2.137639e-02
1.531592e-02
4.995159e-05
7.069868e-03
9.654069e-03
5.876244e-04
5.095013e-04
6.759507e-02
2.282264e-02
4.771096e-02
1.369672e-02
2.270009e-02
8.725909e-03
5.273235e-02
2.649158e-03
3.195149e-03
5.113246e-03
3.526611e-01
1.457427e-02
3.535917e-02
9.821564e-03
7.826206e-02
1.052420e-03
1.377366e-04
6.970440e-02
9.064746e-04
8.437627e-03
1.252146e-01
1.946978e-01
1.896143e-02
2.185039e-01
5.938430e-02
9.675444e-03
2.399423e-03
3.323284e-02
2.996451e-01
1.046720e-01
8.685518e-03
2.387855e-02
1.579082e-02
1.794011e-01
1.305182e-01
1.302700e-02
1.634718e-01
4.351406e-02
2.940200e-02
1.469659e-03
9.914686e-05
2.110390e-02
5.344931e-02
1.117897e-04
7.232137e-04
9.097317e-02
1.084477e-03
4.871721e-03
1.156611e-02
1.825706e-03
8.494671e-02
1.224306e-02
1.525436e-02
3.674754e-02
1.178769e-01
2.760723e-02
3.607374e-02
6.378105e-02
6.421101e-05
2.025080e-02
1.302870e-01
4.641269e-04
1.036009e-02
2.039006e-02
4.964245e-03
1.648059e-01
8.055807e-02
2.945455e-03
2.400679e-05
1.673184e-03
4.367970e-02
2.462185e-01
1.209397e-03
1.189866e-01
2.011011e-04
2.135944e-01
8.658876e-02
4.734888e-03
3.305727e-02
1.249085e-01
1.029501e-04
3.371203e-03
4.825290e-02
4.655420e-02
4.150872e-03
1.062131e-02
1.017511e-01
5.249146e-03
5.844091e-04
1.520871e-02
1.339942e-02
2.850391e-03
4.025923e-03
6.888537e-02
6.229864e-03
1.534842e-02
4.034824e-03
4.309151e-02
2.436225e-01
3.535030e-04
3.354791e-02
5.639369e-02
2.971822e-02
8.902298e-02
7.322059e-02
3.180018e-02
1.620313e-02
2.834999e-02
2.903743e-02
5.683995e-02
1.889403e-01
8.837616e-04
2.166429e-02
1.428266e-02
1.194199e-03
1.743319e-03
2.485838e-02
7.697522e-02
5.270570e-04
6.382664e-02
5.742701e-02
2.110564e-02
2.431608e-03
5.536562e-06
7.201725e-02
1.319536e-04
3.471135e-03
1.608910e-04
2.442973e-03
8.946924e-02
5.925769e-02
4.898442e-02
5.879120e-03
2.439183e-01
4.967267e-02
6.819468e-03
2.328670e-02
6.795252e-02
8.663120e-03
7.595479e-02
2.015336e-02
7.748422e-02
9.065504e-02
2.886388e-02
2.246029e-02
8.796501e-04
9.995140e-04
1.503939e-01
3.092673e-03
1.455915e-03
6.764732e-02
1.005759e-01
1.186931e-02
2.436426e-02
2.096900e-02
5.328257e-03
6.245841e-02
6.730032e-03
6.162304e-02
2.103985e-02
5.864475e-03
1.312117e-02
1.144502e-02
1.078511e-01
8.155408e-02
1.433787e-01
1.678873e-01
9.717893e-03
6.963362e-04
1.124344e-01
1.092141e-01
1.113390e-01
1.717077e-03
1.351710e-01
5.722831e-04
1.146992e-03
7.257849e-03
5.834723e-02
1.890497e-03
1.152734e-02
5.114715e-04
6.349161e-05
4.967936e-04
2.460591e-03
2.906594e-02
2.254414e-02
3.087606e-02
3.750369e-02
7.397390e-03
1.226818e-01
1.538270e-02
8.409445e-02
6.414562e-03
8.720071e-02
1.367506e-02
4.015298e-03
1.394373e-02
1.621888e-01
5.235135e-02
1.315522e-02
5.312376e-04
3.100191e-02
3.766952e-01
1.961906e-02
9.336917e-04
2.636374e-02
5.348864e-02
8.333997e-03
1.073425e-01
4.607529e-02
5.307855e-02
7.148203e-03
1.829905e-02
6.072239e-02
2.658148e-04
1.410132e-02
1.153424e-02
2.616750e-02
2.404680e-02
1.758574e-02
6.305046e-02
4.725917e-02
1.249069e-02
2.624128e-01
7.066525e-03
6.214171e-03
3.486669e-02
1.281668e-04
4.106658e-02
3.059971e-02
1.064199e-01
9.805566e-03
4.649728e-02
5.649642e-03
3.616644e-01
6.609073e-02
3.627258e-02
4.213626e-02
2.321746e-02
7.500709e-06
3.947520e-02
3.174593e-02
4.057803e-02
2.254313e-01
4.756534e-03
6.887932e-03
4.637310e-02
7.073538e-02
5.319831e-02
9.408207e-04
9.439617e-02
1.288410e-02
8.933617e-03
1.553881e-01
1.101838e-02
1.083507e-02
4.956757e-02
1.970794e-01
1.128100e-01
3.016561e-03
2.990641e-02
1.257905e-04
4.252496e-02
1.029615e-01
1.156078e-03
1.166390e-01
1.031885e-01
3.428969e-02
9.066319e-02
1.624819e-02
6.099933e-02
3.764438e-02
1.519143e-02
5.343784e-02
1.153406e-02
1.790062e-01
6.157419e-02
6.886264e-02
7.471858e-03
3.797345e-03
3.984387e-03
3.332762e-02
1.773155e-03
1.301917e-01
3.241534e-02
2.012966e-03
