4.861532e-02
2.095296e-02
6.277612e-02
8.837875e-04
3.485195e-02
8.879659e-04
6.606525e-02
1.913007e-01
9.768590e-02
1.722722e-04
2.719549e-02
3.416679e-04
6.934427e-02
1.772884e-04
2.375494e-02
1.775329e-01
4.798835e-03
7.101080e-02
1.055888e-01
1.345546e-01
1.965513e-04
3.748009e-02
4.458814e-04
6.472920e-02
4.534843e-02
2.558621e-03
2.146967e-01
1.352356e-01
5.635669e-02
8.848553e-02
2.434315e-01
3.172115e-03
1.751548e-04
4.179475e-02
3.193578e-02
2.616578e-03
3.045346e-04
9.197945e-02
4.165875e-05
6.200915e-02
4.913008e-02
9.020782e-02
5.550584e-03
4.005718e-03
8.254881e-02
1.360109e-02
1.104587e-02
4.450647e-03
3.624637e-02
1.858994e-02
7.221357e-03
2.859115e-03
2.717772e-01
3.252826e-04
1.188842e-01
2.883385e-02
1.972873e-02
1.157299e-01
4.706018e-03
1.444053e-06
6.499555e-02
5.521724e-02
3.133836e-02
7.063634e-04
9.367242e-04
3.601672e-02
4.391169e-01
7.833167e-01
2.808169e-02
2.395360e-02
1.099267e-01
9.428493e-02
8.238739e-03
5.693279e-04
1.724399e-01
1.115746e-01
3.569553e-02
6.018775e-04
9.937384e-04
1.079929e-01
3.523006e-03
9.913742e-02
3.626033e-02
2.609328e-03
3.755618e-05
1.860047e-02
2.613209e-01
6.949805e-04
5.209072e-02
6.826496e-02
2.161083e-02
8.534893e-02
1.353397e-01
1.686302e-01
4.913834e-02
5.023185e-02
9.702567e-02
1.193097e-02
3.036395e-01
5.495590e-02
1.057890e-01
2.334035e-02
7.141869e-07
3.875112e-03
4.774150e-02
9.066170e-02
4.754773e-03
3.559649e-02
4.525427e-02
7.013764e-02
2.014739e-03
1.614349e-01
4.149087e-02
2.427075e-03
3.594837e-03
1.300000e-01
5.395702e-04
4.819832e-03
5.255912e-01
1.581353e-02
1.585834e-02
5.365868e-03
6.139046e-03
1.551558e-02
5.219138e-02
1.883734e-03
6.696083e-02
2.388632e-03
4.740942e-04
6.450986e-04
6.057734e-02
1.401693e-01
9.868816e-02
8.809013e-02
1.092522e-03
6.689995e-03
3.183887e-05
3.325738e-01
8.125549e-02
2.263189e-02
1.447070e-05
4.529460e-03
1.423297e-04
1.545829e-02
2.055902e-03
3.897350e-02
3.217832e-04
3.147736e-02
6.509809e-02
2.027318e-02
3.667157e-02
1.205499e-03
1.846731e-01
1.037810e-01
8.997667e-03
1.881116e-01
3.999877e-02
4.533123e-02
3.194026e-01
6.108366e-02
1.524195e-01
9.398390e-03
7.477587e-03
1.054509e-02
2.920564e-01
1.126032e-01
1.239962e-01
1.340120e-02
1.544107e-02
1.340424e-01
1.454089e-02
6.248106e-02
1.923996e-02
4.054781e-02
1.633894e-02
2.085225e-02
5.762272e-02
2.052011e-02
2.598223e-02
7.767088e-04
9.056312e-02
1.554717e-02
6.231602e-02
5.474010e-02
6.542026e-02
3.558018e-02
1.222402e-01
4.000650e-02
2.382780e-02
1.047151e-02
9.672991e-02
3.353372e-02
1.539671e-01
2.144029e-02
9.178077e-03
8.140438e-03
1.619355e-02
1.055714e-02
1.511088e-01
2.660336e-02
3.490600e-04
4.592467e-04
2.163450e-03
3.091226e-07
2.020944e-04
2.814859e-02
3.929993e-04
8.837012e-02
4.001693e-03
7.639075e-04
3.646851e-02
1.344476e-02
5.204467e-03
7.813637e-06
1.406783e-03
3.789280e-03
7.726268e-02
2.963520e-01
1.989447e-01
3.783758e-03
1.359875e-03
3.395428e-02
1.445389e-02
4.699458e-02
1.689923e-02
3.483446e-02
4.525321e-02
2.420600e-04
2.486942e-02
8.126242e-02
4.761260e-03
3.718293e-03
3.103890e-02
4.332608e-04
6.228800e-03
1.736193e-01
3.055797e-03
6.582965e-02
6.145893e-06
2.017540e-01
6.566826e-02
5.110156e-03
1.225839e-03
2.260798e-02
1.146588e-01
5.093081e-02
1.228805e-01
2.123782e-02
5.956058e-02
1.022221e-01
7.741866e-04
1.740279e-01
1.843252e-01
7.268130e-03
4.221818e-02
2.942865e-02
7.489374e-02
1.745908e-01
1.531367e-01
2.949448e-02
1.809346e-01
3.254687e-01
2.991851e-04
6.577386e-02
1.503943e-03
4.470142e-03
6.995977e-01
1.491496e-01
1.006023e-02
1.090096e-04
3.137658e-05
1.115216e-01
2.143462e-01
9.488801e-03
2.205687e-02
1.245133e-02
1.635087e-05
1.006004e-02
2.892408e-03
5.064713e-02
7.973200e-02
3.490981e-01
2.253056e-04
4.789863e-02
1.407108e-01
1.508813e-01
4.735427e-02
3.500813e-02
6.566007e-02
4.563497e-04
1.084065e-01
5.184533e-02
8.694141e-02
1.223721e-02
9.741145e-02
6.109077e-02
6.861509e-02
1.125612e-02
1.346146e-08
5.145776e-02
2.601373e-03
1.688097e-01
2.183415e-03
5.641026e-02
4.177346e-03
3.362532e-03
1.402799e-02
7.438858e-03
1.743704e-03
3.886120e-03
2.804525e-02
5.570451e-04
1.591114e-02
1.605814e-03
1.111795e-02
2.523844e-02
3.044203e-03
3.681274e-06
4.566879e-02
1.766572e-01
4.193137e-02
3.120364e-02
2.874889e-01
1.523937e-01
2.072140e-02
3.061921e-03
5.823152e-02
4.415265e-03
3.549283e-03
6.504378e-03
2.233315e-03
9.906068e-04
2.866736e-02
1.105268e-01
8.649458e-03
4.184263e-02
1.503039e-01
8.146379e-02
9.219194e-03
3.632438e-03
9.734326e-02
1.581353e-02
6.695067e-02
2.163646e-02
2.466509e-02
1.033448e-02
1.254013e-01
2.465492e-02
1.748087e-01
6.922839e-02
3.106828e-02
3.762721e-02
1.462940e-01
1.292905e-02
3.830803e-02
2.453380e-02
5.477289e-02
6.854121e-02
4.483539e-02
5.955384e-02
1.433077e-02
2.070299e-02
7.604205e-03
7.646506e-02
2.063552e-03
1.606117e-01
2.437762e-04
1.544554e-01
5.389405e-04
1.587022e-02
5.129822e-03
8.077120e-04
5.676975e-02
6.270401e-06
8.712198e-03
3.182237e-02
2.394358e-01
8.227257e-02
6.722329e-02
1.921739e-02
2.204249e-03
1.384027e-02
2.064353e-04
1.709329e-01
3.648323e-03
9.672832e-02
2.640323e-01
1.429469e-02
3.613871e-02
1.952276e-02
7.064789e-07
3.166879e-03
7.273797e-03
4.358222e-02
3.349512e-02
3.641089e-02
2.415953e-02
2.103693e-03
4.831343e-02
1.415053e-02
1.299911e-01
3.003410e-05
4.466990e-02
9.665063e-05
4.761042e-02
1.904302e-02
1.478183e-03
1.795576e-02
4.674256e-02
5.397726e-02
2.512918e-02
1.130905e-01
1.211823e-01
1.146522e-03
6.822492e-02
1.153286e-02
7.132559e-03
9.361937e-04
1.917533e-01
1.967251e-01
4.202396e-01
4.800667e-02
2.905494e-02
1.673014e-04
1.182047e-02
1.366947e-01
1.474514e-01
6.876867e-02
2.617203e-02
6.538508e-02
1.789734e-01
8.868422e-02
2.093026e-01
2.646229e-02
1.691594e-02
6.328401e-04
9.231159e-02
1.104199e-03
3.334518e-02
5.596798e-03
3.239212e-01
1.334973e-01
4.058822e-02
2.113007e-02
1.426787e-02
7.538408e-02
1.684526e-01
1.366711e-03
3.341111e-02
3.196610e-02
5.867359e-03
1.306299e-04
2.551262e-03
7.958398e-02
1.610889e-02
3.257532e-03
6.451443e-02
1.611903e-01
2.761678e-04
7.822250e-02
7.327494e-03
8.306570e-03
2.279758e-01
8.426129e-03
1.604215e-01
1.694603e-04
2.038411e-02
4.176905e-02
1.733917e-01
2.624806e-05
1.038285e-02
3.264896e-04
7.672823e-02
4.131144e-03
1.264440e-03
1.172411e-01
2.716029e-02
2.268914e-02
1.162986e-02
4.273194e-02
1.355333e-02
5.860718e-03
1.198514e-04
2.651122e-03
2.441481e-02
9.586125e-04
5.169990e-03
4.479211e-02
7.288722e-02
1.182589e-01
2.131565e-02
3.360345e-03
8.266118e-03
8.301710e-04
7.377321e-03
8.533040e-03
2.870565e-02
1.254777e-03
2.316034e-02
1.036856e-01
5.191604e-04
1.558208e-06
1.448503e-04
6.482704e-02
1.536309e-01
3.701502e-06
6.842147e-03
2.901617e+00
3.205583e-02
4.963212e-02
2.773689e-01
7.445423e-02
7.932831e-02
3.830646e-04
1.122184e-02
1.620174e-01
4.609902e-02
1.311505e-01
2.665474e-05
4.794120e-02
9.563942e-02
1.191158e-03
2.879262e-02
9.140431e-02
1.816568e-04
3.126654e-02
4.720850e-02
4.356968e-02
5.812180e-03
4.641803e-02
4.631202e-02
4.348372e-01
9.545820e-03
3.363698e-02
6.118326e-05
2.956037e-07
4.657950e-02
4.550754e-03
5.725700e-02
7.363529e-02
4.390608e-04
9.504384e-02
9.608251e-03
3.512323e-03
1.290145e-01
5.040426e-03
3.440407e-03
2.719123e-03
4.237795e-01
1.343411e-01
2.373470e-02
2.380971e-02
2.466209e-03
4.818468e-02
1.835551e-02
6.851976e-03
7.881357e-02
2.007396e-01
6.001966e-02
2.198265e-02
3.552251e-03
6.976425e-03
2.555994e-01
2.512990e-02
4.121240e-03
2.078420e-02
7.395087e-02
5.501527e-03
1.773709e-03
1.146061e-01
2.683583e-02
8.931366e-02
3.049765e-03
1.544068e-01
5.049701e-03
6.234453e-03
1.202136e-02
6.848699e-02
1.787186e-02
8.293999e-02
1.883479e-01
2.234295e-01
2.022336e-01
5.911549e-03
2.856646e-02
2.093127e-03
1.100567e-02
7.241091e-02
1.162245e-01
1.162348e-01
8.973887e-03
1.559152e-02
1.223196e-03
8.848596e-02
