2.697038e-07
5.101012e-02
1.623755e-01
1.549894e-03
4.495036e-03
1.298630e-02
1.656906e-01
1.164491e-01
3.318009e-02
1.611566e-03
5.253254e-02
1.520441e-01
1.234865e-02
4.169394e-02
3.880892e-02
5.840137e-03
3.433138e-02
3.137955e-02
1.052963e-01
8.005209e-02
3.357419e-03
6.506752e-02
1.776718e-02
4.322328e-03
2.116595e-02
4.253801e-02
6.840558e-05
6.782737e-03
5.920021e-02
8.581277e-03
2.044846e-05
2.211050e-01
1.115225e-03
1.731838e-02
3.145487e-02
7.204187e-03
1.890827e-02
8.006977e-03
1.439852e-01
1.261709e-01
4.334129e-03
1.262678e-01
2.270800e-02
2.826925e-02
6.403680e-02
1.091070e-01
2.668695e-03
7.180773e-03
7.964722e-04
7.162116e-02
1.126736e-04
9.133204e-02
9.480295e-02
6.506516e-03
3.590754e-02
2.222621e-03
1.246345e-01
1.502530e-02
2.934064e-01
1.160315e-02
1.741898e-01
6.657434e-03
1.300700e-03
3.565506e-06
4.457200e-03
2.347298e-02
5.021573e-04
7.420782e-03
5.627173e-02
5.461924e-02
5.967551e-03
7.302063e-06
1.133472e-02
6.808169e-02
1.055461e-01
5.713693e-02
3.935545e-02
2.809194e-03
3.072302e-01
2.949532e-03
1.658579e-01
1.170243e-04
3.791233e-02
2.024041e-03
1.287943e-02
1.524333e-02
1.080724e-01
1.422239e-01
2.067031e-02
5.725058e-03
4.862889e-02
2.306142e-02
2.101204e-01
4.571707e-02
8.233779e-03
1.623218e-05
1.065543e-02
1.292295e-03
1.639736e-02
7.052274e-02
1.766874e-03
7.797054e-03
6.123909e-02
2.357818e-02
1.100416e-01
4.118562e-03
4.668951e-02
6.439943e-04
2.165278e-02
4.824122e-03
1.305979e-01
1.411632e-02
1.318721e-01
1.455402e-03
3.903147e-03
5.252147e-03
6.323042e-02
9.057238e-02
1.405391e-01
8.154679e-02
4.976211e-03
2.568922e-06
3.047045e-03
8.679259e-02
2.344187e-02
8.582035e-03
7.992994e-02
4.106139e-03
3.333700e-02
1.854337e-03
8.071603e-03
6.687071e-02
7.435270e-02
2.845918e-03
1.240112e-02
7.837784e-02
2.229816e-02
1.659771e-03
1.698099e-03
7.290693e-02
4.063589e-02
1.236762e-01
5.872475e-05
8.445792e-03
1.595724e-03
2.992785e-03
6.886676e-02
4.573237e-03
8.133181e-02
4.759542e-03
2.073808e-02
1.869760e-01
7.940399e-02
1.304491e-01
1.015689e-01
2.913107e-02
1.503697e-02
1.632657e-02
9.580946e-02
2.102065e-01
1.639196e-02
6.374991e-02
1.158376e-01
4.616769e-03
1.403014e-02
2.769532e-01
9.047325e-02
3.068734e-02
2.818954e-01
2.478439e-02
1.284549e-02
4.860309e-03
4.287903e-05
2.283081e-03
1.182272e-02
3.246588e-03
4.307209e-03
1.856746e-01
5.413762e-02
1.831567e-01
9.909854e-03
3.356236e-02
1.796207e-02
1.203484e-02
8.994933e-02
1.643269e-04
3.528589e-02
2.062613e-02
7.993612e-02
5.777057e-03
2.105051e-02
6.527109e-03
2.580309e-03
3.944081e-04
1.597354e-03
2.165553e-01
1.481323e-02
3.836072e-02
1.010370e-03
4.765307e-04
6.242917e-03
5.850347e-02
6.083841e-03
3.567702e-02
9.988912e-03
4.190168e-02
2.425596e-01
1.266381e-04
3.012365e-03
1.595551e-03
3.054909e-03
5.475021e-05
3.211408e-02
1.058814e-01
9.337413e-03
1.087211e-01
5.725753e-02
1.641306e-03
2.434117e-02
9.370936e-02
6.719440e-02
1.049271e-01
5.542918e-03
1.586991e-02
1.578173e-02
3.209558e-02
1.218932e-06
2.831194e-03
3.029576e-02
3.929666e-02
7.340604e-02
5.138179e-04
7.789056e-02
3.039471e-02
1.348486e-02
6.033232e-02
4.301032e-03
9.247960e-02
1.531037e-03
5.752536e-02
1.105515e-02
7.127877e-03
2.966150e-02
6.131562e-03
1.804365e-02
5.483043e-02
5.706665e-01
1.234332e-01
2.399476e-06
1.249232e-01
1.196817e-01
5.728902e-02
1.246485e-02
5.525578e-02
4.108666e-02
1.246871e-02
1.620666e-03
3.536176e-02
2.120754e-02
2.019980e-04
1.615708e-02
7.760851e-02
4.516784e-04
4.833247e-02
2.343467e-02
1.172433e-02
4.915514e-02
1.643943e-01
2.107787e-02
1.030036e-01
1.636916e-03
6.423213e-02
1.993995e-06
5.378032e-03
4.683631e-02
8.175890e-02
6.191067e-02
2.673596e-03
2.785960e-03
2.932642e-01
1.593508e-01
1.119158e-04
1.420738e-02
1.125494e-02
1.158504e-04
1.000287e-03
4.405408e-05
2.352092e-03
1.878836e-01
3.266683e-02
7.937402e-02
7.129205e-02
3.177895e-03
4.085395e-03
3.937790e-02
7.183041e-02
9.256370e-03
1.602285e-02
1.952472e-03
1.203743e-01
1.324466e-01
3.638831e-02
2.017752e-02
3.504495e-03
1.097232e-02
2.529704e-03
6.860420e-04
2.580092e-01
1.179049e-02
8.630331e-02
9.725899e-02
2.050234e-02
7.174847e-02
1.207899e-03
6.472396e-03
2.427195e-03
2.175146e-01
5.900740e-02
4.967747e-05
3.614157e-03
8.535933e-02
9.811232e-03
3.887224e-03
2.741176e-02
6.637543e-01
4.986104e-02
2.632848e-01
2.298848e-03
8.416811e-02
3.492402e-01
1.487642e-01
3.775070e-02
1.155805e-03
5.245590e-03
8.566168e-02
4.584025e-02
6.967920e-02
3.608901e-02
4.930330e-03
2.296419e-03
4.914215e-02
2.056779e-04
2.055553e-04
4.938772e-04
2.891842e-01
9.485001e-02
7.088351e-03
9.655306e-02
5.148060e-02
3.833680e-03
4.320688e-02
9.909046e-02
2.509965e-02
1.601118e-02
3.086053e-03
3.941496e-02
1.317111e-01
1.276309e-02
2.041711e-02
1.463320e-01
1.968128e-02
1.037660e-02
8.224610e-02
2.585330e-01
1.257436e-01
1.166519e-02
2.886915e-01
5.619411e-02
9.325648e-03
5.317680e-04
3.849304e-03
2.134666e-02
6.692094e-02
7.973101e-03
1.671652e-04
1.535563e-03
5.089365e-02
2.838115e-02
1.056049e-02
6.091820e-02
9.237278e-02
2.533760e-04
2.226599e-02
3.347328e-02
3.065484e-02
1.929738e-02
2.735560e-03
1.903852e-02
9.787474e-03
4.632559e-02
4.376154e-02
1.371507e-01
4.712852e-02
5.151120e-01
5.423154e-02
5.403417e-02
6.430041e-02
1.256653e-02
1.117954e-03
2.169965e-03
2.602301e-02
4.205030e-05
3.153409e-01
8.529705e-03
1.395873e-01
1.225036e-01
3.971611e-01
3.631565e-03
2.068177e-02
1.237345e-01
2.784633e-02
6.428277e-03
2.165513e-01
4.128336e-02
4.137113e-02
8.254469e-02
3.647450e-02
1.854673e-01
3.394068e-02
1.843414e-01
1.253277e-01
2.393253e-01
5.028214e-02
2.874799e-03
1.449174e-01
7.458237e-02
2.554146e-02
1.575721e-01
2.964364e-04
6.144174e-04
6.478093e-03
9.273885e-03
1.088243e-01
1.262997e-01
1.092093e-02
8.979908e-05
1.620775e-02
3.191299e-02
1.068518e-02
1.646208e-02
4.382349e-02
9.082764e-02
5.360959e-02
6.630493e-04
5.647973e-04
1.762506e-01
3.855798e-03
1.837366e-02
3.270953e-02
2.709569e-02
3.557445e-02
1.446937e-01
2.930402e-03
1.310440e-03
9.689232e-03
6.392333e-02
1.657590e-02
9.020177e-05
1.017066e-02
8.093277e-03
1.149816e-01
9.205120e-03
3.286069e-03
1.082602e-01
4.072360e-04
5.343151e-03
7.287346e-02
3.236545e-03
1.726066e+00
2.065429e-03
2.231927e-02
1.408625e-01
4.701349e-02
4.917031e-03
1.545502e-01
2.201519e-01
2.045846e-04
1.713199e-02
1.146949e-01
1.629691e-02
8.392096e-02
2.422028e-03
2.798566e-02
1.155189e-02
1.082162e-03
5.496598e-02
1.811300e-02
1.230588e-02
1.576725e-02
3.596194e-03
2.029925e-04
5.238287e-02
1.820267e-03
1.283129e-02
2.247800e-01
1.110267e-01
7.113176e-03
1.070842e-02
4.427856e-02
8.974921e-02
1.390489e-02
1.650450e-02
3.114992e-03
6.287911e-03
1.761981e-02
7.426594e-02
2.474511e-02
1.088197e-01
2.933200e-02
5.451354e-03
4.915837e-02
1.533372e-02
6.617297e-02
2.265557e-01
1.816779e-01
7.469823e-04
5.512271e-03
4.326502e-03
1.210397e-03
3.883237e-03
1.401993e-03
1.123345e-02
2.058291e-02
6.819014e-02
1.961961e-02
3.480100e-02
2.634417e-02
3.627016e-02
1.336991e-04
2.735137e-05
1.885833e-01
8.021781e-02
6.085701e-02
1.253552e-02
1.621550e-01
2.326424e-02
4.523538e-02
7.112584e-02
4.210153e-02
3.769118e-01
2.575461e-02
4.045694e-06
1.732273e-02
2.919069e-05
1.391900e-01
1.911046e-02
6.322472e-03
7.377350e-03
7.139077e-03
4.519489e-03
5.314540e-04
1.585778e-01
2.511767e-02
2.656257e-02
1.556092e-04
5.655588e-03
2.989565e-02
3.790256e-02
1.469195e-01
5.138339e-02
4.068435e-03
2.460615e-02
1.045180e-01
1.105572e-01
7.387681e-02
1.174990e-01
2.508387e-05
5.700108e-02
1.893125e-03
2.445839e-02
5.893228e-03
1.061226e-02
2.905696e-01
2.015968e-03
3.082676e-02
3.073480e-02
3.118845e-02
1.510061e-02
5.351855e-02
1.993429e-02
1.303851e-05
1.579088e-01
5.088411e-05
8.849048e-02
6.720749e-03
1.731291e-04
7.624874e-03
2.670318e-03
1.371307e-03
9.993742e-02
2.141980e-03
5.811257e-02
4.123862e-02
9.661580e-03
