5.262513e-03
1.021839e-02
6.241992e-05
6.893873e-03
1.126296e-03
1.724577e-02
8.211025e-03
4.015832e-03
5.130165e-03
1.702616e-02
3.785575e-02
2.145162e-01
8.362254e-03
4.399356e-03
2.823397e-01
4.106557e-02
7.256430e-02
1.311925e-02
7.120070e-02
2.046626e-03
2.176517e-03
3.902020e-02
7.151803e-03
9.260285e-03
5.592024e-02
5.977199e-03
1.413093e-02
1.636907e-01
1.366614e-03
7.566334e-02
4.486074e-03
1.963083e-04
2.583132e-03
4.135717e-03
1.625820e-01
1.387045e-01
6.203491e-02
1.017537e-01
3.786287e-02
2.915426e-01
3.764273e-03
1.941535e-02
1.525120e-03
2.758162e-02
2.602880e-02
1.764709e-02
4.199900e-03
9.292114e-06
4.257479e-02
1.565359e-02
4.558307e-02
1.429628e-02
4.826108e-02
4.034098e-02
9.277460e-03
1.471777e-01
2.561272e-01
2.128099e-01
1.184819e-01
1.451487e-01
9.547664e-02
1.599990e-01
2.522745e-03
3.693251e-04
4.230547e-06
1.875652e-02
8.979699e-02
1.361740e-01
2.441339e-03
2.914972e-02
4.458933e-04
7.511486e-03
1.763081e-02
5.735612e-03
2.527979e-03
2.525386e-03
2.389597e-04
9.149129e-02
1.630516e-02
4.900505e-02
2.841908e-03
5.854982e-03
4.094537e-02
1.321209e-01
2.688848e-03
7.493392e-03
1.274003e-01
2.697962e-01
4.959650e-02
5.971500e-02
1.106828e-01
2.009644e-02
6.539295e-02
1.325051e-07
1.276504e-04
5.693404e-03
1.388317e-01
3.198150e-02
2.243133e-02
5.314812e-03
8.101812e-03
2.656699e-03
1.884497e-04
3.775333e-04
1.670790e-02
2.754078e-03
5.696682e-02
1.395814e-03
5.026512e-02
1.311660e-02
1.934372e-01
1.515592e-01
2.625283e-06
3.058351e-02
8.056781e-02
8.230257e-04
2.098741e-02
4.231278e-02
3.726479e-01
9.654378e-03
3.749103e-02
6.696842e-03
6.369638e-04
1.982650e-02
4.635360e-01
6.202909e-03
2.545994e-02
1.133696e-01
7.146153e-01
1.635435e-01
4.722397e-02
3.319542e-02
2.459028e-03
6.095546e-02
1.888194e-02
1.368394e-01
1.274692e-01
8.400624e-02
8.577554e-03
6.002993e-03
7.258693e-03
1.301202e-04
5.112617e-04
1.867258e-03
9.762425e-03
2.476041e-05
4.743095e-02
1.040018e-01
3.337496e-04
3.883610e-02
4.178115e-03
2.897514e-01
1.028039e-02
1.214976e-02
1.367532e-03
7.741578e-02
1.118961e-01
1.651277e-02
3.981054e-03
4.276628e-02
2.542418e-02
3.040651e-02
4.837650e-02
2.790417e-03
2.291439e-02
1.072790e-01
8.704535e-03
1.516611e-02
8.792664e-03
2.970211e-02
9.033580e-02
7.097502e-03
3.398967e-02
6.297434e-02
1.004183e-01
1.019213e-02
1.103058e-02
2.626563e-02
1.573489e-02
6.092636e-02
5.053757e-02
1.033043e-01
3.408255e-02
1.310499e-02
1.910738e-02
2.283134e-03
2.323532e-02
3.085131e-05
5.884066e-02
9.337949e-02
3.491051e-05
1.167942e-02
2.267789e-02
4.577851e-02
7.698704e-03
1.074860e-02
5.071893e-02
1.387304e-03
3.151648e-02
4.315352e-02
1.525277e-02
2.916931e-02
9.690426e-03
2.208390e-01
1.234845e-02
2.638355e-02
1.581889e-01
5.509254e-02
5.170049e-04
2.003425e-03
4.735928e-02
3.746896e-02
5.152896e-02
1.302015e-01
3.725499e-02
1.466372e-02
2.861458e-02
3.227082e-02
2.952829e-02
5.898014e-03
2.129940e-02
4.878153e-03
2.895561e-04
1.000099e-01
2.984626e-03
9.224731e-04
8.720770e-03
1.251352e-01
7.306425e-03
1.075068e-02
3.696245e-02
8.259787e-02
6.021769e-04
3.175124e-03
1.619714e-03
1.415276e-03
2.772558e-02
2.217878e-01
1.882596e-04
2.001023e-03
2.590350e-03
8.969694e-02
5.191693e-01
1.173439e-01
1.412837e-04
3.694544e-06
3.019055e-03
2.433204e-02
1.192701e-03
4.058909e-02
7.590910e-04
2.576276e-01
2.117309e-06
1.195788e-02
1.415656e-02
6.597598e-03
1.230926e-03
6.062366e-02
8.017025e-02
2.338916e-01
5.667204e-01
6.340753e-02
7.079260e-02
2.353846e-02
5.924930e-03
7.330468e-04
1.003031e-02
3.988463e-02
5.643872e-02
9.982552e-02
9.571188e-03
7.338159e-03
1.049130e-02
2.567709e-03
3.197087e-02
7.841871e-02
4.110411e-03
1.144374e-01
1.770946e-01
2.859901e-02
1.140469e-03
6.846349e-03
9.195459e-02
8.931726e-03
2.566379e-02
4.333280e-02
1.549933e-02
2.713575e-02
3.258745e-02
5.019201e-03
1.838189e-02
1.062735e-01
1.751498e-03
4.758236e-03
1.796523e-02
9.358723e-03
2.771153e-03
8.138472e-04
7.673068e-04
1.441549e-02
2.358405e-02
1.698650e-01
3.901488e-01
8.150637e-02
1.716914e-03
2.655774e-02
7.727783e-03
2.081229e-03
1.068983e-03
3.487083e-02
6.840328e-03
1.622031e-03
8.355857e-02
1.844825e-04
1.213954e-02
6.194717e-02
3.431542e-05
9.429884e-04
1.615658e-03
1.820749e-03
7.606585e-03
2.732126e-07
8.869413e-03
5.753824e-03
6.136381e-02
4.926758e-02
5.043824e-04
6.550612e-02
7.384297e-04
1.644823e-01
4.125246e-02
6.010544e-02
1.401125e-01
1.928177e-03
2.539422e-02
2.011077e-01
2.339364e-03
3.554854e-02
6.700808e-02
6.404205e-03
4.581964e-05
1.676934e-04
8.360286e-02
7.886022e-03
6.656495e-02
2.227967e-01
8.050275e-02
2.840218e-02
1.533937e-02
5.663964e-02
1.395359e-02
7.885219e-03
2.115640e-04
9.169053e-04
1.020571e-04
2.747882e-02
4.553134e-02
7.201198e-03
9.860089e-05
3.519463e-01
1.211396e-02
7.254945e-02
1.386289e-01
2.109391e-01
2.246561e-02
1.451337e-02
1.960136e-02
5.844661e-02
4.037209e-03
9.137253e-02
3.364182e-02
1.148208e-01
1.918647e-01
5.434050e-06
6.353322e-02
2.007528e-02
1.910580e-02
3.266849e-02
3.921005e-03
6.113028e-02
4.609686e-03
4.287552e-02
8.269551e-02
1.861441e-02
4.384230e-02
2.102217e-03
1.848631e-02
3.032096e-02
5.287408e-02
6.563640e-05
1.034218e-02
8.211191e-02
1.655454e-01
1.609111e-01
1.547889e-01
1.465134e-01
3.112405e-02
2.827191e-02
1.085858e-02
1.237873e-02
6.232608e-02
1.162460e-02
2.987454e-01
5.107617e-02
6.922582e-03
3.619456e-06
3.880895e-04
4.183151e-02
8.043227e-03
8.746433e-03
6.862119e-02
9.487456e-02
7.101807e-02
2.155988e-03
2.343873e-02
1.811090e-01
1.180895e-02
1.310157e-02
6.353601e-03
6.335476e-02
2.843155e-02
6.900560e-02
1.335530e-02
2.352630e-02
1.541745e-06
7.359804e-02
5.287640e-02
9.011721e-02
7.101085e-04
4.786276e-03
1.266863e-02
3.029087e-04
2.774993e-04
9.767189e-02
2.328550e-02
8.910416e-03
1.905994e-02
3.577960e-05
4.018560e-04
7.347599e-02
1.657675e-01
8.153261e-03
1.040509e-02
2.327010e-01
1.554600e-01
1.817388e-03
8.170109e-02
1.157656e-01
8.177682e-05
1.289639e-03
4.280555e-02
1.101708e-01
3.613063e-03
7.785706e-02
6.175619e-01
1.553089e-01
3.845696e-03
8.480097e-04
1.266264e-01
4.119794e-04
6.270697e-03
9.938101e-02
1.974160e-02
1.492585e-02
2.595789e-02
7.818825e-02
4.021949e-02
2.656760e-02
1.032186e-01
2.384913e-01
3.535993e-03
8.745770e-04
3.418011e-02
2.044408e-01
2.208409e-01
1.254248e-01
2.482021e-02
1.599531e-01
3.391153e-02
2.273494e-01
3.902673e-02
8.812492e-02
2.515506e-02
2.944077e-02
1.833283e-02
4.651663e-03
3.551611e-04
1.100059e-01
5.808954e-02
6.310164e-02
3.812057e-03
8.912091e-02
5.148044e-04
1.105753e-02
3.980091e-02
8.502644e-03
2.430785e-02
2.044696e-03
5.192513e-02
2.077116e-02
1.659745e-02
7.865121e-03
2.201816e-02
1.634816e-02
6.600853e-02
2.480349e-01
2.161777e-01
1.969904e-01
5.472686e-02
8.928524e-02
2.369247e-01
9.071207e-02
5.714371e-03
1.145281e-01
1.155385e-02
3.833741e-02
1.877635e-01
7.340511e-02
7.594350e-03
1.749624e-01
7.240307e-04
8.277711e-04
8.695692e-02
1.810868e-03
2.278290e-01
7.402588e-02
3.003146e-02
2.228584e-04
9.965779e-02
5.008451e-02
2.055001e-03
1.628186e-03
1.664499e-02
4.097215e-02
1.070233e-02
1.404724e-01
1.958404e-03
2.498816e-02
1.394271e-01
2.231386e-02
4.647381e-02
1.764670e-02
2.492521e-02
2.021214e-03
1.465153e-02
1.020061e-01
2.594550e-02
1.148107e-02
8.096607e-02
8.561249e-03
7.429115e-02
5.078589e-02
9.428477e-02
7.596981e-02
1.865415e-01
1.517296e-01
1.446722e-02
5.947298e-02
1.681674e-02
7.188629e-03
3.878404e-03
4.607577e-02
1.277875e-03
7.078115e-03
1.518620e-02
3.991826e-01
3.513946e-04
1.175704e-02
1.478938e-02
7.724343e-03
1.017721e-02
7.628577e-02
3.671975e-02
1.645928e-02
7.280526e-02
1.026135e-01
2.177383e-02
3.314804e-03
1.668768e-01
5.075866e-02
2.422271e-02
3.677111e-03
1.144707e-01
4.740763e-02
7.206747e-02
8.617347e-02
3.121302e-05
1.248937e-01
1.440132e-02
1.352031e-02
1.858896e-02
1.151765e-03
3.268226e-04
6.751086e-02
