3.186711e-03
3.436572e-02
1.940951e-04
1.949564e-03
1.543619e-01
5.516960e-02
1.400791e-02
3.682211e-02
1.245949e-02
1.655341e-04
2.972128e-04
5.142088e-04
8.662040e-03
1.638818e-02
3.825180e-02
1.004296e-01
1.311740e-02
3.837700e-03
3.115880e-04
5.997189e-02
9.755304e-03
1.762584e-03
5.770986e-02
1.014072e-03
2.000472e-01
2.554946e-01
6.545716e-02
3.979766e-02
2.104624e-03
6.679101e-02
1.714359e-02
6.388029e-03
1.775046e-06
1.035112e-01
5.169298e-02
3.415758e-03
4.923424e-03
2.072712e-04
4.975957e-02
3.202545e-02
2.643729e-02
1.151798e-02
2.091437e-02
1.277686e-01
2.974135e-01
1.641502e-02
1.190099e-03
4.625500e-05
2.121011e-02
1.373034e-01
6.135040e-02
4.570076e-06
2.375509e-03
2.374008e-01
1.001036e-01
4.439811e-02
3.322238e-03
3.678961e-02
2.487475e-03
6.488906e-03
1.665148e-03
4.556216e-02
2.103658e-02
5.186152e-02
4.865745e-02
1.759084e-01
1.709202e-05
4.184865e-03
4.689771e-03
9.252895e-03
1.954817e-01
1.015955e-03
2.209718e-02
1.060735e-03
6.301318e-05
3.183584e-02
9.644131e-03
2.391814e-05
4.158690e-03
1.083529e-02
4.742608e-02
2.270131e-03
4.627553e-02
1.605196e-03
9.834608e-04
1.480700e-02
1.209085e-01
3.219176e-01
2.704660e-03
4.171218e-03
7.847319e-02
5.755615e-02
1.488324e-01
2.538037e-01
1.668236e-01
1.617172e-01
1.053692e-01
1.794105e-02
5.734052e-02
1.002088e-02
5.299552e-03
2.843238e-02
6.370407e-02
1.681390e-02
3.747868e-02
5.032547e-02
8.207974e-03
9.180135e-02
8.072287e-03
9.990581e-02
5.083498e-05
2.465307e-02
1.412451e-01
1.270694e-02
4.585336e-02
1.672593e-02
1.067495e-02
5.142675e-02
1.861927e-02
1.230221e-02
5.554572e-02
7.095824e-03
6.948336e-02
1.526066e-01
6.805407e-02
1.150125e-01
3.334434e-04
1.887286e-05
6.947092e-02
8.640415e-02
3.945336e-02
7.777629e-02
2.684533e-04
5.012017e-02
6.842000e-03
1.371758e-01
1.058212e-01
1.535131e-01
1.394575e-04
5.230311e-03
1.889784e-02
2.063518e-03
1.371593e-04
2.275593e-02
4.763118e-02
4.581979e-03
4.291764e-02
3.428767e-03
4.685927e-02
1.739990e-03
1.831353e-01
6.192647e-03
2.569763e-03
2.745389e-02
9.009114e-03
6.238692e-02
3.130005e-01
4.624902e-02
1.984594e-01
6.163023e-02
6.721372e-02
6.316483e-02
1.225591e-02
3.840853e-03
1.038648e-02
1.395198e-02
4.965143e-03
5.323032e-03
1.614749e-01
1.548824e-04
2.458265e-02
1.215296e-01
1.853242e-02
1.107190e-01
5.286423e-03
4.333194e-02
2.623527e-02
4.402842e-02
2.548359e-02
6.607946e-05
3.353274e-03
8.725498e-03
7.163281e-02
1.997590e-02
3.791821e-02
1.341915e-02
3.320273e-01
2.474751e-01
7.277070e-04
1.341465e-01
1.939328e-02
1.324657e-01
1.165600e-03
2.923412e-04
1.662349e-02
1.435004e-03
2.850657e-02
1.082060e-01
8.828696e-02
8.147410e-02
4.647046e-01
2.237247e-02
4.833116e-03
1.491798e-03
1.978658e-01
5.552665e-03
2.177055e-01
8.875356e-02
3.802274e-02
6.958404e-03
8.497927e-03
4.975787e-03
1.169171e-02
7.117312e-02
5.934514e-02
6.290703e-03
2.702065e-02
3.174600e-02
2.075127e-04
2.070391e-01
2.742351e-03
2.243879e-01
6.120136e-03
1.686151e-02
5.099533e-02
9.195793e-02
1.087493e-02
9.800357e-03
1.053154e-02
2.297832e-04
1.065729e-01
1.714717e-04
2.218742e-02
1.708159e-01
2.382671e-03
1.189250e-01
2.749446e-01
2.588002e-02
9.104166e-02
6.497401e-04
9.579005e-03
1.214399e-03
5.293481e-01
1.352360e-02
5.900809e-02
6.020565e-03
1.364777e-02
3.374352e-02
2.238537e-03
5.103691e-02
2.590013e-03
1.679731e-03
4.498326e-02
1.190110e-01
1.218079e-02
1.182040e-02
2.297363e-01
4.093710e-03
6.947915e-04
4.102174e-03
1.361504e-01
1.271946e-02
1.085507e-01
1.092014e-02
2.583136e-01
2.350884e-02
1.485257e-01
7.588267e-03
1.894978e-03
1.448254e-01
6.105845e-02
3.219171e-02
2.164601e-01
3.072110e-02
3.496307e-02
6.770989e-02
1.394653e-03
7.721964e-02
2.101401e-02
6.710834e-02
1.945653e-02
6.579052e-03
4.527950e-02
1.526444e-03
2.743102e-02
3.051898e-02
2.465562e-02
2.204196e-04
1.910386e-01
2.693236e-02
2.196762e-05
4.751870e-02
1.478669e-01
2.281097e-01
7.276387e-03
2.129031e-06
1.458523e-05
5.210368e-02
7.146348e-03
2.690661e-02
3.099445e-02
1.128558e-01
1.623089e-03
3.404948e-03
6.171111e-02
4.451055e-02
5.662599e-03
7.131438e-03
1.681364e-01
3.500935e-03
3.472323e-02
1.649089e-04
4.362524e-02
2.619985e-02
9.913381e-02
2.036670e-02
1.441316e-01
5.487423e-03
4.417351e-04
2.452740e-03
1.139123e-01
4.553362e-02
4.358478e-02
7.441378e-02
2.789854e-02
3.297112e-01
4.669234e-03
5.076969e-02
3.987466e-03
1.633425e-01
1.374665e-01
1.570203e-02
2.959587e-02
6.869039e-02
7.922178e-02
1.437645e-04
6.769020e-03
4.453020e-02
2.317519e-03
1.044383e-01
1.499464e-03
3.347373e-08
4.228640e-03
1.038186e-02
7.343444e-05
1.178446e-04
2.027775e-02
4.993552e-03
1.394181e-02
1.308114e-01
3.687019e-02
7.232949e-02
1.629382e-04
7.857860e-02
5.507254e-03
4.707625e-02
1.114737e-03
1.350975e-02
3.740245e-02
6.529786e-02
1.350890e-01
1.190094e-01
8.901662e-02
2.162333e-03
6.675591e-03
5.760515e-02
7.938987e-02
4.799493e-04
7.400293e-02
2.316666e-06
1.412042e-01
3.010937e-03
1.137927e-01
1.124986e-03
1.402946e-04
2.145932e-03
1.297044e-02
6.635320e-03
9.486296e-04
5.896669e-03
3.701953e-03
5.449342e-02
1.518337e-05
4.664516e-02
3.218352e-03
6.984590e-03
6.806474e-02
8.092564e-03
8.709307e-02
2.724453e-02
9.033937e-03
2.024659e-02
3.732956e-03
1.041421e-02
1.153821e-02
3.318321e-02
6.353076e-02
1.969701e-03
1.890894e-02
5.071120e-02
3.198410e-03
2.701880e-03
1.080176e-01
7.563712e-02
2.424806e-01
8.174346e-03
8.092430e-02
5.462365e-02
5.101864e-05
6.230538e-03
3.221901e-02
5.075114e-03
2.892496e-03
2.980434e-04
5.351177e-02
6.448791e-03
1.652268e-03
1.885368e-01
1.199058e-01
1.428261e-01
2.248054e-03
8.730498e-02
8.014323e-02
6.071837e-03
1.814734e-03
4.000605e-02
1.120698e-01
7.358598e-02
4.052528e-02
3.515532e-02
2.617083e-03
1.434219e-01
5.047350e-02
8.891776e-03
6.772271e-02
1.431820e-02
1.217603e-01
1.816744e-01
3.991587e-03
1.418993e-03
1.410682e-01
2.965109e-03
2.750723e-02
2.684435e-01
1.279112e-02
1.280109e-01
1.590350e-11
1.626857e-01
9.218466e-02
1.482669e-02
6.810483e-02
3.941282e-02
2.769511e-01
9.996661e-02
1.714260e-02
8.011229e-02
3.700476e-02
2.761321e-03
2.300358e-02
2.443507e-01
9.345227e-02
8.556046e-04
8.841951e-02
1.456353e-04
6.868299e-03
1.179844e-02
1.227326e-04
2.269705e-02
2.755708e-01
3.640620e-02
3.477040e-02
9.783629e-02
8.643778e-04
1.575123e-01
1.637999e-01
4.853855e-03
2.281273e-01
3.157812e-02
3.099840e-04
1.201719e-02
2.962583e-02
1.138201e-02
3.732902e-03
1.784200e-01
1.987983e-01
3.030773e-03
1.501240e-03
1.599340e-02
4.530714e-01
1.689327e-03
4.902857e-04
3.095821e-02
1.209846e-02
1.604290e-04
4.700606e-03
3.193401e-03
1.506722e-03
1.261838e-03
1.173581e-04
7.772305e-03
9.247350e-02
7.508812e-02
1.761889e-02
2.657868e-02
1.682696e-03
1.021052e-01
1.481978e-02
9.674703e-02
1.081767e-01
2.977824e-02
6.919114e-02
8.807142e-02
4.234852e-02
8.912905e-03
2.937709e-02
1.108065e-03
9.933365e-04
2.076429e-02
4.831080e-02
4.637308e-02
7.681126e-02
1.630862e-01
4.437624e-02
1.160630e-02
1.866266e-03
9.260700e-02
6.945633e-02
1.181863e-01
5.111903e-03
4.476985e-02
2.009082e-01
9.592808e-03
8.415525e-03
8.581960e-03
5.527543e-03
2.542546e-04
1.573443e-01
1.499276e-01
3.299688e-03
1.042907e-03
1.258794e-01
3.169349e-02
2.902886e-02
5.130651e-02
5.838511e-02
9.037816e-02
1.114990e-02
8.273713e-02
5.469235e-03
1.478022e-03
4.515945e-02
1.913039e-02
1.495710e-02
6.081694e-03
1.058947e-01
1.282629e-01
2.156044e-05
6.195794e-03
6.247329e-02
1.745346e-03
1.643264e-02
3.473926e-03
2.548947e-01
7.838903e-02
1.642736e-05
2.180177e-03
8.179600e-03
2.892912e-04
6.556690e-03
2.040503e-02
1.333498e-02
2.059216e-01
1.200313e-01
1.162812e-02
5.975910e-02
5.558173e-03
2.076952e-02
1.656517e-01
8.257229e-02
5.316718e-03
2.296674e-02
1.164577e-02
1.498541e-01
5.425514e-04
6.297326e-02
6.275989e-03
3.082400e-02
7.358212e-02
4.622879e-02
1.612491e-03
1.909704e-02
3.607920e-02
2.600373e-02
1.523674e-02
