1.044237e-01
1.831572e-03
1.329013e-01
6.440746e-02
2.003785e-01
1.567348e-01
8.383842e-02
4.527594e-03
1.715422e-02
3.180703e-02
7.617728e-02
3.077947e-02
1.887386e-02
1.103117e-03
9.239636e-02
6.092171e-02
1.466262e-02
1.456743e-02
4.779313e-02
6.736601e-04
4.344735e-02
8.521035e-02
7.273621e-03
3.955450e-03
4.987582e-02
5.670470e-02
3.058381e-02
1.330499e-04
2.718698e-02
1.213836e-04
5.173388e-03
1.485691e-01
1.133425e-03
4.944994e-04
1.563679e-01
4.470370e-03
3.542202e-03
5.676462e-02
7.464333e-02
1.004852e-01
1.874627e-02
3.249558e-02
3.193350e-03
3.975907e-03
5.445449e-03
2.312424e-01
8.212562e-03
1.202893e-03
1.626707e-04
4.335149e-03
1.661375e-02
5.832550e-02
8.910522e-02
3.440831e-02
3.143844e-02
8.120203e-02
2.166959e-01
2.136026e-04
3.039994e-04
3.263323e-03
5.541737e-04
4.042929e-03
4.805894e-03
6.184636e-02
5.740828e-02
1.234430e-02
1.575587e-02
9.889214e-02
8.568318e-02
1.450373e-04
1.121752e-01
1.490208e-02
3.082016e-03
5.298528e-02
4.524391e-03
9.014526e-03
1.765414e-02
2.900395e-02
3.538200e-02
1.469433e-02
5.594388e-02
3.446656e-02
1.572912e-03
5.529232e-04
5.097621e-04
3.448280e-04
3.147095e-02
1.204247e-01
5.853706e-03
1.993866e-01
1.040351e-01
1.149558e-02
3.069979e-03
6.751931e-02
5.111232e-03
3.003844e-04
1.305973e-01
2.852059e-04
3.337834e-01
7.149959e-03
8.161045e-03
1.323467e-01
1.766298e-01
2.843737e-03
3.617997e-02
9.422251e-02
1.177386e-03
6.349022e-04
2.773059e-02
1.499997e-03
2.863468e-03
3.051267e-01
5.217486e-04
3.338290e-02
3.997764e-04
1.124136e-02
3.510551e-02
4.748903e-02
5.346782e-01
4.104350e-02
6.972266e-03
2.719498e-03
3.703266e-02
7.664161e-03
1.280806e-01
3.678611e-02
1.409250e-01
2.414307e-04
8.933189e-04
8.541389e-03
7.162341e-02
1.336281e-03
1.160047e-01
1.514475e-01
4.436458e-02
1.308517e-01
2.400833e-01
4.521727e-01
3.105188e-04
8.874059e-03
2.523838e-02
1.646385e-01
7.530381e-03
3.885214e-02
6.045431e-02
8.882748e-03
5.941078e-02
1.353707e-03
2.078696e-02
6.803892e-02
9.316648e-03
3.042721e-04
1.972015e-03
7.987824e-03
9.653629e-02
3.559281e-02
3.530549e-02
3.174687e-02
1.983419e-03
7.823602e-01
9.117487e-03
1.421248e-02
1.831289e-04
1.666954e-02
5.716138e-02
8.867918e-02
1.028033e-03
9.823247e-02
3.383341e-02
2.543594e-03
1.125282e-01
1.136174e-03
1.262828e-02
5.428694e-04
6.997025e-02
3.936493e-03
1.158535e-01
5.596085e-03
2.705626e-02
7.041823e-05
1.728689e-02
8.905037e-03
4.759577e-03
3.625666e-03
4.181012e-03
9.717808e-02
4.047876e-03
6.758872e-02
4.762990e-02
1.617755e-02
6.802312e-02
8.951586e-02
3.386373e-03
3.680245e-02
6.211032e-03
1.251923e-02
5.958830e-03
1.190136e-03
3.099417e-02
2.571452e-03
2.902231e-02
2.711661e-01
3.508549e-02
7.706854e-03
1.721745e-03
1.514082e-02
4.132448e-03
6.047452e-02
1.937151e-02
4.246358e-05
8.125286e-02
1.115480e-01
9.679704e-02
2.502903e-02
1.901101e-04
6.814951e-04
8.496343e-02
3.166235e-02
4.576232e-04
2.731357e-02
8.718142e-03
1.675341e-02
4.402281e-02
1.325983e-01
5.018001e-04
7.481449e-02
1.337054e-02
1.604914e-01
1.135016e-02
1.400852e-02
4.211940e-02
6.473734e-02
2.577228e-02
2.174805e-03
9.297022e-02
3.112388e-03
7.024486e-02
2.648395e-03
3.671326e-03
1.180769e-01
1.976200e-01
6.463141e-03
8.476121e-03
3.082901e-03
3.693665e-03
8.544294e-04
2.430007e-04
7.485482e-05
6.555598e-02
5.392498e-02
1.930364e-01
2.583842e-03
1.622442e-06
1.273218e-02
1.310523e-03
2.713688e-02
1.083478e-01
6.132091e-02
2.469939e-02
9.272755e-02
8.365598e-04
1.777578e-01
2.474886e-06
1.202656e-01
7.400076e-03
8.795699e-03
9.478435e-02
7.041990e-02
1.732790e-03
2.615370e-02
1.140765e-03
3.117197e-02
9.723306e-06
1.113708e-02
1.812761e-02
3.233816e-07
6.006565e-02
9.475449e-02
6.210211e-05
2.327244e-02
3.219847e-02
3.187367e-03
3.464718e-01
1.133998e-02
1.319779e-01
4.322989e-02
1.654861e-02
1.760267e-01
5.639789e-02
1.060820e-01
9.616510e-02
6.207616e-04
5.279834e-02
5.568242e-03
5.290447e-03
4.520216e-02
2.776639e-02
1.691564e-01
2.549975e-02
4.076559e-02
1.785509e-03
2.158588e-02
3.676673e-03
6.880963e-04
7.600221e-02
5.584899e-02
2.711226e-02
9.265829e-02
2.065995e-02
5.847693e-03
2.697661e-06
5.638065e-03
2.850280e-02
1.006793e-02
6.927234e-02
4.236401e-03
1.999989e-03
4.631586e-02
1.408777e-03
3.544737e-03
4.989822e-02
2.842625e-02
4.210280e-02
1.167921e-05
6.943034e-02
7.201467e-02
5.036702e-04
2.363443e-02
2.890266e-03
3.916403e-01
3.421377e-02
2.671782e-05
2.588481e-03
2.342222e-02
1.501299e-02
9.588024e-02
3.691682e-04
1.002267e-02
9.440744e-02
7.911693e-02
1.392356e-02
3.787188e-02
1.418806e-01
2.666770e-02
8.560657e-05
1.202559e-01
3.355304e-03
3.754938e-02
4.169071e-02
7.418642e-02
9.981114e-02
2.108656e-02
2.851323e-02
2.092503e-03
1.146906e-01
1.441624e-01
3.248505e-02
1.952275e-01
1.359087e-03
2.026915e-05
4.196077e-03
7.662091e-02
1.729289e-02
2.178911e-02
1.771298e-03
8.375336e-02
2.607906e-02
7.953211e-02
1.801031e-02
2.611620e-01
1.446025e-02
8.482913e-03
1.396321e-02
2.713877e-03
2.229623e-03
1.206112e-01
4.039778e-03
1.192319e-01
8.707183e-03
1.512892e-02
6.130986e-02
9.188521e-03
3.104443e-02
3.660571e-02
1.694521e-01
3.850189e-02
6.221790e-03
8.415524e-03
6.129103e-02
9.476594e-02
2.160959e-02
1.635057e-02
1.062570e-02
4.835636e-02
1.144532e-01
2.541722e-02
1.983620e-02
3.402104e-02
1.637652e-03
2.712566e-02
1.109892e-01
5.226263e-02
1.191357e-01
1.857608e-02
2.867348e-02
1.095193e-03
6.520742e-03
2.961429e-03
3.556043e-03
4.879479e-02
2.636327e-02
1.989715e-03
7.220568e-02
1.055255e-01
1.871734e-02
6.083100e-02
3.212064e-02
2.554751e-02
2.653274e-02
1.247806e-03
2.549894e-02
1.191868e-02
5.056628e-05
1.117868e-03
7.346225e-02
2.004410e-01
6.575558e-03
3.463973e-03
1.250377e-02
1.445018e-01
1.392821e-03
8.571321e-04
7.556010e-03
1.983670e-01
3.428132e-02
8.303689e-04
1.108509e-02
1.641893e-01
3.570286e-02
2.645271e-02
2.011028e-02
2.108903e-03
1.859339e-03
7.007602e-05
1.465915e-02
7.099750e-06
3.425614e-03
4.887631e-02
9.014102e-04
3.608387e-03
1.113803e-03
3.847443e-03
1.765318e-01
1.715244e-03
2.806740e-02
5.722664e-04
3.623843e-02
6.472553e-03
3.335099e-02
5.251682e-02
4.389381e-02
1.559263e-02
2.661257e-02
6.721771e-03
2.394311e-02
1.275142e-01
1.532359e-04
4.205335e-02
6.116620e-03
6.135977e-03
1.798640e-01
5.182171e-01
7.209617e-03
2.286800e-02
4.751550e-02
1.199904e-02
3.081700e-02
2.351656e-02
1.168293e-01
3.103251e-02
1.308650e-02
6.200482e-03
3.577827e-03
5.043619e-03
5.991586e-02
1.707578e-01
8.902538e-02
2.265065e-03
1.292225e-01
1.214107e-01
1.524212e-02
6.322181e-02
4.189937e-02
1.776926e-01
4.430112e-02
3.337162e-03
1.984383e-02
8.308961e-03
3.519892e-03
6.759747e-04
4.850224e-02
8.590932e-02
6.943863e-03
6.215680e-02
1.550947e-02
3.612917e-03
6.515739e-04
7.058533e-02
9.484680e-02
4.021944e-02
2.426604e-02
7.011345e-05
1.642673e-02
1.175869e-01
1.763480e-02
1.205022e-02
2.985377e-03
2.688419e-02
4.982248e-03
1.243609e-01
3.028041e-02
5.827289e-01
9.505982e-02
3.615402e-02
7.325184e-02
6.802355e-02
1.793223e-02
2.084033e-03
8.866832e-03
5.882778e-02
2.325119e-01
6.025541e-02
4.332451e-03
1.272465e-02
1.425338e-04
1.788534e-03
6.646137e-02
4.335257e-03
1.397529e-01
1.705947e-02
7.936407e-04
2.608073e-04
7.780915e-06
6.273236e-03
7.109752e-02
6.542982e-02
7.191902e-03
6.706427e-06
7.313040e-02
3.372367e-02
5.563476e-02
5.916892e-02
2.749093e-03
1.967275e-01
1.093264e-02
3.139434e-02
6.039875e-02
8.631466e-02
1.046432e-01
5.278513e-02
4.604817e-03
5.045945e-02
5.029805e-04
2.292006e-03
4.331582e-03
6.184142e-02
7.516139e-02
2.104806e-02
1.757802e-01
3.830692e-03
1.549547e-01
2.255903e-03
9.719429e-02
3.911975e-06
2.214603e-03
6.209372e-04
1.762280e-01
2.035931e-02
2.943772e-02
1.550220e-02
2.667561e-03
8.459476e-02
1.277030e-05
8.639164e-02
3.197209e-01
1.808658e-04
1.051275e-01
2.739838e-01
1.581433e-01
1.336037e-02
2.584220e-02
1.967623e-02
1.984504e-01
8.563538e-02
