1.689690e-02
1.054506e-02
1.605627e-02
1.068783e-02
1.050613e-01
3.754663e-02
1.823050e-01
1.316998e-01
6.614835e-03
1.277057e-02
4.555663e-03
1.013675e-01
5.151417e-04
2.759235e-02
5.892267e-03
1.147408e-01
6.825952e-02
5.618721e-03
1.723151e-03
3.275935e-02
8.244430e-03
4.833374e-02
5.232012e-02
4.575903e-02
2.040218e-01
8.386342e-02
5.065130e-03
1.924924e-02
7.198980e-03
1.114243e-01
4.558676e-03
1.385682e-02
2.242558e-01
4.843156e-04
2.221817e-03
4.546414e-02
2.577980e-02
6.782736e-02
5.677128e-02
1.159092e-01
1.526349e-03
5.200668e-02
3.815730e-02
1.681153e-03
2.877987e-03
2.589016e-04
8.341745e-03
1.375823e-01
3.346632e-02
6.372593e-03
4.180962e-02
1.089550e-04
1.426737e-02
8.615048e-02
1.400813e-02
5.158314e-02
1.132078e-03
1.320229e-01
3.542154e-02
3.728608e-04
1.011456e-01
1.724050e-02
1.685517e-03
7.432986e-03
3.002685e-02
7.200484e-02
1.498796e-05
3.499493e-03
3.089956e-02
5.882013e-03
6.003203e-05
1.195642e-01
1.878760e-02
3.022677e-02
5.140695e-02
3.805577e-02
2.414266e-03
4.777627e-02
4.259963e-02
2.026588e-02
4.050140e-02
7.500908e-02
1.973043e-02
1.570164e-01
3.215147e-02
3.818698e-02
2.634972e-02
6.614262e-02
2.640705e-02
1.278367e-01
4.429525e-02
7.360307e-02
1.311477e-05
2.968255e-04
3.246005e-02
6.251375e-03
1.254916e-02
4.484891e-03
8.437107e-02
3.091994e-02
2.877457e-02
4.319333e-03
4.363305e-03
1.305660e-01
1.286793e-01
1.693318e-01
2.331929e-02
3.836035e-02
6.406569e-02
1.766528e-01
7.252773e-02
7.050899e-02
1.427708e-02
4.425551e-02
1.063340e-02
3.600720e-03
1.988062e-02
5.772635e-02
3.228259e-04
3.691795e-02
4.451391e-01
3.746013e-02
2.875425e-04
1.097062e-02
2.252508e-01
2.070133e-03
2.234850e-03
4.564638e-03
1.074749e-01
2.679698e-02
4.580616e-02
4.253835e-02
3.372301e-02
3.845131e-03
7.226050e-02
1.420756e-02
3.370380e-02
7.405582e-03
1.492118e-02
1.116221e-01
3.285845e-01
4.924697e-03
1.033062e-04
2.941910e-02
1.017444e-02
6.642527e-02
1.157089e-03
1.705508e-03
1.107796e-01
1.006034e-02
1.019660e-01
7.659392e-02
6.718676e-02
4.093782e-04
2.483748e-02
2.285763e-03
9.166251e-03
2.301924e-02
4.883840e-02
8.595547e-03
2.529584e-02
5.110110e-02
1.414847e-03
1.824011e-02
6.770975e-03
1.346642e-01
1.512277e-02
1.975599e-02
8.593755e-02
8.896533e-04
9.499071e-02
3.028681e-03
1.112765e-01
1.793811e-02
1.964797e-01
2.060149e-01
3.252108e-03
2.906102e-02
8.255327e-02
1.229753e-02
8.518900e-05
6.813009e-02
1.592302e-02
1.612483e-02
1.802379e-02
5.560602e-02
2.802105e-02
2.455254e-03
2.149422e-02
5.279525e-03
3.974517e-02
1.672606e-03
1.055087e-01
3.156768e-02
4.920421e-03
3.238044e-02
6.313524e-02
3.337723e-02
6.543074e-02
1.048924e-04
4.920333e-03
1.647636e-03
3.074449e-04
1.134052e-02
1.986660e-02
1.143677e-02
3.744199e-02
1.956044e-01
9.099231e-05
3.963501e-05
1.474025e-02
1.265732e-03
7.198380e-03
5.399522e-02
6.000575e-03
3.265076e-03
1.514016e-01
9.791277e-03
1.632939e-04
9.316451e-04
5.841884e-02
3.014413e-02
4.861511e-02
6.503259e-03
2.559794e-01
4.748716e-03
9.608050e-02
3.503239e-02
2.110674e-02
3.090178e-02
2.982231e-03
1.314352e-02
1.483533e-01
8.514767e-03
8.196249e-03
1.733440e-03
4.469091e-02
2.268889e-02
3.236906e-02
6.535561e-05
2.159952e-03
2.506851e-02
1.489546e-03
6.720191e-03
7.347216e-02
2.171431e-01
3.792973e-04
7.559285e-02
8.314802e-03
5.422875e-02
4.487351e-03
2.944410e-01
8.556687e-02
4.766919e-02
8.236576e-03
2.903136e-02
1.444772e-02
1.267677e-01
5.341200e-02
6.361085e-03
1.423511e-03
6.287371e-01
5.755990e-02
1.271340e-01
1.291521e-03
5.216836e-02
1.576038e-03
1.019455e-01
6.929643e-04
7.658770e-02
6.055071e-02
1.585342e-01
1.542327e-02
1.344826e-03
5.818489e-03
2.508983e-02
3.878354e-02
6.967855e-02
5.758253e-03
6.414838e-02
1.326726e-01
8.911776e-02
7.600991e-02
4.444172e-01
4.738357e-05
6.107776e-04
7.499480e-06
1.277917e-02
6.969780e-04
1.486887e-01
2.400325e-01
1.412863e-01
3.105292e-02
3.981578e-03
2.577993e-04
1.176535e-01
4.836131e-02
2.385212e-02
3.901162e-02
5.429399e-03
5.335512e-03
8.100868e-03
1.648434e-01
1.139231e-04
1.650630e-01
2.308940e-04
8.196876e-03
9.481670e-02
1.134596e-01
6.111706e-03
1.907723e-02
2.708517e-02
5.471311e-03
9.085582e-04
1.585331e-01
6.557084e-04
6.649737e-03
3.225834e-03
1.162443e-02
5.154209e-02
5.061477e-03
6.930429e-04
2.358654e-03
1.374989e-03
6.374585e-02
1.009699e-01
9.552033e-02
3.856717e-02
1.515230e-02
1.560642e-03
3.328663e-02
2.190186e-01
1.019278e-02
2.565647e-03
3.043352e-02
1.987343e-02
3.965216e-02
1.710317e-02
6.039971e-02
2.526405e-03
1.095242e-04
1.443535e-02
1.156066e-02
7.716271e-02
2.716608e-03
4.306572e-02
7.039712e-04
4.244724e-01
1.045285e-01
6.505322e-02
2.810310e-02
7.053744e-02
2.635858e-02
3.258554e-02
1.848263e-02
1.209090e-04
9.710111e-02
1.861728e-02
3.905336e-02
4.054513e-02
3.387262e-02
3.087469e-04
2.960652e-02
2.049021e-01
3.628839e-02
7.871207e-02
1.093417e-02
4.666021e-02
3.907769e-03
2.909884e-02
6.599604e-03
4.743693e-03
2.128874e-02
1.243129e-04
4.310337e-02
3.139973e-02
1.121496e-02
3.107817e-02
5.107944e-04
5.987732e-02
3.216592e-04
1.403085e-01
1.812364e-04
3.308144e-03
5.435360e-02
3.950966e-02
7.181672e-02
1.453281e-02
1.573539e-01
2.107100e-04
8.006003e-02
1.352577e-02
3.497055e-01
2.466297e-01
6.802495e-06
4.668106e-02
3.711158e-03
3.328173e-02
2.712560e-03
1.671582e-02
6.817488e-03
5.634830e-02
1.176854e-02
8.147180e-02
5.968890e-02
6.549842e-07
5.786528e-03
9.081523e-02
4.207461e-02
1.875916e-02
2.659634e-01
3.939184e-03
2.151676e-03
2.154113e-02
7.131420e-02
2.716876e-02
2.373956e-02
5.817470e-04
1.581538e-02
1.129523e-02
1.428617e-02
7.479457e-02
7.358340e-03
9.424281e-03
1.464951e-02
2.228752e-01
1.881995e-02
2.520567e-01
4.534807e-02
3.367007e-04
8.875698e-02
1.155916e-02
1.329429e-03
1.029034e-03
9.152108e-02
3.000171e-01
1.294741e-02
1.369183e-02
3.645548e-02
3.518526e-02
4.436086e-04
3.900887e-03
2.062304e-02
2.922835e-02
1.231491e-02
1.083665e-01
9.801112e-03
6.476503e-03
5.827939e-02
2.535267e-03
6.911354e-02
2.532313e-02
9.384043e-03
3.603832e-01
7.568211e-03
2.016968e-01
1.214603e-01
5.530780e-02
1.177546e-02
1.009963e-01
3.443531e-02
4.313414e-02
1.395648e-04
1.837235e-02
5.297108e-01
1.097057e-02
1.214027e-03
1.905074e-04
2.781577e-01
1.853983e-02
6.600035e-02
1.642436e-01
8.818329e-03
7.051072e-05
5.902375e-02
1.359926e-02
2.450417e-02
1.191977e-02
1.097242e-02
3.795323e-02
1.038999e-01
8.956625e-03
3.270363e-03
9.990138e-02
1.005093e-02
1.855723e-03
4.100155e-05
3.280492e-03
2.316193e-04
2.604937e-02
4.457385e-02
1.563893e-04
1.619235e-03
2.047724e-02
4.800151e-03
7.259775e-02
7.434059e-02
8.281591e-04
8.757730e-02
3.626769e-03
1.373865e-01
7.060185e-02
2.667766e-02
4.115185e-02
2.465185e-02
1.940747e-02
3.453857e-01
1.371080e-01
1.048969e-01
2.407061e-01
1.272397e-01
3.581436e-03
7.881950e-02
2.460603e-03
2.789319e-02
7.245818e-02
5.513405e-02
1.491934e-02
2.329755e-04
8.938397e-02
9.745004e-02
4.827608e-01
5.578191e-03
3.089606e-04
9.663729e-03
5.892421e-03
1.248512e-03
6.333795e-02
4.538686e-04
6.332763e-05
6.032455e-02
2.257164e-05
9.176322e-03
5.272871e-03
7.232317e-03
4.552181e-01
1.767332e-01
8.861949e-02
6.988684e-02
6.709516e-02
3.344041e-03
3.073236e-02
1.311866e-01
2.285617e-02
3.226362e-01
8.738944e-03
1.180477e-04
1.557441e-02
1.590260e-02
5.459888e-03
2.551586e-03
3.216652e-02
3.876020e-02
1.240429e-02
6.667279e-04
5.881684e-02
5.958180e-02
9.776913e-02
8.014885e-02
3.834280e-02
1.457433e-01
1.189161e-01
2.440377e-02
3.285518e-03
1.574799e-01
1.000476e-01
1.886960e-05
1.284029e-01
4.772231e-03
2.300984e-02
1.799994e-02
1.032487e-01
1.150328e-02
2.360903e-02
3.289132e-03
8.350814e-03
4.226677e-02
2.049786e-03
3.858547e-03
2.016930e-03
4.505390e-03
7.786255e-03
1.746221e-01
5.985352e-01
1.373500e-02
5.457224e-02
6.242112e-02
3.896897e-05
3.872286e-03
1.048716e-02
2.869963e-03
1.975833e-02
1.301293e-02
2.008164e-03
