1.393295e-01
8.684937e-03
8.284122e-03
2.008942e-01
2.756088e-01
1.085427e-02
2.495611e-02
1.567758e-02
4.293220e-08
2.475751e-01
6.281611e-02
2.880620e-03
1.030865e-01
9.463289e-03
1.651847e-01
6.682034e-02
8.076491e-04
3.619988e-03
2.704803e-01
7.414379e-05
3.344268e-04
3.560914e-03
1.277352e-02
1.340773e-04
5.323560e-02
1.757205e-02
2.340762e-02
1.225576e-05
1.817758e-02
4.295568e-02
1.173048e-02
1.074789e-01
5.759251e-02
1.501803e-02
6.694222e-04
2.381086e-03
9.353014e-03
2.967528e-02
6.905916e-04
1.125724e-02
3.097412e-02
1.151622e-01
5.090149e-02
1.526261e-01
7.006802e-02
1.358900e-04
4.878305e-02
2.098573e-01
3.832491e-02
6.019496e-02
6.109885e-02
1.561052e-05
1.457594e-02
3.079196e-02
1.791408e-02
3.906203e-02
2.072841e-03
2.282230e-03
4.229071e-02
3.785289e-02
2.542951e-02
1.670224e-03
1.651009e-01
2.190128e-03
1.173376e-07
3.873366e-03
9.439765e-02
2.236422e-01
7.979328e-03
2.624953e-02
1.385546e-02
1.094536e-01
8.370693e-03
7.914074e-02
6.725183e-02
9.065335e-04
1.526407e-01
6.056667e-02
8.720019e-04
1.250809e-04
9.638891e-04
9.733484e-02
2.262204e-03
1.352868e-03
3.316057e-02
4.200834e-03
8.981818e-02
1.910043e-02
1.674110e-01
6.915143e-03
2.774055e-01
8.113341e-02
1.112433e-02
5.895930e-03
7.858306e-03
3.355813e-02
1.690397e-01
1.005037e-01
1.302713e-01
3.879273e-05
7.203907e-03
1.295508e-01
1.002929e-02
6.810189e-02
4.404480e-03
1.425848e-01
1.574343e-02
2.488085e-02
1.712108e-02
5.286031e-02
4.071092e-02
2.045921e-01
3.121171e-03
5.256201e-02
7.007048e-04
1.231968e-03
1.331786e-01
4.680816e-03
4.404672e-01
6.433915e-02
1.548502e-01
1.223182e-02
1.552268e-02
6.062060e-02
1.004517e-02
3.822283e-02
6.575782e-02
6.450115e-02
1.801300e-01
1.367985e-02
1.120083e-02
9.942404e-04
4.629625e-02
9.702168e-02
6.416696e-02
3.575081e-04
7.106195e-03
7.663205e-02
6.201752e-04
1.216803e-03
8.577420e-05
5.291779e-02
6.051589e-03
2.251160e-02
4.741671e-03
4.594752e-03
9.125081e-05
1.379596e-02
1.371720e-02
4.490409e-03
9.399414e-02
4.278597e-03
2.829858e-01
6.155389e-05
1.269045e-06
8.681625e-03
8.228184e-02
4.480942e-02
1.034499e-02
8.388195e-02
1.123600e-01
1.661440e-03
6.936392e-02
5.887415e-02
6.038504e-04
2.311472e-01
7.240135e-02
9.446729e-02
1.749127e-02
6.145644e-02
3.513490e-03
2.754418e-02
1.352614e-02
1.073695e-01
2.334311e-02
7.769387e-03
1.281816e-02
1.839461e-01
9.084022e-07
5.374132e-02
8.544794e-02
9.419013e-03
1.124702e-02
2.527541e-07
1.492620e-05
4.440662e-04
7.162516e-02
1.117071e-01
1.068595e-02
3.189418e-02
4.947129e-05
5.679091e-03
1.986941e-02
1.465110e-03
2.476895e-02
3.512366e-02
6.839556e-03
1.674064e-02
2.252744e-03
1.406754e-01
8.866907e-03
1.956047e-03
3.840291e-02
4.324001e-02
1.036017e-01
8.036803e-02
1.194745e-02
5.528735e-03
2.601848e-02
2.018392e-02
3.422158e-02
1.055237e-01
6.076259e-02
2.479127e-01
5.893392e-06
8.560084e-03
1.705565e-01
6.556349e-03
2.881695e-01
1.955544e-09
1.800870e-01
5.335879e-03
8.475618e-02
1.642793e-02
3.995772e-04
5.692788e-02
2.604224e-02
4.484560e-01
4.936850e-02
1.450191e-02
1.920055e-03
1.439709e-02
2.082145e-02
5.234447e-02
3.235392e-03
1.750819e-02
1.874200e-01
1.525380e-02
6.583773e-02
9.309285e-03
5.721094e-02
1.337793e-03
3.565876e-02
1.138291e-01
3.534115e-02
4.207887e-02
9.901708e-03
2.376372e-02
2.394705e-02
1.132590e-01
1.775065e-01
2.267359e-03
1.307434e-02
1.451486e-04
1.423395e-04
2.142985e-02
2.651895e-04
5.511877e-03
6.428144e-03
2.812714e-01
6.362088e-02
1.454460e-02
4.802769e-02
2.627091e-01
8.823628e-02
7.581766e-02
1.222939e-01
4.349992e-02
1.634284e-01
2.122241e-01
1.047849e-01
1.273636e-02
7.700865e-02
8.436280e-03
4.918718e-02
1.345383e-02
3.508988e-03
2.269513e-03
1.978692e-02
3.632521e-04
3.855957e-03
2.817852e-02
3.082054e-02
3.266622e-03
5.953608e-02
3.494277e-03
1.221658e-02
1.046812e-01
1.540141e-01
2.388234e-02
1.027639e-02
4.377672e-02
2.300548e-03
1.191221e-01
1.277381e-02
9.456324e-03
8.111491e-02
4.093850e-02
6.650580e-03
1.122363e-02
2.939087e-02
6.657496e-03
4.193338e-02
3.514069e-02
7.696204e-02
1.827642e-02
9.238574e-03
3.809891e-02
5.351183e-02
4.412875e-02
8.560374e-05
6.752963e-02
2.873067e-02
1.577196e-01
2.063507e-04
1.852410e-02
2.597940e-02
2.173648e-01
6.754923e-03
5.093761e-01
6.464052e-03
1.169270e-04
6.774519e-02
2.722896e-02
7.011126e-03
5.743346e-04
8.303130e-03
8.997733e-03
2.589669e-01
1.930991e-02
7.228443e-02
8.479211e-02
5.248401e-03
3.257468e-02
2.579718e-01
8.646092e-02
3.488280e-02
3.069273e-02
2.120079e-01
1.177750e-03
7.419430e-04
1.554986e-01
3.456153e-02
7.157672e-02
1.175502e-02
1.749799e-04
1.863698e-02
5.279073e-02
4.092198e-02
8.955148e-02
1.834014e-02
1.267937e-01
1.399865e-01
1.997271e-03
1.141224e-01
1.620841e-03
2.125312e-01
4.877561e-02
4.801868e-03
3.453577e-02
7.027965e-07
1.475360e-01
7.133414e-02
1.623000e-01
1.488741e-02
1.069613e-01
2.499179e-02
7.460130e-02
1.240136e-02
1.136283e-01
2.449289e-02
2.973123e-03
1.231634e-02
1.252370e-02
2.599086e-05
1.142504e-02
1.895843e-02
1.009481e-02
3.417746e-02
3.049425e-02
4.141916e-05
6.101769e-04
1.937916e-05
1.282872e-01
9.740680e-04
2.453182e-03
2.487526e-02
3.775802e-02
2.458622e-01
3.832359e-02
2.100330e-02
3.332164e-03
8.568217e-03
1.176519e-01
1.303962e-01
6.508019e-03
1.109680e-01
3.024415e-03
4.867565e-03
6.180029e-02
9.507479e-02
2.152723e-02
9.794131e-02
9.156854e-03
2.086852e-02
9.219879e-02
2.449283e-01
3.951936e-02
3.660846e-02
1.499231e-02
2.376568e-02
5.045048e-02
1.077633e-03
2.439644e-02
1.975489e-01
8.567187e-03
2.301718e-02
2.933609e-01
4.556913e-03
1.649932e-02
4.008833e-02
5.671762e-02
1.944788e-02
1.481186e-02
1.544654e-02
1.012335e-01
1.884304e-01
2.878707e-02
1.243902e-02
3.308164e-04
1.033333e-02
2.739950e-02
2.229869e-01
5.851888e-02
5.570591e-04
2.366166e-02
1.636383e-03
5.328981e-02
1.901346e-02
5.237344e-02
2.859721e-02
7.196482e-03
7.532868e-03
3.042474e-03
2.312126e-03
1.516181e-03
1.629184e-02
8.844991e-03
1.684413e-01
1.302449e-02
1.499357e-03
6.423466e-02
1.871506e-01
3.768236e-03
1.993971e-03
2.938056e-02
2.354577e-02
1.841794e-02
4.675126e-03
1.339458e-01
3.053415e-02
9.150799e-03
1.766488e-01
1.419308e-02
1.594145e-01
2.116894e-01
1.558801e-01
1.369798e-01
3.184342e-02
3.649540e-02
1.432271e-01
9.606436e-02
8.593536e-03
4.548000e-02
1.617248e-01
7.460958e-02
1.088761e-02
2.017810e-04
3.458736e-03
1.271435e-02
1.390040e-02
5.107703e-02
1.868332e-02
1.575980e-02
6.659105e-02
7.600685e-02
7.173245e-02
2.852747e-02
4.965080e-04
1.528517e-02
1.079247e-01
3.663942e-02
5.866011e-03
6.645203e-03
1.048429e-02
1.483250e-05
6.104895e-03
1.521104e-01
2.451836e-04
1.072016e-01
5.966688e-02
5.044693e-02
6.569130e-03
2.241438e-02
9.475057e-04
5.386559e-02
1.203367e-02
6.946312e-02
1.627296e-02
1.061944e-01
3.252282e-01
6.026012e-02
6.460143e-02
4.662128e-02
8.319248e-02
2.883030e-02
1.282703e-03
8.768747e-02
5.558258e-02
6.315714e-03
4.448486e-02
1.460617e-01
1.289302e-01
1.771488e-04
1.161442e-02
3.177444e-01
4.005116e-03
1.321288e-02
1.602288e-01
1.665763e-02
1.353265e-01
3.616402e-03
2.046708e-03
1.216000e-02
2.424202e-03
2.780986e-02
1.623560e-02
8.264191e-04
1.572420e-02
2.807949e-02
1.198660e-02
5.298428e-04
6.303886e-02
1.410513e-01
1.079951e-02
1.806163e-02
1.379302e-03
1.875007e-02
3.360170e-02
6.961757e-03
1.848138e-05
7.732156e-03
6.042922e-04
3.227479e-01
1.935485e-02
6.910330e-02
3.387484e-02
1.245767e-02
1.551369e-02
7.793262e-09
9.487908e-02
5.215948e-04
5.266471e-03
2.410337e-02
9.336510e-04
1.858533e-06
1.208599e-01
3.623825e-02
8.047433e-04
1.205229e-02
2.860776e-02
3.660676e-02
2.259570e-02
9.667004e-03
1.774619e-08
5.610884e-02
1.478490e-02
7.350847e-02
6.342738e-03
2.218603e-02
1.762036e-01
5.145262e-02
7.498026e-03
9.075379e-02
2.310679e-03
5.684424e-03
1.815411e-01
1.035122e-03
7.016588e-02
3.559052e-04
5.713563e-02
1.711678e-05
4.089108e-02
2.367974e-02
