2.876651e-01
8.525648e-04
1.349748e-02
3.547064e-05
4.203915e-02
6.276464e-02
1.163220e-01
1.182699e-02
1.002460e-01
1.261673e-02
2.373924e-02
2.295606e-02
2.511599e-02
1.731836e-01
1.358145e-02
2.202277e-03
5.161634e-02
1.384938e-02
3.432249e-03
2.905359e-01
3.133959e-02
2.808916e-04
5.491069e-03
1.752923e-03
7.068547e-02
5.052531e-02
2.263523e-02
3.704378e-01
5.279448e-02
7.160082e-02
9.283782e-04
1.795429e-01
9.024861e-02
1.393128e-01
7.717083e-03
5.845998e-02
1.694576e-01
2.348607e-02
3.729654e-02
2.754174e-03
3.564003e-02
1.050013e-02
7.032239e-02
6.154291e-03
2.865417e-04
2.205235e-01
7.451756e-02
5.985051e-02
1.169942e-01
7.816838e-02
1.424924e-01
8.806854e-02
9.053898e-02
3.780429e-02
7.039355e-03
1.859744e-05
1.401429e-03
9.788797e-02
1.033503e-03
8.188481e-04
1.052622e-02
1.231782e-02
2.151192e-03
6.209345e-04
1.644523e-01
4.477696e-02
3.468326e-01
6.571384e-03
9.539059e-03
3.611483e-05
2.379374e-01
4.284606e-03
1.211680e-01
3.279272e-01
2.582353e-01
2.899375e-02
3.510019e-02
2.570312e-02
2.506587e-01
1.186190e-02
4.580225e-02
1.074103e-01
4.751174e-03
2.108685e-01
1.342925e-02
1.816925e-03
1.298450e-01
2.783205e-02
1.875545e-02
5.607136e-02
2.858191e-03
1.366417e-04
8.284072e-02
8.117343e-02
1.409443e-01
1.527170e-01
2.334277e-02
4.095547e-03
1.226109e-01
4.657875e-02
8.622226e-02
6.264795e-04
1.778252e-01
3.450948e-03
5.097418e-02
9.830054e-03
1.499664e-02
5.546854e-03
1.831353e-02
1.642612e-01
9.212530e-02
5.137849e-01
3.082391e-03
1.050940e-01
9.995109e-05
6.618935e-05
3.913923e-03
2.041925e-02
4.024137e-02
1.310337e-04
1.297057e-02
6.573775e-03
1.806216e-03
6.260399e-02
8.415562e-02
7.389161e-04
1.555501e-03
4.870664e-04
2.366381e-03
5.968209e-02
3.829293e-02
5.762447e-03
3.209736e-02
5.248785e-03
3.997257e-02
1.490608e-01
8.490499e-02
2.616938e-02
8.684536e-04
3.232142e-02
1.264140e-02
3.579905e-02
4.890031e-04
2.797451e-02
7.006406e-02
1.937135e-02
6.206497e-02
3.122888e-02
7.836737e-04
1.893978e-02
2.142367e-02
1.429401e-01
1.033146e-01
6.970233e-02
3.942182e-03
1.138862e-01
1.592535e-05
1.159993e-03
1.026308e-01
5.488538e-02
6.519358e-03
3.882826e-03
2.492304e-02
5.093334e-02
2.982503e-03
1.849335e-01
5.811834e-02
1.917603e-01
1.130029e-04
6.142516e-03
4.113034e-03
7.223646e-04
1.180112e-01
1.267535e-01
1.728017e-02
2.881333e-02
5.393338e-04
4.247418e-02
6.255277e-04
9.531231e-03
1.861089e-01
3.148737e-03
3.951923e-02
5.530250e-04
1.425697e-02
3.094621e-02
3.516369e-01
2.962332e-02
2.320751e-02
3.034149e-03
1.909418e-02
1.959256e-01
2.664809e-02
2.044063e-05
4.667062e-03
7.912440e-03
1.607869e-04
3.283433e-04
3.494349e-04
8.307866e-03
2.123457e-02
6.850560e-02
4.217526e-02
4.798341e-03
5.533604e-04
8.098991e-02
3.736270e-03
4.548732e-02
2.068954e-07
8.263011e-02
2.545951e-02
3.450207e-04
4.547382e-02
1.037379e-01
1.929994e-02
1.123251e-01
8.931202e-02
1.940311e-02
9.284240e-02
1.453856e-02
5.594778e-03
1.339248e-01
8.123396e-02
1.083277e-01
7.397914e-03
6.956269e-02
6.586208e-02
1.157682e-02
1.573879e-02
2.064491e-01
1.377272e-01
2.304008e-03
5.324194e-04
5.581347e-02
3.913969e-02
3.061166e-03
7.432655e-03
1.925145e-02
2.153957e-01
7.576255e-03
2.067239e-02
4.707771e-04
6.418538e-02
4.816518e-04
7.757213e-03
4.328072e-02
1.138460e-01
3.663630e-02
7.854675e-02
5.413044e-03
1.515131e-01
1.935146e-01
1.509933e-01
1.066456e-02
2.562808e-01
2.298432e-02
1.609576e-01
2.575082e-01
4.437664e-03
8.253345e-03
3.488848e-01
3.822127e-04
8.340009e-02
2.586230e-02
5.156418e-02
8.811920e-02
1.063792e-03
8.683595e-02
4.137253e-03
2.153303e-02
7.061811e-02
3.413925e-02
1.325338e-01
1.058405e-03
1.053460e-02
7.388336e-02
4.988053e-06
3.715607e-02
2.349666e-01
5.857147e-02
6.262649e-05
8.739576e-02
2.138835e-02
1.471058e-01
1.162911e-02
7.809677e-02
2.649333e-01
5.543034e-03
1.147828e-01
1.013953e-01
1.066824e-01
3.062172e-02
1.839960e-02
9.014795e-02
1.654521e-02
1.159631e-01
9.657109e-04
9.912218e-04
2.245596e-02
1.568393e-01
3.486480e-02
2.192088e-02
2.970717e-02
6.345765e-07
5.274182e-02
1.509905e-03
1.408343e-01
1.264414e-03
3.144811e-02
1.224464e-01
9.914766e-03
5.101428e-02
9.343694e-03
1.644179e-02
4.384462e-02
3.154540e-01
1.936312e-02
7.261591e-03
1.030040e-01
8.861793e-03
1.649358e-02
1.588550e-03
3.208424e-04
8.655888e-03
6.468494e-06
1.222024e-01
5.105065e-02
1.420259e-01
1.091509e-01
1.641407e-01
1.646096e-03
5.526597e-02
6.902809e-02
6.830259e-02
1.855850e-03
1.498924e-02
1.136434e-02
4.446223e-02
4.511829e-02
5.739011e-02
9.120376e-02
2.179366e-02
5.768373e-02
9.478074e-05
3.178794e-01
4.058084e-02
2.010245e-02
1.079252e-01
3.733752e-02
2.002076e-05
7.854795e-03
2.153650e-02
2.461759e-03
1.930222e-01
2.263045e-04
2.280295e-02
1.596839e-01
2.377378e-03
1.374322e-02
1.421572e-01
8.501255e-03
5.167324e-02
5.609262e-03
4.464948e-05
4.313544e-02
7.936844e-02
1.294829e-02
1.443436e-02
9.481859e-02
7.918582e-03
8.741077e-03
6.059129e-02
3.231240e-01
1.394366e-01
4.824030e-02
5.129162e-04
1.976332e-02
9.191907e-05
1.383028e-01
4.032580e-02
9.045758e-04
2.441387e-04
9.056099e-03
3.284614e-04
3.389463e-02
8.197515e-02
2.969362e-05
8.529129e-03
1.955315e-01
3.931615e-04
6.040702e-03
1.986120e-01
7.782177e-03
7.194354e-03
2.583108e-01
1.700536e-01
8.050218e-04
2.143111e-02
5.637154e-03
1.416424e-02
1.458229e-02
2.448374e-03
9.529968e-02
1.361187e-02
3.935390e-03
8.663336e-03
8.042043e-02
1.147670e-02
9.192039e-02
7.312488e-04
4.954378e-02
1.745653e-01
2.340271e-02
8.010010e-03
4.599796e-02
3.608219e-05
8.996178e-02
8.331670e-03
2.343190e-02
2.424775e-02
3.087852e-02
4.197424e-02
5.551781e-02
1.553396e-02
1.733218e-02
6.175341e-02
2.186430e-02
5.231772e-02
1.285064e-02
2.457919e-02
7.561477e-04
4.399427e-02
6.114200e-02
2.605656e-03
5.867472e-02
4.448189e-02
1.058952e-02
1.252490e-02
2.015340e-05
4.577924e-02
5.291642e-02
4.646639e-02
4.492248e-04
1.306227e-01
2.921217e-03
9.007755e-03
2.699274e-02
8.202046e-02
6.049059e-06
9.746681e-02
1.496879e-02
3.054775e-02
1.711682e-01
1.031470e-02
6.964757e-03
1.372118e-02
4.013047e-02
2.984485e-05
5.876814e-02
2.134873e-02
5.105262e-02
7.279755e-02
9.442986e-03
9.238230e-02
1.542099e-02
3.573347e-01
3.497686e-03
1.432229e-01
1.802401e-03
1.093232e-01
3.239713e-01
2.229539e-02
3.011354e-01
9.143861e-02
2.269836e-01
1.373623e-01
1.653721e-04
2.812964e-03
4.425630e-05
2.196622e-02
1.522765e-02
4.806748e-02
9.633240e-02
6.878332e-02
2.028777e-02
1.116671e-02
7.283778e-03
3.738083e-04
1.825682e-03
1.907440e-02
1.414017e-01
1.604218e-01
1.960884e-02
1.086293e-02
2.699662e-02
3.334054e-04
2.873390e-02
6.737665e-04
6.683883e-02
8.161438e-02
9.348995e-03
4.416786e-02
5.759074e-03
2.419080e-02
1.966279e-02
1.499989e-01
3.473568e-03
3.909674e-02
3.803062e-05
4.200777e-03
4.396164e-02
2.107533e-02
4.934311e-02
2.707711e-04
1.195726e-04
1.013433e-02
2.518226e-02
2.592476e-02
5.456447e-02
3.169770e-04
2.233012e-01
2.438227e-04
5.446046e-02
3.326627e-03
1.354627e-01
1.135436e-02
2.483715e-02
7.612177e-02
1.469189e-05
1.652154e-02
1.516500e-01
1.718639e-05
3.993623e-02
5.650504e-02
5.679285e-02
2.169357e-02
2.284971e-02
1.954404e-03
1.252494e-01
9.383554e-02
3.400498e-02
4.652105e-03
1.946558e-01
2.285405e-02
6.386692e-02
7.548685e-03
5.155942e-03
1.579414e-02
7.114444e-02
1.402166e-02
8.561152e-04
1.866232e-03
6.959571e-03
4.951870e-02
1.829834e-05
3.131040e-04
4.751150e-02
3.660958e-02
1.410038e-02
5.213094e-02
9.263522e-02
6.111839e-02
9.725833e-04
1.377578e-01
2.884963e-02
7.996194e-04
1.469738e-02
1.662873e-02
1.795618e-02
1.069503e-01
4.632757e-02
3.346500e-04
4.847921e-02
3.817987e-03
4.775003e-04
1.204301e-02
8.644899e-03
1.050434e-02
2.556236e-02
1.997517e-02
7.939669e-02
5.171770e-02
2.164038e-01
3.477903e-02
2.846357e-03
1.432195e-01
8.032999e-03
1.140866e-02
6.239951e-02
2.756807e-04
1.132475e-02
3.737560e-02
4.784048e-02
3.886743e-02
