4.013516e-02
6.501025e-03
3.012826e-03
3.931124e-02
2.103477e-04
2.302697e-01
5.337489e-03
2.661140e-02
6.556349e-04
5.425458e-05
6.181921e-02
3.682590e-03
3.378797e-03
1.003237e-02
1.093166e-02
4.148268e-03
9.915020e-04
1.354079e-01
3.097354e-02
9.643842e-04
7.525265e-04
1.076820e-01
2.908133e-02
1.787963e-02
2.900309e-04
6.674296e-06
3.333619e-01
1.184178e-02
2.586230e-02
6.479235e-02
1.931048e-02
1.866231e-02
6.983078e-02
2.103305e-04
2.305795e-02
1.553385e-03
9.922853e-02
6.438251e-03
1.707416e-01
3.812746e-03
1.972037e-02
9.139125e-07
3.026996e-02
5.280218e-02
1.194348e-01
6.531937e-02
1.574159e-02
3.937380e-02
2.694613e-01
8.337233e-02
1.379188e-01
3.333611e-02
2.372209e-01
2.496214e-01
4.945560e-03
1.103895e-02
2.070618e-01
1.879588e-02
1.144800e-02
1.042298e-01
6.795791e-02
2.784884e-03
2.503037e-02
1.994923e-02
4.560369e-05
1.050196e-01
4.514451e-02
1.287975e-01
3.256911e-02
1.038408e-01
1.316518e-02
1.221224e-02
4.880198e-02
3.441513e-05
3.575741e-03
2.405408e-01
8.538037e-04
2.905004e-02
4.587784e-02
2.435380e-02
1.036103e-02
7.293354e-04
1.097099e-01
1.730170e-02
6.534899e-03
4.354184e-02
1.731680e-03
2.600972e-01
5.745002e-02
1.359034e-02
4.910242e-03
1.612848e-02
1.655143e-01
2.881898e-01
9.882445e-02
7.933681e-03
5.695191e-02
5.101630e-03
9.053411e-02
7.962280e-03
8.440402e-03
1.003386e-02
9.656155e-02
5.128084e-02
2.772285e-02
8.791885e-02
4.846321e-02
3.373940e-03
4.235938e-02
4.962465e-05
6.044047e-03
1.422150e-01
1.219715e-01
2.598317e-01
1.428113e-02
1.724090e-01
7.842298e-02
9.100692e-02
2.076692e-01
2.766746e-02
3.020769e-03
1.240108e-02
1.892075e-03
1.768703e-02
2.567637e-04
8.693883e-02
1.365807e-03
1.126565e-01
8.844103e-02
2.163899e-03
8.535225e-02
2.956675e-04
6.754784e-02
2.597543e-02
5.505971e-02
5.177631e-02
5.360579e-02
9.861729e-03
1.083428e-02
3.206678e-04
3.600011e-03
1.142053e-05
1.376913e-03
2.565015e-03
2.165048e-02
5.642468e-02
2.397052e-01
1.973111e-02
7.574890e-03
2.103109e-02
7.497465e-03
1.629067e-01
2.632473e-01
2.126920e-03
8.086320e-03
3.935089e-03
1.679372e-02
3.229764e-02
9.053610e-02
1.615483e+00
2.231908e-02
6.966452e-02
4.646543e-02
1.095134e-02
9.096760e-03
6.479604e-02
2.125782e-01
7.279240e-03
1.415898e-03
3.905522e-02
6.539377e-02
6.560110e-02
9.238677e-02
1.135380e-02
5.915265e-02
1.267167e-01
3.703497e-02
1.449332e-02
5.695974e-03
8.172474e-04
1.586524e-01
2.822663e-04
3.908336e-02
3.920291e-01
1.152447e-02
2.654002e-02
5.084947e-01
2.888337e-03
3.122482e-02
3.731071e-02
6.390061e-03
2.568098e-02
3.754299e-03
8.364888e-03
5.314061e-02
1.379360e-01
9.681959e-03
3.913543e-03
4.782120e-04
1.681320e-01
1.021899e-01
2.823768e-02
7.502892e-03
1.220960e-01
1.893741e-04
8.395384e-03
3.135190e-02
7.553341e-03
2.821809e-03
9.862268e-02
2.132173e-02
1.882450e-02
4.873832e-03
2.412804e-02
3.751714e-02
3.457312e-02
1.091604e-02
2.196216e-04
4.844450e-03
1.354175e-01
4.099528e-02
2.071907e-01
3.694023e-03
5.345453e-02
4.438603e-02
4.318442e-03
2.162573e-02
1.643418e-01
9.608092e-03
9.406658e-02
4.323745e-03
5.331203e-03
3.403454e-01
2.171821e-02
2.742486e-05
3.096448e-02
1.321742e-01
4.551393e-02
2.996273e-04
1.143842e-02
7.472812e-03
2.881239e-02
7.968986e-02
4.681046e-07
2.007135e-04
9.393611e-03
7.412255e-02
8.082337e-02
2.525012e-03
2.188863e-01
2.631164e-03
2.422792e-03
7.535819e-03
1.271077e-03
9.224172e-02
1.327864e-04
2.499359e-02
1.440179e-02
4.552966e-02
2.702961e-01
9.072374e-03
3.575258e-02
6.391443e-02
4.829884e-03
6.533416e-02
6.707682e-04
2.345951e-05
5.780915e-03
4.543205e-05
4.396279e-02
2.306194e-03
1.109023e-02
1.323353e-01
3.501486e-03
1.033460e-01
5.745810e-03
1.030173e-02
6.621493e-04
1.440225e-02
9.332699e-07
9.241671e-03
1.081931e-01
3.692482e-02
2.198568e-02
9.851813e-03
3.462541e-03
9.185336e-04
1.961992e-02
8.817866e-03
9.635511e-03
8.268694e-04
3.374952e-02
3.733732e-02
6.595698e-02
4.279861e-02
1.556518e-04
2.803600e-04
5.683222e-07
2.383419e-03
2.064103e-03
9.614727e-02
4.692175e-02
1.265063e-02
5.078459e-02
4.728498e-02
2.210059e-02
5.032111e-02
1.100019e-01
6.092055e-02
1.866824e-04
4.649179e-02
2.814082e-03
8.827034e-02
1.232876e-02
6.621961e-02
2.748429e-02
1.569086e-06
2.899865e-02
8.682906e-03
2.994567e-04
2.188124e-02
6.799581e-04
7.401574e-02
5.780608e-05
6.632095e-02
6.532903e-04
1.134081e-01
2.810209e-02
1.149043e-02
1.258340e-01
6.324460e-02
6.252066e-02
1.715177e-02
8.281150e-02
6.150897e-04
1.795962e-01
1.183068e-02
1.387239e-03
1.801847e-06
8.739518e-03
2.118735e-04
3.990488e-02
2.556886e-02
2.474954e-01
9.560208e-03
8.189618e-03
2.694082e-01
3.869493e-03
2.430361e-02
9.365953e-03
8.932518e-04
2.102706e-01
4.604764e-02
4.765858e-04
9.518045e-02
8.495401e-02
2.118053e-01
1.084620e-02
3.602512e-02
1.926517e-02
4.081329e-03
2.047068e-01
1.262175e-01
1.328729e-02
5.342110e-02
1.797616e-02
9.378311e-03
3.637804e-03
5.032361e-02
2.520865e-02
4.630178e-02
2.221726e-02
1.345431e-01
3.165813e-02
4.050263e-02
7.575654e-02
2.241536e-02
1.768336e-02
3.259448e-05
1.451117e-01
2.788297e-01
4.734137e-02
1.015842e-01
1.220629e-01
3.753421e-02
1.980315e-02
9.297488e-02
1.446752e-02
5.741705e-02
1.245440e-02
1.035949e-01
5.597622e-05
2.660859e-02
2.450247e-03
1.359216e-01
6.521804e-03
1.195957e-01
8.029053e-02
1.033835e-01
1.076416e-04
1.372695e-02
7.147097e-02
1.330884e-02
6.214804e-02
6.361649e-03
1.327328e-02
2.912163e-02
1.670581e-02
1.239492e-01
5.286391e-02
1.243509e-03
2.207567e-03
4.059268e-02
9.718936e-03
9.721250e-04
2.545029e-02
1.925175e-02
2.038071e-02
9.494907e-02
2.390175e-01
5.284234e-02
6.355406e-05
6.266837e-03
3.185469e-02
1.549844e-01
2.188652e-02
1.940143e-02
6.153396e-03
2.501738e-02
1.969267e-02
8.568599e-04
2.430285e-03
3.863698e-02
1.176512e-02
5.561416e-02
2.795828e-02
1.824571e-01
1.453346e-01
5.644019e-03
5.135030e-04
1.332223e-03
1.674376e-01
8.310322e-02
1.011110e-01
1.700501e-01
2.610436e-01
5.093213e-03
1.166384e-01
1.813193e-02
1.547010e-01
1.159229e-02
1.725935e-02
1.094729e-02
4.661673e-02
1.104076e-03
3.703661e-02
1.356304e-01
1.068532e-01
1.440444e-01
7.275326e-02
3.935020e-02
2.000714e-01
9.592499e-03
3.393664e-02
1.281644e-03
8.355223e-02
2.444622e-03
3.473754e-03
3.564895e-01
3.312406e-02
2.474464e-02
2.256783e-02
4.600659e-03
3.417623e-02
2.145244e-02
6.578769e-03
5.871571e-02
2.877793e-02
4.758765e-02
4.938631e-02
6.532514e-04
5.919093e-03
9.066250e-04
1.321113e-01
3.544790e-05
6.099893e-02
4.182082e-02
7.606276e-02
2.427673e-02
2.890342e-02
8.275587e-02
4.490580e-03
7.977612e-02
6.295059e-03
1.662310e-02
1.924625e-01
3.986074e-02
1.138633e-02
2.819981e-01
8.247139e-03
3.286772e-03
8.983037e-04
3.680986e-04
2.371318e-03
7.301055e-02
1.726763e-01
1.476971e-02
9.561459e-02
2.279388e-06
7.358613e-02
8.206807e-02
8.200100e-02
1.537534e-02
2.769391e-01
2.023244e-01
4.278534e-03
1.457295e-02
5.181208e-02
2.288868e-03
2.927363e-04
1.071230e-02
1.022661e-02
2.102573e-03
4.560968e-02
8.782225e-03
5.139796e-02
5.000335e-02
1.140386e-03
8.289075e-03
2.429641e-02
2.464310e-04
6.349309e-03
3.253480e-02
3.682166e-03
3.905978e-02
8.268720e-03
9.526012e-02
6.362233e-02
4.984656e-02
2.954106e-01
5.449982e-02
5.751092e-03
3.269146e-03
6.232750e-03
2.990879e-03
4.711977e-02
4.956879e-02
1.429030e-02
1.411796e-03
1.199353e-02
2.523237e-02
6.365655e-02
7.268155e-02
1.571478e-02
1.812489e-02
6.008942e-02
5.191467e-03
7.619648e-02
4.937281e-01
1.398634e-02
4.105263e-02
1.559068e-01
8.609329e-04
3.455043e-03
1.403743e-02
7.845502e-03
8.705061e-02
1.653925e-02
1.475175e-04
5.656074e-04
9.047618e-02
1.143231e-03
8.896265e-05
1.159366e-01
1.571483e-03
8.825682e-02
2.124207e-02
6.468323e-03
1.035282e-01
5.354776e-02
2.875457e-02
1.256322e-02
6.832861e-02
8.673704e-07
1.017947e-01
6.517348e-02
1.034104e-01
2.827393e-02
5.962677e-02
6.817756e-02
5.338336e-05
1.382508e-02
6.997872e-02
8.027111e-03
