1.274199e-01
4.032184e-02
1.402091e-03
4.875077e-03
6.083909e-02
1.350391e-02
2.671129e-02
7.354392e-06
9.508256e-02
2.652878e-02
5.360108e-03
3.204303e-03
4.311851e-03
1.294652e-02
8.921763e-04
2.885623e-01
2.493382e-03
1.213094e-01
2.377178e-02
1.937540e-02
1.508533e-04
1.107329e-02
1.214125e-03
6.663106e-02
6.820081e-02
1.916821e-01
2.090875e-03
3.140850e-03
2.650643e-02
5.330920e-02
1.156787e-02
3.593013e-03
8.084900e-02
1.713880e-03
5.603739e-02
6.716458e-03
9.693138e-03
5.465878e-02
6.015733e-02
7.081140e-02
1.048016e-02
7.836213e-02
3.363423e-03
7.264947e-03
1.291134e-01
2.087953e-03
1.597740e-02
1.653098e-03
1.560934e-02
7.244083e-02
2.260844e-02
2.931649e-02
3.920560e-04
3.321396e-02
2.406980e-04
5.207453e-03
5.261223e-02
1.138331e-02
1.247375e-03
1.552304e-03
1.201451e-01
1.102628e-02
4.306492e-04
8.176407e-02
4.978987e-02
2.212638e-07
6.689192e-04
9.235973e-06
1.402411e-04
5.304385e-04
3.373849e-03
3.553549e-02
6.066270e-07
8.783460e-03
9.044419e-03
1.821824e-02
1.083939e-01
2.851075e-03
3.626469e-02
2.120998e-02
7.249092e-03
1.202911e-03
1.599186e-03
4.850677e-02
1.661228e-02
1.025570e-02
9.610028e-03
5.009825e-03
1.870856e-01
7.518658e-02
3.530194e-03
5.228093e-02
4.489850e-02
5.486663e-02
3.082052e-03
3.933717e-02
3.105278e-03
3.160140e-02
2.118917e-02
6.605836e-02
3.026626e-02
1.818558e-03
1.274068e-01
5.203811e-02
7.153091e-06
1.485426e-01
6.617111e-03
6.155120e-03
2.575112e-03
7.209956e-02
2.194355e-04
1.437722e-02
7.010098e-02
6.316707e-02
5.356817e-03
6.807070e-05
3.585527e-02
5.498774e-02
4.168232e-01
7.466122e-04
8.516102e-02
2.380144e-02
1.932381e-01
3.420049e-03
3.541310e-02
1.734283e-01
1.641063e-02
1.475285e-01
1.618535e-02
4.317087e-02
2.087645e-01
5.308304e-04
3.471781e-02
2.012882e-03
1.376299e-02
6.036605e-03
6.341779e-02
4.102676e-06
7.845685e-04
8.192770e-04
1.406195e-02
1.160418e-01
1.056560e-02
2.178529e-02
3.594866e-02
1.400723e-03
2.404142e-03
4.200878e-02
9.182305e-02
8.244815e-04
2.623701e-01
6.004697e-03
1.600373e-02
3.879575e-03
1.418744e-02
1.388503e-01
7.110535e-03
7.551461e-05
3.823636e-02
1.243782e+00
1.003761e-01
5.239401e-02
1.078259e-01
5.640810e-02
3.554406e-03
2.796038e-02
1.710727e-03
2.939755e-02
7.056953e-04
5.565253e-03
8.015522e-02
4.199734e-03
1.163433e-01
1.702940e-03
5.663057e-03
6.971659e-05
2.744930e-02
1.610879e-04
7.929764e-04
1.664437e-05
9.465387e-02
4.786902e-03
4.617495e-02
3.789013e-03
6.298929e-03
3.228269e-02
7.119024e-04
1.481599e-01
9.762249e-04
1.531806e-04
1.168181e-02
5.684555e-02
8.157527e-02
1.637845e-02
4.103686e-02
8.938112e-02
2.808090e-02
1.568576e-04
9.112539e-03
3.989959e-03
8.459004e-02
5.476197e-04
1.271059e-01
5.150085e-02
2.083451e-01
1.002573e-01
8.647221e-03
4.457005e-04
4.187535e-02
8.438210e-03
2.043047e-01
3.109442e-03
3.830208e-07
9.328676e-03
1.137381e-02
6.424533e-03
1.556360e-02
1.575947e-03
4.131970e-03
3.283185e-02
1.315632e-02
4.049566e-03
2.411827e-02
1.295712e-07
7.647160e-02
6.792550e-02
1.022681e-01
5.179056e-01
1.653399e-03
6.442074e-02
6.905865e-03
3.301616e-04
8.723319e-04
4.207942e-03
2.539748e-05
1.773439e-02
4.912694e-02
1.766156e-03
5.379510e-02
2.321053e-01
4.647299e-02
2.806620e-02
7.269456e-01
4.956323e-02
3.001816e-04
1.403910e-02
2.709661e-02
1.327732e-02
6.291908e-03
9.396072e-03
1.079556e-01
1.803541e-02
7.755161e-03
5.645085e-03
1.222316e-02
2.210681e-03
4.934355e-02
4.381500e-03
3.962194e-04
3.901767e-01
4.034275e-01
1.702991e-01
5.232626e-03
6.947495e-05
2.081234e-02
6.992599e-03
2.963781e-02
5.352220e-02
6.354634e-02
7.481415e-03
8.455801e-02
2.391123e-04
3.466980e-01
1.963907e-02
7.112640e-05
2.021633e-03
9.717075e-02
2.709764e-03
1.380557e-02
5.063184e-04
1.213581e-01
4.839796e-02
2.195726e-02
1.299121e-01
3.852293e-03
9.372023e-02
2.338605e-02
4.450118e-03
3.768871e-02
9.861248e-04
4.345518e-03
1.024493e-01
9.677562e-02
1.359048e-02
1.654764e-01
9.329170e-03
1.096254e-02
1.825619e-02
5.172129e-03
1.227227e-01
2.573703e-02
6.762727e-03
2.591334e-03
7.993441e-02
6.904831e-02
2.615546e-04
4.359213e-02
7.700896e-02
8.491189e-02
5.789342e-09
2.299944e-02
7.179009e-05
1.161947e-02
1.972618e-02
5.698283e-02
1.702058e-02
4.082647e-03
9.866669e-03
1.576096e-01
3.351824e-03
2.272262e-03
1.757689e-02
5.669661e-02
5.302555e-03
1.793440e-03
6.829059e-02
3.536569e-03
1.590965e-01
7.532234e-04
9.603336e-04
4.779023e-02
1.083013e-01
4.964858e-02
8.313326e-03
1.819788e-01
9.819527e-04
4.174543e-03
2.832448e-04
4.875783e-02
6.351052e-04
6.940305e-02
3.876155e-03
1.248479e-01
8.767293e-02
7.233895e-02
3.968711e-02
2.606039e-01
1.558568e-01
1.908587e-01
1.819503e-03
3.539825e-02
5.154586e-02
4.054102e-02
3.056704e-02
5.085074e-02
2.429168e-03
8.187399e-03
1.685544e-02
1.887459e-02
3.767297e-02
3.385542e-01
6.126019e-04
7.474705e-02
1.713225e-02
1.585489e-02
1.425141e-01
7.874619e-02
7.294312e-03
2.028161e-02
2.303585e-02
9.899313e-02
1.236809e-03
1.976206e-03
5.455567e-03
1.025091e-02
1.122811e-01
9.408960e-02
5.711039e-02
1.063711e-01
6.659368e-03
8.672736e-02
5.203266e-02
8.721276e-03
1.029778e-02
1.341405e-01
3.572319e-03
5.697246e-03
1.145949e-02
2.925557e-03
4.104775e-02
1.224252e-02
1.150743e-02
1.939501e-02
3.110215e-04
5.521562e-02
7.518727e-03
1.399497e-03
6.049402e-03
1.261909e-02
4.393529e-02
5.600695e-03
1.224147e-01
3.189727e-02
1.378240e-02
7.521693e-05
7.919922e-03
3.236973e-03
5.114787e-03
4.729002e-02
1.277461e-01
1.411052e-02
8.982745e-03
2.678745e-02
2.519006e-02
2.679488e-02
3.985457e-02
2.321862e-04
3.861981e-01
1.240940e-03
3.971501e-02
1.743271e-02
4.894217e-02
4.910236e-07
5.078978e-03
5.888123e-03
8.522545e-02
9.177072e-03
1.633160e-02
7.282268e-03
6.446497e-02
7.219540e-03
1.030635e-02
3.763929e-03
8.129564e-04
4.205984e-02
3.491865e-04
9.131491e-02
1.664063e-02
3.588867e-03
2.218745e-02
6.635868e-03
3.670223e-02
7.190884e-02
9.685103e-03
7.674709e-02
1.837307e-02
6.286329e-04
1.314628e-03
3.618635e-02
9.848794e-03
2.020496e-04
1.397421e-02
5.082620e-02
7.342288e-02
4.769966e-04
3.407309e-01
1.536060e-02
3.430230e-02
1.808598e-01
1.347866e-03
1.058326e-02
1.437780e-02
5.268177e-02
9.382386e-02
5.805104e-03
2.908397e-03
1.129675e-02
2.992749e-03
6.331677e-02
2.951148e-01
1.218279e-02
1.852761e-03
2.353106e-01
6.391202e-02
1.343120e-01
9.407889e-03
4.371722e-02
6.153318e-02
1.372045e-03
2.527859e-02
5.591003e-02
8.134205e-02
2.513922e-03
1.821397e-02
2.040231e-02
5.300084e-03
4.242882e-02
1.748001e-02
4.704703e-02
4.791102e-02
1.881287e-02
1.284682e-01
4.182628e-05
4.911088e-03
1.686783e-02
4.212104e-03
1.083039e-03
9.444847e-02
1.439122e-04
2.245987e-02
2.397968e-01
3.038876e-02
3.872476e-02
4.097016e-02
5.537991e-04
3.342555e-02
6.036297e-02
9.413995e-01
5.328210e-03
2.119642e-02
6.284928e-01
1.465225e-02
2.134830e-02
1.672084e-01
1.405061e-04
3.700113e-02
3.706187e-02
8.335037e-04
1.400545e-02
5.936897e-02
5.742938e-02
2.397714e-02
2.605135e-03
3.907374e-03
1.781092e-02
3.313782e-04
1.184246e-01
6.391585e-03
3.118338e-02
9.091158e-02
1.678186e-03
1.622271e-02
1.405006e-01
1.897351e-02
7.970882e-04
6.362766e-04
3.121572e-02
3.455036e-02
3.375984e-02
1.226903e-01
4.583027e-01
5.095724e-02
9.997193e-03
9.724849e-04
2.672873e-02
1.010310e-02
4.602914e-02
2.974646e-04
9.618915e-03
5.229145e-04
8.882635e-03
7.232177e-05
7.038654e-02
1.033544e-02
3.508360e-02
6.028245e-02
4.217419e-02
3.820700e-02
2.093649e-03
4.855608e-02
1.580235e-02
4.427978e-02
8.442267e-03
8.850822e-05
1.056942e-01
9.173714e-02
1.690478e-02
2.680303e-02
1.184075e-02
8.805017e-02
1.272488e-03
1.575588e-01
2.191764e-01
1.280451e-01
1.145259e-02
1.547434e-01
1.745844e-02
3.113155e-03
2.616495e-02
1.255591e-02
1.812948e-05
7.014013e-02
1.920785e-02
4.424237e-03
5.389648e-03
2.438842e-03
3.069227e-02
3.525835e-01
1.301026e-02
1.416091e-02
9.950439e-05
2.201464e-02
1.116624e-02
2.673409e-02
