1.302708e-01
4.244947e-02
4.190872e-03
3.305231e-02
4.088591e-03
1.718459e-03
9.886246e-02
7.710959e-03
1.138047e-02
1.986528e-03
4.191280e-02
5.124398e-03
6.058463e-04
3.314031e-03
1.933600e-02
2.089645e-01
1.665227e-03
4.466093e-02
5.972711e-02
3.186805e-02
1.245061e-01
1.734495e-01
8.549708e-03
5.062580e-03
1.602225e-02
2.468415e-01
2.265352e-01
1.774170e-01
8.908024e-03
2.761207e-02
6.715078e-02
1.552606e-03
1.578834e-02
2.690687e-02
5.711913e-03
1.801859e-02
8.226355e-04
3.705359e-02
2.253348e-01
9.388029e-02
2.240987e-02
1.832095e-01
1.635127e-02
1.060203e-02
1.740504e-01
5.046374e-03
1.878160e-02
8.392209e-03
4.278536e-03
2.698249e-02
1.603169e-02
4.217918e-03
9.408798e-03
3.044291e-02
1.086205e-01
2.259389e-02
2.567600e-02
1.248546e-01
1.534074e-01
5.977652e-02
2.951543e-02
1.606821e-02
1.987611e-01
1.553354e-02
9.348447e-02
6.532885e-02
6.214701e-02
1.442529e-02
1.583043e-01
1.102152e-01
7.103531e-02
8.331396e-02
1.166157e-04
7.568465e-02
1.473017e-02
7.879984e-02
3.835308e-03
4.266216e-02
3.682547e-02
2.232992e-01
6.213685e-03
8.393539e-03
9.208679e-03
1.767839e-02
1.930716e-02
6.893947e-02
1.489477e-01
8.066298e-02
1.601178e-02
5.175896e-02
1.327499e-03
2.349499e-04
1.952230e-01
2.164197e-05
2.680856e-02
3.627513e-03
2.097789e-04
4.470063e-03
6.466391e-02
1.787201e-02
7.248821e-02
2.820656e-04
1.169659e-01
1.081687e-03
4.736860e-03
1.162551e-01
2.638643e-03
4.450340e-02
1.382525e-02
3.602254e-02
4.715226e-02
7.188575e-02
3.565433e-03
1.618196e-02
1.316711e-01
5.371004e-02
2.180345e-02
1.107301e-02
5.197338e-02
1.407553e-02
5.208732e-02
1.573797e-01
1.945868e-02
3.363244e-02
4.274547e-02
4.966074e-02
5.285731e-04
6.588888e-02
5.742168e-03
2.473688e-02
5.488239e-02
1.140293e-01
6.174232e-08
1.424074e-01
6.923327e-05
1.728378e-01
7.980749e-03
6.877600e-04
4.611222e-06
2.423355e-02
2.422010e-03
4.430564e-02
3.605423e-04
1.209247e-03
1.478747e-01
8.679331e-05
9.650544e-02
1.489836e-02
1.893171e-01
2.348942e-04
3.348723e-01
8.538044e-03
5.742454e-03
1.235325e-02
2.320745e-02
2.285078e-02
1.104149e-03
2.950925e-02
1.250926e-03
2.451657e-01
5.478345e-03
4.587033e-03
7.182293e-02
1.077854e-04
5.375596e-02
2.786160e-03
5.027279e-02
3.383604e-02
2.415288e-01
4.516429e-02
2.118375e-02
5.066760e-02
1.757019e-02
1.016838e-01
6.084267e-02
4.629107e-02
8.461594e-04
7.560690e-04
6.338766e-02
6.884622e-02
1.127710e-02
7.248691e-06
3.119762e-01
1.116167e-01
3.280706e-03
4.576961e-02
5.410653e-02
1.738053e-04
7.087124e-04
1.397991e-01
4.991325e-04
3.078742e-05
6.786930e-02
6.859107e-02
4.317920e-02
1.013291e-01
9.583754e-03
6.133406e-04
5.543138e-02
5.743498e-04
5.750816e-02
2.290488e-01
5.180120e-03
1.822183e-03
1.048555e-02
3.160403e-02
2.088505e-06
6.422420e-03
5.849752e-03
1.615687e-02
9.939771e-02
1.596582e-03
5.997027e-02
8.388051e-05
5.551220e-03
7.018568e-03
3.741105e-03
2.841296e-02
1.158835e-02
4.754393e-02
5.287180e-03
3.412078e-03
3.270919e-05
1.409432e-01
3.521441e-02
2.973822e-02
2.964720e-03
4.700575e-03
7.898758e-03
1.280140e-01
9.733883e-04
5.586240e-03
7.092965e-02
7.062806e-02
1.980195e-03
3.028726e-02
4.924263e-03
1.112162e-01
1.036077e-02
2.074471e-03
6.550700e-03
9.628578e-04
3.368736e-02
4.935328e-02
2.272338e-02
7.337270e-05
3.528067e-02
1.026807e-03
7.140170e-02
5.388061e-03
5.469854e-02
4.792301e-03
1.882217e-01
6.900646e-02
5.365655e-03
7.394172e-02
2.287924e-02
5.872329e-03
4.017734e-02
2.379280e-02
8.283453e-03
6.878311e-03
8.288292e-02
9.597767e-02
4.216020e-02
1.440544e-01
9.219664e-02
2.388884e-02
2.298974e-01
1.488872e-01
6.925787e-02
1.525897e-02
1.541640e-01
5.870560e-02
9.295881e-02
2.028730e-03
2.684469e-03
9.645821e-03
2.176972e-02
2.194667e-02
2.178051e-03
1.201432e-03
5.386436e-02
1.143381e-01
4.278461e-03
3.768703e-01
1.909616e-01
1.680791e-02
1.043068e-01
4.243138e-01
3.112237e-02
4.973410e-02
2.212781e-02
7.691193e-02
1.768995e-03
6.981142e-02
1.935408e-02
7.160702e-02
3.655672e-04
1.288400e-01
1.369838e-02
4.147608e-02
4.157969e-02
1.127322e-03
3.233500e-02
3.645992e-04
4.829545e-01
8.349440e-02
1.322377e-01
1.051057e+00
9.055694e-05
3.068818e-03
3.898766e-03
1.961101e-01
1.424021e-02
2.308569e-02
6.933033e-04
4.363941e-02
3.194774e-02
8.466485e-03
5.721983e-03
5.261686e-02
7.980208e-02
1.493344e-02
5.531607e-02
1.867498e-02
1.454699e-02
4.285184e-04
1.470353e-01
6.856402e-02
4.969736e-02
2.629181e-02
1.310752e-03
3.234648e-02
7.553054e-03
4.616431e-03
1.527130e-01
8.085872e-03
1.829094e-02
3.048333e-04
3.756019e-02
1.623517e-02
8.838510e-02
6.540684e-02
1.898707e-01
7.848189e-02
3.630752e-02
6.908819e-02
1.586457e-04
3.057453e-02
9.716126e-02
2.964239e-02
1.726375e-02
8.986395e-03
2.542267e-02
4.719404e-03
1.778321e-02
2.916114e-02
1.036819e-02
3.365874e-02
3.159641e-02
4.107314e-06
6.725249e-02
3.714217e-02
2.851559e-02
4.350904e-02
1.793617e-01
2.836826e-02
4.295419e-02
4.916659e-02
1.614304e-04
9.208580e-03
2.591694e-03
1.554329e-03
2.195697e-03
1.561386e-01
1.887874e-01
6.083035e-06
4.081571e-02
3.339559e-03
3.609224e-04
3.844174e-03
9.586423e-02
2.061450e-01
9.043210e-03
1.519389e-03
4.418250e-02
9.984232e-03
1.258895e-01
2.411778e-02
7.075787e-03
6.334162e-05
7.599667e-02
1.572298e-01
4.171493e-02
1.526116e-01
1.989081e-02
2.022399e-02
1.466250e-01
3.653691e-01
9.888977e-02
4.727247e-02
2.447757e-03
1.958960e-05
6.432513e-02
6.786152e-02
1.026529e-02
7.125261e-02
7.483348e-02
5.287500e-02
2.372544e-01
5.634517e-03
3.225566e-01
2.100537e-02
5.551047e-02
4.046321e-02
3.636319e-02
1.468131e-01
5.770282e-02
7.726221e-02
4.958054e-03
2.585149e-01
4.062115e-02
2.063045e-03
5.027946e-02
1.096796e-01
9.900057e-02
2.663069e-02
8.870802e-03
6.807748e-02
3.598491e-03
4.369083e-02
3.295476e-02
8.410206e-03
5.827855e-03
4.838541e-02
2.325671e-02
2.026478e-07
7.243543e-02
7.293534e-03
4.345102e-03
2.193968e-02
3.219418e-02
2.008277e-03
7.302446e-03
7.330349e-03
2.595880e-02
5.210659e-02
2.778754e-01
1.333514e-01
3.168337e-02
4.827914e-03
2.491767e-03
9.230953e-03
2.560011e-01
1.083391e-02
3.259915e-02
1.567761e-03
4.016709e-02
1.595119e-01
1.247917e-02
9.123591e-03
1.056146e-01
2.895413e-02
2.549875e-04
2.378123e-02
1.349267e-01
4.918050e-03
2.401142e-01
1.713282e-03
4.788870e-03
1.302052e-01
5.293927e-04
1.568138e-02
1.133869e-01
2.840860e-02
8.642339e-02
1.535666e-02
1.796175e-01
1.220871e-02
6.410462e-03
2.845491e-02
4.598095e-03
3.428874e-02
4.206005e-03
7.672375e-03
1.334795e-03
9.234488e-04
1.176884e-01
2.480468e-06
4.628911e-02
4.832152e-02
2.128961e-03
2.269706e-02
2.258462e-03
1.626245e-02
6.555050e-02
1.854640e-01
2.927531e-02
1.295967e-01
7.603331e-02
7.680341e-03
5.267654e-02
3.369757e-02
6.273386e-02
3.233334e-03
1.428941e-01
1.933752e-01
4.512177e-03
7.625436e-02
7.185871e-02
2.723051e-02
1.456616e-03
1.768591e-02
3.990434e-02
7.433778e-02
3.756474e-01
9.009116e-03
2.938480e-05
6.962897e-04
1.270503e-02
1.847726e-03
6.900932e-04
2.309483e-02
2.009006e-01
3.961929e-02
6.503172e-02
1.122234e-01
1.240700e-03
1.575033e-02
1.139762e-01
9.047557e-03
3.809688e-04
5.896905e-02
9.112343e-04
4.348898e-03
1.392302e-01
2.615201e-03
1.021427e-02
8.980050e-02
2.045271e-04
6.111934e-03
3.025154e-04
5.080256e-01
2.368940e-04
4.806370e-02
6.147108e-02
8.636485e-03
9.322765e-03
1.263018e-01
4.257159e-02
1.100799e-03
1.916727e-03
2.477744e-02
3.765161e-04
8.351794e-02
1.666056e-02
4.768036e-02
9.429885e-04
1.445904e-01
2.696517e-02
1.628419e-02
1.114325e-02
1.064130e-02
1.325633e-02
1.106218e-03
2.402362e-03
2.564763e-02
3.830289e-02
1.965263e-04
1.007622e-01
7.213193e-03
1.914313e-02
1.724247e-04
1.180547e-02
2.483246e-04
1.737447e-03
6.812449e-03
1.438883e-01
5.704723e-02
3.260429e-02
1.827404e-03
5.681335e-04
2.100742e-03
9.088946e-02
1.226332e-01
2.014788e-01
1.048190e-02
1.337977e-01
1.255800e-01
2.157768e-02
5.434521e-03
5.167346e-02
1.271167e-01
