2.982111e-04
7.238457e-03
4.201131e-02
3.219158e-02
7.053908e-02
3.998192e-02
1.673774e-04
6.868448e-03
2.832959e-03
1.418843e-01
2.154388e-03
5.679361e-02
1.655384e-01
3.982311e-03
5.292374e-03
8.297447e-02
9.973282e-02
1.257475e-01
1.210798e-01
3.395019e-02
1.396408e-01
5.988030e-02
3.471554e-02
3.350765e-01
5.285809e-02
2.462419e-03
1.295023e-01
1.324704e-01
2.459722e-03
1.241647e-01
3.827480e-03
1.177380e-01
7.631068e-04
3.963092e-02
3.085079e-02
1.336219e-02
2.817047e-01
1.698617e-01
2.232918e-03
3.052374e-02
1.537969e-02
8.271627e-02
2.339896e-02
4.643505e-03
4.491734e-03
1.061489e-02
1.611531e-03
1.987231e-01
1.368475e-03
6.954055e-02
6.541020e-02
7.399286e-04
2.059663e-02
1.909474e-03
2.022707e-02
1.956943e-02
4.965229e-02
3.354044e-02
6.755526e-04
4.290736e-02
1.466316e-03
7.013925e-03
7.589679e-02
7.735641e-02
8.623080e-04
1.795477e-02
9.978054e-03
1.548265e-03
2.620018e-02
1.553682e-01
3.935166e-02
4.951781e-02
1.342215e-01
1.888903e-02
5.419049e-02
5.040488e-02
1.395582e-02
7.973824e-06
3.125772e-01
2.959680e-02
9.191092e-03
5.778627e-02
4.594558e-04
4.722600e-02
1.187977e-01
3.566544e-02
7.809313e-03
1.703714e-01
2.608479e-02
2.530907e-02
9.138831e-02
2.655535e-02
3.009472e-03
2.748924e-02
5.700918e-02
8.747262e-02
4.752654e-02
2.553359e-02
4.342304e-02
2.553121e-03
1.148035e-01
9.506057e-02
2.562456e-02
1.492159e-02
7.753470e-03
7.730098e-03
4.745768e-02
1.029628e-01
4.908504e-02
1.809008e-05
3.544114e-02
2.712318e-03
9.043155e-02
1.980043e-02
9.968310e-03
9.328186e-02
1.357783e-02
5.900280e-02
5.376580e-02
5.318260e-02
1.256644e-01
2.241691e-01
3.845109e-02
5.340595e-02
1.301212e-02
5.270622e-03
3.169494e-02
9.774076e-02
8.940374e-02
7.005836e-02
7.206234e-03
4.520067e-01
1.415787e-01
1.232538e-02
5.600881e-02
3.147606e-02
1.515456e-02
4.577606e-04
2.744445e-03
6.872890e-04
5.126007e-02
3.497172e-02
1.541072e-03
3.510952e-02
1.869822e-02
1.198347e-02
6.853896e-03
2.372540e-03
3.430390e-04
3.167932e-02
1.236978e-02
2.133964e-02
1.726191e-01
4.719025e-03
1.906480e-02
4.218202e-02
2.686546e-02
1.337669e-02
1.097531e-02
2.639191e-01
7.958748e-04
1.565030e-02
1.782158e-06
7.581875e-03
2.144392e-03
2.466825e-01
1.048367e-02
4.754265e-02
7.994321e-03
6.774901e-02
9.298411e-02
8.548564e-03
1.107329e-02
6.322330e-02
1.153451e-01
3.186593e-03
2.748860e-02
6.658601e-02
1.294687e-01
9.052925e-02
4.370429e-03
1.931403e-03
4.972300e-03
4.245212e-02
8.223377e-03
3.131743e-02
1.043468e-02
3.160478e-02
1.556713e-02
2.104129e-02
1.000807e-01
2.871324e-02
1.402686e-02
9.447963e-03
6.950834e-04
7.174070e-03
1.257611e-02
9.900242e-02
1.367166e-03
1.052143e-03
2.195297e-03
6.507900e-04
8.501377e-02
1.081115e-01
9.351427e-02
2.231903e-02
6.735844e-02
4.067826e-02
1.758832e-05
1.091600e-01
2.120605e-03
2.238978e-03
3.147035e-02
2.344283e-02
1.826699e-01
2.569432e-02
1.047074e-01
1.513005e-03
2.142816e-02
1.048664e-01
7.298174e-03
6.240237e-02
5.181946e-02
4.701537e-02
4.373206e-02
5.954445e-02
2.102042e-01
1.441132e-02
3.419943e-03
2.865805e-02
3.013850e-04
1.702408e-05
1.222614e-01
1.118014e-02
7.681983e-02
3.758258e-03
6.184818e-04
7.755049e-03
1.213440e-03
3.375748e-03
4.798008e-03
8.004084e-05
3.099631e-02
8.067703e-02
8.830452e-02
1.189457e-02
7.862318e-03
3.612077e-03
1.909847e-02
1.571745e-02
3.068816e-02
1.092356e-01
3.190750e-02
8.038432e-03
3.237120e-02
5.007960e-02
1.460076e-01
4.269699e-02
6.502440e-03
2.441696e-02
1.236038e-01
8.747725e-02
2.977193e-03
7.905961e-02
5.401030e-02
2.584008e-03
1.863859e-01
5.988301e-02
1.706495e-02
2.762974e-01
5.625899e-03
1.141668e-02
3.995078e-02
7.299481e-02
1.117014e-02
3.736461e-02
1.999633e-03
9.788288e-04
3.137197e-02
8.315524e-03
3.698635e-02
8.832349e-02
1.933755e-01
2.432685e-02
5.144581e-02
4.736339e-02
2.403388e-02
3.936657e-02
1.963079e-02
7.368647e-03
4.635530e-05
1.086345e-01
1.638662e-02
1.431031e-02
6.459158e-03
2.224607e-02
1.788195e-01
1.883683e-03
2.891131e-04
3.979269e-01
3.277026e-02
2.503547e-03
4.621073e-03
4.251661e-02
6.239928e-04
8.679883e-05
3.716151e-02
1.169085e-01
3.911239e-02
2.161167e-04
5.047200e-04
1.607521e-01
1.305823e-03
4.366899e-03
1.487060e-01
2.339233e-04
1.204847e-04
4.968190e-03
8.767524e-02
4.544439e-02
6.373049e-02
2.940998e-02
1.814518e-02
1.761366e-02
1.182180e-01
3.723227e-03
1.220506e-04
7.186238e-03
1.279152e-02
1.936185e-01
5.321628e-02
3.588015e-02
1.464283e-01
2.505722e-03
4.453640e-03
6.025089e-04
7.202357e-02
3.095255e-02
1.209537e-01
2.910204e-01
1.333980e-01
1.535748e-01
1.463946e-01
2.503916e-03
9.310819e-02
1.324222e-02
1.004976e-05
5.621399e-04
9.356345e-04
9.570065e-04
5.485323e-02
8.994183e-03
2.922105e-02
2.255222e-04
8.194598e-04
4.290818e-02
1.891772e-02
5.542305e-02
1.134654e-02
2.428381e-02
3.619532e-03
7.202441e-02
1.785999e-02
1.936086e-02
2.438169e-01
2.970110e-02
1.210298e-03
2.852881e-03
3.675399e-01
1.647785e-02
5.475871e-02
6.164018e-02
5.369926e-02
5.042975e-06
3.264176e-02
9.590537e-02
2.244149e-02
7.408717e-02
4.672093e-02
1.455507e-01
9.555198e-03
6.524005e-02
3.809213e-03
3.110173e-03
2.332288e-03
4.891211e-03
1.175658e-01
1.351762e-02
7.276213e-03
3.920083e-02
1.503523e-01
5.589384e-03
3.831716e-02
5.234641e-03
1.389122e-01
1.238533e-03
7.080372e-02
1.246032e-01
2.298956e-03
2.200320e-03
1.740269e-02
9.246008e-02
1.939862e-02
4.956670e-03
1.036778e-02
1.658468e-02
1.803419e-02
6.364221e-04
8.582160e-03
1.291199e-02
2.661306e-03
8.514230e-02
2.624730e-01
1.367744e-03
4.764885e-02
9.511248e-03
1.039863e-03
1.561792e-01
3.081846e-04
1.814653e-01
1.231154e-02
1.982614e-03
9.443826e-04
7.655698e-02
8.952358e-02
3.663584e-02
6.843172e-03
8.673864e-05
1.593817e-02
4.791167e-03
6.065103e-02
1.250056e-03
5.689379e-02
1.083345e-03
1.649491e-03
6.736807e-02
5.004058e-02
3.305564e-05
8.527211e-02
1.538446e-01
1.408848e-02
7.178486e-02
2.882905e-02
2.481742e-01
1.566209e-03
5.324135e-02
1.446940e-02
4.997275e-02
2.448681e-02
2.053673e-03
2.105206e-04
6.373026e-01
1.350522e-01
1.086113e-03
4.061914e-02
1.048830e-02
8.892483e-03
2.467282e-01
6.145865e-02
6.811239e-02
1.183947e-03
2.854758e-02
1.663365e-01
8.359964e-03
3.601366e-02
7.744973e-04
1.017335e-03
1.110303e-01
5.578772e-03
1.418727e-03
1.333018e-01
6.507245e-07
6.516107e-04
4.225239e-03
4.682237e-03
7.042645e-03
4.437632e-03
3.287261e-03
3.402250e-01
1.141570e-01
1.972797e-02
4.753187e-03
2.107557e-04
2.719183e-03
2.174400e-01
6.669776e-03
7.453706e-03
8.157155e-04
6.964673e-02
2.157197e-02
4.540955e-02
9.137849e-02
7.543222e-03
1.018901e-02
2.971626e-02
1.357414e-01
2.170983e-03
8.673354e-03
1.609975e-02
1.361739e-01
4.057137e-04
1.579666e-02
1.285935e-01
2.966047e-01
4.078482e-02
4.178962e-03
6.440439e-02
1.864275e+00
5.506261e-02
6.228872e-03
4.311986e-01
2.314729e-04
8.267783e-02
2.645266e-01
3.423713e-01
1.289648e-02
1.251690e-02
1.189818e-01
2.187641e-01
7.629393e-05
8.998367e-03
4.077509e-06
2.633502e-01
9.294206e-02
6.962344e-02
4.409579e-02
3.775469e-04
3.255489e-02
4.407857e-02
1.276413e-01
7.118719e-02
8.813339e-03
5.380527e-02
1.178597e-02
5.289705e-02
1.032773e-03
1.699285e-02
2.264288e-02
1.364384e-02
4.985528e-02
6.109157e-03
1.220680e-01
2.369646e-02
3.913103e-02
1.169241e-02
3.733835e-02
1.453800e-03
2.681629e-02
6.250068e-02
4.764887e-02
8.943732e-05
1.657357e-02
3.232085e-03
5.624755e-03
4.762522e-03
1.505401e-02
1.132971e-02
3.757053e-03
6.973596e-02
1.393391e-03
8.081487e-05
1.198351e-01
3.593802e-02
1.148347e-01
1.701101e-02
1.035580e-01
5.216069e-03
5.783263e-02
1.748854e-02
4.672713e-02
2.988093e-02
3.128012e-03
3.932417e-02
2.939693e-02
4.191306e-02
9.165882e-02
1.348822e-03
1.212959e-02
2.462699e-03
7.714038e-02
4.896032e-03
2.348019e-02
1.387076e-01
5.413535e-04
4.957564e-04
5.104405e-02
4.866662e-02
1.038840e-05
1.672563e-02
6.608328e-05
9.804218e-02
4.120941e-01
2.846201e-02
1.248317e-02
