3.633762e-03
2.217232e-02
5.809042e-02
2.247806e-02
2.990629e-02
1.186267e-04
2.638477e-01
1.100167e-01
6.392471e-04
8.681030e-05
5.669572e-04
2.406878e-01
1.148013e-01
2.971372e-03
4.038002e-06
4.267214e-02
1.989073e-02
1.074586e-04
4.076216e-03
1.451261e-02
1.493533e-01
3.584144e-04
3.728914e-01
4.993171e-02
5.375370e-02
2.444810e-02
6.181820e-03
2.239255e-02
5.488878e-02
6.055868e-03
6.882682e-03
1.689175e-02
9.717613e-02
2.345232e-03
3.600020e-04
2.280774e-01
1.360746e-02
7.976503e-04
1.929879e-01
4.936480e-02
1.635677e-01
2.056087e-02
1.804749e-03
4.984804e-02
1.748627e-04
9.748809e-02
2.379517e-02
2.309170e-02
3.799338e-03
1.847810e-02
1.814108e-01
8.263588e-02
2.767203e-02
2.359956e-03
2.533721e-01
8.065807e-02
1.581089e-01
2.544181e-01
6.410233e-02
1.159574e-03
4.843365e-02
6.532019e-02
5.489492e-02
7.457513e-03
2.465159e-04
1.035439e-03
1.714354e-02
1.848179e-02
1.552967e-02
7.916435e-02
1.388876e-03
3.067599e-02
2.739033e-02
2.701422e-01
6.015536e-02
5.103975e-02
3.333413e-02
1.231829e-01
1.215660e-03
1.593885e-01
6.590112e-02
4.696271e-03
2.508208e-01
6.527117e-03
1.412643e-02
2.527249e-02
1.820640e-02
1.845382e-01
1.238662e-02
3.807158e-02
1.487385e-01
1.389148e-01
6.584443e-05
1.134715e-01
2.987063e-02
1.089287e-02
3.433168e-02
3.780155e-05
3.039292e-02
2.312289e-01
5.867494e-02
2.579131e-02
2.113651e-01
4.597559e-05
1.103727e-02
8.441387e-02
2.460800e-04
4.240523e-02
1.430007e-01
1.690648e-01
1.133083e-03
2.489364e-01
1.754875e-03
5.209167e-02
2.509570e-02
1.232172e-02
5.874185e-02
2.277256e-05
7.867736e-03
3.216234e-02
4.408276e-02
4.668380e-03
1.520220e-04
1.225359e-02
1.231033e-01
3.137338e-02
1.113483e-01
8.555203e-02
5.243522e-04
7.139737e-03
2.793413e-03
1.954966e-02
8.822880e-02
1.285739e-03
1.239789e-02
8.850301e-03
1.213959e-01
1.086165e-02
1.337154e-01
4.640953e-05
3.254461e-03
1.651413e-01
5.633828e-04
1.026897e-01
6.554606e-02
1.223142e-01
1.327530e-01
3.213154e-02
4.867334e-02
1.107058e-01
9.902998e-02
2.252009e-05
3.736270e-03
1.744475e-03
1.749762e-02
2.185771e-02
2.910595e-03
6.573325e-02
1.290586e-01
3.734888e-01
5.016011e-02
3.273474e-04
3.106752e-04
7.365654e-03
2.420461e-09
1.309732e-01
2.286620e-03
6.165067e-02
3.528708e-03
2.719546e-02
2.079514e-01
1.540634e-02
1.843255e-03
1.758424e-02
4.600626e-02
2.141884e-02
3.980137e-04
2.553114e-02
6.080700e-02
5.842893e-03
5.440875e-03
1.892831e-02
1.567590e-01
1.092184e-02
5.440756e-02
3.308101e-03
4.944307e-04
1.948818e-01
3.360557e-03
8.130991e-03
5.025173e-02
4.191038e-01
5.394171e-02
1.194071e-02
5.462305e-02
9.337353e-03
3.486375e-02
6.314503e-02
6.417363e-02
3.890284e-02
2.009995e-03
7.155610e-02
5.693521e-03
1.587663e-07
4.014412e-05
2.360254e-02
1.469933e-04
5.287416e-02
4.612394e-02
6.880165e-02
1.609664e-04
9.819415e-02
3.304648e-03
7.375756e-03
3.226006e-01
9.784263e-02
3.897163e-02
1.753111e-02
5.781621e-04
1.253577e-02
2.097078e-01
4.153085e-02
1.070517e-01
5.720416e-03
4.975553e-04
1.686659e-02
3.379246e-02
3.280672e-02
3.977580e-02
5.365717e-02
5.917931e-02
1.930430e-03
2.996808e-02
3.657612e-03
6.884772e-02
1.262427e-03
6.453851e-03
3.171781e-05
3.016974e-05
1.729922e-02
9.837864e-03
9.154926e-02
4.478726e-02
9.984184e-02
8.565591e-02
4.132371e-02
1.219937e-03
6.361498e-03
5.096206e-02
1.880928e-03
9.169929e-02
1.872678e-01
6.756643e-03
2.824289e-03
6.822662e-04
3.046742e-02
3.938619e-03
1.019162e-01
6.674325e-02
2.398416e-02
4.469758e-02
1.003126e-01
3.348415e-02
7.027621e-04
2.599507e-01
1.858735e-05
2.258741e-02
9.983677e-02
2.930389e-02
3.004313e-03
2.922752e-03
4.604360e-02
5.512219e-01
3.450042e-02
6.841734e-04
3.902147e-02
1.853165e-02
6.738941e-03
3.756695e-02
7.915986e-02
2.737731e-02
5.431980e-02
2.695794e-02
1.027096e-02
6.438878e-02
3.543181e-03
2.003353e-01
2.508868e-02
1.288191e-01
2.310512e-02
2.416603e-02
2.728546e-03
6.126250e-02
4.374427e-02
5.879192e-02
1.480404e-01
3.116198e-02
1.392530e-02
8.043712e-03
2.981954e-02
1.508114e-02
1.597578e-03
5.519877e-02
4.746493e-03
2.172798e-02
1.379046e-01
4.700658e-02
2.686268e-02
4.178693e-05
1.372187e-01
4.806650e-02
9.948747e-03
9.967210e-02
6.690302e-02
1.450948e-01
2.698393e-03
4.707071e-06
2.461200e-02
4.317150e-02
2.175028e-03
5.674819e-04
1.781198e-03
5.126222e-03
1.494803e-02
5.594979e-02
7.224423e-05
3.241620e-02
2.608421e-03
1.652705e-02
2.330530e-01
1.373377e-01
3.869036e-02
9.676949e-02
7.616850e-02
9.406864e-03
7.511712e-02
3.825227e-02
1.561394e-02
4.195915e-02
6.812072e-04
1.567704e-01
6.230500e-02
3.163136e-03
1.016754e-01
1.170964e-01
5.058148e-02
6.658129e-02
2.539919e-02
3.539030e-03
6.022863e-04
1.905250e-02
3.662508e-03
1.423298e-01
1.088670e-01
8.282965e-02
1.414461e-03
7.879179e-05
2.381088e-03
8.451925e-02
3.170236e-03
1.068939e-01
5.761801e-02
9.346817e-03
1.019585e-03
2.515521e-02
1.222578e-01
1.074479e-01
2.939708e-02
2.279345e-02
1.822719e-02
7.768424e-02
8.589251e-03
1.362401e-01
1.552885e-02
8.653709e-03
3.166562e-02
6.562836e-02
2.577638e-01
1.541797e-01
3.010231e-02
4.765822e-02
7.168919e-02
8.982310e-04
7.257857e-02
6.534153e-03
1.838977e-03
1.183316e-02
1.924303e-02
2.217639e-02
2.546849e-03
5.983835e-03
1.722384e-02
1.699457e-02
6.250551e-03
1.082731e-02
3.103488e-03
8.595436e-02
5.685868e-02
1.077345e-01
4.419087e-01
2.696809e-04
1.649799e-01
5.489809e-02
1.698272e-02
1.297407e-01
6.704324e-02
9.375462e-02
4.976898e-02
4.888343e-03
1.037587e-01
3.194931e-04
9.304228e-04
8.511707e-02
4.952386e-03
9.329845e-02
9.446505e-03
9.282550e-02
1.662954e-02
4.532903e-03
2.502922e-02
1.554685e-01
6.438574e-02
3.086583e-02
5.309336e-03
1.078535e-01
7.639165e-03
5.726290e-03
6.896303e-02
9.227247e-02
2.099781e-02
4.853735e-02
8.140191e-02
7.519727e-03
8.886449e-04
3.656591e-02
4.074465e-02
4.884908e-03
9.415476e-02
6.219254e-04
7.906589e-03
2.909842e-02
6.150216e-03
3.922712e-02
9.135306e-03
4.053886e-02
1.000108e-01
8.462645e-03
2.802474e-01
3.698862e-02
3.114825e-02
2.514767e-01
1.082759e-01
4.575303e-02
6.907519e-04
9.042105e-02
1.143303e-04
3.364966e-02
7.397062e-03
5.526497e-03
1.120644e-02
2.554888e-05
4.859156e-02
1.747614e-02
1.788414e-02
1.049905e-04
3.648964e-04
1.252363e-01
1.218908e-01
2.195858e-02
3.642634e-02
6.796580e-02
2.597607e-01
4.695609e-03
8.759225e-06
1.839182e-03
1.330477e-02
9.021469e-02
1.472229e-03
1.519601e-02
6.062432e-02
1.478871e-02
4.226097e-02
1.111468e-02
2.764630e-03
1.019105e-03
9.089225e-03
1.259495e-02
4.437052e-06
1.167266e-03
3.253833e-02
2.356508e-01
6.753534e-02
3.704376e-02
3.070961e-02
7.025243e-03
8.947422e-02
7.806201e-02
9.867352e-02
1.133555e-01
2.449959e-02
6.010760e-02
1.459022e-03
5.650758e-04
2.525874e-01
2.392953e-02
1.049035e-02
7.631850e-03
6.765697e-02
2.367915e-02
5.732782e-02
1.955062e-02
5.120076e-02
1.022408e-01
4.377564e-02
1.596197e-01
3.142787e-04
5.030717e-04
5.550635e-06
3.035887e-06
1.402761e-01
3.551924e-02
1.315980e-03
8.280744e-02
9.503586e-04
2.482208e-04
5.506064e-02
1.453908e-03
1.173172e-03
1.166045e-01
1.106787e-01
6.704306e-02
2.028294e-03
9.965953e-03
3.381645e-02
8.953751e-04
3.907139e-03
6.858250e-02
7.115378e-02
1.516979e-01
1.757988e-01
2.782305e-01
2.491482e-02
8.082890e-02
1.331638e-02
3.719007e-02
1.347390e-01
3.988771e-02
2.283790e-01
8.183636e-02
4.671216e-04
3.147357e-02
9.521717e-02
3.285950e-02
2.429535e-03
2.301531e-04
6.543467e-07
4.296601e-03
4.783926e-03
1.827638e-01
1.694767e-01
6.582118e-02
5.165434e-02
1.357597e-04
1.734385e-01
2.728027e-02
1.503178e-02
9.450629e-03
1.695979e-01
1.130269e-02
7.039689e-02
3.019119e-02
6.714540e-03
4.926978e-02
4.285264e-02
1.049416e-01
7.963075e-03
2.355548e-01
3.053776e-04
2.864660e-02
1.594484e-02
3.517466e-01
1.539208e-01
9.574035e-02
2.227769e-04
2.927524e-02
5.310111e-02
9.308896e-03
8.421859e-02
6.669593e-03
1.641123e-01
4.021299e-02
9.502030e-02
3.388577e-02
3.711962e-02
