1.215123e-01
6.386649e-03
2.959059e-02
2.194958e-03
3.686778e-02
1.542350e-02
8.361971e-03
3.627870e-02
2.213973e-01
1.785369e-01
1.151985e-02
1.237821e-03
1.073762e-01
3.892503e-03
1.362890e-03
2.196314e-03
3.466262e-03
2.192019e-03
1.251049e-01
2.379829e-02
5.611234e-03
1.518575e-01
3.130292e-03
9.387260e-02
1.021552e-01
9.719343e-03
6.296679e-03
1.154920e-05
5.107023e-02
1.065226e-02
2.411011e-02
1.280921e-02
5.693430e-02
1.230152e-03
5.531626e-05
5.125606e-04
3.179516e-02
3.740799e-02
1.337685e-02
7.630990e-03
7.400591e-02
1.524644e-02
1.060406e-02
1.102558e-02
4.667840e-02
7.265336e-05
6.457117e-02
9.322637e-03
8.844658e-02
1.420040e-02
1.964841e-02
1.625538e-01
9.340977e-04
8.781924e-03
1.591207e-03
1.888122e-01
1.094207e-01
5.277251e-02
4.813345e-02
2.084126e-01
4.457019e-02
2.902208e-02
2.950178e-02
7.522975e-03
7.370031e-04
5.415240e-03
4.362463e-03
4.870437e-07
1.467345e-01
1.957487e-02
1.606280e-02
2.563168e-02
7.766429e-04
3.007362e-03
3.593889e-03
7.024075e-02
4.749509e-02
1.577901e-01
5.591041e-02
1.007640e-01
4.998700e-02
3.293150e-03
7.007247e-03
2.562203e-02
2.991068e-02
5.229153e-04
7.483886e-03
2.097398e-02
1.926147e-01
8.489409e-02
1.060787e-01
6.821520e-03
1.820197e-01
2.102148e-02
3.937125e-02
6.225777e-02
7.016172e-02
3.367277e-02
3.613983e-02
5.152067e-02
2.755219e-02
3.122587e-03
6.238389e-03
3.428500e-01
4.439708e-02
1.378334e-02
2.533372e-01
1.559806e-01
1.619261e-01
6.226086e-02
2.162978e-02
1.723332e-02
1.864104e-01
5.155236e-02
9.414804e-02
7.931562e-03
3.065320e-01
3.662430e-02
4.786725e-02
2.231914e-02
1.271945e-01
1.507036e-01
4.950250e-02
6.633448e-04
1.226152e-03
6.109966e-03
7.651394e-03
4.806665e-02
2.296110e-02
5.358220e-02
2.419668e-01
1.808211e-02
1.160223e-01
4.042333e-02
4.650856e-03
6.578490e-03
1.014895e-02
2.610450e-02
6.047574e-04
4.193491e-04
1.075710e-01
4.278138e-02
1.285917e-02
6.574421e-02
5.027970e-02
2.338634e-02
9.952722e-03
3.998581e-05
2.525909e-03
4.054904e-05
7.057097e-02
6.405655e-02
1.598078e-03
4.735948e-03
4.460293e-02
1.765233e-03
1.375847e-02
5.993862e-02
1.738766e-01
1.082482e-02
2.206821e-01
1.852807e-02
2.236965e-01
9.192933e-02
2.130364e-03
1.650969e-01
3.365934e-02
9.560659e-04
7.306892e-03
4.464436e-02
1.539331e-02
2.122350e-03
4.115844e-02
2.903491e-02
2.888460e-01
1.362875e-01
1.329346e-02
1.445091e-03
7.450608e-02
1.164728e-01
9.558688e-02
1.014170e-06
3.412896e-01
1.498833e-02
1.280805e-02
1.478252e-01
9.349149e-02
2.332133e-02
1.104812e-02
1.556747e-04
2.552835e-02
2.651104e-02
1.241527e-01
1.149531e-01
2.394365e-03
4.409086e-02
3.090888e-04
2.743789e-01
5.489487e-06
2.134618e-02
1.389372e-02
1.751964e-01
7.451511e-02
6.720592e-02
1.416137e-02
2.139668e-02
4.836019e-02
2.185303e-01
5.593085e-04
2.111814e-03
1.878662e-02
3.154448e-03
5.057036e-03
2.696401e-04
1.870878e-02
1.660622e-01
5.029053e-04
2.011038e-02
5.915754e-02
3.399131e-02
1.695380e-01
3.020436e-02
8.002384e-06
1.501015e-03
4.604945e-02
1.233700e-03
8.767378e-02
3.633005e-01
4.773156e-04
1.410234e-01
3.315803e-02
6.460532e-03
8.442656e-02
3.569340e-03
4.175486e-03
8.041744e-02
1.022693e-02
7.798293e-02
4.643133e-02
5.271110e-04
5.602352e-06
8.560918e-02
2.679526e-02
2.817742e-04
8.017868e-02
8.212251e-04
5.072366e-04
2.252863e-02
6.612948e-02
3.249194e-01
4.942332e-02
3.115690e-01
1.267030e-02
9.804119e-03
1.593273e-02
1.605890e-02
3.643840e-02
2.098544e-02
6.746624e-02
7.131707e-02
1.839522e-01
2.723723e-02
3.967778e-02
9.824246e-03
1.935736e-02
3.105950e-03
2.365466e-01
1.448637e-01
2.254527e-02
2.416524e-02
4.962695e-03
5.301372e-02
3.494070e-02
7.157928e-03
1.511924e-04
4.066469e-02
5.294941e-02
5.191418e-05
3.948666e-03
4.809647e-02
7.143795e-02
5.409601e-02
6.227554e-02
1.121126e-03
1.113308e-02
2.934700e-02
4.742330e-02
3.286503e-01
2.890453e-02
8.030072e-02
5.121931e-02
2.184730e-03
1.675612e-02
1.500071e-02
1.706174e-02
4.173126e-03
1.673235e-02
1.728628e-02
2.001401e-01
4.475040e-02
7.046038e-03
2.102534e-02
3.907823e-03
3.110373e-02
1.998642e-01
1.187729e-01
1.344240e-05
4.788794e-04
7.281190e-02
1.102505e-03
3.981438e-02
3.184896e-02
9.737131e-02
2.009319e-02
2.694704e-03
8.366242e-02
5.714115e-02
1.476041e-04
1.951635e-01
7.664378e-02
1.598669e-01
3.980880e-02
1.531240e-02
1.749609e-02
5.781985e-03
2.460201e-02
8.068123e-03
6.951015e-05
2.031450e-03
4.402723e-02
1.041843e-02
7.923147e-06
6.927862e-03
4.051948e-02
2.281331e-01
3.008770e-01
9.414397e-03
1.155854e-04
5.757852e-02
3.246948e-02
8.133566e-03
1.703725e-01
5.117064e-03
2.902575e-01
3.894364e-03
6.248281e-05
8.197813e-03
8.991162e-03
3.415682e-02
1.192900e-04
3.721310e-02
6.156570e-04
5.956330e-02
8.402324e-02
1.155277e-02
3.027385e-03
6.185925e-04
2.190050e-02
4.418424e-02
9.653901e-03
2.964300e-02
6.395365e-03
1.142562e-02
1.719318e-04
2.364098e-01
2.270454e-05
7.808999e-02
1.589429e-02
1.614148e-02
6.628613e-02
1.519103e-03
5.907028e-04
1.900025e-03
1.228790e-01
2.182060e-02
1.083350e-01
7.541030e-02
7.876545e-03
7.427125e-02
1.747991e-01
4.951144e-03
2.937082e-02
6.649518e-03
2.293501e-01
1.479339e-01
1.339693e-01
2.318687e-03
2.150539e-02
1.123200e-01
1.311144e-02
6.147229e-05
1.023756e-02
1.532269e-02
1.884237e-02
5.120578e-04
1.055765e-04
1.247773e-03
1.824690e-03
5.272048e-04
5.055828e-02
2.877864e-02
6.572948e-03
1.288052e-01
2.370949e-02
4.643912e-02
8.564273e-02
4.416831e-02
2.700813e-02
1.805017e-02
1.384428e-01
3.125159e-01
9.512953e-03
7.345427e-02
8.886953e-02
3.648181e-02
3.328646e-02
6.151753e-04
1.129735e-01
2.877168e-01
2.920143e-03
5.224852e-03
1.095254e-03
4.571144e-03
6.378805e-03
1.353926e-02
1.139538e-01
2.210047e-01
3.197772e-03
6.965860e-02
4.985548e-02
1.728365e-01
1.992866e-02
1.257657e-03
8.039768e-02
6.491283e-03
6.871004e-03
4.344443e-03
2.279531e-02
4.236070e-02
1.226283e-01
1.372491e-01
2.061325e-02
8.737023e-02
4.790018e-02
3.068657e-03
5.413404e-02
7.703585e-03
5.496068e-03
2.430978e-02
7.596012e-02
5.931239e-04
6.899854e-02
1.845289e-02
5.733409e-03
9.135830e-02
3.248091e-02
1.549636e-02
2.874670e-02
1.904289e-01
2.416608e-04
1.616732e-02
5.533331e-02
2.281646e-03
6.035755e-05
1.105536e-02
1.370003e-01
1.071914e-02
2.809201e-02
1.096849e-02
6.007505e-05
1.370230e-01
2.914925e-01
1.505998e-01
1.655451e-02
4.146186e-03
9.137515e-04
2.328643e-01
2.287207e-01
2.626206e-04
8.753331e-06
3.125277e-02
1.094091e-05
8.043707e-03
1.511675e-01
6.688483e-03
1.488178e-02
1.490077e-02
5.507834e-02
3.979761e-02
1.736643e-03
4.492562e-03
1.123032e-01
3.232363e-03
3.841215e-02
1.892993e-03
4.535665e-02
1.777147e-02
3.469325e-02
7.956875e-02
1.830342e-02
7.306967e-02
2.792311e-02
8.865408e-03
8.859963e-02
9.967636e-04
3.999229e-02
1.365822e-03
3.357584e-01
3.498613e-03
5.509975e-02
2.631444e-01
1.491024e-02
1.284226e-02
3.112100e-03
7.144043e-05
6.363379e-02
4.132184e-03
8.311661e-03
1.979780e-02
5.925446e-02
1.211991e-03
2.407380e-03
3.463016e-02
6.934349e-02
2.185322e-01
1.112245e-02
7.735207e-03
1.882641e-02
1.022275e-02
2.064986e-01
1.268378e-01
1.239566e-01
7.947529e-02
1.790079e-02
2.415145e-03
1.894300e-03
9.949170e-02
3.269855e-03
4.066694e-04
1.013347e-01
1.856383e-01
1.803216e-01
1.621319e-02
7.368745e-02
1.608592e-04
8.230090e-02
7.367258e-03
6.235965e-03
7.983375e-02
1.452610e-06
3.673951e-02
1.907363e-03
6.571658e-02
4.776215e-04
3.105096e-01
9.727498e-02
2.905816e-02
9.372302e-02
3.669653e-05
3.236127e-02
3.923036e-03
1.395143e-01
4.159390e-02
6.228953e-02
1.157414e-01
1.537463e-01
9.613661e-02
2.685506e-01
1.400626e-01
2.680233e-02
5.340338e-03
4.311823e-05
1.638844e-01
4.081138e-02
2.305391e-03
3.276219e-02
6.571693e-02
2.422384e-02
2.516232e-03
4.552425e-03
6.339104e-02
1.895758e-04
2.967839e-01
2.339716e-02
1.793381e-01
2.571150e-02
9.843409e-02
1.300519e-02
1.872213e-03
2.709530e-02
4.848110e-03
3.215961e-05
8.840503e-02
8.417835e-04
