4.082604e-03
2.958862e-02
1.110755e-03
5.551188e-02
4.825044e-02
1.219195e-01
1.486305e-03
1.741841e-03
1.135673e-02
3.494752e-05
1.288830e-01
7.983763e-03
6.558017e-02
1.498122e-03
5.060936e-03
5.793484e-02
9.437514e-02
3.065982e-01
9.128668e-02
2.920161e-04
8.119825e-02
5.018886e-03
7.805859e-05
5.833621e-03
9.647398e-03
2.636129e-03
1.950393e-02
2.735422e-02
2.374591e-01
7.297320e-03
2.812547e-02
7.032886e-02
7.441923e-03
1.755323e-03
5.882002e-03
4.232018e-05
3.838910e-02
4.478345e-02
8.018910e-02
1.820501e-02
3.950209e-02
6.122348e-04
1.705606e-02
1.588386e-01
2.419958e-01
6.238788e-05
8.982778e-02
2.353444e-04
5.334534e-02
1.460770e-01
1.106427e-01
4.032413e-02
2.237918e-01
2.750976e-01
4.538965e-04
1.823724e-01
4.146450e-03
5.128414e-02
2.825374e-02
1.479638e-05
1.090245e-01
1.384082e-01
2.633358e-02
1.640613e-02
2.958587e-05
3.381755e-03
1.497935e-03
3.975681e-03
6.290808e-02
2.054924e-02
8.086503e-06
6.231733e-02
2.256623e-02
6.213267e-02
7.619747e-03
1.480937e-04
9.938023e-03
8.658571e-02
4.280254e-02
6.165395e-03
4.544597e-03
8.313081e-03
9.219529e-08
5.116624e-02
1.911646e-02
4.106156e-03
6.883400e-03
1.498807e-01
4.146254e-02
1.752133e-01
5.194970e-03
1.457198e-01
1.582508e-02
2.646461e-02
3.397818e-04
1.095182e-01
3.706950e-02
5.051266e-04
5.025744e-03
7.279345e-05
5.520379e-03
3.234149e-02
1.027842e-02
2.265263e-02
3.446408e-02
7.002887e-02
6.687746e-03
4.981864e-02
2.581191e-02
4.503498e-02
1.492261e-02
5.207350e-01
6.768443e-02
1.344674e-02
1.308932e-02
2.875867e-02
6.483819e-02
4.405590e-03
1.783358e-03
1.936688e-03
3.272825e-02
1.851395e-02
4.862026e-03
1.931205e-02
2.881549e-03
2.438356e-02
4.151885e-02
1.382908e-02
5.225081e-02
2.003753e-04
1.358642e-01
8.009241e-03
9.461411e-03
1.040834e-01
5.562035e-02
4.992404e-03
8.811747e-02
1.079004e-01
6.810040e-02
1.295628e-05
3.955657e-04
2.191216e-02
2.668701e-05
5.298978e-02
2.172828e-02
1.484039e-02
3.974231e-02
7.998286e-02
2.979524e-02
6.230156e-02
1.234654e-03
4.045728e-01
4.710802e-04
6.923315e-03
8.030126e-02
3.048673e-03
1.071952e-01
8.907246e-03
2.340544e-04
2.623746e-02
2.977889e-02
1.050952e-01
3.297056e-01
2.416610e-02
2.252783e-01
9.553439e-02
3.306036e-02
2.444824e-02
1.925567e-02
5.080332e-02
4.474719e-03
9.131319e-02
6.116412e-02
1.494806e-02
3.759544e-02
4.029414e-02
3.844026e-02
1.001544e-04
7.217247e-02
1.715353e-02
2.731676e-04
3.722320e-02
2.268742e-04
6.360813e-02
1.097745e-01
2.817283e-02
2.431985e-03
9.595486e-02
8.537541e-02
4.355339e-02
2.101488e-02
5.664731e-03
3.250870e-01
6.382037e-03
8.396047e-04
9.526499e-02
4.206717e-02
3.592280e-02
7.283352e-02
1.586149e-02
2.251568e-02
9.986407e-04
1.507557e-02
5.719526e-02
3.539932e-01
1.920665e-02
2.062579e-02
7.196654e-02
8.921887e-02
9.239193e-02
1.972851e-01
4.552674e-03
7.300591e-02
8.405118e-02
5.055751e-03
1.688287e-02
9.356847e-03
1.283677e-03
3.996611e-02
2.491896e-02
1.942518e-01
7.574690e-02
7.974053e-03
1.646946e-03
2.204125e-03
3.275101e-01
2.988582e-01
9.146074e-02
5.004921e-02
6.858829e-05
4.575743e-03
6.769646e-05
2.379101e-02
9.845814e-03
4.743098e-03
5.762043e-05
1.707680e-03
6.196263e-03
5.646016e-02
5.337850e-01
8.467654e-03
6.504781e-03
4.922786e-02
2.013851e-01
1.464552e-03
4.800487e-02
1.939415e-02
2.984868e-02
1.986579e-02
3.104902e-02
2.015129e-02
5.570358e-03
6.352645e-02
1.128094e-01
1.040125e-01
9.842339e-02
9.180444e-02
1.181133e-01
6.557156e-02
2.230130e-02
6.431312e-03
2.425902e-01
2.083492e-02
1.940473e-01
6.802120e-03
3.245487e-02
8.553277e-07
2.513681e-02
1.134693e-04
1.047573e-02
5.911783e-03
1.730801e-07
1.543452e-03
8.176131e-02
4.773465e-03
5.160708e-02
4.182974e-02
6.393280e-02
2.223810e-02
5.811145e-05
7.037848e-02
3.452753e-04
1.605845e-01
2.570449e-01
9.881591e-02
9.946598e-03
3.502029e-02
6.058303e-03
2.436591e-02
9.523763e-02
6.624055e-04
2.260387e-03
7.462721e-02
8.125325e-02
8.967158e-02
9.104431e-02
6.241300e-04
5.743005e-02
3.677088e-02
6.836082e-04
4.280885e-03
2.812591e-03
7.777978e-03
3.619219e-02
1.363825e-02
5.230508e-02
6.276564e-03
1.154629e-04
1.392438e-02
2.138112e-01
2.131109e-03
1.762712e-02
5.644819e-02
1.104673e-01
2.982861e-02
7.152691e-03
4.183125e-04
3.562250e-03
1.979663e-04
4.904860e-04
6.514773e-05
7.331873e-03
8.290264e-02
1.795125e-05
1.670152e-06
3.113643e-03
8.213427e-02
1.579044e-02
1.237096e-03
5.073622e-02
8.862759e-03
3.994942e-02
5.711922e-02
1.227198e-02
5.744853e-02
2.631206e-01
2.103020e-02
5.446974e-02
1.454312e-01
5.556564e-03
5.250446e-02
1.084560e-01
1.722483e-02
6.234613e-03
5.051965e-02
4.285895e-03
5.411405e-04
2.098029e-03
2.065228e-01
2.241730e-02
3.794634e-02
4.309267e-02
2.833635e-02
1.704709e-02
1.356131e-01
1.027479e-02
7.036424e-02
6.077973e-02
3.422245e-03
6.722630e-04
6.411659e-02
5.090054e-02
1.679320e-03
1.081796e-02
8.153462e-04
9.884370e-03
7.630556e-02
1.581377e-01
3.129498e-03
1.419930e-03
1.042269e-01
3.293544e-02
3.538535e-03
2.094550e-01
1.036080e-01
1.082381e-02
1.648891e-02
1.928471e-03
6.793762e-02
7.779314e-02
1.831964e-01
2.266889e-02
8.219454e-02
1.183601e-04
6.355145e-02
1.887086e-02
5.027333e-02
1.143187e-04
2.230078e-02
8.548107e-04
6.553673e-03
3.579611e-02
2.264057e-02
2.313726e-02
4.951270e-02
1.293332e-03
9.830072e-03
2.969412e-02
1.368530e-01
6.171613e-02
4.523428e-02
5.761267e-02
1.499430e-02
1.735362e-01
2.145679e-03
1.056150e-01
2.638950e-03
3.384801e-04
1.297111e-02
9.420804e-03
1.342860e-01
1.356369e-03
1.395509e-01
1.536371e-02
1.330955e-02
3.754099e-02
1.949722e-02
3.920560e-03
1.390494e-01
2.380599e-02
5.665170e-02
5.303994e-04
8.933613e-03
4.956722e-04
2.438663e-02
4.248082e-02
1.568702e-01
4.063567e-02
1.718674e-01
2.285825e-02
3.077932e-03
2.037023e-02
1.449458e-03
4.379768e-03
1.280357e-01
8.598582e-02
6.925258e-03
2.305288e-01
6.197258e-02
3.161285e-02
1.255529e-02
7.115552e-02
2.365117e-02
6.748455e-02
1.115357e-01
3.554056e-02
2.427155e-03
9.495888e-04
4.299369e-02
4.914349e-03
5.946748e-02
6.003970e-02
6.032787e-02
1.427270e-01
2.456123e-02
2.119173e-02
2.020746e-01
8.504493e-02
7.405760e-02
5.418457e-03
2.442569e-01
1.420516e-02
2.607692e-02
2.758938e-04
5.113661e-02
7.574537e-02
3.161584e-03
1.755873e-02
8.886268e-01
1.353531e-01
3.269603e-02
8.222643e-01
3.312280e-01
1.053606e-04
4.890250e-04
2.643030e-02
1.803381e-02
1.879571e-02
2.831889e-02
4.275820e-01
1.913530e-02
1.367254e-01
9.027324e-03
1.739059e-01
1.475824e-01
7.306878e-02
8.928418e-02
7.536591e-02
3.034530e-02
1.112479e-04
2.431717e-03
3.407405e-03
4.739652e-02
3.299082e-02
9.976627e-03
1.149437e-02
1.810782e-02
1.546420e-01
2.569515e-01
2.483558e-02
1.349402e-02
5.053306e-02
8.509467e-03
6.313362e-04
3.180187e-03
2.666649e-02
3.553890e-02
9.897102e-02
4.968956e-03
1.846185e-01
1.122366e-01
2.986690e-03
4.131338e-02
2.738857e-04
1.873863e-01
3.421162e-02
6.380320e-02
1.434958e-01
2.467664e-02
2.024426e-02
2.957586e-01
2.430755e-04
2.068030e-01
4.936327e-03
4.646335e-02
1.026375e-02
3.377080e-02
1.947409e-03
1.021607e-02
9.404427e-02
8.247497e-02
9.421957e-02
3.645224e-02
5.566428e-02
9.679270e-04
2.127431e-02
3.729180e-02
9.927241e-02
1.842951e-01
5.348962e-02
9.814561e-01
2.721908e-01
1.836856e-02
8.677421e-03
4.089294e-02
1.877067e-02
1.666256e-01
2.274645e-02
1.510989e-01
8.329200e-03
3.628716e-03
2.633670e-01
1.320614e-01
6.845590e-03
6.800395e-02
4.276386e-05
3.756412e-03
1.973336e-01
9.796554e-02
8.796228e-02
6.413635e-03
7.676293e-02
1.826308e-02
3.748395e-03
2.547142e-02
1.417328e-02
3.582126e-04
1.378639e-02
4.933822e-02
6.634024e-04
1.586786e-02
1.517158e-03
5.105940e-03
3.591177e-04
3.745199e-03
1.802949e-05
5.033355e-02
2.828365e-02
3.608808e-01
6.703769e-04
1.810591e-03
2.205507e-01
6.601833e-03
1.045823e-01
7.332437e-02
4.841568e-02
5.683129e-02
1.612491e-02
1.974822e-01
1.632135e-02
1.195405e-01
2.277506e-02
1.722693e-03
1.088271e-03
