1.848732e-02
8.571498e-03
5.426727e-03
1.085256e-01
6.476150e-02
2.733027e-03
4.626065e-02
2.821945e-01
3.357773e-02
2.759504e-03
1.068347e-01
1.760385e-02
4.637945e-03
1.169212e-03
1.216499e-01
5.364193e-02
1.323590e-03
2.637892e-02
5.133696e-02
1.348728e-02
2.249593e-02
1.969328e-03
1.313747e-01
7.646064e-04
7.230393e-02
1.388917e-01
1.058566e-02
4.471891e-02
1.403200e-01
6.982032e-02
2.664226e-02
3.185925e-02
1.431312e-05
3.067253e-02
1.424842e-04
3.546888e-02
2.843101e-02
1.521512e-01
1.143202e-02
2.441014e-02
3.182288e-01
3.660424e-02
9.253998e-02
2.582201e-02
4.849445e-02
1.465405e-02
2.798001e-02
1.018169e-01
3.683997e-02
1.180678e-01
1.089912e-01
1.990667e-01
1.443979e-03
1.072426e-03
1.167299e-02
2.902661e-01
2.363693e-01
1.213990e-04
1.720076e-01
1.333107e-03
2.280275e-02
1.301365e-01
5.235405e-02
1.271052e-03
7.306844e-02
1.007234e-01
3.148330e-02
5.819469e-04
5.079074e-05
2.852925e-02
5.444981e-04
1.078888e-01
7.391605e-02
3.469469e-05
1.218501e-01
2.143640e-01
2.840825e-03
1.362487e-03
2.715942e-02
2.012917e-02
3.855315e-05
9.037433e-02
2.338950e-02
1.749076e-03
1.992211e-02
2.282336e-02
5.509929e-02
3.035699e-02
5.958084e-04
2.836999e-02
2.696588e-02
2.897426e-03
2.633585e-03
2.426176e-03
3.318480e-02
7.939034e-03
1.501870e-02
1.142540e-01
7.039147e-02
1.396025e-04
3.087756e-02
5.002904e-02
8.389035e-03
3.282546e-02
9.626761e-03
1.001451e-02
2.108018e-01
1.279484e-04
6.307861e-03
6.017869e-04
3.247397e-02
9.832234e-02
6.465020e-02
7.820252e-02
6.112224e-03
5.762618e-04
4.012143e-02
2.280514e-02
2.519560e-02
1.212092e-02
3.108542e-02
1.595067e-02
2.080030e-04
3.484597e-05
3.279365e-02
6.311451e-03
2.197153e-02
8.284343e-03
1.491062e-03
2.892028e-03
1.910541e-02
4.506871e-03
2.062107e-02
6.637774e-04
1.394173e-02
2.861097e-02
1.934887e-02
6.797288e-03
8.881902e-04
9.028129e-03
1.693683e-02
1.451138e-03
2.426564e-03
1.855291e-02
1.095283e-02
1.813360e-02
3.408278e-01
8.666340e-02
1.332457e-01
1.859579e-03
4.622455e-02
1.271050e-04
5.020903e-02
1.658033e-01
5.513449e-02
1.620684e-02
1.502260e-02
7.548618e-02
6.862440e-02
1.063245e+00
4.035361e-02
3.935355e-03
5.860677e-02
1.616852e-01
4.465550e-02
1.867836e+00
2.465296e-02
4.427678e-05
1.772960e-02
1.313199e-03
6.630860e-03
6.842738e-02
1.590861e-03
7.573534e-03
3.714271e-03
1.777170e-02
5.744205e-02
8.588786e-02
4.892649e-02
2.509693e-06
3.503187e-02
1.733903e-01
4.180667e-02
7.274300e-02
2.028437e-02
9.916282e-03
4.067937e-02
2.417038e-05
2.682872e-02
4.278691e-03
1.716666e-02
1.833087e-02
2.698206e-03
4.997192e-02
1.359029e-03
5.856089e-03
8.422618e-05
6.243999e-03
1.585401e-04
7.899513e-02
6.797572e-02
4.991079e-02
8.918328e-02
3.020789e-03
1.079087e-02
1.083718e-02
8.009538e-02
3.853141e-04
3.340958e-02
3.228772e-02
3.842595e-02
2.409910e-01
9.229743e-03
7.654552e-02
7.796253e-04
1.333940e-02
4.906600e-02
1.465404e-02
1.021670e-01
1.781556e-03
6.929785e-02
1.852872e-02
4.910633e-02
2.468116e-02
4.320107e-02
6.451452e-03
6.145098e-02
1.789286e-01
1.443532e-01
3.997073e-01
1.456552e-02
4.294221e-02
8.089474e-02
1.251474e-01
3.530019e-01
2.991155e-06
4.861609e-02
3.925004e-01
1.947209e-01
8.546012e-02
2.323018e-02
7.543134e-03
2.648173e-01
5.135169e-02
4.819973e-02
8.734826e-02
8.729721e-02
9.888157e-03
1.340188e-03
4.743659e-03
5.397489e-04
3.550110e-04
6.184601e-02
2.244762e-02
2.018952e-01
3.528730e-02
2.860667e-01
2.381387e-02
2.790276e-04
7.199517e-03
2.312293e-01
5.766781e-03
5.198215e-02
9.015345e-04
3.460637e-02
2.392192e-03
3.145318e-01
1.185647e-02
3.093540e-03
4.787544e-04
1.251767e-02
6.587782e-04
1.585403e-02
6.827304e-03
4.617326e-04
1.122564e-01
7.662505e-02
6.111043e-05
4.671091e-03
2.681614e-03
6.171593e-02
2.648680e-01
1.283171e-02
3.183742e-01
3.355472e-02
1.997876e-02
9.242101e-03
1.976441e-01
1.077033e-02
2.215980e-02
1.013045e-01
8.105287e-02
9.358359e-02
4.265878e-02
5.540405e-01
9.886118e-02
1.383135e-01
3.737381e-02
6.099734e-02
1.653161e-01
1.838796e-01
2.062655e-03
4.660555e-03
4.152730e-02
3.554925e-02
4.072666e-02
8.576266e-02
1.146320e-04
9.159278e-03
7.183024e-02
6.956185e-03
9.416089e-02
7.798241e-02
9.374087e-02
6.105328e-03
2.020411e-03
1.515737e-01
1.118126e-02
1.003676e-05
1.830506e-02
4.268244e-02
6.091742e-02
4.362034e-04
6.074253e-03
1.203964e-01
2.565524e-02
3.425239e-03
3.035537e-01
2.357214e-03
4.177475e-02
1.824346e-02
1.575526e-03
1.274437e-01
5.813090e-02
1.344647e-01
1.068258e-05
1.339861e-02
9.605657e-02
9.781545e-03
3.598283e-04
5.539759e-02
8.754862e-02
1.186916e-05
1.245105e-01
2.289744e-02
8.617252e-03
2.876536e-07
1.472167e-01
1.225528e-02
3.054262e-02
4.544043e-02
1.412580e-02
1.619428e-02
5.164078e-04
4.006922e-02
7.444549e-04
2.066670e-01
1.564090e-01
4.519833e-02
1.553161e-02
4.596633e-02
2.267413e-01
6.432485e-03
3.047215e-01
2.461993e-03
1.578468e-02
8.709891e-03
9.947830e-03
3.468867e-03
1.610248e-01
5.594756e-02
1.992776e-01
1.984284e-01
5.658712e-02
1.769923e-02
1.221965e-02
2.092592e-01
5.958507e-03
5.398155e-02
6.420206e-06
2.115787e-02
7.250081e-02
2.004328e-01
3.887007e-02
7.684383e-02
2.987964e-04
1.855185e-02
8.437220e-02
1.901385e-03
1.139032e-01
3.057466e-03
3.810562e-01
1.922892e-03
1.375923e-03
5.519248e-03
2.194693e-03
1.278997e-01
2.618552e-03
1.690628e-02
5.323340e-02
8.052924e-03
8.317787e-02
4.615602e-04
7.136158e-03
1.154628e-01
3.026455e-04
8.937285e-02
4.009054e-03
2.323297e-02
1.810479e-01
4.394200e-02
1.296234e-04
5.627897e-01
4.605340e-01
1.043536e-04
7.143039e-02
6.700838e-05
2.239277e-02
1.087878e-01
1.993814e-01
9.573330e-05
7.113412e-03
3.324517e-02
6.459049e-04
1.826295e-03
1.945974e-02
4.831789e-02
9.531137e-02
1.127072e-02
1.058699e-03
6.025281e-02
1.258089e-01
5.934526e-03
1.864258e-01
1.257684e-01
8.469788e-02
1.860371e-02
4.470547e-03
1.098952e-02
1.007980e-02
1.187136e-01
5.268534e-02
7.586557e-02
2.617665e-04
1.150419e-02
2.341310e-01
4.407473e-02
3.075584e-02
4.647045e-02
1.681812e-02
5.067429e-02
3.429788e-02
5.377164e-04
5.093353e-02
8.364848e-05
5.739231e-02
3.004557e-02
1.745799e-01
4.329904e-01
2.125181e-01
2.470819e-03
5.784500e-03
1.742154e-03
6.584031e-03
5.488556e-02
5.423060e-04
1.426143e-02
3.556799e-04
3.235742e-02
1.422986e-03
5.480507e-02
9.401245e-03
1.078954e-02
1.392813e-02
7.901370e-02
3.012869e-02
1.320454e-02
1.117661e-02
1.148825e-04
2.903822e-02
1.122751e-02
1.304690e-02
2.736078e-02
2.337894e-03
9.715637e-02
3.388408e-02
7.922373e-03
2.360398e-02
5.846204e-02
8.868022e-02
1.248721e-03
3.026194e-02
3.871435e-03
1.385251e-02
4.892529e-02
2.081736e-02
4.021504e-02
2.400146e-02
1.488106e-02
1.356188e-02
5.874971e-03
2.488930e-01
7.941388e-02
4.635752e-04
2.516978e-03
1.539806e-01
1.944668e-01
3.570505e-01
4.520918e-04
3.166098e-02
2.022613e-02
4.803844e-05
1.431792e-02
5.044302e-02
1.676952e-05
1.355376e-01
6.213904e-03
9.234892e-03
1.601889e-01
1.409282e-01
1.076679e-02
1.083150e-02
3.528473e-02
2.800673e-02
2.943420e-02
4.984132e-02
1.005400e-01
1.840046e-02
8.394006e-03
4.821967e-02
1.012320e-02
1.903095e-01
1.393264e-01
5.235345e-02
6.719888e-03
9.849007e-02
1.155602e-03
5.267335e-02
2.436276e-02
4.179476e-02
2.317443e-02
4.918645e-02
1.823527e-01
6.309086e-02
1.341085e-01
1.105606e-01
3.088975e-03
8.996644e-03
4.211361e-02
1.070553e-01
1.874773e-01
2.583172e-01
9.547380e-02
5.083289e-02
1.036307e-01
2.706371e-02
1.793405e-04
4.844199e-02
1.569035e-02
7.372965e-02
1.245095e-02
1.578711e-01
3.911491e-02
4.421872e-05
5.225013e-03
7.147434e-03
2.006192e-03
8.011027e-03
6.732634e-03
5.426303e-03
3.244661e-01
4.911673e-02
1.265260e-02
5.003767e-03
1.057993e-01
8.179752e-02
3.268824e-02
5.288561e-04
7.140511e-03
2.278194e-04
1.924393e-01
7.482297e-02
4.868632e-04
1.163439e-01
1.214906e-01
1.368250e-02
6.901745e-02
3.116080e-04
5.080848e-05
8.654126e-08
8.509943e-03
1.103004e-03
5.217920e-03
3.120607e-03
