2.825618e-03
9.137872e-04
2.253633e-03
4.919426e-03
6.784843e-03
4.552539e-01
4.649822e-03
2.061137e-01
8.304634e-02
1.594787e-02
2.206565e-02
5.483928e-02
7.535840e-03
4.847376e-02
3.473755e-02
1.225691e-01
4.743318e-04
2.784538e-02
2.017168e-01
2.990088e-02
1.550562e-01
7.568406e-03
9.789513e-02
1.151033e-02
2.317229e-03
1.587512e-04
8.394072e-03
4.193137e-02
5.754813e-02
5.370548e-03
1.289631e-02
1.198427e-02
4.979031e-02
1.539285e-01
1.265059e-01
1.202655e-02
7.237521e-02
2.227709e-01
1.750565e-03
6.727863e-02
2.218544e-02
9.887860e-03
5.948818e-02
2.451440e-03
6.235007e-02
6.532058e-03
4.805177e-02
6.664038e-02
4.888718e-04
4.688276e-02
4.093680e-02
1.361749e-01
3.079735e-02
1.354365e-01
1.316519e-02
5.386601e-05
1.394118e-01
9.930547e-03
1.086446e-01
3.337498e-03
3.913538e-01
1.853066e-02
1.060169e-03
1.531125e-02
5.595068e-04
4.065840e-03
6.861265e-02
4.886244e-05
6.960884e-02
7.778881e-03
2.994533e-02
2.336710e-01
3.204166e-02
1.660156e-03
7.949107e-03
6.834838e-02
1.038031e-02
3.872089e-03
2.732352e-02
7.885501e-03
4.063923e-02
1.579442e-01
5.919463e-02
3.968459e-02
1.120997e-02
3.482034e-04
2.437915e-01
3.975061e-02
4.077921e-03
1.161073e-05
2.079255e-02
1.323908e-02
2.117110e-02
1.122292e-01
2.738861e-02
1.740035e-02
1.850897e-01
1.359185e-01
3.518060e-01
4.663141e-05
9.772573e-02
1.514714e-03
6.198224e-02
1.246300e-02
6.491425e-03
6.007571e-02
7.751157e-02
8.181450e-02
1.028382e-01
1.851029e-02
3.213210e-02
7.300194e-01
3.588409e-02
1.081405e-02
7.715856e-02
3.554233e-02
2.175536e-04
2.786182e-03
1.760049e-02
2.146536e-01
3.317323e-03
2.375784e-02
3.524739e-03
3.455043e-02
9.592874e-04
1.430416e-01
5.815148e-02
1.050592e-01
9.913901e-02
3.648641e-03
1.044226e-03
8.344111e-02
5.583600e-03
4.606756e-02
3.717252e-02
8.517936e-03
5.053944e-03
2.374167e-02
7.375337e-02
8.418588e-04
9.753064e-02
1.556798e-01
9.662754e-03
8.970869e-03
2.228313e-01
1.511298e-02
5.228336e-02
1.772795e-02
9.764610e-06
1.083457e-02
7.540765e-02
1.044967e-02
8.798498e-03
1.128248e-01
1.009643e-01
9.434236e-02
4.530554e-02
3.167909e-02
8.186170e-03
6.971018e-01
1.272899e-02
1.448753e-03
8.167714e-04
1.521344e-02
3.730370e-02
1.089476e-03
6.114655e-03
2.623073e-01
1.857753e-03
6.187574e-02
2.920101e-02
2.363296e-02
2.207213e-02
2.132948e-01
2.134878e-02
1.021239e-01
2.197920e-03
7.226808e-02
9.046346e-02
2.900895e-02
1.472567e-04
5.770834e-02
3.966060e-01
1.479355e-03
3.997254e-02
1.524418e-03
1.424684e-04
2.618698e-04
2.093805e-02
2.672024e-02
4.730064e-03
1.791417e-02
2.008561e-01
1.363259e-03
7.621581e-02
7.347614e-02
1.339952e-01
1.445508e-03
1.156164e-02
3.200183e-02
8.092268e-04
5.310612e-02
6.437750e-03
6.512620e-03
7.754831e-03
1.942464e-03
3.128078e-02
2.385558e-04
8.457509e-02
3.044108e-03
6.632976e-04
2.640863e-02
3.731659e-03
1.227154e-02
1.953221e-01
5.699641e-04
7.271835e-02
6.216080e-02
4.362077e-03
1.474977e-02
1.362732e-05
3.750850e-04
3.745809e-01
1.684731e-02
2.427791e-04
3.550876e-02
2.072122e-02
3.453085e-02
4.473171e-02
7.247128e-02
9.389149e-03
4.223166e-02
1.520681e-03
3.610056e-02
1.853147e-03
1.036808e-01
3.910556e-03
4.274859e-04
1.220054e-02
1.132973e-01
3.878254e-02
1.318115e-01
3.531997e-02
3.090801e-02
1.388845e-02
5.061503e-02
1.064044e-03
1.227473e-02
8.517877e-02
1.104981e-01
4.082027e-02
4.594265e-03
4.267829e-02
7.794773e-04
7.569779e-02
5.170462e-03
1.194530e-01
6.875052e-02
6.227038e-02
2.247871e-02
5.192432e-02
1.648576e-02
9.498563e-03
1.623106e-01
1.362721e-02
4.181001e-04
3.787272e-02
2.116123e-02
1.051385e-01
9.391470e-04
2.453807e-01
3.981310e-02
3.273340e-02
5.647002e-02
7.199920e-02
2.116652e-03
1.287774e-01
5.145018e-02
6.321636e-03
4.590147e-02
3.108702e-04
9.758169e-04
1.684296e-02
2.715377e-05
1.069971e-02
2.148863e-01
3.113765e-02
1.653984e-01
5.866055e-03
2.219237e-02
1.080327e-01
7.398125e-03
5.919061e-04
1.823637e-01
1.486810e-01
1.258208e-03
2.830677e-02
2.758076e-02
3.923759e-02
1.250936e-02
3.889780e-01
5.010948e-03
3.794786e-02
4.907573e-02
6.417898e-03
1.115203e-01
1.466742e-01
7.641680e-02
5.137039e-02
3.570901e-03
4.263414e-02
4.979534e-01
4.301413e-02
5.027374e-02
7.223818e-03
1.505236e-02
1.441799e-03
2.130711e-02
9.137299e-02
9.106076e-04
2.406656e-04
4.511137e-03
1.455522e-02
2.851630e-01
1.545289e-01
5.101269e-02
6.215571e-03
2.560452e-01
4.929365e-03
1.553835e-02
9.876263e-02
1.204291e-05
9.569805e-02
4.292157e-03
3.397686e-02
6.461526e-02
2.063532e-02
5.486869e-03
2.196308e-02
3.431805e-02
1.256917e-03
4.310043e-02
1.562394e-01
2.853152e-02
1.322768e-01
2.649270e-02
3.473568e-04
3.888803e-02
3.425418e-03
2.015776e-02
2.449789e-02
1.355812e-02
3.136367e-03
3.085029e-02
4.534453e-04
1.261945e-01
1.118408e-02
1.052995e-03
1.173371e-03
1.252493e-01
5.150785e-03
4.690161e-02
6.385122e-02
4.354432e-02
4.200908e-03
1.155112e-02
3.115560e-02
2.914879e-03
1.083340e-02
3.871972e-02
7.332834e-03
1.500864e-02
1.329005e-03
1.115992e-01
3.061704e-03
2.023874e-01
1.159734e-02
8.448016e-02
1.038889e-01
2.218211e-02
1.492615e-01
3.797770e-04
2.929031e-03
8.795660e-04
1.713674e-01
1.718062e-02
4.327714e-03
4.835294e-02
1.217053e-02
4.087523e-02
6.224844e-02
1.194000e-04
3.171468e-01
8.656515e-03
3.089556e-01
4.471758e-02
1.192817e-04
3.765842e-03
1.815854e-02
3.999717e-02
5.686368e-04
4.932400e-03
1.018307e-01
1.306056e-01
3.090257e-02
2.360722e-02
6.154440e-02
2.865770e-02
2.129992e-02
4.512671e-02
4.895135e-03
4.139859e-03
1.902361e-01
1.464260e-01
7.642745e-03
6.477485e-02
2.212901e-02
4.375039e-04
6.834495e-03
8.534257e-02
3.661902e-03
5.268853e-02
2.174494e-02
1.115503e-04
1.755810e-01
1.071034e-01
1.257895e-01
3.203147e-01
2.623570e-02
6.898137e-04
1.127834e-01
1.720875e-02
7.717363e-03
1.395695e-01
2.598798e-02
7.526099e-03
1.043484e-02
9.929726e-02
1.013328e-02
4.784547e-02
9.741203e-02
1.098728e-01
2.664306e-02
1.594795e-01
6.165259e-02
7.576226e-02
1.396489e-02
3.379061e-02
9.175513e-03
2.345870e-02
6.999429e-02
4.973597e-05
3.256476e-03
5.731519e-02
1.478879e-02
1.786600e-03
1.833539e-02
2.232249e-04
2.348793e-02
1.402349e-01
3.020512e-02
5.545496e-05
5.994083e-01
3.861388e-03
1.256174e-02
1.266513e-01
1.040809e-02
2.091423e-03
5.095203e-03
1.609139e-02
1.613672e-03
8.971402e-01
8.718942e-02
1.482075e-02
5.842313e-02
4.984648e-02
2.636832e-02
7.600339e-02
3.886732e-02
2.150258e-02
1.110925e-02
1.336502e-02
3.391186e-02
5.589254e-02
3.590588e-02
1.546660e-04
7.647882e-02
1.002988e-04
3.954669e-03
2.920604e-02
9.961381e-02
1.079463e-02
9.495285e-04
8.405874e-03
3.293806e-02
1.433318e-03
1.722852e-02
1.933015e-02
9.735562e-02
4.014667e-02
9.491860e-03
1.128966e-01
4.537359e-03
4.220565e-02
1.894856e-03
7.180485e-03
3.202869e-02
1.520736e-02
1.442819e-02
1.874881e-01
3.260871e-02
5.608567e-02
1.457183e-02
1.130646e-02
2.625639e-01
7.146019e-02
2.513359e-02
7.340264e-04
4.555762e-04
3.735737e-02
4.908688e-02
1.764223e-01
2.973404e-04
2.798823e-03
3.428866e-02
3.519667e-02
3.930665e-02
1.365823e-01
5.553962e-03
1.871251e-01
6.094196e-03
1.194327e-03
2.694909e-01
5.054389e-03
3.910785e-02
2.474617e-02
3.066315e-01
1.616644e-02
5.926386e-04
1.700116e-02
1.291566e+00
8.550541e-02
3.121880e-01
9.142538e-02
1.420468e-02
1.797503e-02
4.015358e-02
1.201374e-02
6.091712e-02
9.148420e-04
1.824775e-02
8.894465e-04
1.145860e-02
4.417779e-02
1.327793e-02
3.826642e-05
1.083656e-02
4.400806e-01
5.172199e-04
3.207381e-02
9.841792e-03
8.727775e-03
1.467767e-02
2.417270e-01
5.118287e-03
2.972619e-02
8.701169e-03
2.596399e-03
4.346483e-02
5.032842e-02
7.488086e-02
2.336203e-02
1.062774e-01
1.637404e-02
1.940076e-05
1.760465e-03
2.627078e-03
2.299295e-05
1.821395e-02
2.329024e-02
8.680278e-03
7.857581e-02
1.853304e-02
4.081753e-02
7.700869e-02
9.228116e-02
1.901691e-02
6.379816e-02
5.743983e-02
5.284143e-03
2.892999e-02
2.179158e-03
5.134596e-02
4.684534e-02
