4.510783e-02
4.933131e-02
5.950594e-02
1.502842e-01
1.849901e-02
1.400513e-02
2.587674e-01
1.521565e-03
3.251015e-02
1.679483e-03
3.428172e-03
8.418038e-03
8.608486e-03
8.563330e-03
1.064434e-01
1.371251e-01
1.098906e-02
2.957355e-03
1.394227e-01
2.816254e-02
1.147944e-02
5.911373e-03
2.820370e-04
4.229247e-03
6.174891e-02
3.426203e-02
9.411813e-04
3.512580e-02
1.405003e-02
4.365840e-02
5.952131e-02
7.056477e-02
6.349875e-05
5.181975e-03
4.910351e-03
9.678366e-02
5.698679e-07
1.003748e-02
3.847231e-02
2.044201e-02
2.431656e-03
1.318447e-01
1.237444e-03
4.994192e-02
1.050486e-01
1.125451e-02
8.938581e-02
4.086008e-02
2.189135e-03
1.244036e-04
1.639780e-07
5.828568e-04
1.709566e-03
7.404035e-04
3.941393e-03
5.551232e-03
1.114461e-02
1.199687e-02
9.401136e-02
2.048640e-02
3.030120e-03
5.348151e-04
2.450893e-02
1.143079e-02
8.113224e-03
1.460845e-02
3.682480e-02
9.774976e-02
1.430240e-03
3.873685e-03
3.309244e-03
1.379703e-02
1.189372e-05
2.861436e-03
5.682488e-02
1.274115e-01
1.586749e-02
1.495957e-02
1.534632e-03
4.726514e-02
1.491537e-02
6.202008e-02
3.757270e-03
6.356270e-02
3.165988e-04
1.267335e-04
3.761671e-01
3.555803e-03
1.620968e-01
2.552103e-04
2.755650e-02
9.471657e-03
1.740203e-03
3.938498e-03
3.253970e-02
1.592576e-02
5.730446e-03
9.605287e-02
1.682024e-01
2.256542e-03
1.791882e-04
1.122366e-01
6.336484e-01
1.098587e-01
1.752765e-02
1.334955e-02
1.067038e-04
2.158071e-02
3.316553e-03
4.160752e-03
4.099920e-03
4.464140e-02
4.586302e-02
1.262034e-01
9.510364e-03
2.339841e-04
2.825675e-02
1.388088e-02
3.246916e-01
8.567501e-04
8.645350e-02
4.041908e-02
9.481072e-02
1.698976e-03
5.040868e-01
1.512914e-01
7.564205e-05
2.707199e-02
2.119126e-05
3.311966e-03
2.967274e-03
1.655970e-01
4.101686e-02
1.204824e-01
2.420631e-03
1.851064e-03
2.010333e-02
5.733556e-02
3.448200e-02
1.084457e-02
2.365255e-02
1.169764e-02
1.166387e-02
2.982840e-02
2.062624e-01
1.448686e-01
8.630671e-04
1.822565e-02
8.148369e-02
1.405661e-01
3.879556e-02
7.556689e-02
4.685349e-01
2.405663e-04
1.749391e-01
1.789708e-01
6.589290e-02
1.022415e-01
1.991824e-02
9.195425e-01
7.347986e-02
7.264296e-02
7.400938e-02
1.087308e-01
2.169396e-02
1.558669e-02
3.498989e-02
6.639553e-03
1.146856e-01
7.642541e-05
1.748540e-02
1.663360e-01
1.816988e-02
6.794696e-03
3.199655e-03
1.857174e-01
2.772375e-03
1.030186e-01
1.269560e-03
1.975397e-03
1.214330e-02
5.615533e-03
7.039679e-02
4.728569e-03
2.986347e-02
2.765870e-02
7.953210e-02
6.047859e-03
4.714612e-01
4.288388e-03
8.327209e-02
2.610320e-02
9.132698e-04
1.779573e-01
1.824228e-02
6.070845e-02
2.993010e-02
1.865863e-02
3.751347e-02
2.694212e-04
3.588103e-04
1.188902e-01
1.942063e-02
1.560864e-03
2.269442e-01
1.053920e-02
1.113456e-01
5.143684e-02
6.950976e-05
9.281080e-02
3.855051e-02
1.058083e-03
2.139774e-02
6.537202e-02
8.879123e-02
5.622374e-02
1.722424e-02
1.185867e-03
6.125583e-03
5.180671e-02
2.188343e-02
9.369982e-02
1.677826e-01
3.731482e-02
2.626448e-02
1.967296e-02
2.698303e-02
1.953551e-03
1.253547e-02
4.398971e-02
4.760771e-02
2.065638e-01
1.559408e-04
3.077096e-01
1.700871e-04
2.893050e-03
2.983964e-02
2.056812e-03
2.047670e-02
1.900438e-01
3.358340e-03
4.445491e-02
3.053797e-02
5.741256e-05
3.020210e-02
1.750079e-01
1.159563e-02
1.176573e-04
5.115333e-02
1.869234e-02
4.941846e-02
6.682087e-02
7.812228e-02
8.234275e-03
1.228417e-02
6.969549e-02
1.106207e-01
6.854549e-02
3.715434e-02
7.039683e-02
1.471155e-01
1.728397e-02
7.238636e-02
8.508599e-02
4.911416e-03
3.754557e-02
3.190186e-04
2.944750e-02
3.954501e-02
2.379397e-01
2.140323e-03
6.769254e-02
2.256115e-01
3.726923e-05
7.495046e-03
4.268149e-03
6.647967e-02
5.832799e-03
1.148948e-01
1.570191e-01
8.162695e-03
1.886388e-02
4.933217e-02
9.780284e-02
2.141352e-03
2.099517e-03
8.266186e-02
1.899639e-02
4.064093e-02
4.965300e-02
2.100239e-01
2.059520e-01
4.616912e-02
3.505687e-03
4.082965e-01
2.364634e-03
1.843621e-02
4.652657e-04
2.864903e-02
4.488984e-03
2.895245e-03
2.126928e-03
1.415655e-01
1.575628e-02
8.371915e-02
1.659366e-06
3.624957e-02
1.073145e-02
7.280885e-03
7.054970e-02
3.102931e-02
1.285998e-02
1.125417e-02
2.017659e-02
1.025612e-01
1.502896e-01
1.370798e-02
8.907968e-02
2.185603e-01
1.386241e-04
7.979775e-02
1.031932e-02
9.034942e-02
2.028945e-02
1.914195e-02
6.457782e-03
5.730697e-02
6.947305e-02
3.116282e-02
1.436072e-02
3.454385e-03
1.604698e-01
1.183038e-02
1.026450e-01
8.135242e-04
9.479429e-03
1.140601e-01
7.847327e-02
1.617993e-02
6.101915e-03
4.564878e-04
5.800104e-02
9.135767e-05
1.686673e-02
1.151016e-02
1.121808e-04
1.950279e-02
1.054829e-01
3.742919e-02
2.240017e-02
2.169949e-02
4.691910e-03
1.346783e-02
5.030324e-02
3.695283e-02
3.766626e-03
1.283559e-01
6.363020e-02
1.719143e-01
6.317537e-04
1.092386e-03
2.254820e-02
1.222486e-02
1.574948e-03
3.997999e-02
2.577528e-02
1.141746e-03
3.046407e-02
3.178598e-02
1.689978e-01
2.217349e-05
5.160103e-03
9.678408e-02
2.279903e-01
3.007354e-02
5.503447e-02
3.446568e-02
5.380285e-02
2.259013e-02
1.248517e-01
5.664870e-03
1.342375e-02
1.060370e-03
3.613369e-04
1.205742e-02
8.187783e-02
9.482567e-06
1.327148e-01
6.886456e-03
3.397626e-02
3.372077e-02
3.537819e-02
1.624082e-04
6.310758e-02
8.865115e-05
5.316828e-03
9.533961e-02
1.529869e-02
3.088483e-01
8.743085e-03
5.536414e-03
2.280191e-02
3.629169e-02
3.668670e-02
6.256797e-03
9.695013e-03
4.614945e-03
9.116619e-02
9.346282e-05
7.931398e-02
5.830038e-06
1.791008e-02
1.000813e-02
5.223408e-03
1.510910e-02
5.180296e-02
9.528789e-02
1.372673e-01
4.903248e-03
1.303398e-01
1.976397e-01
1.503192e-01
1.455300e-01
1.352398e-03
2.699605e-02
4.828522e-03
3.217289e-02
3.152498e-01
1.355830e-03
1.921791e-02
7.383350e-03
1.030627e-02
1.228191e-01
8.390507e-04
3.672949e-02
2.511176e-03
5.021682e-02
2.808335e-01
3.941224e-02
2.288607e-01
3.708256e-02
1.365137e-01
2.051655e-02
4.131148e-02
2.221252e-02
5.841379e-03
1.192310e-02
5.385890e-04
2.143133e-02
1.144065e-01
4.102643e-02
4.464142e-02
1.586197e-04
5.722507e-03
6.988805e-03
1.339778e-01
7.083979e-02
1.010083e-02
7.561397e-02
7.001238e-03
2.335775e-02
9.057458e-02
5.428093e-02
2.392242e-02
3.223245e-02
7.175865e-02
2.838830e-01
2.779101e-02
3.099203e-02
2.085146e-01
1.832080e-02
1.528113e-01
1.318993e-02
6.202692e-02
7.208176e-02
1.148919e-01
9.169300e-02
1.124988e-01
4.688321e-02
1.951168e-02
3.839560e-02
1.030239e-02
1.019903e-03
2.784891e-02
2.912976e-03
4.532714e-02
1.214976e-02
4.911576e-02
2.163670e-02
9.875015e-03
1.063689e-02
3.359365e-02
1.192353e-01
4.590149e-02
4.644869e-02
1.864355e-01
7.805682e-02
1.047329e-02
1.769148e-02
1.680229e-02
1.670294e-02
1.571880e-01
1.542802e-01
6.731919e-02
5.868031e-04
5.410683e-04
1.241928e-02
1.103269e+00
1.060463e-01
5.892002e-02
3.287439e-02
1.056682e-01
9.693066e-02
1.692608e-01
2.189116e-03
3.633486e-02
1.486005e-01
5.880095e-03
1.243237e-02
1.219506e-01
1.878112e-03
3.950425e-02
3.436014e-02
9.545132e-02
4.063666e-02
1.535045e-01
1.122598e-02
1.364277e-01
8.383642e-06
1.668233e-01
1.857854e-01
1.897492e-01
4.043648e-03
8.179190e-03
3.111362e-03
4.426692e-05
1.050354e-01
1.022544e-01
1.247134e-02
1.297164e-05
1.676761e-03
8.008941e-02
6.348096e-02
8.511423e-02
1.989704e-04
3.972350e-03
9.754734e-03
1.469860e-02
4.592734e-02
1.464274e-01
8.630076e-05
5.410330e-02
2.558073e-02
4.713070e-04
6.513796e-02
1.676841e-03
1.863236e-01
2.728354e-02
1.947912e-02
1.201001e-02
2.157861e-02
7.357975e-02
4.698018e-03
1.599426e-01
1.550836e-02
7.002394e-04
1.623660e-01
2.384497e-01
2.581861e-03
2.370848e-02
1.431862e-02
1.537382e-01
1.471599e-02
5.186109e-02
1.396771e-03
2.278670e-02
3.462045e-02
6.118904e-02
2.967806e-03
2.836012e-02
2.651410e-02
7.168271e-03
2.015529e-02
8.844921e-02
2.549513e-02
1.426173e-01
9.969363e-02
3.086300e-02
3.888830e-03
3.851994e-02
9.858417e-03
3.077034e-02
7.459659e-02
1.040658e-01
