6.997784e-02
4.196606e-02
5.057633e-03
6.248033e-02
3.021662e-02
1.077869e-01
8.430413e-02
1.410690e-03
8.314119e-02
5.511447e-02
4.938354e-03
9.040842e-04
2.256403e-01
2.924655e-02
4.212634e-02
2.863354e-01
1.162542e-02
2.291084e-02
4.776914e-02
7.060793e-02
6.678101e-02
3.463606e-03
4.972399e-04
1.027456e-04
2.092222e-02
3.335266e-02
9.433590e-04
3.421091e-02
7.165157e-03
1.262379e-01
4.531089e-02
1.504897e-02
3.963920e-03
2.184551e-02
1.712454e-04
1.719332e-03
9.994677e-02
6.704544e-03
1.517494e-04
3.024552e-02
4.275258e-02
6.177287e-02
1.912451e-03
5.861285e-02
2.588158e-02
2.511255e-04
7.398369e-03
5.226857e-02
2.691539e-03
3.212524e-02
8.444310e-05
8.898317e-02
1.560779e-02
7.848604e-03
1.477557e-02
6.984953e-03
1.064651e-02
5.717912e-02
1.070500e-03
1.436408e-02
4.671186e-02
3.587409e-02
4.341597e-02
5.886581e-02
2.096568e-01
5.709618e-02
3.176819e-03
5.308312e-02
5.376603e-03
2.053067e-03
1.928975e-04
1.349784e-01
5.643248e-02
9.605715e-03
9.838847e-02
1.419556e-02
7.618614e-03
2.422230e-02
2.030036e-02
3.773120e-02
1.230306e-02
1.710801e-02
3.856746e-01
1.820831e-03
5.405795e-02
7.403495e-02
3.031193e-04
6.414081e-02
1.981007e-03
5.049376e-02
5.515064e-02
8.566245e-06
2.009697e-01
5.842261e-02
2.100842e-01
2.164564e-05
3.301711e-03
4.915461e-03
7.449360e-04
8.767099e-03
1.203191e-01
5.288540e-05
3.318920e-02
3.705719e-02
5.272199e-02
1.234583e-02
3.591516e-02
2.412984e-02
1.707000e-02
3.836570e-02
4.554505e-02
5.892261e-03
1.051920e-01
5.937176e-02
5.986428e-03
1.554653e-01
1.093954e-04
3.133070e-02
6.255872e-02
1.626265e-02
1.003995e-03
5.463980e-05
7.220916e-02
1.784849e-01
3.672611e-02
2.422066e-03
8.970559e-03
3.565168e-02
7.664362e-03
1.242565e-02
6.754788e-03
2.517074e-02
3.377679e-03
3.452671e-02
1.432136e-01
2.275328e-03
9.401753e-01
4.418117e-02
6.422671e-03
6.431738e-03
5.789458e-03
4.531163e-05
4.152461e-03
1.641170e-01
2.035364e-03
1.799462e-03
2.131148e-01
1.743339e-02
9.277192e-03
5.029573e-02
1.065757e-01
7.018225e-03
2.883876e-02
2.276153e-03
2.518035e-02
2.166656e-03
1.268062e-02
3.047779e-03
5.616577e-02
6.936270e-02
1.518439e-03
5.285589e-02
1.179332e-01
2.825853e-02
3.664327e-01
1.422755e-01
3.210642e-02
5.394255e-04
1.454160e-02
9.922167e-03
1.862641e-03
5.842984e-04
5.225205e-01
2.012324e-03
2.969164e-02
5.704006e-03
1.444160e-02
8.881240e-02
1.598072e-01
2.499505e-03
1.753609e-05
1.310836e-04
7.836382e-03
1.563400e-02
4.462147e-02
3.221755e-03
1.029749e-03
1.139401e-01
3.623377e-02
1.018288e-02
1.079618e-01
7.416224e-02
2.044214e-01
4.588278e-03
2.078235e-01
7.441676e-02
3.122371e-04
2.060852e-03
2.493768e-02
4.104919e-03
9.864007e-03
3.716766e-03
4.250210e-02
6.266853e-02
2.427319e-02
5.082500e-02
1.138198e-01
1.758056e-02
1.547655e-01
1.889128e-04
1.135253e-01
3.535112e-02
7.043704e-02
3.059620e-03
3.522531e-03
1.668113e-01
1.075169e-02
1.299235e-02
1.163022e-01
9.269275e-04
3.445915e-01
4.610546e-02
4.075445e-03
1.256345e-02
1.077768e-01
3.475128e-03
3.966854e-03
4.285164e-02
4.060817e-02
2.493524e-04
2.357414e-04
1.053649e-02
4.737319e-03
1.947267e-02
1.974285e-02
1.509580e-01
3.298822e-03
1.310264e-03
2.923271e-03
4.640225e-02
1.933495e-03
4.773158e-03
5.199424e-02
8.549597e-02
3.475532e-02
4.097567e-04
1.168301e-02
4.435596e-02
9.427412e-04
3.049131e-02
6.091673e-03
2.872030e-03
6.012876e-02
1.281153e-04
9.234565e-03
2.941499e-02
6.418856e-03
7.654885e-03
5.515582e-02
1.075264e-01
9.381019e-02
1.119279e-01
5.983286e-03
5.803057e-01
3.152514e-02
1.227865e-02
7.546213e-02
1.238671e-01
4.737343e-02
6.677317e-02
3.586018e-03
1.392922e-04
1.259471e-01
4.510981e-02
4.899125e-02
1.467000e-03
5.954871e-02
2.832072e-02
1.120545e-02
2.510212e-03
1.772060e-02
3.675446e-03
5.586560e-02
1.629194e-04
1.672380e-03
1.751196e-02
1.649912e-01
2.179386e-02
2.158833e-01
2.842071e-02
6.501559e-02
2.602677e-03
9.320151e-02
1.570395e-03
8.883150e-02
9.565668e-06
2.032261e-01
1.848889e-02
4.028332e-02
1.409505e-04
1.087230e-02
8.315688e-03
1.097087e-02
2.990862e-02
1.538321e-02
3.524844e-02
2.215857e-02
2.235350e-02
3.003945e-02
7.378757e-02
1.796625e-01
3.500850e-02
2.573374e-02
1.912053e-03
1.200811e-03
2.278249e-02
2.936241e-01
3.498523e-02
1.005144e-02
3.118343e-02
1.509904e-02
2.446319e-02
1.624155e-02
2.952075e-03
1.575591e-04
5.239126e-02
2.065573e-02
8.579405e-02
9.252901e-03
8.477328e-04
8.424729e-02
6.638918e-03
6.621603e-02
1.571291e-03
1.214032e-02
9.113807e-02
1.061997e-02
1.170477e-01
2.845007e-02
1.207981e-01
7.617012e-07
4.299137e-03
1.159193e-01
1.295715e-02
2.886506e-02
9.830635e-03
1.043710e-02
1.606870e-01
5.286857e-02
3.562993e-02
2.620543e-03
1.693624e-03
1.543763e-01
1.585977e-02
1.112769e-02
5.724689e-02
1.940038e-02
1.650912e-02
9.959510e-04
5.003866e-02
6.399217e-02
3.241264e-02
5.016238e-02
3.972206e-01
2.566448e-03
5.810952e-02
1.860824e-04
3.903459e-03
9.247533e-02
1.773324e-02
1.681817e-03
4.457370e-02
3.653252e-02
3.716194e-03
1.407322e-02
6.999799e-02
2.917448e-02
8.344602e-02
8.282801e-03
8.214244e-02
1.718010e-01
3.772938e-02
5.728663e-03
2.608487e-04
1.463894e-02
1.120505e-03
3.896525e-05
9.673213e-02
8.150916e-03
2.690996e-02
2.772395e-02
3.131571e-03
9.289270e-03
1.510853e-02
6.890198e-02
1.475496e-03
3.445009e-03
9.067971e-02
1.150275e-02
3.366621e-02
1.100476e-01
1.717942e-02
1.103527e-06
5.936702e-02
1.146262e-02
2.524425e-02
9.839108e-02
3.818060e-02
5.375061e-05
3.369532e-02
4.147852e-02
2.663172e-03
8.870970e-02
7.065553e-02
2.205255e-01
1.523150e-03
7.846496e-02
4.305973e-03
3.366143e-01
1.909812e-02
6.900380e-04
4.410879e-02
1.428410e-01
9.358453e-03
2.198205e-02
2.971390e-01
3.442856e-03
2.960326e-02
6.854520e-03
5.396909e-03
1.369264e-02
7.002789e-03
5.488522e-07
4.442649e-02
2.734763e-02
9.092926e-02
1.013753e-03
7.054804e-02
1.503692e-03
2.793729e-02
2.537890e-02
4.724448e-03
6.313628e-02
1.024522e-01
1.977880e-02
4.595271e-02
3.998849e-02
5.977808e-02
1.231453e-03
5.697438e-02
4.733681e-02
5.424737e-02
1.683995e-01
2.941398e-01
1.434146e-01
7.560461e-02
3.554379e-02
5.064652e-03
1.476274e-01
5.286197e-02
3.268367e-05
7.328114e-02
9.264286e-05
5.344655e-03
1.136852e-01
7.181001e-02
1.993284e-04
4.912811e-01
4.622599e-02
9.014540e-02
9.049126e-04
2.077096e-01
1.718822e-02
7.183151e-03
8.483565e-04
7.179259e-02
8.857348e-03
2.218231e-01
9.829022e-03
2.299196e-01
5.269793e-02
3.518105e-02
5.688285e-03
8.095203e-02
1.581988e-03
3.273406e-02
3.663683e-03
1.458773e-03
1.007711e-03
9.502711e-03
1.127158e-02
1.911453e-03
4.783709e-02
1.132011e-01
5.003463e-04
6.200097e-03
2.633169e-02
6.217408e-05
5.324350e-06
4.855999e-06
9.821858e-02
8.208866e-03
1.602834e-03
4.068909e-04
3.897557e-02
3.718973e-02
3.527843e-02
1.260807e-03
1.941068e-01
8.262537e-02
6.454170e-03
2.424478e-02
1.051775e-01
3.220690e-02
7.938223e-02
2.630081e-02
7.881013e-02
4.499598e-02
5.083269e-02
3.756744e-03
9.058146e-04
9.438226e-03
8.354057e-02
3.189196e-03
4.475088e-04
6.286532e-02
1.162480e-01
7.908587e-02
9.233365e-05
5.435721e-02
2.265901e-01
1.220608e-02
3.652948e-03
5.370221e-03
2.383532e-05
4.552519e-03
4.539937e-03
2.017515e-02
3.843743e-03
3.775127e-03
5.675896e-03
4.568829e-02
4.664238e-02
1.063391e-03
3.274771e-04
1.374718e-02
5.428660e-05
6.163007e-03
2.908668e-05
1.760561e-03
1.269765e-02
5.940386e-02
2.953081e-03
4.932464e-02
3.354863e-02
7.233418e-04
1.935782e-02
4.248997e-02
1.025353e-03
9.311868e-02
1.777910e-01
4.909871e-03
2.997846e-02
1.601566e-02
1.312429e-01
1.370517e-01
4.826602e-02
1.360818e-02
7.824721e-02
8.219646e-02
5.865441e-02
2.244413e-02
8.249684e-05
1.385466e-04
1.230950e-02
3.637427e-02
9.305742e-05
1.535288e-01
2.022442e-02
5.306760e-02
2.818085e-02
4.927054e-03
1.513891e-02
2.639216e-02
3.763378e-03
1.886270e-02
8.524699e-03
4.246801e-03
8.837817e-03
5.567024e-04
3.429122e-03
1.000604e-03
7.244710e-03
4.649116e-02
