1.450899e-02
1.376747e-01
2.434158e-04
1.095500e-01
4.855548e-02
7.618714e-03
9.528610e-03
3.465953e-02
5.471391e-05
7.487499e-02
1.177056e-02
9.717354e-03
2.837566e-02
6.681572e-02
6.955821e-02
2.903788e-02
6.896925e-02
4.107654e-05
2.158332e-02
1.325857e-01
2.078714e-02
9.361613e-02
8.318112e-04
2.596480e-02
6.908899e-03
1.315266e-01
1.106297e-02
5.175307e-02
5.264389e-02
8.544245e-02
2.203478e-03
2.395164e-01
4.644188e-02
9.979988e-02
9.653372e-02
3.832261e-02
9.150449e-03
2.855274e-04
5.098162e-03
2.615341e-03
1.425217e-04
2.138948e-04
9.966331e-02
2.667618e-02
1.214907e-04
1.025833e-03
5.989945e-02
1.588983e-01
3.006608e-03
6.249944e-02
8.012917e-02
3.930228e-02
2.102986e-01
6.209930e-02
4.662739e-02
1.563660e-02
2.328748e-02
7.429255e-02
1.372303e-02
2.412227e-02
4.659167e-02
8.417774e-02
6.004767e-02
2.228407e-01
2.197926e-02
4.276818e-02
4.203795e-01
2.255529e-02
3.231712e-04
5.927139e-03
4.282049e-03
3.336653e-02
2.192077e-02
6.462354e-02
7.876922e-02
8.149860e-03
2.853664e-02
2.761022e-02
1.142659e-04
9.048093e-02
6.004576e-02
1.305030e-02
5.615130e-02
8.431507e-02
1.792869e-02
3.038522e-02
2.023722e-03
3.946618e-02
3.334621e-03
1.427218e-02
1.760741e-01
4.192749e-03
6.857312e-02
4.769209e-02
1.628717e-02
3.331068e-02
1.610074e-04
4.926531e-02
5.129704e-03
2.816229e-02
1.467844e-03
3.538375e-03
1.197347e-01
7.340427e-02
9.331577e-02
1.251753e-02
1.160987e-03
2.897568e-02
8.448620e-02
5.167303e-02
8.269594e-02
3.949772e-01
1.418154e-02
3.586768e-02
1.066353e-01
8.687304e-03
1.252102e-01
1.310680e-04
5.978923e-03
2.394177e-04
1.552520e-04
5.054370e-03
2.061423e-02
1.013914e-03
7.155146e-03
9.338100e-03
1.205381e-02
1.221802e-02
1.042842e-03
1.385753e-04
8.967545e-04
1.557754e-06
2.899071e-02
2.401314e-02
8.701170e-04
6.511483e-02
5.318906e-03
3.105334e-02
2.474464e-03
3.610925e-02
7.287242e-03
1.470700e-02
2.285421e-03
1.546466e-01
8.767554e-03
2.245469e-03
1.429832e-02
1.455348e-01
3.220116e-03
2.305670e-03
8.325636e-03
1.874940e-02
8.108462e-03
4.530415e-02
3.269033e-02
3.055088e-02
4.755983e-02
6.998831e-04
3.142128e-02
5.400879e-02
8.892460e-02
3.041756e-01
8.714873e-03
3.027402e-03
8.248254e-04
1.102112e-01
3.140795e-01
8.416438e-04
2.036857e-01
6.918603e-02
6.537700e-03
1.664202e-02
1.159964e-02
5.976970e-02
3.653724e-02
7.843866e-02
8.164664e-03
3.085236e-02
5.258839e-03
9.294703e-03
1.635707e-03
3.454169e-01
4.575151e-02
1.682148e-02
1.259815e-05
7.249053e-02
3.251170e-02
7.897980e-02
1.612041e-02
5.520617e-03
2.128333e-01
1.453064e-01
5.119517e-03
1.712421e-04
1.352448e-02
2.626559e-04
9.818073e-03
5.342448e-02
9.878379e-05
3.846150e-01
4.880241e-04
6.398225e-02
3.341703e-05
1.240788e-02
1.195113e-02
1.630513e-01
1.808266e-02
4.219554e-03
3.665279e-02
1.595288e-01
2.923221e-02
9.888258e-03
1.667746e-01
5.151858e-02
8.897308e-02
1.769745e-04
2.959758e-01
7.364691e-02
1.909502e-02
2.072326e-02
2.207143e-03
5.728418e-02
6.152717e-03
1.350157e-01
9.695864e-02
5.925399e-04
1.068219e-02
9.398969e-02
4.227240e-03
1.448276e-02
2.604773e-02
9.092267e-04
9.293691e-02
8.699294e-02
4.291965e-02
1.216983e-02
4.612493e-02
2.839462e-02
1.307427e-03
1.306112e-01
2.027141e-01
1.848340e-02
7.124463e-03
5.779679e-02
3.288507e-02
1.868959e-05
4.020084e-02
7.745340e-02
6.375242e-02
4.945009e-02
1.588939e-05
5.269992e-03
2.785049e-02
5.182902e-02
1.438077e-03
2.660683e-02
3.772292e-02
2.432923e-02
6.854106e-02
1.861909e-01
6.432717e-02
1.253776e-01
1.408650e-01
5.351416e-02
2.209156e-02
2.562397e-01
1.776603e-02
8.443244e-02
6.133995e-03
5.137917e-03
1.127796e-01
4.202794e-04
4.393452e-01
4.351465e-02
1.516535e-02
4.484884e-03
2.112782e-03
2.733737e-02
1.896807e-01
1.878012e-03
9.859954e-04
1.983933e-02
2.078384e-01
4.554198e-03
4.175832e-02
4.028999e-03
2.676189e-02
7.526882e-02
6.199098e-04
1.541850e-02
3.551702e-01
7.229000e-02
1.502419e-02
5.206985e-02
6.722258e-02
5.671827e-02
1.121593e-01
5.127143e-04
6.331443e-02
4.687323e-02
5.952671e-02
5.801231e-02
3.581536e-02
3.718472e-02
6.910232e-02
5.258004e-02
2.478033e-01
7.453407e-02
1.724240e-02
1.381431e-02
1.260781e-01
4.128331e-04
5.744057e-03
1.182292e-03
2.078893e-02
1.659240e-02
1.715049e-01
8.076980e-02
5.139376e-02
2.116404e-01
3.527432e-04
2.662703e-01
7.556845e-02
1.316178e-02
4.875017e-03
2.563862e-03
1.047907e-01
1.244115e-04
2.073071e-02
1.268555e-03
5.168616e-02
2.150057e-03
8.418988e-04
1.316970e-02
7.904884e-03
1.494272e-02
2.780220e-03
6.627043e-02
1.647285e-01
6.873405e-04
1.323232e-02
2.406704e-02
9.697009e-03
6.125643e-02
1.003403e-02
1.726699e-03
1.251908e-02
3.489039e-02
2.573483e-04
9.939597e-04
2.633647e-01
1.058150e-01
2.940028e-02
4.483795e-02
1.779918e-02
3.937328e-03
2.216483e-02
2.707387e-02
5.879442e-02
7.689505e-04
1.587572e-02
3.988946e-02
1.609258e-02
4.686330e-03
9.408501e-02
4.546056e-04
3.355349e-02
1.206437e-02
1.522993e-03
6.979588e-02
1.961841e-02
1.068725e-02
4.441160e-02
1.268659e-02
4.950401e-03
2.805492e-02
1.066169e-02
4.191265e-02
8.874421e-02
1.434702e-02
3.129057e-02
7.544589e-04
5.763977e-02
4.254361e-02
1.137422e-02
6.912038e-02
6.448575e-03
1.313705e-03
5.529140e-02
1.283135e-02
1.934498e-02
6.893049e-02
3.152876e-03
9.516298e-02
1.843250e-02
5.225703e-02
4.203602e-02
2.615492e-02
2.674044e-03
1.140468e-03
4.068115e-02
1.938404e-06
1.825399e-02
2.013167e-03
1.703360e-03
1.103172e-01
2.025362e-05
2.654889e-04
2.154243e-02
8.660495e-03
4.489466e-02
4.163382e-03
3.320510e-02
9.873787e-04
2.187374e-02
2.092053e-02
1.140983e-01
5.829011e-01
4.467786e-03
2.270500e-02
3.374880e-02
2.651007e-04
2.737492e-03
2.241501e-02
9.928637e-04
7.908255e-02
1.511264e-02
1.291558e-02
1.282945e-02
6.197930e-02
2.036077e-02
1.532853e-02
5.227560e-02
3.357800e-02
7.602407e-04
9.352628e-02
5.426037e-03
9.301768e-03
9.902618e-03
8.684941e-03
2.631497e-02
1.174857e-01
1.780863e-02
1.526651e-03
1.632881e-02
3.294268e-02
6.161394e-04
5.819467e-06
1.057024e-02
5.867217e-02
1.351548e-02
4.579786e-02
5.743366e-02
1.668569e-01
1.443245e-02
7.914019e-05
6.587566e-02
4.175738e-03
5.098031e-02
7.085452e-02
1.940926e-02
7.521871e-02
3.795594e-03
4.290715e-02
1.098569e-02
7.780886e-02
1.802208e-02
1.141625e-04
3.444711e-01
4.690461e-02
2.196637e-05
1.446261e-01
1.080719e-03
1.214805e-03
7.083269e-03
1.421988e-03
1.731199e-02
2.131362e-05
4.690206e-02
3.943662e-02
1.023136e-01
7.743677e-03
1.950562e-01
7.866908e-03
9.901887e-02
3.214418e-01
1.056609e-02
7.197696e-05
3.360088e-02
4.417120e-02
2.155831e-03
3.551387e-02
2.545962e-02
6.546203e-02
2.389928e-02
4.437552e-04
1.586266e-03
3.913457e-02
6.739002e-05
1.749172e-02
3.023600e-02
1.926679e-04
4.660831e-02
9.621400e-02
2.235690e-03
1.091126e-05
8.604263e-02
7.649674e-01
7.696504e-02
1.501999e-01
1.600305e-03
3.260413e-01
2.692391e-02
1.197008e-01
5.375306e-03
6.752552e-07
4.617673e-02
1.659599e-01
3.585941e-03
9.873285e-05
5.670590e-03
2.264211e-01
1.984335e-03
1.544458e-02
1.216836e-03
1.669583e-02
9.533638e-04
3.534149e-03
1.125823e-02
1.476966e-01
1.817552e-02
5.402674e-02
1.018913e-02
1.303782e-01
6.383818e-02
3.090445e-02
1.413320e-01
7.205650e-02
7.261140e-03
3.573511e-02
6.199418e-02
7.743473e-03
7.479769e-02
2.504213e-01
2.473067e-02
9.882912e-03
9.374196e-03
1.099285e-01
4.147848e-02
9.665023e-02
6.752026e-02
2.957434e-02
1.994618e-02
1.158565e-01
3.591184e-03
4.087662e-01
2.607169e-02
4.295997e-02
4.650262e-02
3.543720e-03
1.438007e-01
1.180108e-01
4.447146e-05
6.533186e-03
2.123253e-01
8.027676e-03
4.492262e-03
1.174809e-02
1.143644e-01
7.419929e-02
5.767799e-03
3.662285e-06
2.369191e-01
1.989507e-03
2.212760e-02
1.643436e-01
6.931304e-03
4.971682e-02
9.382041e-02
1.433274e-03
1.510728e-01
2.515030e-01
9.551823e-03
2.668754e-02
5.787143e-02
1.181054e-01
1.779522e-02
2.533284e-02
8.247869e-02
3.693403e-02
1.323093e-02
8.621955e-03
4.155949e-03
9.853312e-04
