8.198078e-02
1.508459e-01
1.604671e-04
3.170576e-02
4.924517e-02
1.980206e-02
2.474753e-01
2.496843e-03
9.634295e-03
6.541149e-03
9.559721e-02
1.612327e-04
2.870523e-02
1.220853e-03
2.950698e-02
1.994337e-01
7.982253e-03
5.047181e-02
5.107647e-02
2.011137e-02
2.299350e-03
5.271351e-04
1.429132e-02
2.419361e-03
4.263164e-02
1.689004e-02
1.481555e-03
3.226677e-02
8.275871e-02
4.500296e-03
4.048565e-03
7.871387e-02
2.459827e-03
2.098608e-03
1.459860e-02
2.361292e-06
1.778309e-03
2.725367e-02
2.409978e-02
5.114137e-04
1.282849e-01
2.863245e-01
6.685268e-03
3.440657e-02
1.378956e-01
7.897244e-03
4.562349e-02
5.027227e-05
1.453595e-01
9.133859e-02
3.108829e-02
9.745525e-03
1.266357e-02
1.768706e-01
1.965959e-02
1.278629e-01
1.710418e-02
3.508097e-02
6.824016e-02
5.014610e-06
2.076094e-01
2.089565e-04
4.255019e-02
2.404722e-02
8.509417e-02
6.800658e-04
1.081823e-02
1.113544e-02
1.331194e-02
3.088889e-02
7.006597e-02
1.494973e-02
4.479511e-02
7.929264e-02
1.365550e-01
1.022361e-01
2.188355e-02
2.333064e-02
5.506022e-02
2.781098e-02
4.224101e-03
1.526900e-02
1.270152e-01
4.399841e-02
7.220307e-04
3.097517e-02
1.413115e-03
2.846808e-02
9.764461e-04
1.063081e-01
6.103040e-03
3.984170e-02
1.435660e-03
7.949764e-02
4.636133e-02
1.893363e-01
1.059311e-02
4.949890e-04
4.566597e-04
1.039884e-01
6.819310e-02
8.586344e-02
1.825736e-05
8.992804e-02
5.232663e-02
6.026891e-01
7.571028e-03
6.611016e-02
2.671378e-02
5.662442e-02
2.730731e-03
1.266481e-03
8.714050e-02
1.755722e-01
3.443014e-01
6.184632e-03
8.388302e-03
1.316728e-02
1.134510e-01
2.617158e-02
1.114523e-02
2.973914e-01
1.305512e-03
8.292225e-03
6.639224e-02
8.248688e-02
1.726985e-02
1.570822e-01
5.967012e-05
4.041157e-02
2.647522e-02
1.603672e-02
2.369431e-02
2.143357e-03
9.356975e-03
1.123482e-01
4.104843e-02
9.877072e-02
1.108493e-04
1.788023e-03
7.750381e-03
5.613168e-03
3.537026e-04
3.251732e-02
5.002700e-03
5.321274e-02
4.035111e-02
1.103049e-04
2.973489e-02
5.217897e-02
2.964311e-02
4.483523e-03
1.151050e-02
1.134449e-03
5.608391e-02
1.781975e-02
1.435360e-02
6.924959e-02
1.813677e-02
1.109371e-01
1.295885e-01
4.221387e-02
6.131666e-02
4.118261e-03
2.263272e-02
1.869055e-02
2.822576e-03
3.886831e-03
2.713361e-02
6.368258e-03
1.364242e-01
5.853795e-03
3.629008e-02
9.176916e-02
5.715658e-03
5.997215e-03
1.843010e-02
3.775097e-02
3.822616e-04
2.476677e-02
4.334140e-02
5.325851e-02
5.317752e-03
4.069649e-03
2.350758e-02
1.410410e-01
3.614163e-03
8.259632e-02
1.543410e-02
1.867524e-03
9.290562e-03
1.384593e-03
4.320583e-02
1.357043e-01
6.516370e-04
2.691646e-03
5.988552e-05
7.479887e-02
1.475163e-02
8.242695e-02
4.335896e-03
4.543569e-03
8.779548e-02
6.543701e-05
1.966511e-02
9.703284e-05
2.431215e-01
7.840389e-02
3.029783e-02
9.329398e-04
9.916125e-02
4.480668e-02
1.952705e-02
1.465979e-01
1.723649e-02
7.397545e-03
2.786654e-02
1.583660e-03
2.153035e-01
1.408188e-02
1.194642e-02
7.144331e-03
4.080353e-02
2.922903e-03
4.287213e-08
7.094039e-02
1.733264e-02
1.432076e-01
1.274092e-01
2.430321e-01
5.545356e-02
1.011043e-04
6.934430e-02
2.210926e-01
1.008317e-04
1.494949e-01
1.143783e-01
9.911991e-03
2.725578e-02
2.321028e-02
2.871589e-02
1.000862e-02
1.309516e-02
4.526709e-03
1.700782e-04
3.054081e-04
1.508320e-01
2.443933e-03
9.251364e-02
5.140964e-03
1.775312e-02
1.435658e-01
1.349286e-01
1.161043e-01
1.809367e-02
3.070185e-02
6.707791e-03
8.152107e-03
2.892925e-02
1.484043e-01
2.651614e-01
1.597099e-02
5.725347e-03
2.412935e-03
1.157271e-02
5.718674e-02
1.667955e-01
4.037776e-01
8.454936e-02
1.963762e-02
6.365486e-04
7.283197e-02
2.796832e-01
4.956685e-04
4.437168e-03
1.487943e-01
1.757947e-01
7.694214e-02
1.340528e-02
6.349788e-04
1.203354e-01
1.254928e-02
9.029485e-03
1.678930e-01
2.105244e-02
3.347547e-02
1.783124e-05
4.653004e-03
6.698712e-02
9.241015e-02
1.091412e-01
2.363983e-01
1.326158e-01
9.185550e-02
1.154308e-01
3.221235e-03
4.781568e-02
1.837940e-02
9.748843e-02
3.306826e-02
3.250579e-03
4.192987e-02
2.244321e-02
4.524265e-02
1.811402e-02
1.971092e-01
1.063173e-02
1.864873e-01
3.487162e-01
1.241414e-01
8.832044e-02
1.213923e-01
9.130136e-02
1.103212e-02
1.502913e-02
9.496136e-02
1.064523e-04
8.742032e-02
8.257531e-03
1.342234e-02
3.277126e-02
6.240520e-02
1.178173e-01
1.306522e-02
2.545183e-03
6.751556e-02
4.767771e-02
3.433260e-03
8.965288e-03
4.912400e-04
2.164716e-02
2.048609e-02
5.698812e-04
9.072070e-04
1.449974e-01
4.483156e-03
3.279106e-02
1.712724e-02
2.931523e-03
2.176157e-03
4.248495e-02
3.464733e-04
1.012983e-03
7.641424e-02
1.848294e-03
2.919937e-02
2.522460e-03
3.910185e-02
8.346263e-03
4.631424e-02
8.990683e-02
3.971599e-02
9.349096e-02
2.585545e-01
8.193428e-02
3.077976e-02
2.004865e-01
7.978169e-04
4.831779e-07
2.701839e-04
2.060712e-03
3.000296e-03
2.057865e-02
2.485822e-03
8.395885e-04
3.306632e-06
3.591532e-02
1.071197e-01
3.959850e-01
2.980799e-03
2.532380e-03
6.901240e-02
1.688114e-02
3.817760e-04
3.579581e-02
6.258375e-02
4.722207e-02
3.708179e-02
1.773322e-01
2.475434e-02
3.276948e-01
1.509416e-05
3.183239e-02
3.687433e-03
2.976865e-03
5.384138e-02
7.338280e-03
2.135270e-02
4.311130e-02
1.434567e-01
2.235048e-04
7.519474e-02
7.105213e-02
2.673787e-04
2.035370e-03
2.033266e-01
1.338751e-02
5.707565e-02
4.711598e-03
1.204250e-01
2.434955e-02
2.134757e-04
1.437667e-01
5.037177e-02
3.760194e-03
1.287480e-04
1.264492e-02
2.815615e-01
2.118163e-02
2.025322e-02
9.012365e-02
7.784789e-02
1.898141e-02
4.322195e-03
1.328204e-03
1.111016e-02
1.395812e-02
1.644631e-02
1.481875e-01
2.237846e-02
1.165124e-01
2.075970e-01
3.879361e-04
2.468076e-03
8.335036e-02
2.053360e-03
1.088636e-04
1.198602e-02
2.070763e-03
3.452901e-02
7.264734e-04
5.405046e-02
1.744103e-02
6.967784e-02
3.479167e-02
2.677912e-03
1.840594e-02
7.072175e-02
4.687626e-04
1.699273e-01
6.788147e-02
3.624282e-04
6.254834e-04
1.841668e-01
1.463624e-03
2.183870e-02
2.306208e-01
6.062245e-04
8.058469e-02
1.068920e-02
1.951745e-02
4.491733e-03
6.517079e-03
2.512193e-03
5.613357e-02
1.971291e-01
8.343696e-02
1.215822e-01
2.687761e-02
2.753811e-02
1.172034e-03
2.528734e-02
3.279005e-02
1.371628e-01
1.392259e-02
1.432298e-02
2.463429e-02
8.743153e-03
2.388024e-04
2.876120e-02
3.451788e-04
2.510656e-04
1.840872e-01
8.300868e-02
1.296766e-03
2.538492e-02
2.908982e-01
1.474133e-01
6.182983e-02
5.210463e-03
1.597656e-01
5.907443e-02
3.546552e-03
5.568179e-04
1.352885e-01
1.501947e-01
7.665914e-05
7.366645e-03
4.409925e-05
1.795220e-03
2.063018e-02
9.386888e-02
1.199962e-01
4.804467e-02
5.028119e-02
1.506032e-05
5.037372e-03
1.087301e-01
8.406421e-02
3.264517e-02
6.787633e-03
2.222836e-03
1.623705e-04
1.902471e-04
7.084027e-04
6.112368e-02
7.392666e-04
4.274393e-01
7.623243e-03
7.861335e-02
1.897297e-03
5.329423e-03
4.322991e-03
7.534889e-04
2.745137e-01
3.038746e-02
1.364436e-04
8.718880e-03
2.696392e-03
1.630001e-03
1.260117e-02
9.933008e-03
1.133979e-02
9.359901e-03
2.460467e-01
1.103141e-01
2.606958e-04
6.310921e-03
1.471809e-02
1.111339e-01
7.161343e-03
1.498336e-02
1.668095e-02
1.646226e-04
8.218308e-04
7.399468e-02
2.250340e-02
2.257289e-01
2.469477e-02
1.504078e-02
6.652731e-02
2.038982e-01
7.418839e-02
4.751210e-02
9.209643e-02
2.801272e-02
1.942839e-01
4.186116e-02
3.124642e-02
6.357279e-02
3.683087e-02
3.446055e-01
1.861263e-02
3.049672e-02
4.805319e-02
5.709127e-02
5.042211e-03
7.777738e-02
2.481712e-01
3.229908e-02
6.155100e-02
1.003142e-01
6.314291e-03
1.204427e-02
4.479759e-02
1.568664e-03
1.209627e-01
2.820189e-04
1.389886e-02
1.427345e-03
1.001877e-01
1.792519e-02
7.961618e-03
3.929685e-04
6.114287e-03
5.306407e-02
2.701152e-03
6.625599e-03
2.128537e-02
3.283861e-02
1.922440e-02
6.201208e-02
4.138531e-03
7.815589e-03
4.371345e-02
3.996743e-02
1.002468e-01
1.385896e-01
1.170389e-02
1.558563e-02
7.452926e-02
3.411721e-02
3.453317e-02
1.925195e-02
