1.794072e-05
8.535459e-03
7.626289e-02
3.437339e-02
2.636584e-03
2.398008e-06
1.128197e-01
5.439376e-03
4.485744e-02
1.926902e-02
5.605233e-02
2.840683e-02
7.527539e-02
6.044678e-02
7.143226e-03
1.766749e-05
8.441912e-02
1.564801e-01
1.573351e-01
1.155140e-02
5.151183e-02
5.871140e-02
8.711544e-04
1.787296e-01
4.491726e-02
4.337349e-02
5.902309e-02
1.427624e-02
1.159826e-02
3.665071e-02
3.364672e-02
6.162815e-03
2.434517e-02
5.203634e-03
1.383060e-02
6.734408e-03
6.466417e-02
2.098133e-03
4.490225e-02
1.463895e-01
6.219717e-02
2.456212e-03
8.284302e-02
7.469627e-04
2.966477e-02
3.519408e-03
1.431647e-03
3.997721e-02
8.748915e-03
4.421798e-02
1.118483e-01
1.593185e-01
2.658557e-02
4.090389e-03
9.946682e-02
2.134660e-02
3.718026e-01
9.870955e-02
2.654963e-02
4.628048e-03
3.723962e-05
1.388656e-01
1.346572e-01
2.800272e-02
8.246497e-02
7.597171e-05
1.093985e-01
4.231344e-02
9.141936e-03
1.781647e-03
2.059876e-02
1.918821e-01
6.673279e-02
6.032043e-02
6.915763e-03
6.686541e-03
4.827751e-04
1.327686e-02
2.024198e-02
1.088906e-01
4.392552e-02
1.052294e-01
3.105172e-02
1.204369e-04
1.832218e-02
9.510692e-04
3.399811e-03
5.165586e-04
2.932983e-01
6.530689e-03
7.390894e-02
1.785337e-01
3.437538e-03
1.097504e-02
7.280503e-03
3.760359e-03
5.989112e-03
5.880696e-03
2.319772e-02
5.296401e-03
2.186571e-04
4.562231e-02
9.888647e-03
1.256543e-02
2.677356e-01
6.195991e-03
5.332564e-02
3.813316e-03
1.674223e-03
2.138779e-02
1.962942e-01
2.938553e-01
1.644402e-02
2.117654e-02
3.763411e-03
7.236364e-02
7.416032e-03
1.179676e-02
3.893978e-05
2.805187e-02
1.262265e-01
7.785319e-02
2.501309e-02
7.073120e-02
1.326657e-01
5.495159e-02
1.259471e-01
1.122140e-02
4.600273e-02
2.349961e-02
8.323248e-03
2.248162e-03
9.742955e-02
1.400858e-01
5.262570e-02
1.959148e-02
2.418916e-01
1.101188e-02
5.573300e-02
2.874993e-02
2.549205e-02
2.099481e-02
1.012956e-03
4.870481e-01
5.301001e-02
1.101341e-01
1.845885e-01
2.118793e-01
3.410387e-04
5.363442e-04
2.556648e-02
1.785321e-03
1.498025e-01
7.628540e-02
1.223719e-01
5.629099e-02
4.763588e-03
6.431934e-03
8.615464e-02
4.613347e-01
7.394533e-02
1.750388e-02
5.615624e-04
7.483581e-03
7.225363e-03
1.461205e-02
8.485720e-02
4.491447e-05
1.734835e-01
3.832083e-05
2.190707e-02
6.143129e-02
2.847048e-05
1.563686e-01
8.351508e-02
4.341957e-02
1.555662e-02
7.112368e-03
1.856485e-02
2.688877e-02
4.502948e-02
3.405515e-05
2.707470e-01
1.824236e-03
1.451401e-04
3.208194e-03
1.224004e-02
3.518007e-03
2.608385e-02
7.334326e-02
3.164681e-02
1.279438e-01
1.651350e-02
2.642704e-01
3.988423e-03
1.135880e-02
1.497313e-02
1.043627e-02
1.086404e-01
5.147689e-03
1.192150e-02
5.437637e-02
1.178432e-01
2.945846e-02
3.716314e-02
1.065895e-02
2.802118e-03
1.923226e-03
1.020257e-04
2.905537e-03
2.470701e-01
5.133445e-01
3.565215e-03
7.937069e-02
1.614500e-03
6.070811e-02
1.222147e-02
1.888770e-02
2.719187e-04
4.308677e-02
2.242275e-02
4.328187e-03
2.476999e-02
7.229501e-02
3.348777e-02
1.756207e-02
3.901588e-03
2.029964e-02
6.565192e-03
8.921615e-02
2.369886e-03
1.046397e-01
7.458872e-02
3.723919e-02
1.202605e-02
3.689664e-02
3.692047e-02
2.239938e-02
6.576643e-02
1.104274e-02
2.324660e-05
3.029930e-02
9.208213e-02
2.820512e-01
4.171083e-03
1.680617e-02
4.208585e-03
1.595653e-02
5.229096e-03
5.844054e-03
1.335104e-02
4.816529e-02
7.272032e-03
3.913562e-02
1.682549e-01
1.864249e-02
1.916253e-02
9.708225e-02
1.943470e-03
1.020529e-01
1.526443e-01
1.625262e-03
2.290682e-03
1.888129e-02
4.400380e-03
2.299585e-02
5.232044e-02
3.731356e-02
3.324028e-03
1.264254e-03
4.878341e-03
3.420608e-03
2.862485e-01
1.041092e-03
7.471243e-03
1.566807e-01
1.281946e-02
7.875262e-02
9.881907e-03
1.315162e-01
5.916000e-02
1.174917e-01
9.651112e-05
9.328346e-03
1.013043e-01
1.108423e-01
6.669913e-03
5.591677e-03
9.997389e-02
1.536429e-02
6.974827e-03
1.009663e-03
9.523983e-02
2.225706e-01
1.288977e-02
2.094856e-02
7.358328e-02
2.125694e-03
6.163622e-04
5.359960e-03
2.330104e-01
6.730243e-02
5.265298e-02
2.329461e-01
1.080317e-02
2.907850e-04
2.572065e-02
4.092786e-03
6.285060e-03
3.768272e-03
1.232789e-02
8.466665e-03
8.968400e-03
2.611930e-02
1.387576e-02
1.984861e-01
1.058539e-01
1.446420e-03
1.483580e-01
5.895476e-02
9.481066e-03
1.716092e-02
3.672673e-02
1.320022e-02
6.180845e-03
4.937797e-02
1.784520e-01
1.898991e-03
2.501534e-02
2.533219e-04
1.387117e-02
1.379158e-02
6.052754e-03
1.189334e-02
7.584250e-02
5.923370e-02
2.370105e-06
1.181012e-02
2.491859e-02
1.513938e-03
7.794706e-05
3.216709e-02
2.172198e-02
2.172647e-02
9.853773e-02
1.113682e-03
2.553585e-03
3.806861e-02
1.133111e-01
4.648485e-03
4.587828e-02
3.564133e-02
1.525523e-03
2.192365e-02
1.647329e-01
3.516132e-02
4.778063e-01
5.030203e-04
1.600406e-02
5.905871e-03
1.552123e-01
1.144689e-01
2.475196e-01
7.677686e-02
3.097645e-02
2.550261e-01
1.230541e-02
2.303305e-03
1.405814e-02
8.726409e-02
1.126090e-01
1.196987e-02
4.992762e-02
3.041008e-01
2.402267e-02
2.971503e-02
6.803341e-03
1.338783e-01
1.695126e-01
3.261729e-03
1.111629e-01
2.883117e-02
7.342341e-03
1.231065e-01
7.208666e-02
1.215588e-01
3.092959e-02
6.421872e-02
1.351333e-02
2.954015e-02
7.080008e-05
1.924343e-03
3.201894e-02
1.606354e-04
3.544288e-02
3.293268e-02
1.752541e-02
3.630285e-02
9.487055e-03
3.164811e-03
7.502901e-02
3.468471e-03
1.104546e-01
1.392893e-03
1.197202e-01
2.647672e-04
3.543834e-02
7.699631e-03
6.265944e-02
1.178050e-01
1.429762e-01
8.490155e-03
1.060714e-02
7.876324e-02
7.907789e-04
2.548788e-01
1.019491e-04
1.518043e-05
3.927622e-02
1.794390e-03
1.780448e-02
5.563956e-04
4.132081e-02
3.038163e-03
1.566586e-01
3.565612e-05
5.572506e-02
6.018851e-02
1.788669e-02
5.134715e-03
7.678016e-02
1.554469e-01
4.363897e-03
2.103595e-03
2.040005e-01
4.583273e-02
5.003927e-02
2.198231e-01
5.395187e-02
7.802661e-03
1.610433e-01
3.667931e-02
3.513071e-01
4.209714e-02
1.432913e-03
4.705601e-03
6.199949e-02
1.411134e-03
1.732083e-01
1.300071e-04
1.548826e-03
8.748443e-02
1.496626e-01
1.068429e-01
7.307213e-03
6.223244e-03
1.132934e-02
6.785000e-03
1.591941e-03
6.808643e-02
4.656077e-01
8.250201e-04
2.912458e-02
1.454204e-03
1.151227e-02
9.024451e-03
2.667164e-02
1.519156e-04
1.654146e-02
2.091305e-02
1.317308e-02
4.942483e-01
7.580565e-01
2.224755e-01
1.282779e-01
4.920198e-02
1.840253e-02
4.026146e-02
2.974152e-03
9.315730e-02
1.224269e-01
5.388004e-04
3.424609e-02
1.124741e-01
3.776473e-02
1.585123e-02
3.666172e-02
2.228904e-01
1.466665e-01
1.815257e-02
2.455684e-01
1.660430e-04
1.315309e-02
4.680121e-03
7.202314e-04
2.888739e-01
1.189748e-02
1.651543e-03
5.521330e-06
1.600703e-02
5.913439e-03
3.971800e-02
6.865497e-02
7.580648e-04
1.115219e-01
7.755138e-02
2.191536e-02
1.018201e-01
4.599253e-03
1.448512e-02
1.275197e-01
1.165195e-02
1.101316e-01
1.086985e-02
2.471400e-01
6.639105e-04
1.793881e-01
1.964282e-04
1.890048e-03
2.734305e-03
1.192651e-01
1.482288e-03
1.657228e-03
2.692442e-03
2.200247e-02
9.012022e-03
3.598970e-01
1.095238e-03
3.860721e-02
8.710777e-03
2.441913e-02
3.613325e-02
3.699329e-02
1.558040e-01
6.145979e-02
1.367579e-01
4.901492e-04
1.268941e-01
2.669396e-01
3.201902e-03
4.459090e-02
5.840887e-02
1.363712e-01
2.139873e-02
3.206617e-03
7.806794e-03
5.554428e-03
4.131726e-03
2.111990e-03
1.017326e-03
2.039746e-02
1.257328e-02
5.883175e-04
3.660681e-02
3.013205e-01
2.370189e-02
2.152998e-03
5.641832e-02
7.089176e-02
7.794220e-02
2.873199e-02
8.260465e-03
5.062078e-05
8.848662e-02
1.856655e-02
1.484885e-01
1.236986e-01
1.681704e-02
8.661479e-02
7.903557e-05
6.330832e-05
8.303316e-03
3.839720e-03
1.366127e-01
4.535233e-07
2.130527e-02
8.729959e-03
3.183512e-02
6.829619e-02
2.438434e-03
6.403507e-03
1.120361e-03
7.062795e-03
6.075562e-02
3.398575e-03
1.015129e-02
4.704473e-03
8.283438e-03
2.978672e-02
1.364272e-04
2.271633e-03
1.082825e-01
7.214560e-03
1.608941e-03
