1.441612e-01
1.662621e-03
1.449726e-01
3.079433e-02
2.932830e-01
2.743340e-02
9.736077e-03
8.861148e-03
4.399813e-05
1.669274e-03
9.566318e-02
1.185488e-02
3.390118e-05
2.513671e-01
1.868309e-01
6.941983e-02
1.640779e-02
1.678902e-02
1.866582e-02
8.400466e-03
1.861201e-01
3.981380e-02
5.500461e-02
1.504731e-01
1.924595e-02
3.421365e-02
8.142184e-02
1.982345e-03
1.436125e-01
8.027561e-02
1.723891e-03
7.716479e-04
4.653557e-02
8.067582e-03
1.965218e-02
1.979242e-02
2.612432e-03
6.802594e-02
3.734031e-01
1.396748e-01
6.572856e-02
5.802745e-02
1.703411e-03
3.342729e-03
4.181658e-02
1.397405e-01
1.261059e-04
6.188616e-03
3.369787e-02
5.049931e-03
4.814613e-02
1.037675e-02
1.929861e-02
2.259730e-01
3.619383e-05
2.030872e-02
2.041295e-01
7.752342e-03
4.238349e-02
2.792493e-02
1.086958e-01
2.107129e-01
2.698311e-02
2.978501e-02
1.591053e-03
3.635618e-03
2.360912e-02
1.550957e-03
3.241454e-03
9.955865e-03
2.514768e-04
1.323988e-01
8.624730e-03
3.067533e-03
3.823619e-03
6.951469e-02
8.331100e-04
4.655905e-01
2.302573e-02
2.978710e-03
1.803800e-03
1.821812e-02
8.717671e-02
3.460846e-02
7.854848e-03
9.852161e-03
3.976194e-05
5.465474e-02
2.191880e-05
1.263521e-01
1.391787e-01
3.951391e-03
5.769200e-03
2.102753e-02
3.239019e-03
7.724671e-03
3.225952e-03
1.421237e-06
1.977113e-01
5.674010e-03
5.104203e-02
2.021063e-03
6.948101e-03
3.587141e-04
1.021865e-04
7.117744e-02
1.038007e-03
8.240761e-02
2.380184e-01
4.977954e-03
3.437215e-02
1.824813e-01
9.459292e-04
1.197701e-03
2.749389e-02
6.357746e-02
6.556443e-02
1.276849e-01
6.131390e-04
3.274674e-01
7.661503e-02
2.189573e-09
3.867107e-03
1.989556e-02
6.510029e-03
8.954893e-02
5.284687e-03
4.100561e-05
1.303591e-02
8.240547e-06
4.668281e-02
1.102673e-01
9.746218e-03
1.353772e-01
4.123459e-04
1.836814e-02
3.741783e-01
2.968741e-03
1.158667e-03
1.588157e-01
7.714375e-03
6.890910e-04
5.741604e-03
5.350651e-02
9.499706e-03
6.881514e-03
6.910695e-02
1.297662e-01
8.540280e-02
2.750078e-03
3.394654e-03
1.811161e-01
8.948136e-02
4.093002e-03
1.021600e-02
1.641926e-04
1.069149e-03
5.100965e-03
1.698364e-02
2.407808e-01
1.219719e-03
5.203411e-02
4.864876e-03
3.025445e-02
8.552801e-02
1.733395e-01
8.438224e-02
2.681200e-02
1.795565e-02
2.289743e-02
3.626397e-02
1.734436e-02
1.983381e-02
4.339202e-03
2.680848e-02
5.064738e-03
3.049649e-01
9.197988e-02
1.515645e-03
1.015701e-01
4.740225e-02
1.113875e-05
3.278568e-01
1.356906e-02
1.244116e-02
2.589229e-02
6.926984e-02
4.320411e-04
4.312078e-03
2.287201e-02
4.072217e-03
2.698733e-03
5.213857e-02
1.429173e-01
1.278124e-02
8.364935e-03
7.382010e-02
1.789497e-02
1.561559e-03
2.454244e-02
3.000292e-03
2.995705e-03
1.304701e-01
8.299732e-03
1.982803e-01
7.435122e-03
3.119679e-03
1.272877e-01
2.905792e-02
2.210018e-01
3.554963e-02
5.058635e-02
2.136018e-02
1.015480e-01
1.363417e-01
1.372815e-02
3.466001e-04
1.510926e-02
1.930378e-06
2.983483e-03
3.757129e-02
8.692123e-02
1.407531e-02
3.013956e-02
4.368302e-02
5.487393e-02
9.041491e-03
6.279105e-04
4.775144e-02
1.686315e-01
7.617161e-03
9.074793e-02
3.690411e-03
7.749846e-02
4.148319e-02
2.133691e-01
1.920977e-03
5.282852e-02
2.064662e-03
9.269867e-02
1.744589e-04
1.478398e-01
7.577915e-01
2.286600e-02
7.083204e-02
7.480967e-03
7.453973e-02
3.941659e-02
1.006479e-01
3.988299e-02
7.319717e-03
4.316902e-02
2.079474e-01
3.926587e-02
7.404745e-02
1.446896e-03
3.642438e-02
1.233094e-01
6.676658e-02
5.081878e-02
6.617941e-04
8.540936e-03
5.807331e-02
1.044820e-02
2.853714e-02
1.043483e-02
5.544169e-02
1.003913e-04
1.599835e-02
1.923935e-03
9.749752e-02
6.440027e-02
1.244847e-03
2.434149e-02
3.337740e-02
6.224452e-02
3.025835e-03
3.789946e-03
8.160922e-03
3.161567e-02
3.419888e-02
1.084725e-03
2.598200e-02
1.466905e-02
5.459751e-02
2.758068e-02
2.209233e-01
3.755790e-02
8.529631e-04
7.943103e-02
1.628494e-02
7.266676e-02
4.501305e-03
3.352710e-03
6.781776e-02
1.338976e-01
1.138281e-02
1.154261e-01
2.010811e-01
1.629603e-01
1.581172e-02
1.695424e-01
3.252262e-02
1.295601e-02
9.992340e-02
8.515043e-02
6.069734e-04
4.116585e-02
3.233347e-02
5.510477e-02
1.030065e-02
2.569971e-02
3.063000e-01
4.180424e-02
7.122621e-03
5.185909e-04
1.873463e-03
7.440053e-07
6.458536e-02
1.274393e-02
3.064853e-03
1.390592e-07
4.013015e-02
8.302590e-02
4.780504e-03
4.620545e-03
2.890378e-02
1.404933e-02
1.412547e-02
2.084602e-01
1.452513e-02
2.807745e-02
4.106640e-02
3.010956e-02
1.808480e-02
3.478838e-02
1.029616e-02
1.790743e-01
4.458181e-02
1.365289e-05
3.487256e-02
3.501681e-02
2.986759e-02
6.633802e-04
1.523782e-01
3.352550e-03
1.120151e-02
5.555930e-03
2.058769e-01
5.434510e-02
8.924198e-02
1.381793e-02
4.754706e-02
3.518702e-02
1.855450e-02
1.130285e-02
2.992798e-01
5.312186e-02
8.837182e-02
8.631316e-02
2.397846e-01
3.617370e-04
3.055645e-02
1.000681e-03
1.091968e-01
2.041583e-02
1.706076e-04
3.117259e-02
1.749907e-02
1.012187e-01
1.776604e-01
7.036822e-02
8.662721e-03
1.274899e-03
3.521787e-02
1.453259e-02
2.489984e-04
1.176882e-01
2.085074e-02
7.731025e-02
3.651750e-03
2.689546e-01
1.283597e-02
2.260704e-01
5.460864e-03
1.293040e-02
7.358908e-02
5.904195e-04
3.933648e-03
2.249717e-02
5.060728e-02
1.070650e-01
2.011673e-02
5.566549e-02
3.407318e-03
2.743654e-02
7.949403e-02
1.091362e-02
2.272169e-03
1.606215e-02
2.926334e-02
6.762113e-04
2.121375e-02
9.010523e-05
1.054515e-02
1.738436e-01
1.596830e-04
6.241909e-02
7.427473e-02
5.259684e-05
1.382194e-01
1.082636e-03
2.247672e-05
8.927617e-02
9.179262e-03
5.984088e-02
3.473979e-03
4.112121e-03
1.385101e-02
3.765943e-04
7.902211e-02
1.653966e-03
9.078824e-04
2.691317e-04
4.445504e-05
9.125032e-03
1.254331e-02
1.495545e-01
3.221099e-03
6.846365e-03
2.762598e-06
1.844091e-02
2.077253e-02
2.728544e-02
6.488459e-02
5.730414e-05
6.035786e-03
6.588900e-02
1.921012e-02
3.256520e-02
3.854544e-01
8.079620e-03
1.025793e-02
9.566321e-02
3.789284e-01
3.043578e-02
2.401516e-04
1.463033e-02
4.579097e-02
1.517149e-02
1.646438e-01
5.091868e-03
2.516034e-02
2.962760e-02
1.243153e-02
1.214112e-03
3.724044e-02
4.530136e-02
5.534307e-02
5.962443e-03
6.030314e-03
5.179411e-02
2.337698e-01
4.089718e-02
1.370240e-04
2.534855e-02
1.476640e-02
1.787962e-02
3.952920e-02
2.797741e-02
9.239991e-03
5.513010e-02
3.606365e-02
1.739262e-02
1.189983e-01
6.616284e-02
7.565624e-02
1.017226e-02
1.620147e-02
9.121089e-03
2.743302e-02
1.916097e-02
3.558092e-03
5.564082e-03
7.072416e-03
2.415349e-02
4.357943e-03
4.464997e-04
7.816408e-04
4.983022e-02
4.130593e-03
2.694444e-01
8.493044e-02
1.020310e-04
8.921480e-05
2.537483e-02
1.378976e-01
1.159997e-02
1.033494e-01
1.387256e-01
2.015292e-03
1.974698e-02
4.768662e-02
2.644116e-02
2.728364e-02
9.873638e-02
6.546624e-03
2.218809e-01
4.865837e-02
7.748986e-03
1.468586e-01
4.136226e-02
6.580740e-02
7.920278e-04
1.681050e-02
1.512286e-02
3.921025e-02
2.330345e-01
2.009148e-02
1.087340e-01
7.655239e-02
8.740463e-02
3.405284e-02
1.988570e-02
1.640462e-01
2.284796e-01
2.087465e-03
1.305732e-05
6.678869e-02
4.938573e-02
4.595294e-03
6.160724e-04
2.075036e-03
6.179704e-02
2.623628e-02
8.141626e-02
5.497413e-02
1.336065e-02
1.255653e-01
7.857331e-02
7.451849e-02
3.336452e-02
1.438730e-02
1.991730e-01
6.081461e-04
7.983275e-02
7.131976e-03
5.157554e-03
2.455582e-02
4.997052e-02
7.211382e-03
2.255706e-02
1.754475e-01
1.305546e-01
1.033023e-05
1.664188e-01
7.201602e-02
6.509568e-03
1.718038e-03
8.369078e-04
1.204857e-03
1.120868e-02
1.415121e-03
8.251337e-04
2.938507e-03
7.922313e-02
2.716589e-03
3.138321e-03
1.052121e-04
8.846606e-04
2.221159e-01
2.758838e-01
7.239687e-02
1.412577e-01
9.167878e-02
5.008534e-03
3.834858e-03
1.403049e-02
1.321322e-01
2.517931e-02
6.459068e-02
1.480552e-02
1.032374e-01
1.255368e-04
5.024394e-03
9.260404e-04
1.001694e-01
1.957310e-02
2.207923e-02
3.124422e-02
1.299048e-01
1.444543e-02
2.180496e-02
2.634046e-03
