9.652742e-02
1.909057e-02
7.472153e-02
1.308090e-03
2.203229e-03
2.810756e-05
4.032679e-04
5.628140e-03
6.082248e-02
2.766921e-02
2.322393e-02
2.729850e-02
8.296052e-03
2.372971e-02
4.292279e-02
6.286919e-03
2.773234e-05
2.174098e-01
5.738431e-03
3.692504e-02
1.731262e-02
5.461621e-02
1.327042e-02
1.015984e-01
8.910995e-03
8.277857e-03
3.281066e-02
3.578801e-02
2.334647e-02
2.176072e-03
1.017389e-02
2.540094e-01
2.103597e-02
2.967856e-02
4.038914e-02
5.447155e-03
1.647912e-01
8.766464e-02
9.818698e-03
5.009346e-03
2.031654e-02
3.605952e-02
1.130781e-01
2.226783e-01
2.319745e-03
9.619759e-02
1.924990e-02
1.207626e-02
8.899812e-04
2.358522e-04
1.096383e-02
1.140108e-02
5.404704e-04
6.959399e-02
4.444717e-02
7.175594e-04
1.248275e-03
5.995157e-05
8.148585e-02
8.431895e-03
6.691784e-03
4.176334e-02
1.549972e-02
4.721590e-05
8.855693e-02
1.144443e-01
8.025901e-06
9.850971e-02
4.045919e-04
2.118875e-03
8.717180e-02
1.702926e-01
4.748574e-03
2.089271e-01
2.737104e-02
4.334402e-01
9.531547e-03
5.502771e-02
3.496819e-02
1.145504e-02
4.501958e-02
2.465307e-04
8.352164e-02
5.125260e-02
3.244376e-02
9.549893e-02
3.221216e-03
1.667485e-02
5.389555e-02
2.014142e-02
8.155561e-02
6.654217e-02
3.326431e-04
5.710818e-03
4.247777e-05
3.066500e-02
3.948944e-02
6.862077e-02
4.185667e-02
1.343995e-02
4.396353e-03
8.561297e-03
1.859572e-01
4.886511e-02
3.853795e-02
2.167794e-02
4.848405e-02
5.650778e-03
4.547625e-03
2.159390e-04
7.861798e-02
2.160000e-02
1.075224e-02
1.501938e-02
8.901345e-05
3.951616e-03
3.241552e-03
3.806140e-04
2.540692e-01
5.103732e-02
6.641438e-02
2.385634e-01
3.909116e-03
3.428293e-02
6.566151e-03
2.117221e-03
2.783253e-02
5.534701e-03
1.355264e-01
1.744559e-01
2.462061e-02
5.577316e-02
1.390595e-02
5.227265e-02
1.516383e-01
8.826296e-06
9.827317e-02
1.130976e-02
1.456199e-02
1.009209e-01
6.259942e-04
6.707098e-04
8.141795e-03
5.152395e-02
2.020648e-01
8.572065e-02
1.812634e-03
7.484934e-03
2.861686e-02
8.603275e-02
1.576279e-04
2.181458e-04
6.083188e-05
1.309503e-01
2.936167e-02
2.376821e-05
4.306491e-05
2.947115e-03
3.025929e-02
2.680893e-04
6.074513e-03
9.150809e-02
9.509302e-04
4.669971e-02
3.158274e-03
1.085828e+00
3.116300e-03
2.726566e-04
1.651086e-04
8.616946e-03
2.956061e-02
1.417644e-01
2.054803e-02
4.745293e-02
2.135668e-02
6.702310e-02
1.812234e-02
2.984272e-03
4.775601e-03
9.650348e-03
7.952319e-02
1.715953e-02
1.110965e-01
7.921912e-02
9.934678e-02
3.463101e-02
1.481696e-01
1.357653e-02
8.922304e-02
5.013644e-02
6.784252e-02
3.296064e-02
2.145402e-03
1.124330e-03
1.249511e-01
6.534309e-03
3.348320e-02
2.549956e-01
9.445220e-02
1.349716e-02
9.715624e-03
7.229365e-04
2.448220e-02
2.939413e-02
3.723912e-02
8.109627e-03
9.355781e-02
2.098511e-02
5.531753e-02
5.781856e-03
1.128031e-02
2.240519e-03
7.882922e-02
1.419459e-02
1.627040e-01
6.010470e-05
1.665249e-03
6.109389e-03
5.316531e-02
1.665251e-01
1.012043e-01
5.819792e-03
1.459961e-01
8.487529e-02
2.858445e-02
7.651785e-02
4.900194e-02
9.219277e-02
6.677342e-03
1.159136e-01
6.611567e-02
2.194142e-05
3.014804e-03
4.713576e-02
1.446886e-02
2.030597e-03
2.980009e-02
1.454992e-02
1.790018e-01
1.107724e-01
2.465321e-01
1.204990e-01
2.095194e-02
4.074997e-02
5.834971e-07
2.614812e-02
1.038010e-02
2.999105e-01
4.792774e-03
2.185093e-02
2.864739e-02
3.415333e-02
1.278640e-03
1.123417e-02
5.001220e-02
8.012728e-03
1.954315e-02
2.233797e-04
1.952381e-02
2.770320e-01
6.554056e-02
7.347978e-02
1.516941e-02
8.029259e-03
2.196731e-03
1.220525e-01
2.441427e-01
3.318239e-02
9.228772e-02
1.143315e-02
1.662873e-01
2.004925e-02
8.255099e-02
4.577653e-03
2.000821e-02
1.987351e-01
7.747934e-04
1.662771e-02
1.729485e-04
4.470505e-03
2.089599e-03
4.250186e-03
1.803816e-02
1.071546e-01
2.899184e-05
2.787232e-03
1.154008e-02
1.609455e-02
2.263967e-01
1.551728e-02
1.080875e-02
1.126618e-01
9.608879e-04
2.074822e-02
1.993503e-02
6.575225e-02
5.810677e-02
3.436238e-03
7.186883e-02
5.878008e-03
4.091531e-02
2.796457e-02
5.718822e-03
3.751230e-02
5.960114e-02
8.765625e-04
2.966719e-01
8.061912e-03
5.333591e-02
2.445356e-01
7.997260e-04
8.066343e-03
3.413110e-09
3.165540e-02
5.974288e-03
3.782700e-02
3.854142e-02
1.590306e-02
5.528347e-02
1.063262e-02
2.545968e-02
1.728681e-02
3.786127e-06
1.504079e-01
9.523118e-03
6.662244e-03
1.123810e-01
1.192699e-01
3.132905e-02
7.686183e-04
1.316734e-01
4.122393e-01
4.169312e-02
3.553342e-02
1.059632e-03
3.966565e-01
2.678208e-03
1.168067e-01
5.741732e-03
1.918261e-02
1.351439e-02
1.265516e-02
5.613227e-02
4.819097e-02
8.774083e-04
5.678238e-01
1.693713e-02
3.687307e-03
5.630722e-02
3.938169e-03
8.374010e-02
1.387012e-04
6.028561e-03
1.492706e-03
8.540520e-03
2.409541e-05
7.773131e-05
7.238000e-04
1.009170e-01
1.927023e-03
1.256592e-02
1.808576e-01
2.790122e-03
1.723142e-02
7.071426e-02
1.664796e-01
4.305922e-05
3.509875e-03
7.108743e-02
3.473892e-03
7.139705e-02
9.781126e-02
6.181975e-02
1.820269e-01
2.099384e-01
1.733459e-01
1.466050e-01
9.647782e-05
1.766762e-01
4.060158e-01
8.418180e-02
3.586304e-02
2.356217e-01
2.510136e-02
2.615145e-02
3.500619e-01
1.062107e-02
1.347507e-01
1.759405e-01
9.341521e-02
9.964833e-03
8.133050e-03
2.950290e-01
7.372816e-05
3.858472e-02
1.038012e-01
7.193963e-02
3.703009e-02
9.450706e-04
4.840607e-02
6.515152e-02
8.306230e-05
2.851291e-02
4.126337e-05
7.111436e-02
3.060214e-02
2.446058e-03
4.487911e-02
1.256996e-03
1.502776e-01
3.232597e-03
1.082094e-01
1.373066e-03
9.745868e-03
3.773612e-04
5.713791e-02
3.773058e-03
4.289623e-03
2.950066e-02
1.022366e-01
8.514728e-03
5.835664e-02
1.189854e-02
6.585850e-03
3.429814e-02
2.100762e-02
3.481555e-03
5.964920e-04
1.030603e-01
6.270867e-02
7.937715e-02
2.498151e-05
4.422431e-02
2.207229e-02
1.419726e-02
4.719955e-02
1.212589e-02
1.002191e-01
2.065988e-03
4.550267e-03
1.567497e-02
8.722699e-02
6.758420e-02
3.178717e-05
3.310444e-04
4.837495e-03
1.574325e-01
3.690857e-02
1.932858e-02
3.436486e-02
1.050176e-01
3.481524e-02
3.416746e-02
1.357980e-01
1.741432e-01
6.034543e-02
9.636433e-02
3.852991e-02
5.037946e-02
2.861587e-02
5.787758e-02
4.531091e-07
2.656358e-02
3.086785e-03
2.855821e-02
3.274764e-03
5.053202e-03
4.483798e-02
5.387730e-01
6.661476e-02
7.505253e-02
1.890358e-01
1.061525e-02
7.542266e-03
3.259813e-06
2.490336e-04
8.694583e-02
1.406652e-03
4.922903e-05
1.009761e-02
7.772769e-03
3.693629e-02
3.250108e-04
2.390489e-02
1.078643e-01
4.296150e-01
2.684574e-01
4.983936e-02
1.063728e-02
6.104174e-03
4.879407e-02
2.490787e-02
9.514611e-03
8.041814e-02
9.079479e-02
3.707294e-04
5.791614e-03
5.754999e-02
3.908154e-02
7.364813e-02
2.375032e-02
2.597945e-03
1.152156e-03
6.486505e-03
6.445343e-02
8.437424e-03
1.768043e-02
1.732627e-01
2.749013e-02
8.016794e-02
1.591640e-02
1.314936e-02
2.503194e-02
2.155366e-02
6.122570e-02
5.165319e-02
1.315225e-01
2.092434e-01
1.652328e-02
2.207977e-01
1.038323e-01
6.983857e-02
1.967088e-01
9.617159e-03
2.426465e-03
5.644708e-06
5.851929e-03
3.895732e-04
7.296879e-02
1.754245e-01
4.991525e-02
1.629099e-02
9.486520e-03
7.758724e-02
3.844740e-03
3.829596e-04
4.552781e-01
1.336318e-02
1.043510e-01
1.634173e-01
6.626769e-01
7.276554e-02
3.972121e-02
2.887335e-02
7.624381e-02
4.296952e-02
2.420875e-03
1.046768e-02
3.388786e-02
1.185552e-02
1.475029e-01
4.441297e-02
1.058070e-03
1.805162e-02
2.822429e-01
1.410495e-01
4.809465e-04
1.287833e-01
2.732714e-02
2.129943e-02
2.292452e-02
6.485693e-03
2.983376e-02
3.508535e-02
4.218793e-02
4.300109e-03
2.635739e-02
6.946806e-02
3.463191e-03
1.608416e-02
9.462599e-02
1.823527e-02
1.426882e-03
7.772637e-02
1.254013e-03
3.309331e-01
1.960745e-02
2.133515e-01
7.973048e-03
2.695182e-02
3.875383e-03
5.326122e-02
7.014339e-04
2.572248e-05
4.293080e-02
1.793845e-02
7.846310e-03
7.420064e-04
7.820440e-04
9.583947e-03
3.022361e-02
6.101965e-03
6.468953e-03
1.657626e-01
