1.793695e-02
4.534500e-02
1.665087e-03
2.169992e-02
2.145168e-01
1.044924e-01
1.242718e-02
2.142733e-01
4.087801e-02
1.930235e-01
1.391433e-02
1.804871e-02
4.611311e-03
5.061973e-03
1.819894e-01
3.752329e-02
9.947917e-02
1.400295e-01
2.057261e-01
8.869664e-02
1.288289e-01
3.430776e-02
4.219317e-02
1.421430e-03
1.085714e-02
3.445030e-02
1.740770e-02
9.521631e-03
1.126578e-03
2.929896e-02
7.431853e-02
1.237848e-02
1.191035e-02
7.537733e-02
1.281515e-02
7.294536e-02
3.622903e-02
6.308488e-02
1.337075e-02
1.705826e-02
2.111714e-02
6.592784e-02
1.414261e-04
3.334526e-01
1.765893e-02
1.833438e-01
7.146201e-02
1.021092e-02
4.363738e-03
2.299522e-02
3.286743e-02
9.858168e-02
7.828700e-03
9.381598e-02
3.819074e-03
3.659723e-01
4.784105e-03
6.645236e-03
2.045919e-01
8.614656e-04
8.511474e-02
1.712689e-02
5.365338e-04
5.599505e-02
1.467897e-03
6.727653e-03
4.258340e-02
3.364340e-03
4.275176e-05
4.478324e-02
8.264885e-02
1.995744e-02
8.431777e-02
1.446907e-01
1.906829e-02
1.586664e-01
2.111343e-02
6.040024e-03
6.178291e-03
1.073235e-01
2.505708e-03
1.332537e-03
4.200866e-03
2.321611e-04
1.220059e-01
1.244724e-04
3.587378e-02
1.661636e-02
7.691159e-03
6.956026e-02
3.315452e-03
9.476262e-03
1.377863e-02
1.557618e-01
7.036560e-03
2.948251e-04
1.512190e-03
4.777947e-04
3.389145e-03
3.008412e-04
3.559455e-03
1.673873e-04
1.445899e-02
1.733805e-04
4.140671e-02
9.981745e-03
2.204571e-02
9.358075e-03
1.806127e-02
6.840040e-02
2.829324e-03
2.184561e-01
4.132767e-03
2.260136e-02
1.095240e-01
5.376044e-03
3.179327e-02
4.002145e-02
4.115053e-02
3.466706e-03
2.223274e-03
1.023994e-01
5.115035e-02
1.621941e-03
3.395073e-05
3.834537e-02
1.213276e-01
1.343899e-02
5.862427e-02
4.040840e-02
1.267569e-02
3.980118e-03
1.565827e-03
2.808400e-02
3.054730e-02
1.996010e-02
4.493952e-02
1.711319e-02
1.841608e-02
4.391085e-02
2.627477e-03
1.219885e-02
6.057936e-03
3.825542e-02
1.821452e-02
4.860994e-02
7.229351e-03
1.037877e-03
1.806091e-02
1.246291e-02
7.181498e-03
1.199658e-02
1.396091e-02
5.528800e-02
8.546697e-02
2.864123e-02
1.087209e-02
3.303068e-02
4.389091e-02
5.009349e-01
3.659222e-03
4.996183e-02
3.254823e-02
1.800650e-02
9.812038e-02
1.620716e-01
5.737506e-04
4.455259e-03
2.031961e-01
5.945492e-02
1.191620e-07
5.089031e-03
7.748844e-02
1.444286e-01
5.203768e-04
1.414973e-01
4.800795e-02
3.417858e-02
3.744571e-03
5.814104e-02
2.489884e-02
1.663087e-02
5.002145e-02
5.540644e-02
1.582879e-01
1.951624e-03
1.090870e-01
6.639799e-03
8.057766e-03
6.141325e-03
6.255943e-05
1.542960e-02
2.089487e-02
3.743272e-02
8.433645e-02
2.158434e-02
2.270278e-05
1.860826e-03
5.455777e-02
1.590235e-02
8.785743e-03
9.116274e-04
1.317106e-02
2.389997e-04
1.789842e-02
1.174571e-01
4.179367e-03
1.774580e-01
3.372750e-02
2.912495e-02
6.269620e-02
8.348184e-02
4.952281e-03
2.196828e-02
5.243832e-02
1.165182e-05
1.372245e-04
2.636360e-02
7.019812e-03
2.085459e-03
4.287267e-03
6.467675e-03
2.587906e-02
5.627819e-03
3.773355e-03
2.554378e-02
4.433003e-03
2.059574e-03
1.065645e-01
1.008567e-02
5.903698e-02
2.158401e-02
7.127757e-04
2.516134e-03
3.154111e-03
4.030389e-04
3.081628e-05
4.545403e-02
5.120242e-02
4.176336e-02
2.266865e-01
5.029075e-02
2.077521e-01
2.255205e-02
5.582601e-03
1.545399e-01
5.498897e-02
3.478811e-02
1.282188e-04
1.603667e-02
2.090369e-01
9.427857e-02
2.478161e-07
2.795289e-04
1.097057e-01
3.613286e-02
2.715813e-02
1.085900e-03
7.338361e-03
9.157518e-02
8.304207e-02
1.155335e-02
7.242362e-03
3.109908e-04
7.931657e-03
1.703123e-01
9.144657e-02
3.566818e-03
5.930323e-02
8.654858e-04
1.517664e-03
6.200909e-02
3.732755e-03
7.507671e-03
7.339166e-03
3.264076e-02
1.236118e-01
1.378011e-02
1.820117e-03
5.866088e-03
2.703692e-03
2.326204e-03
2.339921e-03
2.779223e-04
3.636054e-02
3.260949e-02
2.658236e-04
4.362126e-02
1.387525e-01
8.361258e-04
1.821574e-04
1.437128e-02
4.618759e-02
4.981360e-02
1.206219e-01
1.533793e-02
6.750143e-02
2.831615e-02
1.051481e-01
8.288197e-03
5.012074e-03
1.687200e-04
3.541614e-02
1.093879e-01
7.835281e-02
1.733177e-02
1.081172e-02
6.461110e-03
5.342120e-04
1.391961e-02
5.217896e-03
1.238526e-02
1.863109e-02
7.622995e-02
1.978724e-02
2.283466e-02
6.707266e-03
6.248183e-02
1.082543e-02
7.170797e-02
4.079762e-03
2.264988e-01
3.178539e-02
4.758813e-02
8.197021e-03
3.478396e-03
1.320052e-02
2.417336e-04
3.901503e-02
2.748321e-02
8.399675e-02
9.630423e-02
3.885120e-04
1.310139e-02
2.880439e-01
2.861404e-01
4.735127e-02
8.403295e-03
1.563504e-02
1.067762e-04
2.493761e-02
4.747695e-02
3.392810e-03
4.537077e-02
6.844931e-05
1.805655e-01
6.630293e-02
2.327494e-01
2.748845e-03
8.057731e-02
6.506417e-02
2.951958e-02
5.782771e-04
8.891941e-02
1.052530e-01
1.700034e-02
3.921534e-03
8.224817e-02
1.874443e-02
5.945414e-02
5.807238e-02
7.850412e-02
1.752290e-01
8.258207e-04
2.167237e-01
2.477403e-04
1.304967e-03
2.669547e-03
7.821139e-02
1.701158e-03
5.272267e-02
4.239092e-02
1.175907e-01
1.476833e-02
1.217111e-05
8.635045e-02
1.198079e-02
1.354722e-02
4.397103e-02
2.861123e-05
6.998845e-02
2.494645e-02
3.041827e-02
4.052601e-02
1.852267e-03
2.814822e-01
7.142249e-03
1.325787e-02
6.181415e-03
1.964978e-02
2.549334e-02
1.270705e-02
3.673869e-03
4.706248e-02
6.179065e-04
2.041897e-02
5.971298e-02
8.331106e-03
3.869629e-02
3.721549e-01
4.235555e-04
6.338348e-02
4.438531e-03
3.990030e-03
1.482236e-01
4.381276e-02
1.967823e-02
7.180762e-03
3.369138e-03
7.790697e-03
6.041624e-02
1.757790e-01
7.893380e-02
7.260684e-04
2.048985e-02
1.312715e-01
2.645736e-02
5.207907e-03
1.876925e-03
1.337171e-01
1.269666e-01
1.290514e-01
1.107739e-01
2.059351e-02
3.679743e-02
1.927283e-04
9.722094e-02
8.863578e-04
5.883713e-02
1.400370e-01
5.418657e-04
1.587069e-01
1.627999e-05
4.484780e-02
1.394474e-03
4.664071e-02
7.398503e-03
9.485103e-02
2.011674e-02
7.175375e-04
1.102881e-02
3.736695e-02
3.921475e-02
1.172224e-01
2.615904e-01
2.582958e-03
9.314124e-04
8.796909e-02
3.423727e-04
9.199037e-02
4.247123e-03
8.222993e-03
2.235945e-02
3.664495e-02
8.020952e-03
2.507534e-03
3.373995e-03
6.948311e-02
1.530765e-02
1.245787e-03
2.192167e-04
2.517677e-01
1.328358e-02
3.315494e-02
2.612661e-03
1.529717e-02
1.453037e-01
1.367025e-02
1.526122e-02
2.816867e-03
2.596185e-02
1.555451e-01
2.053780e-02
4.475985e-03
3.388154e-03
2.513976e-02
1.562488e-02
6.934141e-03
1.355436e-04
1.621019e-01
6.275153e-03
1.275094e-02
1.607146e-02
1.188822e-02
1.173875e-01
5.711696e-04
2.226866e-02
6.833868e-02
1.087153e-01
1.079270e-03
9.726315e-03
1.264191e-02
7.581467e-03
6.617080e-02
9.612769e-03
3.785794e-03
8.721815e-03
1.013219e-01
3.703653e-02
8.917770e-02
1.554724e-02
4.294171e-02
1.829006e-03
3.383367e-02
9.182125e-04
5.350859e-03
8.737118e-03
4.715718e-02
4.059979e-02
9.766229e-03
1.130331e-01
2.059380e-01
3.115806e-04
8.243910e-02
9.253502e-03
3.606709e-03
1.806220e-01
1.404335e-03
1.329739e-01
4.451077e-02
3.299826e-02
1.822441e-02
2.149866e-01
1.363018e-02
1.114379e-01
2.047223e-02
1.564406e-02
1.175387e-02
4.984879e-02
3.010403e-02
9.200660e-03
8.104967e-02
6.402674e-04
8.955970e-03
1.002727e-01
2.534661e-03
5.802811e-02
2.762507e-02
9.573226e-02
1.877505e-01
1.225509e-01
2.306060e-04
1.565353e-01
5.078263e-03
7.218716e-02
2.608713e-03
4.047122e-02
2.531827e-02
1.184625e-01
7.477845e-03
9.097013e-03
3.120457e-03
1.205368e-02
1.271878e-01
1.630891e-02
1.420621e-01
4.219234e-04
1.466323e-01
7.626977e-04
1.398264e-03
4.134451e-01
1.834452e-01
1.954677e-03
5.753985e-02
2.218529e-04
8.998765e-03
7.577320e-03
5.504071e-03
1.050185e-03
5.324902e-02
3.398005e-02
2.471871e-03
4.960662e-02
8.741739e-02
5.547846e-03
7.584715e-03
8.407240e-03
4.458211e-02
1.161328e-01
6.103251e-03
1.104312e-02
7.264832e-03
2.736688e-02
1.246551e-02
5.951262e-02
6.968717e-04
1.122807e-01
3.399589e-03
6.329511e-03
3.105608e-01
5.765629e-02
4.212916e-03
4.197610e-03
2.824188e-02
