6.682559e-03
2.259442e-02
2.118032e-02
1.824905e-01
1.823415e-02
1.660929e-02
4.899505e-02
2.868812e-02
1.003370e-01
3.236480e-02
8.305022e-04
2.218738e-02
3.955205e-02
1.416241e-01
2.722252e-03
3.746887e-03
6.653313e-02
4.920370e-07
6.823917e-02
1.706868e-04
8.998942e-02
9.139433e-02
4.956580e-02
3.110239e-03
1.010130e-01
2.571323e-02
1.219297e-02
1.294008e-02
1.317181e-03
1.653755e-01
5.621298e-02
1.532238e-04
3.268282e-02
1.276821e-02
1.013771e-03
3.155907e-03
2.475756e-02
2.579479e-04
1.703813e-02
4.533485e-02
4.228874e-02
7.847518e-02
1.537878e-02
1.243197e-02
4.939801e-03
1.013118e-01
1.599899e-01
1.093213e-03
8.046179e-02
1.374583e-01
3.223935e-03
1.516502e-02
6.189876e-04
1.497524e-03
3.760602e-02
3.070256e-03
6.316368e-03
7.803944e-03
6.241106e-02
1.095480e-02
4.979905e-04
1.213357e-04
3.307657e-02
1.957165e-02
3.136495e-02
1.703489e-02
3.231408e-02
3.152482e-03
5.491294e-03
4.794960e-03
2.351351e-02
8.389931e-03
4.499646e-03
3.209925e-02
7.893726e-02
5.404475e-02
1.367546e-01
1.366384e-02
1.133798e-02
1.567045e-05
1.745691e-01
1.754130e-01
4.724622e-02
3.148154e-02
7.895388e-02
3.956189e-02
1.568568e-04
4.327032e-02
2.223581e-03
2.132888e-04
6.640236e-03
1.479590e-01
3.736390e-01
4.041898e-02
9.816409e-02
3.482931e-04
7.943051e-02
1.580136e-02
1.306227e-01
4.545093e-02
7.956909e-03
2.758182e-03
8.789735e-02
2.256501e-01
1.006261e-02
1.860214e-02
1.446543e-02
3.304679e-02
6.147392e-03
6.108460e-02
6.043875e-03
2.163937e-01
1.240273e-01
1.529880e-02
2.077482e-02
1.843537e-02
1.033573e-02
2.834814e-02
9.239818e-03
5.544048e-03
6.920769e-02
2.429989e-02
4.591448e-02
1.015535e-01
6.243105e-02
4.104638e-03
1.651572e-02
1.988119e-01
2.255113e-02
8.453491e-03
7.469647e-07
4.688679e-03
1.734137e-01
2.358494e-06
1.352055e-02
7.957500e-04
5.254469e-02
4.253822e-02
2.678044e-02
1.456514e-02
8.074619e-04
6.787294e-04
3.545354e-03
1.071861e-01
4.837118e-04
1.353886e-01
5.298124e-02
6.938499e-04
1.511260e-03
6.083587e-02
1.600826e-05
1.457706e-01
7.788153e-04
2.700594e-02
3.566097e-04
1.347098e-03
2.517281e-02
1.196586e-01
3.411275e-02
2.684876e-01
4.871288e-02
9.121559e-02
2.414548e-02
1.598833e-02
1.893553e-06
6.628654e-02
4.494420e-03
7.476076e-03
2.891464e-02
1.152402e-01
8.227549e-02
1.667840e-02
1.034761e-01
1.510940e-01
6.359499e-05
4.877907e-03
5.268976e-03
3.502601e-04
6.523994e-03
1.977252e-01
1.261727e-03
3.084360e-03
2.089014e-02
2.798384e-03
2.651293e-02
5.296755e-02
2.508314e-02
5.582442e-03
4.714491e-04
9.957155e-02
1.228632e-02
3.219109e-03
4.100575e-02
2.109092e-03
1.745024e-02
2.450852e-03
3.748559e-01
1.929347e-02
3.787912e-02
1.910303e-02
2.041264e-01
4.568830e-03
2.764495e-03
6.837343e-03
3.409900e-03
8.561098e-02
8.589076e-02
2.563657e-03
3.293934e-03
5.533644e-03
1.969119e-02
1.084058e-01
9.793161e-02
8.421938e-02
8.208608e-02
1.416234e-02
4.525195e-02
2.020124e-04
1.154422e-02
5.266739e-03
1.999384e-03
5.521036e-02
2.313156e-02
1.353506e-01
1.953198e-03
7.580733e-04
5.886271e-04
3.634288e-02
1.474674e-02
1.646655e-01
1.895684e-03
1.019463e-01
6.756200e-02
8.180654e-05
6.577489e-04
3.721128e-02
1.926635e-02
5.027635e-02
1.286030e-01
9.453146e-03
5.555608e-04
1.196276e-02
2.019793e-01
1.921366e-02
9.763795e-02
2.666315e-02
4.305711e-02
7.535271e-04
2.703104e-02
3.150846e-03
4.906450e-02
1.809871e-05
2.759151e-02
2.777446e-02
1.536436e-02
1.272859e-02
1.046282e-02
8.645339e-04
6.157656e-02
5.335322e-03
7.385537e-02
3.900516e-05
7.943577e-04
3.081372e-02
1.544790e-05
6.333842e-02
4.542551e-01
1.623050e-02
9.763263e-04
4.649853e-01
8.547446e-03
5.118280e-04
9.552171e-02
1.742055e-01
2.250205e-02
7.540703e-07
3.153087e-02
1.107101e-02
3.355897e-02
1.391957e-01
7.113681e-03
1.142325e-02
1.066166e-01
4.007184e-02
1.807716e-03
5.852013e-02
7.973432e-04
5.329181e-03
2.680421e-02
9.304641e-03
1.029594e-02
7.836278e-02
1.182245e-02
2.629678e-01
5.968950e-02
5.291899e-02
6.532663e-02
1.661097e-01
3.626613e-02
3.156289e-02
4.972260e-05
1.170175e-01
5.513007e-02
4.416234e-03
2.525532e-02
1.185814e-01
6.985959e-02
4.082762e-02
4.950491e-03
1.795593e-03
9.321525e-02
1.612759e-03
4.077044e-02
1.597682e-01
1.017073e-03
9.244868e-03
9.093097e-03
4.732819e-02
2.897965e-02
1.072507e-02
1.208012e-03
1.609874e-02
5.187590e-03
2.078650e-01
4.601433e-02
5.157882e-03
1.170887e-03
2.880726e-02
2.892019e-01
4.554574e-04
4.948145e-03
5.997678e-02
1.278261e-02
1.159996e-02
7.002036e-02
3.390720e-03
1.742149e-04
2.991964e-02
1.015500e-03
2.141562e-02
2.656043e-03
1.230518e-03
9.621093e-03
2.813901e-02
1.252332e-02
7.262413e-02
1.397402e-01
3.817558e-02
7.929326e-02
3.415912e-03
1.074932e-01
1.133233e-01
3.077988e-02
7.034757e-03
3.900011e-02
1.328555e-02
2.354081e-02
1.647002e-03
8.161194e-02
1.869147e-01
1.190384e-04
1.141285e-02
3.532544e-03
3.128731e-02
6.074131e-02
1.690770e-01
1.342796e-01
1.090255e-02
1.448516e-01
2.568033e-04
2.865313e-02
2.118085e-02
2.477692e-02
4.670561e-02
2.021057e-02
2.910563e-02
7.529889e-04
8.741548e-03
1.235627e-01
2.178479e-02
1.410404e-02
1.204547e-02
1.151488e-02
1.747738e-01
5.639601e-03
3.119939e-02
1.849863e-01
2.536325e-01
1.499483e-03
9.285541e-03
9.817771e-05
4.654287e-03
3.239733e-02
4.938016e-01
2.147816e-02
1.055348e-02
2.704699e-02
6.671588e-02
1.347660e-02
1.869034e-02
5.800198e-02
7.440044e-02
7.551154e-03
1.303666e-05
1.589198e-01
4.548295e-03
4.504682e-02
3.928707e-02
3.679334e-03
1.483043e-02
1.440975e-01
2.659657e-03
2.924429e-02
4.441124e-02
2.912127e-02
1.162646e-02
3.343804e-02
3.536032e-03
2.052338e-01
3.108223e-02
2.576270e-02
1.658207e-03
1.668621e-03
5.760498e-04
7.228707e-03
5.314303e-02
5.706797e-04
1.111201e-01
2.861202e-03
3.548411e-02
1.993846e-03
1.710912e-03
2.068444e-01
2.351045e-02
1.728597e-02
5.219373e-02
2.350696e-02
7.170155e-03
5.097052e-02
4.971123e-03
2.278145e-02
6.653580e-02
2.575905e-01
5.308300e-01
7.349792e-03
5.510971e-03
3.002117e-02
2.663916e-01
5.558518e-02
3.026396e-03
6.778409e-04
1.423733e-01
3.570862e-04
6.674366e-03
3.860634e-03
1.848787e-03
2.332501e-02
4.333313e-02
1.446746e-04
8.468774e-03
6.736050e-03
3.179950e-04
1.416037e-01
1.974407e-02
2.177008e-03
6.680215e-03
5.553788e-05
6.138525e-03
6.496879e-02
1.951651e-06
9.794636e-02
7.115407e-04
4.673696e-01
1.485860e-02
1.534913e-01
5.215699e-02
8.217800e-02
8.967697e-02
2.422756e-03
2.953819e-03
1.661466e-01
6.272504e-03
4.513075e-03
1.096260e-01
5.459613e-04
6.396282e-03
1.177069e-01
2.602813e-02
5.878406e-02
9.554201e-03
2.382447e-02
3.829952e-03
1.949637e-03
7.626126e-02
1.281027e-02
2.263688e-03
3.842862e-03
1.131108e-02
2.587186e-02
4.598755e-02
3.332701e-03
5.048843e-03
8.828210e-02
1.442014e-02
6.670913e-03
7.301248e-02
4.754533e-03
2.504680e-02
6.782706e-03
1.588739e-02
1.786241e-02
4.183094e-02
9.979355e-05
2.992870e-03
3.393110e-02
5.984498e-02
8.460404e-03
7.431754e-03
7.486016e-04
3.045362e-02
5.569892e-02
1.144227e-01
1.067662e-02
3.096607e-02
6.779368e-02
2.408064e-01
4.475138e-02
4.300556e-02
6.597830e-03
6.539984e-02
3.638047e-04
1.870340e-02
1.432688e-01
7.998605e-02
3.752064e-02
2.227580e-02
5.279263e-05
4.866448e-02
6.722339e-02
1.720978e-01
1.037070e-02
4.650159e-02
1.732340e-01
6.432033e-02
8.307530e-05
7.082073e-02
1.379014e-01
1.008136e-01
1.410926e-01
2.169357e-01
5.489803e-02
1.499008e-01
3.365101e-03
2.275079e-03
4.639866e-02
1.291813e-02
6.243125e-02
2.066157e-02
8.354175e-04
1.112840e-01
1.917380e-01
3.440153e-02
2.839120e-02
2.968179e-04
8.242050e-02
1.564224e-02
5.469759e-02
1.001768e-02
1.547922e-02
3.973096e-03
3.267835e-02
7.754188e-02
9.816319e-02
1.272658e-02
7.789777e-04
5.583425e-03
8.868779e-02
1.179659e-01
2.042993e-03
5.496474e-05
1.577754e-03
2.458936e-03
1.073463e-01
3.481184e-02
1.922285e-02
3.813524e-04
1.230716e-02
1.070865e-01
3.492063e-06
1.063386e-01
2.522653e-02
7.018007e-03
7.829499e-02
7.046309e-03
