4.582004e-03
1.820828e-02
1.876156e-01
1.509429e-01
8.509983e-02
3.480532e-04
2.021598e-01
5.907268e-03
3.347903e-03
1.392238e-02
7.136278e-02
7.742699e-03
1.025486e-01
2.984348e-01
1.595414e-05
7.531026e-03
1.307376e-01
1.578599e-02
7.336650e-04
8.889416e-02
2.447992e-01
2.098289e-02
7.926055e-02
2.012681e-01
2.206844e-02
2.760992e-02
6.800558e-04
6.573834e-02
6.091718e-02
1.918873e-03
5.520124e-01
8.337607e-02
7.140711e-02
9.075963e-03
3.292570e-02
4.319292e-02
4.670254e-03
4.323298e-02
6.745779e-02
6.029012e-03
4.915098e-02
1.062799e-01
2.780749e-02
7.304636e-03
4.752934e-02
6.853172e-03
1.460298e-02
5.022776e-03
5.471846e-04
4.328250e-02
7.728293e-03
3.358748e-03
7.405457e-06
1.018234e-01
4.438542e-02
3.061508e-03
5.700786e-02
1.627267e-02
2.687368e-02
8.692974e-03
7.932275e-03
3.447981e-03
4.479592e-02
1.960038e-04
7.710241e-02
1.712482e-03
5.021918e-02
1.166095e-01
7.204575e-02
1.366351e-02
3.862579e-06
2.033633e-04
1.603042e-01
1.930126e-02
5.662885e-04
7.416247e-02
1.066877e-02
8.210085e-03
1.428893e-07
3.117475e-03
1.250930e-02
4.346926e-04
6.836543e-03
5.302210e-03
5.089931e-02
4.482649e-03
1.416359e-03
4.048361e-02
2.742728e-01
7.203898e-03
1.757692e-01
1.513270e-02
1.585669e-02
1.930431e-02
5.664053e-03
2.365857e-02
3.473955e-02
5.644386e-02
3.649131e-03
2.608671e-02
6.377833e-02
1.779436e-01
7.816327e-02
1.111707e-02
6.204316e-02
1.497399e-03
8.651118e-02
2.309491e-02
4.871233e-02
5.596932e-02
8.124144e-02
7.196633e-02
2.409088e-02
1.377185e-02
8.415044e-02
6.453863e-02
1.569781e-01
2.817346e-04
5.181985e-02
2.304185e-04
1.619058e-03
1.141193e-01
7.706846e-02
8.087392e-04
7.032405e-02
6.854776e-03
3.468971e-02
3.272496e-03
2.046951e-03
2.403769e-02
5.187413e-02
1.510159e-01
8.927093e-03
2.300907e-02
8.487221e-02
1.314301e-04
4.573747e-02
3.020056e-03
7.553920e-02
5.118830e-03
2.052889e-02
3.099173e-02
4.091468e-03
3.834395e-02
1.201653e-01
3.455607e-02
4.661013e-02
4.161859e-02
2.187567e-05
2.895929e-01
1.293660e-01
1.681465e-01
6.064553e-02
2.903926e-04
3.057401e-02
2.198353e-01
2.742625e-02
3.232204e-02
2.567637e-02
3.113130e-01
4.002657e-02
2.882775e-03
4.922455e-02
6.176198e-03
1.766934e-01
7.939756e-01
1.259127e-01
3.447011e-03
4.863668e-02
3.897298e-02
2.445849e-03
1.032287e-03
5.271290e-02
2.566258e-02
7.061147e-03
3.664842e-02
1.608821e-01
2.698354e-01
8.159333e-02
6.569100e-04
1.202231e-05
2.569530e-03
1.081655e-01
1.327389e-01
8.685715e-03
2.639583e-02
8.238340e-03
5.170098e-02
1.348618e-01
4.026630e-04
4.273895e-02
1.803650e-04
9.681589e-04
2.864622e-01
1.070553e-01
8.034343e-02
2.509961e-03
7.354241e-02
1.580583e-01
2.909453e-02
1.875524e-01
5.940852e-02
4.368269e-02
2.549233e-02
1.820893e-02
2.621302e-03
3.987407e-02
7.399204e-02
1.157773e-03
4.439120e-03
3.056578e-02
7.378685e-05
1.419476e-01
1.148460e-01
7.727647e-02
9.273619e-02
4.891942e-02
3.995803e-02
5.202090e-04
8.237101e-03
4.914672e-04
8.614660e-03
2.054570e-01
1.856401e-03
1.205990e-01
5.006873e-02
3.283049e-02
3.089704e-02
2.506697e-02
3.908714e-03
1.917331e-01
7.520064e-03
3.053915e-02
5.134212e-02
1.036473e-02
4.226168e-03
5.662590e-03
1.452630e-02
1.990278e-02
5.170042e-03
2.989625e-01
3.031734e-02
4.504355e-02
3.151110e-02
9.211204e-03
7.781974e-02
9.759490e-02
1.924319e-02
3.674988e-02
8.102940e-02
1.105904e-02
8.255062e-02
2.304311e-03
6.846569e-03
7.061278e-02
8.422338e-09
1.933086e-02
9.671103e-02
4.350258e-03
8.481731e-05
3.025565e-01
3.285876e-02
9.776463e-02
4.160609e-02
1.629629e-01
4.973811e-02
8.003045e-02
4.222715e-02
3.471206e-02
6.678183e-02
1.113213e-01
9.554602e-02
4.372860e-01
1.488879e-02
8.124577e-06
1.618656e-01
8.595725e-02
1.831383e-02
4.644127e-03
5.561028e-02
3.919521e-02
8.346515e-04
9.299581e-05
2.279930e-02
2.642207e-02
2.473142e-02
3.079187e-02
3.327852e-02
1.966522e-03
3.164482e-02
1.406765e-01
1.932549e-02
3.142867e-03
8.432151e-07
6.841690e-02
5.760108e-02
3.915894e-03
1.244680e-01
8.279994e-02
1.270394e-02
3.973609e-04
1.205046e-01
2.812245e-02
4.345226e-03
3.884202e-02
2.219116e-03
1.594092e-03
1.743749e-03
3.768214e-03
3.841311e-02
1.522397e-01
1.013825e-02
6.712345e-06
1.634561e-03
1.390541e-01
2.376677e-02
5.364852e-02
1.271132e-01
7.355849e-02
1.548612e-01
4.078933e-02
2.436584e-02
8.344584e-02
1.100915e-01
1.011869e-01
4.317635e-02
2.400461e-02
1.724035e-02
2.282402e-01
2.402594e-09
9.393210e-02
3.897970e-03
1.380191e-02
8.820150e-02
2.056235e-03
2.923573e-02
1.850464e-01
2.762756e-02
2.026227e-01
7.506518e-03
1.705131e-02
3.411833e-02
4.202838e-02
4.615841e-03
1.077883e-02
2.964709e-03
9.976087e-05
9.410260e-03
4.588944e-03
4.639920e-03
6.039619e-03
2.608924e-02
5.138281e-02
1.309812e-04
2.790672e-03
4.462119e-02
3.037598e-01
8.783148e-04
1.029241e-02
9.124291e-02
3.888050e-02
4.809322e-02
7.656839e-02
9.614292e-04
6.620658e-03
3.500745e-03
6.116266e-06
4.696744e-02
6.096336e-02
2.314910e-02
9.084273e-03
3.039114e-02
1.368564e-03
6.003046e-03
5.460597e-02
2.221223e-04
3.881102e-02
1.807983e-01
1.137155e-02
2.353189e-01
1.802495e-02
4.261612e-01
2.408525e-02
6.975263e-05
1.982895e-02
6.047494e-02
1.174437e-01
1.657515e-02
2.217034e-03
3.821978e-02
1.763754e-01
1.012940e-02
3.874564e-02
5.706883e-02
1.228044e-01
4.459162e-02
6.433115e-03
1.525971e-02
5.827993e-03
2.302846e-02
6.603743e-03
2.085060e-03
6.592909e-03
4.850222e-04
2.790533e-04
2.245389e-01
4.982294e-04
2.290910e-02
3.099353e-02
7.799170e-02
5.739046e-03
9.410790e-03
2.061668e-02
8.814576e-02
2.306553e-07
4.887633e-03
1.720075e-03
1.877831e-04
2.800664e-03
3.617870e-02
1.648349e-02
2.254336e-02
1.791591e-02
3.689967e-02
3.017094e-02
6.876329e-02
1.054851e-01
2.770370e-01
6.019255e-02
5.145115e-04
2.414836e-01
1.685519e-02
2.300877e-02
3.617716e-02
3.039046e-02
8.612411e-02
4.549569e-02
4.158653e-03
4.707031e-03
4.446222e-04
6.161103e-02
1.216454e-01
4.534373e-03
6.814538e-03
6.961227e-04
1.854826e-03
8.248516e-03
7.550977e-03
6.281220e-02
2.248617e-01
1.923628e-03
9.302839e-02
3.317227e-05
4.825878e-03
1.655143e-02
2.719688e-02
2.323122e-02
1.227342e-01
1.725224e-03
4.688208e-03
1.584773e-02
1.258722e-02
4.414295e-02
2.818088e-03
5.583103e-02
1.547755e-03
1.602219e-01
5.769258e-02
4.487183e-02
4.432202e-03
6.091548e-02
7.801019e-03
1.306850e-01
1.005959e-02
5.478029e-03
7.224067e-02
3.940963e-03
2.970018e-02
4.955626e-03
4.993864e-02
1.719942e-02
2.976119e-02
1.723383e-02
1.428785e-01
4.743073e-02
3.791901e-02
1.963005e-02
4.178434e-02
3.509301e-02
7.748161e-02
1.475120e-02
4.547630e-02
8.102672e-03
1.474038e-02
4.039053e-04
6.010833e-02
1.189527e-01
3.492760e-02
5.782320e-02
2.450056e-03
3.827017e-02
4.558757e-04
1.991412e-02
5.533517e-04
3.148429e-04
1.375033e-03
4.359319e-02
2.065057e+00
4.036498e-03
4.185201e-02
6.522988e-02
3.313379e-02
5.168642e-03
1.857301e-01
1.846482e-02
1.761338e-01
5.162514e-02
1.422004e-03
3.896979e-04
3.798366e-01
4.315694e-02
2.145650e-01
7.326721e-02
1.448568e-02
1.775513e-01
1.836431e-01
1.936977e-02
8.345371e-02
5.524055e-02
1.307936e-02
2.237476e-01
7.828858e-03
5.254471e-03
1.692294e-02
4.182028e-03
5.614869e-02
1.248590e-02
6.893058e-02
3.785784e-03
4.305368e-03
6.460482e-02
1.115079e-02
1.646091e-03
5.022149e-02
1.202259e-01
2.782032e-02
1.335172e-02
3.732608e-02
1.953127e-03
5.564593e-02
8.161269e-06
1.295161e-02
1.866922e-03
9.491129e-03
4.635866e-03
1.007707e-03
4.570794e-04
1.353600e-02
7.218538e-05
1.412427e-02
3.552823e-04
1.313034e-03
1.982068e-02
6.627055e-03
4.838912e-03
3.983264e-03
5.980056e-02
4.235234e-03
7.295574e-02
1.118110e-03
1.590542e-01
7.825517e-02
9.739126e-02
1.160119e-04
9.691793e-05
4.805223e-02
1.496187e-03
8.656247e-02
1.231132e-02
6.853801e-02
1.440627e-02
5.446518e-04
5.904507e-02
1.096448e-02
1.592200e-03
2.525753e-02
1.546643e-06
3.414540e-02
6.894391e-02
1.478945e-04
2.865209e-01
1.249691e-02
1.228932e-03
1.450662e-01
