9.243225e-02
1.743156e-02
8.163944e-04
6.712061e-03
4.598016e-03
4.094623e-02
3.247337e-02
2.956551e-03
1.915852e-04
2.251693e-02
9.686987e-02
7.329733e-04
5.585330e-02
2.567993e-02
5.045528e-02
1.273206e-02
4.484920e-02
4.094226e-04
1.228943e-01
4.973084e-03
2.023318e-01
3.459459e-02
1.000096e-01
6.824099e-03
1.592208e-03
3.758755e-02
1.638198e-02
1.419950e-01
1.602874e-02
4.529209e-02
3.565693e-02
5.297079e-02
4.750140e-03
1.336220e-04
2.935702e-04
4.692060e-02
1.120655e-02
1.388670e-01
5.853587e-03
3.021992e-01
1.955629e-02
2.568019e-02
3.739650e-04
4.584659e-02
6.932442e-02
2.109310e-04
5.185447e-02
1.234477e-03
4.743179e-02
1.082716e-01
1.575556e-04
5.249652e-02
1.237623e-02
1.801597e-01
9.415559e-02
1.081231e-01
2.735348e-03
7.547030e-03
3.099065e-02
1.570314e-02
1.723037e-03
2.778992e-02
5.835625e-03
4.904156e-02
1.316300e-03
4.473700e-02
3.012768e-03
8.910722e-02
1.455816e-02
3.660404e-07
1.025426e-01
5.056482e-05
6.184877e-02
2.567963e-02
1.175051e-01
6.136566e-02
4.017518e-02
1.188055e-03
6.052501e-02
2.353638e-02
1.300710e-01
5.729105e-02
3.190121e-02
7.789318e-03
1.541585e-01
5.296930e-02
4.869144e-03
4.561014e-03
5.515566e-02
4.181671e-03
1.161126e-01
1.066415e-02
1.399538e-01
2.419135e-02
1.459239e-01
7.307932e-02
9.626959e-03
1.754185e-04
7.832845e-02
3.555963e-03
1.337888e-02
7.873608e-03
1.876996e-03
2.964818e-04
3.775979e-03
7.254401e-02
7.817002e-02
4.151156e-06
2.044125e-01
1.755001e-02
1.857831e-03
1.801815e-01
1.424866e-01
3.519239e-03
1.725140e-02
6.881345e-02
6.583514e-02
1.919890e-03
3.067931e-05
8.999318e-02
2.134372e-02
1.620030e-02
1.215265e-02
4.855690e-03
2.384090e-04
2.513166e-01
9.248657e-03
1.877318e-02
2.265532e-02
7.184933e-02
5.895226e-03
1.956540e-02
1.022141e-02
1.772469e-02
4.867439e-02
5.935286e-04
3.028195e-02
4.589879e-02
1.153921e-01
9.779694e-03
1.033025e-01
1.824795e-01
2.004841e-06
7.936516e-03
2.689570e-04
5.241307e-02
4.832026e-03
1.298718e-03
8.209116e-02
1.584944e-02
2.643898e-02
2.792922e-02
2.003528e-02
7.621840e-03
7.149892e-02
1.863061e-02
5.343971e-01
1.874395e-02
6.764159e-02
8.235979e-01
1.057950e-01
4.147643e-02
8.655042e-02
2.610450e-01
8.764627e-03
3.465779e-01
7.818265e-02
6.848371e-02
3.771903e-02
5.077366e-02
1.615263e-01
7.696119e-02
9.002793e-03
1.055975e-02
7.124298e-02
3.993247e-02
6.011821e-02
1.130668e-02
2.212817e-01
7.780680e-02
8.098748e-05
1.143824e-01
2.152790e-05
2.987768e-02
8.558276e-03
5.976945e-02
3.401565e-01
6.446543e-02
3.071033e-02
6.598253e-02
4.787069e-03
4.089240e-02
8.771727e-03
5.444781e-02
1.435521e-02
1.834528e-02
7.319088e-03
2.675163e-02
8.696082e-04
6.591694e-03
6.947367e-02
5.311912e-02
7.694972e-02
1.428473e-02
3.752273e-03
1.615744e-04
3.706717e-03
3.056917e-01
4.890499e-04
1.718872e-02
3.666147e-04
3.584577e-02
1.641529e-02
2.686379e-02
1.074017e-04
3.127992e-06
8.760235e-02
2.576052e-05
4.237141e-02
2.841052e-01
1.829330e-04
3.047817e-02
1.016774e-02
3.002348e-02
1.406168e-02
1.417892e-01
2.571870e-03
1.590379e-05
2.003778e-02
1.794713e-03
2.198530e-02
2.204815e-02
5.561170e-03
8.658814e-03
6.719203e-04
1.806880e-01
4.807293e-02
4.585749e-02
4.135424e-01
2.673972e-03
1.519549e-01
1.531263e-01
3.803680e-01
1.791704e-01
3.026924e-02
4.775528e-02
1.778657e-02
5.344814e-02
3.860260e-05
1.004779e-02
4.210568e-01
1.576373e-04
2.916076e-02
1.025197e-02
2.359836e-03
9.610076e-02
2.083666e-01
2.337891e-02
5.975977e-02
7.755138e-02
3.436589e-03
1.815450e-02
3.161733e-02
1.938956e-02
1.675481e-01
4.142977e-02
4.027165e-02
2.625500e-04
1.409693e-01
9.131683e-02
1.247100e-03
1.451270e-01
3.130574e-01
2.588566e-02
8.089621e-02
9.901215e-03
1.158766e-03
3.326605e-02
2.769132e-02
2.011120e-03
2.261508e-02
2.930755e-02
7.589028e-03
1.480790e-03
8.450195e-02
7.638257e-02
3.142328e-03
3.335122e-02
2.940225e-03
1.194352e-03
4.049717e-04
9.349017e-02
1.396907e-01
6.520416e-03
1.259229e-01
1.686720e-02
9.292858e-04
5.251838e-02
9.956292e-02
5.812545e-02
3.379868e-02
1.037354e-01
1.094960e-01
2.057960e-02
9.857782e-02
3.286503e-04
6.689483e-03
8.622575e-02
3.528354e-02
3.531321e-04
1.295966e-02
4.829631e-02
1.057387e-02
3.886990e-02
4.206901e-06
1.166304e-02
9.453889e-02
9.543716e-02
4.451419e-02
1.966044e-02
2.573784e-04
8.843292e-03
6.282616e-05
7.892069e-02
1.747527e-02
5.869979e-02
2.795911e-05
2.456306e-03
1.009353e-02
1.195267e-03
2.079624e-02
1.111097e-02
1.157202e-01
1.290106e-01
1.305846e-05
2.204975e-02
3.413756e-01
5.434433e-02
1.344384e-03
3.624994e-03
3.136782e-01
9.564790e-02
7.633904e-02
9.024805e-02
5.202873e-03
7.321748e-02
3.482940e-02
9.463036e-02
4.666424e-02
3.361926e-02
3.179383e-02
1.440921e-01
2.950739e-02
6.510035e-03
5.529903e-02
5.139757e-02
4.390423e-05
2.472578e-02
3.284758e-02
3.742216e-04
2.809880e-01
3.255321e-02
2.292745e-02
1.885299e-03
4.798306e-02
1.133017e-01
1.817263e-02
3.981391e-02
1.165496e-01
2.153643e-01
5.799124e-02
5.609870e-02
3.158295e-03
6.835388e-03
1.175397e-01
9.934862e-04
1.125089e-02
5.628463e-01
2.035247e-03
2.936909e-04
3.355946e-02
1.575861e-02
3.972640e-02
1.219030e-02
8.197065e-02
3.670506e-02
5.852925e-04
1.833909e-02
1.931284e-02
1.536498e-03
3.535168e-02
4.350341e-02
1.101515e-01
2.248717e-02
8.730846e-04
1.067792e-01
4.363749e-02
4.432473e-03
6.896758e-02
1.174825e-02
4.496184e-02
2.798051e-03
1.193758e-01
1.432326e-02
1.356288e-02
3.250414e-02
1.121119e-03
1.545038e-01
2.791259e-03
3.695150e-02
4.227213e-02
1.606039e-01
3.356031e-02
5.717676e-03
1.434039e-01
2.492578e-01
5.668623e-02
7.585069e-07
1.466942e-02
3.704024e-02
2.163414e-04
4.926053e-04
8.430064e-02
1.141917e-05
2.551718e-03
5.798675e-02
6.389889e-02
4.558300e-02
4.284783e-02
7.196847e-03
3.136394e-01
1.562803e-02
2.232693e-02
9.768129e-04
1.174593e-02
5.435359e-02
2.468934e-04
7.116892e-02
5.541109e-03
1.193762e-02
6.291301e-02
1.701577e-01
1.946986e-01
3.213429e-03
3.465762e-02
7.748869e-02
4.228268e-03
3.812039e-02
3.862247e-02
1.675830e-02
9.713491e-03
6.423991e-03
1.801783e-03
4.268028e-02
7.599719e-03
6.037117e-03
1.230636e-01
4.771724e-02
2.186374e-02
3.909508e-02
1.655157e-02
7.507327e-05
5.625590e-02
1.874377e-02
8.889619e-03
4.065093e-01
8.894782e-02
5.174849e-03
6.000315e-06
2.874953e-01
4.391562e-03
1.571000e-01
5.040521e-02
4.608696e-02
1.692611e-01
1.061863e-01
6.288528e-02
1.237893e-01
2.631171e-03
2.883974e-02
2.376842e-02
4.593656e-03
1.461345e-01
2.250221e-02
1.954927e-06
4.083006e-02
1.338712e-02
7.646748e-03
2.768946e-02
9.410272e-02
2.684734e-02
3.851388e-03
4.103788e-02
2.549994e-01
1.796278e-02
1.458480e-03
1.407859e-03
8.150290e-02
5.257892e-02
3.815385e-03
1.414099e-02
1.346045e-02
5.387222e-05
1.213550e-03
4.190885e-04
2.241169e-02
1.534422e-01
2.919112e-03
8.533883e-02
6.901308e-03
6.134279e-02
2.496608e-03
3.212250e-02
5.932546e-03
2.185299e-02
2.815220e-02
9.153005e-03
3.010836e-02
2.106629e-02
2.048821e-02
9.262409e-02
1.737678e-02
6.612593e-03
1.031256e-02
5.631966e-02
1.827917e-02
1.177682e-01
1.793745e-02
3.263836e-02
4.345953e-02
1.018313e-01
7.173748e-02
2.199884e-03
7.328099e-02
3.546554e-01
8.772923e-02
6.443443e-03
5.387520e-03
2.696160e-02
1.603166e-03
4.307936e-01
3.630258e-03
6.198883e-03
8.858663e-02
1.367316e-02
1.096738e-01
1.925031e-01
1.250046e-02
3.823666e-02
1.837579e-02
1.216832e-01
7.254298e-02
1.143736e-02
1.762626e-03
3.141744e-03
5.604602e-02
1.338748e-03
6.767018e-02
4.206480e-03
8.561814e-02
1.320032e-03
1.077913e-01
4.267987e-03
8.608759e-02
1.105738e-02
1.526872e-02
1.020295e-01
2.736070e-02
1.190269e-02
1.608452e-02
5.874780e-03
8.679693e-02
8.595347e-02
3.457236e-04
1.539103e-02
4.621427e-02
2.266394e-06
4.146244e-02
6.288276e-02
1.328147e-03
3.274084e-03
4.536599e-03
4.477334e-02
2.508048e-02
3.058468e-03
3.746430e-02
7.564278e-03
6.518714e-03
5.580736e-02
3.540684e-02
4.721994e-06
5.725990e-02
2.023713e-02
8.753470e-05
