6.606236e-02
9.389512e-02
1.040594e-01
8.698885e-03
7.629560e-04
2.941137e-02
3.294820e-01
6.177946e-03
1.009953e-01
2.939492e-03
1.217996e-01
2.607517e-03
8.412178e-04
2.403103e-02
1.713428e-01
4.064789e-02
2.021859e-03
2.979223e-02
1.986877e-03
8.143383e-02
4.824967e-04
2.913476e-02
3.317362e-04
1.310989e-02
1.741211e-01
2.954636e-02
2.016218e-02
4.585582e-03
2.537683e-02
2.396359e-01
1.023920e-01
6.977484e-02
1.150917e-01
1.635383e-02
1.550234e-04
3.856830e-04
1.458174e-02
3.921528e-01
1.350875e-01
2.706488e-02
1.179333e-04
4.843544e-02
1.702844e-02
1.106260e-03
1.336937e-01
6.838356e-05
1.734243e-02
1.001697e-02
1.084688e-01
1.118584e-03
1.554924e-02
1.557371e-02
3.139523e-05
8.526509e-03
3.422671e-02
2.945520e-04
4.131899e-04
1.467664e-02
1.483091e-04
2.654634e-02
6.859663e-02
4.421341e-02
6.656285e-02
1.027424e-01
1.295773e-01
4.602605e-02
1.691382e-01
1.693982e-05
1.107689e-03
1.188725e-05
5.051717e-02
1.260831e-02
1.042433e-01
5.795049e-03
6.963495e-02
2.120378e-02
3.350414e-02
1.435497e-01
3.000783e-07
2.393654e-02
1.046922e-02
3.815277e-02
4.138981e-03
3.498845e-02
3.955841e-02
1.069518e-01
2.010003e-02
1.130457e-01
2.931339e-03
6.470701e-03
5.281401e-02
1.611488e-04
1.370210e-01
2.318399e-02
7.549605e-02
5.191952e-02
2.021541e-02
1.083608e-02
1.717908e-01
1.302716e-01
1.123010e-03
3.808630e-04
2.052480e-01
1.472603e-03
1.489008e-03
4.790148e-02
7.088249e-04
4.787938e-03
8.128223e-03
7.023134e-02
6.477061e-02
8.243578e-01
1.174979e-01
4.527260e-02
3.009090e-02
1.445089e-03
1.680701e-04
1.081630e-04
1.631450e-02
7.559904e-02
1.487080e-01
1.813772e-01
1.962532e-04
5.476435e-02
6.241482e-02
1.238302e-02
2.481795e-02
5.635430e-02
3.177280e-02
1.428731e-01
5.403756e-02
3.758650e-03
1.752830e-02
3.756076e-02
1.846101e-02
6.705870e-02
6.868909e-03
1.186009e-02
1.475197e-01
3.375469e-02
1.106757e-01
8.781852e-03
1.582369e-03
3.286588e-04
3.439025e-03
1.801978e-01
2.663186e-02
4.109435e-03
7.336467e-02
7.486982e-02
1.968981e-01
5.750155e-05
9.147924e-02
5.952615e-02
1.218109e-02
2.543280e-02
6.206082e-03
5.944324e-02
1.635643e-01
2.271603e-02
2.215261e-02
3.604227e-02
1.505650e-03
1.096672e-02
1.205279e-01
3.737855e-03
2.599910e-02
4.270372e-02
1.301200e-01
2.374852e-02
4.066657e-02
3.213523e-02
2.851664e-02
1.284326e-03
1.797934e-02
4.070748e-03
3.143436e-02
1.139395e-01
2.342537e-03
7.237841e-03
1.982659e-02
2.391579e-01
1.095354e-01
4.801330e-02
5.044747e-04
6.444958e-03
2.463514e-03
1.699832e-02
1.094434e-01
1.381394e-02
6.318950e-09
6.604019e-03
5.869300e-02
1.240399e-01
1.118339e-01
5.372893e-02
2.346417e-03
6.597765e-03
1.872294e-01
4.158997e-04
1.810361e-02
3.113461e-02
1.244417e-01
3.114996e-05
3.856847e-02
2.178754e-02
1.069811e-02
3.310877e-02
2.281751e-02
4.720297e-03
2.404689e-03
3.122999e-03
1.686856e-02
1.642063e-02
1.844250e-01
7.602269e-04
8.698441e-03
3.614650e-02
3.675442e-02
9.702857e-04
3.295566e-02
8.356367e-02
6.819705e-04
6.746239e-04
6.158389e-04
1.845952e-01
1.864696e-02
1.746665e-04
1.001576e-01
8.489043e-02
4.244847e-02
1.038537e-03
1.198744e-02
3.051033e-02
1.440633e-03
7.022727e-03
1.019297e-02
5.863265e-04
9.397405e-02
6.534452e-03
2.239346e-02
1.972862e-02
5.754003e-02
9.658771e-03
2.935939e-02
2.449377e-01
2.644658e-02
3.289789e-02
2.166544e-01
4.258159e-02
2.241957e-02
1.886519e-02
2.414921e-02
1.866197e-07
4.099869e-04
3.081183e-02
4.506305e-04
4.913075e-02
1.483126e-02
6.987211e-03
5.540546e-02
7.231482e-03
2.393441e-02
2.059558e-02
2.165049e-02
4.052394e-03
7.710643e-02
3.577551e-04
2.043583e-02
1.164917e-02
4.550587e-03
2.011488e-01
3.986986e-03
1.488247e-02
1.334055e-02
1.912640e-02
9.178186e-02
1.841691e-02
2.406903e-02
1.369865e-02
4.058161e-02
8.472450e-02
1.325795e-02
1.234000e-01
5.765084e-03
2.174356e-02
5.849210e-04
1.472837e-02
1.811436e-02
1.563598e-02
4.339222e-01
1.454599e-02
4.381529e-02
2.680490e-02
3.236001e-03
5.854510e-02
6.139730e-02
3.843988e-02
4.346390e-02
2.256638e-02
1.089869e-03
2.493148e-01
2.000473e-01
2.931728e-03
4.230797e-02
8.087420e-02
7.992487e-04
1.287392e-02
3.921310e-02
1.876382e-02
3.168184e-01
6.846982e-02
4.191389e-02
1.933594e-02
4.368628e-02
2.260985e-04
2.938886e-02
1.046782e-02
8.090723e-03
1.520517e-02
9.861145e-03
7.783399e-03
1.582219e-02
6.606258e-04
2.158732e-04
1.726283e-02
5.773910e-03
5.848125e-02
1.307384e-01
9.647113e-04
2.249303e-02
7.182119e-02
3.688239e-04
5.916387e-02
2.351393e-02
2.022560e-02
2.416228e-04
2.362399e-02
2.804105e-03
1.074145e-02
1.346477e-04
2.700621e-02
5.106191e-02
1.964078e-01
1.162556e-02
3.583343e-02
5.531492e-07
8.928519e-03
3.931288e-03
2.152367e-02
3.861599e-02
2.449577e-03
3.868508e-03
4.691521e-04
1.156082e-01
6.583556e-05
5.370936e-04
1.680642e-01
2.074785e-02
2.112921e-02
4.121413e-02
9.438996e-03
2.423962e-01
9.953172e-02
6.664522e-04
6.642476e-04
1.479806e-01
1.996876e-02
9.027925e-02
1.966737e-01
1.446733e-01
2.884315e-03
6.137120e-03
2.616222e-02
7.556938e-02
3.990939e-03
1.344947e-02
4.525067e-02
4.620123e-02
1.872976e-02
1.321618e-03
1.230548e-02
4.003252e-03
1.081466e-04
7.740291e-02
8.650929e-04
6.303090e-02
4.524329e-02
4.070071e-03
8.275452e-02
3.126882e-03
7.940241e-04
2.679040e-04
1.120293e-01
3.189743e-02
4.214692e-02
3.466781e-02
3.897452e-03
1.428168e-03
2.576939e-02
5.827239e-03
9.779708e-02
2.598077e-01
2.741697e-02
6.046768e-02
1.071044e-01
1.203519e-02
4.562988e-02
1.577661e-01
2.461972e-02
2.642363e-04
5.138691e-02
1.420888e-02
1.077816e-01
6.878896e-02
4.192231e-02
4.204006e-02
1.077208e-02
4.223637e-02
1.098952e-01
1.443556e-02
2.739455e-02
6.981260e-03
1.162998e-05
2.173198e-01
2.034626e-01
1.032924e-03
5.929795e-03
6.391281e-05
6.354061e-03
3.181957e-03
4.986533e-02
1.339208e-03
3.725870e-03
1.650136e-01
4.512883e-03
1.863876e-02
4.305047e-02
1.012136e-02
5.995161e-03
1.520026e-01
9.706888e-03
1.003279e-01
8.623980e-02
1.057531e-03
2.997422e-02
2.015510e-01
1.421860e-01
3.377789e-01
5.566697e-03
8.103943e-02
5.936083e-04
1.333441e-02
7.325410e-03
2.672226e-02
2.602439e-04
1.565329e-02
4.312393e-01
1.137507e-01
5.381664e-02
6.638280e-04
5.223500e-03
1.113395e-02
2.340761e-03
1.147861e-02
1.038852e-02
5.995233e-02
1.298040e-01
2.576070e-02
6.874940e-05
1.618453e-01
4.157062e-03
7.302079e-01
1.918547e-02
4.648939e-06
7.012322e-02
5.030202e-03
2.847529e-02
9.676572e-02
7.219937e-02
1.226116e-02
2.290936e-02
4.186261e-02
7.324248e-05
9.654373e-02
2.623620e-02
8.618706e-02
1.760323e-02
1.357716e-03
2.790944e-02
9.605270e-02
2.003181e-02
1.446101e-01
3.765521e-03
4.213679e-02
1.944040e-01
1.237385e-02
1.217327e-01
6.358504e-02
4.444275e-04
1.884744e-03
8.030464e-02
2.546464e-02
1.442682e-04
8.182469e-02
8.926822e-03
9.634678e-02
2.342843e+00
7.423871e-02
9.167557e-03
4.922714e-01
2.408336e-01
5.563776e-03
6.617989e-02
8.617491e-03
1.019622e-02
6.833607e-02
1.475475e-01
6.971328e-02
4.485077e-05
8.373016e-02
1.168907e-01
1.829021e-01
8.254996e-03
2.657144e-02
3.638209e-02
6.041788e-02
7.145124e-02
2.158104e-01
5.763035e-04
9.340296e-05
2.512017e-02
3.334154e-04
2.763416e-02
7.950565e-02
3.094384e-02
1.333343e-01
9.503551e-02
2.050733e-03
8.462209e-03
3.280769e-04
8.822346e-02
2.856052e-02
2.224861e-02
6.639015e-02
1.442890e-01
4.446693e-02
3.143775e-02
2.614082e-02
5.309332e-02
3.646491e-02
1.004906e-01
5.708676e-02
5.219702e-02
6.610439e-02
6.203227e-03
2.721106e-01
1.656931e-02
1.213933e-01
1.324074e-03
1.534720e-02
2.215925e-04
1.097311e-02
3.769189e-02
1.514069e-01
5.480232e-03
1.022529e-01
4.962926e-01
2.343993e-04
3.012191e-03
8.585473e-04
2.982926e-02
1.850580e-02
7.346859e-02
1.672959e-03
4.064961e-02
1.788537e-01
2.213166e-01
3.044254e-02
1.091120e-02
1.518652e-02
8.472290e-02
1.295684e-02
1.397822e-01
4.138233e-01
1.686139e-03
1.468524e-02
1.258619e-03
9.918181e-05
1.070288e-01
4.619671e-03
2.301611e-09
7.378741e-02
1.437214e-01
