2.746696e-04
3.706094e-02
2.032631e-02
2.027646e-02
1.012683e-01
6.774727e-03
5.286617e-02
2.509679e-02
1.191482e-01
2.841643e-02
5.662496e-03
4.338111e-02
1.227064e-01
1.494310e-01
7.386442e-07
6.727182e-05
4.626834e-02
2.375583e-03
1.875395e-02
3.714466e-02
6.682076e-02
1.750826e-02
1.733738e-01
1.644839e-05
7.009362e-03
5.358952e-03
5.599491e-02
8.155224e-02
8.064541e-02
2.574992e-01
6.885737e-01
9.575985e-06
3.358264e-03
5.491004e-02
3.660150e-03
1.857491e-01
7.305177e-03
3.947217e-02
2.045007e-02
5.779467e-02
2.065045e-02
2.332828e-01
1.202970e-01
2.429447e-02
5.796692e-03
1.085743e-03
1.822143e-02
1.490382e-03
1.066978e-01
8.810885e-02
4.104897e-03
8.998712e-02
4.017472e-02
6.631602e-02
9.850681e-03
3.004032e-01
6.245071e-04
7.566474e-02
7.850617e-02
9.389734e-02
2.863107e-02
2.302401e-02
3.112581e-03
4.394539e-02
3.593284e-02
2.293692e-02
2.435690e-03
8.349256e-02
1.583934e-02
6.188432e-02
9.512171e-03
1.404281e-01
5.088742e-02
1.793191e-02
4.908263e-03
1.166708e-04
2.428300e-02
1.350528e-01
1.378326e-01
1.246609e-02
1.929688e-01
1.555220e-04
4.245515e-02
5.282047e-02
1.425734e-01
7.820005e-02
1.754345e-02
6.928879e-03
1.610233e-01
8.069432e-03
8.174175e-03
1.261500e-01
5.571271e-03
9.675682e-02
1.392502e-02
2.068222e-01
8.356076e-02
1.563610e-03
1.797281e-01
3.437720e-02
5.103246e-03
2.178305e-03
1.833283e-02
4.228029e-02
4.544093e-02
3.965703e-02
2.627003e-01
5.714557e-02
4.234285e-02
4.262737e-02
2.222116e-03
1.680890e-02
4.317259e-02
1.983876e-02
2.195553e-01
7.322236e-02
2.174329e-03
3.798521e-02
1.368218e-01
3.047778e-02
1.838827e-01
4.410465e-02
4.705050e-03
1.675535e-01
2.592668e-02
1.635188e-02
9.317500e-04
2.818513e-03
6.249326e-02
1.447758e-03
1.310564e-05
4.501232e-03
7.698518e-02
2.181818e-02
3.497396e-02
1.111175e-01
5.278321e-02
7.003109e-02
2.691913e-02
4.320278e-02
1.961208e-03
2.809598e-03
8.072022e-03
1.450616e-01
5.102195e-02
7.393349e-02
8.378610e-03
4.909368e-02
6.417525e-02
2.052930e-02
2.220126e-03
3.049439e-05
1.769982e-01
1.659493e-01
2.420778e-02
2.346566e-02
8.242696e-03
5.401568e-02
5.083244e-02
2.853547e-01
3.859215e-02
7.586990e-04
9.948222e-03
3.107139e-02
8.070952e-03
2.821119e-02
1.562525e-01
1.601216e-01
1.532931e-03
2.118485e-02
6.686283e-02
1.841279e-02
2.054314e-04
4.328601e-03
3.156028e-02
6.098426e-03
1.102742e-03
9.457849e-02
3.079141e-04
7.863873e-03
2.233397e-01
1.954470e-05
1.250693e-04
7.737853e-03
2.316688e-02
2.291427e-01
3.059917e-03
1.356788e-03
5.614603e-03
1.985404e-03
3.354432e-02
4.090634e-05
4.127456e-02
4.406204e-02
9.037260e-04
1.616553e-01
2.841565e-02
2.233010e-02
6.740696e-04
2.230227e-04
8.224418e-02
4.167768e-02
2.252118e-01
1.187058e-02
1.071358e-02
2.330518e-03
7.088308e-02
2.142502e-04
1.931442e-03
1.222479e-02
3.418554e-02
2.836175e-01
6.543483e-02
1.396248e-02
2.278538e-02
8.862531e-02
7.789014e-03
4.974866e-05
3.046290e-01
3.294198e-02
1.825716e-02
4.490142e-03
2.282094e-02
2.614151e-02
1.338201e-01
2.768506e-03
2.410024e-01
2.721984e-03
3.179280e-03
6.765112e-03
2.500792e-03
7.742497e-02
1.036097e-02
2.143138e-04
5.221754e-04
1.604160e-01
2.948086e-02
1.992733e-02
2.445582e-04
4.957365e-03
1.344010e-03
1.182133e-02
5.014481e-02
2.587734e-01
2.613166e-03
1.890366e-01
8.937055e-04
3.556240e-02
6.401992e-02
6.360089e-02
1.029844e-02
4.999073e-03
1.187163e-01
2.174285e-02
4.385139e-02
2.321955e-02
1.150853e-01
5.444943e-02
1.170454e-03
6.575389e-02
1.652864e-01
8.121389e-03
5.312609e-05
6.880798e-02
2.102394e-02
1.081406e-03
2.316945e-02
2.294370e-02
7.335738e-02
6.158577e-02
1.129384e-01
1.724143e-02
1.537323e-02
4.496888e-03
6.115739e-04
1.338024e-03
1.294396e-01
5.760377e-02
7.500640e-02
3.877695e-03
7.147124e-02
2.910268e-02
1.439261e-01
6.643766e-02
3.149276e-03
1.491535e-02
1.171701e-03
2.468364e-02
3.250603e-02
1.462748e-01
1.303171e-02
1.477023e-01
3.343130e-03
2.970549e-04
3.830957e-03
5.113086e-02
5.243630e-02
2.853815e-02
4.702495e-02
1.693399e-02
3.597878e-02
3.377079e-02
3.795975e-03
8.847178e-03
4.572647e-03
4.023443e-02
1.916061e-05
2.420579e-03
1.517230e-01
5.908122e-02
2.161360e-02
1.694977e-02
4.824180e-02
2.974924e-03
1.864756e-03
6.811201e-03
1.840582e-02
1.094326e-01
4.969901e-04
5.838273e-03
3.027447e-03
5.965335e-04
8.246833e-05
1.004184e-01
1.022076e-02
4.811302e-02
1.549257e-02
2.308727e-02
1.429747e-02
1.256417e-01
2.301200e-02
9.595792e-02
4.033152e-03
2.668274e-02
2.391164e-02
7.422001e-05
1.169886e-02
9.637281e-03
2.046589e-01
9.929488e-02
2.343274e-02
5.951925e-01
7.863867e-02
3.538100e-03
2.348922e-02
1.496633e-02
1.917177e-04
6.265305e-02
6.114045e-03
1.066283e-01
5.042174e-03
8.260960e-03
2.316206e-02
5.923862e-02
3.077882e-02
9.661521e-02
3.238483e-02
2.859051e-02
3.112571e-02
3.897329e-02
1.004406e-03
8.176700e-02
3.388956e-02
1.918194e-03
2.322607e-02
1.841978e-03
4.993684e-02
5.324542e-02
3.116571e-02
7.492976e-03
2.979002e-02
3.131882e-05
1.856608e-02
4.273913e-04
5.414401e-01
1.687771e-01
2.744364e-02
1.153330e-02
1.870355e-02
8.042539e-03
5.052712e-02
1.522174e-02
6.411961e-02
8.024054e-02
4.550737e-03
2.833068e-02
8.867884e-02
2.853166e-02
4.218638e-02
1.941334e-05
3.822904e-03
2.274206e-03
3.777533e-02
3.957025e-04
2.030866e-01
2.435132e-04
1.867385e-02
7.488334e-03
1.332090e-02
3.185151e-03
1.350783e-01
1.797586e-02
8.720187e-03
2.840019e-02
7.653403e-04
3.860454e-03
4.225417e-03
6.124730e-02
1.933572e-02
2.794952e-04
1.247576e-01
1.071071e-02
4.345101e-01
4.295670e-03
2.523860e-01
1.202355e-03
2.163151e-02
6.857746e-02
1.275537e-02
1.143474e-03
1.787195e-01
2.476452e-03
5.161914e-04
2.430091e-03
2.671558e-03
3.435241e-03
1.326120e-01
5.478091e-02
7.788573e-02
6.818914e-03
2.140119e-01
3.643004e-05
1.467873e-02
1.253901e-02
2.617577e-03
4.920279e-02
8.402026e-04
1.169452e-04
1.059673e-03
4.363149e-03
1.028305e-02
1.376072e-03
1.507516e-02
9.298159e-02
1.414785e-01
4.157326e-05
4.713099e-02
3.303499e-03
4.180511e-01
4.808897e-03
3.889921e-02
5.271759e-03
5.069726e-03
5.727484e-02
4.814741e-01
2.407654e-02
1.253504e-02
3.174371e-02
3.543578e-02
1.672523e-02
3.765973e-02
5.038097e-02
1.675724e-01
5.677851e-02
1.994695e-02
5.576624e-02
3.930371e-06
1.288635e-02
7.732000e-02
9.922598e-04
9.930514e-02
1.200289e-01
1.978673e-03
1.022130e-01
1.668557e-04
1.116602e-02
1.301050e-02
3.877622e-01
7.877155e-03
5.510285e-02
1.584276e-04
2.726936e-04
1.550814e-01
1.770131e-02
8.348634e-03
8.536181e-02
5.510344e-02
3.365340e-02
5.810760e-03
1.222702e-04
1.779526e-02
1.139488e-03
1.581711e-03
1.768206e-01
4.648092e-02
1.268542e-01
3.930209e-03
6.484855e-04
2.899451e-01
1.419362e-01
3.817937e-05
1.226856e-02
2.352605e-01
2.730205e-02
2.740118e-01
1.009666e-01
2.475338e-02
8.566858e-01
6.200660e-03
5.699079e-02
2.002916e-01
3.432487e-03
5.350001e-02
1.052118e-01
8.934868e-02
9.386847e-02
1.996208e-02
1.602361e-02
4.296769e-03
2.309400e-02
5.838175e-03
1.060364e-01
8.130672e-04
3.279262e-04
2.381413e-01
3.058163e-02
2.653684e-01
6.298923e-02
1.224897e-02
1.629565e-02
8.955238e-05
4.672741e-03
1.130570e-04
1.447935e-02
6.360203e-02
8.862114e-03
1.597007e-03
1.970868e-03
1.052520e-02
7.591969e-02
6.077889e-01
8.692026e-02
4.837620e-02
2.849754e-01
3.421608e-03
4.293410e-03
3.917004e-03
1.993448e-04
3.424293e-02
7.905107e-04
7.329911e-04
1.060710e-01
1.166731e-01
1.619574e-02
9.532710e-03
4.343084e-04
2.448238e-02
5.636897e-03
2.149216e-01
4.371795e-04
1.614465e-03
1.196091e-03
2.407442e-02
4.591191e-04
4.768856e-03
9.744994e-04
1.276463e-01
1.128577e-01
3.715657e-02
1.853300e-03
4.753668e-02
2.146321e-02
8.263412e-02
8.369061e-03
2.818216e-02
2.052959e-02
4.319251e-03
4.798328e-03
8.414854e-02
9.245990e-02
1.207451e-02
2.115608e-01
9.265199e-02
4.907763e-02
5.632539e-02
8.770643e-05
1.278408e-01
4.750946e-03
2.334440e-02
3.799037e-02
9.452649e-02
2.902686e-02
8.831974e-02
8.025097e-03
