4.411758e-02
6.681473e-02
3.341926e-01
1.243535e-02
1.133740e-03
3.834618e-04
1.448128e-03
2.018965e-02
4.174578e-02
1.423219e-01
2.961942e-02
1.384036e-02
2.252381e-03
3.148277e-02
4.334393e-04
2.815904e-02
1.552937e-02
1.105104e-03
1.755255e-01
8.528171e-03
8.958450e-02
4.297089e-02
7.301975e-02
2.705724e-02
6.525073e-02
6.205469e-03
3.664591e-02
8.448262e-02
2.227351e-01
1.371912e-02
1.072347e-01
1.695982e-03
1.660418e-01
3.584128e-03
2.069707e-02
2.937150e-02
1.471949e-03
1.610949e-02
3.864053e-05
5.228262e-03
9.744411e-03
1.939573e-02
3.410322e-04
6.751828e-03
9.077430e-02
1.207116e-01
4.793219e-02
9.239893e-02
2.607451e-02
1.346118e-03
6.093570e-02
6.794253e-03
1.430176e-02
1.764480e-01
1.022951e-02
1.842960e-01
9.407661e-03
6.679438e-03
8.459348e-03
1.091926e-03
5.151775e-02
6.790376e-02
9.531556e-03
7.839655e-03
4.692061e-03
5.765790e-03
5.306125e-03
9.627355e-02
1.015165e-02
3.807601e-03
3.143558e-03
4.090800e-03
1.391138e-01
1.019488e-02
6.879997e-02
8.451080e-03
1.237839e-03
1.726264e-01
3.029770e-02
5.608779e-02
5.725847e-01
1.553561e-03
6.830381e-04
3.081399e-02
1.347762e-03
3.254230e-03
8.918933e-02
2.310137e-01
3.155644e-02
1.656007e-03
3.011917e-02
3.986267e-02
9.011379e-04
9.799881e-04
1.429234e-02
1.361415e-03
5.105113e-03
3.036581e-02
9.904074e-03
1.317201e-02
4.813575e-03
1.561149e-01
3.537525e-03
6.775920e-02
1.998297e-01
7.158524e-03
2.450618e-02
6.105545e-03
4.483832e-02
1.269938e-01
3.137144e-01
2.838170e-04
5.449294e-04
5.438676e-02
4.535115e-03
2.153538e-02
2.888214e-01
2.531365e-02
5.014466e-02
2.491490e-02
2.897043e-02
5.103341e-02
1.816226e-03
4.027756e-02
6.855443e-03
5.696535e-02
2.158472e-04
2.943364e-03
5.166592e-02
8.098987e-02
3.235016e-02
7.135390e-02
2.078678e-03
1.441065e-01
5.432749e-04
5.756138e-03
1.161646e-01
3.142536e-03
2.710131e-02
2.443617e-02
1.499616e-02
4.564709e-03
1.112511e-02
7.041318e-02
2.540223e-03
4.480231e-02
1.579953e-01
1.166494e-02
1.057953e-01
3.951042e-02
1.147264e-04
3.107824e-01
2.774586e-02
7.203547e-02
1.006866e-04
1.803908e-02
2.206495e-02
3.347860e-03
2.468549e-03
6.396252e-03
6.343132e-02
2.576201e-02
1.073004e-02
5.609776e-02
5.381922e-02
7.930290e-01
2.582282e-02
4.615356e-02
6.765457e-02
1.469957e-02
1.655317e-02
2.434830e-01
1.123566e-02
8.042975e-03
8.059089e-02
6.498738e-02
1.039184e-02
4.119965e-02
7.805718e-04
4.832387e-02
1.614079e-02
4.356323e-02
3.666030e-03
1.160774e-02
2.289105e-01
1.047129e-02
1.240708e-02
2.122145e-02
7.186514e-02
6.378143e-02
1.666156e-01
1.484219e-02
2.342173e-01
8.023398e-02
1.040066e-02
1.685645e-01
1.246012e-01
1.406287e-01
3.906774e-02
1.293489e-01
1.465460e-03
7.390266e-02
6.018038e-02
1.059319e-02
1.039010e-01
2.194531e-03
5.939808e-02
5.304260e-01
7.253965e-02
7.843483e-04
7.366219e-03
1.606049e-02
1.295381e-01
5.547442e-03
9.847808e-02
3.513872e-02
4.699477e-02
3.565704e-02
1.417058e-02
1.270981e-02
9.140862e-02
3.489751e-02
1.975255e-01
6.099638e-03
2.740325e-03
7.567324e-03
2.097407e-01
5.633061e-02
1.319327e-02
4.288564e-02
3.021067e-03
9.329097e-02
2.311747e-03
2.664570e-02
3.387192e-02
2.012770e-02
8.620618e-03
2.445690e-02
5.992668e-02
2.341654e-02
4.489956e-02
1.005948e-01
3.480141e-01
5.192168e-02
3.698555e-02
1.610909e-02
1.748935e-02
8.934103e-03
1.340706e-01
2.050117e-02
9.732458e-03
1.880711e-01
2.057136e-02
1.159143e-01
1.306336e-01
3.885026e-05
5.028450e-03
6.746339e-04
1.237025e-01
5.013394e-02
2.657202e-01
5.279782e-03
8.728333e-03
1.533531e-01
2.199110e-01
8.883300e-02
2.230121e-01
1.418991e-01
4.398718e-04
1.465979e-02
6.424429e-02
9.378810e-03
3.199036e-01
9.877970e-02
3.839645e-02
4.090407e-02
2.132826e-04
4.123221e-02
5.509476e-03
2.058356e-01
2.961880e-02
7.342563e-02
1.497642e-01
8.321522e-03
1.896279e-01
1.425353e-03
7.783433e-03
5.174395e-02
5.966756e-02
6.107182e-03
7.627566e-03
4.557391e-04
2.965756e-02
7.701106e-02
2.076082e-02
6.978046e-03
7.442808e-03
1.434622e-03
2.488799e-04
1.105222e-01
2.991510e-02
3.449656e-02
1.001435e-02
1.557090e-02
2.167562e-03
7.253448e-02
1.041285e-03
1.599597e-01
2.271736e-03
1.227419e-01
4.110704e-03
7.074157e-03
2.829104e-02
2.675651e-02
2.266246e-03
3.752601e-03
1.372446e-02
9.770465e-03
1.159325e-03
4.066771e-02
1.155427e-02
3.368855e-02
1.161319e-01
8.402419e-02
1.251369e-01
6.569670e-02
1.025067e-01
1.919310e-02
4.651140e-02
2.620343e-01
6.946276e-04
1.079499e-01
2.924726e-03
2.179449e-02
1.099737e-01
6.869305e-02
5.986371e-02
1.235342e-01
2.936536e-01
1.949338e-02
3.842838e-02
3.605910e-02
3.957367e-02
5.715439e-02
6.999287e-03
5.348108e-02
4.680174e-03
2.457650e-03
9.785073e-03
3.228199e-01
2.688044e-02
3.208844e-01
2.091124e-04
2.482654e-02
7.954058e-02
7.904192e-02
9.789439e-02
1.818711e-06
2.012641e-02
2.814606e-02
1.149250e-01
5.529666e-03
5.336457e-03
2.369857e-02
2.273358e-01
4.035322e-03
1.146647e-03
1.592602e-01
3.555575e-03
8.453223e-02
9.910117e-03
1.711921e-02
4.999672e-03
3.564933e-02
3.444486e-02
8.710246e-02
4.348244e-02
3.048874e-02
3.885807e-02
4.307350e-02
1.006189e-02
5.396859e-02
3.012675e-02
3.533088e-02
2.179641e-01
1.264375e-02
1.137706e-02
5.893279e-03
4.271249e-02
1.696258e-01
3.177300e-02
1.076233e-02
7.386443e-03
2.760876e-04
2.169577e-04
1.377757e-01
2.163348e-03
7.276638e-02
3.346227e-02
1.657309e-01
7.024727e-02
1.994108e-02
1.336069e-02
1.353909e-01
1.213816e-03
1.753472e-02
6.067786e-04
2.250663e-02
1.727042e-02
4.471522e-02
6.597954e-02
1.184597e-02
3.666102e-02
1.709280e-02
8.090531e-04
2.587337e-02
7.140669e-02
1.673839e-01
8.613791e-03
1.054196e-02
1.077074e-04
1.894241e-02
1.033270e-02
1.791438e-03
2.750899e-03
1.843039e-03
2.560945e-02
8.231534e-02
9.338550e-03
1.397576e-02
3.733151e-02
2.550313e-02
5.572386e-03
1.212266e-01
2.559899e-02
8.993619e-04
1.609116e-02
2.526267e-02
9.208034e-02
7.295267e-02
4.530327e-02
1.651112e-02
1.415775e-02
2.165010e-01
2.223323e-07
3.972587e-02
2.201970e-02
7.405363e-02
2.449144e-03
2.452991e-04
4.831285e-03
8.008613e-02
7.709447e-02
3.678867e-02
1.070630e-01
6.464763e-04
4.336422e-02
2.727489e-02
3.290750e-03
1.096891e-02
7.070383e-03
6.876014e-05
1.485690e-01
9.049471e-04
2.846999e-05
1.080289e-03
5.514270e-02
1.528835e-03
7.906077e-02
4.791834e-03
1.181477e-03
7.395709e-02
2.466471e-03
6.426994e-02
1.712427e-03
1.263911e-02
2.043091e-01
1.147349e-03
5.943980e-03
7.769695e-02
2.541907e-02
3.349490e-02
1.014401e-01
2.210568e-02
9.531989e-04
5.736873e-04
3.970891e-02
7.234645e-02
4.849039e-02
1.076432e-02
7.749878e-02
8.254091e-02
2.496148e-04
9.570894e-04
1.129586e-02
5.998801e-02
1.688758e-01
9.859286e-03
7.280817e-03
1.362018e-03
5.882026e-03
1.478702e-01
2.435556e-02
1.632431e-03
2.295658e-01
2.286594e-02
2.446198e-01
2.401268e-01
2.694560e-02
4.161344e-06
4.725338e-01
9.793012e-04
2.380507e-02
1.398228e-01
3.706023e-02
5.764022e-03
7.235297e-02
1.169130e-02
3.801509e-07
8.187961e-02
4.056764e-01
5.829126e-02
1.489302e-02
3.324572e-02
5.268722e-03
2.203135e-01
1.209106e-02
6.447241e-02
2.527412e-02
4.199516e-02
3.711291e-02
2.399227e-02
7.678699e-03
3.017203e-01
5.383163e-02
1.274864e-01
1.269380e-01
4.866971e-02
8.168977e-03
4.501111e-03
1.131415e-04
2.061347e-02
4.309524e-03
3.418952e-01
1.070548e-01
1.864247e-02
2.923495e-03
1.427586e-03
5.356865e-02
6.876198e-02
4.982629e-02
1.077178e-04
2.388832e-03
7.090773e-02
9.859407e-03
3.085327e-03
5.447187e-02
1.915001e-02
1.582055e-02
3.334126e-02
3.584175e-04
1.024614e-01
2.408135e-02
2.402062e-03
8.524554e-03
6.251420e-06
6.438244e-03
3.481692e-02
5.450385e-02
1.621497e-02
5.034058e-03
1.017508e-02
3.428835e-02
3.675842e-02
7.927392e-02
1.942160e-02
4.760247e-04
6.373581e-03
8.071928e-02
5.214734e-02
3.235654e-03
9.031141e-02
3.301196e-02
4.157099e-03
2.105867e-02
1.056133e-10
1.620145e-02
7.113645e-02
5.185491e-04
1.935904e-02
4.881872e-02
2.363170e-02
9.621883e-03
2.633582e-02
