1.252951e-02
1.794643e-01
7.444537e-02
6.565087e-04
8.986315e-03
1.180942e-01
3.484691e-01
6.461651e-02
1.721328e-01
1.890206e-03
2.522265e-02
3.166341e-02
3.317611e-02
9.103210e-03
2.638206e-02
1.147933e-02
8.901853e-02
3.596964e-04
3.156458e-04
5.812819e-03
2.532706e-02
1.106287e-03
1.135351e-01
4.157389e-02
1.901606e-02
2.467979e-02
1.594895e-01
7.255374e-02
8.642379e-02
1.284725e-01
8.988096e-02
2.400249e-03
3.554651e-02
2.686956e-03
7.122282e-06
4.724382e-03
2.323597e-02
8.573228e-03
4.792984e-04
2.703338e-02
1.268659e-02
7.879952e-02
1.460048e-02
2.005564e-01
1.485677e-03
3.577339e-02
1.106511e-01
5.000227e-03
6.248047e-02
4.917409e-02
5.566572e-02
7.595332e-03
8.214858e-03
4.466386e-02
3.841845e-02
3.032399e-03
4.986428e-01
5.445639e-02
3.678558e-02
1.751965e-02
2.203617e-02
4.868270e-02
2.918956e-02
1.164907e-01
7.997385e-02
1.595808e-01
1.076203e-01
1.258770e-01
4.013281e-02
4.536312e-03
7.956290e-02
5.155391e-04
5.647721e-03
2.605527e-01
1.137727e-01
2.531464e-02
4.405762e-02
8.421298e-02
3.331494e-04
1.568892e-06
7.499828e-03
4.712352e-03
2.057439e-01
1.996494e-02
1.140438e-03
1.377102e-02
1.711895e-02
3.638413e-02
1.899978e-03
1.624578e-02
1.027979e-02
1.511719e-02
4.469618e-02
2.717579e-02
4.440968e-03
1.377177e-02
8.817977e-03
1.796166e-03
2.545738e-02
1.620384e-02
4.055738e-02
7.387342e-02
1.040020e-03
2.260784e-02
1.610014e-02
6.153896e-03
4.147332e-04
1.653714e-03
3.537489e-02
4.540114e-02
1.053293e-02
3.346072e-01
2.052881e-01
5.584042e-01
9.134259e-03
1.277806e-02
1.433362e-02
2.980942e-02
6.181027e-02
9.918528e-02
2.153751e-02
4.754332e-02
1.426823e-02
3.291289e-02
3.220343e-02
1.965552e-04
6.930762e-03
8.472379e-02
4.198972e-04
6.772842e-04
3.059814e-02
3.955965e-02
1.429941e-03
4.812318e-02
9.335214e-03
1.206063e-01
9.884365e-02
2.543383e-02
1.409202e-05
1.356932e-01
1.570304e-03
5.380652e-02
4.156922e-04
5.048415e-03
7.092062e-02
3.974212e-03
2.545577e-01
1.429639e-04
2.922334e-02
5.867774e-04
1.357026e-01
3.138733e-02
1.667631e-01
2.565382e-02
1.472969e-02
1.717364e-02
6.600267e-02
2.582467e-02
3.896772e-02
1.932260e+00
1.645158e-03
3.502484e-02
1.683216e-03
1.027449e-03
8.106388e-03
8.603219e-04
1.229196e-02
3.710503e-04
2.067505e-02
1.497614e-01
1.285921e-01
3.860575e-02
2.363626e-02
1.249708e-02
1.124227e-03
1.080419e-01
2.668765e-02
1.144230e-03
4.744383e-02
5.025993e-03
5.352760e-03
1.446996e-01
3.423464e-04
4.509925e-04
9.696852e-02
1.447752e-05
9.632505e-02
3.169806e-04
1.462765e-01
9.999044e-03
1.092410e-01
4.776101e-02
3.848949e-02
1.149013e-03
1.726471e-01
2.629273e-01
2.876103e-02
3.379990e-02
1.382904e-03
1.941172e-03
8.184450e-04
1.722611e-01
1.444112e-03
5.492053e-04
1.331907e-01
3.045621e-01
2.545778e-03
1.775925e-04
1.902198e-02
7.694510e-02
6.737194e-02
6.109957e-02
2.729204e-02
1.459777e-01
5.049576e-01
1.064433e-02
9.383816e-02
1.896240e-02
4.616656e-02
1.799161e-01
6.893997e-02
6.652899e-06
1.478919e-02
1.699377e-02
1.855061e-03
8.772673e-03
8.700197e-02
1.395740e-06
6.924831e-02
3.729090e-02
1.695519e-02
1.148860e-02
1.821532e-02
3.763922e-04
1.267116e-01
3.612947e-01
2.826863e-02
1.507185e-04
4.874523e-02
2.253329e-02
5.050780e-02
1.145729e-01
7.755483e-03
2.750192e-02
4.313292e-03
1.332856e-01
1.961644e-02
4.832641e-02
1.672733e-02
4.975128e-04
1.161285e-02
6.203905e-03
9.698490e-02
4.060757e-03
1.060432e-01
7.994893e-05
2.211371e-02
2.127880e-02
1.082421e-02
5.987355e-03
5.885609e-04
5.408165e-02
4.044351e-02
3.539141e-02
1.246384e-03
7.917843e-02
1.993864e-02
7.612155e-02
1.070965e-01
1.940032e-02
1.491213e-02
1.177852e-01
5.036294e-03
6.485780e-03
5.035082e-02
2.600125e-01
1.031269e-02
1.263309e-01
8.100451e-02
4.752034e-02
4.287024e-04
3.520103e-03
1.864809e-02
2.571401e-01
1.269845e-02
1.873780e-02
5.259354e-03
1.374597e-02
2.626098e-01
2.750280e-02
3.026625e-04
1.197922e-01
1.479407e-01
4.006473e-03
2.144931e-02
2.555642e-02
2.478884e-03
6.323906e-02
8.890733e-02
1.170596e-02
1.332659e-01
2.849773e-03
6.196169e-03
2.775837e-03
1.014044e-01
8.117329e-02
3.113621e-02
9.833514e-03
2.569737e-02
6.761383e-03
2.784417e-01
6.618877e-02
1.308469e-01
2.384266e-01
7.810462e-03
6.608585e-04
1.216983e-03
2.222896e-02
2.675570e-02
2.742338e-01
2.130936e-02
1.087386e-01
4.697992e-02
2.679332e-05
6.604240e-02
6.015366e-02
9.489975e-02
1.942865e-02
6.287888e-02
2.729478e-01
1.500194e-02
7.524431e-03
1.226119e-02
7.701836e-02
7.258070e-02
2.197340e-01
2.165229e-02
1.921862e-03
4.937434e-02
4.697843e-03
6.454385e-02
3.372835e-02
1.728014e-03
4.708718e-03
4.489478e-03
7.569509e-02
9.173345e-02
1.954437e-01
6.677361e-02
3.229777e-03
1.192662e-02
4.776890e-03
2.954922e-02
1.642463e-04
1.189087e-02
1.319678e-02
3.049623e-02
1.940690e-02
3.082709e-03
5.785465e-03
2.474764e-02
1.225063e-01
1.415716e-03
2.384961e-02
6.524602e-04
3.869452e-03
1.895187e-01
7.691031e-03
6.175923e-02
1.653607e-02
8.986346e-02
3.700333e-02
2.134137e-03
1.422565e-02
2.324893e-02
1.074904e-03
6.767156e-03
4.841153e-02
3.602405e-02
3.487706e-03
9.103573e-02
5.152194e-02
2.362273e-03
6.792449e-02
1.206811e-03
3.285957e-02
1.448138e-02
8.226147e-02
4.689789e-03
6.269902e-02
1.079248e-01
5.959032e-04
4.093584e-02
1.241570e-01
3.274701e-02
1.188881e-01
1.281515e-03
1.602320e-02
5.411401e-02
4.710377e-02
1.229805e-01
7.623516e-02
1.442389e-01
6.635824e-03
5.567436e-02
7.058311e-02
1.862409e-01
2.069987e-01
4.079180e-02
3.515595e-05
4.928570e-03
5.652202e-02
1.005595e-01
5.528988e-04
7.885552e-04
5.809027e-03
1.894318e-02
1.009319e-01
2.091326e-03
6.704553e-03
2.080263e-03
8.622200e-02
4.408322e-02
7.154444e-03
2.139118e-02
3.052896e-02
1.867242e-02
1.725481e-01
4.011376e-02
4.694491e-03
5.839879e-03
1.375479e-02
3.479629e-02
1.651944e-01
2.943877e-01
2.734825e-05
3.486212e-01
4.637661e-02
2.173573e-02
4.019916e-02
8.463312e-02
2.989770e-02
8.635865e-05
3.668833e-02
2.382687e-02
7.838292e-04
1.140787e-02
1.405600e-01
1.794505e-02
3.041318e-02
4.880268e-05
3.656925e-03
2.805823e-03
3.530364e-02
7.528295e-02
6.202868e-02
1.584328e-04
1.665954e-02
2.211384e-01
3.319750e-02
1.694704e-04
3.967614e-02
2.631247e-02
1.607229e-01
5.616558e-03
7.163704e-02
6.290512e-03
2.039436e-02
3.927838e-02
5.606023e-02
3.316526e-03
7.584095e-01
1.387545e-01
5.103965e-02
5.978237e-02
4.725709e-02
1.454971e-03
8.114314e-03
1.834811e-01
1.538784e-02
4.489334e-03
1.729135e-02
7.201137e-02
1.292016e-03
9.938837e-03
1.801021e-03
1.521317e-01
2.187292e-01
4.352193e-02
4.422245e-02
3.563177e-02
1.079619e-03
4.080865e-02
1.028347e-01
1.636449e-01
2.140057e-01
1.122885e-01
2.672483e-04
3.123456e-02
6.405253e-02
2.754891e-02
7.960787e-03
2.042173e-02
4.818280e-03
5.395396e-02
1.499311e-01
3.053864e-04
1.905767e-01
5.229197e-02
5.917451e-03
6.352554e-02
3.550338e-02
2.629560e-02
3.698500e-04
4.546703e-02
3.155020e-02
1.044120e-01
5.326556e-02
4.038703e-02
2.491591e-02
9.772089e-04
1.225808e-02
4.355728e-03
1.227740e-01
5.295072e-03
3.996371e-02
7.679985e-03
1.723734e-03
4.683763e-04
3.699311e-05
1.886309e-02
9.332507e-02
1.447370e-01
9.118714e-03
6.498846e-03
9.655713e-02
1.699815e-03
1.617094e-02
6.698172e-03
7.963322e-03
3.395726e-01
1.007933e-01
9.236113e-04
1.279900e-02
2.351610e-04
3.317163e-06
1.847566e-02
3.139245e-02
4.058327e-02
3.689453e-04
3.846868e-02
3.616893e-03
5.343630e-02
6.895122e-03
7.156351e-02
3.962005e-01
1.184771e-02
6.250434e-05
7.087133e-02
3.542017e-03
1.824276e-02
2.423114e-02
2.349734e-02
8.856661e-03
6.950276e-02
1.026809e-01
7.070770e-02
8.590035e-04
1.149979e-02
1.337693e-03
3.442311e-04
2.069138e-02
1.267154e-07
5.712843e-03
6.094267e-02
5.163013e-01
2.534768e-04
3.228741e-02
6.584271e-03
1.779707e-01
3.751805e-02
6.153875e-02
1.419738e-02
5.523792e-03
3.203761e-02
2.151480e-01
1.000716e-03
1.040156e-04
1.163311e-01
1.439666e-02
1.145006e-02
8.036556e-02
1.551523e-02
1.544675e-02
