1.793019e-03
1.468956e-02
2.664293e-02
3.954751e-03
2.810680e-01
8.577861e-02
3.497129e-03
9.846987e-03
1.364362e-01
1.330187e-02
4.155212e-02
5.096839e-02
1.137126e-04
1.034417e-01
3.992522e-02
1.151426e-02
7.343274e-02
5.490074e-02
1.954704e-02
1.804585e-02
1.090004e-01
1.321744e-02
5.393133e-02
4.383889e-03
4.737797e-02
2.459663e-03
1.050661e-01
2.185518e-02
6.826927e-02
1.418697e-01
2.547611e-02
2.713353e-02
6.773924e-03
2.918444e-03
5.799864e-03
6.764911e-04
9.664338e-02
1.495713e-02
2.719947e-02
8.331407e-02
6.254822e-02
1.190504e-03
1.162014e-02
3.423671e-03
2.469160e-07
3.817305e-03
8.767467e-03
7.753229e-03
5.443871e-02
3.928338e-03
5.773546e-02
3.281786e-02
1.098664e-03
4.858310e-02
4.779892e-03
2.375624e-01
1.945384e-02
6.756403e-04
5.913163e-04
9.593310e-03
5.964000e-04
6.419788e-02
7.501540e-04
9.688573e-04
4.603751e-02
2.670702e-02
4.168695e-03
1.102330e-03
1.953335e-02
4.518805e-02
4.971473e-02
8.771440e-02
5.848185e-03
1.352443e-01
3.452794e-01
1.515486e-03
3.166360e-02
1.099525e-01
3.517027e-02
2.006500e-03
3.628371e-02
3.530337e-02
1.475208e-04
1.667546e-02
3.503777e-02
3.171114e-02
6.828433e-02
1.210054e-03
1.148978e-02
3.832631e-02
2.377704e-02
4.424483e-02
7.376800e-02
8.046503e-02
2.806522e-04
1.198869e-01
1.508431e-04
1.807521e-03
7.379147e-03
5.775029e-03
3.010313e-02
1.300213e-04
5.557185e-01
5.850460e-02
4.270954e-02
1.835375e-03
1.489195e-01
1.449029e-02
9.379370e-03
7.985931e-02
1.038831e-01
3.957175e-02
1.605694e-02
6.274782e-02
2.496750e-02
1.408507e-01
9.743931e-05
1.503014e-01
3.528867e-03
3.935381e-04
2.208066e-02
8.099266e-02
1.898136e-02
4.905938e-02
2.456320e-02
4.568707e-03
3.085256e-02
1.567237e-02
2.221077e-03
1.091639e-03
9.353140e-02
8.751045e-03
4.123089e-02
5.326043e-02
4.052910e-02
1.312325e-03
1.674569e-02
2.683268e-02
4.267488e-02
1.428906e-02
9.034313e-02
9.584852e-03
3.071719e-03
2.732429e-02
9.108201e-03
1.567861e-03
2.684825e-03
1.958961e-04
9.065338e-06
8.572816e-02
1.128735e-02
1.930961e-08
7.092614e-02
2.723427e-02
1.141314e-04
4.747021e-02
2.650422e-02
6.597271e-02
6.618393e-02
8.602511e-01
1.007796e-04
3.581330e-03
8.829877e-02
1.565266e-02
2.756804e-02
4.349734e-02
1.230560e-01
3.852044e-04
2.100035e-02
2.797861e-02
2.633879e-02
4.016264e-03
3.130372e-02
7.176642e-03
1.681902e-03
1.554258e-03
1.199011e-01
2.785897e-04
7.601765e-05
7.375730e-02
8.052535e-04
3.549742e-02
9.107650e-04
4.626668e-02
5.777741e-05
9.775894e-02
1.050350e-02
1.186989e-01
4.910854e-02
1.498759e-01
1.112631e-02
6.641193e-03
2.223219e-03
3.460501e-01
2.510226e-02
3.974231e-02
7.306260e-03
8.931149e-02
3.657428e-02
2.613223e-02
7.245206e-05
1.054942e-01
2.910863e-03
1.145354e-02
6.520794e-02
8.950892e-04
2.599678e-02
4.737302e-02
2.227392e-01
5.308950e-02
1.991199e-01
2.009768e-01
2.084091e-02
7.705648e-03
3.096989e-02
5.059362e-01
1.626047e-01
3.347614e-01
4.776597e-02
7.150780e-02
8.458722e-01
5.007817e-02
1.044801e-02
1.388070e-03
2.370442e-02
1.748135e-02
6.414685e-03
6.285156e-03
1.834107e-03
2.979661e-02
5.686427e-03
8.822810e-02
2.192652e-02
9.593114e-04
1.392401e-04
7.616739e-03
7.905831e-03
6.501070e-02
7.094389e-02
1.940024e-02
9.499237e-03
1.258324e-01
1.176919e-02
1.116524e-01
2.632580e-03
5.428653e-02
3.203763e-03
5.790755e-03
1.764791e-01
1.475126e-01
8.718752e-04
1.499976e-02
4.630720e-02
2.318263e-05
1.361194e-01
3.183064e-04
9.143767e-04
3.755013e-02
5.825976e-02
6.846574e-02
1.108764e-02
2.916573e-03
3.572196e-03
1.403454e-01
8.788248e-02
2.850196e-02
6.645639e-02
1.476697e-02
2.309713e-02
8.055534e-05
1.226903e-01
2.093503e-02
7.300196e-03
3.171630e-01
8.790905e-04
7.798481e-04
1.628301e-02
4.867975e-02
1.497629e-01
2.559781e-02
2.303848e-02
8.118669e-02
2.511194e-02
7.344354e-03
1.266992e-02
1.320659e-02
1.260820e-02
4.771319e-02
1.027759e-02
5.428353e-02
5.838414e-02
2.501214e-02
7.209978e-05
2.832222e-02
2.439989e-02
2.188627e-02
2.237734e-02
2.627529e-02
9.017580e-03
4.586223e-04
2.899575e-02
4.124212e-02
5.112195e-02
1.796574e-01
5.455025e-02
1.129789e-01
9.999187e-03
1.440171e-02
2.426580e-02
4.157677e-03
1.239277e-02
4.704674e-02
8.085243e-03
4.567364e-02
8.550738e-03
2.766015e-01
3.731071e-02
1.204893e-02
3.795036e-07
1.499087e-01
1.027275e-01
2.993581e-02
5.688633e-02
7.751471e-03
2.242977e-03
5.132386e-02
1.879208e-02
1.657840e-01
4.311901e-03
1.078410e-02
1.469664e-01
1.056740e-02
3.152918e-02
2.567942e-01
1.213439e-01
2.908811e-02
3.125477e-02
5.558053e-04
1.831698e-01
4.498969e-01
8.948899e-02
2.481272e-03
3.247686e-03
9.760110e-02
1.993206e-02
5.212298e-02
7.366051e-02
6.714984e-02
1.102806e-02
1.089393e-02
3.421537e-03
2.763118e-03
1.834996e-02
6.722302e-03
1.614908e-02
1.553975e-06
2.450289e-05
4.747478e-01
4.001859e-03
1.329144e-02
3.660959e-02
9.786193e-02
2.132356e-03
1.015662e-02
1.150743e-02
9.326016e-03
2.279976e-01
5.948894e-03
2.290435e-02
4.026001e-02
1.426690e-01
1.432694e-02
3.977258e-02
9.792278e-03
9.311110e-03
1.112065e-01
7.372259e-04
3.902658e-02
7.006147e-02
2.112518e-03
1.576287e-02
1.428613e-02
1.540801e-01
1.724559e-02
3.680038e-02
3.506704e-06
3.537291e-03
1.378640e-03
1.261642e-02
1.119980e-01
1.368410e-02
3.334931e-02
1.987765e-02
3.521144e-02
9.076872e-02
2.572936e-02
5.358025e-03
2.230559e-01
2.559436e-04
1.326972e-02
1.132106e-01
9.246669e-02
2.495186e-03
3.295106e-02
3.881199e-02
4.778420e-02
3.499474e-02
6.019002e-03
6.151631e-02
3.396463e-01
1.069760e-02
5.641832e-02
7.171269e-02
1.020850e-01
6.486903e-05
3.507278e-02
1.505477e-02
5.846659e-02
2.178403e-06
4.728154e-02
6.753151e-02
1.656634e-02
2.496002e-02
2.424475e-05
3.640510e-02
8.464668e-03
2.113569e-03
1.019080e-02
9.569536e-04
1.076310e-01
7.720230e-03
3.267392e-02
6.842279e-04
8.718341e-03
5.378027e-03
1.107707e-01
5.290136e-02
3.575692e-05
7.883972e-02
1.206063e-02
1.003971e-01
1.646295e-01
4.003344e-02
6.192682e-02
5.867297e-02
4.893539e-03
4.776194e-03
1.085304e-02
4.888312e-02
2.525120e-05
4.618152e-03
2.534274e-02
2.561857e-01
9.071034e-03
1.608422e-02
6.087939e-02
2.192542e-01
4.793997e-03
1.306771e-01
1.450956e-02
2.067838e-04
1.055638e-01
3.119547e-02
4.556466e-02
3.262300e-02
2.576547e-02
7.193218e-02
1.887571e-01
3.462580e-01
6.081596e-02
7.341186e-04
5.332833e-01
4.563235e-01
2.092597e-03
2.663048e-01
6.578596e-02
1.564798e-01
8.063389e-04
1.263118e-01
6.356706e-02
4.902499e-05
6.801992e-03
7.803231e-02
5.342989e-04
2.136092e-02
5.364841e-03
6.745736e-02
2.253976e-01
1.461327e-01
3.990878e-02
9.831166e-02
1.169168e-03
3.729072e-03
2.392583e-03
7.713166e-04
1.952316e-04
4.849399e-02
4.118266e-01
1.311568e-01
5.935333e-04
2.068354e-03
6.369045e-02
2.847256e-04
6.044507e-04
5.971212e-03
3.705310e-04
1.327903e-03
9.744539e-01
1.253781e-03
1.013170e-02
4.182530e-05
1.163556e-02
7.242868e-05
5.910148e-02
6.978771e-03
5.287102e-04
1.789021e-01
5.962381e-06
5.170096e-02
7.602370e-02
5.827708e-02
6.941191e-04
3.857006e-02
1.394695e-02
5.449326e-03
3.464512e-02
4.690054e-03
5.133333e-03
4.515772e-01
1.296916e-01
5.824514e-02
4.720977e-04
5.972693e-04
3.158172e-02
2.329097e-03
5.417446e-02
4.810380e-03
1.870415e-02
1.627053e-04
2.660569e-02
9.010840e-03
1.423171e-04
6.251700e-03
9.231257e-03
1.454998e-02
3.067518e-01
3.678057e-04
9.332872e-02
8.085105e-02
5.329205e-02
1.292315e-02
1.973354e-02
1.115954e-03
7.087717e-02
2.214158e-04
7.366703e-03
7.503403e-02
2.199003e-01
2.698563e-01
3.090930e-02
1.828479e-01
1.606223e-03
4.682311e-03
2.025030e-03
3.427146e-02
2.817263e-04
6.649947e-02
5.400656e-02
7.409241e-02
1.265592e-02
4.706316e-02
1.595897e-02
1.736009e-03
3.728706e-02
7.403111e-03
1.617974e-02
1.029425e-02
4.627341e-02
3.118766e-02
2.628877e-02
2.147457e-01
5.817275e-03
2.007414e-06
2.441983e-02
1.992694e-02
8.671872e-03
7.152070e-03
5.982296e-03
1.417244e-02
8.342160e-02
2.286201e-04
1.231205e-01
1.476751e-04
4.685533e-03
