9.769197e-02
1.210258e-02
4.815599e-04
1.358889e-01
9.570081e-04
2.694970e-01
8.903497e-04
2.631515e-05
4.217527e-03
2.306621e-03
3.231363e-02
2.528502e-02
1.507609e-02
1.598711e-01
1.811002e-02
4.306777e-03
1.825592e-03
9.675110e-02
1.257820e-01
2.323717e-03
3.733067e-02
2.123334e-06
1.368290e-03
2.366602e-02
1.575825e-01
6.200432e-02
6.885600e-02
1.065443e-04
1.125856e-03
1.713306e-01
2.931256e-02
1.999817e-02
2.590770e-02
1.056972e-02
2.629746e-04
1.198963e-01
1.743871e-02
1.066075e-01
5.465274e-04
4.561897e-01
3.049864e-05
2.606969e-03
9.724290e-04
1.590527e-01
2.031873e-02
1.163141e-03
1.504771e-03
2.630950e-04
7.916903e-03
1.600809e-02
1.922181e-02
4.793611e-03
1.087889e-04
1.530494e-02
7.823322e-05
5.519057e-02
1.605012e-02
4.022073e-01
4.024255e-01
6.595790e-02
1.038349e-01
4.032069e-02
2.405510e-02
1.918065e-02
3.008266e-02
2.294048e-02
2.000608e-02
5.584001e-02
8.002675e-02
3.329607e-03
1.546220e-02
3.892077e-03
1.561662e-02
7.606418e-03
7.819835e-02
3.944183e-02
1.816685e-05
7.601008e-02
4.226216e-03
2.070905e-02
1.268349e-01
4.362116e-02
1.469511e-03
7.827371e-02
7.689168e-02
4.956170e-03
1.010857e-02
2.373627e-02
9.079705e-03
1.511883e-02
1.298842e-01
1.076007e-04
9.612290e-02
4.289358e-03
1.355680e-03
1.053570e-02
4.550633e-02
7.227923e-03
1.407803e-02
2.390657e-03
8.302249e-02
1.195825e-01
1.955093e-03
3.466344e-02
1.620341e-07
3.141853e-02
7.827128e-04
2.557395e-02
7.203594e-02
1.557903e-02
1.026266e-02
4.620558e-02
2.040389e-02
6.363651e-03
3.287943e-02
9.259020e-02
9.080393e-02
7.201193e-02
9.984186e-02
9.721935e-02
7.399877e-03
2.927553e-03
1.513145e-02
1.005328e-02
3.377440e-04
1.027876e-02
2.395348e-02
3.776269e-03
1.614948e-02
1.376778e-04
5.902935e-02
2.980164e-03
1.423078e-02
1.186005e-01
3.779659e-03
3.046016e-02
9.860093e-03
4.404732e-02
8.048478e-02
4.211422e-03
2.150339e-03
1.670451e-04
2.495124e-03
9.668181e-02
1.401576e-01
2.664029e-02
2.965502e-03
8.495646e-04
4.907485e-03
4.894697e-03
3.305129e-03
2.875870e-03
2.301655e-02
6.478370e-02
1.681254e-01
1.425501e-01
1.164791e-03
6.488257e-02
1.285350e-01
4.796809e-02
3.242070e-02
6.443948e-02
6.480317e-03
7.770283e-03
5.784646e-03
3.754132e-02
4.566533e-03
2.030467e-03
9.828645e-03
3.635079e-02
1.507342e-02
1.178206e-02
8.106348e-03
5.413202e-02
5.815196e-02
3.395371e-02
6.327133e-04
1.522965e-02
3.937113e-01
1.273160e-03
6.241082e-02
1.769736e-02
2.429186e-02
2.813210e-04
9.188913e-02
1.117197e-03
1.216808e-02
1.185102e-02
9.809175e-02
5.465690e-02
1.289424e-03
8.678001e-04
2.222626e-02
6.205322e-04
2.822228e-02
4.684255e-04
2.252434e-01
8.768197e-03
1.275505e-02
3.346285e-02
4.928983e-03
8.895557e-03
9.113537e-02
4.345069e-03
6.994550e-03
5.389735e-02
6.504940e-02
2.670347e-02
5.826089e-02
1.223069e-02
1.114402e-02
1.062412e-02
3.007757e-02
1.039610e-02
1.750355e-03
4.147938e-02
2.835242e-02
2.468396e-02
1.338405e-01
8.585103e-03
1.077384e-01
1.111940e-01
6.729611e-02
4.154683e-03
3.303138e-02
4.368327e-04
2.608961e-02
1.320754e-01
1.368939e-02
2.405882e-02
1.771083e-01
6.840614e-02
1.251259e-03
1.571976e-02
7.657107e-02
1.473000e-01
9.033277e-03
1.764833e-03
3.260153e-02
1.190851e-02
1.048109e-03
1.102529e-01
1.285444e-03
6.694413e-03
1.407263e-01
7.096235e-05
5.181386e-02
1.101928e-03
6.684950e-03
1.082505e-01
6.585149e-02
6.955648e-03
2.822316e-05
6.394331e-04
6.509638e-02
2.049400e-02
2.171718e-01
6.609662e-02
1.603219e-02
9.572285e-03
1.170620e-01
7.455791e-02
4.380513e-02
3.330304e-02
2.184132e-03
5.096556e-03
8.650286e-01
2.529781e-01
4.799951e-02
9.457339e-06
2.649840e-02
4.341520e-04
4.603174e-02
6.979978e-02
1.159857e-03
2.565711e-02
2.497194e-03
3.973999e-02
1.065767e-01
1.240331e-02
1.924702e-01
4.595382e-02
2.451254e-02
3.255048e-02
5.281343e-02
6.861997e-05
1.940576e-01
2.228216e-01
2.734160e-02
6.965841e-03
4.093292e-02
4.981055e-02
3.205075e-02
3.496841e-02
5.534846e-02
2.023249e-04
9.839927e-02
4.700101e-04
3.602105e-02
2.253656e-02
1.336508e-02
2.494187e-01
1.219198e-02
2.957080e-02
1.163858e-02
1.492844e-02
2.355173e-02
9.126605e-02
1.372710e-02
2.350386e-03
7.204403e-04
1.202951e-01
9.120911e-02
1.424106e-03
8.139073e-03
1.784822e-02
3.173038e-02
7.535794e-03
1.436697e-01
1.144883e-01
1.009650e-02
1.545498e-01
1.175771e-03
1.148167e-02
1.175143e-02
7.416796e-02
2.267010e-01
1.498953e-01
1.229220e-02
9.453697e-04
2.415633e-02
5.534112e-04
6.716975e-05
5.987969e-04
3.547837e-02
9.426162e-03
4.525036e-05
8.496384e-03
2.991669e-02
6.927446e-03
8.313120e-02
1.952849e-02
8.434739e-02
1.324718e-01
7.002404e-04
2.302949e-02
1.154607e-04
2.363159e-02
2.332233e-02
5.979277e-03
1.896125e-03
3.201108e-01
6.847313e-04
9.782230e-02
8.223657e-03
2.791674e-06
2.645825e-04
2.179223e-03
2.828410e-02
1.441916e-02
6.562419e-02
2.969344e-03
1.440378e-02
1.906531e-02
1.798720e-01
1.417150e-02
1.579089e-02
1.852063e-02
3.780734e-04
3.832896e-02
1.508515e-01
1.386729e-02
7.796939e-02
1.125233e-01
5.175314e-02
2.928042e-01
1.969240e-02
1.650610e-01
4.170766e-03
6.549182e-02
2.504407e-02
1.243553e-01
2.967559e-02
9.854591e-02
2.356895e-02
4.912050e-04
2.713785e-01
4.235044e-02
7.864200e-02
1.334160e-02
1.641887e-02
3.419885e-03
3.668611e-03
3.422373e-02
6.256857e-03
1.332716e-02
3.756300e-01
5.874175e-04
1.161332e-03
1.008403e-02
3.202516e-02
1.019391e-02
6.581452e-02
7.821218e-02
6.111387e-04
2.315996e-02
8.157244e-02
7.315891e-04
6.897251e-02
6.011383e-03
9.998762e-02
2.564655e-01
8.729883e-02
1.086399e-02
5.725851e-02
4.164844e-01
1.676784e-02
7.307619e-02
1.684124e-03
8.477834e-02
1.339019e-01
4.460013e-03
2.192127e-03
2.083844e-02
9.693920e-05
5.254827e-03
4.147052e-02
1.574774e-02
1.561769e-02
9.037081e-04
7.258165e-02
2.157921e-03
1.409490e-02
1.044668e-02
2.286907e-03
7.811954e-03
1.398950e-01
3.221873e-02
4.089564e-04
4.971133e-04
1.112671e-01
9.625298e-04
1.018543e-03
2.377354e-02
3.105163e-04
1.539219e-01
4.031990e-04
1.146222e-01
1.982037e-02
1.365671e-01
6.684721e-06
1.484756e-01
6.078950e-02
3.643156e-02
1.235202e-02
4.685046e-03
7.701315e-02
8.985528e-02
4.569963e-02
2.023474e-02
1.086613e-06
2.803952e-01
3.832970e-02
8.021784e-05
6.832390e-02
8.018700e-02
3.617152e-02
5.257106e-02
6.677963e-02
4.016846e-03
1.808461e-01
5.562159e-02
3.834199e-04
9.282465e-03
3.099732e-01
8.689681e-02
6.442728e-02
3.987625e-02
3.644668e-02
5.793871e-02
3.759157e-03
1.133916e-01
2.161170e-01
1.607969e-02
6.588408e-03
1.026840e-02
9.344946e-04
9.339518e-04
1.995350e-02
2.108256e-04
2.698315e-02
9.801254e-04
4.372019e-02
3.308986e-02
9.945728e-03
3.636275e-02
9.480796e-03
2.114937e-03
3.951498e-03
2.327810e-03
1.114369e-03
3.631524e-02
2.537412e-02
1.181934e-04
1.827423e-02
8.469033e-03
4.791170e-02
3.065412e-02
7.508804e-02
8.529643e-02
1.684347e-01
1.117570e-03
3.341176e-04
4.604668e-02
2.697377e-02
9.905866e-04
2.971927e-03
6.846706e-02
1.072503e-03
3.364126e-02
3.512609e-03
1.216968e-03
7.250842e-03
9.601700e-05
9.336460e-03
5.743511e-02
2.109909e-03
1.801023e-05
4.098891e-02
7.692863e-02
8.382570e-03
1.695847e-01
5.954767e-02
1.475959e-02
1.136734e-03
7.147012e-03
1.290448e-01
6.742641e-03
9.645575e-03
6.003403e-02
2.588567e-01
1.016270e-01
2.471516e-02
5.890121e-03
1.863318e-02
6.048197e-03
1.154486e-01
1.167144e-02
1.110762e-01
9.162005e-02
6.455698e-02
1.070197e-01
2.901042e-04
1.130656e-02
1.123677e-01
3.508187e-03
2.931913e-03
6.328365e-02
4.046520e-02
1.751876e-02
1.997570e-03
4.470962e-02
2.884237e-02
1.332783e-01
3.091716e-02
8.490186e-04
7.370227e-02
1.953169e-04
1.200297e-01
3.144362e-05
1.549847e-01
6.165880e-02
9.149295e-02
1.001920e-01
6.974266e-02
2.211996e-02
6.949549e-04
3.634592e-03
1.097344e-03
1.195450e-02
2.640144e-02
6.866581e-02
1.609040e-04
4.407222e-02
2.260897e-01
5.164400e-03
3.997937e-02
3.151835e-02
1.025163e-02
1.415344e-03
1.887102e-02
2.178525e-02
1.275329e-01
9.250494e-02
