1.169228e-03
1.711224e-02
1.061240e-02
2.434115e-03
3.952757e-03
1.746760e-02
1.908115e-02
6.086281e-02
4.285469e-02
5.399853e-02
3.399353e-08
1.041760e-01
7.473735e-02
1.204641e-02
1.246048e-03
4.920039e-03
1.893509e-02
5.566876e-02
1.951605e-03
6.123064e-02
4.653765e-02
4.639820e-01
9.722976e-03
1.936101e-03
8.275256e-03
6.647381e-02
6.971932e-02
8.751708e-03
2.129323e-01
7.554941e-02
1.199171e-02
9.305936e-02
1.081131e-02
1.968478e-02
8.578245e-02
5.148597e-02
1.143329e-01
4.667920e-03
4.600914e-02
4.500323e-02
9.660961e-02
1.164382e-03
5.550359e-02
3.573634e-05
4.488755e-04
3.609152e-02
1.998829e-02
2.365735e-02
5.413351e-02
8.325278e-02
4.245673e-02
7.828057e-04
1.069999e-01
2.704045e-02
1.863240e-02
1.670086e-02
2.533506e-03
4.150958e-02
3.844313e-02
2.493862e-02
8.271015e-02
1.500900e-01
2.619155e-03
4.027168e-02
3.790483e-02
8.643581e-02
8.654012e-03
2.858969e-02
3.596348e-02
4.150561e-02
3.967691e-03
5.493346e-02
1.031173e-02
6.143280e-02
9.380789e-02
2.143200e-01
1.752312e-01
8.408803e-04
1.097150e-01
7.898629e-03
7.266094e-03
1.891727e-02
3.447042e-02
3.350329e-03
4.339700e-01
6.075959e-02
5.850092e-02
1.529244e-01
2.012660e-02
4.453874e-02
3.714945e-02
1.640945e-02
4.068804e-05
6.893466e-02
6.563552e-02
2.371635e-01
3.212162e-02
9.040049e-03
8.735835e-02
3.489994e-02
5.221682e-03
7.978128e-04
8.255466e-02
1.724424e-01
1.565840e-02
1.296252e-07
2.061808e-01
1.547164e-02
1.666648e-01
5.257968e-05
1.223548e-03
3.623173e-01
2.714133e-03
9.108196e-02
1.878474e-03
2.669044e-06
2.391217e-02
2.485950e-05
5.896533e-03
1.108176e-01
9.140449e-02
1.051264e-02
9.567157e-02
1.007942e-02
1.028406e-01
6.893550e-02
2.329152e-01
3.696770e-02
3.715344e-02
5.417789e-03
9.169483e-02
1.146592e-02
3.909567e-03
7.853794e-02
2.027025e-01
1.823385e-02
4.983554e-02
3.704583e-02
4.935105e-02
3.480885e-02
4.118573e-03
4.892311e-02
1.502945e-02
2.794334e-02
3.564408e-02
1.182827e-03
1.289785e-01
6.194403e-02
4.475001e-04
8.578036e-02
1.035982e-02
4.032783e-02
3.685602e-02
1.064029e-01
2.272349e-02
2.423304e-03
2.069773e-02
6.231992e-02
3.641133e-02
7.174446e-01
1.466143e-02
1.333682e-05
1.719745e-02
3.439608e-02
1.647346e-01
3.940015e-01
4.734950e-04
1.028560e-03
2.467413e-02
8.808618e-04
1.645754e-01
1.181925e-04
3.320370e-02
7.524347e-03
3.414032e-02
2.676406e-02
1.203483e-03
2.112534e-02
2.584080e-02
9.947239e-02
1.412458e-01
1.612895e-02
4.624338e-02
8.205212e-02
2.489889e-02
2.405850e-02
1.148873e-02
4.188725e-02
6.777709e-02
3.622241e-02
3.036792e-02
1.006534e-01
9.272509e-02
9.583061e-02
2.355121e-02
1.318992e-02
2.672543e-02
1.836695e-03
2.925597e-03
1.800540e-02
2.689609e-02
2.093932e-01
6.719251e-02
9.297353e-04
6.783369e-02
5.538728e-02
9.891214e-02
4.194605e-02
1.441318e-01
1.877376e-01
5.828994e-04
8.395378e-04
7.089960e-02
1.773717e-04
1.073955e-01
1.685549e-02
1.797289e-02
1.973540e-02
1.059654e-03
1.109410e-03
2.254794e-01
4.210973e-02
3.832566e-02
1.372199e-01
4.903329e-03
2.654870e-03
2.971612e-03
2.415277e-02
6.437047e-02
5.692016e-03
1.372902e-03
5.974966e-02
3.198947e-03
4.668036e-04
2.925290e-02
4.743269e-02
5.334021e-03
5.642396e-05
7.924841e-02
1.389699e-02
5.882222e-06
1.379599e-01
6.210352e-01
8.567085e-03
1.620780e-02
1.332201e-01
3.443864e-02
5.743478e-03
7.976535e-02
6.766175e-03
4.623578e-04
5.182188e-03
1.034802e-02
1.725388e-01
4.191220e-02
1.865059e-02
4.815432e-01
1.825245e-02
4.543187e-03
7.041888e-03
1.921756e-01
9.637373e-02
2.550963e-02
6.230982e-02
5.907141e-02
6.610433e-03
9.724915e-02
1.783662e-01
5.523311e-05
7.410678e-02
4.553909e-02
4.352993e-02
5.009561e-04
6.757183e-03
9.561223e-03
6.465309e-02
4.167323e-03
7.495363e-03
2.377715e-02
7.015168e-02
3.157723e-03
7.822666e-02
1.051299e-01
6.475255e-02
5.296236e-02
2.124842e-03
1.317330e-02
5.085826e-04
6.293920e-02
9.231232e-05
3.742177e-03
7.350814e-06
1.052269e-01
9.887935e-03
3.872003e-01
2.339000e-02
2.673496e-02
6.605245e-03
9.769950e-03
1.640614e-02
1.424987e-01
9.378089e-03
9.637693e-04
1.499927e-01
8.843978e-03
3.294547e-02
3.157239e-03
4.156425e-02
5.467702e-02
1.468004e-01
1.248202e-02
3.873285e-02
7.531223e-03
1.109229e-04
9.561844e-03
3.364257e-02
6.237051e-04
3.420638e-02
6.125519e-02
2.306682e-03
1.541536e-02
3.752165e-01
1.776334e-03
5.604521e-02
8.079376e-02
1.379564e-01
1.828218e-01
1.180155e-04
2.217905e-02
5.706077e-03
5.731044e-02
6.214949e-05
5.214142e-04
1.763103e-03
1.213626e-01
1.761433e-04
1.075918e-02
1.196454e-02
1.239802e-02
9.056715e-03
7.164452e-03
2.403698e-01
1.668874e-02
6.738134e-03
1.159151e-03
7.129387e-03
6.596379e-02
4.170829e-03
4.095047e-03
2.823237e-02
2.504627e-01
2.036281e-02
1.196942e-04
1.121154e-04
8.194774e-02
2.088182e-02
4.106421e-02
3.295810e-01
2.124586e-03
8.128759e-03
3.846913e-02
1.347096e-02
9.368152e-02
2.057467e-02
9.221520e-06
5.455141e-03
3.135182e-03
1.993613e-01
3.528375e-02
5.012822e-02
4.885784e-04
8.315439e-02
7.643641e-02
1.443172e-02
2.811852e-03
1.903673e-02
3.287513e-01
3.554450e-02
7.282974e-03
3.768898e-05
7.346219e-02
5.874095e-05
2.889614e-02
2.240546e-03
2.409557e-01
1.640287e-04
1.765358e-01
4.359585e-02
4.597492e-02
6.443095e-02
1.493613e-02
6.801433e-04
1.008287e-01
3.005287e-04
2.308159e-03
2.592907e-01
8.410076e-04
4.510126e-02
5.935719e-02
3.105203e-02
7.925225e-02
7.429789e-04
1.726109e-02
3.730583e-02
1.276325e-02
2.237007e-01
3.297675e-02
1.663719e-01
8.641375e-02
1.202247e-01
4.842046e-02
7.457317e-02
3.130961e-07
6.262167e-02
1.806149e-02
4.482683e-02
1.901137e-01
7.628998e-02
1.806906e-01
3.024782e-02
5.170816e-02
1.104238e-02
1.891431e-01
4.972330e-06
6.543830e-03
6.298816e-03
4.670615e-01
4.291618e-02
4.698497e-02
7.932401e-04
3.492839e-07
2.667673e-02
4.224977e-03
7.449964e-02
2.272613e-01
8.112776e-03
7.433152e-02
5.192938e-02
3.268780e-02
3.090162e-02
9.964389e-03
1.942090e-02
7.301620e-02
1.346876e-01
7.784679e-06
1.072044e-02
4.693238e-02
1.006070e-02
2.688826e-02
2.373363e-03
1.817228e-02
2.319701e-04
2.356013e-01
2.237573e-03
1.688725e-02
1.150427e-02
2.711046e-02
1.349882e-02
1.116057e-01
2.941893e-03
6.255619e-03
2.154194e-01
4.235529e-02
4.442514e-06
1.827562e-02
4.207243e-04
8.540827e-03
9.162148e-03
1.831242e-03
7.774289e-02
7.013918e-03
8.660278e-01
3.607015e-01
2.810682e-02
2.208421e-01
4.866441e-04
1.649955e-02
6.365509e-02
1.706001e-02
1.063305e-03
7.406572e-03
1.275939e-01
5.500695e-02
4.249429e-02
5.349389e-04
6.140501e-02
9.621686e-02
1.609906e-02
2.495496e-04
1.020237e-03
1.572568e-02
6.351214e-02
3.387206e-02
4.555495e-02
9.932681e-03
3.352749e-03
1.485823e-01
5.026586e-02
2.556379e-01
1.593184e-01
4.700893e-02
1.076699e-02
5.797978e-02
9.587558e-03
1.113369e-01
3.859551e-02
8.337220e-02
1.975755e-01
5.655464e-03
4.363454e-02
1.195275e-02
1.395489e-01
2.216872e-01
1.928697e-01
3.879409e-02
1.400080e-02
2.751106e-05
2.664335e-03
6.887337e-02
1.574318e-01
6.951031e-04
2.341007e-03
4.414748e-02
1.079562e-02
3.114135e-02
9.952955e-03
5.347576e-02
5.518437e-03
6.294322e-02
5.794593e-02
9.520420e-02
2.693273e-03
1.600443e-02
4.869813e-02
2.068848e-03
1.762525e-04
2.136372e-02
8.506252e-02
8.673822e-05
1.459333e-02
1.827823e+00
3.341697e-03
4.059413e-03
7.721265e-04
7.417209e-05
3.002382e-02
4.877658e-02
9.132891e-02
3.973848e-01
8.656384e-02
1.784789e-02
2.459518e-04
2.316733e-01
1.315569e-02
1.399913e-01
6.799811e-03
3.014360e-02
8.627285e-03
3.547150e-03
4.025451e-05
1.254193e-03
1.057970e-01
1.460275e-02
5.460292e-02
3.435135e-03
4.683582e-03
1.375246e-02
1.072297e-01
1.233722e-01
2.242976e-02
2.835959e-02
5.745245e-02
2.226580e-03
3.703786e-02
3.156613e-03
5.387261e-02
1.182631e-01
4.425743e-02
1.441021e-03
2.059878e-03
9.910247e-03
3.320107e-01
1.119460e-02
2.331071e-01
4.057499e-03
4.858037e-03
8.471734e-02
5.544650e-03
1.693202e-01
2.983947e-02
7.916693e-02
3.528301e-02
2.206248e-01
8.994901e-03
