8.346040e-02
8.163470e-02
1.825451e-04
6.105904e-02
7.750235e-03
9.515654e-03
4.071695e-02
9.185468e-03
5.419042e-02
1.499551e-02
2.533482e-02
5.454011e-03
1.286606e-02
2.225241e-02
1.417517e-02
1.529038e-01
7.720157e-04
5.509126e-05
6.955383e-02
7.117286e-04
1.634443e-04
5.109175e-03
3.325228e-05
1.826801e-03
4.753330e-02
2.328371e-02
1.487915e-02
8.652513e-03
2.280081e-03
4.641716e-03
4.506685e-02
2.949551e-02
4.365846e-02
5.036800e-03
2.628639e-02
1.113164e-02
1.128359e-01
6.195655e-03
1.025277e-01
1.004471e-02
1.289152e-02
1.756976e-03
1.067635e-02
3.059636e-02
8.977214e-02
2.000290e-02
2.983494e-02
2.237756e-02
7.455161e-02
3.049918e-02
1.624396e-04
3.734546e-02
8.091510e-02
3.737324e-03
1.794035e-01
2.071170e-02
4.739803e-02
9.096760e-02
5.144573e-02
2.983573e-02
7.563737e-03
7.262703e-03
9.367679e-02
9.012243e-02
6.001725e-04
8.559896e-02
8.627555e-02
1.318106e-01
5.647349e-02
1.157932e-02
1.051801e-03
3.703482e-04
8.598997e-05
2.823123e-02
9.935455e-04
1.198812e-01
3.607418e-02
8.678420e-02
6.216572e-04
3.849197e-04
6.967706e-02
1.290524e-01
9.233247e-02
9.856350e-02
2.630645e-01
3.696921e-01
2.091793e-02
1.994087e-01
1.022389e-02
9.677949e-02
6.928606e-03
4.902103e-02
7.876243e-03
1.468489e-03
1.687000e-02
6.906951e-02
1.305815e-01
6.828822e-02
1.109326e-02
2.036121e-04
1.340494e-02
4.012793e-02
4.828161e-08
7.128599e-07
2.179945e-02
1.007243e-01
9.268367e-03
2.236521e-02
3.515621e-02
2.552571e-02
5.896046e-03
1.324456e-01
1.928775e-04
2.274606e-03
3.136249e-04
2.218575e-01
2.338405e-02
1.488343e-02
1.146596e-01
2.064493e-02
4.566976e-02
7.982967e-02
1.445950e-03
3.661954e-03
1.897969e-04
2.925717e-02
1.879445e-04
3.581247e-02
8.329925e-02
3.514373e-02
1.012242e-01
7.306278e-02
2.254112e-02
1.863222e-01
1.006471e-01
1.802882e-02
1.432657e-02
1.422478e-04
7.069544e-03
2.981152e-02
3.370205e-02
6.566732e-03
8.340240e-04
7.827344e-02
4.081430e-02
4.710456e-02
1.069565e-03
4.790590e-06
2.127173e-02
3.588449e-02
5.118978e-02
5.553886e-03
5.116862e-03
2.364753e-02
6.653498e-02
1.216895e-03
3.562416e-04
1.023410e-02
2.093573e-03
1.522172e-01
2.029360e-02
1.506019e-01
9.920945e-03
1.217810e-02
2.410328e-03
1.388186e-01
1.176728e-03
9.952287e-02
1.497503e-05
6.251535e-02
6.064203e-02
1.032000e-01
1.140031e-02
3.215685e-02
7.308888e-03
6.736681e-03
2.262598e-03
8.557801e-05
1.482332e-01
2.256273e-02
3.001217e-03
1.882540e-02
5.509060e-02
1.574569e-02
1.752764e-02
8.602273e-03
2.255339e-02
2.878228e-02
1.250645e-02
1.264375e-01
1.060173e-02
1.131293e-02
1.661342e-03
1.029224e-02
5.902831e-02
3.600984e-03
7.211428e-03
5.664268e-02
1.828864e-01
5.147121e-03
4.958079e-01
5.358614e-02
4.478546e-02
1.961545e-03
4.742955e-02
9.812172e-03
5.971905e-05
1.022238e-02
5.976551e-03
2.001208e-02
2.259661e-02
3.757555e-03
1.985138e-01
2.677950e-02
7.627926e-02
2.253512e-03
2.329674e-01
3.048098e-02
4.076986e-05
1.865943e-02
2.217819e-01
2.375271e-05
7.906388e-02
9.503208e-03
1.623530e-02
3.721119e-02
2.638048e-03
4.344330e-02
6.686138e-05
2.741244e-02
8.669578e-04
1.999998e-05
2.657239e-01
5.162682e-03
2.091184e-04
9.968938e-03
6.528351e-02
1.370745e-02
3.047723e-03
4.247723e-02
2.272704e-04
1.213926e-02
3.672304e-01
5.465241e-02
6.975106e-03
6.654661e-02
4.733204e-02
4.473673e-02
2.888419e-03
3.612264e-03
1.437581e-03
6.324827e-02
3.469081e-02
1.763218e-04
1.959043e-02
3.588226e-02
3.546588e-02
6.783506e-02
8.242648e-02
3.908619e-02
4.053790e-01
4.617130e-03
1.206641e-01
3.275044e-02
1.469688e-01
2.004059e-05
3.325019e-01
3.030371e-02
2.709116e-01
2.561962e-01
4.663735e-03
3.594156e-04
1.148485e-01
1.401319e-01
1.591545e-04
4.287167e-02
7.417252e-02
6.598037e-03
4.871642e-02
2.352244e-02
5.560484e-03
4.045948e-02
1.802591e-02
9.228947e-02
1.836739e-01
9.916318e-04
5.918390e-02
4.169574e-04
1.567807e-01
4.453450e-02
3.950458e-02
2.475478e-03
5.070235e-02
7.667186e-03
6.589879e-02
1.024483e-02
1.311181e-03
2.110690e-02
2.033459e-02
5.304105e-02
2.188370e-04
4.627565e-07
2.279997e-02
3.359580e-04
9.270689e-03
3.076376e-01
9.203417e-02
2.591590e-01
3.718405e-02
4.469881e-02
2.244258e-02
2.147344e-02
6.323896e-02
2.145689e-02
5.320249e-02
4.905441e-03
2.765794e-03
1.713466e-01
1.912688e-02
2.613084e-03
1.433229e-05
3.265842e-02
2.619325e-03
6.086623e-02
4.380868e-03
4.987711e-02
1.765633e-01
2.882977e-02
1.067541e-01
1.096137e-01
4.753300e-02
9.927316e-03
2.572373e-02
4.763380e-02
5.846931e-03
1.810416e-03
6.079765e-03
2.450281e-03
5.177846e-04
7.444133e-02
1.942377e-02
8.529350e-02
2.943573e-03
1.311839e-02
5.597351e-03
7.110887e-03
3.537927e-03
2.808359e-02
5.515550e-02
1.879147e-04
1.816735e-02
2.824464e-03
4.380440e-01
2.929430e-02
1.733862e-01
9.040342e-02
1.751796e-01
1.205994e-02
5.466724e-06
7.206278e-02
4.514546e-02
2.511154e-02
8.058379e-02
9.508556e-02
1.842051e-02
5.968183e-02
9.685839e-02
1.982803e-01
6.305713e-02
2.342165e-02
1.201107e-02
4.421310e-02
8.484134e-02
8.593079e-02
1.556618e-02
3.479869e-02
4.418723e-03
4.497826e-02
3.042753e-02
3.907411e-02
3.510411e-02
9.015738e-03
2.580187e-01
3.583817e-01
2.890812e-02
3.309595e-03
1.499385e-01
1.039920e-04
1.146425e-02
2.526753e-03
9.403020e-04
3.381428e-01
2.979244e-02
6.284170e-03
7.285175e-03
8.457211e-02
1.374610e-05
1.086166e-03
3.108065e-02
5.450627e-02
1.135273e-01
1.033623e-04
4.112675e-02
4.887903e-02
1.339928e-01
2.690747e-03
6.308898e-02
4.911569e-03
3.764037e-01
5.645573e-03
5.361695e-02
6.150912e-02
2.889478e-03
5.604970e-03
7.504802e-02
2.113205e-03
6.035007e-03
4.058852e-01
5.862818e-05
1.501292e-02
8.795103e-02
2.369769e-02
4.612311e-02
1.265812e-02
4.323621e-02
8.433467e-03
2.664266e-02
6.217486e-02
1.345597e-02
1.897970e-02
1.212852e-03
1.592661e-04
5.661965e-02
1.259185e-02
2.301145e-01
3.711655e-02
2.460872e-03
7.369026e-02
5.617439e-02
1.487833e-01
1.120098e-02
8.330518e-02
2.188707e-03
2.192940e-02
1.359419e-01
7.561748e-03
4.659784e-02
3.929190e-02
6.240629e-02
5.666667e-02
2.391783e-02
2.086299e-02
3.716336e-02
9.834037e-02
2.230282e-03
2.023433e-02
4.508227e-03
4.986276e-03
1.825347e-02
7.070742e-04
1.041719e-01
3.480846e-02
7.330013e-03
3.293215e-07
2.440464e-03
1.347954e-01
1.141052e-01
3.701604e-04
3.116720e-02
6.548608e-03
5.478699e-02
4.176398e-02
8.743573e-02
5.583792e-02
2.502150e-02
5.232213e-02
1.784905e-02
2.525190e-02
2.043927e-02
2.499949e-04
1.145271e-02
5.648828e-02
1.538817e-02
5.736949e-03
9.008219e-02
1.627338e-01
2.071036e-02
1.739443e-01
1.518031e-02
6.792762e-04
1.377179e-02
1.712856e-02
7.017569e-03
2.753139e-02
1.070400e-02
1.503128e-02
6.545582e-03
2.172853e-04
6.864185e-02
1.665545e-02
4.624310e-03
9.484333e-04
1.727368e-03
1.855679e-03
5.097835e-02
9.346517e-03
8.696819e-02
7.549794e-02
1.493989e-02
4.035522e-03
1.380233e-01
2.594250e-03
2.337482e-02
7.942104e-02
1.943941e-02
6.321613e-03
9.072179e-04
1.282527e-02
4.195657e-02
5.495333e-07
1.884670e-02
9.064120e-02
7.899245e-05
7.399062e-02
7.944908e-02
3.994057e-01
1.128028e-03
4.534146e-01
7.747818e-02
2.502045e-02
7.274572e-03
1.492399e-03
5.771261e-02
6.151112e-03
1.856824e-02
5.977145e-02
2.253631e-01
1.364343e-01
2.144897e-03
2.251323e-03
4.926767e-02
5.007023e-02
2.213763e-02
7.721537e-02
1.883441e-01
7.177685e-03
2.077873e-02
1.649437e-01
4.491837e-02
7.639112e-04
6.576485e-02
1.496598e-02
2.628543e-01
9.225431e-05
7.494775e-02
2.477853e-04
8.943777e-04
2.445490e-02
3.979543e-02
2.395554e-02
2.078923e-01
5.550365e-03
3.590725e-03
1.279834e-02
5.844548e-02
1.112734e-02
1.790541e-02
1.328500e-03
3.513442e-01
2.502682e-02
1.513325e-01
7.500411e-02
5.239030e-02
4.043392e-02
1.228118e-05
6.532110e-03
5.349805e-03
9.066663e-03
1.709190e-03
1.373247e-02
4.205449e-02
6.824425e-03
1.294715e-01
1.841947e-02
1.490417e-03
2.963432e-03
4.690474e-01
7.150570e-02
5.301305e-02
3.156317e-01
5.262585e-04
2.536600e-01
2.416113e-02
2.618741e-03
