4.439510e-02
2.508230e-02
7.262632e-03
9.874156e-02
1.297812e-02
9.545808e-03
5.065858e-04
1.282528e-03
5.507791e-02
3.425516e-04
7.710200e-02
2.714582e-02
3.683208e-01
2.327302e-04
2.483955e-02
3.177681e-02
2.635098e-03
5.943129e-03
4.737565e-04
4.326770e-03
1.938227e-02
1.124479e-02
3.055292e-03
4.739072e-05
2.350000e-02
6.450897e-05
2.504791e-03
6.159247e-03
1.193675e-01
1.717639e-02
1.000751e-03
5.403344e-03
7.549686e-02
1.271255e-01
1.204510e-01
2.782925e-02
1.970680e-02
1.889529e-02
5.858165e-03
7.783224e-05
5.109492e-03
6.049099e-02
9.979254e-03
5.019654e-03
8.308749e-02
8.340764e-02
3.530824e-06
1.705950e-01
6.634054e-02
1.117926e-01
3.224512e-02
6.911154e-02
2.421154e-03
3.408934e-03
5.630710e-03
8.961236e-04
1.239339e-01
2.316463e-02
1.101669e-02
4.383710e-02
7.652649e-05
6.779070e-02
9.900263e-02
7.697760e-02
1.890682e-01
7.326425e-02
4.439389e-03
2.244363e-03
1.005068e-02
5.684392e-03
7.082471e-02
1.224628e-03
1.193061e-01
2.767423e-03
5.492062e-02
6.359855e-02
9.432396e-02
4.600603e-03
3.057654e-05
8.256642e-02
1.781403e-03
7.503185e-02
6.143213e-03
9.107064e-03
6.493260e-02
1.700396e-02
1.429439e-02
2.069868e-02
3.923190e-02
8.031260e-02
3.157974e-02
2.106724e-02
5.663798e-03
2.140059e-01
1.730971e-02
3.210517e-01
2.374412e-03
4.822846e-02
5.065351e-02
5.021603e-03
3.426989e-03
8.558352e-02
1.365506e-01
1.308630e-03
2.607577e-02
7.458340e-03
1.010663e-01
1.503215e-02
8.236101e-04
4.783374e-02
2.591898e-02
3.456966e-01
4.443556e-02
7.346061e-03
5.205775e-02
2.312842e-03
1.450156e-02
6.736301e-03
1.673907e-02
4.225024e-03
3.097938e-02
6.527446e-02
4.010839e-04
4.912023e-02
9.512524e-03
2.363245e-03
1.955132e-02
4.833703e-02
2.108063e-01
3.482556e-03
2.117398e-01
4.534681e-02
7.455772e-03
8.180852e-02
4.571931e-02
2.128525e-02
1.576509e-02
9.581652e-02
1.973668e-02
7.916819e-03
4.356709e-02
4.290284e-02
3.354741e-04
1.363378e-02
2.897754e-02
1.951585e-01
2.342276e-01
5.613873e-03
3.186350e-02
4.509338e-03
1.963095e-02
4.641030e-03
3.923417e-03
2.518199e-02
1.455607e-02
9.669694e-02
5.096692e-02
1.210618e-01
2.304152e-02
2.143526e-01
1.286601e-01
9.064452e-02
2.917856e-03
1.151821e-01
3.230855e-03
1.448356e+00
3.484804e-02
1.804146e-03
1.998250e-02
1.240146e-01
8.008512e-02
4.222786e-02
1.265081e-01
3.988602e-02
4.365802e-03
9.228948e-02
2.092752e-04
3.097231e-02
8.245664e-03
1.653414e-01
3.097360e-02
1.205644e-01
1.651635e-01
1.991590e-02
3.993780e-02
4.370464e-02
3.606696e-04
2.730686e-02
3.182135e-02
7.066166e-02
2.996918e-02
1.186225e-01
3.645645e-02
5.236128e-02
3.696751e-02
6.984479e-02
3.531973e-02
1.246752e-01
1.354082e-02
9.295895e-02
1.571443e-03
3.023029e-01
3.646105e-02
3.018631e-01
6.240085e-03
3.742680e-02
1.085511e-02
3.229667e-02
2.177741e-02
7.145787e-02
7.035809e-02
3.183930e-02
5.368762e-03
6.693769e-04
7.698452e-03
2.178584e-03
8.766976e-02
1.763975e-03
4.963566e-03
1.652016e-01
9.389042e-02
1.521017e-01
1.771082e-03
5.971852e-03
6.687477e-04
5.627374e-02
1.356659e-02
5.678985e-02
5.050605e-02
4.759621e-02
1.940083e-02
1.575636e-01
7.996418e-03
2.582969e-02
3.700739e-02
1.879476e-02
5.134593e-02
1.799425e-03
4.356444e-03
2.496270e-02
3.809300e-03
4.115458e-02
9.218886e-04
4.401915e-02
1.022967e-03
1.088403e-02
2.751043e-02
1.566820e-03
1.888130e-02
1.591315e-02
2.988229e-02
1.861104e-01
3.537669e-02
2.406971e-02
2.796518e-02
1.082836e-01
3.907321e-03
4.640946e-03
1.018254e-01
2.023062e-03
3.779006e-02
1.683244e-04
1.398663e-03
9.210152e-03
1.607547e-03
8.962624e-02
6.167345e-06
5.410057e-03
5.114025e-03
2.619999e-02
3.240908e-01
2.165900e-02
1.756221e-01
1.733800e-01
2.701376e-04
3.313339e-03
2.975199e-02
1.173638e-04
2.622635e-02
3.168815e-02
1.336584e-01
3.348747e-02
1.317052e-04
8.440733e-02
1.759960e-04
5.067014e-02
1.758776e-01
4.623746e-02
1.848805e-04
8.668864e-04
8.049622e-02
7.588345e-02
1.007658e-02
1.082239e-03
1.405312e-01
1.491175e-01
5.427238e-02
4.721638e-02
1.072385e-04
1.307714e-03
4.601812e-02
9.078782e-02
2.151067e-02
1.585605e-01
8.212393e-03
1.809494e-02
7.195159e-03
6.101549e-03
1.501912e-01
2.858298e-02
3.446402e-02
4.279352e-03
1.679791e-02
6.971118e-02
2.809342e-04
1.097376e-01
1.187695e-02
5.005904e-02
1.067632e-01
2.760334e-03
1.412243e-01
3.725953e-02
2.401822e-02
1.363266e-03
3.105700e-02
1.628141e-02
2.638091e-01
2.487503e-03
2.975050e-01
1.116048e-01
1.386954e-02
4.049753e-02
3.036834e-02
6.029963e-02
7.371592e-02
1.508979e-01
1.049740e-03
7.507356e-03
1.090068e-01
1.452164e-01
1.112432e-02
1.491770e-02
4.885048e-02
1.785953e-02
7.730294e-02
2.747164e-03
5.554780e-02
3.364064e-02
2.524681e-04
1.524321e-02
8.854751e-03
2.895245e-02
1.186053e-02
1.125872e-04
1.953603e-01
2.280122e-02
7.295360e-02
8.458723e-02
3.884115e-04
3.442665e-02
4.408758e-02
2.791556e-05
1.735731e-03
1.755769e-01
8.724807e-02
5.950975e-02
3.241013e-03
5.385460e-02
1.338858e-02
7.064305e-03
3.659438e-02
1.491641e-01
3.057781e-03
1.290221e-02
3.700796e-02
8.776342e-02
2.562450e-01
6.329581e-02
6.387873e-02
6.452286e-02
3.203909e-02
1.397186e-01
1.225286e-01
1.709938e-01
8.963229e-04
1.994053e-02
8.046158e-02
8.917248e-04
2.160799e-02
4.920717e-02
2.704039e-04
2.493237e-01
8.260995e-02
4.725846e-02
4.729540e-02
2.025369e-02
1.941855e-02
5.195278e-02
8.963314e-02
1.958048e-01
1.568823e-02
3.283908e-04
1.110458e-01
5.993545e-03
7.946403e-02
1.483207e-02
2.097480e-02
9.274203e-03
4.138066e-02
1.395418e-02
7.169759e-02
3.799311e-02
2.758591e-03
2.180929e-02
3.475236e-03
3.671375e-02
1.238339e-02
1.344282e-02
4.467055e-01
2.458147e-02
1.294194e-04
5.558750e-04
2.535054e-04
5.355260e-03
1.181467e-02
1.462489e-02
1.716547e-01
5.433473e-03
1.461729e-03
1.579947e-02
9.634311e-02
1.765900e-01
1.809107e-01
2.598907e-02
5.138186e-03
3.029206e-02
7.743162e-02
2.026158e-01
7.831627e-02
2.512982e-02
3.996487e-02
4.178754e-02
1.037235e-02
6.296312e-02
1.877316e-02
3.405695e-02
4.932621e-02
9.371563e-02
2.130386e-02
1.578893e-02
6.051956e-02
9.637278e-09
1.465550e-02
1.916847e-02
1.405506e-02
2.489200e-02
3.024848e-02
4.192796e-01
4.416127e-02
8.549553e-03
5.307598e-02
1.678905e-06
4.073606e-03
6.061891e-02
1.699725e-02
1.350477e-03
6.383966e-02
2.082242e-01
6.392281e-02
9.122841e-03
4.807250e-04
3.810535e-01
8.300811e-02
3.080209e-04
4.111639e-02
8.152648e-02
2.801222e-01
4.018551e-02
5.494366e-02
9.422988e-04
4.009316e-03
2.655148e-02
4.406289e-02
6.501991e-02
1.814106e-02
2.789830e-04
2.385128e-03
4.408252e-02
8.988690e-02
3.705414e-03
1.582687e-04
2.658134e-03
6.938598e-02
2.840789e-02
4.987734e-03
1.502874e-04
2.747389e-04
2.817965e-02
5.374133e-02
3.438647e-02
2.494712e-02
2.791506e-02
2.884558e-03
5.902526e-03
1.478873e-01
7.818082e-02
9.800460e-03
2.917885e-01
1.325879e-02
2.421326e-01
1.536323e-01
1.276808e-01
3.045651e-03
3.231284e-03
6.508663e-04
2.849745e-02
6.365269e-03
1.577281e-02
1.416617e-02
2.521756e-03
1.344693e-01
3.408088e-04
4.891509e-02
5.134885e-02
4.094452e-03
1.258927e-04
1.646871e-01
7.725075e-02
2.727989e-02
1.723925e-01
1.075774e-01
3.584123e-01
2.648015e-01
1.039409e-01
1.244706e-02
9.363789e-03
7.192437e-03
8.121443e-04
4.048725e-02
7.168935e-02
2.741426e-01
7.866924e-02
2.216086e-02
4.818323e-03
6.730916e-03
1.177356e-02
1.472426e-01
2.273608e-01
7.703142e-02
5.892021e-03
1.995784e-02
7.217669e-02
3.025062e-04
3.576540e-06
2.825032e-02
1.087473e-02
6.807659e-03
1.370916e-02
8.604758e-03
4.031553e-02
5.280117e-03
8.361621e-03
3.414601e-02
9.503477e-03
8.928058e-02
1.245098e-02
1.236611e-01
2.316836e-04
9.047598e-03
1.186458e-02
9.110753e-02
2.511146e-01
8.959792e-03
1.359899e-02
5.370009e-02
3.673860e-03
1.094765e-02
2.359533e-02
9.684038e-02
1.070702e-02
1.354038e-02
3.608766e-02
7.940045e-04
1.139336e-01
6.393739e-02
2.115371e-04
1.089022e-04
2.252113e-03
5.482472e-02
2.001212e-01
1.939321e-01
6.599660e-02
2.840873e-01
1.293188e-01
