9.429097e-02
2.573127e-02
3.664609e-02
2.452348e-01
6.526408e-03
2.120816e-03
3.578620e-03
1.081277e-02
6.863931e-04
8.873379e-02
2.913310e-02
1.618304e-01
2.513189e-02
2.372831e-02
1.368343e-01
7.143046e-03
1.285211e-02
9.175214e-04
6.129360e-02
1.581619e-02
3.627311e-01
9.828911e-02
3.401946e-02
9.745832e-03
4.494603e-02
4.348628e-03
8.714574e-02
2.893826e-04
2.284776e-02
2.034600e-01
6.739361e-02
1.796465e-01
1.366274e-01
9.424688e-02
2.940462e-02
1.417548e-04
3.967641e-02
1.890273e-02
3.307016e-04
1.417799e-02
7.669988e-02
2.435256e-05
2.820123e-02
2.610127e-03
1.254580e-01
3.112443e-03
1.647981e-02
3.779433e-02
1.738930e-02
2.927766e-04
3.086446e-02
2.776711e-02
9.947209e-03
1.982613e-02
3.286357e-01
7.214373e-04
7.800120e-03
1.181584e-01
9.074317e-02
5.965734e-04
2.295573e-01
2.625111e-02
3.663845e-03
3.478206e-04
5.462538e-03
9.118602e-02
9.929795e-02
9.645343e-03
9.311965e-02
1.693034e-02
6.463539e-02
6.579651e-04
3.364296e-02
4.106578e-03
7.925174e-04
1.463370e-01
1.018979e-01
1.042819e-02
1.685172e-02
1.538417e-06
2.611524e-02
1.379586e-02
2.314526e-02
5.930340e-03
6.762046e-02
7.554449e-02
4.409919e-02
4.490577e-02
3.333895e-02
3.790392e-03
1.032596e-01
3.523235e-02
5.454877e-03
2.282462e-02
6.620206e-02
1.176012e-01
1.074329e-01
2.980841e-02
2.568404e-01
5.952828e-03
2.262124e-02
6.837990e-02
1.845832e-01
1.368589e-02
3.011569e-02
2.556205e-03
7.194688e-02
1.837150e-02
3.629190e-02
2.820649e-03
4.187646e-04
2.298639e-01
1.758591e-01
1.143575e-02
9.026558e-02
5.821633e-02
7.400272e-03
5.208795e-02
4.469885e-03
4.252511e-02
8.312327e-02
2.990011e-02
6.127363e-04
1.229275e-07
1.240230e-01
1.243694e-02
5.816116e-02
7.571782e-04
9.087270e-03
5.273476e-08
9.653523e-07
7.109300e-02
7.817962e-02
4.296926e-02
8.542593e-02
7.228206e-05
9.371180e-02
1.813021e-01
1.061006e-01
2.872465e-03
7.512814e-04
4.897684e-02
2.581186e-02
4.959104e-02
3.468618e-02
1.625728e-01
2.718816e-02
1.022409e-02
1.863370e-03
4.519345e-02
1.639837e-03
6.654673e-02
5.154903e-02
4.897403e-02
2.396690e-02
1.414115e-03
6.502303e-02
1.890669e-03
4.432435e-04
3.405675e-01
6.477244e-02
4.012688e-02
1.864614e-01
1.051595e-01
3.779068e-03
1.355378e+00
1.011624e-02
1.778510e-02
1.077759e-01
9.994533e-02
4.089648e-02
2.589283e-03
2.779896e-02
1.012967e-01
8.138627e-02
1.519731e-02
4.766530e-02
2.919137e-02
9.740708e-03
4.463579e-02
3.739125e-03
3.715648e-02
8.435142e-03
2.028649e-04
1.920158e-02
1.691862e-01
6.094755e-02
1.289797e-04
1.549439e-02
3.329193e-02
1.834004e-01
9.383855e-02
1.345247e-01
2.292048e-03
1.538352e-02
2.175354e-01
1.380488e-03
7.843823e-03
4.336156e-02
6.335876e-02
4.914073e-02
1.113803e-01
8.944064e-03
1.281204e-01
1.276643e-02
1.260959e-01
2.650212e-02
8.316543e-05
9.866307e-02
2.350773e-03
7.345088e-04
5.476970e-03
9.504450e-02
1.802303e-02
3.310050e-05
2.505805e-06
2.782684e-01
1.757025e-04
1.357887e-01
2.991884e-02
9.001829e-03
9.386136e-02
1.772416e-02
4.002437e-06
4.856945e-02
2.488889e-01
3.699600e-01
5.902961e-05
6.000972e-02
2.617076e-02
8.143430e-02
1.241659e-03
1.527880e-02
2.850838e-02
1.325622e-01
3.592909e-02
6.878377e-02
5.846943e-02
8.340341e-03
4.291904e-02
2.823296e-02
7.698967e-04
2.587925e-01
4.056152e-02
7.895911e-02
9.141815e-02
6.953526e-03
2.162375e-02
1.584516e-03
8.979112e-03
2.442782e-01
1.354475e-02
9.604236e-03
6.734730e-02
1.072619e-01
1.824851e-02
1.210805e-03
1.717606e-01
4.173427e-03
4.990771e-02
7.910134e-02
1.306071e-02
6.630348e-03
3.954628e-01
3.141545e-02
1.486139e-03
6.176100e-02
5.959592e-02
6.538663e-02
4.396662e-04
1.743835e-04
2.173823e-01
1.263692e-01
5.675108e-02
2.345447e-02
4.287690e-02
6.551005e-02
5.914326e-02
1.710771e-01
6.766973e-02
1.497516e-03
1.905832e-02
8.524798e-03
2.161005e-02
4.212406e-01
4.147882e-01
2.921583e-03
1.296950e-01
9.202232e-02
4.767982e-03
7.699441e-02
6.376098e-03
2.117805e-01
5.477006e-02
8.453399e-06
1.561285e-02
1.162868e-01
2.277566e-04
2.305807e-04
9.962852e-05
2.180051e-02
4.076452e-02
1.429539e-03
1.180179e-03
1.275437e-01
4.355371e-03
1.115034e-02
2.153391e-04
4.601801e-04
7.356346e-02
3.979865e-02
1.439901e-02
3.280186e-02
7.492109e-03
3.125280e-01
7.105344e-02
2.076558e-02
9.667560e-02
1.472677e-01
1.829244e-02
1.078726e-02
6.851223e-03
3.594059e-06
2.510012e-03
8.922578e-02
8.552123e-03
1.004639e-01
4.046706e-02
2.262883e-02
6.458350e-03
4.356505e-02
1.309557e-02
3.879093e-03
1.341742e-01
5.900750e-02
2.648231e-02
4.559776e-05
1.120708e-01
1.349644e-02
4.779120e-03
3.490737e-05
1.553052e-01
3.907955e-02
2.955184e-02
1.345711e-02
4.560654e-02
1.424175e-03
4.322385e-02
2.110765e-02
3.592018e-02
1.946715e-02
3.671845e-02
3.635304e-02
1.122815e-02
3.312847e-04
8.299292e-02
1.127314e-05
4.206525e-03
1.371988e-01
1.844557e-02
2.396794e-03
3.613519e-02
3.035654e-02
1.468769e-01
6.883448e-02
2.822227e-02
4.209237e-02
1.720877e-03
5.791149e-03
2.912175e-02
9.093939e-02
1.242442e-02
7.373028e-03
1.072621e-02
4.719862e-02
4.095084e-03
7.225119e-03
8.487228e-02
5.998301e-03
1.891708e-02
2.224673e-01
3.112542e-03
2.561206e-02
2.097046e-03
5.465928e-03
1.549925e-01
7.984329e-02
4.566056e-02
1.398989e-04
6.122277e-02
2.199708e-02
1.285886e-02
2.403044e-03
4.549930e-02
1.800891e-03
1.579394e-01
2.623987e-02
3.445082e-02
3.025193e-02
5.313386e-02
8.194926e-02
3.633378e-02
1.071962e-01
1.154178e-02
6.297346e-03
1.599684e-02
1.857419e-02
7.028128e-03
8.565535e-03
3.089454e-03
8.433529e-02
9.637477e-02
1.479049e-07
1.201709e-03
7.132344e-05
4.555736e-02
6.081850e-02
4.457884e-04
4.307649e-02
1.951950e-01
5.281227e-02
5.725697e-02
4.138758e-02
4.897288e-02
3.698979e-04
1.035109e-04
1.615087e-02
3.414988e-02
2.575591e-02
4.547406e-03
8.181693e-03
4.896192e-02
1.581183e-03
3.886705e-02
2.360509e-03
9.297048e-02
4.849764e-03
1.794585e-01
1.468792e-01
3.147834e-03
9.620940e-02
1.061283e-03
9.100458e-02
1.041078e-01
1.840136e-02
2.689542e-02
2.515445e-05
1.075868e-03
7.403587e-02
4.594100e-02
1.742917e-02
9.805347e-02
2.145659e-04
4.726034e-02
8.196782e-03
3.313942e-02
6.479881e-03
2.223505e-03
5.637210e-03
4.007226e-02
1.649533e-03
3.081757e-02
8.455497e-02
2.433661e-02
3.429836e-03
8.303732e-04
1.761111e-02
1.534400e-01
2.383974e-01
1.248537e-01
3.383292e-02
2.701663e-01
4.616653e-01
8.896348e-03
2.186925e-03
2.416100e-02
3.723659e-02
3.365818e-04
2.194342e-01
2.765876e-02
3.554406e-01
1.366067e-01
1.204277e-01
3.075641e-02
1.409097e-03
4.918744e-04
2.431305e-03
2.249029e-04
6.600222e-04
2.859210e-02
1.617010e-01
4.200538e-02
3.581215e-02
5.587853e-02
3.845650e-03
1.263187e-04
1.699488e-01
2.235653e-02
3.029050e-05
1.190320e-01
3.863917e-02
1.396733e-02
1.014847e-03
1.064958e-04
8.463885e-04
1.492742e-02
4.093902e-03
1.529165e-01
4.762706e-02
4.715097e-02
3.848536e-03
8.441821e-03
3.230932e-02
4.808410e-03
9.265420e-03
1.432027e-01
6.720575e-03
6.902201e-03
1.110119e-02
1.785701e-01
9.099657e-04
8.784650e-03
4.045259e-03
3.171758e-05
1.721137e-02
5.581866e-03
3.429373e-02
9.401660e-08
2.202894e-02
2.815869e-02
6.593047e-03
1.925384e-01
6.346891e-03
8.889751e-04
2.778500e-01
2.096970e-02
5.590959e-03
2.034943e-02
8.025055e-02
7.563969e-03
3.609165e-01
1.174055e-01
1.336328e-01
6.270269e-03
5.481169e-03
6.193389e-03
1.515338e-02
1.708247e-01
1.450006e-01
1.777282e-01
1.021721e-01
5.233352e-02
1.701780e-02
4.817523e-02
5.553348e-03
2.075376e-03
2.264014e-02
9.365850e-02
1.691151e-01
5.873194e-04
2.116295e-02
4.847831e-02
1.404542e-03
9.586119e-02
1.333087e-02
3.333610e-03
6.555504e-03
1.955080e-03
1.002148e-01
8.718151e-06
2.652406e-02
5.442912e-03
1.764567e-01
2.149767e-02
2.304442e-03
2.055051e-05
8.711178e-02
6.881024e-02
9.756786e-03
3.529344e-03
1.006606e-02
1.902918e-02
2.789219e-03
6.013585e-04
1.736864e-02
2.187805e-02
5.934461e-02
1.101004e-01
1.213770e-01
1.565853e-04
2.650397e-01
4.183878e-02
4.429671e-02
5.707436e-02
