1.210069e-03
9.226896e-02
4.078745e-02
3.694297e-02
4.930001e-03
5.679993e-04
9.965696e-03
5.270808e-02
2.063743e-03
8.423754e-02
1.384222e-01
2.175409e-02
1.964753e-03
9.227699e-03
3.589743e-04
3.685829e-02
2.046912e-02
4.570568e-02
1.478753e-02
9.697753e-03
2.353257e-03
2.390304e-02
4.296239e-02
8.116060e-02
2.900266e-04
7.003413e-04
2.881470e-01
1.671054e-02
5.831965e-04
8.116821e-04
1.388215e-01
1.628092e-02
4.928616e-03
5.003033e-02
9.760306e-03
1.300117e-01
1.315694e-01
1.618578e-03
2.257340e-02
9.006935e-03
9.032949e-02
9.468694e-02
1.336001e-03
3.471432e-02
1.168449e-01
5.060600e-08
2.366782e-02
5.322171e-04
1.454938e-01
8.572629e-02
2.223483e-02
6.281866e-04
1.390024e-01
1.103118e-01
1.146432e-01
3.034817e-04
5.151393e-02
3.254258e-02
3.493416e-02
1.581468e-02
2.216940e-01
5.618325e-03
6.465004e-02
6.597686e-02
1.204769e-04
2.070827e-01
2.110204e-03
1.460952e-01
6.236846e-03
1.654984e-04
6.127236e-02
7.701199e-02
3.424613e-04
5.344275e-02
3.415612e-05
1.423902e-02
1.496957e-02
3.453697e-02
1.580402e-01
9.145937e-03
1.371980e-02
6.666665e-03
8.062819e-03
3.077110e-01
1.166323e-02
1.012899e-01
7.636716e-02
1.136171e-01
6.489599e-03
4.759424e-02
2.548772e-04
6.926465e-05
1.258481e-01
5.895888e-03
3.253432e-02
1.209537e-01
1.363598e-01
2.910123e-01
1.214168e-01
1.175395e-01
5.041146e-04
2.294747e-02
1.096010e-01
1.018616e-02
8.355615e-02
2.073208e-05
9.985749e-02
4.184972e-02
1.541072e-02
2.471227e-01
1.673072e-01
2.117470e-01
2.318921e-02
8.711354e-03
4.378411e-04
6.264432e-03
2.292494e-03
2.561999e-02
2.078518e-02
4.577439e-02
4.429341e-02
3.628682e-02
2.955344e-02
3.903656e-03
2.538907e-02
5.709136e-03
1.951159e-03
2.382438e-02
7.182185e-03
4.425782e-03
1.063849e-02
5.335121e-02
5.895109e-03
1.844211e-04
1.080342e-02
1.248342e-01
4.921824e-01
5.619460e-04
5.374922e-02
6.291779e-03
1.100586e-02
7.246140e-02
5.150625e-04
1.261136e-03
1.273435e-02
6.313933e-03
1.603504e-02
2.478564e-01
5.413801e-03
3.888616e-02
9.674246e-02
1.254123e-01
2.675031e-04
2.439281e-02
4.503999e-03
1.633533e-01
9.052608e-02
1.617008e-02
1.109979e-02
1.377290e-01
2.064205e-02
1.582207e-02
6.105775e-02
7.851887e-03
4.682546e-03
2.869612e-01
7.635713e-03
3.158013e-01
4.171732e-02
3.382762e-04
7.020914e-03
5.478839e-03
4.910468e-03
1.708918e-01
2.393649e-02
6.673660e-02
2.027632e-03
7.361657e-03
1.728042e-02
2.312737e-02
7.486741e-02
5.751934e-02
2.127143e-02
8.018177e-02
4.451759e-02
3.369338e-02
8.425694e-04
7.689922e-03
9.527142e-04
7.391315e-03
4.907575e-03
2.287905e-02
2.652378e-01
4.829050e-02
6.781564e-03
3.968621e-02
2.362867e-02
1.543579e-01
1.388436e-01
5.274473e-01
2.361819e-03
5.530920e-03
5.079272e-03
1.030788e-04
2.813105e-02
5.680662e-02
5.243433e-03
1.644490e-02
4.109062e-04
3.391005e-02
2.155028e-01
2.389862e-02
5.696917e-03
3.019969e-02
1.453428e-03
3.330419e-03
5.335829e-02
4.417187e-03
1.168671e-01
1.055030e-01
3.114597e-02
8.770713e-03
5.122062e-04
5.341792e-02
6.236832e-03
9.202955e-03
1.865670e-02
6.838597e-02
3.414039e-03
1.111728e-02
3.573989e-02
4.909806e-03
8.484355e-02
4.077652e-03
4.514432e-02
1.295898e-02
1.408828e-02
1.525430e-01
1.944609e-03
9.258459e-02
1.690952e-01
2.092367e-03
3.607185e-02
3.672649e-02
1.409457e-04
1.146953e-02
1.013357e-01
2.175016e-02
6.874175e-03
5.876269e-02
1.525614e-01
7.692580e-03
2.035690e-01
2.942375e-03
2.270298e-04
6.145562e-04
2.447855e-02
1.978440e-02
3.340507e-02
7.706046e-02
1.859362e-02
1.357871e-03
1.758561e-02
8.981568e-03
1.287717e-02
6.091801e-03
1.761805e-02
1.376567e-02
7.645889e-02
6.031236e-04
2.494107e-02
2.912952e-02
1.005899e-01
3.632409e-05
7.453637e-03
1.044588e-03
5.772137e-03
3.365815e-02
4.309442e-04
2.370224e-03
2.992876e-02
4.133379e-02
4.037337e-02
3.539750e-02
1.209885e-02
2.100246e-03
2.125811e-03
1.316352e-01
1.954300e-03
1.442731e-03
1.527161e-01
5.101399e-04
2.609813e-02
4.616899e-02
1.025152e-02
3.444692e-02
5.314091e-02
6.200412e-03
6.614988e-02
7.009893e-02
6.353594e-03
9.088159e-05
4.666796e-02
1.252564e-01
7.987171e-02
4.110847e-02
4.085030e-03
8.026676e-03
9.658998e-04
2.430137e-02
1.770269e-01
3.642038e-03
5.214372e-02
7.824091e-02
2.499483e-01
6.189765e-02
2.161506e-03
8.358901e-03
3.470240e-02
8.062293e-03
3.578176e-02
4.054772e-03
3.325696e-03
6.268147e-02
5.072803e-02
1.438428e-02
2.759857e-02
5.510355e-02
1.297054e-01
3.126135e-03
2.408554e-02
2.684387e-02
4.865667e-03
2.488192e-02
2.196938e-03
3.049825e-02
1.772508e-04
2.536982e-02
2.018673e-03
2.080213e-02
2.024496e-03
7.843586e-02
2.090239e-02
3.182300e-02
6.015804e-02
1.316951e-02
4.266087e-02
9.600861e-04
4.160727e-02
4.654073e-03
1.575266e-01
1.266154e-02
6.658488e-02
4.011317e-02
9.574446e-03
8.157200e-03
3.434174e-01
3.004231e-02
3.007483e-05
2.401559e-02
3.663159e-03
1.122243e-01
2.014615e-02
3.223305e-02
1.321684e-01
2.195194e-02
2.375050e-03
3.311117e-02
1.870437e-01
1.763488e-04
1.956111e-01
3.592032e-02
1.013191e-01
4.209067e-04
1.666939e-03
4.703618e-02
1.083342e-01
1.193217e-02
5.438724e-02
1.617274e-02
5.277818e-03
3.966029e-02
7.980417e-02
8.476996e-07
3.105050e-02
2.233335e-02
2.307544e-04
1.949932e-02
1.111986e-01
7.852125e-02
1.368328e-01
2.521208e-03
8.237860e-03
3.916805e-02
4.907193e-03
6.613308e-03
8.197026e-03
1.361076e-01
1.617586e-01
6.387122e-02
9.711273e-03
2.363894e-04
3.034466e-03
7.447918e-03
1.379996e-03
8.931655e-03
1.719978e-01
1.323091e-03
1.744783e-03
1.297548e-01
8.330434e-03
4.578976e-03
3.917358e-02
2.031472e-02
6.557657e-03
6.812537e-04
7.159924e-03
2.263328e-01
2.723251e-03
3.317377e-02
1.738649e-01
2.000340e-02
1.130093e-03
6.464776e-03
3.570741e-01
6.235329e-02
1.824987e-01
1.661126e-01
4.258637e-02
1.692358e-02
1.244534e-04
1.650253e-03
5.862263e-02
5.238809e-02
1.744937e-03
5.707559e-02
1.104288e-01
1.937870e-04
1.917661e-03
1.361199e-02
9.140040e-03
1.034015e-03
2.160693e-01
1.585589e-03
2.839667e-02
1.080563e-03
6.291574e-03
1.346631e-01
3.724087e-01
5.318290e-02
1.240980e-01
1.997844e-02
2.219784e-04
8.301474e-02
9.058382e-04
1.145286e-01
2.437846e-01
1.610953e-02
1.799011e-01
2.062586e-02
1.844925e-01
1.564896e-02
9.224862e-02
3.667634e-04
7.551423e-03
5.672407e-03
1.698025e-01
4.904974e-03
7.796644e-03
1.835660e-02
1.000648e-02
5.845994e-03
8.540160e-02
7.422863e-02
1.893074e-03
2.221844e-01
1.863628e-02
1.705930e-02
1.106796e-02
1.202281e-01
7.475875e-03
6.151267e-03
1.791786e-02
1.704929e-01
4.644444e-02
2.765810e-03
2.176837e-04
2.179756e-03
4.578562e-04
1.630653e-04
1.014496e-01
1.546175e-01
2.456132e-01
2.616973e-03
3.347483e-02
1.859971e-02
4.254408e-02
4.491336e-02
1.072712e-02
2.969146e-03
1.157389e-02
4.455601e-03
5.336394e-05
2.667262e-02
2.312593e-03
7.120605e-02
1.323566e-03
1.189286e-02
2.309512e-02
5.908243e-02
1.173162e-01
9.593103e-02
5.731324e-02
1.665420e-03
1.193493e-03
9.964860e-02
3.673305e-02
4.477215e-08
2.061464e-02
1.129587e-02
4.251519e-02
2.665030e-02
6.236468e-04
3.933751e-03
6.639075e-02
5.105660e-02
1.436269e-02
1.989130e-02
5.153305e-02
2.608787e-01
6.322132e-03
6.961132e-02
1.958836e-02
6.205720e-03
3.360834e-02
1.710548e-02
1.903320e-02
6.711111e-02
7.333303e-04
1.524667e-02
4.017831e-03
2.489760e-02
2.189614e-04
1.458657e-04
6.252228e-03
1.688159e-01
1.732567e-01
8.847725e-03
9.201998e-03
1.643410e-06
6.372357e-02
7.337254e-03
2.859894e-02
2.792809e-04
8.644769e-03
3.377042e-03
8.788928e-02
2.651711e-02
1.383768e-03
2.304313e-03
3.706793e-02
2.961564e-03
1.355219e-01
1.155055e-02
9.018713e-03
6.167908e-03
2.425707e-04
5.359484e-02
6.408815e-02
9.429889e-02
2.247853e-02
6.675680e-03
2.019790e-02
3.171701e-03
1.469355e-01
5.175963e-02
3.842589e-02
2.744928e-02
4.105649e-02
1.229997e-01
6.853192e-04
4.591233e-02
6.644010e-06
7.743091e-04
1.518486e-02
6.954733e-02
5.040699e-03
3.525048e-03
1.165375e-04
1.827404e-02
8.152133e-07
7.896277e-03
1.102491e-01
1.231732e-01
