5.135752e-03
5.789838e-02
1.625524e-02
1.801664e-04
2.308452e-03
4.380170e-02
1.301212e-01
4.626444e-02
3.063299e-04
4.253346e-03
6.145475e-02
1.240841e-04
1.245269e-03
1.656372e-02
7.587403e-02
8.615841e-03
4.281729e-04
2.852098e-03
8.923513e-03
4.715113e-02
9.928959e-02
5.134535e-02
1.015105e-01
3.481551e-02
1.239449e-03
1.889645e-01
8.551119e-02
6.975652e-02
2.709350e-02
3.465536e-02
1.458222e-01
6.899989e-02
7.741073e-02
8.817063e-03
5.583042e-02
2.241389e-03
9.591159e-03
1.543245e-04
2.481626e-02
1.433978e-03
9.686198e-03
3.335972e-04
3.125393e-03
1.193665e-03
1.201088e-01
9.565776e-02
1.332189e-02
5.647120e-04
2.428059e-03
1.023966e-02
8.920194e-02
8.653977e-04
8.732234e-02
2.699695e-03
2.259791e-04
2.583431e-03
2.274737e-04
8.130699e-03
1.350834e-02
9.435373e-03
6.280136e-03
7.346760e-02
4.802947e-02
8.468328e-02
6.836671e-02
9.399835e-03
5.646782e-02
1.848782e-01
1.042272e-03
2.596150e-03
2.229103e-03
4.571864e-02
2.236058e-03
6.344293e-02
1.256954e-01
2.425822e-02
8.081563e-03
1.217174e-01
2.808034e-01
6.958117e-02
1.487477e-01
4.160342e-02
1.766916e-01
7.991824e-02
2.106327e-02
3.046361e-02
2.456068e-02
3.711263e-02
2.161591e-02
3.530592e-05
5.776741e-02
1.396241e-02
5.408584e-02
3.010362e-04
2.054866e-04
3.346463e-03
1.825839e-02
1.328059e-04
2.349236e-04
1.034257e-01
3.711469e-03
4.110274e-02
1.943812e-01
8.235616e-04
1.600885e-01
2.031659e-03
1.601710e-04
1.064491e-01
3.170238e-02
3.316549e-03
4.957476e-03
3.986624e-01
7.628585e-04
1.339652e-01
3.042848e-02
1.137024e-02
6.726262e-02
4.081069e-02
2.287914e-01
3.183037e-02
1.680865e-02
4.031619e-02
4.530452e-04
2.166842e-03
2.489953e-02
4.343182e-02
1.479491e-01
1.922146e-03
5.470007e-03
4.161260e-02
4.682819e-04
7.314682e-03
1.601433e-02
3.685216e-02
2.913445e-02
3.197677e-02
1.603580e-01
2.205748e-02
2.050220e-03
2.987773e-02
2.981026e-01
2.408027e-02
5.879232e-03
7.984438e-02
2.277112e-02
5.999970e-03
9.528014e-03
6.146082e-02
9.976486e-03
1.508967e-04
2.056337e-02
7.630636e-03
3.526189e-02
3.087184e-03
1.100903e-01
6.849466e-02
5.001156e-02
8.175080e-03
1.172286e-02
2.197843e-02
1.980903e-03
1.852654e-02
5.567187e-02
3.665591e-02
4.744154e-02
1.053942e-02
2.110323e-02
2.716277e-01
2.040652e-02
1.993305e-02
3.939145e-02
4.696019e-02
8.368089e-02
1.801303e-05
4.153359e-03
1.002800e-02
1.170295e-04
9.028836e-04
1.613037e-03
8.762214e-02
1.725457e-03
1.776489e-02
1.665870e-02
7.847043e-02
1.396956e-02
3.340541e-02
1.100052e-01
6.793272e-02
2.731876e-03
1.551106e-03
3.523261e-02
2.630436e-02
4.984482e-04
6.544720e-02
3.867719e-03
2.648842e-02
1.714227e-02
2.655587e-02
1.394573e-01
8.614993e-02
4.043427e-02
6.941946e-02
6.916317e-02
9.627632e-03
2.751555e-03
3.961899e-02
8.062869e-02
8.355464e-02
1.237642e-01
7.489331e-03
1.643847e-02
4.211195e-02
1.709394e-01
4.270537e-01
1.331735e-02
3.242821e-01
2.107372e-03
9.382614e-02
7.504605e-03
5.323886e-05
4.699862e-02
6.578424e-02
6.989790e-02
1.425068e-01
6.925314e-03
7.136422e-04
5.206652e-02
1.744783e-04
1.682155e-02
8.931112e-02
2.357642e-01
1.653327e-03
5.290731e-03
1.547332e-01
3.574848e-02
8.082604e-05
6.375605e-02
4.285454e-02
1.691469e-02
2.637330e-01
1.132712e-02
8.626819e-03
6.678278e-03
6.696071e-02
1.490377e-02
2.137962e-02
4.200383e-02
6.060475e-04
7.280675e-02
9.439154e-03
1.710052e-02
8.502361e-02
1.789201e-04
1.070238e-04
4.711374e-02
1.860945e-01
1.751409e-01
4.513326e-02
1.139017e-03
4.008917e-02
6.072736e-03
3.803411e-02
1.093405e-03
2.164758e-02
2.542481e-01
1.907308e-01
9.508236e-03
1.580592e-02
6.644175e-03
6.404801e-02
2.771379e-03
5.461906e-03
3.515837e-01
2.040983e-04
1.197841e-02
5.802501e-03
1.960133e-03
1.627250e-04
1.877262e-03
1.441517e-01
1.007444e-02
1.067171e-02
1.348213e-02
2.436408e-03
3.148388e-02
5.681803e-04
2.003977e-01
1.182777e-01
3.587036e-03
4.086822e-02
9.001998e-02
3.371757e-02
1.000618e-02
2.297413e-02
9.359786e-02
6.592533e-02
9.135336e-03
1.322936e-02
1.437946e-01
4.170552e-03
2.680624e-03
1.420845e-05
1.401481e-02
4.400247e-04
3.348087e-02
2.379168e-02
3.799532e-02
1.661306e-02
1.471560e-01
6.193340e-02
8.994701e-04
1.053135e-02
2.769413e-04
1.404285e-01
4.141211e-02
1.376859e-03
1.843707e-02
8.425180e-02
2.358815e-02
2.216027e-03
6.000665e-03
4.247956e-02
3.337679e-03
2.215406e-02
4.749712e-02
2.866416e-01
5.951891e-03
1.761473e-02
2.336800e-01
1.367801e-03
2.391394e-02
1.359118e-01
2.147064e-02
4.607427e-02
2.513802e-02
6.709958e-03
1.524044e-01
7.727818e-02
5.372135e-03
1.851496e-01
4.059912e-04
4.924974e-02
6.322413e-02
8.967139e-07
9.312857e-03
8.160840e-03
1.111879e-01
6.075221e-04
3.512962e-02
4.373718e-04
6.104705e-02
9.206693e-07
6.081805e-02
4.175221e-02
6.789200e-03
5.903343e-02
8.777284e-02
1.191024e-03
1.601317e-01
7.233672e-05
6.868950e-02
1.019699e-01
7.521981e-03
4.473384e-03
2.880656e-03
8.749707e-04
2.301149e-04
2.283110e-03
3.872838e-02
1.680562e-02
5.783808e-02
5.682622e-02
1.167144e-02
6.423323e-04
1.401744e-02
3.778365e-02
1.627776e-03
2.949641e-03
9.730405e-01
6.227893e-02
2.125082e-01
1.454626e-03
2.204715e-02
1.598943e-02
1.898891e-02
8.044468e-03
6.971396e-03
2.742473e-01
5.372987e-02
4.716253e-02
1.933046e-03
5.930812e-03
1.383657e-03
6.035946e-03
6.015649e-02
8.711742e-02
8.159281e-02
7.256864e-03
1.155602e-02
8.303031e-02
1.159335e-01
3.099820e-03
1.523858e-02
1.133758e-03
5.128820e-03
2.398816e-02
2.189143e-01
1.549858e-02
3.672395e-01
9.330938e-04
9.176108e-02
2.775337e-03
6.103609e-03
4.993521e-03
1.153265e-05
2.218793e-02
7.519133e-02
1.174633e-01
1.279698e-01
9.209292e-05
3.611766e-03
1.450164e-01
3.195600e-02
1.046004e-02
1.585044e-03
1.043000e-01
5.126988e-02
2.254086e-02
5.357834e-03
1.481377e-01
5.367051e-01
8.647116e-02
6.847084e-03
1.829154e-02
9.186136e-03
8.377695e-03
1.301455e-02
1.058957e-04
2.384953e-01
9.628388e-02
3.587300e-04
1.966145e-02
9.162412e-03
4.379798e-03
6.408958e-03
2.130700e-01
6.948076e-02
1.674274e-02
1.792725e-03
1.644820e-02
5.317763e-04
4.697541e-02
9.241133e-02
5.102590e-02
1.363360e-02
5.391730e-02
4.292721e-02
4.066140e-02
2.414527e-01
1.325659e-04
1.090426e-02
2.618284e-02
1.319221e-01
8.133520e-04
1.113892e-03
1.611534e-02
4.626921e-02
1.150092e-01
4.607418e-02
1.630560e-04
1.500430e-02
2.280808e-01
5.598668e-03
2.362518e-02
9.855419e-02
2.991545e-03
7.738644e-04
7.423480e-03
1.762343e-02
1.358820e-02
2.352573e-01
6.612448e-02
1.367926e-03
4.254386e-03
1.000079e-01
1.394333e-03
3.277091e-02
2.809534e-03
2.990591e-03
1.075391e-02
3.497316e-01
3.421730e-05
5.229736e-03
9.733130e-03
1.369900e-03
4.148479e-04
4.550673e-02
8.859007e-02
1.334773e-01
3.734641e-02
2.256447e-01
1.843192e-02
2.720863e-02
1.325102e-02
1.906688e-02
8.966166e-02
6.340383e-02
1.308186e-01
1.536614e-01
1.392384e-02
2.425944e-02
6.004424e-03
4.196295e-01
2.019303e-03
6.292459e-02
5.362975e-03
1.969586e-03
1.334514e-02
3.231737e-03
1.262069e-02
8.512150e-02
8.665719e-03
4.932248e-02
5.292749e-03
1.444069e-02
1.711729e-02
9.293130e-02
6.797858e-03
1.525693e-02
2.332885e-02
5.020310e-02
5.356734e-03
1.059093e-03
1.738218e-02
7.867957e-03
2.380943e-02
3.011021e-02
3.910743e-02
6.320154e-03
9.250189e-02
5.786235e-03
6.554256e-04
2.107605e-02
6.121257e-02
1.845298e-01
3.250727e-03
7.992002e-02
6.816445e-02
5.613796e-02
3.523109e-02
1.463770e-02
6.264411e-02
4.288632e-02
4.378552e-03
4.972010e-02
7.523065e-02
2.756872e-04
1.518600e-02
4.942783e-02
1.478056e-02
4.027663e-02
3.781377e-02
6.198229e-02
3.807282e-02
1.500941e-01
3.115505e-02
1.963668e-06
1.030303e-02
1.320911e-02
4.171002e-03
1.657437e-03
9.163369e-05
2.099800e-01
9.795467e-04
5.308160e-04
2.015393e-02
6.209500e-02
8.009782e-03
9.861280e-02
2.194390e-02
4.212173e-02
4.540487e-05
3.522182e-04
2.043020e-01
4.994175e-03
5.026229e-03
5.091964e-04
1.499125e-02
3.400746e-02
1.177925e-01
2.572036e-04
8.544961e-02
2.129495e-04
5.699581e-02
