4.938822e-02
1.381382e-02
1.501521e-02
1.665839e-01
1.817539e-02
6.581040e-02
4.260046e-02
2.345766e-02
6.244760e-02
1.452836e-02
7.019970e-03
9.601759e-03
7.670045e-05
5.194770e-03
5.418030e-02
8.701695e-02
1.078286e-02
4.881835e-02
1.298676e-02
1.281945e-03
5.576524e-02
9.190650e-03
5.898991e-03
2.999449e-01
6.117230e-04
4.505464e-02
2.421418e-01
1.124615e-02
1.607617e-02
1.067888e-02
9.499150e-02
8.926131e-02
1.440986e-01
8.521136e-03
7.260583e-03
6.783555e-05
3.855352e-02
1.428478e-02
5.668108e-04
4.426175e-02
9.227720e-02
1.708756e-01
1.314040e-01
1.001761e-01
1.197804e-03
9.754036e-04
1.423779e-01
4.115626e-04
2.721955e-03
6.977879e-04
6.143914e-03
1.302240e-01
5.321611e-03
2.336171e-02
3.722904e-03
5.627619e-02
6.311803e-02
4.994213e-04
8.607388e-02
3.945357e-02
3.675612e-02
3.128366e-03
2.258313e-02
2.478775e-03
1.087852e-01
4.727621e-03
1.262084e-02
6.822339e-02
4.313065e-02
1.483976e-02
6.959636e-03
4.256300e-03
5.809498e-02
2.577031e-02
1.021020e-02
2.054898e-02
1.022419e-03
1.814694e-01
8.518798e-05
1.005308e-01
1.118609e-03
7.968077e-02
5.043736e-02
6.875953e-03
4.181377e-02
8.922312e-03
5.624457e-02
1.446376e-01
6.983802e-04
1.432870e-02
1.114624e-03
1.962413e-04
3.306813e-02
5.366464e-02
5.167056e-02
1.593779e-02
2.360459e-05
2.373190e-02
3.983885e-04
2.847894e-02
1.245768e-01
1.921935e-02
6.683290e-03
1.367158e-01
3.297775e-01
1.766171e-01
9.345304e-02
3.095914e-01
9.492033e-03
9.369792e-04
9.001832e-02
2.451155e-01
7.480416e-04
2.464693e-05
1.382787e-03
2.772909e-02
1.893895e-03
8.184286e-02
4.099080e-02
5.222812e-02
2.226514e-02
1.325736e-01
4.713271e-02
1.631626e-02
3.914175e-04
4.757810e-02
1.214194e-01
7.359451e-02
1.484867e-02
5.949594e-02
1.614999e-02
5.950963e-03
7.812937e-03
4.021792e-02
5.078082e-02
9.282139e-04
9.563823e-02
3.692539e-02
4.072695e-02
5.297251e-02
1.247649e-02
1.064602e-01
1.738809e-04
4.527533e-02
4.920839e-03
4.205433e-02
8.341154e-03
9.654032e-02
5.846415e-03
9.290536e-03
1.743510e-01
3.277584e-03
5.603612e-03
1.255562e-01
1.594357e-02
3.012668e-02
5.116363e-04
2.615853e-01
4.414874e-03
2.700574e-02
6.708136e-02
7.156486e-04
2.332089e-02
4.755606e-04
4.898614e-02
2.028503e-01
3.522487e-02
3.847885e-03
2.949462e-03
6.110165e-02
1.469281e-02
1.966470e-02
1.370943e-02
2.372583e-02
3.157056e-02
4.896447e-03
8.065861e-02
1.460591e-03
9.891674e-02
1.712663e-01
2.089442e-02
4.618969e-02
6.830048e-03
9.306981e-02
1.869481e-02
4.479129e-02
5.985344e-02
6.141162e-04
9.175976e-04
2.009297e-02
1.750135e-04
1.438416e-02
1.670332e-02
3.606882e-08
1.171102e-02
7.285442e-03
4.484327e-03
2.310907e-03
4.681930e-03
6.159772e-02
1.871164e-02
3.672589e-04
1.290558e-01
4.243288e-03
1.966899e-03
1.100988e-03
1.078491e-05
5.830303e-03
7.293174e-03
5.117511e-02
3.276571e-03
1.936489e-01
1.102985e-02
1.324693e-01
4.418627e-02
7.228375e-05
2.107844e-01
4.500320e-02
5.193726e-02
2.751936e-02
9.139201e-03
7.772256e-04
3.766680e-03
1.447189e-02
1.096483e-01
2.981115e-03
1.098373e-02
3.663877e-03
3.124904e-02
2.451772e-03
4.947452e-01
3.196745e-02
1.975377e-03
8.286475e-03
5.297145e-02
2.335385e-02
3.099562e-02
1.682615e-01
4.064731e-03
2.347000e-02
2.513496e-02
1.204465e-03
7.608648e-01
9.217256e-02
7.542645e-02
6.120739e-02
2.205724e-02
1.553034e-02
3.642866e-03
1.080828e-04
6.637729e-03
2.225557e-03
2.885155e-01
3.011617e-02
2.922118e-02
1.049675e-01
4.033030e-02
2.942796e-04
8.590466e-02
6.290670e-02
1.718140e-01
1.506700e-01
1.835090e-01
3.914431e-02
2.601506e-02
7.656292e-02
2.941525e-04
2.319651e-02
2.850394e-02
5.498263e-02
3.786383e-03
8.410376e-02
7.860512e-03
1.512161e-01
1.741514e-02
8.393424e-02
4.224750e-02
3.662811e-02
1.151919e-03
1.599683e-03
9.039187e-03
4.570320e-02
9.113466e-02
8.276224e-02
1.139881e-01
2.386818e-02
9.527983e-02
6.575541e-03
2.031445e-01
7.340574e-02
3.825143e-03
1.376323e-03
3.597926e-03
1.185504e-01
5.014450e-02
2.755267e-04
1.575121e-02
1.129959e-01
1.031463e-01
5.614441e-04
1.599144e-04
1.656502e-01
1.887547e-01
5.523678e-03
3.006745e-03
9.754420e-03
1.459476e-01
2.044335e-02
9.725385e-03
1.296140e-04
4.439535e-02
7.153749e-03
2.479603e-01
2.331487e-01
9.196824e-03
2.750376e-03
1.214381e-01
9.410275e-03
1.076171e-02
1.043583e-03
2.122864e-02
7.504838e-04
2.642782e-02
2.684475e-02
1.646327e-02
1.605426e-02
1.008794e-01
3.522964e-03
2.422688e-02
2.138532e-01
1.062252e-01
4.060276e-02
1.530717e-02
7.783616e-02
2.195717e-02
6.519928e-04
4.510898e-02
1.073814e-02
3.278365e-02
2.427146e-02
2.761393e-03
6.125195e-02
1.323834e-02
9.738028e-03
5.412057e-04
3.171800e-03
5.307617e-03
8.587710e-02
1.544064e-02
2.955289e-02
2.529667e-03
8.932812e-03
8.926093e-03
2.833600e-02
7.611303e-04
1.515522e-02
1.462306e-02
3.661602e-02
9.856560e-02
1.145182e-04
4.210492e-04
1.012558e-01
1.589649e-02
1.392325e-02
2.096456e-02
3.303396e-02
2.690422e-01
7.541591e-03
4.331678e-03
1.292267e-03
9.275080e-02
1.374738e-01
1.531167e-02
4.185830e-04
4.896737e-01
2.322148e-02
1.295266e-02
1.412832e-02
2.476202e-03
1.367116e-02
1.151384e-01
1.012061e-05
4.039611e-03
8.071247e-02
6.353727e-05
3.871956e-02
6.295939e-02
5.241336e-03
7.835640e-04
1.529615e-02
2.606972e-04
4.537949e-02
3.168643e-02
5.505568e-03
6.541192e-01
2.601084e-02
6.997616e-02
2.181202e-02
4.527114e-02
6.433232e-03
1.155033e-04
4.665699e-03
3.161743e-02
2.876539e-02
7.238068e-02
1.585107e-03
3.883083e-02
2.216197e-02
2.893995e-02
4.063805e-03
1.548302e-02
1.734670e-02
1.632358e-01
2.550146e-02
3.653794e-01
1.038921e-01
1.228237e-02
1.423371e-02
8.685831e-04
3.035335e-02
4.917914e-03
8.901909e-02
4.918130e-02
3.766247e-03
7.041386e-02
8.319943e-02
5.391719e-04
1.609540e-01
7.880303e-02
2.637403e-03
7.061442e-02
4.718822e-02
1.168471e-01
3.726724e-01
1.124295e-02
1.069963e-02
3.118242e-01
1.478563e-01
1.695710e-04
1.352195e-01
7.512195e-02
1.184597e-02
1.077314e-02
1.133707e-02
3.072416e-03
4.327664e-03
8.243787e-03
1.052370e-02
4.031417e-02
6.775025e-03
1.063568e-05
7.656182e-03
1.701263e-02
5.908151e-02
1.163848e-02
4.606718e-02
2.644285e-02
2.394364e-02
2.099411e-01
3.131599e-02
3.410575e-02
2.380694e-02
6.738453e-07
7.769371e-02
1.318367e-01
1.500201e-01
1.824959e-04
1.131592e-04
2.235175e-03
1.043427e-04
1.621630e-02
4.691541e-01
7.107922e-03
7.514866e-02
1.844759e-01
6.899185e-03
9.064221e-02
4.554832e-03
2.444756e-01
1.214485e-02
3.247846e-02
6.690143e-04
5.743710e-03
5.231186e-02
4.388406e-02
1.029801e-01
1.906176e-02
1.600253e-03
1.324818e-02
2.933466e-05
3.240357e-02
1.615549e-01
3.853850e-03
1.194952e-02
1.209461e-02
5.425586e-03
2.661114e-05
1.267958e-02
2.723816e-02
3.574469e-02
6.550506e-03
3.049003e-02
2.078587e-01
2.173549e-03
4.911074e-02
2.303100e-01
4.311651e-02
2.128699e-03
1.948229e-02
6.944752e-02
2.288207e-01
9.482069e-02
3.642096e-02
1.233785e-01
6.308547e-03
1.112879e-02
2.956295e-02
1.813782e-01
7.291088e-02
5.997154e-03
2.391328e-01
1.690579e-01
1.026204e-02
1.620753e-02
1.693116e-01
3.634109e-02
5.446415e-03
8.121022e-05
4.052152e-02
7.561950e-02
2.877871e-01
6.805771e-02
8.975001e-03
6.813408e-02
1.468728e-06
2.202340e-02
8.239700e-03
9.042839e-03
1.412373e-01
4.879910e-02
1.097147e-02
5.993083e-02
4.374535e-02
6.676906e-07
3.846596e-02
1.106598e-01
1.493497e-02
1.945408e-02
3.377373e-01
1.476727e-02
2.659235e-01
5.745760e-02
1.217500e-01
1.626223e-02
9.749985e-04
2.860706e-02
1.410390e-02
3.775936e-02
1.763126e-04
4.418750e-02
1.429218e-02
1.898830e-01
3.128980e-02
8.566991e-04
3.799822e-03
1.154589e-02
3.117369e-03
2.759465e-02
2.285209e-02
4.890107e-03
4.112360e-04
1.438155e-08
2.383306e-01
4.684476e-03
3.608158e-02
1.373269e-02
1.752227e-02
1.479197e-01
2.205997e-02
7.461973e-06
1.057698e-01
2.057760e-02
1.477624e-01
8.669438e-03
4.580463e-03
1.937629e-01
5.889062e-02
1.691096e-02
1.013292e-03
5.374051e-02
1.434019e-02
3.079186e-02
1.369944e-02
5.600463e-02
