7.429378e-02
7.902015e-04
5.808622e-02
4.742076e-02
1.993119e-02
1.363857e-01
2.136119e-03
4.570252e-02
2.599996e-02
1.311115e-03
7.894457e-01
6.017426e-03
4.083535e-02
1.238540e-02
7.913706e-02
7.850234e-02
2.302128e-02
4.724242e-02
7.465508e-02
9.920385e-04
3.082274e-02
1.437184e-03
3.108750e-05
5.702543e-05
1.197708e-01
1.060667e-01
8.066228e-02
1.227449e-01
2.678577e-02
5.863389e-03
2.554663e-01
9.215467e-04
2.091565e-02
2.373408e-02
1.247385e-03
1.624122e-01
6.720831e-04
6.760612e-03
6.766024e-02
4.794635e-04
2.787936e-02
1.108776e-01
5.403052e-02
6.123173e-03
1.680094e-02
9.778392e-03
2.176603e-02
8.885113e-02
7.198567e-02
2.176100e-01
9.074532e-06
3.960231e-02
7.791228e-02
8.957673e-02
1.693038e-02
2.138111e-02
7.615480e-04
3.026327e-03
4.488282e-02
1.409310e-02
2.704610e-03
4.414373e-02
3.500386e-02
1.800397e-02
5.267624e-04
1.411099e-03
4.811939e-03
3.516201e-02
3.622768e-02
2.077293e-01
1.580489e-03
2.367581e-03
5.848560e-04
1.764441e-03
4.185185e-02
8.022293e-02
1.026918e-03
8.608543e-02
2.779218e-04
4.587554e-02
2.851802e-02
6.185844e-02
2.811054e-03
1.012130e-03
5.978352e-05
6.894096e-03
8.854258e-02
1.203560e-01
7.076496e-04
5.296067e-03
1.021912e-03
1.074305e-01
4.295475e-04
1.367474e-01
4.100320e-03
9.822783e-03
1.046620e-02
6.246151e-03
8.930296e-02
1.626041e-04
3.937528e-03
4.786273e-04
1.743321e-03
3.250238e-02
8.215792e-03
1.151139e-01
1.708503e-01
1.645495e-01
7.610198e-02
2.248597e-01
1.300123e-02
5.383519e-06
4.768135e-03
1.989233e-01
1.633127e-02
1.147169e-02
2.013372e-01
9.657954e-03
1.183693e-01
4.382921e-02
7.866048e-03
4.270565e-03
7.160289e-04
3.126608e-02
3.911281e-02
3.445766e-03
4.601249e-04
4.588065e-03
1.386519e-03
5.348619e-03
3.965807e-03
5.357782e-02
6.266736e-02
9.720994e-03
2.714364e-04
2.986770e-01
2.059442e-01
2.170873e-02
4.254466e-04
9.006201e-02
6.089008e-02
3.251275e-02
1.865578e-03
4.817494e-02
9.530148e-03
3.122095e-02
2.298307e-01
1.476512e-03
8.772794e-02
5.042297e-02
1.485101e-02
9.377647e-02
5.258689e-02
7.724294e-03
7.056743e-04
6.051384e-03
6.274326e-03
2.183029e-03
8.531825e-04
3.788560e-01
1.095604e-02
1.385026e-02
2.404975e-03
6.248160e-02
8.800821e-02
1.223803e-01
2.575520e-03
3.646944e-02
7.454917e-03
2.686441e-02
6.664450e-03
7.591387e-05
1.809762e-02
3.135525e-02
5.961928e-02
6.123601e-02
2.650735e-03
4.680498e-02
3.922973e-03
1.419594e-01
2.820823e-04
1.149836e-03
4.857483e-02
7.415821e-05
2.141639e-02
1.062401e-01
4.919513e-02
8.193531e-02
1.685965e-01
2.981982e-03
2.323513e-01
4.534352e-03
1.342068e-02
6.716689e-02
6.030360e-05
3.841102e-02
1.168322e-03
1.391013e-01
7.334847e-03
9.861441e-03
1.215570e-03
1.009585e-01
2.186827e-01
3.700600e-01
1.844003e-05
1.805742e-01
2.030124e-02
1.736420e-05
2.870245e-02
5.226680e-02
1.350178e-01
2.367237e-01
1.933681e-03
7.463809e-02
5.341341e-03
3.460769e-03
7.857022e-02
7.088546e-02
1.398542e-02
3.013044e-03
1.920988e-02
7.506486e-03
3.376288e-03
1.744155e-03
1.441323e-01
9.852003e-03
7.691611e-04
1.292689e-02
4.832497e-01
1.516108e-03
1.269621e-01
1.053848e-01
2.969888e-03
1.174369e-01
1.624189e-01
6.852011e-02
6.715467e-04
6.537813e-02
4.301656e-03
6.885569e-02
6.155078e-03
6.487489e-02
3.662410e-03
2.538451e-03
3.921007e-01
1.652840e-02
1.355685e-01
3.552309e-02
2.383025e-02
8.722787e-03
1.528413e-03
2.672733e-02
1.128696e-02
6.224371e-04
4.755832e-02
3.541979e-03
1.351794e-02
3.411950e-03
3.069173e-02
2.325459e-01
3.793901e-02
1.283114e-02
3.136309e-02
2.769304e-02
8.857681e-02
4.920484e-02
9.460750e-03
1.791652e-01
3.848581e-01
6.903153e-02
1.543221e-02
1.455436e-01
6.364645e-02
3.724275e-02
1.197296e-01
1.940527e-03
2.396194e-03
5.852772e-03
3.729588e-03
1.181957e-02
1.166342e-02
2.630517e-01
2.634997e-02
4.913313e-02
1.205584e-02
1.537553e-02
3.673789e-01
2.253784e-02
4.512289e-02
1.770420e-02
9.298745e-03
3.680266e-02
3.519433e-02
3.744455e-02
3.837280e-03
1.715042e-02
2.655189e-02
4.141246e-02
1.233616e-02
8.821667e-03
1.224534e-02
2.017845e-02
7.040910e-02
1.015448e-02
6.447766e-03
5.969044e-03
1.386991e-02
1.052455e-01
5.400877e-03
4.372851e-03
8.540883e-06
3.045082e-02
2.999918e-02
3.115483e-02
1.900988e-03
2.992674e-01
5.582616e-02
3.286501e-01
1.266043e-01
1.364010e-02
6.827754e-02
1.506838e-02
3.477803e-01
5.915597e-02
4.369606e-02
2.156350e-02
3.935311e-04
9.818849e-02
1.427781e-03
3.616580e-02
1.290857e-02
2.420307e-03
9.130072e-03
1.013435e-02
4.487061e-02
3.102264e-02
6.239424e-05
5.650792e-02
2.372533e-03
1.142871e-05
2.356133e-03
3.379141e-02
1.074392e-01
2.959535e-03
1.951502e-03
2.682747e-03
6.557759e-03
8.668641e-03
1.535262e-01
1.789480e-02
4.642701e-03
7.246687e-03
1.196431e-02
1.402142e-03
2.403006e-01
3.953006e-02
1.605480e-04
9.221739e-03
3.151095e-02
1.211693e-01
6.451245e-04
8.048918e-02
6.367164e-02
1.563288e-02
5.288429e-02
1.386340e-04
1.938937e-01
5.749710e-03
1.828471e-02
2.965789e-02
1.912655e-04
1.192491e-02
9.489745e-02
1.448557e-02
7.770067e-03
2.480179e-02
3.403370e-03
8.889694e-02
3.764220e-02
1.034696e-01
2.025533e-03
2.081238e-02
1.226025e-01
4.308984e-03
2.708591e-02
9.932315e-02
2.058948e-04
9.786857e-02
3.969314e-02
1.008404e-03
6.882914e-03
2.578907e-02
1.921084e-02
5.137387e-02
4.650605e-02
1.144612e-04
6.320153e-02
2.156011e-02
2.761433e-02
1.093613e-02
6.471024e-02
1.826433e-03
5.138197e-02
3.163436e-01
9.803308e-04
3.242246e-04
2.017681e-03
1.999869e-02
1.859293e-01
4.260892e-06
1.879585e-01
4.358167e-02
7.893684e-03
4.158088e-03
5.019040e-02
4.817593e-02
1.006324e-02
1.461305e-01
2.923092e-02
2.994129e-02
3.366859e-02
9.682329e-04
1.916731e-02
4.350440e-02
3.174422e-03
5.901312e-03
1.495822e-02
3.499814e-01
1.066881e-01
8.350319e-03
7.534881e-03
5.597858e-02
1.199283e-02
1.014591e-02
4.296690e-03
2.842361e-02
2.160972e-02
1.101118e-03
2.947245e-03
8.118081e-02
6.808728e-04
2.456055e-04
2.171508e-02
4.675527e-03
1.554477e-02
6.609247e-02
1.170650e-01
1.267385e-02
6.213012e-03
1.598148e-03
2.812469e-02
2.122187e-02
8.117685e-04
6.135990e-03
6.613224e-03
1.929869e-04
3.384008e-02
3.749035e-03
1.363751e-02
4.973915e-03
2.548255e-02
2.616976e-02
4.476505e-02
6.809257e-03
1.358412e-01
1.945967e-02
2.046916e-02
1.714661e-02
6.489680e-02
3.707274e-02
3.472064e-02
3.530939e-03
8.081914e-02
7.075086e-02
6.224293e-03
3.190683e-04
3.261748e-05
3.924179e-02
2.613786e-02
4.549362e-03
2.663003e-03
1.846732e-02
1.901259e-03
7.534327e-02
5.726348e-02
6.207530e-03
7.055962e-02
6.680176e-02
1.189153e-03
2.167732e-01
1.007339e-03
2.960926e-04
2.336413e-02
9.957588e-04
3.099434e-03
3.052859e-03
1.577575e-03
2.818369e-01
4.912673e-02
5.662015e-02
9.703708e-06
1.319904e-03
1.496347e-02
2.506708e-02
3.723321e-02
9.456803e-03
1.650148e-02
8.039035e-01
2.753189e-02
1.606627e-02
1.183116e-01
1.110935e-02
4.668984e-03
1.929192e-02
1.185567e-02
1.176576e-01
1.409236e-05
9.387612e-04
7.612937e-04
5.063868e-02
2.995724e-02
2.431306e-04
1.337932e-02
2.166844e-04
1.480625e-04
3.229939e-02
6.194989e-02
3.574749e-05
3.622874e-02
1.447363e-01
5.203350e-02
2.376932e-02
2.894391e-03
1.257411e-02
1.965234e-02
2.786797e-02
5.321473e-02
3.485638e-02
1.852350e-02
2.983519e-02
2.009903e-01
5.144570e-02
1.563932e-02
1.298992e-02
1.829793e-02
3.892813e-02
1.941707e-02
8.786056e-03
1.491193e-02
7.077346e-02
2.238373e-02
7.779428e-02
1.039082e-03
3.177097e-02
1.742344e-03
1.059908e-01
7.902370e-03
3.489124e-02
7.491714e-03
3.063482e-02
8.760844e-03
4.092813e-02
2.146288e-02
4.239270e-02
5.663915e-02
4.818353e-03
1.011062e-03
1.611156e-01
2.412664e-03
5.550793e-02
6.247376e-02
3.433252e-02
3.793047e-03
2.433918e-02
8.935227e-02
2.118036e-02
3.022820e-02
2.241659e-04
1.994054e-02
1.231240e-02
1.783649e-02
2.209975e-02
3.736102e-03
5.854107e-03
1.592593e-03
1.263848e-02
7.895907e-02
4.813784e-02
1.034770e-03
6.730116e-02
1.625687e-01
2.600873e-02
3.615254e-02
5.208575e-02
