1.213377e-01
6.759606e-03
3.657375e-02
6.176102e-02
6.491095e-02
2.082172e-02
1.406845e-01
1.929785e-01
1.555018e-02
1.069765e-01
6.805709e-02
2.195216e-02
1.240197e-01
2.309297e-03
8.201378e-02
1.234755e-04
1.053370e-02
9.275705e-02
1.619442e-02
1.424191e-02
4.015119e-02
4.828424e-02
5.716409e-02
1.617872e-02
2.494039e-02
1.628394e-02
1.685215e-03
9.724249e-02
7.165332e-02
2.265822e-03
3.543603e-02
8.763253e-05
6.725387e-02
4.708003e-03
3.327292e-04
4.153389e-03
2.522739e-02
9.538954e-03
2.001510e-03
2.605808e-02
2.579794e-02
6.374382e-04
1.079569e-02
8.342266e-03
3.928150e-03
2.080703e-02
2.721712e-03
4.362071e-02
7.416606e-04
1.646459e-02
5.961139e-02
1.391393e-02
1.660217e-02
5.853477e-02
9.624289e-02
9.637258e-03
5.469734e-02
3.650444e-02
1.021312e-02
2.450868e-02
1.640473e-03
3.493715e-03
8.031653e-02
4.275444e-03
2.342862e-03
3.204593e-03
7.144132e-05
3.002233e-02
7.397279e-02
1.011716e-03
2.813235e-03
4.806436e-02
1.060834e-02
4.699198e-03
6.536927e-02
7.945671e-03
7.760189e-03
2.398776e-02
2.150335e-01
2.971178e-02
5.229664e-04
7.919225e-02
9.963346e-02
2.355784e-02
2.148453e-03
8.430564e-02
2.018814e-02
5.272407e-03
4.144878e-02
5.974574e-02
1.388209e-03
3.813302e-02
3.172137e-02
4.153405e-03
4.048004e-03
1.028061e-04
3.091577e-02
5.850223e-03
9.096381e-02
1.696774e-05
3.039551e-05
1.038644e-02
1.729656e-02
2.894390e-03
1.087374e-02
8.025093e-02
7.241318e-03
3.547945e-02
9.271238e-02
1.308634e-02
1.225741e-02
3.418646e-02
1.130505e-02
3.227117e-01
4.105267e-03
2.585023e-02
8.806472e-02
1.098279e-03
1.452189e-02
1.249817e-02
7.128804e-03
1.272202e-01
3.708565e-06
3.834390e-03
1.834650e-01
9.185567e-03
5.552035e-02
5.331578e-02
1.197346e-03
1.014273e-01
2.040847e-01
3.778574e-02
5.211634e-02
1.663937e-03
3.275804e-02
1.169660e-01
2.607673e-02
1.569364e-01
8.645177e-02
6.884639e-02
2.543684e-02
4.301602e-02
3.918901e-04
1.198695e-03
4.819789e-02
1.320619e-02
1.213929e-01
2.937089e-02
3.198044e-02
3.267177e-02
2.263326e-02
1.115277e-02
1.054359e-02
1.810000e-01
1.205683e-02
6.222743e-02
8.632934e-04
2.495326e-05
2.282693e-02
1.463050e-03
6.579896e-02
2.115436e-01
3.230782e-03
1.571975e-03
5.747119e-02
3.538268e-03
1.094084e-02
1.478704e-01
8.030344e-02
1.976248e-02
4.338185e-05
8.471834e-03
7.510117e-03
1.201780e-03
9.044479e-02
2.818863e-02
1.967342e-01
2.364899e-03
1.870619e-01
1.323869e-02
7.994489e-04
3.488838e-02
2.053040e-02
2.123985e-03
2.406224e-02
6.245660e-02
9.743965e-02
1.026001e-01
1.325834e-02
1.249466e-02
2.627805e-02
7.622648e-02
9.912978e-04
1.048407e-04
1.030902e-03
1.403731e-05
2.414043e-03
6.168508e-02
1.694329e-01
4.727659e-02
9.727458e-02
6.271062e-03
2.411035e-02
1.465275e-03
2.187284e-01
8.759594e-02
1.568759e-01
4.736140e-03
8.099401e-04
1.589660e-03
1.045528e-01
2.950453e-01
6.429600e-01
2.368778e-02
3.706141e-02
6.704815e-02
1.015861e-01
8.284221e-02
2.226220e-03
1.936929e-02
2.631654e-02
9.221775e-02
5.190776e-02
5.096636e-02
2.355584e-01
6.657741e-02
5.270164e-03
6.606531e-02
4.738522e-03
3.288419e-03
3.056741e-02
2.204503e-02
9.252960e-02
6.556282e-01
2.792191e-02
1.212841e-01
6.968743e-02
6.933307e-02
8.758454e-03
1.963364e-03
6.981463e-03
2.722691e-01
2.368291e-01
2.047929e-01
2.197148e-01
1.128796e-02
1.260245e-02
5.047261e-02
1.015711e-02
3.896953e-03
3.018882e-02
2.250268e-01
6.482490e-02
4.775311e-02
1.531244e-01
2.203492e-02
2.730933e-01
4.586739e-02
1.098544e-01
2.990877e-03
1.361781e-03
1.865290e-02
4.688315e-02
5.042031e-02
1.586971e-02
1.521783e-02
8.985675e-03
2.591899e-02
3.923573e-02
1.151714e-08
8.375009e-02
3.109320e-03
2.400276e-01
1.821004e-02
3.489097e-02
5.986226e-04
1.283323e-01
5.897279e-02
1.152486e-01
8.366968e-03
1.465490e-01
2.163060e-02
8.870193e-05
1.002543e-02
8.360991e-03
1.013273e-01
1.914397e-05
4.127625e-02
1.069268e-02
1.305099e-02
1.845059e-02
1.770181e-01
1.011875e-01
4.369238e-03
4.029692e-03
1.008924e-02
1.924698e-02
1.012057e-02
2.624225e-02
7.055598e-02
2.363410e-03
6.861570e-04
3.965213e-02
2.500154e-02
1.728872e-02
7.311023e-03
8.728615e-02
2.380266e-02
7.905261e-03
2.824845e-02
4.100490e-01
3.248446e-02
7.924048e-03
4.086929e-02
8.021207e-02
3.811980e-02
3.988282e-03
5.830466e-03
2.998759e-02
2.974900e-02
5.433747e-02
1.351810e-02
1.380628e-02
5.706215e-03
1.525840e-02
4.194524e-03
8.847193e-02
1.090933e-02
3.923277e-03
9.137179e-02
5.062046e-02
2.423408e-02
8.023231e-03
5.697549e-02
1.953605e-03
1.406786e-02
6.345477e-03
1.945361e-01
6.786429e-03
7.151047e-06
4.233936e-02
3.034271e-02
4.024005e-02
4.768297e-03
2.109742e-02
8.805447e-05
8.744842e-04
2.315825e-02
1.075617e-02
1.120065e-01
1.100203e-03
2.658776e-01
1.676653e-01
3.147580e-02
1.464873e-03
5.649444e-02
2.138113e-05
1.965305e-02
1.089359e-01
7.341663e-03
8.301902e-02
1.881877e-02
1.067489e-02
9.426676e-02
4.480309e-03
2.650596e-02
5.265671e-02
8.190398e-03
1.277599e-04
6.078357e-02
4.498660e-03
7.323281e-03
2.855955e-03
1.260766e-01
1.353966e-03
1.854045e-02
1.511014e-02
3.228999e-02
2.629507e-01
1.133102e-03
8.620587e-02
1.228296e-01
5.392621e-02
7.728370e-02
8.166419e-02
2.677694e-02
1.667155e-02
8.711122e-03
7.917235e-04
2.367145e-02
9.227094e-02
2.037094e-01
1.963981e-01
3.862224e-02
7.076141e-02
1.047967e-02
7.204693e-02
2.813222e-01
9.045506e-04
3.934083e-03
7.283318e-03
2.743158e-02
3.699988e-04
2.513681e-02
4.235364e-02
6.911613e-02
7.305622e-02
1.100723e-02
3.634702e-03
2.160073e-03
5.375614e-02
1.759040e-02
7.819857e-02
8.242510e-02
1.571806e-02
2.634138e-02
9.864861e-02
5.450643e-02
5.594786e-03
1.743148e-01
1.525612e-01
8.523937e-02
2.290513e-03
1.286363e-02
1.130240e-02
6.054445e-02
2.158157e-02
2.761115e-02
1.666107e-01
4.114588e-03
8.231017e-03
1.142022e-02
1.319685e-02
6.200214e-03
1.787565e-03
7.146978e-04
2.980545e-03
4.173717e-02
6.382758e-02
2.778936e-02
2.830383e-02
2.989441e-02
2.700094e-04
2.534196e-01
1.304172e-01
1.383730e-01
2.355083e-02
3.863263e-05
6.881697e-02
9.300723e-03
1.515106e-02
7.890475e-03
9.197463e-02
2.847737e-02
1.032512e-02
6.413134e-02
2.950678e-01
1.253810e-02
9.805070e-03
5.048962e-02
1.438746e-02
2.199687e-01
2.304684e-03
2.076493e-02
2.095398e-03
2.313255e-02
7.381820e-02
7.707713e-03
8.259095e-03
4.481589e-05
3.602370e-01
2.214902e-01
3.339535e-01
1.643030e-02
2.529367e-03
8.520667e-02
2.948892e-01
5.470596e-03
4.399238e-03
3.715975e-02
7.242898e-02
8.969959e-02
8.404783e-04
6.073764e-03
5.749881e-05
4.452963e-03
1.351754e-02
1.390146e-05
1.838724e-02
3.316663e-02
8.696698e-02
2.330485e-01
1.226347e-01
3.946253e-02
5.864751e-03
7.295673e-02
5.053772e-02
9.393772e-02
1.229596e-03
4.598875e-04
2.108240e-04
8.786392e-06
1.536073e-02
2.527005e-01
1.703171e-01
8.292254e-03
3.777118e-02
1.095158e+00
5.703497e-04
5.604061e-02
9.132721e-03
3.615233e-02
3.937324e-03
1.385591e-01
6.393224e-02
6.514514e-03
8.816696e-02
1.637011e-01
3.358814e-02
8.827314e-02
1.097960e-02
9.422130e-03
6.307548e-02
2.066328e-02
8.858854e-02
1.685553e-03
1.651009e-02
1.053733e-01
4.459341e-02
2.640814e-02
1.754237e-01
4.625234e-04
6.720344e-04
3.160831e-03
1.214005e-02
2.899498e-03
1.501290e-02
3.024079e-02
8.977087e-02
4.187595e-02
1.166058e-01
6.096436e-02
2.581523e-01
1.811500e-03
1.623954e-01
1.048042e-01
1.463826e-02
2.522152e-03
8.471905e-02
1.295496e-01
5.706992e-02
6.628985e-03
2.579812e-01
1.962019e-02
1.563290e-01
1.545193e-02
8.387863e-02
2.849521e-02
8.989334e-03
1.187601e-01
1.425397e-01
8.719700e-02
1.530948e-01
5.839430e-02
3.130315e-04
7.053602e-02
7.065022e-03
4.602430e-04
1.501721e-03
4.638571e-03
7.812314e-03
1.855157e-02
3.221118e-02
2.928722e-02
1.600488e-02
1.279830e-02
1.059521e-01
1.313604e-04
5.437629e-02
2.359255e-01
2.339975e-02
1.444395e-01
3.519324e-03
6.263923e-02
1.055067e-03
1.614706e-02
5.367898e-04
4.760157e-03
5.692884e-03
2.096359e-03
2.983550e-07
1.213631e-01
3.768301e-03
4.891303e-02
