1.357139e-02
2.163491e-01
1.458248e-01
1.673600e-02
3.731556e-02
2.097439e-02
1.307523e-02
2.324872e-02
1.178408e-04
1.746209e-03
1.362376e-02
3.324222e-02
3.879170e-02
2.668390e-02
1.514974e-02
3.034455e-02
6.400254e-02
1.128307e-01
2.998033e-03
5.720199e-05
7.061566e-02
1.267003e-03
1.016955e-03
1.678724e-01
3.367641e-03
1.114897e-01
6.546730e-02
1.394624e-02
3.277935e-05
1.774460e-01
1.476751e-01
3.315814e-02
3.756799e-03
2.498149e-01
5.520109e-02
2.620349e-03
6.866320e-03
8.900700e-03
7.323651e-04
1.093008e-02
1.096422e-03
6.368262e-02
2.488498e-02
5.720253e-04
9.405312e-03
4.121076e-02
3.302822e-03
1.794910e-01
1.032673e-02
1.061217e-01
4.737483e-02
4.453102e-02
2.853554e-02
2.263838e-02
5.840907e-04
1.887023e-02
1.744978e-02
1.454547e-03
4.941548e-03
1.897526e-01
2.205668e-01
3.693703e-02
3.906942e-03
1.410097e-02
5.087644e-05
2.171981e-02
1.033729e-02
2.479365e-02
7.673406e-07
6.507789e-03
2.225609e-03
9.391738e-02
1.443437e-02
1.757355e-03
4.361418e-03
2.688446e-01
5.137061e-02
1.260444e-04
3.333987e-02
8.257351e-03
1.065777e-01
4.184186e-04
8.926272e-02
1.391456e-04
4.854992e-03
1.271721e-02
8.617936e-03
9.687428e-02
3.443074e-02
9.965355e-03
1.825532e-02
1.701095e-02
7.328105e-03
1.686648e-02
3.442968e-02
1.130908e-02
6.132758e-03
3.413484e-04
2.674717e-03
3.966535e-02
1.837810e-03
3.332494e-02
1.152737e-01
1.574396e-04
9.579475e-02
7.004247e-02
2.298195e-02
5.122835e-03
1.553827e-03
5.613806e-02
1.286647e-02
1.808049e-02
5.093365e-02
1.613525e-01
2.429918e-03
3.391994e-03
5.197291e-03
8.421616e-02
4.678360e-03
1.951816e-03
3.333240e-02
9.285579e-02
6.064772e-02
1.474212e-01
3.783535e-02
2.212461e-02
8.798179e-02
4.503690e-02
4.650517e-02
1.293107e-01
1.462187e-02
5.192465e-01
8.143949e-06
1.661491e-03
8.954705e-03
3.597553e-02
3.789731e-02
3.031324e-02
6.380453e-02
9.441298e-03
1.395891e-03
1.144845e-01
6.983414e-04
4.028658e-02
1.086870e-02
5.715721e-03
8.394190e-02
2.549857e-01
6.260954e-03
2.131644e-02
7.675856e-03
3.538356e-03
1.710600e-02
2.671465e-02
3.813059e-02
8.445065e-03
7.693254e-03
6.349305e-02
1.268587e-01
2.244739e-04
4.011933e-02
1.130258e-01
8.011237e-03
1.060138e-02
1.263880e-04
2.537729e-03
1.078793e-01
4.519963e-04
1.673152e-02
5.798566e-04
3.764367e-02
1.392467e-01
5.521244e-02
1.792643e-01
8.202126e-02
7.740589e-02
3.232117e-02
1.336463e-05
7.363327e-02
2.318028e-02
4.913991e-02
2.904812e-01
5.413457e-03
3.498889e-03
8.371519e-04
8.913082e-02
1.580154e-02
8.987933e-06
7.635667e-03
4.558477e-02
5.717464e-03
1.348028e-03
3.022550e-02
4.352179e-02
2.219341e-01
1.899043e-03
1.355194e-07
4.360937e-02
8.558099e-03
1.142100e-01
6.959554e-02
2.949208e-02
1.092729e-02
7.851908e-03
1.032316e-04
2.357179e-02
3.311308e-02
9.398176e-03
9.383344e-02
3.023323e-01
8.217889e-02
1.226058e-03
1.372496e-02
1.639075e-01
2.854837e-02
2.464538e-01
1.682693e-01
5.510791e-02
1.273152e-03
2.746870e-01
1.499900e-02
2.490072e-01
1.890221e-04
1.125865e-03
5.061586e-03
2.693775e-03
4.747284e-03
1.295011e-01
1.088845e-01
3.211599e-02
5.433333e-02
1.773979e-03
4.843113e-03
6.554469e-03
1.190769e-02
9.875695e-02
1.101864e-02
4.281726e-02
7.737656e-03
4.708301e-02
1.018406e-03
1.276218e-02
1.170565e-01
1.648415e-03
2.806451e-01
8.581103e-02
8.052561e-02
5.084708e-02
2.750593e-02
5.288821e-04
1.428180e-02
3.340962e-02
8.870150e-04
7.999916e-04
1.262347e-02
3.808401e-03
1.824394e-02
1.427971e-02
4.580348e-03
8.175196e-03
1.168861e-02
1.738226e-02
1.700561e-02
3.916118e-03
1.932017e-02
5.152178e-02
4.879563e-02
4.488655e-02
2.054812e-03
5.215413e-04
1.087395e-05
5.222491e-02
4.213558e-03
9.187295e-02
3.523006e-02
1.073360e-01
2.260396e-02
2.501586e-01
6.429033e-02
1.983166e-03
3.034546e-01
1.954328e-02
1.502674e-01
3.459866e-05
7.823389e-03
3.403322e-02
8.425245e-04
1.309880e-02
1.280073e-01
3.303709e-02
1.347274e-03
5.116921e-03
1.510364e-02
3.344585e-03
2.119723e-01
2.119705e-04
3.457468e-04
6.788076e-05
5.414654e-02
2.572355e-02
5.812847e-03
3.608588e-03
1.175335e-01
9.739098e-03
2.096506e-02
3.264367e-02
5.256213e-02
6.230897e-02
1.197122e-01
1.134527e-02
1.404962e-01
1.195865e-02
5.656339e-04
1.881039e-02
6.009550e-03
7.490799e-03
6.647279e-02
5.759719e-02
3.445713e-03
1.513815e-02
1.494866e-01
9.856792e-04
5.114130e-02
4.326338e-04
5.104910e-02
1.529069e-01
1.550551e-04
2.959718e-02
2.689256e-02
8.274213e-02
2.692737e-01
4.089766e-02
1.025332e-01
6.657553e-02
9.884536e-03
2.969541e-02
2.019004e-01
3.463695e-02
8.312203e-02
1.465555e-02
5.505170e-02
1.637745e-02
1.398088e-02
2.214825e-02
8.263576e-04
1.646040e-02
7.447975e-02
6.300233e-02
1.214055e-01
5.591729e-02
7.976215e-02
1.013338e-02
9.720155e-06
9.717030e-02
2.602769e-03
8.956450e-03
5.886292e-02
5.058847e-06
6.438560e-02
4.263878e-04
1.773555e-03
1.707662e-01
1.198558e-01
4.137288e-02
3.630616e-02
5.402866e-02
2.897740e-02
1.211716e-03
6.699284e-03
3.691970e-03
3.603471e-03
1.013888e-02
4.792012e-03
2.106361e-02
4.103031e-02
1.058235e-01
4.746160e-02
2.977148e-02
4.958051e-05
1.436474e-01
8.527892e-05
4.837951e-02
7.000471e-02
3.123626e-03
3.280654e-02
4.750459e-02
4.014003e-01
2.058687e-02
5.837397e-03
3.874808e-03
1.604778e-01
1.008284e-03
3.208548e-03
9.128546e-02
1.306912e-05
6.763359e-02
1.651396e-02
3.567483e-02
1.108434e-03
1.607163e-02
4.044723e-02
8.763208e-05
5.345182e-06
6.236977e-02
9.983321e-03
1.281730e-02
6.058590e-03
1.954422e-01
4.532135e-02
1.137590e-03
1.158114e-01
6.106392e-03
4.064352e-01
7.458118e-03
7.467502e-02
2.350758e-02
1.295974e-02
1.203225e-01
5.800757e-05
5.469698e-02
9.484934e-02
7.084485e-03
2.902917e-01
1.180355e-04
4.592140e-02
2.251868e-03
1.095387e-01
2.727968e-01
6.925771e-02
9.829453e-05
1.677342e-02
5.536705e-02
1.104491e-03
1.342523e-03
5.329774e-03
2.303239e-02
8.459538e-03
4.288603e-03
1.811608e-02
1.440459e-03
1.226506e-02
6.026797e-03
3.816788e-05
7.650486e-02
1.323046e-01
9.697410e-03
4.287246e-02
5.388771e-02
3.569534e-02
3.297509e-03
1.487248e-02
3.493451e-02
5.713522e-03
7.682970e-03
6.122095e-03
1.542590e-02
8.825951e-05
2.387376e-04
9.774363e-02
2.178959e-02
1.062180e-01
1.167753e-03
1.837199e-02
2.436726e-04
7.680332e-03
2.960897e-02
8.537867e-02
1.714235e-03
6.525737e-02
2.827044e-03
9.066247e-02
1.050619e-02
7.990220e-02
2.153570e-03
1.002002e-06
7.486100e-02
7.659827e-04
2.116591e-03
6.443682e-03
8.600118e-02
3.329213e-02
1.861084e-04
6.308308e-02
2.548958e-02
3.962894e-02
2.695278e-01
5.580750e-02
7.273366e-02
2.040393e-02
1.745486e-03
4.987472e-02
7.494015e-02
2.856368e-01
1.692204e-01
1.311086e-01
2.989537e-02
3.516741e-01
8.250068e-02
8.978354e-03
2.131457e-02
6.454278e-02
5.132289e-02
3.354978e-02
3.396246e-04
1.505254e-02
9.092135e-02
4.602642e-03
5.871543e-01
1.472174e-01
7.163590e-02
8.106001e-02
3.647839e-01
2.616166e-03
3.103180e-02
1.124162e-01
1.422188e-03
3.938833e-02
5.957771e-03
6.806856e-03
2.221008e-03
4.777263e-02
2.908555e-02
8.220836e-03
3.040594e-02
3.177133e-02
3.978723e-02
2.767435e-02
7.005257e-02
1.003426e-02
1.727937e-02
3.542783e-02
2.928514e-01
1.975653e-01
2.018933e-02
1.428045e-03
7.178116e-02
7.644700e-02
5.913674e-02
1.748666e-02
1.653022e-04
3.636461e-05
1.300074e-04
8.282816e-03
7.846545e-03
1.163790e-02
1.232191e-01
1.513737e-01
5.714823e-02
3.130615e-02
3.133630e-05
1.580142e-02
1.639798e-01
5.847827e-03
1.870998e-03
1.518842e-02
5.118637e-03
2.055504e-03
1.660447e-04
5.218898e-02
2.087742e-03
1.871735e-02
2.093175e-01
6.121381e-02
3.985798e-02
3.544475e-03
5.731930e-03
3.200311e-03
5.058879e-03
5.001582e-03
1.434973e-01
2.404412e-02
1.247928e-02
2.601932e-04
6.181725e-03
2.476624e-02
4.784681e-02
3.901642e-02
1.275510e-03
9.987269e-03
1.374763e-01
8.318724e-02
4.345546e-02
1.261261e-02
1.619556e-02
3.147997e-03
5.794903e-02
1.272680e-03
8.900218e-02
1.695272e-02
1.498687e-02
3.545468e-03
3.613732e-02
1.017981e-02
1.386717e-01
