1.268101e-02
2.172849e-01
5.616020e-03
4.074053e-04
1.234669e-01
4.193270e-03
1.481056e-01
9.624719e-02
5.020290e-02
2.362662e-02
2.033208e-01
3.720272e-02
3.582842e-02
1.469192e-03
3.860022e-03
9.487999e-02
4.391452e-01
2.075522e-02
8.011328e-03
7.725504e-02
2.760148e-02
2.881493e-04
5.004182e-02
4.925711e-03
9.386703e-02
8.000112e-03
7.951203e-03
3.769618e-02
9.351098e-02
1.677715e-04
1.887357e-02
8.078089e-03
6.384837e-02
1.391979e-01
9.322518e-02
2.783191e-03
1.445734e-02
2.428766e-02
2.799780e-03
2.120919e-03
5.030273e-03
1.898554e-02
3.550797e-02
6.120307e-02
1.337149e-01
7.780142e-02
9.549422e-03
4.617193e-03
2.802744e-03
3.172151e-02
9.564718e-03
3.708661e-02
1.146818e-03
1.700630e-05
8.286174e-03
1.238569e-01
2.588460e-02
4.058108e-05
7.374552e-03
7.459414e-02
3.445914e-02
4.166156e-03
9.305870e-03
3.806807e-02
3.613191e-02
1.253236e-01
4.389940e-02
2.668949e-04
4.865150e-02
8.004541e-02
3.357788e-03
2.648771e-02
2.434383e-01
5.675234e-03
6.887244e-03
3.487466e-02
6.047901e-03
6.531867e-02
5.208900e-02
1.632831e-05
2.788646e-03
1.259850e-01
3.015678e-03
4.199688e-02
8.941784e-02
8.871186e-03
1.393088e-03
6.672058e-02
1.208185e-03
2.689046e-02
1.131635e-01
7.297584e-02
6.941062e-03
6.984660e-02
4.940298e-02
1.061800e-02
4.965209e-03
5.190581e-02
2.869486e-02
2.845911e-02
1.370892e-01
3.741586e-03
3.805497e-02
2.341519e-02
1.201481e-04
3.327122e-02
6.106218e-02
3.233404e-02
3.559855e-02
1.304510e-02
3.971908e-04
7.007740e-01
2.439607e-02
4.641607e-02
3.854713e-02
8.974361e-02
1.414438e-02
7.929098e-02
5.091589e-02
7.969567e-02
3.903064e-02
1.741800e-04
1.060896e-03
2.267702e-04
6.183679e-02
4.143750e-04
2.304104e-04
8.387545e-03
1.040821e-06
9.690301e-02
4.410485e-02
1.427121e-01
2.941381e-02
8.554261e-03
1.399483e-01
8.672722e-02
5.912586e-02
1.335842e-02
1.801336e-02
1.079985e-02
2.205240e-01
9.012707e-03
2.652404e-04
3.202034e-02
3.565966e-02
1.341665e-03
2.144315e-02
3.160741e-03
4.286817e-02
1.718709e-01
3.217375e-02
1.353053e-03
2.317906e-01
1.961221e-02
5.011936e-02
1.532141e-01
2.480972e-02
9.538587e-02
8.307922e-02
3.701386e-01
2.224638e-03
2.619942e-02
1.032829e-01
1.840749e-04
3.716042e-02
3.865517e-02
1.243923e-02
3.461808e-04
8.535380e-02
3.092409e-02
2.469873e-02
6.525913e-03
2.959201e-02
1.909061e-01
1.613413e-02
2.954101e-04
4.292657e-03
3.908642e-02
3.212404e-02
2.910455e-02
2.911345e-03
8.181431e-03
1.319088e-02
3.319264e-02
1.112955e-01
1.361309e-02
2.365823e-03
7.167889e-03
1.041387e-02
7.010189e-02
2.142266e-02
4.498043e-03
6.766514e-02
1.866822e-01
1.631636e-04
5.190077e-03
1.057361e-03
7.881683e-02
1.406502e-01
2.494830e-01
1.269515e-06
6.364845e-02
1.483682e-01
3.658316e-03
1.181108e-01
2.755993e-02
1.430080e-01
1.245991e-02
6.287376e-02
6.105283e-03
4.005297e-03
2.404537e-02
4.705386e-03
3.694721e-02
3.279405e-03
1.325372e-01
3.521143e-01
1.124017e-04
1.239303e-02
3.069851e-03
2.945205e-02
1.416309e-01
3.700609e-03
4.476834e-02
5.102540e-02
3.768060e-02
2.478287e-04
1.858213e-04
6.792625e-03
6.536539e-02
1.185099e-02
2.227965e-02
2.455949e-03
2.578923e-03
3.307711e-04
2.537254e-02
2.964808e-03
1.518636e-02
1.575331e-03
1.160114e-01
1.393469e-02
1.219796e-01
2.557629e-02
1.033227e-02
2.722304e-03
6.918406e-07
3.107112e-02
1.637835e-02
3.789555e-04
4.256548e-02
7.694937e-02
7.187236e-02
5.567420e-02
7.089905e-04
8.143027e-02
2.422454e-02
2.337181e-01
2.075737e-02
2.896411e-02
4.054549e-03
9.431668e-03
3.744159e-02
1.107025e-01
2.341430e-02
5.826424e-03
3.065998e-01
3.859128e-01
2.727822e-02
1.883774e-03
4.308825e-02
1.902154e-03
2.776246e-02
5.757501e-02
3.736754e-02
8.762490e-04
3.127686e-03
2.419058e-01
1.271380e-02
5.193576e-02
2.092818e-01
1.343189e-01
1.534422e-01
3.560219e-02
1.781813e-03
1.417711e-02
2.052583e-02
5.556003e-02
9.804416e-02
1.942236e-04
1.573804e-03
1.919778e-04
1.483307e-01
6.756484e-02
1.573253e-03
1.612626e-02
1.466061e-01
7.004726e-04
7.383859e-04
4.667468e-02
3.376304e-02
3.534817e-02
6.281925e-02
1.156074e-02
2.689129e-06
4.260066e-02
1.529362e-02
1.770035e-02
9.937357e-02
5.286393e-03
6.752184e-02
5.595558e-02
1.467310e-01
2.817361e-03
9.268730e-02
3.121678e-02
2.945801e-02
2.424235e-01
1.328857e-03
4.663965e-02
1.731628e-02
4.408885e-05
4.733214e-02
1.355784e-01
5.771515e-06
2.414704e-04
1.578253e-02
4.588688e-02
3.320684e-01
2.730193e-01
2.917714e-02
3.877189e-03
1.511427e-01
9.281396e-02
2.769644e-03
1.203248e-02
1.748814e-01
1.171878e-01
3.139299e-06
4.053695e-03
1.584302e-02
1.374943e-01
1.027924e-01
1.347682e-02
6.809901e-04
6.990570e-03
4.106973e-02
1.645281e-02
1.779084e-02
1.124058e-02
5.328356e-02
3.164747e-01
2.752047e-01
2.392747e-03
7.022197e-03
5.936192e-02
2.395469e-03
4.567804e-02
7.352618e-02
8.336274e-02
4.317620e-04
4.393790e-02
3.757566e-03
2.189925e-01
9.487845e-03
3.852734e-04
2.511235e-02
1.146242e-04
9.395882e-03
1.561376e-03
2.341548e-03
1.179642e-01
4.316124e-02
1.025058e-01
5.881621e-02
3.012833e-03
5.102183e-02
1.289229e-02
1.376487e-01
2.048467e-02
5.112051e-02
4.466673e-04
5.456267e-03
7.080863e-03
3.403065e-03
2.937241e-04
8.779667e-03
1.054266e-03
2.641929e-01
9.304436e-02
1.614016e-01
3.041326e-02
8.050902e-02
5.530484e-03
2.445868e-01
1.450957e-01
4.877373e-02
1.955561e-02
4.413657e-02
5.416892e-05
3.534930e-02
2.956474e-02
1.924144e-02
2.959535e-02
7.087592e-02
6.327415e-02
6.213863e-04
4.340566e-02
4.735868e-02
1.797804e-03
6.723146e-03
4.504291e-02
3.964452e-02
6.715653e-02
2.998207e-04
1.257517e-01
1.798561e-02
1.901996e-02
1.871396e-03
4.848840e-02
6.903794e-03
2.210015e-02
2.237816e-04
8.181287e-03
3.076013e-04
6.038192e-07
9.244850e-03
1.841623e-04
3.940433e-02
8.038626e-03
4.901160e-02
1.212239e-02
4.744481e-03
7.688953e-04
3.327973e-04
5.423575e-02
2.023846e-02
2.226769e-04
4.542359e-02
1.155894e-02
8.155854e-03
7.655473e-03
1.058952e-01
4.469091e-03
1.944145e-01
1.882426e-02
1.193138e-01
1.225746e-04
1.163049e-01
6.384689e-03
5.435381e-05
8.282758e-03
1.423358e-01
6.700720e-04
3.079411e-02
1.435570e-02
3.059127e-02
2.984158e-04
4.878501e-02
4.263762e-02
5.658000e-04
1.856663e-02
6.040869e-02
9.947471e-03
4.316955e-05
5.852977e-02
1.792766e-02
7.759312e-02
1.379338e-01
5.464463e-03
2.289832e-02
1.684090e-02
4.318635e-01
9.159495e-02
1.186359e-01
2.678775e-02
1.675286e-02
3.706012e-03
1.378706e-02
2.534968e-02
3.086530e-02
4.030636e-02
1.592562e-02
2.480866e-05
1.197193e-01
8.512034e-03
1.482583e-02
1.216065e-01
8.571808e-02
2.725323e-02
5.687224e-04
1.139731e-01
1.068175e-01
8.939196e-03
3.426056e-04
4.495301e-02
4.895921e-02
1.839376e-02
7.580295e-02
1.885468e-02
6.554456e-02
1.714358e-02
1.261580e-02
1.854388e-02
2.050402e-02
4.560737e-02
1.045575e-01
5.827332e-03
1.815983e-01
1.312824e-01
2.645844e-03
2.021349e-01
2.297558e-02
4.088686e-03
4.007466e-02
2.621554e-03
7.142142e-07
3.021218e-03
1.162169e-01
1.362536e-02
4.169452e-01
2.384324e-04
1.125394e-03
2.846094e-02
6.233113e-03
9.332790e-02
4.237578e-02
1.558806e-01
5.553096e-02
1.137905e-01
2.156514e-04
2.549867e-02
4.088100e-02
8.790149e-04
7.955973e-04
1.544460e-01
7.418497e-02
1.816752e-01
1.523690e-01
8.493671e-03
5.879286e-02
4.639823e-01
7.180663e-02
1.493450e-01
5.131322e-02
2.055592e-02
2.294198e-03
5.592405e-02
1.113860e-01
3.956221e-02
1.237807e-01
2.801102e-03
3.904128e-02
4.055600e-04
1.539618e-02
7.592628e-04
8.939946e-03
4.458559e-05
3.458367e-03
7.501310e-02
1.576109e-02
3.165606e-02
1.393394e-02
3.612912e-02
1.066692e-03
3.217339e-02
8.551712e-02
2.678058e-02
1.799586e-02
5.279211e-02
1.211119e-02
4.170002e-02
1.560610e-02
2.974712e-03
6.299936e-02
5.083021e-03
3.356564e-02
2.811595e-02
1.412840e-02
1.686549e-01
3.113658e-02
5.290133e-03
5.088863e-02
1.890651e-04
3.694120e-01
3.840064e-03
3.285509e-02
3.628474e-02
4.004641e-06
3.825960e-02
1.539029e-02
3.664553e-04
3.031683e-03
5.013212e-03
6.683739e-03
