2.496933e-05
2.022279e-03
2.300423e-03
7.196972e-02
1.226180e-01
6.694173e-02
1.585161e-02
4.958750e-02
2.063158e-03
4.738797e-03
9.481197e-04
1.301051e-01
2.496034e-02
2.914397e-02
9.578634e-03
2.879598e-03
1.406251e-01
3.539929e-02
4.697898e-02
5.135694e-03
9.856488e-02
8.309501e-02
2.547656e-02
9.798292e-02
1.446903e-03
1.613293e-04
3.321625e-01
1.295353e-01
4.191159e-02
1.897182e-02
6.775388e-03
5.498898e-02
6.358470e-03
3.175468e-02
1.142645e-02
8.998681e-02
5.664207e-04
3.252869e-02
2.136053e-01
1.014058e-02
1.048159e-01
3.052478e-01
3.100725e-04
1.643351e-01
1.526736e-01
4.399457e-02
7.997955e-03
5.179873e-03
2.839483e-04
1.472870e-02
2.913669e-03
6.420564e-02
3.323932e-04
3.385143e-02
5.061165e-02
1.589651e-01
3.084252e-02
6.984064e-04
7.190853e-03
3.507396e-02
1.155098e-01
3.249370e-03
1.387597e-02
1.921254e-02
2.190738e-02
3.350049e-02
3.572927e-02
4.803045e-02
1.113989e-01
5.441181e-03
1.656440e-01
3.814662e-02
2.080989e-02
2.081232e-03
4.367610e-02
1.188445e-01
8.024576e-02
3.830284e-02
2.247634e-03
2.638633e-01
4.038209e-04
2.768540e-02
6.138336e-03
2.115360e-02
6.562478e-03
6.442387e-03
4.563468e-02
1.028533e-01
1.994575e-02
1.502531e-02
2.464495e-04
5.606811e-06
4.072826e-02
1.618014e-01
1.165138e-01
9.633495e-02
1.324677e-02
1.467625e-03
1.521420e-01
6.299429e-03
8.093742e-03
1.327785e-01
4.082686e-03
2.515951e-01
8.040480e-03
3.853298e-02
1.048083e-02
6.388218e-02
8.457127e-05
9.562233e-02
6.808998e-04
7.591500e-04
1.926932e-02
1.062280e-01
8.210814e-02
4.201519e-02
7.850889e-03
3.684104e-03
3.486294e-03
2.910876e-02
3.410996e-03
3.852494e-03
2.437706e-02
1.257433e-01
1.649423e-02
6.034517e-02
3.920451e-02
1.254491e-02
8.112778e-02
1.053316e-02
2.496567e-02
3.719891e-02
6.834188e-02
3.556119e-04
3.499885e-04
8.320832e-04
7.385553e-01
4.982086e-02
3.508295e-01
1.236465e-01
8.385636e-03
8.748167e-03
8.301504e-04
4.609688e-02
5.256852e-03
5.499556e-03
1.163033e-01
6.117766e-02
2.220657e-02
3.360219e-02
2.559585e-02
2.044498e-02
3.037921e-05
1.797931e-01
1.451630e-02
5.709156e-02
2.765953e-03
1.051729e-03
1.073669e-01
4.058870e-01
8.399881e-03
7.971261e-02
1.013770e-03
5.104000e-03
2.411628e-02
4.489760e-01
1.688467e-03
6.361335e-02
8.773190e-04
3.084726e-02
5.359351e-03
9.303062e-03
3.629817e-02
7.100281e-04
6.550578e-04
4.200466e-01
4.596323e-02
3.515979e-02
1.628104e-02
9.057519e-02
3.723209e-02
1.717889e-02
1.755105e-03
5.138280e-02
2.210397e-02
7.893756e-02
3.625742e-01
7.746319e-03
3.852537e-03
2.238054e-01
1.215244e-02
5.515924e-02
8.083665e-03
1.372158e-02
2.640461e-01
2.023135e-02
7.316914e-02
3.237373e-03
1.533870e-02
1.218911e-01
1.591656e-01
2.630308e-04
2.818980e-03
6.853285e-04
1.925780e-01
6.479044e-03
2.453714e-02
6.516624e-05
3.278136e-02
1.461699e-01
3.947859e-03
6.933701e-04
3.413880e-03
1.446929e-02
1.036041e-01
1.310348e-01
3.871414e-03
1.360250e-02
1.120524e-02
1.667092e-01
8.514446e-02
3.627839e-03
2.288233e-02
5.783968e-02
1.232590e-03
3.612866e-02
1.420442e-02
8.167910e-03
4.547104e-03
8.381335e-02
6.124831e-02
7.900721e-02
2.915301e-03
1.025150e-02
2.695562e-02
6.843445e-02
3.432736e-02
1.328117e-02
1.758399e-02
2.588110e-02
1.923775e-05
1.968519e-03
2.038080e-01
8.620432e-03
6.899018e-03
1.396395e-02
7.336391e-02
6.202177e-03
9.364432e-03
1.846273e-03
5.721181e-02
2.400141e-03
1.716529e-03
4.155750e-03
5.214174e-02
4.288327e-02
1.788350e-01
2.691292e-03
3.364446e-03
1.431861e-04
2.110297e-02
2.280587e-02
1.749547e-01
1.245698e-02
7.202571e-02
6.621709e-04
1.610138e-02
3.427120e-02
6.826476e-03
8.801851e-02
1.135434e-02
1.189307e-03
1.883641e-04
8.096255e-02
1.736677e-01
3.299802e-02
2.225535e-02
3.031636e-02
1.312298e-01
1.622206e-04
2.086777e-04
8.328887e-03
8.628213e-03
8.289850e-02
6.820726e-03
2.198546e-02
2.222695e-03
1.783780e-02
1.311890e-02
1.505853e-03
1.240865e-02
9.852423e-05
4.316495e-02
1.358459e-02
1.106363e-02
6.295674e-03
5.889442e-03
1.617400e-02
4.213825e-02
3.179758e-02
6.514441e-03
1.183229e-03
1.241206e-01
2.831606e-03
5.574539e-02
2.086808e-02
1.872484e-02
1.910348e-01
6.910833e-05
4.035350e-02
3.264099e-02
1.050149e-02
1.666507e-02
1.690433e-02
1.512310e-04
7.947984e-03
8.535190e-03
1.113271e-01
2.347742e-01
1.396386e-01
2.296484e-01
4.634146e-02
8.637483e-04
1.913068e-02
6.887997e-03
1.321017e-01
1.841131e-03
1.520932e-02
9.540916e-02
1.526049e-02
1.054916e-01
1.390842e-02
1.969606e-02
8.204800e-02
1.760463e-02
4.293858e-02
9.162166e-03
6.782736e-02
7.346754e-05
5.656374e-03
2.431192e-02
5.143511e-03
1.627286e-01
6.245152e-02
1.351689e-01
3.275728e-02
1.196446e-01
2.595452e-02
4.575510e-04
4.256994e-02
8.234801e-02
1.645022e-02
1.090302e-02
2.694231e-05
4.247574e-02
7.244720e-02
1.340760e-01
5.680686e-04
1.346347e-02
4.133337e-02
2.127339e-01
1.580430e-02
9.772100e-03
9.973372e-04
3.388272e-03
6.758734e-03
1.786754e-04
2.715657e-02
1.693900e-02
1.585957e-04
1.985600e-03
1.447034e-02
5.449319e-02
6.219050e-03
6.420794e-03
2.345727e-04
1.597276e-02
2.435832e-01
1.620875e-03
7.780329e-03
1.070823e-01
3.415282e-02
2.535608e-02
6.252217e-03
9.883533e-03
2.283624e-01
1.509141e-01
4.322570e-03
8.895397e-02
1.505463e-01
1.845950e-02
9.228290e-02
3.051238e-03
3.452093e-03
6.900406e-03
1.528552e-01
1.047167e-02
1.495377e-01
9.726243e-03
7.657988e-03
3.635674e-05
1.922651e-05
2.300688e-02
1.091414e-01
3.667091e-02
1.442377e-01
7.048062e-02
9.333028e-03
1.999506e-01
7.431375e-03
9.704319e-03
5.785068e-02
4.462897e-03
3.431941e-02
6.795974e-03
1.864727e-03
2.067790e-01
5.534458e-02
1.950452e-02
6.552340e-02
2.156348e-02
3.605921e-02
1.093804e-02
2.067297e-02
2.636932e-02
1.005017e-01
8.893840e-06
4.189080e-01
1.486763e-01
5.336796e-03
3.808138e-02
2.778920e-02
5.037567e-02
2.381032e-03
5.365494e-04
3.360639e-02
5.615310e-02
9.720187e-02
1.024640e-01
1.770195e-02
1.658245e-02
3.276472e-03
1.092585e-04
3.675244e-01
2.096442e-02
4.198004e-03
1.652357e-04
1.577632e-01
5.452712e-04
7.580926e-02
4.325310e-02
1.100342e-01
7.805286e-04
4.079487e-04
9.423019e-03
2.875946e-03
1.124859e-01
7.437129e-02
1.448145e-02
6.120940e-02
1.901412e-02
3.262902e-04
1.412933e-03
1.647209e-02
1.751519e-01
4.775108e-03
2.313741e-02
1.303933e-02
1.043958e-01
5.936386e-02
4.509022e-02
1.755903e-01
2.110569e-02
4.764895e-03
5.984688e-03
2.364751e-03
3.245625e-04
1.101343e-04
1.452149e-01
4.445176e-03
5.566864e-02
1.808550e-01
3.953799e-02
4.659903e-02
2.080446e-02
7.879474e-02
1.950794e-02
4.610508e-03
9.454394e-02
7.392722e-03
1.077899e-06
7.651242e-02
5.946528e-02
1.414527e-01
1.202143e-02
2.248052e-01
3.921898e-02
6.782199e-02
5.861200e-02
2.082685e-05
2.183097e-03
4.837364e-03
1.254008e-04
2.021991e-02
7.372110e-02
1.342937e-01
2.663890e-02
5.879599e-04
2.713095e-03
3.708686e-03
3.239421e-02
4.085759e-02
7.920168e-03
9.379998e-02
7.176737e-02
2.654505e-02
4.037202e-01
3.881997e-02
7.534744e-05
6.504072e-05
2.678995e-02
1.797741e-03
2.406132e-03
6.799519e-04
1.517003e-02
1.579302e-02
5.761683e-02
1.395074e-03
4.607832e-04
1.499326e-02
1.170077e-05
1.084841e-07
2.037643e-02
8.177644e-03
2.164842e-02
2.349839e-02
2.479942e-02
7.318885e-04
3.541705e-03
3.800237e-03
1.113783e-01
9.533411e-02
2.648440e-03
2.425075e-03
4.429271e-02
5.270554e-03
6.111018e-02
9.944444e-02
5.570189e-02
5.571491e-03
9.247805e-06
1.336096e-01
2.521100e-02
4.440889e-02
2.311510e-02
1.635955e-02
6.856726e-02
4.205971e-01
8.642268e-03
1.213138e-03
8.295206e-03
1.271496e-01
4.178342e-02
1.217818e-01
9.477484e-03
2.046281e-02
1.424642e-03
5.423013e-02
2.585748e-02
5.509367e-06
8.111048e-02
1.093226e-02
2.796665e-02
1.550429e-03
1.014717e-02
1.629999e-03
1.791780e-01
3.296301e-01
3.155139e-04
3.530603e-03
4.766348e-02
1.089266e-03
1.371229e-01
4.419269e-02
1.261281e-02
1.681905e-01
2.231529e-03
6.177320e-05
2.343707e-02
1.916744e-01
1.745282e-01
1.350690e-01
1.792690e-01
1.765447e-02
