7.764306e-04
8.796456e-02
5.299149e-02
1.662703e-02
1.685841e-01
1.668581e-04
9.092077e-03
1.271364e-02
2.273453e-02
3.956310e-02
4.113539e-06
3.741635e-05
8.890122e-02
4.311591e-02
1.447669e-01
8.562574e-02
1.522764e-01
1.378949e-03
2.773758e-01
1.537235e-02
1.400211e-02
6.849310e-03
3.571504e-04
2.300134e-02
2.730967e-03
4.779040e-03
4.776838e-02
5.310547e-03
7.312157e-03
7.302773e-02
9.527918e-02
1.550321e-01
9.336807e-02
3.468254e-03
2.144486e-02
9.874844e-02
6.258445e-02
3.841923e-03
1.115098e-01
9.368334e-02
5.836759e-03
2.688461e-06
7.071801e-04
1.040613e-01
1.713008e-02
4.408317e-02
1.967408e-02
1.084788e-01
1.312098e-02
7.598018e-02
8.167385e-03
5.420964e-02
2.319978e-01
2.708682e-01
4.315831e-03
1.913556e-02
1.424308e-02
2.294495e-02
3.126585e-03
3.690210e-01
1.083885e-02
1.825730e-03
2.776229e-02
1.774316e-03
3.224429e-02
6.764923e-04
9.149985e-03
2.197129e-01
2.019239e-02
8.833805e-02
3.695538e-03
1.234183e-01
3.153344e-03
8.801409e-04
8.700580e-02
1.027686e-02
1.176575e-03
3.353143e-02
2.766366e-02
1.199278e-01
1.653266e-04
1.065178e-03
5.445464e-02
8.918382e-03
2.004111e-01
3.298279e-02
9.521288e-02
3.974647e-03
1.691379e-01
1.231381e-01
3.989222e-02
3.610214e-02
1.417611e-02
9.519882e-03
4.328092e-02
3.794159e-04
1.210742e-03
1.130345e-05
9.080935e-04
2.278535e-02
6.010145e-04
3.091021e-02
5.625913e-03
8.963223e-03
1.418673e-03
2.065857e-03
5.383034e-02
4.547641e-02
1.392370e-02
7.638650e-03
3.079832e-03
2.578609e-02
1.775028e-01
8.433229e-02
7.565170e-02
1.690411e-02
4.834160e-02
5.585701e-02
1.427942e-02
1.368767e-01
1.277773e-01
1.244571e-01
5.010531e-03
1.158951e-02
6.471328e-03
6.893511e-03
4.873140e-02
1.696719e-01
3.754760e-01
1.440607e-02
2.444955e-02
6.180464e-03
3.536525e-01
1.760960e-02
1.324392e-01
9.747025e-08
4.400185e-02
6.405225e-02
2.235171e-02
2.986680e-03
1.707938e-02
3.078237e-03
2.120075e-04
3.013470e-02
6.736163e-03
1.111109e-01
4.131184e-02
1.648405e-02
1.663519e-02
3.933108e-02
3.278041e-03
3.849645e-03
7.543755e-03
1.775220e-03
2.670474e-02
1.884828e-02
1.315615e-01
2.846224e-02
8.771755e-03
6.900648e-02
6.007421e-03
4.760673e-03
2.742600e-02
1.212787e-01
4.322937e-01
2.263922e-02
1.435760e-02
7.309856e-02
4.908440e-02
5.894645e-02
2.595788e-02
3.979075e-02
1.124922e-01
1.682358e-02
6.418986e-02
1.219866e-01
1.159771e-04
1.072076e-01
1.273732e-05
3.087797e-02
2.816458e-02
9.211644e-02
1.157742e-02
1.233821e-01
6.158899e-03
4.265691e-02
7.685284e-02
2.421161e-03
1.510038e-04
1.301000e-02
4.058980e-02
5.246031e-02
1.864681e-03
4.769008e-02
3.208697e-02
9.858072e-03
6.605259e-03
3.695259e-05
1.102425e-03
4.859451e-02
4.426246e-03
7.227088e-03
1.343980e-03
3.554580e-02
4.781686e-04
1.438958e-02
1.745027e-03
1.454552e-02
1.262780e-01
2.815066e-02
7.288464e-03
7.434432e-02
2.652053e-03
3.295392e-02
5.464438e-02
3.856186e-02
1.832133e-01
1.770678e-01
4.358796e-02
5.467300e-02
4.154021e-03
1.246124e-02
5.056849e-02
2.062559e-03
6.176039e-03
1.601212e-01
1.071699e-02
1.580413e-02
1.234444e-01
1.619678e-02
2.515832e-02
2.701974e-04
3.650203e-02
2.259052e-02
3.048167e-02
5.971530e-03
8.216611e-03
1.150769e-01
7.342586e-03
5.702451e-02
5.633400e-02
8.796052e-03
6.027318e-03
2.517172e-01
1.867360e-01
2.754988e-05
3.775558e-03
1.658067e-03
1.107358e-01
7.344425e-03
8.503264e-04
2.623236e-02
2.735995e-02
9.505504e-02
7.205275e-02
7.492419e-04
3.966967e-02
7.206635e-03
8.036716e-03
4.316056e-03
7.836581e-02
3.130611e-01
1.344194e-01
5.168877e-03
1.784301e-03
4.123105e-04
9.659500e-04
7.697319e-02
3.390138e-02
6.619655e-02
6.998135e-02
9.153938e-02
4.440981e-04
7.220697e-04
3.192117e-03
8.980597e-02
2.682631e-02
4.289729e-03
2.348677e-02
2.203920e-03
7.198180e-06
2.576103e-03
3.013881e-03
5.417836e-01
5.207007e-05
2.687951e-05
1.557369e-02
1.518944e-02
1.238654e-02
3.573452e-02
1.306663e-02
4.460851e-02
8.572425e-02
5.350359e-02
1.107850e-01
1.061105e-01
2.550949e-03
4.253875e-02
8.449897e-02
3.380990e-02
6.594435e-03
7.746115e-03
1.362262e-03
3.381409e-03
2.062908e-03
1.569971e-02
1.268838e-01
3.504580e-02
5.640656e-02
8.349910e-04
1.810681e-04
7.890792e-02
1.733179e-02
7.106236e-02
1.028263e-04
2.259334e-02
1.097797e-01
3.925687e-02
1.134673e-02
1.329131e-03
2.289176e-02
4.118941e-02
4.058712e-02
3.223357e-04
2.004852e-01
6.057248e-02
4.658297e-03
9.150656e-02
1.266170e-02
6.401937e-02
1.220917e-02
2.983543e-03
1.412133e-01
3.242993e-02
6.056555e-02
1.753032e-02
6.744277e-02
3.594063e-02
4.403098e-03
6.011312e-04
4.067664e-02
2.368908e-02
1.040853e-01
1.072410e-01
2.631088e-03
1.720891e-02
3.451643e-02
4.453027e-02
7.537741e-03
1.522476e-02
8.148994e-02
2.044033e-01
6.541579e-03
4.750662e-03
1.352043e-02
4.990108e-02
2.606455e-04
2.254512e-01
3.386017e-03
1.786747e-02
1.194578e-03
1.022586e-03
1.779804e-02
1.140034e-01
3.362103e-02
3.332074e-02
6.000039e-03
7.246161e-02
6.589142e-03
5.605757e-02
4.852482e-03
3.295914e-02
2.774721e-04
3.452734e-02
1.362375e-01
9.358556e-02
1.163766e-01
4.711258e-02
4.688396e-05
7.015349e-03
1.061373e-01
3.970290e-04
4.816675e-02
1.817685e-01
2.704071e-03
1.680983e-02
1.235780e-06
4.107152e-02
2.594404e-03
1.711645e-04
6.520021e-03
1.041002e-02
1.176193e-01
4.227626e-02
1.442237e-01
6.611239e-03
2.325382e-05
1.705130e-03
1.546851e-01
3.616390e-03
2.916767e-01
4.372836e-03
1.159853e-01
2.293527e-02
7.827407e-02
1.549347e-02
1.076108e-01
3.014449e-03
4.179592e-02
5.856593e-02
6.098593e-03
3.905047e-02
1.994770e-01
1.195342e-01
1.182976e-01
3.699861e-03
7.140388e-03
6.946410e-02
5.037229e-02
4.685929e-02
3.490022e-02
2.577046e-03
3.837750e-02
3.869955e-02
3.106028e-03
4.853315e-03
8.065305e-02
1.712438e-02
8.888448e-02
9.105460e-03
7.968445e-03
1.357475e-03
9.354130e-04
2.007637e-01
1.126430e-01
4.734156e-02
2.815113e-03
7.761172e-02
2.802083e-03
5.982982e-02
7.633525e-02
1.129558e-01
3.929458e-02
8.806540e-03
5.450222e-02
5.073639e-02
2.046580e-02
9.374467e-02
4.129033e-02
1.606093e-02
3.783111e-02
1.091394e-01
2.042833e-02
1.583567e-04
4.258534e-02
1.442251e-04
2.371602e-02
4.635894e-02
5.520206e-04
1.390938e-03
7.793436e-02
1.502766e-02
1.235223e-01
3.222206e-02
1.589821e-01
7.277461e-03
1.366543e-01
6.442076e-03
5.653341e-02
2.324203e-02
3.207158e-02
4.295678e-02
2.226843e-02
4.324475e-02
2.544617e-03
3.322235e-02
2.656690e-04
1.216264e-01
8.250969e-02
2.591419e-02
1.474831e-02
9.567492e-02
4.416750e-03
4.998539e-02
9.967743e-02
8.348203e-02
6.087314e-02
1.062393e-02
6.480393e-03
1.032569e-02
4.819513e-03
1.217535e-02
2.401907e-02
2.932469e-02
2.713751e-02
4.186482e-02
3.103856e-04
4.227381e-03
5.275701e-03
1.521790e-02
8.799938e-02
4.060301e-02
1.638189e-01
1.999900e-04
7.113556e-03
4.261397e-04
2.840988e-02
1.956802e-02
7.200237e-03
6.420271e-03
9.039197e-03
7.150287e-02
6.059775e-02
2.239888e-02
1.735657e-03
7.869736e-02
5.086103e-02
1.153346e-02
1.129757e-04
1.156712e-02
1.013059e-01
4.407494e-03
1.319187e-02
8.917824e-03
3.443565e-03
5.305669e-02
1.381424e-03
1.018681e-02
1.970402e-02
2.099412e-01
5.631651e-03
2.775999e-03
1.019020e-01
1.095450e-01
1.578239e-01
5.622581e-02
1.114422e-01
2.042090e-05
5.110732e-03
1.332683e-05
8.081906e-03
1.139276e-02
7.022130e-03
2.275362e-01
2.841135e-02
1.939594e-02
9.909535e-02
1.024528e-03
1.508811e-02
1.931086e-02
1.046053e-01
4.993657e-05
2.544109e-01
5.559962e-02
8.546707e-02
1.797736e-03
4.988842e-02
3.642455e-03
1.819972e-02
2.135619e-02
2.732863e-03
8.289476e-02
1.500047e-03
8.371475e-02
1.417105e-01
5.414571e-02
9.320449e-02
1.046222e-03
3.143361e-02
1.507877e-03
5.563055e-03
1.669693e-02
7.817021e-03
2.077539e-01
6.901866e-03
8.559030e-03
3.161485e-02
5.978113e-03
2.884140e-02
5.993604e-02
3.034518e-02
6.451901e-02
3.711588e-02
5.451626e-02
2.409836e-04
2.155696e-01
3.594231e-03
2.888234e-02
1.204501e-04
1.217209e-03
1.129400e-01
2.592665e-03
2.154327e-01
8.449742e-03
