1.943987e-02
2.951085e-01
2.089651e-01
1.270745e-02
2.462035e-03
3.031051e-02
8.449279e-02
4.654091e-03
5.135572e-02
8.493849e-05
4.666722e-02
5.626680e-03
1.731097e-02
4.460586e-02
2.495867e-03
2.094079e-02
2.203246e-02
4.141068e-02
3.570155e-03
3.776011e-02
8.329752e-02
7.112218e-02
4.735926e-02
7.986127e-02
1.998913e-02
1.114873e-03
1.425525e-01
1.002090e-01
2.260039e-02
9.577895e-02
3.365823e-02
1.652706e-01
9.482743e-02
4.309114e-02
9.221588e-02
4.873550e-03
2.051493e-04
1.358323e-02
2.108443e-01
1.041720e-01
7.372793e-02
2.276614e-03
7.766191e-03
2.099802e-02
1.998579e-01
2.597758e-02
1.119918e-01
3.038316e-02
2.012637e-01
7.300296e-03
3.314204e-04
3.754081e-02
4.939705e-02
2.286529e-01
1.430877e-01
4.837245e-02
4.436496e-02
2.758327e-02
1.089490e-01
1.368476e-02
1.636549e-02
9.344645e-04
7.165516e-03
1.202556e-02
6.389924e-03
6.992311e-02
1.357979e-01
5.065816e-02
1.445897e-03
2.596406e-03
2.045332e-06
1.732244e-02
1.060439e-02
1.111289e-01
8.846655e-02
6.859224e-05
1.248700e-03
2.983018e-01
1.152257e-01
1.000331e-03
7.839427e-04
7.945236e-02
4.545508e-03
2.161303e-01
1.276803e-03
4.688095e-02
5.946556e-02
1.090764e-01
1.016171e-02
3.514720e-01
2.053956e-03
2.843011e-02
7.291873e-02
7.083213e-03
2.005715e-04
2.298345e-02
1.962061e-04
1.569194e-01
1.339156e-02
5.472749e-02
2.895395e-03
5.204266e-02
2.677438e-02
2.339279e-02
1.528500e-01
4.676316e-02
2.147705e-01
1.442669e-02
5.237853e-02
9.457830e-03
1.172668e-01
1.216693e-02
4.639735e-03
7.822454e-04
2.315158e-02
2.395797e-01
2.527496e-03
1.084230e-02
1.102994e-02
6.704746e-05
1.241142e-01
3.220689e-02
4.952632e-04
1.731463e-02
4.634478e-02
7.323965e-02
3.814895e-03
4.724734e-02
3.205506e-06
4.442610e-03
3.675553e-02
3.584652e-03
6.363799e-02
7.845676e-02
9.104511e-03
1.062165e-02
7.375496e-02
6.063935e-02
3.314999e-03
1.565053e-01
3.192385e-08
2.404721e-03
4.348383e-04
5.116118e-03
7.917901e-02
8.274626e-02
1.198851e-02
6.990315e-02
1.567097e-01
1.638455e-01
5.213422e-03
1.331444e-01
2.154213e-01
2.354259e-02
1.168060e-02
9.101661e-02
4.800728e-02
5.461704e-03
8.793083e-02
4.215920e-03
5.182420e-02
6.138610e-03
5.520774e-03
8.069798e-02
1.167067e-02
1.270071e-01
1.330298e-02
1.090095e-01
1.595834e-01
5.611295e-02
6.651988e-03
3.101583e-04
1.324343e-03
1.979033e-06
5.846629e-03
7.050082e-02
1.908981e-02
3.631768e-02
9.285211e-02
3.736506e-02
6.783241e-02
3.142824e-01
6.527402e-06
7.851210e-02
8.324783e-03
1.429471e-01
5.304227e-02
1.576699e-03
8.454008e-02
6.420850e-03
6.158086e-04
8.171243e-03
1.875675e-02
8.227281e-03
1.178411e-02
2.103951e-02
4.002393e-04
2.051101e-01
1.274118e-01
6.502992e-02
4.288339e-02
1.020325e-02
2.136183e-02
1.108301e-02
3.085952e-01
7.809201e-04
3.752369e-02
9.298417e-02
1.440311e-01
8.077460e-04
7.641853e-02
3.715934e-02
1.257751e-02
4.069070e-02
5.160141e-04
3.689538e-02
7.495903e-02
1.610497e-01
3.951568e-04
6.376131e-02
2.080568e-02
1.211589e-02
7.262029e-04
4.927532e-02
3.761130e-02
8.949485e-03
1.070362e-02
2.380382e-03
1.125076e-01
6.152536e-02
7.388913e-02
1.383905e-01
4.712149e-02
1.277852e-02
8.649108e-02
1.632268e-01
1.343425e-01
3.365698e-02
7.746480e-02
2.732865e-02
2.168719e-02
9.036318e-02
5.943731e-02
9.658833e-02
2.197254e-01
6.892769e-02
9.953470e-03
1.962157e-02
1.997822e-01
8.196652e-02
9.511061e-03
1.305327e-03
3.113595e-01
4.528536e-02
7.968720e-03
6.117242e-02
5.253392e-03
9.234518e-03
5.204471e-02
7.638201e-03
7.429063e-02
5.986850e-03
1.321145e-02
8.377345e-02
2.524890e-03
4.547250e-02
3.085544e-01
1.548517e-03
1.816597e-03
2.080668e-01
2.408540e-02
1.458876e-02
6.132989e-01
2.994380e-02
4.548406e-02
7.346210e-02
1.206366e-01
1.274656e-01
2.497149e-02
5.900693e-06
1.343445e-02
4.157566e-02
1.113682e-02
1.793344e-02
1.642274e-02
4.130112e-02
1.194589e-01
1.772882e-04
1.513293e-01
1.694172e-02
7.946167e-02
1.208963e-03
2.210445e-01
1.817955e-02
1.351356e-01
4.102406e-04
7.650680e-04
5.155334e-02
1.281172e-01
7.790235e-03
1.493760e-01
2.809246e-02
4.097560e-03
9.082519e-02
7.058312e-04
6.086162e-04
9.101169e-02
2.605316e-03
5.715612e-02
1.009440e-01
2.446553e-04
9.569954e-02
8.130420e-03
5.625645e-03
1.444906e-02
2.388023e-02
4.354899e-04
3.401517e-02
1.301980e-02
1.611530e-01
2.224214e-02
3.231424e-02
2.720944e-01
2.819534e-04
2.347815e-02
3.673616e-01
3.689253e-02
8.539827e-02
1.200338e-02
2.869340e-02
1.162658e-02
1.683314e-02
7.460496e-03
1.132356e-01
2.053678e-01
4.965548e-02
1.707699e-02
1.218591e-02
3.686558e-02
1.046750e-01
3.018242e-02
4.784081e-02
1.068707e-01
2.082833e-03
4.321250e-02
1.092238e-03
2.340100e-01
6.122332e-05
1.145599e-03
1.463707e-02
6.161236e-03
4.607055e-02
4.338589e-02
2.044261e-02
6.807943e-03
2.458586e-02
2.132115e-01
4.486470e-02
1.619587e-02
4.989807e-07
4.225146e-03
5.831659e-04
1.302121e-01
1.487258e-02
8.856007e-03
7.801431e-04
8.375480e-03
1.049490e-01
6.337308e-02
8.564185e-02
6.806278e-02
4.999914e-04
1.326710e-01
2.219428e-01
7.042214e-03
7.590682e-02
2.062982e-02
1.229156e-02
6.337487e-02
6.074756e-08
3.655659e-02
1.914250e-01
6.054074e-05
2.332827e-03
2.769108e-02
1.567537e-03
2.251345e-02
9.713202e-02
6.333785e-02
1.930808e-03
1.144090e-01
9.108885e-03
2.698905e-02
2.207500e-02
1.143600e-03
1.206045e-02
2.576126e-02
1.247791e-01
1.944228e-02
1.171541e-02
3.144901e-03
2.212041e-02
2.869305e-03
1.471015e-02
1.369846e-02
9.400159e-04
1.710403e-02
9.419325e-03
6.896424e-02
2.526160e-03
3.558437e-02
1.479997e-01
7.593153e-02
8.727086e-02
2.239875e-02
9.183609e-02
1.433584e-01
7.693618e-02
8.671491e-05
8.385497e-05
6.466302e-02
4.144959e-05
1.028016e-01
3.384890e-05
1.783615e-02
8.064970e-03
1.378179e-01
2.739657e-01
2.419475e-04
7.752609e-02
1.338751e-02
2.871398e-03
5.246057e-05
5.428212e-02
8.555566e-03
3.975752e-04
2.557509e-03
3.125905e-02
1.887007e-02
4.693013e-04
2.017834e-01
1.764302e-02
2.706984e-02
5.999931e-03
1.151443e-01
2.856135e-02
5.127506e-02
3.336773e-03
1.655837e-01
2.443442e-04
2.259908e-01
2.362744e-03
8.018882e-04
6.119082e-02
2.475051e-03
2.511422e-03
7.874066e-03
7.326738e-05
3.307554e-02
3.706123e-04
1.143028e-03
6.309030e-02
5.084214e-02
2.096688e-02
3.016841e-02
4.875012e-02
1.027264e-01
1.111254e-01
2.197108e-01
4.837044e-02
8.112872e-03
1.519533e-06
2.129328e-01
5.801271e-02
1.572128e-01
1.387489e-02
1.746549e-02
2.695996e-01
2.910434e-05
2.466247e-03
6.838314e-02
7.803315e-03
1.753029e-01
2.079597e-02
1.384871e-03
1.621911e-01
3.341982e-02
6.547937e-03
5.786094e-02
1.791714e-02
8.429430e-02
4.337165e-02
3.882901e-02
3.222715e-02
6.569971e-02
8.012246e-04
4.154335e-02
1.307344e-01
3.768288e-03
4.705949e-03
1.085498e-03
2.916580e-04
1.554445e-02
8.892031e-02
7.203338e-02
2.333167e-03
4.516135e-03
4.077596e-02
9.245748e-02
1.171202e-02
1.197074e-01
4.835065e-02
7.746247e-04
2.802506e-02
4.649330e-02
4.829051e-03
8.873391e-04
4.296987e-02
4.355830e-02
7.686735e-03
8.707596e-03
2.372013e-03
3.942193e-01
2.157450e-03
4.328974e-05
6.678926e-01
6.111678e-02
4.779557e-03
1.485222e-02
1.050384e-02
1.326704e-02
8.589828e-02
3.331221e-02
4.470351e-03
1.952253e-01
1.366700e-02
5.256048e-03
1.705469e-02
3.912946e-02
2.089490e-03
1.100661e-01
1.469944e-04
6.538621e-02
3.079572e-04
2.968490e-02
4.460592e-02
9.510341e-02
2.685338e-02
6.848466e-03
2.590625e-02
2.672156e-04
4.170590e-02
1.223739e-02
6.679888e-02
1.202656e-01
6.743647e-03
2.315722e-02
2.268385e-02
4.608091e-02
1.280984e-03
2.755956e-02
8.946319e-02
1.173491e-02
4.723098e-02
5.484188e-02
7.818235e-02
1.442467e-04
1.216294e-02
8.095529e-03
3.388422e-02
1.390821e-02
2.147628e-02
2.725208e-02
2.686125e-01
8.979488e-02
2.296150e-03
4.779290e-02
5.824635e-03
2.048288e-02
1.206818e-02
1.284573e-02
3.704809e-02
6.893387e-03
2.191859e-03
2.424564e-02
3.553404e-02
2.435498e-02
2.122389e-03
9.602147e-02
2.655469e-03
2.661980e-03
1.083191e-01
4.012018e-02
9.457642e-04
