2.875223e-01
2.347528e-03
1.515853e-01
1.179390e-02
2.149428e-03
6.367638e-02
3.036822e-02
1.030503e-02
2.309214e-03
1.002506e-02
2.187079e-03
4.619561e-03
8.685663e-03
4.387332e-02
1.128159e-02
7.909737e-02
2.016172e-02
1.207377e-02
4.703213e-03
2.182352e-04
5.396217e-02
3.261176e-03
3.213220e-02
2.361290e-03
2.209202e-02
1.272464e-02
7.899108e-03
3.149618e-03
3.756852e-02
3.147927e-01
1.178629e-04
2.243422e-02
5.598142e-04
1.419273e-02
9.763047e-02
8.761217e-02
6.845621e-02
2.699007e-02
2.076508e-02
2.384263e-02
1.854396e-01
7.886415e-04
4.355780e-03
1.319365e-01
1.094124e-01
1.600756e-02
8.603697e-03
1.830245e-02
1.790572e-02
7.560180e-03
5.324077e-02
1.718304e-02
1.140546e-01
2.501416e-04
2.610900e-03
1.000913e-01
3.926200e-04
7.257472e-03
1.877568e-02
1.385203e-01
1.011546e-01
1.475660e-02
1.759026e-02
8.782505e-03
6.614594e-02
9.252625e-03
7.178081e-02
8.668746e-02
3.459497e-02
5.442255e-02
5.240159e-02
1.515925e-02
7.276847e-02
1.650685e-01
1.122419e-07
3.722653e-02
1.080414e-02
1.236099e-01
1.591494e-01
1.611013e-01
8.771672e-02
6.807981e-03
4.100996e-03
1.126019e-01
4.615321e-02
1.967533e-03
6.259973e-02
7.685642e-03
1.839750e-02
7.466755e-02
1.170511e-01
1.235380e-02
3.973906e-03
9.494797e-03
8.586508e-04
8.093532e-04
5.742089e-02
1.216204e-01
4.181669e-03
2.662607e-03
8.942704e-02
1.229578e-01
1.962943e-03
6.931941e-05
7.437858e-02
6.190945e-02
9.432281e-02
1.269450e-02
9.094094e-02
6.735389e-03
1.385474e-02
8.894287e-02
1.127808e-01
5.241107e-03
1.345627e-03
1.452537e-01
1.137976e-01
7.726039e-03
3.603731e-02
1.898879e-03
2.255305e-03
7.267009e-03
1.794890e-03
1.178330e-02
7.149369e-04
1.958675e-01
1.731044e-02
1.695404e-06
4.087196e-02
1.056936e-03
1.175612e-04
1.336840e-01
2.064271e-05
8.899237e-02
3.085639e-02
2.114685e-01
7.171005e-01
1.736523e-01
2.528237e-02
3.492126e-02
4.616495e-02
1.588759e-02
3.229901e-05
1.922674e-02
3.470914e-02
5.420385e-02
3.100175e-03
7.820798e-02
3.044365e-03
1.622984e-02
1.847170e-02
4.029067e-02
1.418119e-02
3.449444e-06
3.701444e-07
1.400599e-02
9.305692e-03
3.627479e-02
1.650745e-02
4.842238e-03
2.576213e-01
1.831482e-01
1.817463e-02
1.268772e-02
6.916670e-02
5.947804e-04
2.871888e-03
1.231317e-01
8.363950e-03
1.539523e-01
9.497577e-03
1.487642e-02
9.068349e-02
1.515488e-02
1.124182e-03
8.714679e-02
1.571272e-02
8.531482e-03
4.283591e-02
1.179980e-03
2.383153e-03
3.878695e-02
2.853488e-02
1.540239e-02
2.212794e-01
8.945126e-02
4.481367e-02
1.220690e-02
5.497242e-02
3.068697e-03
1.723268e-01
1.023236e-01
2.098184e-01
8.571327e-03
4.566438e-02
1.182305e-02
7.111425e-02
1.239385e-01
2.971592e-02
3.729031e-02
6.677930e-02
3.866953e-03
4.327503e-02
4.897619e-03
4.118220e-03
1.164735e-01
1.708924e-02
1.874548e-01
3.929171e-02
6.468496e-02
2.892353e-02
4.412741e-02
1.163525e-03
2.091293e-02
1.549219e-02
5.436230e-02
5.372293e-02
2.611092e-03
6.879260e-03
3.477545e-03
2.069849e-03
1.391305e-02
3.498399e-02
3.956052e-02
1.064092e-02
4.029320e-02
9.800473e-02
1.013350e-02
9.975253e-03
2.381214e-02
1.031132e-02
1.775091e-01
1.022162e-01
1.434306e-01
5.352960e-02
4.711500e-04
2.756508e-04
1.318333e-02
1.094057e-02
3.268006e-02
1.330451e-01
1.983574e-02
7.842877e-03
5.278046e-02
2.241341e-04
4.254680e-02
8.501372e-03
9.319509e-05
1.334941e-03
2.931122e-02
8.235814e-03
6.884784e-03
2.181194e-02
1.630494e-02
4.422673e-03
4.089939e-02
1.042156e-02
1.034887e-02
3.385129e-02
1.030739e-02
5.513542e-03
1.149125e-01
6.956464e-02
1.885174e-03
5.946513e-03
2.260010e-01
1.716257e-03
6.855511e-03
9.591338e-02
5.455931e-02
2.336620e-03
7.083135e-03
6.776072e-04
6.772423e-03
3.169844e-02
1.287895e-02
9.015838e-03
1.465644e-04
3.162146e-02
3.278092e-02
8.057107e-03
2.420801e-01
3.374742e-02
8.020767e-03
1.050839e-02
6.784345e-02
1.625704e-02
3.314515e-02
4.646476e-03
6.380581e-05
2.069919e-02
2.027051e-02
2.033266e-03
7.452721e-02
6.450172e-03
4.937852e-02
3.151709e-02
9.009512e-03
1.477885e-03
5.429649e-03
5.268566e-02
1.573348e-04
1.854750e-01
6.342773e-02
2.018676e-02
1.533496e-02
2.175487e-02
3.696199e-02
1.014394e-01
8.786562e-02
7.330765e-04
2.820632e-03
4.420275e-02
1.599215e-04
7.207643e-02
1.953906e-01
1.334322e-03
8.874785e-03
9.230918e-02
1.892399e-02
6.502306e-02
1.752245e-02
6.271587e-02
6.952664e-02
1.214318e-01
1.027909e-01
9.014599e-02
3.195356e-02
4.713431e-02
1.596818e-01
1.361853e-02
2.407678e-03
6.220908e-02
1.174746e-01
1.276802e-02
4.128494e-02
1.552174e-01
8.728687e-02
1.104575e-02
3.210054e-02
1.329941e-03
2.425775e-02
8.092894e-05
3.915094e-02
9.536257e-04
1.037754e-01
1.067447e-02
9.379217e-02
4.586897e-03
2.086029e-01
1.332952e-02
8.231246e-03
2.496530e-01
2.382615e-02
7.172521e-05
5.563872e-02
1.212776e-03
1.306791e-01
4.723345e-02
2.842548e-02
5.320976e-02
1.327469e-02
3.373716e-02
1.022333e-01
9.920020e-04
2.093539e-03
6.939514e-02
9.830668e-03
1.438407e-07
4.622143e-02
4.826961e-02
5.678657e-04
5.939646e-02
5.193446e-02
5.271095e-02
1.375372e-02
1.944949e-01
1.176868e-02
7.334818e-03
1.709515e-03
1.496779e-02
6.356273e-02
3.331810e-04
6.433175e-02
8.604170e-03
3.473934e-02
2.281633e-01
3.357561e-04
6.868048e-03
1.462881e-01
1.082485e-01
3.581811e-05
1.963481e-01
1.802013e-03
1.070472e-02
2.043703e-02
7.230312e-02
3.796429e-02
3.417900e-02
2.382344e-02
2.320517e-03
1.466075e-02
6.357028e-02
1.622800e-01
4.237713e-04
2.080852e-02
3.535376e-03
1.437966e-02
2.927596e-03
2.791303e-02
5.417797e-02
1.991192e-01
3.644153e-02
8.994089e-04
2.696474e-03
4.279049e-03
9.420124e-02
4.647014e-02
7.667161e-02
2.665006e-02
1.127346e-01
1.510896e-01
1.490954e-03
1.480093e-02
3.074775e-03
3.960789e-02
3.088324e-02
6.504482e-04
1.918236e-02
2.436123e-02
2.277141e-02
3.984652e-01
8.710225e-03
6.556065e-02
5.744639e-02
9.943661e-03
6.968226e-02
6.318396e-03
7.266207e-02
4.671596e-03
3.313367e-03
2.322982e-01
1.022761e-02
6.075479e-04
1.318446e-02
5.081830e-04
2.167647e-02
4.014847e-01
8.749363e-02
5.676118e-03
9.226681e-02
4.284408e-04
4.414647e-03
9.281417e-03
8.465972e-02
3.162613e-02
1.805739e-02
4.159927e-03
6.692915e-04
7.956734e-04
2.243020e-03
4.208661e-02
2.929978e-02
3.154302e-03
3.845180e-02
4.787821e-02
9.244407e-03
8.810686e-04
4.329096e-03
2.365194e-01
6.668406e-05
2.869667e-01
1.236194e-02
9.830020e-02
9.665444e-05
9.257159e-03
3.227036e-02
6.641774e-02
4.327657e-02
5.903157e-02
2.764225e-04
7.935569e-02
5.567594e-02
5.911109e-02
3.944235e-04
1.312959e-02
9.612664e-02
3.837912e-02
2.111023e-01
3.748010e-03
2.703267e-01
2.640481e-02
3.065568e-02
3.828873e-02
3.964144e-02
1.344780e-01
1.493048e-01
3.726856e-03
1.672759e-02
1.119641e-02
1.215317e-01
7.271019e-03
1.484460e-03
5.030462e-03
9.346565e-02
9.411222e-02
8.252921e-04
9.303377e-02
1.330880e-02
5.645736e-05
5.025031e-02
7.073165e-02
2.129127e-03
1.569328e-01
5.353182e-02
2.413060e-01
3.198404e-02
4.094942e-02
1.020621e-01
5.908430e-03
1.049436e-02
2.041109e-03
3.800288e-03
9.348847e-04
2.023896e-02
1.611303e-02
3.765492e-02
2.124325e-03
1.827091e-01
6.026829e-02
2.397953e-02
1.284867e-02
6.397610e-02
2.152250e-01
7.055586e-02
1.187541e-01
1.491670e-02
1.367038e-02
7.492353e-03
8.857698e-02
1.006517e-01
1.068383e-02
3.500969e-03
1.241402e-01
9.905191e-04
1.955890e-03
2.164404e-01
8.506272e-02
4.645067e-03
6.419746e-02
7.063038e-03
2.336625e-01
2.055488e-02
8.760981e-02
2.134854e-03
2.734944e-02
7.906040e-03
1.941606e-01
1.181297e-01
1.739243e-03
2.955691e-01
9.243507e-03
1.218632e-02
1.181774e-02
8.975277e-04
4.526162e-02
1.727353e-03
2.221533e-03
9.651540e-03
6.507438e-03
9.366121e-02
5.447510e-02
3.837060e-03
3.615112e-01
3.733407e-02
4.865194e-02
2.235129e-03
8.811995e-03
7.077075e-03
6.366155e-02
2.598758e-02
2.578180e-03
9.566558e-03
1.032230e-02
6.948017e-03
2.496481e-01
9.687289e-02
4.012755e-02
4.953731e-02
6.973900e-02
7.024785e-03
8.476300e-04
4.146066e-02
6.699999e-03
