1.196988e-01
1.964957e-03
7.146608e-02
2.124586e-02
2.458052e-02
5.087817e-03
1.006233e-01
2.088659e-02
4.241716e-02
4.504253e-03
3.913736e-02
1.688380e-01
7.097904e-02
2.506568e-01
7.800541e-03
2.032130e-02
7.725799e-02
2.952604e-02
7.176686e-03
2.670607e-04
3.220281e-03
1.789045e-02
1.024839e-02
2.699507e-03
9.549081e-04
6.006031e-02
1.319739e-04
1.779409e-02
1.874771e-03
1.507891e-02
6.706429e-02
1.108763e-01
1.719030e-01
3.888619e-02
1.754630e-02
4.002973e-03
1.916297e-01
2.963724e-02
2.146016e-04
2.757549e-01
3.101687e-02
4.617394e-03
2.461907e-02
2.843746e-02
7.315474e-03
1.191511e-01
2.030996e-02
1.416732e-01
2.172070e-01
1.660555e-02
3.826833e-01
1.413001e-02
5.471009e-02
1.792026e-03
4.878643e-04
2.701712e-02
5.765770e-02
5.253874e-02
1.049754e-01
1.366611e-03
9.428682e-02
1.338613e-01
2.081077e-03
7.544170e-03
4.222371e-02
5.403466e-02
2.952824e-05
7.664550e-03
2.307937e-03
2.289776e-02
5.497253e-02
2.828933e-01
1.369563e-03
6.055272e-03
5.574905e-02
1.555965e-02
4.637706e-02
2.086488e-01
3.803513e-03
8.106178e-03
5.093871e-02
7.573312e-04
1.313155e-03
2.980585e-01
5.267145e-03
4.576215e-02
1.654845e-02
1.594467e-01
1.458723e-01
7.100162e-02
6.888488e-03
3.116276e-02
8.051571e-03
8.134972e-03
2.000187e-01
2.838623e-05
7.922507e-03
2.289840e-02
1.301515e-02
7.628737e-02
1.092975e-01
3.630843e-02
1.151567e-02
1.823830e-01
1.371725e-03
4.465262e-02
2.367640e-01
4.285453e-02
8.719326e-04
2.599527e-03
1.427613e-01
8.130968e-01
9.075340e-03
1.117028e-01
2.725993e-02
3.691644e-03
2.056347e-02
1.226238e-01
3.416962e-02
3.025638e-02
1.332691e-02
2.500023e-03
1.273427e-05
2.017518e-01
4.016932e-02
3.398092e-04
1.491106e-01
5.400629e-04
1.861792e-02
1.459773e-03
1.118582e-01
4.833224e-02
9.972709e-03
2.652648e-02
1.383938e-01
2.476858e-03
6.354840e-03
1.692312e-02
1.829780e-04
1.051528e-03
3.383357e-02
6.209175e-04
3.007003e-03
9.580415e-05
6.998505e-02
2.302483e-03
1.324561e-02
9.246565e-02
3.846996e-01
3.644213e-02
1.173661e-01
9.809625e-04
3.385777e-03
5.341197e-02
2.681464e-02
3.079036e-03
2.413550e-03
3.326818e-02
5.174310e-02
1.176027e-01
5.171716e-02
6.037933e-02
2.593320e-05
1.184305e-06
3.112143e-02
4.231186e-01
2.807336e-02
4.420983e-03
1.417534e-02
1.107699e-02
2.613566e-02
1.096935e-01
2.649265e-02
4.751361e-02
2.095000e-02
1.753636e-01
3.530420e-03
1.296182e-02
3.145146e-04
2.568781e-04
1.260114e-02
1.435529e-03
1.553205e-02
3.105516e-03
1.325515e-01
2.809348e-01
3.438172e-02
1.704311e-03
2.721984e-02
1.974238e-04
5.931689e-03
1.220512e-02
5.503872e-03
1.588404e-02
9.898944e-03
2.476461e-02
3.134237e-02
1.291155e-01
2.099047e-01
1.577186e-01
1.159966e-01
1.542636e-03
1.525129e-06
1.261418e-01
8.154165e-03
1.141999e-02
1.489539e-02
5.610678e-03
1.516811e-02
3.178867e-04
2.560583e-03
1.134696e-01
6.867285e-02
6.044072e-02
1.678053e-02
4.211978e-03
1.401818e-02
3.589651e-02
6.481610e-02
5.921406e-04
1.416639e-02
2.941427e-02
2.686142e-03
3.714023e-02
5.339357e-03
2.494018e-02
2.505164e-01
1.681597e-02
1.291846e-01
1.763708e-02
3.799692e-02
1.028530e-01
2.315388e-03
2.104471e-02
6.616421e-03
2.683012e-01
6.486056e-03
9.119293e-03
2.700526e-02
7.549853e-02
4.365091e-04
2.506045e-02
2.691965e-02
4.801285e-02
1.002253e-01
1.010371e-02
4.137301e-02
3.736316e-02
1.695434e-02
2.291410e-03
5.803177e-02
1.787875e-03
2.294755e-01
1.374170e-02
8.860608e-03
3.182844e-02
5.066456e-02
9.762084e-02
1.345271e-01
3.513416e-02
7.555396e-02
1.070014e-01
1.194609e-02
1.309602e-02
3.228105e-02
4.623348e-03
4.070483e-01
1.415140e-05
8.672690e-03
1.987335e-01
9.953576e-03
2.626433e-01
3.549413e-01
4.658556e-02
6.686924e-02
1.449986e-01
5.946134e-03
8.302289e-02
3.262943e-02
1.836018e-02
4.888381e-03
3.235671e-03
6.220039e-02
1.064945e-01
1.199019e-01
5.100318e-02
2.503318e-03
2.301394e-01
1.180649e-03
1.992364e-01
5.551892e-02
8.272598e-02
3.736601e-01
2.883952e-02
4.856466e-02
1.000796e-02
4.165487e-02
2.143465e-02
4.778290e-04
1.958571e-02
1.603968e-02
3.467502e-02
1.063690e-03
1.204528e-02
8.328332e-03
4.237038e-03
2.761998e-04
3.985358e-02
5.025386e-02
3.958648e-02
1.554304e-01
9.933405e-02
1.204119e-01
4.595816e-02
3.446440e-02
1.229319e-02
1.677867e-03
2.893992e-02
4.049658e-03
1.019930e-01
1.333615e-02
2.674484e-03
5.970230e-02
5.247544e-02
3.641368e-02
2.693365e-02
1.600041e-03
1.086155e-01
1.868704e-03
3.661218e-02
2.785610e-01
9.367218e-03
2.083478e-01
4.453971e-02
7.336087e-05
1.093865e-03
2.770672e-02
9.058997e-03
4.006193e-04
1.600630e-02
2.370217e-02
2.291942e-04
8.305401e-02
3.076921e-03
1.287590e-05
1.599776e-02
1.493596e-01
1.185811e-02
7.554841e-02
2.425896e-02
1.856791e-01
2.746383e-03
1.828431e-02
2.441169e-03
6.165851e-02
3.342665e-02
4.875746e-02
3.234609e-04
5.282755e-02
1.087384e-04
1.581481e-02
7.343476e-05
1.219363e-01
1.899193e-02
3.499636e-01
3.579934e-02
1.111869e-01
4.579637e-02
7.815455e-02
1.844797e-02
7.197752e-03
2.373228e-02
1.590456e-01
5.684486e-02
6.370144e-02
3.869281e-02
9.299134e-02
8.703901e-02
5.365933e-03
9.337820e-06
4.093651e-02
7.996450e-03
1.714508e-02
1.067595e-02
8.866683e-03
1.593294e-03
1.401114e-02
1.380365e-01
1.836260e-03
9.785623e-04
4.559824e-04
1.605788e-01
2.164416e-02
2.543415e-02
1.472200e-01
2.217307e-01
3.506116e-02
9.397546e-02
4.171786e-03
1.789124e-02
4.024695e-03
6.670391e-03
2.281427e-02
2.182342e-02
1.824658e-01
5.332255e-03
5.339813e-02
2.401691e-02
3.430207e-03
1.184122e-03
1.292001e-02
1.225788e-01
1.273536e-01
3.980953e-03
1.000255e-02
4.927044e-02
7.252498e-03
8.128629e-02
1.901215e-02
2.272650e-03
1.561128e-02
1.130140e-02
7.716562e-04
1.258712e-03
8.163477e-03
1.485778e-01
6.781616e-02
9.233833e-04
6.338457e-02
1.120995e-02
4.845493e-02
2.607928e-02
9.157150e-03
1.026450e-01
2.150313e-01
3.747278e-02
1.215730e-01
1.065496e-01
2.047504e-01
4.196416e-02
6.045096e-02
5.492601e-02
8.913332e-04
4.213283e-02
2.425223e-02
7.343637e-04
4.104923e-02
8.093235e-02
2.595577e-03
9.119085e-02
2.305026e-01
1.179726e-01
1.643099e-02
3.418434e-04
1.512339e-02
4.874815e-02
1.942323e-02
1.436302e-04
1.569576e-03
1.334619e-02
1.141710e-02
9.575929e-02
1.014800e-01
1.032399e-01
1.732988e-01
2.032025e-02
2.689365e-02
1.258756e-02
1.558575e-02
1.696500e-02
1.143031e-02
5.435925e-01
8.821477e-01
1.849428e-04
4.970380e-02
1.687752e-03
7.336410e-02
1.336038e-02
6.338233e-02
1.527289e-02
2.231618e-03
1.892333e-02
1.643204e-02
2.733928e-05
9.485633e-02
1.859993e-03
3.385270e-02
1.964975e-02
3.939041e-02
1.550102e-01
7.201034e-02
2.692961e-03
7.070286e-02
1.743341e-01
1.348776e-01
1.546656e-03
6.854085e-03
2.347546e-01
4.665266e-02
2.036203e-03
9.551306e-06
1.454562e-02
3.037036e-02
2.037950e-05
4.531361e-05
1.709792e-04
1.134783e-02
7.496723e-03
2.156549e-02
4.887750e-02
2.105288e-01
2.390411e-02
3.677725e-02
2.645334e-02
1.897537e-02
1.411131e-01
4.566618e-02
2.676811e-02
2.262138e-02
3.130489e-01
1.187501e-03
2.539534e-02
3.806383e-02
1.724791e-01
3.225917e-04
2.471418e-04
2.285541e-02
9.033446e-02
1.315808e-02
7.721344e-05
2.626026e-04
2.932032e-02
1.072372e-03
1.448727e-01
1.128804e-04
3.961708e-02
1.695752e-02
1.412979e-01
5.446727e-02
1.040747e-01
5.469064e-01
9.815625e-02
2.227258e-03
7.269099e-02
5.268610e-01
8.711299e-02
6.214971e-02
7.194444e-02
7.714677e-02
5.150703e-06
1.103314e-02
1.069634e-03
3.850391e-03
2.432142e-02
5.048224e-03
4.589660e-03
3.257023e-03
1.441222e-01
9.099065e-02
8.874974e-03
6.694267e-02
2.852207e-02
4.213241e-03
8.981590e-03
3.631003e-04
6.138002e-02
5.136199e-02
2.476546e-02
9.676120e-03
6.203919e-02
1.209339e-01
3.882323e-05
6.793964e-02
1.605718e-02
3.070776e-02
1.018769e-02
3.628980e-03
1.364571e-02
1.758411e-02
2.978730e-02
1.192141e-01
2.109777e-01
4.384737e-02
2.730549e-03
2.693620e-02
6.350400e-03
5.350009e-02
8.643397e-02
1.221366e-01
2.244931e-02
2.636698e-02
5.067081e-02
8.805049e-04
7.140550e-03
