7.868702e-03
3.486339e-02
1.065881e-01
8.414789e-05
4.576352e-03
4.934508e-02
4.482666e-02
1.622345e-02
9.966594e-03
1.343353e-04
3.912465e-02
4.688457e-02
4.674020e-02
5.046882e-03
1.292779e-02
6.046615e-02
2.352769e-03
1.139070e-01
1.809449e-02
9.484532e-02
1.875247e-04
1.706761e-02
6.521334e-03
9.243038e-03
4.535477e-02
8.130424e-04
2.195314e-01
1.337485e-02
1.123679e-02
1.218088e-02
2.248872e-02
3.116448e-04
1.726986e-03
9.430817e-02
6.486250e-03
9.430893e-02
2.432465e-03
1.085821e-02
1.984216e-02
2.556169e-02
2.595841e-02
1.269673e-01
7.896759e-03
3.810927e-02
3.449486e-02
3.802499e-02
1.022047e-02
2.826623e-04
9.416942e-03
9.227161e-02
6.038886e-02
1.548170e-01
5.544649e-02
4.299819e-02
3.944480e-03
1.647137e-01
1.130781e-02
7.560911e-02
7.861057e-03
1.478192e-03
1.388315e-02
1.654040e-01
7.217273e-04
7.880807e-04
3.851362e-02
1.932242e-02
2.724981e-02
1.576953e-02
8.326921e-02
1.176060e-02
9.793871e-03
1.786301e-03
6.924902e-02
2.361585e-04
5.638547e-03
2.186025e-02
2.024708e-02
5.683259e-02
9.478729e-04
8.842492e-03
1.760858e-02
1.185678e-01
3.578360e-02
4.696650e-02
1.766402e-02
7.782683e-02
1.755985e-05
1.044123e-02
7.814950e-04
3.753946e-01
8.844623e-03
1.504925e-02
2.022925e-03
1.433114e-02
4.628755e-02
3.251949e-03
1.757909e-03
3.264558e-01
3.870946e-02
5.042660e-03
6.737675e-02
2.216393e-02
4.601139e-03
2.077366e-01
3.249953e-02
3.364091e-03
3.615033e-02
7.430154e-04
1.322280e-01
3.522971e-02
6.862273e-03
3.472726e-03
1.021944e-02
2.680810e-02
2.306598e-04
1.428904e-01
1.640693e-01
2.307765e-01
1.581012e-02
7.283575e-02
1.256176e-01
8.269506e-02
2.470461e-02
8.563940e-03
1.216758e-01
1.674826e-03
1.719604e-02
3.166115e-01
8.247949e-02
9.918149e-03
5.024957e-02
1.088126e-02
1.422508e-01
1.622270e-01
3.251978e-02
1.153837e-02
3.048500e-01
9.095213e-02
1.462549e-01
1.091443e-02
9.730541e-04
1.488723e-02
1.148695e-04
3.142655e-04
2.666314e-02
5.853104e-02
5.973927e-02
9.545038e-02
1.505698e-01
2.328547e-01
1.579863e-01
7.293884e-02
3.763937e-02
9.380053e-03
7.567660e-02
1.723601e-03
3.180391e-06
5.205745e-02
3.470305e-01
2.497873e-02
1.156410e-02
1.482820e-03
4.542224e-02
1.586194e-03
1.949168e-01
1.079260e-01
1.201809e-01
2.695108e-02
1.164065e-02
1.568291e-04
2.026899e-03
3.636138e-03
5.895336e-02
1.790533e-03
1.514077e-04
3.831737e-01
1.602767e-01
7.527912e-02
1.285298e-02
1.252112e-02
3.186644e-05
8.947387e-03
1.532578e-02
4.935579e-03
1.116617e-03
1.771899e-02
1.250852e-02
2.569683e-02
3.109042e-02
1.218471e-02
1.234252e-01
1.269139e-03
2.210308e-02
3.247233e-02
1.962034e-03
8.662828e-02
1.147381e-02
1.123134e-01
3.535499e-02
5.127321e-02
1.273980e-01
3.294656e-02
2.940905e-03
9.468871e-03
2.921827e-02
4.529516e-03
1.358537e-03
1.633420e-02
3.805880e-02
1.112690e-01
2.625517e-03
4.908564e-02
2.768672e-02
5.081096e-02
6.121685e-04
1.692721e-01
3.143358e-02
4.935244e-03
1.207967e-02
3.209744e-02
6.175591e-02
2.733839e-03
4.432515e-02
7.567117e-02
1.400189e-02
4.857936e-04
9.779417e-02
2.388614e-02
2.341031e-03
6.481883e-04
1.606686e-03
3.429480e-02
1.921371e-02
4.421309e-02
6.875609e-02
1.224179e-02
7.080265e-02
1.334149e-01
5.596877e-06
1.048644e-01
1.493804e-01
7.109598e-02
6.057556e-02
2.193798e-02
7.806335e-02
5.876801e-04
5.784492e-02
1.060449e-02
3.646136e-02
1.975982e-02
1.929418e-01
6.545167e-02
5.648143e-02
1.155658e-01
5.627605e-02
4.509540e-02
2.078106e-01
6.626602e-02
9.003924e-02
8.587880e-02
3.071820e-02
6.066526e-03
2.084679e-01
1.173148e-01
4.091197e-03
4.078971e-03
1.153375e-01
3.389833e-02
4.893778e-03
4.112981e-02
2.292351e-03
1.649300e-02
6.269380e-02
1.069751e-02
1.300689e-01
9.923192e-03
1.001987e-03
2.346312e-02
8.569529e-04
6.042982e-03
3.550349e-02
6.894178e-02
3.889832e-03
3.740137e-03
4.037099e-02
4.628725e-05
9.519856e-03
2.660651e-02
2.564816e-02
2.059936e-04
3.196797e-02
6.654343e-02
1.213628e-01
2.021594e-05
2.537058e-03
1.635362e-02
2.319157e-03
3.263979e-02
8.173013e-02
3.170969e-02
5.361028e-03
7.321452e-04
1.895830e-03
6.949848e-02
5.408852e-02
7.662573e-04
3.255706e-03
3.445197e-03
3.425391e-02
1.227793e-03
5.260731e-05
1.385278e-02
2.155135e-03
9.119550e-03
5.054572e-04
3.830942e-02
1.293330e-02
6.544472e-03
4.540602e-03
1.105393e-02
9.338211e-02
3.805116e-02
5.702710e-03
4.196105e-02
4.667598e-03
7.672426e-02
1.385368e-03
1.771473e-01
3.164335e-02
8.001440e-02
3.862928e-02
3.853049e-03
2.000475e-01
8.225396e-02
1.747081e-01
1.812373e-02
3.224958e-02
1.046688e-01
2.013717e-03
7.510875e-03
1.132580e-01
4.929413e-03
3.957729e-02
5.565830e-02
1.598936e-03
3.777963e-03
1.889184e-02
4.246066e-02
1.472970e-05
2.260984e-03
3.421472e-02
2.071191e-03
7.335181e-02
1.701822e-02
3.383530e-03
1.145376e-01
2.361544e-02
1.113431e-01
2.663848e-02
1.520780e-01
8.268567e-02
2.448513e-02
1.288674e-02
4.767149e-04
6.446472e-02
7.088363e-03
7.592438e-02
5.041755e-04
2.401570e-03
1.931983e-03
1.253171e-02
8.461211e-02
4.989368e-04
1.029423e-01
2.940200e-02
2.502165e-04
3.070814e-06
1.302074e-05
8.690543e-04
1.209824e-02
2.706376e-01
1.616408e-02
3.400779e-02
2.182461e-03
1.950735e-01
2.211848e-03
1.915692e-01
2.984300e-02
6.186705e-03
9.718580e-02
8.365211e-03
3.859073e-02
8.861462e-02
1.070758e-01
1.692505e-03
3.437653e-02
4.997508e-02
1.858531e-03
2.107325e-01
1.387014e-02
1.660451e-02
3.677506e-02
2.718545e-03
9.297698e-02
1.005522e-02
3.241128e-01
3.755328e-02
5.042919e-02
3.152863e-02
6.175267e-03
7.067667e-02
2.513239e-03
4.451962e-02
4.895471e-03
6.266035e-03
7.956784e-02
4.040771e-02
1.696032e-02
1.763552e-01
1.912989e-01
9.204400e-03
4.453009e-05
1.818333e-02
5.311823e-03
5.388154e-02
1.500191e-01
7.229782e-02
2.819850e-01
1.849967e-02
1.302244e-03
4.520898e-03
3.811661e-02
1.974665e-01
7.500389e-02
3.471191e-02
1.943197e-01
4.305477e-04
2.312557e-03
1.854072e-02
1.845314e-03
1.926226e-03
5.462407e-02
2.163863e-02
1.517815e-02
1.197467e-03
4.202451e-02
2.085187e-02
1.017093e-02
4.273033e-03
5.584974e-02
8.577159e-03
6.040060e-03
3.370889e-03
2.615163e-01
2.311940e-02
9.972430e-03
5.392577e-05
2.203774e-02
1.003384e-02
2.137066e-02
2.734856e-03
6.168315e-02
1.682202e-02
8.101733e-02
3.551749e-02
7.637687e-02
2.634676e-02
6.929900e-02
7.553622e-01
3.747961e-03
8.726034e-02
1.807350e-03
4.307305e-02
6.718859e-02
9.526252e-02
4.727660e-02
2.172453e-01
1.300823e-01
4.076213e-03
1.495674e-01
2.194690e-01
3.284770e-03
2.389568e-02
6.670954e-05
1.748263e-01
1.205249e-02
1.431506e-01
1.718218e-04
8.060356e-03
2.544885e-02
7.407088e-02
1.789907e-01
4.545058e-01
6.566126e-03
2.166740e-02
3.531733e-02
4.301758e-02
1.641768e-01
6.779876e-02
8.207027e-04
8.417142e-02
8.630405e-03
1.372924e-03
2.475441e-02
1.232456e-02
6.653139e-02
8.354919e-03
4.125064e-03
3.373559e-03
8.109485e-05
1.085306e+00
6.734724e-03
3.765334e-03
2.447799e-03
1.110536e-02
4.711775e-02
1.082750e-02
1.237187e-02
2.298017e-01
1.847111e-02
1.008055e-01
5.989820e-04
2.975702e-02
1.315770e-01
2.820888e-03
2.066536e-02
1.202336e-01
6.233780e-04
5.385290e-02
4.244255e-04
1.994165e-02
1.547207e-01
1.009756e-03
8.232796e-02
2.870406e-01
1.105189e-02
1.999519e-02
8.599265e-02
1.297095e-01
8.757703e-03
3.838978e-02
6.740134e-02
1.438582e-03
4.459671e-01
2.278141e-02
4.038530e-02
3.900624e-03
2.302035e-01
4.362799e-04
5.210213e-02
1.028557e-01
1.637569e-02
1.030473e-01
1.245825e-02
1.541808e-01
3.211099e-02
2.195329e-02
5.238624e-02
1.516138e-02
6.308393e-02
4.154909e-01
2.147363e-02
1.814862e-02
5.073596e-02
1.150290e-03
2.344649e-01
6.017453e-03
9.624671e-04
1.842204e-01
3.069264e-02
6.054634e-04
1.983528e-05
7.590303e-02
5.553081e-02
2.551244e-02
1.019977e-01
3.005620e-03
6.556471e-02
1.828188e-02
1.318094e-03
3.791198e-02
1.957490e-02
4.443809e-02
2.309726e-01
6.314894e-03
3.746867e-02
3.607395e-04
1.241986e-02
4.063807e-02
2.330806e-01
6.333248e-02
9.234211e-03
1.529394e-01
5.077289e-02
