5.599762e-02
7.654005e-02
5.013636e-02
5.417844e-02
7.339214e-03
6.044758e-03
8.599453e-02
4.247529e-02
7.591882e-03
5.409967e-02
1.114273e-01
9.628238e-04
5.293971e-04
2.111953e-01
2.539436e-03
1.133503e-01
1.550053e-03
2.869896e-03
1.583902e-02
1.150819e-02
1.329680e-03
1.191054e-02
3.281453e-02
2.581735e-02
3.787795e-02
1.063115e-01
5.594575e-03
7.879417e-03
7.203331e-02
1.192903e-03
8.364921e-02
2.791357e-02
8.105047e-02
1.660534e-01
2.996352e-02
2.192656e-03
6.156033e-04
4.843375e-04
1.713019e-01
2.274241e-03
1.631099e-01
2.958978e-02
6.097235e-03
2.993326e-03
5.774910e-03
1.776697e-01
1.171737e-02
2.639462e-03
2.021563e-02
1.176852e-01
4.948773e-02
6.170111e-02
4.380080e-02
6.102899e-02
2.252153e-03
6.119742e-02
1.597463e-02
4.003322e-02
3.347087e-02
7.720220e-02
2.046128e-03
2.090301e-03
2.100108e-02
2.650587e-02
3.258059e-02
3.927628e-05
1.631133e-02
2.708272e-02
1.058291e-02
8.474210e-02
1.674736e-01
1.400597e-03
7.438330e-03
2.807579e-02
4.795784e-02
5.614934e-04
4.071265e-02
7.280139e-04
1.070305e-02
8.692579e-03
2.821893e-02
6.394615e-02
1.164830e-01
3.011990e-02
7.370569e-03
8.101083e-03
1.894335e-02
7.922238e-02
1.773531e-02
5.998239e-03
3.043188e-04
6.899717e-02
3.679146e-03
2.408693e-03
1.268604e-02
1.574284e-01
3.126634e-04
6.683749e-02
2.416349e-02
1.250904e-01
4.498838e-02
9.721478e-04
2.622076e-01
6.126370e-02
2.378851e-01
6.319808e-02
3.137416e-01
3.392289e-04
4.479500e-02
5.755746e-03
1.494712e-02
3.135196e-02
3.356362e-02
2.056750e-02
2.750928e-01
7.339617e-02
3.750312e-03
7.047933e-02
2.696619e-02
3.429129e-03
7.794502e-02
9.968412e-03
2.109606e-04
2.109538e-01
4.290087e-02
2.064886e-02
6.761266e-02
1.865229e-03
2.258757e-02
8.089555e-02
1.241731e-02
2.535714e-01
1.031839e-03
5.503101e-02
1.074562e-03
1.350875e-01
9.298506e-02
1.805649e-03
9.067667e-03
1.770599e-05
4.425062e-02
1.542882e-02
1.088947e-04
6.762270e-03
5.621552e-03
2.400079e-01
7.479835e-02
7.853409e-02
9.657085e-03
5.494739e-02
6.505933e-02
4.444645e-02
4.573802e-04
1.153346e-02
3.678244e-01
1.705045e-02
1.548676e-02
2.980206e-03
1.522485e-03
7.045896e-03
1.433280e-02
2.794766e-02
2.128714e-02
1.274901e-02
5.456735e-02
2.803684e-02
4.910667e-05
1.168904e-01
3.474819e-02
5.435104e-02
3.821482e-02
1.832447e-03
6.735815e-02
3.399491e-03
8.490516e-02
3.411876e-02
3.898969e-02
2.472105e-02
1.722210e-04
3.207166e-04
1.327126e-02
1.380435e-02
8.983999e-05
1.376643e-02
8.594334e-02
3.104905e-04
3.334097e-03
4.167321e-02
7.349681e-02
1.828553e-02
5.804316e-02
5.507896e-03
1.320519e-02
2.393223e-03
3.361140e-02
7.053044e-03
8.257879e-03
4.667232e-02
2.716744e-02
3.573877e-03
2.333837e-02
5.794025e-02
3.751074e-02
2.045741e-02
8.940176e-05
6.252491e-03
3.146186e-01
6.489495e-02
6.698658e-03
1.974719e-02
6.306215e-03
5.621172e-02
1.211540e-01
3.932190e-02
1.760521e-02
3.342663e-03
4.320384e-02
8.042479e-02
5.312567e-02
3.437676e-03
7.645283e-06
3.794251e-04
2.895251e-02
3.537580e-02
5.233893e-02
3.334752e-02
7.974403e-03
1.650847e-01
4.643102e-03
6.805929e-02
1.721444e-02
2.326046e-02
2.707732e-01
2.938354e-03
5.455251e-02
9.546991e-03
9.657841e-06
2.566365e-02
1.729762e-01
3.482732e-02
2.216410e-01
6.402692e-02
2.962915e-01
9.409827e-03
1.233118e-01
1.138675e-01
1.355987e-03
3.190145e-03
5.735088e-03
5.616185e-03
4.981811e-04
1.036987e-02
3.649000e-02
7.424578e-02
4.270721e-02
5.478842e-02
4.700811e-02
5.323427e-03
3.278921e-03
1.739190e-03
3.292551e-02
2.167411e-02
7.636768e-03
3.702886e-02
3.264539e-01
1.250986e-02
6.665268e-02
2.586757e-06
1.447258e-02
9.882851e-02
7.116446e-04
2.136615e-02
7.583225e-02
6.894299e-02
2.653452e-01
4.020019e-02
2.506837e-02
7.186552e-03
2.641993e-02
1.945823e-01
3.270672e-02
1.645778e-01
4.558222e-02
2.029511e-03
3.738143e-01
1.859636e-01
5.758036e-03
5.478653e-03
2.257490e-01
4.824077e-03
1.927471e-01
1.164508e-02
1.596856e-03
2.857052e-05
6.497211e-03
2.751719e-02
2.287660e-02
1.164497e-01
4.249083e-03
3.037393e-03
1.309463e-02
4.123931e-03
1.078518e-02
5.920847e-02
2.062062e-02
2.400477e-02
2.166002e-01
7.668319e-03
4.282961e-03
9.496245e-02
2.256159e-03
2.422208e-02
6.531894e-05
1.019474e-03
3.869852e-05
2.005149e-01
4.425847e-03
1.506753e-05
4.282950e-03
5.046328e-03
1.357254e-02
1.718740e-02
6.368341e-02
4.460523e-06
5.056334e-03
3.713989e-03
8.280784e-02
3.213640e-02
1.127797e-02
8.806087e-02
2.178397e-02
4.827861e-03
1.534765e-01
4.532642e-02
1.623978e-04
2.138509e-02
3.559162e-03
3.788059e-02
2.570707e-01
1.651474e-02
2.367096e-04
7.989720e-02
7.169252e-02
1.518822e-02
5.079828e-03
1.133964e-03
1.711948e-03
7.839393e-03
1.749763e-03
2.470999e-03
3.237525e-02
7.576398e-02
8.696333e-02
8.234262e-02
7.142378e-03
6.479614e-03
7.833578e-02
6.669231e-02
6.744289e-03
1.955835e-02
3.970479e-02
2.645763e-02
1.066016e-02
8.748267e-02
6.451537e-03
1.352150e-02
1.940093e-02
4.141487e-02
1.229036e-03
1.157443e-01
5.345027e-02
1.725961e-02
9.475085e-03
5.137070e-02
4.495941e-03
1.821196e-03
1.128872e-03
1.748705e-04
2.925774e-03
1.314296e-02
5.555278e-02
2.100322e-06
6.681578e-02
7.313562e-02
1.076204e-02
8.533773e-02
8.144981e-03
1.589792e-04
5.905886e-03
9.046041e-02
2.408579e-02
1.384659e-01
7.105131e-02
1.726337e-02
1.135401e-02
7.364820e-02
1.784934e-03
3.083031e-03
2.753769e-03
1.210894e-04
6.933183e-02
2.303637e-02
1.350696e-01
4.385316e-02
4.407889e-02
1.430969e-01
4.745137e-02
5.545495e-02
3.157867e-02
5.987723e-04
2.559766e-02
2.538832e-04
1.158096e-04
4.277980e-02
1.394900e-03
8.621259e-02
3.048590e-03
1.599973e-02
2.269687e-01
1.229727e-02
4.488378e-03
1.144904e-04
2.660924e-02
1.478684e-02
1.544411e-02
2.389792e-02
5.122823e-04
6.287494e-02
1.667249e-01
1.421242e-02
5.167769e-02
3.877743e-02
4.230851e-02
1.664849e-02
1.244895e-01
4.364328e-03
7.506510e-02
4.497168e-02
1.575892e-03
2.287562e-02
1.725714e-02
2.406409e-02
5.752555e-02
8.081176e-02
8.092190e-04
5.447817e-04
6.087319e-04
2.734000e-02
7.973148e-03
8.036163e-03
1.906348e-02
3.586540e-03
1.020863e-01
2.860390e-02
5.540070e-02
1.079975e-01
7.714005e-04
7.231001e-02
3.199714e-02
1.693950e-02
2.516364e-03
2.354815e-03
4.471326e-02
2.557238e-04
2.105082e-02
6.090273e-03
7.178310e-03
5.386316e-03
1.826350e-02
2.152510e-02
6.399246e-03
1.411807e-01
1.097755e-03
2.411138e-01
5.121607e-02
3.159069e-01
4.103831e-03
1.324755e-01
3.614989e-04
1.198463e-02
1.140476e-02
3.271032e-01
8.180301e-03
5.891409e-02
6.373634e-02
1.849806e-03
3.945997e-04
2.303651e-03
1.520934e-01
1.125867e-01
6.667883e-03
1.239843e-02
1.199101e-01
1.062242e-01
6.103134e-02
3.966642e-04
5.197700e-02
2.243297e-02
6.179284e-04
1.413442e-01
2.213373e-02
1.655391e-03
5.513427e-02
1.921900e-03
6.899201e-04
3.510571e-02
3.587556e-03
6.217873e-03
2.928841e-03
4.284874e-04
1.060540e-01
2.904949e-02
3.180071e-02
2.599438e-07
4.116116e-02
1.885836e-02
3.104766e-01
7.101815e-02
1.211366e-03
7.883079e-02
3.665249e-02
3.446662e-02
7.108458e-02
5.698007e-02
3.958816e-02
1.797337e-02
2.600897e-01
1.926303e-02
1.243576e-03
5.237906e-02
1.438111e-02
8.033728e-02
2.998833e-02
9.362429e-05
1.632011e-01
2.567459e-02
9.488237e-02
7.379181e-04
1.594083e-01
1.226327e-01
6.084996e-02
3.051046e-01
9.641154e-04
8.231301e-03
4.905593e-04
1.580952e-02
1.039881e-01
4.382292e-02
1.517736e-02
3.243747e-02
8.750082e-02
1.741521e-01
2.470682e-02
7.272763e-03
9.934473e-03
3.683982e-02
2.894527e-02
1.938715e-03
8.596497e-02
1.681901e-02
5.367057e-05
1.558925e-01
1.003175e-01
6.508273e-03
2.975956e-02
3.485097e-02
8.393572e-03
1.082492e-01
9.699122e-03
8.692656e-03
5.996305e-03
1.635873e-02
2.076764e-01
1.580938e-01
1.147700e-01
7.439399e-03
3.270642e-02
4.239388e-02
2.722408e-03
4.064414e-02
1.337283e-04
9.216243e-04
5.092583e-02
2.066301e-03
1.179552e-02
1.607708e-02
3.380285e-02
1.075352e-01
6.984675e-02
2.862854e-05
5.667595e-02
2.907427e-01
2.364748e-02
1.025464e-02
