5.996610e-02
3.933398e-03
3.343180e-02
5.076827e-04
2.843070e-02
6.574339e-03
3.324723e-02
4.359319e-04
7.825427e-04
7.087782e-03
1.892261e-01
1.712934e-01
5.329497e-03
5.579163e-03
7.323729e-03
1.727929e-02
4.359136e-02
2.647624e-02
3.270264e-03
1.310838e-03
4.057732e-02
3.095084e-04
2.130574e-02
4.069293e-04
2.466512e-05
1.163491e-01
4.113268e-04
7.940717e-02
5.269589e-02
4.590322e-01
8.623227e-03
2.361116e-03
1.296951e-01
3.550899e-03
1.708896e-01
9.831336e-02
9.870746e-03
4.613038e-02
3.460580e-03
7.815729e-02
1.253676e-02
8.672021e-02
2.136580e-01
4.387216e-03
2.069408e-01
1.576090e-01
8.435601e-06
4.937808e-02
2.491007e-01
3.360130e-02
7.433859e-03
9.261362e-02
3.027936e-02
6.017454e-03
3.699315e-02
1.956780e-02
7.543097e-03
1.225459e-01
4.165079e-02
3.903345e-02
4.414410e-02
1.052636e-02
1.668171e-02
6.049781e-02
9.469671e-02
9.179974e-03
1.448099e-03
2.747132e-02
8.052426e-02
1.807678e-02
9.513454e-03
4.920707e-02
1.817953e-04
2.760205e-03
5.178373e-04
3.410801e-02
1.379887e-03
2.551883e-02
3.625934e-03
5.657387e-02
5.912136e-02
2.431656e-02
6.784180e-04
4.641368e-01
1.323293e-02
3.076540e-01
2.438978e-01
2.187421e-02
2.741456e-03
2.822517e-03
6.456564e-02
2.005155e-02
9.690478e-03
3.307213e-04
1.412014e-02
1.025937e-04
2.482518e-04
9.767875e-03
1.839784e-03
9.608354e-02
6.911254e-03
3.059464e-04
1.389164e-02
4.743954e-02
4.011706e-02
1.521110e-02
1.194743e-01
3.728384e-02
3.835376e-03
1.523195e-01
3.472944e-02
9.395724e-02
5.548905e-02
1.653196e-06
1.539709e-02
2.222906e-02
2.412176e-02
4.803947e-03
2.473239e-02
9.941758e-03
5.431261e-03
1.885739e-02
1.671375e-01
9.576812e-04
1.299484e-01
2.437134e-04
3.770243e-01
6.274557e-03
1.651675e-02
2.982536e-02
3.944573e-03
2.456791e-02
2.014008e-03
6.606422e-02
1.027102e-02
4.848682e-03
2.087434e-02
2.648776e-02
3.713504e-02
1.583912e-03
6.207654e-03
1.202215e-01
3.670914e-04
7.518196e-03
9.664734e-02
9.804603e-03
5.706193e-03
5.091879e-02
3.553424e-02
3.646869e-03
6.145680e-02
4.297111e-02
1.149231e-03
1.079526e-01
1.172057e-01
9.029155e-02
1.099342e-04
1.186587e-02
4.511251e-01
1.103020e-01
1.541376e-01
1.146440e-01
4.125342e-02
6.411286e-04
8.936276e-02
1.064657e+00
8.001700e-03
1.435867e-02
4.455847e-02
3.596245e-02
2.287669e-02
8.773519e-04
4.977679e-03
2.005542e-03
2.088506e-04
3.155985e-04
9.918168e-02
1.275436e-01
1.489817e-01
2.896940e-03
1.076634e-02
2.936301e-03
4.513852e-02
3.036362e-02
1.063079e-02
4.787769e-02
1.724059e-02
9.170553e-02
1.281059e-01
3.155567e-01
1.797864e-02
2.148683e-02
2.499779e-04
2.556863e-01
1.653733e-03
1.451345e-04
1.977236e-03
3.014487e-02
8.373966e-04
1.149896e-02
1.117420e-01
1.106059e-03
2.196471e-02
1.130239e-04
8.667797e-03
4.977052e-03
5.098174e-02
4.806555e-02
1.881308e-02
8.041785e-02
1.099032e-02
1.490345e-02
1.422191e-03
2.615914e-03
5.428612e-03
1.137504e-01
4.395696e-02
1.189349e-03
5.862509e-02
1.240387e-03
1.194228e-02
4.471443e-02
5.335708e-02
1.519243e-01
1.805561e-02
3.198921e-02
8.640909e-02
9.332600e-03
1.398776e-02
1.936903e-01
7.515360e-02
2.403806e-02
1.866926e-02
8.663433e-04
3.899596e-02
1.421879e-02
1.576664e-02
1.431141e-02
4.523386e-03
1.927955e-02
1.193867e-01
9.566352e-03
4.654665e-02
1.851884e-02
6.681264e-02
6.713500e-04
1.298883e-01
1.178094e-01
5.690340e-02
2.909939e-02
1.217932e-01
1.238460e-02
7.090100e-03
1.152188e-01
1.680952e-01
1.459171e-01
3.559605e-02
5.100287e-03
2.170838e-01
8.837896e-06
3.645914e-01
1.085558e-02
9.872802e-02
4.448501e-05
1.066559e-01
2.346879e-02
3.389811e-03
3.637858e-02
7.942331e-03
2.192993e-03
8.666496e-02
1.486659e-02
6.171523e-03
1.273698e-01
3.046853e-02
3.250489e-03
1.440905e-01
3.367991e-03
3.453067e-02
1.073549e-04
7.711434e-04
1.986085e-02
1.066521e-01
1.198683e-02
6.885309e-04
5.083702e-03
1.291206e-02
1.081847e-04
5.672234e-03
2.732081e-02
5.138551e-05
7.430572e-02
2.886484e-01
1.725567e-02
4.271489e-02
9.616876e-03
6.064448e-02
7.779440e-02
4.807849e-02
4.714648e-04
8.111970e-02
5.272280e-02
5.749461e-02
1.405197e-01
1.937422e-02
7.144968e-02
4.382514e-03
9.173872e-02
3.656986e-03
5.718745e-02
3.187105e-01
5.622457e-05
5.775861e-03
9.396085e-02
3.114201e-06
1.493683e-02
5.360475e-03
9.284502e-02
1.833732e-02
2.627027e-02
1.711542e-03
1.536699e-02
8.510251e-03
1.129840e-01
3.579440e-02
3.975122e-02
5.457751e-03
3.904830e-04
1.642206e-02
1.994420e-02
7.630044e-02
8.005064e-02
2.563676e-01
7.690049e-02
9.140666e-04
1.664592e-02
5.102846e-05
2.332517e-02
7.847547e-03
2.455187e-02
3.678150e-04
4.536124e-02
5.409668e-02
7.078714e-02
5.825102e-02
2.641024e-02
3.041513e-02
3.938924e-02
3.464825e-03
3.232439e-02
6.882291e-03
1.499931e-02
8.697863e-02
2.481279e-03
1.165469e-02
3.796424e-03
2.497454e-02
3.575828e-02
5.392321e-03
4.811463e-02
3.583374e-03
1.848561e-02
2.009964e-02
1.192551e-01
4.262611e-04
2.817704e-02
1.006802e-03
8.776743e-02
1.556958e-02
4.630725e-02
1.958606e-01
7.833793e-02
4.131844e-03
1.145752e-01
1.787472e-01
1.160610e-01
1.541335e-01
1.393837e-01
6.530761e-03
4.354346e-03
1.423467e-03
7.017691e-02
7.535309e-03
1.164402e-02
1.177139e-02
1.107250e-02
4.480238e-03
1.964091e-02
1.044540e-01
2.447884e-07
1.582832e-02
6.066245e-04
2.062860e-02
5.776972e-03
7.472270e-03
6.271546e-02
1.630269e-01
2.243383e-02
2.388587e-02
2.936946e-01
1.551256e-02
6.286812e-02
1.153682e-01
4.640024e-05
2.946362e-03
1.857968e-03
5.033053e-02
3.151623e-02
1.285646e-03
1.761310e-03
5.712316e-02
1.134574e-02
1.416179e-02
3.411457e-03
2.149349e-02
1.301212e-02
4.083778e-01
4.356786e-02
2.522450e-03
1.066531e-01
7.916328e-04
1.351914e-02
6.179081e-02
4.625675e-05
2.283285e-02
2.496085e-02
5.919747e-03
3.962181e-01
1.114173e-01
5.801295e-03
3.774859e-02
7.768690e-02
1.264322e-03
4.039872e-04
2.756682e-03
4.325103e-02
3.582463e-02
9.629934e-04
1.102897e-01
1.018276e-04
6.629618e-04
3.669247e-02
1.701317e-03
8.466821e-04
4.955776e-02
1.859295e-03
3.786609e-03
2.646527e-02
1.656954e-03
5.902986e-03
2.418938e-02
1.133338e-01
3.745174e-03
7.848109e-02
1.348914e-03
2.079734e-05
4.443723e-02
6.872106e-03
1.188803e-01
4.777973e-02
1.178970e-02
9.144263e-02
5.715839e-03
5.298834e-02
3.014536e-03
4.667544e-03
2.314854e-01
2.322560e-02
4.957781e-02
5.420427e-03
1.913791e-01
3.823968e-01
7.533631e-02
5.697087e-02
8.986050e-02
1.431228e-02
1.957562e-03
2.323196e-03
8.281127e-04
3.214090e-03
1.447851e-01
2.758436e-02
1.308100e-01
5.556557e-03
1.772606e-01
3.070716e-02
8.705670e-04
4.965603e-02
9.215594e-04
3.383734e-02
8.104266e-02
5.795407e-01
3.663129e-02
1.509404e-03
1.428800e-02
7.275568e-03
2.724825e-03
5.538972e-02
3.929126e-02
8.435546e-02
2.938854e-02
3.311514e-02
1.053417e-02
1.194151e-01
4.792382e-03
2.897366e-02
6.296792e-04
1.932884e+00
9.822594e-03
1.115156e-02
1.169172e-02
4.434265e-02
5.686608e-02
7.409949e-02
5.498482e-04
3.833639e-02
1.032191e-02
4.824219e-02
2.325024e-02
4.740705e-02
2.980609e-02
1.275703e-03
2.299616e-01
2.427829e-02
7.986361e-02
7.964984e-02
9.296356e-03
6.896971e-04
5.503009e-02
1.160242e-03
1.369751e-01
1.494129e-02
1.121354e-02
5.154133e-06
6.856738e-02
1.426028e-02
1.676235e-02
1.454632e-04
9.329570e-03
1.263615e-03
5.037671e-02
7.186008e-02
5.848582e-03
2.801805e-01
1.276991e-02
3.078039e-02
8.773761e-03
1.407176e-01
6.188867e-04
3.574355e-02
1.144342e-02
2.245588e-02
6.757367e-04
1.521190e-02
1.003026e-03
1.805264e-01
2.603329e-02
8.567467e-03
6.223630e-03
3.468935e-06
1.054801e-04
1.510746e-02
7.823724e-02
6.914287e-02
8.644210e-03
4.628850e-03
2.520142e-03
3.430129e-01
6.879755e-02
7.525217e-02
2.358107e-02
1.595046e-06
1.279830e-02
1.107455e-01
4.000790e-02
2.467720e-02
2.628350e-02
5.431881e-04
3.548226e-04
2.124290e-02
3.440843e-01
3.803726e-03
1.523597e-01
1.895757e-03
3.497323e-02
7.909217e-02
1.020021e-02
6.418586e-02
1.200800e-01
4.725513e-03
6.027537e-03
3.856709e-02
3.054249e-01
1.700321e-02
