1.335389e-02
3.858113e-01
5.534324e-04
2.888943e-04
5.410842e-02
3.793698e-04
8.341220e-02
1.190849e-03
8.982527e-04
2.275659e-02
1.822346e-01
5.333936e-03
1.419151e-02
7.179302e-02
4.418050e-03
1.279894e-01
1.615321e-02
6.722274e-02
2.038231e-03
2.730711e-02
1.140992e-01
1.759227e-01
1.383593e-01
2.218867e-02
1.672417e-02
6.275078e-04
1.378792e-01
4.617714e-02
4.113142e-02
7.910065e-03
3.717034e-02
4.333108e-03
1.881610e-01
1.476925e-02
7.562406e-03
1.168436e-01
1.686406e-02
1.262075e-02
1.874255e-03
9.711739e-03
8.610524e-02
3.756645e-02
1.374746e-02
1.604782e-03
6.416058e-03
8.741142e-02
1.505190e-03
5.586180e-02
2.205019e-02
1.268471e-02
2.858032e-04
4.532283e-03
1.880506e-02
1.306357e-02
1.613064e-02
1.554157e-02
6.124442e-02
2.755184e-01
1.725814e-03
4.750475e-04
5.744756e-03
1.253564e-02
5.214851e-02
3.138936e-01
6.960490e-03
1.270805e-01
3.368117e-04
3.502823e-01
7.405859e-02
3.891600e-02
1.402235e-02
1.854097e-03
4.817001e-02
1.042671e-02
3.864578e-03
1.437751e-02
8.857795e-02
5.032512e-02
1.636095e-01
8.487743e-02
1.338157e-02
3.861926e-02
7.545503e-02
1.670548e-02
1.247227e-02
1.462629e-02
6.954233e-02
1.279426e-02
8.590546e-02
1.061290e-02
6.369491e-02
8.226862e-02
1.563499e-03
3.486400e-04
8.921679e-06
1.261022e-02
4.582778e-02
3.433449e-03
2.230607e-01
1.181899e-01
2.784541e-01
3.698118e-02
6.504185e-02
1.516251e-02
6.006609e-02
6.618760e-02
7.791525e-03
1.268880e-01
8.792384e-05
3.796317e-02
9.985379e-03
4.462444e-01
2.327018e-02
4.222646e-02
6.359293e-03
3.605745e-02
4.076880e-02
1.562958e-01
7.848151e-03
1.035375e-02
7.469489e-02
1.153479e-01
9.736449e-02
7.460389e-02
3.209589e-02
1.193271e-01
2.274038e-02
2.845436e-01
1.060712e-01
2.374999e-01
1.743278e-02
6.522756e-03
4.315865e-02
5.366648e-02
5.947011e-03
1.440142e-01
1.056534e-03
7.527916e-02
1.681455e-01
1.018558e-02
1.766074e-01
6.499943e-02
3.923044e-05
1.955379e-02
1.096557e-01
1.432531e-01
7.151786e-03
1.624489e-04
6.141891e-03
5.161470e-04
1.946825e-07
2.538835e-02
4.840453e-02
1.864952e-02
8.851468e-03
1.312760e-02
1.154235e-01
1.762766e-02
2.839222e-02
1.507790e-01
6.419733e-05
2.004571e-02
1.780582e-01
1.890041e-03
3.296890e-03
7.370300e-01
4.001559e-02
7.397047e-02
2.145617e-01
4.985369e-02
3.290612e-02
9.693724e-02
6.972492e-03
9.978283e-03
8.797531e-03
4.578643e-02
3.393335e-03
4.816992e-02
1.445608e-01
1.091390e-02
1.481130e-05
1.834429e-02
7.368954e-02
1.181644e-02
2.737811e-02
6.942733e-03
9.364764e-04
2.872503e-03
6.010845e-02
2.163763e-03
4.267666e-02
6.914948e-02
2.280016e-02
3.350268e-01
2.328741e-01
1.603078e-02
1.763959e-03
4.877821e-02
8.837962e-04
1.304991e-01
4.218777e-04
2.980191e-02
6.514360e-03
8.190788e-03
1.709041e-02
1.088231e-01
3.001551e-03
3.788846e-02
6.550952e-03
2.284677e-03
6.932987e-02
7.818006e-02
2.841614e-02
1.215496e-03
4.393726e-03
8.797883e-04
1.411070e-02
5.250195e-03
1.986331e-02
4.562761e-03
1.247387e-02
6.195616e-06
9.298561e-02
3.266570e-02
5.930503e-02
6.081289e-04
1.488335e-04
4.231179e-03
4.590605e-03
7.146872e-03
2.260940e-02
7.081153e-03
2.243217e-03
2.450242e-03
1.039868e-02
5.140795e-03
7.404141e-02
7.015901e-02
2.402691e-01
1.628752e-01
2.573007e-05
1.711110e-03
9.408206e-02
4.413541e-03
2.850967e-02
2.409430e-02
1.499019e-02
2.878782e-02
1.151902e-01
1.612202e-02
6.652780e-02
7.336278e-04
3.704176e-02
2.902423e-04
3.711646e-02
1.116334e-04
9.390630e-03
3.082157e-03
3.518922e-03
2.080248e-01
2.630510e-02
1.909065e-02
2.141565e-03
1.969846e-02
6.746958e-02
3.827791e-02
1.429350e-02
1.221724e-01
1.522277e-01
6.712008e-04
5.201465e-02
2.975489e-02
9.165337e-02
1.005387e-01
5.376485e-03
1.732901e-01
6.135464e-02
5.925467e-02
7.626687e-02
1.817527e-02
6.592494e-02
4.858700e-02
4.333882e-02
3.786558e-02
2.174381e-02
2.959674e-02
8.405166e-05
3.944685e-04
1.431257e-03
1.995488e-02
1.105644e-03
1.355168e-01
4.129577e-02
4.347814e-01
3.388707e-03
2.056508e-03
1.160427e-02
2.656116e-03
6.336243e-04
3.545339e-02
3.331374e-03
7.298515e-02
4.809222e-03
4.312130e-05
6.287947e-02
3.699439e-02
4.002556e-01
4.527449e-02
4.986290e-02
3.178861e-02
1.310980e-05
4.174730e-04
1.123816e-01
1.655512e-01
8.454009e-02
1.007266e-01
1.267003e-02
3.152754e-03
4.597494e-02
1.616349e-03
5.787697e-02
3.474337e-04
3.492723e-02
7.168534e-02
6.884901e-03
8.571316e-02
1.447665e-02
2.726469e-02
4.610015e-02
4.693178e-04
4.162758e-03
3.373647e-02
1.558081e-01
6.079840e-04
4.483517e-03
2.872241e-02
7.687098e-03
9.919958e-04
2.766362e-02
6.708817e-02
1.808554e-02
2.171317e-02
1.019628e-02
4.780696e-02
8.635062e-02
6.073186e-02
9.655236e-03
5.021952e-02
2.053943e-03
2.090762e-03
9.908344e-03
4.560799e-02
9.602364e-03
4.513055e-03
2.981572e-02
4.328460e-02
3.987477e-03
3.364339e-02
5.325684e-02
2.161984e-01
3.148758e-02
9.232911e-03
1.108662e-01
1.005623e-02
7.108588e-02
2.467864e-03
5.778260e-02
1.013120e-01
3.007611e-04
6.831547e-06
8.316172e-03
1.845667e-03
2.044904e-03
1.151534e-01
4.196649e-02
3.732883e-04
4.243619e-02
1.229108e-03
3.702764e-02
1.949811e-02
2.233004e-03
1.800159e-02
6.237504e-04
4.899999e-03
1.451590e-03
1.786060e-01
6.164735e-03
7.337499e-03
5.593332e-02
2.811045e-02
3.809881e-01
5.871477e-02
6.892552e-03
1.075142e-02
5.918902e-04
5.134391e-04
5.658669e-03
9.741898e-03
9.297189e-02
6.432733e-02
1.079881e-01
9.376868e-03
5.471524e-03
1.771290e-01
3.915333e-03
1.620122e-02
1.362007e-02
4.562106e-03
1.909684e-01
2.761145e-04
1.550071e-01
1.060477e-01
9.685728e-02
9.726580e-04
2.232913e-02
9.806858e-02
4.529785e-03
2.479158e-02
1.869062e-04
6.805148e-02
5.597253e-02
3.182537e-02
3.224050e-03
3.012321e-03
9.456720e-03
5.636193e-02
2.362979e-02
6.229495e-02
2.285764e-03
1.117393e-04
3.406143e-02
9.560093e-02
3.712651e-01
5.767427e-02
2.227410e-02
1.936829e-02
2.267197e-03
1.530519e-02
8.140504e-03
1.257253e-02
7.967026e-02
8.422466e-02
2.084696e-03
9.777143e-02
1.223477e-03
7.854032e-03
3.571099e-02
5.593378e-02
1.006338e-02
3.008546e-02
3.416960e-03
1.610282e-02
3.633277e-03
7.999498e-03
2.067428e-03
1.302328e-01
2.510914e-01
5.866741e-02
2.754281e-02
6.716247e-04
1.081917e-02
1.242265e-01
4.626482e-03
2.591660e-02
3.562928e-03
1.151880e-02
2.582299e-02
2.030080e-02
1.573474e-01
2.322250e-02
1.611090e-02
1.334947e-02
2.388369e-02
7.711144e-02
6.688065e-02
3.237934e-02
1.311628e-03
4.839587e-04
3.773514e-03
1.341299e-02
3.192738e-03
3.838284e-03
5.568243e-03
3.875679e-02
6.157051e-02
4.683961e-03
9.050589e-03
2.023522e-01
1.113229e-01
5.990139e-02
2.272953e-02
8.114444e-03
3.294362e-01
1.046487e-02
1.048404e-01
2.574089e-02
7.060838e-03
3.430932e-03
6.227078e-02
4.445090e-02
4.252678e-03
3.067080e-03
5.848123e-03
1.608848e-01
7.074063e-02
3.245637e-03
1.321981e-01
7.802182e-02
4.540741e-03
8.001655e-03
3.073875e-02
2.933717e-04
2.193118e-02
8.171001e-03
1.331147e-03
1.057317e-02
2.903102e-02
6.191078e-02
1.382711e-02
3.667341e-01
2.663046e-06
4.565229e-02
5.227591e-04
7.207875e-02
6.740806e-02
1.244945e-02
4.855041e-02
4.564609e-06
2.406395e-02
3.439809e-03
1.871667e-01
3.383461e-02
6.611621e-02
1.092151e-02
4.399569e-02
1.613100e-02
2.542214e-06
7.299408e-02
1.076049e-02
3.454840e-03
2.240919e-04
7.001479e-02
5.352947e-03
1.719037e-03
2.199147e-03
8.084850e-02
2.073657e-03
1.686366e-01
1.446921e-01
2.499928e-03
1.673444e-01
3.801293e-01
2.552262e-02
3.289757e-03
1.497510e-02
1.221190e-02
1.857403e-04
8.351604e-02
2.381512e-01
1.739441e-02
3.144165e-03
2.909496e-02
4.908191e-02
4.843879e-02
4.214968e-03
1.464574e-02
5.625453e-02
7.194180e-03
8.116211e-03
6.772907e-02
4.150645e-02
2.302107e-01
3.003223e-02
5.341399e-02
1.178216e-01
1.013688e-01
6.172807e-04
1.819439e-03
1.531480e-03
4.539198e-02
1.763916e-02
5.236670e-02
1.102586e-04
4.604084e-01
2.624219e-02
1.398033e-02
2.281017e-02
1.205808e-02
1.766647e-01
2.715865e-01
1.503101e-01
2.901766e-02
1.705170e-02
5.049152e-03
