1.035256e-03
2.417325e-02
2.613721e-02
2.491777e-02
8.570743e-05
5.922469e-02
9.277602e-03
4.516986e-04
1.580602e-02
4.062867e-02
2.688768e-01
9.904771e-04
1.131494e-03
5.538631e-02
8.134580e-02
1.948083e-01
1.987914e-01
3.652575e-03
3.318372e-03
1.601389e-02
5.223510e-03
2.029506e-01
1.092165e-04
2.511182e-01
1.421866e-01
2.197196e-01
4.444798e-02
1.183554e-04
5.864433e-02
7.105977e-02
5.703432e-02
2.408290e-02
4.143491e-02
2.331511e-03
1.524604e-01
5.208154e-03
2.886695e-01
2.086104e-03
1.007179e-03
2.957619e-02
2.695203e-02
9.124387e-02
2.282162e-02
3.766099e-03
1.467779e-01
2.761972e-01
1.791795e-03
4.435456e-02
5.594710e-02
3.292973e-03
7.483270e-07
2.581040e-02
1.535467e-03
8.929367e-04
2.177712e-03
4.328006e-03
7.701732e-02
1.829984e-01
6.841840e-05
9.927514e-03
2.681790e-02
3.102051e-02
6.139918e-02
3.331402e-02
9.476448e-02
2.098738e-02
1.208269e-01
2.418455e-04
1.960653e-05
9.004266e-02
2.951400e-02
1.469960e-02
8.985210e-03
2.617446e-02
2.074747e-02
7.341720e-02
1.468552e-02
2.197192e-02
2.134174e-01
2.243908e-02
2.534812e-01
4.155432e-02
1.869218e-02
8.401655e-02
5.353595e-02
9.537753e-03
5.426223e-03
1.091175e-02
4.123599e-02
8.954462e-03
3.118266e-02
1.250968e-01
5.499533e-03
7.805844e-02
1.785714e-01
3.180474e-02
3.039315e-03
1.762867e-01
5.945795e-02
5.864607e-02
1.037477e-02
9.209657e-02
1.287460e-02
3.595157e-02
5.930852e-03
2.091738e-03
1.232360e-02
9.105066e-03
9.758318e-04
6.128040e-02
7.647245e-03
2.420542e-01
1.170453e-01
8.352133e-03
2.780348e-02
1.644412e-01
1.421463e-02
1.816577e-04
5.430062e-02
1.227363e-05
3.337547e-04
1.175664e-01
3.299123e-03
1.774951e-02
8.723038e-03
1.638453e-01
1.510068e-02
3.287439e-01
6.196755e-02
1.224292e-02
1.130033e-02
3.339050e-02
8.539061e-03
1.301807e-02
1.669869e-01
2.452416e-04
1.166736e-03
9.208468e-03
4.160896e-02
4.399956e-03
5.474530e-03
3.686596e-01
3.308215e-04
7.843494e-04
5.616686e-02
1.615549e-02
2.306210e-02
2.766922e-02
2.586919e-02
6.927388e-02
4.080857e-04
1.645667e-01
7.522062e-03
3.118627e-02
8.107717e-04
1.718950e-03
3.805072e-02
2.814749e-02
9.599938e-03
3.065889e-01
1.984346e-02
5.801119e-02
2.650193e-04
5.412427e-04
5.434267e-03
4.151248e-03
3.362139e-02
3.231291e-04
1.507917e-01
3.684469e-03
7.902630e-02
4.055255e-02
1.427722e-03
3.761546e-02
7.518531e-02
3.099026e-04
8.093706e-03
1.500346e-03
2.251269e-02
2.094650e-03
4.450396e-02
2.128430e-03
3.788839e-02
7.567818e-04
5.588610e-03
5.607568e-03
2.403441e-04
5.092297e-02
3.803921e-02
4.356597e-03
1.120409e-01
9.806734e-03
1.285901e-02
8.640943e-02
9.989827e-03
5.395464e-02
1.339886e-02
2.732894e-03
2.243469e-02
1.166891e-01
8.213474e-05
2.341618e-02
8.805987e-03
8.950227e-04
3.738380e-02
8.200671e-02
2.417517e-02
1.011813e-01
1.240244e-01
1.247664e-01
1.907068e-02
1.184296e-02
2.588543e-03
2.935487e-01
1.088587e-01
1.239709e-02
4.675753e-02
5.639036e-02
2.590111e-04
2.969420e-03
1.617401e-01
1.391133e-01
1.287675e-01
5.762671e-02
9.075987e-04
9.169106e-03
1.893755e-03
1.197685e-02
5.964847e-02
5.851499e-03
1.206726e-01
1.150657e-01
2.415604e-02
2.061975e-02
6.357854e-02
2.114397e-03
8.865925e-02
1.829148e-02
1.195811e-03
5.234135e-02
1.353179e-03
2.407155e-02
6.834845e-01
1.433270e-01
1.495569e-02
3.377488e-02
3.589651e-04
2.403346e-04
3.144855e-02
6.993375e-03
3.303612e-02
1.324726e-05
1.977391e-02
1.808315e-02
3.316795e-02
2.250601e-04
1.294820e-02
4.048568e-03
7.023511e-03
1.692204e-01
5.412927e-02
4.547449e-02
2.637683e-02
1.094574e-03
2.317102e-02
3.005199e-03
6.229537e-01
9.988640e-04
1.672527e-01
4.387718e-02
3.125324e-02
1.158713e-02
4.991858e-02
1.313078e-03
1.604742e-01
3.109654e-03
6.796819e-02
5.256274e-03
3.996763e-02
2.257867e-03
3.275840e-02
6.906841e-02
8.813505e-03
5.735844e-05
3.848135e-04
8.985959e-06
9.874220e-05
1.602244e-03
1.469669e-02
2.151342e-03
3.071639e-04
4.542786e-02
1.205630e-01
1.904968e-02
1.286265e-01
3.131976e-03
2.206522e-03
1.202114e-03
1.790501e-04
2.036356e-03
1.186254e-01
3.683243e-03
1.135041e-01
5.314866e-02
1.608326e-04
1.847085e-02
6.523375e-02
1.958159e-03
3.950256e-03
7.488720e-02
3.120758e-02
4.834017e-04
6.001085e-03
1.299675e-01
2.400513e-04
1.843174e-02
1.133570e-02
1.551476e-02
4.716378e-02
9.578442e-03
1.695446e-02
2.027109e-01
8.074983e-03
4.866445e-02
9.696854e-02
2.930406e-02
5.197953e-03
9.787559e-02
1.011751e-01
2.753620e-03
3.316825e-03
5.322232e-02
4.638979e-03
1.622556e-01
2.666291e-02
4.034636e-04
2.520801e-02
1.762795e-04
2.531982e-01
1.885419e-02
5.508762e-02
7.039892e-02
3.862174e-03
1.222541e-02
3.966091e-04
2.005708e-03
4.523358e-03
1.313041e-03
7.624393e-02
6.307690e-02
6.610207e-04
3.171106e-01
1.894912e-03
2.678685e-02
1.186433e-02
7.281891e-03
7.995775e-03
5.501861e-02
1.231630e-02
1.084211e-01
4.697977e-03
4.684784e-03
4.028966e-02
8.579666e-04
2.477307e-02
5.834028e-02
3.790124e-04
2.400534e-02
2.024438e-02
1.596491e-01
1.370140e-02
7.641096e-04
4.836731e-02
6.919094e-04
2.326431e-02
3.229817e-05
3.635593e-03
9.353844e-02
1.986719e-02
2.505059e-01
6.740772e-03
3.862549e-02
2.866412e-02
2.013044e-02
1.005831e-01
9.768972e-03
1.159711e-01
1.261399e-01
3.499843e-02
6.347884e-04
4.135313e-05
5.496126e-02
4.595105e-03
3.139197e-02
1.014906e-02
3.804986e-02
2.784068e-02
1.253387e-02
3.473368e-02
7.306501e-02
5.066857e-05
1.054136e-03
1.682340e-01
5.528744e-03
1.101890e-02
2.682338e-03
3.670565e-02
1.363713e-01
4.123468e-03
1.056566e-02
1.843092e-04
4.534192e-02
1.084602e-01
1.353438e-01
6.302422e-02
6.672842e-03
3.410530e-02
3.467054e-01
2.094987e-03
5.398918e-03
2.042762e-01
4.564326e-03
3.234275e-02
6.535643e-04
7.768520e-03
8.459730e-03
5.197688e-03
1.789444e-01
5.595626e-02
1.733324e-02
6.734549e-03
1.039495e-03
2.492933e-03
9.213042e-04
9.243695e-02
1.751334e-02
1.675650e-01
1.001129e-03
3.293842e-02
1.958988e-02
2.123162e-01
6.746274e-03
2.760516e-05
2.990969e-01
1.220988e-02
6.915165e-04
5.536646e-02
2.067111e-01
6.961007e-04
9.931194e-02
8.162117e-02
5.383989e-05
1.702470e-02
2.481876e-03
1.985630e-02
1.990228e-02
1.102953e-02
3.132274e-02
3.958426e-04
1.574048e-04
2.660281e-02
1.509889e-05
2.843489e-02
1.062753e-01
3.048908e-03
1.108210e-01
3.656448e-04
8.442630e-02
3.449626e-01
5.233403e-04
4.367388e-04
6.149772e-01
2.751694e-01
7.334372e-05
1.769020e-01
9.491280e-03
1.060159e-02
1.023673e-01
2.893734e-03
7.821952e-02
1.389879e-01
5.162739e-02
9.020810e-03
6.327893e-03
5.181136e-02
6.997910e-01
1.900122e-01
8.501350e-03
1.152348e-02
6.666462e-02
3.953834e-01
1.040145e-01
3.115183e-02
1.275036e-02
5.339512e-03
2.637610e-02
1.289737e-02
3.790362e-07
5.980836e-02
2.461576e-01
1.595842e-04
2.125921e-02
2.241947e-01
5.746244e-03
3.410909e-01
2.498583e-02
3.608231e-04
7.170628e-03
9.637386e-02
5.582630e-02
1.336941e-02
1.955280e-03
4.131716e-03
5.897686e-03
2.825840e-02
1.117358e-04
1.145407e-01
2.397205e-02
2.581795e-02
2.907605e-03
8.193805e-03
1.194163e-01
9.834497e-02
7.056651e-02
4.675245e-03
2.179282e-01
1.442833e-01
4.621088e-02
8.581574e-03
6.542233e-02
2.612938e-02
8.945145e-03
1.543399e-01
2.232873e-02
7.199161e-03
1.224217e-02
3.159072e-04
6.793172e-02
5.123551e-03
3.054574e-02
1.109199e+00
9.257769e-02
1.692266e-02
1.026384e-01
1.019191e-04
2.107228e-01
3.570925e-03
8.386995e-03
3.847649e-03
1.607794e-03
3.321191e-02
9.751704e-02
1.437844e-02
1.823911e-02
3.340553e-02
1.226952e-01
3.461947e-02
3.876101e-02
2.488334e-01
5.350565e-02
1.036726e-01
2.353242e-02
3.597492e-02
2.911873e-03
6.939862e-03
1.046804e-03
3.675234e-02
6.018141e-02
8.436252e-04
2.784752e-02
5.747764e-02
5.796069e-02
1.711063e-03
1.378535e-02
5.075048e-03
1.073069e-01
4.963024e-03
3.344795e-03
4.473481e-02
5.050359e-04
7.046002e-04
5.035535e-03
2.441940e-03
1.676125e-01
1.412992e-01
6.891541e-03
4.098429e-02
1.576956e-01
9.572908e-02
1.028393e-02
1.307848e-01
1.622024e-02
2.745814e-03
9.761421e-04
