6.613453e-02
1.523276e-01
7.733724e-02
1.965609e-01
5.592797e-02
1.895265e-03
1.478133e-02
4.475091e-02
3.488288e-03
8.486322e-02
1.173843e-01
7.253714e-02
4.986746e-02
3.789185e-03
4.758671e-03
9.187463e-04
4.790262e-03
6.862510e-04
1.684296e-01
1.081276e-01
6.045503e-03
1.427212e-02
2.706917e-02
3.152176e-02
1.503382e-02
5.557380e-03
1.529508e-02
5.115960e-03
1.576563e-02
1.409164e-02
9.193511e-02
6.101674e-02
9.197155e-02
1.144079e-06
5.440792e-02
1.906954e-01
5.546383e-03
2.850020e-01
3.794946e-04
2.740465e-01
4.305739e-03
5.716964e-04
6.424947e-02
7.627995e-02
5.473149e-03
5.318238e-02
1.436347e-02
7.472153e-02
8.175595e-03
5.404497e-02
4.513779e-02
5.475208e-03
1.376702e-02
1.216081e-03
1.892906e-02
1.125262e-01
1.037847e-02
4.066942e-02
2.393647e-01
4.938698e-02
4.939196e-02
9.293618e-04
2.728845e-03
6.098939e-02
5.621081e-04
1.899226e-04
2.931787e-05
5.653788e-02
4.704450e-02
1.485836e-01
1.877187e-02
4.506187e-03
1.534485e-02
1.776893e-01
4.994654e-02
1.408686e-01
4.808367e-04
1.013640e-01
1.438866e-03
6.190721e-04
6.975051e-03
2.625193e-02
1.006425e-01
1.197957e-03
1.874989e-02
1.528860e-03
3.318738e-02
1.356841e-02
7.013427e-02
6.333578e-04
2.835845e-02
2.224352e-01
2.281261e-03
4.873183e-02
3.553300e-02
7.911563e-02
1.236401e-02
1.323086e-01
2.839344e-01
1.098318e-02
2.642799e-01
2.209521e-03
1.876578e-02
5.733932e-03
2.450251e-02
1.069573e-02
3.739162e-02
1.231962e-01
2.590381e-02
1.322826e-02
3.592157e-02
2.861909e-01
1.960215e-02
3.978419e-04
1.137020e-02
9.870297e-02
5.730238e-02
2.210738e-02
6.450407e-02
5.129978e-03
1.269952e-01
1.644132e-01
2.936063e-02
1.232335e-01
1.642923e-01
7.422829e-02
8.992347e-02
7.112740e-04
1.006773e-01
3.253354e-02
3.056025e-03
1.777696e-02
1.521938e-01
1.707744e-03
1.782202e-02
9.632925e-03
1.003368e-02
3.831088e-02
1.114731e-03
1.028032e-03
7.841431e-02
1.231362e-01
1.574409e-03
2.632510e-02
1.418994e-03
1.452400e-03
5.977526e-02
4.883362e-03
2.994506e-02
9.536812e-03
4.687714e-02
8.028964e-05
1.159637e-02
8.314796e-03
1.049029e-02
5.126758e-02
1.593681e-02
9.811854e-02
9.415897e-07
8.302125e-02
1.055203e-03
3.180456e-01
3.817429e-04
1.685361e-01
1.535736e-01
3.411594e-06
2.386676e-01
3.492533e-03
3.695013e-04
1.127993e-01
1.756607e-02
2.405382e-02
8.587948e-02
1.627716e-02
7.773476e-02
1.710191e-05
6.888854e-02
1.205222e-02
1.430090e-01
9.744820e-02
2.072470e-01
7.042453e-02
2.128707e-01
7.306133e-05
6.639258e-02
1.986773e-03
7.295674e-02
1.480738e-02
1.414020e-01
1.852515e-02
1.621915e-02
7.008109e-02
2.694015e-02
2.074814e-03
1.932686e-03
2.271216e-03
1.928294e-01
7.840596e-02
1.395030e-05
3.792644e-03
1.896814e-01
6.324616e-02
1.997249e-02
9.345666e-03
2.304472e-01
1.356372e-04
1.990458e-03
3.888307e-03
5.286827e-02
6.893995e-02
3.313945e-03
2.480521e-02
3.525640e-02
2.201364e-02
4.841828e-03
2.321619e-02
1.207566e-03
1.774926e-01
1.382167e-01
2.781758e-02
4.974024e-02
2.692788e-01
1.644494e-01
4.918332e-03
3.345374e-03
4.701131e-02
9.299623e-02
3.134790e-01
4.960038e-03
4.659944e-02
4.287481e-04
6.294713e-03
6.079746e-03
3.160028e-03
1.590620e-03
7.424333e-02
1.471590e-02
1.077754e-01
1.953016e-03
4.354612e-02
8.677989e-03
4.465333e-02
3.555155e-02
4.426364e-03
1.221314e-01
8.042970e-02
1.633448e-06
1.696103e-01
7.218699e-03
1.288925e-02
1.151515e-04
2.216438e-02
1.848773e-01
1.453128e-01
1.298550e-02
1.474796e-03
3.752549e-02
5.561343e-04
5.221630e-02
1.181518e-02
7.739430e-01
6.913556e-02
1.455511e-01
2.564098e-02
1.026044e-02
1.331072e-02
7.068572e-02
1.965065e-01
1.169102e-01
1.972148e-01
1.122372e-01
3.798257e-04
1.369694e-01
6.368258e-03
7.983249e-02
2.502817e-01
1.521702e-01
7.077344e-02
1.499637e-01
1.606322e-03
2.343363e-03
8.832510e-02
1.119406e-01
3.416340e-02
8.722949e-02
3.767561e-02
8.435140e-03
3.444703e-02
2.042220e-01
4.346595e-03
2.878789e-02
4.266732e-03
1.489259e-03
6.688846e-04
1.877560e-02
7.885979e-02
9.890754e-03
8.745066e-02
2.286626e-02
4.651150e-02
4.078805e-02
6.145283e-04
3.256748e-04
2.262910e-03
4.262373e-02
7.638044e-02
8.736648e-04
1.194273e-03
1.165923e-02
1.335442e-01
4.566901e-02
4.420139e-03
1.494301e-01
6.499878e-04
2.519129e-04
2.588657e-04
6.663675e-03
1.901747e-03
8.814551e-05
2.090024e-02
9.507418e-02
2.164066e-02
9.838900e-02
7.575861e-03
9.219317e-02
7.297831e-02
3.696138e-02
4.455334e-02
1.943498e-02
2.354806e-03
1.791758e-03
1.292418e-01
1.147390e-03
1.786536e-01
6.128963e-04
1.251011e-02
2.373607e-02
1.840814e-03
2.045268e-04
1.663095e-03
1.720339e-02
6.383916e-03
1.927151e-01
4.173276e-02
6.754505e-02
3.270492e-02
2.766674e-02
2.569297e-02
7.057056e-04
4.072922e-02
4.346896e-03
2.529442e-02
3.916137e-04
4.474318e-01
6.211841e-04
3.477547e-02
3.975784e-02
6.820274e-02
5.332424e-02
5.475168e-02
1.150100e-03
4.003941e-03
1.043801e-01
7.649499e-03
1.052125e-02
5.044159e-02
1.228747e-01
4.111888e-02
1.033950e-01
1.594832e-02
3.293318e-04
9.221468e-02
3.526023e-02
8.774254e-04
4.418025e-04
1.785055e-02
1.002427e-03
2.049941e-01
1.669747e-05
6.666244e-02
1.045419e-02
6.070358e-02
1.357615e-01
2.441332e-03
4.257739e-04
5.439717e-02
1.259430e-01
4.215954e-02
7.709401e-05
6.768289e-02
2.160137e-01
7.402661e-02
7.925248e-02
5.271299e-02
4.834329e-04
8.610678e-03
1.285693e-01
1.590652e-01
5.339966e-02
4.448153e-02
5.796204e-02
2.012464e-01
1.135793e-02
1.329261e-01
1.220383e-02
3.079911e-02
1.324665e-01
1.507274e-02
2.615623e-01
1.391380e-01
3.110796e-04
1.393158e-03
5.861129e-02
1.285139e-01
2.776353e-02
2.920969e-02
1.007616e-02
6.410626e-02
1.198124e-01
1.541623e-02
2.726283e-02
4.308995e-02
1.791013e-02
2.349132e-05
1.292451e-01
8.930478e-03
3.217243e-03
3.849693e-02
1.392092e-02
1.881076e-03
3.054234e-02
7.305405e-02
3.711478e-03
6.304590e-05
1.588106e-02
7.058969e-03
1.358565e-04
4.117798e-02
1.173476e-01
3.426988e-02
1.444597e-02
8.665982e-04
4.772243e-02
2.757643e-02
1.129382e-05
6.405717e-02
1.737951e-01
7.911980e-02
9.035719e-03
1.242637e-01
4.613033e-02
2.965376e-03
4.662159e-03
1.300552e-03
2.459881e-02
2.472267e-02
1.979342e-03
2.541073e-02
9.652535e-02
4.631658e-02
4.215738e-02
3.662244e-03
3.929184e-02
3.369725e-02
1.054057e-01
5.972607e-04
1.713127e-01
3.413838e-02
3.514799e-01
1.740048e-03
1.856919e-03
3.213784e-01
1.029457e-01
6.903318e-03
1.043050e-01
3.504005e-02
3.743572e-02
1.321517e-01
3.601194e-02
1.286534e-02
1.118414e-01
6.526509e-03
1.050871e-02
8.003061e-04
1.106671e-02
5.638301e-02
6.671536e-03
1.487912e-02
1.072398e-01
1.948089e-02
7.133042e-03
2.632922e-02
1.427983e-02
6.165828e-02
5.869172e-04
4.103755e-03
5.003692e-06
1.107360e-02
1.147651e-01
6.449042e-03
1.322803e-03
5.584443e-02
1.560601e-06
5.565712e-02
9.346520e-02
6.308317e-03
1.173883e-01
2.401147e-01
8.224489e-02
7.653078e-02
2.440518e-02
2.070119e-01
1.583071e-02
6.891038e-02
5.974264e-02
4.001125e-04
1.177384e-02
3.310806e-02
3.320855e-02
3.401313e-02
7.573053e-02
1.198162e-02
1.331734e-01
1.007725e-01
2.434944e-02
2.198096e-04
2.972181e-01
1.725875e-03
1.159745e-03
2.111073e-02
2.597909e-03
3.612354e-02
4.200322e-02
2.345697e-02
1.301633e-01
1.716785e-01
2.768681e-02
1.304070e-01
1.039073e-03
7.145157e-02
5.350060e-02
2.104329e-01
4.775907e-02
2.324998e-04
1.884294e-02
1.547995e-01
5.784371e-02
3.731333e-02
6.190277e-02
2.274573e-02
1.267751e-02
1.991250e-02
2.977302e-01
2.899253e-02
2.667600e-02
2.223149e-02
1.577945e-02
1.269963e-01
2.614906e-02
5.455595e-02
2.168940e-03
3.301310e-04
7.482649e-05
3.904185e-02
1.845235e-01
2.544884e-02
5.954224e-02
8.143297e-03
1.369008e-02
6.486822e-02
1.473415e-01
1.334543e-02
1.546306e-02
1.088486e-02
1.570814e-01
2.674721e-03
2.683975e-02
1.381585e-02
2.344667e-02
9.413539e-03
3.795566e-04
2.567838e-01
8.696596e-03
2.062324e-02
2.575529e-04
1.121332e-02
2.072911e-01
9.539502e-04
1.061557e-01
7.805093e-02
8.966421e-04
1.173478e-01
1.293685e-02
9.555133e-02
