2.382929e-01
4.948329e-02
1.732666e-02
4.115988e-05
3.233764e-03
1.469173e-01
3.493561e-02
2.781361e-04
1.014687e-03
1.283073e-01
1.038046e-03
2.125140e-01
1.054453e-02
7.151653e-02
1.684501e-02
2.220357e-01
6.217142e-03
1.966754e-02
1.021175e-01
1.190028e-01
7.381734e-03
2.165763e-04
3.531158e-03
1.907745e-02
2.826735e-01
1.028291e-01
1.219819e-01
1.318596e-03
1.224590e-01
5.323118e-02
3.103163e-04
1.230567e-02
2.084547e-02
1.247846e-02
1.104264e-01
4.622163e-04
4.866361e-02
1.865894e-03
3.662463e-02
4.546786e-02
1.953230e-02
1.607900e-01
5.549785e-03
3.437016e-03
5.829539e-04
3.480939e-02
1.391237e-01
1.612208e-02
2.120100e-02
1.968309e-03
1.633997e-03
2.515766e-04
1.699257e-01
2.410959e-02
7.968819e-03
1.256117e-02
7.946640e-02
7.210951e-04
9.021767e-03
1.775196e-01
5.579132e-06
5.373919e-03
2.002836e-02
1.543990e-01
2.000146e-01
9.635501e-05
1.047430e-01
1.751176e-02
7.028830e-02
3.818566e-02
1.395720e-02
2.362906e-04
1.182871e-02
9.647888e-02
4.247672e-02
2.826179e-02
4.389286e-02
4.405663e-03
1.816313e-01
2.557381e-04
3.906923e-02
1.166468e-02
1.827648e-02
1.832874e-01
1.226564e-02
1.487380e-03
7.599252e-02
2.800968e-03
8.413334e-04
3.989111e-03
2.419908e-01
2.795091e-02
6.595226e-03
6.746725e-02
4.070813e-02
6.306728e-02
4.463852e-02
3.189152e-02
8.180231e-03
1.875920e-01
1.012988e-06
3.768847e-03
4.536986e-02
1.377731e-01
1.162713e-01
2.979475e-02
4.273406e-03
1.077182e-02
7.239093e-02
2.345571e-02
6.328600e-02
3.481636e-01
1.703883e-01
8.526405e-04
8.786710e-02
5.014117e-02
1.275159e-01
3.545434e-02
2.181508e-01
1.264723e-03
6.660313e-02
2.224842e-03
1.658881e-02
6.591123e-02
1.362818e-02
3.775912e-03
1.982620e-03
1.168641e-03
3.131038e-02
9.665149e-02
5.058112e-02
5.311623e-04
2.807227e-02
9.786447e-04
1.006160e-02
1.263400e-02
4.631477e-02
5.165743e-02
9.277316e-02
3.048855e-02
2.236387e-02
9.117853e-02
4.655140e-05
1.131466e-01
4.382211e-03
1.796476e-02
2.597210e-05
1.841450e-02
3.552085e-02
2.039558e-01
2.963006e-03
3.131785e-04
2.651112e-01
7.185764e-03
1.284877e-02
1.850059e-03
3.074256e-02
2.731958e-04
4.082164e-02
3.478035e-01
7.452406e-03
3.330120e-02
3.645751e-04
2.281060e-01
2.043728e-01
3.057852e-02
1.379489e-03
4.955807e-02
4.681117e-03
1.286571e-01
4.997219e-02
6.969397e-02
1.602727e-02
3.608633e-02
1.274072e-04
4.258304e-04
1.937901e-02
6.917376e-02
1.548942e-01
5.940539e-03
9.479254e-02
9.855456e-02
4.254943e-02
6.332311e-02
9.251315e-02
3.970226e-03
1.239385e-02
9.211780e-02
2.895813e-03
1.160092e-03
3.262259e-02
3.759614e-06
4.384862e-03
3.021835e-03
6.977202e-03
3.227337e-04
1.468565e-02
8.107269e-02
2.711889e-01
9.535317e-02
4.243152e-02
2.048660e-02
3.161727e-05
2.492320e-03
1.611053e-05
7.106324e-02
8.932173e-02
2.933767e-02
1.517490e-04
7.697374e-05
1.671991e-01
3.939492e-03
9.098952e-02
3.846483e-02
9.886664e-02
1.721013e-03
1.647580e-02
2.161068e-02
5.794864e-03
8.216823e-03
1.867098e-02
9.494159e-03
2.419842e-03
5.624118e-02
3.546417e-02
1.367537e-03
4.396287e-02
8.682202e-03
2.257899e-04
1.424270e-01
3.406154e-05
3.035536e-02
1.494435e-01
1.673800e-02
5.275143e-02
5.004483e-03
1.020222e-02
1.358422e-01
1.154461e-02
5.059367e-03
1.388764e-07
2.742664e-02
4.208217e-01
2.378229e-01
1.330167e-02
2.983850e-04
3.727659e-02
1.896452e-01
2.398066e-02
2.214520e-02
1.204718e-03
1.984897e-05
3.011267e-03
2.286868e-02
7.633552e-02
1.253872e-01
2.971130e-04
1.382479e-04
3.801916e-02
1.900048e-02
7.820801e-02
1.440827e-01
3.469227e-04
5.429748e-02
2.472875e-03
3.690043e-03
3.762715e-02
6.339527e-02
1.500570e-02
1.541063e-02
8.687212e-02
3.477565e-02
8.163881e-02
4.266482e-02
5.313126e-03
6.194401e-02
1.937710e-02
9.712628e-03
5.708840e-02
1.779570e-01
4.037353e-03
2.652867e-03
1.618208e-01
3.267117e-02
9.722726e-02
1.083809e-02
6.914780e-03
7.335841e-02
2.012503e-03
1.149779e-02
8.855580e-03
1.534739e-01
1.202939e-01
1.226314e-01
8.356237e-02
7.025372e-03
2.162051e-02
3.596302e-02
1.148492e-02
1.747353e-01
1.127641e-01
1.893714e-02
3.319069e-03
7.147737e-03
1.720157e-02
8.924264e-02
2.934372e-01
1.586487e-02
1.754961e-02
8.335251e-02
8.954629e-03
1.589458e-02
2.722242e-03
3.498416e-05
4.572268e-03
1.879757e-02
5.818431e-05
2.932233e-03
9.453332e-02
1.694176e-02
4.706520e-05
6.347789e-02
5.429219e-04
1.002145e-04
3.260622e-01
1.974785e-01
6.082828e-02
1.747056e-04
5.267792e-02
2.378484e-03
1.539923e-02
4.887936e-04
6.951974e-02
2.630483e-02
3.880618e-03
2.119936e-03
2.623119e-03
7.411022e-03
9.033883e-04
1.133842e-04
8.684154e-02
1.240914e-02
5.799185e-02
2.703540e-02
2.908589e-03
4.127756e-02
1.905993e-02
1.702140e-04
1.028108e-01
1.421353e-02
1.242124e-03
4.885900e-04
4.559171e-02
3.047678e-02
1.075345e-01
1.448928e-02
7.084507e-03
2.583457e-03
1.858108e-02
1.108031e-01
2.822671e-02
3.308839e-02
1.793243e-03
8.371367e-02
7.304912e-03
5.349664e-02
1.304347e-02
9.450390e-03
2.914185e-02
6.341431e-02
4.493985e-04
9.556552e-02
9.241976e-03
5.242289e-03
6.864698e-04
2.176552e-01
2.777321e-03
1.097263e-01
1.814513e-01
7.867373e-02
1.419009e-01
1.504571e-01
1.940842e-01
1.156753e-01
8.677891e-02
2.302193e-03
4.733358e-02
1.104933e-02
3.464348e-02
2.627304e-03
9.230022e-03
1.067414e-03
4.847441e-02
2.348038e-02
1.164417e-02
9.687410e-02
3.124238e-03
9.162152e-03
7.074825e-02
4.605758e-03
7.957266e-02
5.198509e-02
1.204276e-01
3.602240e-02
1.434281e-02
8.305488e-05
4.101960e-03
1.047511e-02
7.925266e-02
1.451019e-03
6.381653e-05
1.846096e-02
2.371984e-01
1.101241e-02
4.983738e-02
8.133435e-02
6.505838e-02
1.336173e-01
5.134884e-03
1.328712e-01
9.875874e-03
3.244581e-03
9.378447e-02
1.950143e-02
1.487442e-02
6.374316e-05
1.488368e-03
1.244666e-03
5.625406e-02
3.477277e-03
3.356275e-02
2.204757e-01
1.277480e-01
1.466853e-02
1.103794e-01
2.926707e-03
1.004642e-01
1.003635e-01
1.827315e-02
1.853867e-01
2.952056e-01
2.070286e-02
2.812269e-02
2.519636e-01
8.350018e-03
3.186960e-04
3.105714e-02
6.914857e-02
8.246548e-04
1.870522e-01
9.871754e-03
2.367567e-02
2.115037e-02
6.685236e-02
1.644247e-03
1.293954e-02
8.856199e-02
3.518906e-02
1.210473e-01
3.378004e-04
4.818885e-02
1.310322e-02
1.293575e-02
4.959833e-03
5.919345e-02
2.975621e-04
9.645571e-02
4.111636e-02
5.411454e-02
1.564182e-03
1.223748e-02
4.167777e-01
2.000157e-01
9.433703e-03
3.639415e-04
6.941151e-02
7.211221e-03
7.335193e-02
1.110813e-01
2.790188e-02
2.957630e-02
2.471428e-02
9.206289e-03
2.830723e-02
1.411884e-01
7.085016e-04
3.597757e-02
2.571950e-06
1.236065e-01
2.932380e-02
7.235885e-03
1.864367e-01
2.692448e-02
4.318049e-03
3.092402e-03
1.899685e-02
1.531723e-02
4.005808e-01
2.134202e-03
1.091738e-03
5.351421e-05
5.548677e-02
1.940608e-02
7.193785e-02
2.403250e-02
2.045580e-02
2.467897e-02
1.701137e-01
2.680918e-02
5.774645e-02
1.127654e-02
5.146831e-02
1.276667e-01
2.965121e-02
1.833642e-02
6.896870e-02
3.340042e-01
4.378601e-02
2.144689e-02
5.376009e-02
4.194412e-02
5.202215e-02
4.407798e-02
1.924310e-02
2.994039e-01
1.006266e-01
1.322890e-01
6.971985e-02
1.009042e-01
3.884416e-02
3.737142e-02
1.628377e-03
2.590379e-04
1.094599e-02
3.992533e-03
5.465437e-02
1.440859e-01
1.757067e-01
2.611024e-03
1.523187e-02
5.623198e-02
9.312943e-03
3.936774e-02
6.798724e-02
8.743279e-02
3.428568e-04
1.940379e-02
1.840869e-03
1.884519e-01
1.221038e-04
2.442889e-02
3.697668e-02
2.312120e-02
6.686394e-03
2.049401e-03
1.377035e-01
9.576600e-03
2.547592e-02
1.840492e-01
2.477558e-02
1.227100e-02
4.542061e-02
1.102410e-03
1.211402e-01
3.587936e-03
3.331856e-04
6.433131e-02
3.620029e-03
1.723106e-01
2.455613e-02
9.114239e-02
2.097520e-03
1.023986e-01
4.819073e-02
7.609416e-02
1.922046e-01
8.964389e-02
1.115002e-02
2.921033e-02
1.084224e-04
5.128316e-02
2.241334e-02
9.545648e-03
3.225334e-02
2.309779e-03
2.564314e-02
1.708963e-01
3.220493e-01
1.104270e-03
2.608693e-01
1.187213e-01
6.977676e-02
6.212315e-04
6.653482e-04
