1.804642e-01
8.794656e-02
1.010394e-03
1.196743e-03
3.657077e-02
1.111793e-02
8.201820e-02
1.072955e-02
2.505494e-03
1.989246e-03
5.348951e-02
7.402101e-03
2.059402e-01
2.496199e-02
4.941070e-02
4.503571e-02
1.176772e-01
7.790004e-02
9.062489e-02
1.883336e-02
7.216518e-03
2.448183e-02
3.780120e-02
3.064624e-02
5.516962e-02
3.998685e-03
1.305650e-02
7.706224e-02
4.769267e-02
9.422850e-02
2.126046e-03
3.359700e-03
3.432559e-02
4.732880e-04
8.290561e-02
1.269107e-01
1.456447e-02
1.364266e-03
2.517326e-02
1.379019e-01
2.854617e-01
3.111608e-02
1.008954e-01
2.132385e-03
1.992604e-01
2.088248e-02
3.032208e-02
4.137650e-04
3.097299e-04
1.782454e-01
1.657221e-01
3.557516e-03
5.854244e-02
2.394156e-04
4.900300e-02
4.007076e-05
1.224940e-05
3.819107e-02
3.169425e-03
3.362918e-03
1.130410e-01
4.464701e-04
1.847101e-02
3.372063e-05
9.234466e-02
5.972962e-04
4.434283e-02
8.092963e-02
1.828332e-02
1.030869e-03
1.427900e-01
3.772333e-04
8.138612e-02
4.533721e-04
1.961519e-02
1.524710e-01
1.353665e-01
2.193506e-01
1.173313e-02
1.014250e-02
1.394120e-02
1.710085e-02
1.319187e-01
1.582181e-02
6.493269e-02
5.322891e-02
3.902925e-02
2.919979e-05
1.824704e-08
7.436803e-03
3.334278e-03
6.387616e-02
1.388349e-02
2.819730e-02
4.522116e-02
7.888482e-02
3.468164e-01
3.517105e-03
3.172832e-01
1.036533e-02
3.699545e-02
5.225497e-02
3.520271e-02
5.004583e-02
8.598048e-02
2.869300e-04
1.847236e-04
2.282049e-02
1.300461e-01
3.045559e-02
8.256652e-02
3.011534e-01
1.830384e-01
4.874405e-02
8.367811e-03
5.188159e-03
3.002388e-02
5.622070e-02
9.789031e-02
2.054561e-02
2.072001e-02
1.268123e-03
7.966024e-03
2.582362e-02
6.483567e-03
2.284607e-01
2.406072e-02
1.424537e-02
1.058369e-02
8.181660e-04
2.567813e-03
6.665125e-03
1.154916e-01
5.431218e-04
1.109518e-02
3.707625e-03
1.332785e-01
1.789362e-03
4.961705e-02
3.552201e-04
1.123895e-01
4.348524e-02
3.834657e-05
3.871018e-02
3.587516e-01
1.806564e-03
1.400911e-01
1.127390e-01
4.632371e-04
1.113163e-02
5.508554e-02
4.055561e-03
1.404944e-01
9.967601e-04
9.457412e-02
1.240462e-02
8.983285e-07
3.157254e-02
1.530914e-02
6.820336e-01
1.696309e-01
4.233501e-02
5.390186e-04
6.612012e-02
1.487823e-01
1.558659e+00
2.807280e-02
6.330889e-02
1.063026e-01
3.772641e-02
3.071296e-02
1.064082e-01
9.983794e-03
2.579779e-02
8.032000e-03
1.490876e-02
5.397524e-03
6.739965e-03
4.517418e-02
1.197189e-02
1.998378e-07
1.788201e-02
2.655178e-02
3.613944e-02
8.650859e-02
7.258848e-02
3.326041e-02
2.559851e-02
9.240485e-02
2.610886e-02
3.763976e-05
4.298480e-06
8.501028e-02
2.831917e-02
3.404264e-03
1.168839e-02
1.958093e-03
2.742087e-05
3.002048e-01
7.169577e-02
2.858416e-03
1.634466e-01
4.083720e-04
1.506073e-02
3.332882e-02
6.183702e-02
1.571112e-03
8.100804e-02
3.587865e-02
6.836432e-03
5.136740e-04
1.669107e-02
1.236991e-01
7.174978e-03
6.430846e-02
6.280135e-03
2.323000e-02
7.353546e-03
7.483245e-02
6.378272e-02
1.039402e-02
1.164850e-02
1.520910e-02
3.781845e-02
5.120033e-03
1.219199e-03
2.648758e-02
9.438449e-02
1.856345e-02
9.915860e-02
1.179090e-03
6.227876e-05
1.073773e-01
7.165456e-02
1.693337e-03
1.812828e-02
2.876433e-02
9.064319e-02
4.594317e-03
1.685151e-02
9.408741e-02
1.282021e-01
9.231830e-02
1.527402e-02
2.593471e-02
8.159630e-03
9.238158e-02
5.241390e-03
1.897069e-02
1.111180e-01
1.405534e-02
3.805136e-02
2.233662e-03
1.088578e-04
2.437896e-03
3.220831e-03
1.423728e-01
1.801638e-03
1.920229e-02
2.643878e-01
1.174030e-02
2.036908e-04
3.029043e-02
3.322863e-02
2.663837e-02
6.216042e-03
2.380584e-01
2.228888e-03
4.002846e-05
6.005204e-03
1.994307e-03
9.585503e-02
2.469706e-03
1.734264e-03
9.666350e-02
1.664051e-01
6.895574e-05
3.103794e-04
6.085731e-03
4.181052e-02
1.046785e-01
5.702413e-03
3.067134e-02
2.844745e-03
1.715416e-01
3.650640e-02
6.945504e-02
1.000142e-03
5.811647e-03
4.348631e-02
5.832589e-03
2.335706e-02
1.430594e-01
1.943481e-03
2.672120e-06
3.563779e-01
4.164398e-02
9.290104e-04
2.252156e-02
4.877705e-03
1.238228e-01
1.881864e-01
2.076182e-01
1.265192e-02
7.243600e-03
2.866979e-02
2.987999e-01
6.035778e-03
3.414180e-02
2.089964e-02
2.632428e-02
4.356881e-01
4.213788e-02
9.790546e-04
5.188687e-02
4.693524e-02
3.180655e-02
9.524450e-03
1.606036e-02
8.019713e-05
2.851258e-02
1.675858e-01
7.617444e-05
2.500325e-03
1.985936e-03
2.536514e-01
5.761861e-02
4.653764e-02
2.212435e-02
6.513587e-02
5.419430e-02
4.839806e-02
1.065999e-03
1.305173e-01
4.426136e-02
3.271348e-03
3.256018e-03
8.939510e-03
9.546000e-02
5.327589e-04
2.010510e-02
1.425292e-01
8.153315e-02
1.118765e-02
6.532810e-03
1.296815e-02
7.478390e-02
9.523086e-03
1.324943e-02
2.248442e-03
6.854522e-02
3.338970e-02
2.897779e-03
2.812961e-05
3.673705e-02
7.130937e-02
9.160367e-04
1.221153e-05
2.725024e-02
1.762322e-02
3.445937e-03
2.683284e-02
3.344926e-01
4.108602e-02
1.372431e-01
9.254589e-02
2.100066e-02
1.678306e-01
1.685084e-01
4.164480e-03
1.602042e-02
6.925639e-02
1.346104e-01
4.847447e-03
1.098500e-02
2.462314e-04
6.885774e-03
2.228138e-04
1.117006e-01
1.317580e-02
9.531865e-02
2.668000e-04
2.434889e-01
4.951966e-02
9.683635e-02
2.092185e-02
2.325105e-01
2.186877e-02
8.411400e-02
5.898476e-04
9.460480e-03
4.809753e-02
5.921493e-02
2.688716e-02
1.047237e-01
2.249792e-04
4.428984e-06
3.069871e-02
5.427059e-03
2.711165e-02
3.082598e-02
2.870537e-02
1.924150e-02
2.121937e-03
2.535244e-03
8.149779e-02
3.265074e-01
1.863806e-02
1.055590e-02
1.331061e-03
1.462854e-02
9.002626e-02
3.896594e-04
1.326056e-05
7.235974e-02
1.743730e-02
4.458217e-03
9.104957e-02
7.344996e-07
3.015171e-03
3.687929e-02
2.029572e-02
7.905971e-03
5.644451e-03
9.916784e-04
7.607142e-02
2.281257e-01
5.564021e-03
7.025735e-02
2.424012e-01
6.805228e-02
2.050499e-02
1.086343e-01
4.809867e-02
1.225908e-01
3.460239e-02
9.834465e-02
3.410765e-02
1.799302e-01
7.764149e-02
1.516028e-01
9.745307e-02
7.654132e-03
1.097515e-02
2.848419e-02
1.669845e-02
4.615815e-02
9.109781e-03
1.439120e-01
1.678507e-01
1.006863e-01
4.710106e-02
2.897448e-02
3.834754e-02
1.280686e-01
1.624474e-03
3.537946e-02
1.380549e-01
1.572684e-06
6.798594e-02
7.034341e-03
1.319850e-02
3.303883e-02
6.567636e-03
8.985188e-05
6.600048e-03
9.320963e-02
5.364624e-02
1.524307e-03
9.976061e-06
2.345534e-03
1.724243e-01
9.754182e-03
3.882766e-02
1.419864e-01
5.288315e-03
6.732154e-02
7.511825e-02
1.496979e-01
4.390599e-02
3.193371e-02
7.739977e-02
3.576314e-03
4.327535e-02
7.560373e-03
3.579478e-03
2.860355e-02
3.384347e-02
5.757095e-02
4.220481e-05
1.161278e-03
9.665314e-02
3.567594e-02
5.458801e-02
7.177094e-04
6.201531e-02
3.007696e-02
7.352334e-02
1.419402e-02
9.805058e-04
6.478141e-02
1.282345e-01
5.576782e-03
4.255412e-02
3.538512e-03
1.813155e-05
7.589500e-02
2.354275e-02
6.386460e-03
1.799673e-02
2.099023e-02
1.516871e-01
3.216495e-04
8.489672e-04
4.209109e-05
1.658741e-03
2.401616e-02
1.567937e-02
2.317082e-03
2.427227e-02
7.402867e-02
1.073407e-02
1.469262e-02
7.651771e-03
3.517307e-02
2.617542e-02
1.579754e-02
5.525781e-03
1.478025e-03
2.951937e-03
5.152207e-03
6.322933e-02
8.059454e-02
7.668498e-03
3.805666e-02
3.404662e-02
1.451486e-02
1.439090e-03
3.797254e-03
5.687277e-02
1.175780e-01
2.000688e-01
4.095909e-02
4.177505e-02
4.710907e-02
2.075356e-02
1.152348e-02
1.905154e-03
1.249392e-03
4.117965e-02
3.629995e-02
1.592199e-01
1.652297e-02
3.798610e-02
2.229109e-02
1.430586e-02
2.131653e-01
8.520975e-03
4.826093e-03
3.261046e-02
4.060457e-06
1.585776e-01
2.342282e-02
1.236405e-01
5.807556e-02
7.273548e-04
5.935676e-03
6.800725e-04
3.017970e-03
6.058012e-05
7.085137e-02
1.359681e-01
8.963708e-04
2.473221e-02
1.236714e-01
2.798867e-03
3.568589e-02
5.958680e-04
3.026794e-02
2.222787e-02
2.853921e-02
1.238847e-02
5.020536e-02
1.905384e-01
5.813096e-03
9.878487e-03
9.054577e-02
7.801001e-02
3.655183e-02
5.218165e-03
2.764474e-01
6.352891e-03
4.161564e-02
4.925918e-01
