5.031843e-02
7.999526e-03
1.326418e-04
1.409610e-01
1.080109e-01
6.554594e-04
7.351513e-05
2.895269e-02
2.604560e-02
1.589782e-01
1.075741e-01
5.953319e-03
1.071461e-01
8.293756e-02
3.961531e-02
2.349586e-03
4.817480e-02
2.997914e-01
3.884023e-03
1.031918e-02
1.945615e-02
2.895257e-03
4.788178e-03
9.331090e-02
6.525227e-02
2.609038e-02
6.213136e-04
1.882972e-02
6.910942e-02
8.782183e-03
4.561561e-02
4.005005e-02
1.592610e-04
8.478642e-02
2.846776e-02
2.812841e-03
5.611026e-02
2.305467e-03
3.784821e-03
1.079522e-02
3.571629e-02
2.726866e-01
1.851738e-01
8.392213e-02
4.543676e-02
1.239552e-02
2.148045e-02
1.918402e-03
1.443823e-02
2.386746e-02
2.274180e-02
9.029993e-02
3.725881e-02
7.666637e-03
1.945643e-03
1.072921e-03
1.398028e-02
1.514576e-02
2.169643e-03
3.317213e-02
3.239540e-02
7.543444e-03
2.485230e-03
1.310588e-03
5.659597e-02
7.974802e-03
2.349861e-01
5.803366e-03
1.518236e-01
1.275556e-04
3.267036e-02
7.025446e-02
1.893681e-01
1.587729e-02
6.401247e-02
3.434827e-01
5.493875e-03
1.346728e-03
2.973148e-07
1.060429e-02
1.407880e-03
1.996575e-02
1.163664e-05
1.355708e-02
3.228955e-02
6.951492e-03
5.038795e-02
4.335261e-02
6.874690e-04
2.480238e-01
1.147544e-02
3.103711e-03
6.898095e-02
9.208781e-04
1.457849e-01
2.026907e-04
1.223881e-02
6.199732e-02
3.318066e-02
1.143180e-02
7.874869e-02
2.557936e-02
3.636287e-02
7.772743e-03
8.634978e-03
1.081598e-02
1.532285e-03
1.527429e-03
4.427509e-02
2.431663e-02
9.974187e-03
1.018042e-03
6.289706e-02
7.733913e-03
1.311496e-01
2.085306e-01
4.411042e-03
6.263553e-02
5.703202e-02
1.444142e-03
3.573225e-02
1.359106e-02
3.156138e-02
9.334458e-04
3.741472e-02
3.284854e-04
2.052136e-01
2.898653e-02
5.116316e-03
2.501055e-02
6.632425e-04
2.350373e-01
2.915027e-02
1.024266e-02
3.500403e-02
3.921831e-02
6.014194e-04
6.072940e-03
1.069939e-01
3.039272e-02
1.188933e-02
3.583225e-02
3.783917e-04
4.808071e-02
4.440952e-02
4.762901e-02
2.306124e-02
5.316683e-02
3.436670e-03
3.661705e-03
1.648178e-05
1.596412e-03
3.836860e-02
3.189638e-01
9.092884e-04
2.565350e-02
7.639396e-04
2.382558e-02
4.223040e-03
3.475297e-01
2.602942e-02
4.145146e-02
1.083386e-02
1.754196e-03
4.139421e-02
1.076533e-01
1.243211e-01
3.645488e-02
6.456949e-03
1.348637e-01
1.238351e-02
3.249801e-02
3.520412e-03
1.515947e-02
9.208300e-02
2.234864e-01
3.734660e-03
1.661710e-03
7.351403e-02
6.187332e-03
6.315024e-02
1.261136e-02
9.336435e-02
1.422259e-01
2.633164e-02
9.536087e-02
1.109941e-02
1.052403e-03
5.097963e-02
5.730116e-03
1.296376e-03
1.385358e-02
2.178980e-02
3.903416e-03
2.292657e-04
6.822385e-02
2.390980e-02
5.977303e-04
1.684205e-02
1.147837e-02
2.198689e-03
6.734167e-03
2.317799e-02
5.154828e-03
7.189721e-02
4.166851e-02
4.130790e-02
1.389931e-01
8.863339e-03
9.485231e-04
3.885444e-02
4.953097e-02
4.077943e-01
7.755745e-03
1.187691e-01
8.507598e-03
1.572278e-03
9.212729e-02
9.665867e-02
1.083347e-02
4.095145e-03
6.231484e-03
1.430691e-02
2.081807e-02
2.695083e-01
4.845419e-02
4.679577e-02
3.254818e-02
7.149983e-03
9.424072e-04
1.082807e-02
3.752999e-02
2.390947e-02
1.889440e-01
7.458919e-03
8.509357e-03
3.435040e-02
2.923094e-02
3.828534e-02
2.924029e-02
8.519061e-02
2.198563e-02
4.928907e-01
8.925397e-02
5.138282e-02
1.522553e-01
5.389735e-02
4.439711e-03
5.500050e-04
2.103819e-01
1.721625e-03
2.379539e-01
3.907787e-02
5.746308e-02
4.636171e-04
9.105466e-03
6.034631e-02
3.476715e-02
2.120495e-03
4.474610e-02
3.028468e-01
2.722678e-02
4.564672e-02
1.199566e-01
1.005336e-01
8.707950e-03
1.417999e-02
1.225283e-01
1.445885e-03
2.855933e-02
2.253681e-03
1.493946e-01
8.230425e-02
1.461675e-04
7.100906e-02
1.095373e-02
1.558795e-02
1.048593e-02
5.318241e-02
1.238796e-02
9.390551e-02
2.104114e-02
2.423441e-01
3.690802e-03
1.094234e-01
1.002081e-01
1.349197e-02
3.077582e-03
7.768894e-02
5.201211e-03
9.732816e-04
1.361112e-01
1.418851e-02
2.391826e-01
9.796181e-02
1.203151e-01
8.641617e-02
7.540934e-02
6.073914e-02
1.487247e-01
7.740777e-02
3.487772e-06
1.405538e-02
8.489280e-02
2.455073e-02
1.228719e-01
9.037656e-03
1.293400e-01
1.445970e-03
1.273756e-02
1.677896e-04
4.310106e-03
4.130211e-04
3.073033e-02
9.046234e-02
1.326435e-01
5.836599e-02
5.417025e-02
8.261187e-02
1.419152e-02
4.303127e-04
1.615863e-02
4.476550e-02
1.902997e-03
6.389904e-02
8.148046e-02
4.793800e-02
1.744866e-02
3.492157e-02
3.530762e-05
6.932086e-03
1.666825e-01
4.097637e-01
3.222792e-02
1.573634e-02
9.314912e-02
7.426795e-02
5.291530e-03
1.221622e-03
1.476694e-05
5.562030e-02
1.118881e-01
3.121747e-02
3.068049e-01
3.619270e-02
9.508074e-03
2.055084e-02
6.940374e-02
9.752258e-02
4.126882e-02
4.520281e-02
2.244882e-02
1.641180e-02
1.833678e-02
1.474359e-02
1.699712e-03
3.232487e-02
2.917018e-03
3.272531e-02
8.301681e-03
9.145949e-04
2.034316e-03
2.587069e-05
1.106184e-01
3.841737e-02
6.227545e-02
4.336320e-03
7.360243e-05
1.273169e-02
7.157644e-02
2.238048e-04
8.136143e-03
3.684251e-02
8.810400e-04
1.492041e-01
9.208384e-04
1.556331e-02
2.942924e-02
2.007632e-02
8.399301e-02
5.738538e-02
5.534101e-03
2.690242e-03
4.532084e-02
3.240763e-02
4.991413e-02
4.076591e-01
1.993722e-06
3.012892e-02
3.041274e-02
6.421361e-02
1.086020e-01
3.325623e-04
7.331711e-02
6.562812e-02
8.999294e-03
1.026091e-01
4.971516e-02
2.490798e-02
5.609157e-02
5.376267e-02
3.508184e-02
8.915682e-03
1.589289e-02
1.282694e-02
1.204326e-02
2.026555e-03
5.528521e-03
8.790149e-03
8.282671e-02
1.047805e-01
3.117497e-02
3.982537e-05
3.963337e-03
2.824744e-02
2.637341e-04
2.018282e-02
4.568769e-02
8.064819e-02
8.970002e-02
5.347559e-02
3.129765e-03
4.958883e-02
3.102985e-03
1.352436e-01
3.572106e-04
2.596040e-02
9.598099e-03
1.255500e-03
5.934819e-02
5.910266e-05
1.318266e-01
1.426377e-02
1.091624e-01
1.674339e-05
1.771042e-03
9.446081e-02
9.784142e-02
8.069804e-02
2.914252e-03
3.466874e-01
1.918801e-01
6.914012e-02
3.257687e-02
7.802496e-05
6.022176e-02
1.046393e-01
1.496138e-02
9.634062e-05
4.722507e-02
4.994466e-02
2.195473e-05
6.734722e-03
5.861604e-02
6.918060e-02
3.596472e-02
1.290946e-03
2.038194e-02
1.315651e-01
7.000778e-02
3.240197e-02
1.492678e-01
1.648838e-01
4.929426e-04
3.127355e-02
3.325018e-03
4.143656e-02
4.422291e-04
1.744304e-04
6.512887e-03
7.249403e-03
3.008604e-02
2.917778e-01
1.618519e-02
7.633142e-02
4.126791e-02
6.827733e-03
1.779100e-03
1.045439e-03
7.823605e-02
1.592479e-03
5.641838e-02
1.453779e-01
8.827267e-02
1.305311e-01
1.164024e-01
1.772383e-01
2.138122e-03
1.110512e-01
2.282816e-02
5.390266e-02
9.312510e-02
9.502743e-02
9.537689e-03
2.439199e-04
3.485191e-02
9.734051e-03
6.773359e-02
1.697657e-03
8.204931e-02
2.480508e-03
2.864174e-02
8.734098e-02
6.536441e-02
1.654219e-03
1.532988e-02
1.652241e-01
8.680628e-01
1.569752e-02
8.411135e-02
2.507051e-01
5.724797e-06
9.360426e-02
4.401245e-02
1.493499e-02
1.091226e-03
4.168701e-08
4.072537e-03
8.747528e-03
3.107310e-03
1.752766e-02
2.530330e-02
1.775824e-02
1.848948e-02
2.547211e-02
1.483621e-04
9.237448e-02
4.297236e-03
4.454755e-03
1.022702e-01
1.629618e-02
2.044338e-02
1.672619e-02
2.042190e-02
9.661778e-06
7.063341e-06
8.861297e-02
3.880437e-03
7.187602e-02
3.867370e-02
1.275301e-02
1.308030e-03
4.693973e-02
7.909815e-02
2.951248e-01
1.433945e-03
7.760091e-02
3.677305e-02
6.910786e-04
2.685731e-02
1.476908e-02
1.354686e-02
4.437163e-02
7.659893e-02
2.449767e-01
1.581680e-02
3.669018e-02
1.221336e-02
1.965653e-03
6.282108e-03
1.108343e-01
1.343091e-01
3.699764e-02
1.275812e-02
4.039167e-02
1.065195e-01
2.906780e-02
2.260655e-04
2.721173e-02
2.093450e-02
4.525465e-01
3.140567e-03
3.662145e-03
7.533796e-04
3.168322e-02
7.856160e-02
3.264775e-02
7.641710e-02
1.859658e-02
2.198610e-02
9.664800e-03
1.003927e-01
6.797047e-02
1.199365e-02
2.743945e-02
4.644725e-02
1.873645e-02
4.643590e-02
1.761949e-02
1.417607e-01
3.510234e-03
2.924764e-02
8.493684e-03
1.367443e-02
