1.991335e-01
2.992962e-04
9.172749e-03
2.611427e-01
2.458848e-03
1.620576e-04
1.207508e-02
1.342927e-03
1.406336e-01
1.064620e-05
1.422523e-02
5.640710e-02
9.263833e-03
2.039265e-03
5.445491e-02
5.220836e-02
2.251655e-03
3.120042e-02
1.494245e-01
1.541672e-03
1.469117e-03
5.330568e-03
1.777942e-02
2.393157e-01
1.092826e-02
3.046237e-02
1.139519e-01
1.091308e-02
1.521316e-02
4.347515e-04
1.335476e-02
6.205760e-03
1.596989e-02
1.399214e-01
1.864326e-02
7.896540e-03
6.385778e-02
1.904859e-02
6.230684e-03
2.778447e-02
4.840478e-02
6.041945e-02
4.815197e-02
4.357177e-02
1.570952e-04
6.481537e-02
5.790610e-02
1.091132e-02
8.897764e-02
9.620445e-02
1.701709e-02
6.161705e-03
8.056434e-03
3.134387e-02
6.763160e-03
2.435364e-02
9.794266e-02
1.562063e-02
4.804229e-02
1.785449e-03
3.768432e-03
1.912157e-02
3.173812e-02
3.635992e-02
2.529888e-04
1.356427e-05
9.456905e-02
2.040810e-03
5.368699e-04
3.631155e-04
5.102495e-03
2.245955e-02
3.256876e-02
5.023387e-02
2.995278e-02
1.234730e-03
6.323997e-04
6.298833e-03
7.394921e-03
2.813713e-04
2.004776e-01
4.610709e-02
5.427872e-04
5.698385e-02
2.079659e-02
8.235181e-02
9.136859e-03
1.803430e-03
2.471887e-02
1.556001e-02
5.326667e-03
6.937159e-02
2.366016e-05
1.122848e-04
1.831278e-01
4.355419e-02
1.092008e-02
1.091966e-01
2.283659e-02
2.984943e-02
5.380854e-03
2.983620e-02
5.691191e-02
7.725764e-03
1.861854e-01
1.359896e-03
3.835226e-03
2.153776e-03
5.756228e-04
1.792702e-02
1.042611e-02
9.960714e-04
7.189962e-03
7.438340e-05
1.775165e-01
1.459683e-01
7.066201e-03
3.025217e-01
6.858970e-02
6.785675e-02
4.509471e-02
7.029334e-02
2.012208e-03
2.490186e-02
2.530869e-01
1.304637e-03
1.734796e-02
3.006340e-01
6.905034e-04
3.530529e-02
3.094472e-02
2.527705e-02
2.399606e-02
1.848238e-04
2.039539e-03
9.074755e-02
1.575816e-01
8.717460e-02
7.517615e-03
1.905080e-02
3.131567e-03
1.224052e-01
1.472292e-03
1.055004e-02
7.304464e-02
2.359273e-04
7.156741e-03
1.245241e-02
5.567180e-04
5.673479e-02
4.897145e-02
1.560301e-02
3.984320e-02
3.311988e-03
1.020510e-06
6.905792e-03
1.966419e-01
1.071821e-03
2.344575e-02
3.091974e-01
8.169054e-03
5.538401e-02
3.594333e-03
1.533618e-02
5.460021e-03
3.278162e-01
1.324199e-03
3.412054e-03
3.111788e-02
2.882321e-01
8.593400e-03
5.406654e-03
3.848499e-02
1.480820e-02
4.662308e-02
2.576803e-02
3.245332e-04
5.526921e-02
4.174605e-02
8.523147e-03
7.189914e-02
7.362474e-05
9.273781e-04
1.566256e-03
1.164580e-01
1.666417e-02
6.954330e-03
3.429569e-02
6.341800e-02
1.765828e-02
1.369301e-03
6.646932e-04
9.225228e-03
2.015013e-02
4.071176e-03
4.446366e-03
3.402613e-05
5.388852e-04
8.628427e-02
3.249036e-03
8.377033e-03
4.292424e-02
4.514676e-03
4.581645e-02
7.941451e-02
1.104614e-01
7.234881e-02
2.797813e-02
1.606984e-01
1.216080e-01
2.165852e-03
2.524761e-02
4.244069e-02
9.223169e-02
1.428698e-01
1.437782e-02
1.295352e-03
2.670249e-03
2.913757e-01
5.928818e-02
1.568946e-01
3.574052e-04
1.294876e-02
2.470344e-02
6.480856e-06
9.647741e-02
6.135884e-02
3.374285e-03
5.372612e-02
2.422761e-02
1.319604e-04
9.865309e-04
5.714335e-02
2.546827e-03
3.817472e-02
1.777802e-03
2.287489e-03
1.733444e-03
7.114527e-06
1.663900e-02
3.559198e-03
5.140654e-03
2.759826e-01
3.749550e-04
9.154925e-02
2.834968e-02
7.574003e-02
8.293570e-02
1.686176e-02
2.303784e-03
2.674016e-02
1.891726e-02
1.975038e-03
4.593672e-02
1.064995e-01
5.825725e-02
6.047938e-03
2.108772e-02
1.882554e-02
2.044535e-02
3.896518e-01
1.055835e-01
2.291463e-02
8.822463e-02
4.648311e-03
8.894369e-03
3.104013e-02
2.614265e-02
9.990625e-02
2.459043e-02
3.574911e-02
1.006014e-01
7.028821e-02
1.181553e-02
1.529390e-01
3.094041e-01
2.317485e-03
6.829416e-02
3.905707e-02
5.415245e-02
7.521749e-02
3.497420e-02
5.454204e-04
1.289502e-02
2.126917e-03
1.127692e-01
6.302964e-02
5.454739e-02
2.001814e-02
4.572691e-03
4.219835e-02
3.874094e-02
7.998943e-03
5.234793e-02
9.975480e-05
2.077622e-02
8.210412e-03
1.374642e-02
6.255286e-02
8.565922e-03
4.616539e-04
5.607433e-03
8.026355e-03
9.010522e-02
9.328164e-03
1.482832e-01
1.444871e-02
5.073249e-02
1.018595e-02
2.802427e-03
4.017851e-05
1.263485e-01
2.307955e-02
4.594161e-02
5.610846e-02
9.106969e-03
1.899230e-02
2.799088e-02
4.432584e-04
4.529052e-02
7.462445e-02
6.549103e-02
1.844232e-02
9.961993e-03
1.566619e-01
6.927552e-03
1.760668e-08
3.064157e-04
6.784745e-02
4.065022e-03
6.601146e-03
1.942660e-04
3.728556e-02
8.738789e-03
1.587181e-04
7.419859e-04
1.142844e-03
2.943001e-03
3.428825e-02
2.263443e-01
1.351172e-01
2.532765e-01
5.893054e-02
2.057406e-01
5.982868e-02
3.399349e-01
2.177181e-02
1.552143e-01
2.568401e-03
4.226714e-02
3.294938e-02
1.186779e-01
6.645997e-03
1.630814e-05
3.295119e-03
1.163746e-02
2.633704e-02
2.169090e-02
1.084569e-03
4.303837e-03
5.337194e-04
9.714513e-02
1.263009e-02
9.428338e-04
3.045785e-02
1.896452e-02
6.170650e-02
5.372557e-02
9.187050e-03
4.565339e-03
4.573289e-03
4.957657e-02
2.595670e-02
3.283454e-01
1.694531e-03
4.865059e-02
2.611701e-02
9.287902e-02
7.555242e-05
3.072497e-02
3.104692e-02
4.368493e-03
3.273160e-02
1.276870e-01
2.572763e-03
1.069439e-01
1.690336e-02
1.893901e-01
6.528949e-02
1.014642e-03
2.215654e-03
7.047132e-04
2.095837e-02
4.936507e-03
9.955030e-02
1.274873e-01
8.406910e-02
1.849047e-02
5.242764e-02
1.365827e-02
4.297261e-02
9.709382e-02
2.291044e-02
3.682663e-02
1.163545e-02
1.762806e-01
8.902985e-02
2.264340e-02
1.089995e-01
2.449369e-02
7.409605e-02
3.968632e-02
9.537726e-03
5.792543e-04
2.111388e-01
2.528082e-02
7.050933e-03
2.462910e-01
1.910932e-03
2.055619e-03
1.029399e-01
1.199768e-02
2.872432e-06
1.365622e-02
1.339436e-02
5.538454e-03
1.926612e-03
5.533386e-03
2.312542e-02
4.398122e-03
6.733127e-02
8.549054e-03
2.014203e-02
6.374451e-02
1.306986e-01
7.579913e-02
4.815214e-03
1.527840e-01
2.622692e-01
1.087793e-01
1.946622e-02
8.101751e-02
3.156838e-01
1.130807e+00
1.191695e-02
5.436668e-03
2.637002e-02
6.038368e-02
7.073691e-03
1.033230e-02
3.088665e-02
1.314469e-02
1.104528e-01
4.307198e-04
1.695845e-02
2.954940e-02
2.392361e-02
1.538657e-06
5.435295e-04
2.237421e-02
5.811088e-02
5.321192e-03
1.005254e-06
3.106178e-02
1.585691e-01
5.704036e-03
2.510265e-03
4.342001e-02
3.419987e-02
4.419062e-02
4.578144e-03
9.685155e-03
3.016008e-02
7.073145e-03
6.615195e-02
4.102199e-02
6.123930e-03
1.149830e-03
3.663947e-01
6.062177e-02
5.994964e-02
1.035871e-07
7.925439e-03
5.287331e-02
5.510401e-02
1.519313e-01
3.323053e-02
2.036290e-01
1.863898e-02
1.350831e-01
1.133069e-01
9.356217e-04
4.333667e-02
1.416807e-01
2.173850e-02
2.064440e-02
7.882238e-03
9.755855e-04
1.652162e-02
1.114294e-02
9.122257e-04
2.603150e-02
1.322401e-05
1.454107e-02
3.031658e-01
5.369891e-02
4.373332e-02
2.977297e-02
5.709495e-02
2.155443e-02
1.552680e-01
6.156376e-03
1.273908e-04
4.379522e-02
2.249269e-02
1.813068e-02
5.219902e-03
8.077055e-05
1.707676e-01
9.592694e-02
5.578308e-04
2.325197e-02
1.707300e-02
3.833592e-02
2.832546e-05
1.336645e-01
3.553643e-02
1.247503e-01
8.028273e-02
2.685609e-02
4.133502e-02
1.651329e-03
3.154020e-03
5.659230e-05
4.951872e-02
1.203612e-01
2.438012e-02
1.504493e-02
2.884084e-02
8.327281e-04
1.320614e-02
7.839499e-02
8.638791e-04
5.816081e-02
1.109265e-01
2.474835e-01
6.378455e-03
1.163112e-03
1.312399e-01
7.217268e-03
6.798748e-03
2.699907e-02
9.565327e-02
5.049070e-02
1.029846e-02
7.573603e-04
6.535213e-02
1.963048e-03
6.060573e-02
2.293297e-01
2.326753e-02
1.412933e-02
6.932976e-03
5.428704e-03
1.628196e-01
9.451391e-02
2.313714e-02
4.370991e-02
1.769661e-04
2.669599e-03
6.915026e-05
3.552144e-02
2.140402e-02
5.017531e-03
2.762713e-03
3.439955e-01
2.978562e-02
2.192760e-02
2.480449e-02
1.256491e-01
3.189980e-05
8.602029e-02
4.910477e-03
8.424071e-02
5.910121e-02
2.373291e-02
1.897079e-02
1.301519e-04
8.727375e-02
2.092558e-01
9.338032e-02
1.450369e-02
1.200784e-02
6.077687e-03
