4.295026e-03
4.242049e-03
3.222169e-02
3.221742e-04
2.701260e-01
9.068176e-02
2.481033e-02
3.870478e-03
7.188018e-03
2.949191e-02
2.149946e-01
1.296060e-01
2.226361e-02
8.480224e-03
4.604906e-02
4.746499e-03
1.696529e-02
1.821364e-02
8.263364e-02
1.584136e-03
9.354299e-04
9.670638e-02
7.410814e-02
3.926551e-06
3.694268e-03
3.306043e-07
4.831520e-03
7.818880e-04
4.129686e-02
1.773273e-02
2.188104e-04
6.363646e-04
1.849350e-02
1.829532e-02
3.281434e-02
1.377272e-04
3.561098e-02
3.209357e-03
4.438044e-02
1.759204e-01
6.593233e-02
1.960629e-04
2.543413e-03
7.966591e-04
4.475451e-02
6.840511e-04
6.606517e-03
3.343702e-01
2.356632e-02
4.340143e-02
2.847203e-02
1.060916e-05
4.264549e-02
6.815485e-03
2.549173e-02
4.940429e-03
1.368979e-02
1.634908e-02
1.344426e-01
1.881299e-01
5.200652e-03
1.841854e-02
1.914849e-02
1.552429e-02
1.458787e-03
3.521683e-02
1.113731e-02
4.566020e-02
2.799208e-03
1.259657e-01
1.677008e-02
7.743162e-03
1.473964e-01
4.337399e-03
5.718506e-03
7.892960e-03
3.851593e-02
1.269770e-02
5.906570e-02
1.020302e-01
2.023333e-02
5.441602e-02
7.172779e-05
1.197023e-02
1.584637e-04
1.153198e-01
5.169877e-02
7.699833e-02
1.071021e-01
7.251622e-04
7.415185e-02
3.080829e-02
1.569880e-04
2.665053e-02
8.430164e-02
7.961859e-03
5.831704e-02
1.495298e-02
3.897970e-01
6.060840e-03
1.986359e-03
2.125792e-04
8.148524e-02
5.102531e-02
6.442221e-03
1.844995e-03
5.674355e-02
1.064829e-01
3.161209e-01
5.241870e-05
5.478471e-05
1.030627e-02
1.090476e-03
1.465508e-02
1.782131e-05
1.218764e-01
1.098594e-01
2.743066e-04
1.130110e-02
2.292806e-02
1.299379e-02
5.205603e-02
3.195551e-02
2.254833e-01
1.283087e-02
1.137652e-02
2.544118e-03
1.721607e-03
1.428422e-01
9.412830e-02
1.052893e-02
2.196120e-02
6.950186e-02
7.685427e-03
2.330149e-01
4.474219e-02
1.204176e-01
2.787840e-03
1.338646e-03
2.043579e-01
4.367314e-03
1.481384e-01
1.009937e-03
2.632660e-02
2.117657e-02
4.498620e-04
1.034275e-01
1.606562e-02
8.185286e-05
1.104942e-01
1.983709e-01
8.324945e-02
4.136760e-03
3.143463e-01
1.704221e-02
1.275275e-03
8.324201e-02
6.349494e-02
3.047583e-02
5.399372e-02
1.656005e-01
7.938978e-04
1.481660e-02
9.013161e-04
1.379793e-02
2.110908e-02
2.454622e-02
1.661019e-02
5.014095e-02
1.089175e-01
2.360016e-04
1.212380e-02
1.998953e-01
1.171413e-02
3.565267e-03
9.286668e-02
1.066964e-01
1.187264e-02
1.689849e-02
2.822638e-02
4.996662e-05
1.843301e-05
3.096656e-04
4.253286e-03
4.662765e-03
1.475035e-04
7.447307e-05
3.698439e-02
2.498004e-03
2.404649e-02
5.049701e-02
1.038917e-01
8.967673e-09
1.471554e-03
1.486276e-01
6.726004e-02
9.078783e-04
4.865379e-06
1.070305e-02
3.514288e-02
1.445638e-01
5.774411e-02
6.598664e-02
7.733027e-02
3.273289e-03
1.749224e-02
6.450543e-04
2.540652e-02
1.077058e-01
1.911170e-02
1.251589e-01
1.077433e-02
2.085357e-02
2.552707e-02
6.013268e-02
3.174726e-02
7.687909e-02
6.781303e-03
2.328634e-03
7.256436e-02
7.323564e-02
1.199413e-02
1.718066e-01
4.361723e-04
3.154535e-02
1.932472e-01
5.206567e-02
5.684637e-03
8.480805e-03
2.154796e-02
2.791213e-02
1.986303e-03
3.556015e-03
1.397658e-02
3.282352e-02
1.473051e-01
2.172669e-02
7.457816e-04
6.456973e-03
1.828776e-01
1.057412e-02
2.088655e-02
5.530303e-04
1.087540e-01
7.010895e-03
7.928341e-02
1.750955e-02
6.672818e-02
6.858393e-03
3.945604e-02
7.101638e-05
2.386758e-01
1.958166e-02
5.703804e-02
8.741260e-04
4.639167e-03
6.172914e-02
1.878867e-02
8.181709e-02
1.263320e-01
3.228563e-01
2.049020e-02
2.459996e-02
9.517594e-02
2.251386e-02
9.195778e-03
9.345213e-04
6.646062e-02
1.848687e-01
5.429655e-02
5.853988e-04
7.078497e-03
3.742127e-02
5.421426e-03
1.108181e-01
3.356397e-02
6.889398e-02
1.060611e-02
6.160493e-02
2.825443e-02
3.490497e-07
1.257233e-02
8.993272e-04
5.466955e-02
1.561679e-03
5.043606e-03
1.363339e-03
4.488194e-02
4.523185e-02
1.170732e-01
1.273239e-02
8.775670e-03
1.606201e-03
2.928360e-01
2.894727e-02
1.751243e-03
5.756222e-02
5.363625e-02
4.698030e-02
2.082046e-03
3.283446e-02
8.079902e-02
1.006253e-01
1.876645e-01
2.086867e-01
4.562372e-02
3.961415e-02
8.284162e-02
7.312803e-02
7.385613e-02
9.381975e-02
3.474651e-03
7.199282e-02
4.851965e-02
3.572508e-02
1.541397e-04
2.843854e-02
4.306074e-03
9.543224e-03
1.746520e-02
1.269830e-02
1.852675e-01
2.352943e-01
3.098762e-03
3.000516e-01
2.530168e-01
2.711736e-04
8.671428e-03
1.038607e-02
4.803863e-02
5.012940e-02
6.446339e-02
4.583278e-03
3.269545e-02
1.240981e-03
7.416819e-02
6.154912e-02
4.399566e-02
3.129663e-02
1.089146e-02
3.677046e-03
6.620886e-03
2.510831e-01
3.111018e-02
1.361866e-03
1.022829e-01
1.055928e-01
1.505092e-03
1.765819e-03
1.621908e-01
3.736460e-02
7.213134e-02
7.182070e-02
1.073834e-04
5.916116e-02
3.844523e-01
1.169745e-03
1.647859e-01
1.172700e-02
3.372486e-03
4.961603e-02
1.047255e-01
1.627205e-02
6.032041e-04
3.575864e-02
4.037695e-04
1.303795e-02
2.391517e-03
6.086353e-02
8.167163e-03
5.315559e-02
1.625769e-02
1.146657e-02
6.494253e-02
4.069316e-01
1.075954e-02
8.733631e-03
1.910903e-01
8.151596e-02
6.796003e-02
5.345542e-03
3.310665e-03
3.670970e-02
1.287521e-01
6.093236e-02
1.729696e-02
8.570143e-02
1.285801e-02
1.939877e-01
3.513292e-04
2.729123e-02
1.734534e-01
7.956451e-02
1.140277e-03
2.553090e-01
5.249125e-03
2.549920e-02
2.572013e-03
2.356460e-02
8.378520e-03
2.565190e-02
8.154345e-04
3.803664e-02
2.953679e-04
1.628008e-02
9.168434e-03
5.623502e-03
5.733668e-02
1.299213e-02
5.024411e-07
3.296572e-03
8.104406e-02
8.101964e-04
2.818508e-03
8.187314e-04
7.060009e-03
1.922373e-01
4.515674e-02
1.128422e-03
6.411425e-04
1.383915e-01
9.851922e-02
2.563747e-04
5.594916e-03
4.691622e-02
7.116085e-03
4.001291e-02
1.749908e-03
9.989716e-02
2.469586e-03
1.923097e-05
6.562795e-02
1.313764e-04
2.001033e-02
8.140779e-02
4.210834e-02
1.585672e-02
7.743909e-04
1.185645e-01
2.504344e-04
8.469525e-04
1.938751e-02
5.124605e-02
1.029033e-02
1.778035e-04
9.568152e-02
1.137928e-01
7.549804e-04
1.746174e-01
4.051942e-02
4.168194e-03
1.061967e-02
5.880204e-02
5.346968e-02
5.714371e-03
2.415265e-01
8.230322e-02
3.082891e-03
1.985527e-02
2.784638e-02
3.489627e-03
5.429531e-02
8.237835e-02
4.843268e-02
7.191034e-03
2.524402e-02
5.004732e-02
1.886314e-02
1.783194e-01
2.331328e-02
5.274483e-02
4.780983e-03
1.380033e-03
1.292130e-01
1.385380e-01
3.846102e-02
2.321085e-01
4.853256e-03
2.888348e-02
4.586075e-02
1.002942e-02
3.554574e-04
1.283933e-02
5.972497e-03
8.516244e-04
3.416684e-02
7.404453e-03
7.338502e-02
4.490020e-04
8.101144e-03
1.223694e-02
5.719159e-02
6.153127e-01
4.052121e-06
2.870703e-02
1.519517e-04
3.083642e-01
1.214902e-01
3.273278e-04
9.838065e-02
1.566692e-01
2.339212e-01
4.524462e-03
6.142248e-02
2.534539e-01
1.234715e-03
1.241922e-01
7.382014e-03
5.089985e-02
3.679186e-03
3.560786e-01
2.623264e-03
8.228945e-03
4.970936e-03
6.866297e-02
4.701678e-02
2.491136e-01
2.835258e-02
6.801805e-03
5.621998e-02
1.750676e-01
7.897198e-02
5.436465e-02
2.121561e-03
4.927709e-03
4.162005e-02
2.004078e-03
8.268493e-02
3.682013e-03
4.406476e-02
1.944172e-02
1.154238e-02
1.063652e-01
2.236938e-02
3.639396e-04
5.342521e-02
6.757417e-02
5.251386e-02
2.932637e-03
7.277551e-02
2.729943e-01
3.484786e-02
2.048463e-02
1.348157e-02
8.856748e-02
1.071394e-01
9.405630e-05
1.751722e-01
7.370516e-02
3.497632e-02
1.590005e-04
1.288000e-01
2.556096e-04
1.327621e-03
5.742948e-03
1.802044e-02
6.661745e-02
9.535193e-03
8.287495e-02
5.088775e-02
1.506293e-01
2.140584e-02
5.612088e-03
1.283297e-01
3.879613e-03
1.306865e-01
5.154133e-01
3.913682e-02
1.367709e-01
1.297857e-03
4.584896e-02
4.698655e-02
7.482406e-05
5.684764e-02
7.184011e-02
2.813885e-01
2.626106e-02
8.695996e-02
2.278014e-02
1.512083e-02
7.183562e-02
1.758154e-02
1.507298e-02
9.559011e-03
5.151163e-02
5.638235e-03
5.722966e-02
1.702136e-02
1.492713e-02
1.386845e-01
8.838285e-02
3.679611e-02
4.519455e-02
9.210322e-02
