4.026960e-02
8.544974e-04
1.105080e-02
1.680756e-01
3.908933e-02
1.359569e-02
3.145939e-02
2.868987e-02
2.678356e-11
1.636423e-02
3.662801e-02
2.869534e-02
1.226100e-01
1.514236e-03
1.893712e-02
7.434579e-03
5.440384e-02
2.175905e-02
1.980211e-01
5.488878e-03
2.654099e-01
1.853350e-02
1.287749e-01
3.191659e-02
5.026133e-02
4.632592e-02
8.174806e-06
5.994477e-03
1.530702e-04
1.585870e-02
1.423778e-02
8.806226e-04
4.067472e-02
2.418856e-02
1.363805e-02
5.019469e-03
1.799471e-01
6.947730e-02
4.905680e-02
2.290504e-01
2.652036e-03
3.132717e-02
3.398760e-02
3.402712e-02
2.528288e-03
3.641145e-02
4.484849e-03
1.655938e-01
7.095040e-04
1.688001e-01
9.692371e-04
3.892095e-03
5.290896e-02
8.225070e-04
2.843710e-04
1.940429e-02
9.952320e-02
9.374141e-03
1.240318e-02
1.937444e-01
5.482168e-04
1.030069e-01
1.520299e-03
5.479947e-03
5.884440e-03
1.410229e-03
8.331828e-02
1.681143e-01
3.022037e-05
3.206658e-04
2.693173e-02
4.264090e-02
2.518282e-02
5.227356e-02
3.236980e-03
6.858716e-05
6.438269e-02
3.375750e-03
9.950565e-03
8.828058e-04
6.615359e-02
4.580945e-02
9.940204e-03
6.559405e-03
1.348427e-01
4.304051e-02
1.567436e-02
5.646701e-02
6.484504e-03
1.437148e-01
1.051778e-01
4.949936e-02
1.161295e-02
7.705485e-02
1.721188e-04
4.429878e-05
6.959577e-02
3.160376e-03
5.080961e-02
1.991267e-01
4.391820e-02
5.593650e-04
1.176972e-05
3.107716e-02
2.329125e-03
1.576578e-02
3.875226e-01
5.794882e-02
1.987611e-02
3.206161e-03
1.863515e-03
2.790972e-02
1.613875e-02
2.636536e-02
2.452937e-01
6.836854e-02
4.857426e-02
3.892850e-03
1.177009e-01
4.050926e-02
1.726132e-02
4.198667e-04
5.145608e-02
1.567397e-01
5.302029e-02
2.871752e-03
1.492301e-02
2.920310e-03
1.658719e-03
8.432062e-03
4.505918e-02
1.583110e-01
1.264367e-03
9.139810e-02
6.766377e-02
1.073422e-01
6.717653e-02
5.390594e-02
2.228731e-02
1.318064e-01
1.022627e-02
3.566572e-02
1.969552e-02
1.793022e-02
1.291582e-01
1.864371e-02
5.918955e-02
1.105716e-01
1.404861e-02
1.962161e-03
3.236269e-03
6.930005e-02
2.669923e-03
1.246844e-02
1.281603e-01
1.883504e-01
1.302423e-03
1.930635e-02
1.005030e-02
4.147236e-01
2.080554e-03
9.582792e-02
3.352241e-01
1.917345e-03
2.991717e-02
3.226052e-05
3.165789e-02
7.665706e-02
1.411783e-02
6.898861e-03
1.914009e-01
1.097650e-01
1.297170e-01
7.329770e-04
3.153651e-05
6.401373e-04
5.757440e-02
2.455682e-01
4.252966e-03
1.887718e-02
5.510083e-02
5.966229e-02
2.126570e-04
4.303920e-03
2.584089e-02
1.738070e-01
1.101434e-02
6.130497e-02
1.087963e-02
5.822593e-02
1.849834e-01
2.870264e-01
2.985696e-03
3.752605e-02
2.272151e-03
8.084443e-03
3.771334e-02
1.052456e-01
1.349554e-03
8.345796e-04
6.998560e-03
1.196138e-02
2.311561e-02
4.533831e-02
2.208395e-02
3.661490e-02
3.496439e-02
4.577283e-02
1.234849e-01
1.397540e-03
3.127468e-02
1.626680e-01
4.516355e-01
1.829407e-02
6.642881e-03
9.334391e-04
4.190165e-03
2.443175e-04
8.203711e-03
5.317521e-04
1.255772e-02
2.110353e-02
1.168057e-02
1.999170e-02
4.128266e-02
1.626903e-01
2.671128e-03
3.201940e-02
1.206611e-01
1.365017e-02
5.281383e-03
8.052722e-02
3.162547e-08
2.416389e-01
3.245040e-02
2.268359e-02
1.006726e-02
1.340550e-02
1.551005e-02
1.797648e-01
4.517654e-02
3.009459e-02
1.807082e-02
1.170148e-03
1.860821e-02
7.883551e-02
2.795899e-01
1.388741e-01
6.110848e-03
4.015431e-02
1.307115e-02
9.959248e-02
1.524853e-01
4.895078e-01
1.299398e-04
5.554997e-02
6.823769e-02
3.745912e-04
1.588706e-01
1.352566e-01
1.435055e-01
2.489650e-01
2.357623e-01
3.162884e-02
1.982072e-03
2.641007e-02
3.366739e-01
3.038168e-04
1.083275e-04
1.091019e-01
1.051234e-03
1.398202e-01
9.504834e-02
9.760779e-03
1.301361e-02
2.565168e-03
8.159408e-02
5.175736e-02
2.360490e-04
9.356705e-02
8.328062e-03
1.079449e-02
1.662787e-03
2.739475e-02
1.971082e-01
2.456006e-01
9.412844e-03
2.223857e-01
3.116619e-02
6.200080e-04
5.421850e-03
1.909458e-02
4.093103e-08
3.616449e-02
5.226735e-02
3.695913e-02
1.273147e-02
1.355567e-02
3.635204e-01
1.187048e-03
1.465453e-02
8.728407e-02
1.013250e-01
4.072289e-02
3.148618e-02
4.834035e-02
1.575370e-01
6.432831e-04
1.252485e-02
9.338443e-02
1.872031e-02
1.406346e-02
8.203379e-02
1.677215e-03
8.903554e-03
5.159072e-02
1.815904e-01
1.903079e-02
1.882933e-03
1.508179e-01
1.037681e-01
2.483005e-02
1.969850e-02
2.933555e-01
9.473139e-03
1.330851e-01
5.436367e-02
3.069199e-02
9.068493e-04
2.929427e-03
9.681915e-02
4.285870e-03
2.682344e-03
8.029052e-03
3.488591e-02
4.006075e-04
1.085307e-03
1.982081e-03
1.709205e-03
2.013511e-03
1.918648e-01
1.924026e-05
4.956120e-03
4.531800e-02
3.960565e-03
9.092058e-02
1.435806e-01
5.083026e-03
1.501525e-01
6.023824e-04
1.474940e-01
3.508360e-02
3.037403e-09
1.851743e-02
4.227380e-03
1.431172e-02
8.422169e-04
2.046315e-03
2.296866e-02
8.417416e-05
8.892880e-02
1.395009e-03
5.925036e-02
5.601374e-02
1.131285e-01
1.011277e-02
1.899898e-01
9.046181e-02
6.599588e-03
3.965094e-03
8.971711e-02
4.050899e-02
1.628751e-02
7.161807e-02
5.714812e-02
8.463011e-03
2.228415e-01
6.494978e-03
3.652777e-02
1.629174e-02
7.828885e-02
6.303659e-02
3.017629e-02
4.482021e-03
1.264575e-01
1.478387e-01
4.792058e-02
1.792041e-01
8.123477e-05
4.355803e-03
3.792654e-02
5.327804e-02
4.562397e-03
3.005473e-02
4.336390e-02
4.503195e-02
2.207129e-02
6.350900e-03
1.637627e-06
6.273323e-03
5.920306e-02
2.592448e-02
8.166743e-02
9.171852e-02
1.375927e-02
3.699574e-03
8.828382e-02
4.088098e-03
1.484428e-01
2.253629e-01
7.327646e-05
8.445974e-03
4.069550e-05
8.576312e-02
1.247836e-02
1.273497e-01
1.058867e-02
2.791747e-03
7.915290e-02
5.377597e-02
5.860766e-03
8.849747e-02
7.214925e-02
8.481310e-03
7.498163e-03
1.387526e-04
2.027979e-03
1.340490e-01
7.347788e-04
3.344428e-03
8.609164e-03
9.402151e-03
2.258087e-04
1.214896e-01
1.520686e-01
2.131990e-04
1.588943e-02
1.890948e-01
5.322832e-03
5.731357e-02
3.397102e-03
2.237497e-02
3.844086e-02
1.770088e-02
1.924681e-03
1.568033e-02
7.625777e-05
1.807345e-01
4.250223e-03
8.363493e-02
1.151411e-03
5.300803e-03
5.345162e-05
8.126144e-02
2.389464e-03
8.152058e-03
2.939932e-04
5.769748e-04
1.012374e-01
1.304864e-01
1.099459e-02
2.679198e-02
2.509527e-02
7.881002e-02
8.301407e-02
8.913887e-04
4.135649e-02
1.355512e-02
1.797072e-03
1.913802e-02
1.306073e-04
3.029730e-01
3.394127e-02
6.492524e-03
2.530000e-01
1.982211e-03
2.554289e-01
5.624080e-02
1.144356e-02
2.391393e-01
3.913876e-02
2.209061e-01
7.963497e-04
9.762976e-02
2.943785e-09
9.582298e-03
5.219336e-04
3.057590e-02
4.939076e-02
1.529481e-02
2.164633e-03
4.714859e-03
6.756867e-02
1.490708e-02
1.297834e-02
2.043319e-02
2.035048e-02
1.925940e-01
1.304506e-01
1.438525e-06
9.040663e-02
8.628593e-02
8.437649e-03
4.245871e-02
4.268573e-02
4.868634e-06
4.971321e-02
1.716586e-01
2.287614e-03
1.361035e-01
2.841848e-04
2.111511e-01
3.391179e-02
3.033782e-02
1.119230e-01
1.198967e-02
1.055471e-02
2.109245e-03
2.317999e-02
6.627067e-02
2.529131e-02
6.277184e-03
7.068180e-03
6.284774e-02
2.082731e-03
7.760771e-03
2.006332e-01
1.812002e-03
3.670973e-02
6.795861e-02
3.186818e-03
9.668966e-03
4.261292e-02
1.486017e-02
2.589444e-02
2.425333e-02
1.552227e-02
6.300130e-02
1.939282e-03
1.577283e-02
3.741157e-02
9.925341e-03
2.066887e-02
3.236553e-02
3.067956e-01
3.316623e-02
1.935912e-01
2.188122e-02
4.403352e-02
7.363392e-03
7.045103e-02
1.068951e-01
3.349042e-02
3.656882e-02
7.015556e-02
4.921556e-02
4.817765e-03
3.211585e-02
1.787800e-02
5.281441e-04
1.051639e-02
7.398669e-02
1.539751e-02
1.434450e-01
2.727889e-03
1.470560e-02
1.459284e-02
3.585084e-02
5.559054e-02
1.169045e-03
1.439931e-04
1.521468e-03
8.282141e-03
3.328133e-03
2.400529e-03
4.188961e-01
8.261965e-02
3.901306e-02
9.495551e-02
6.361522e-02
3.160135e-02
4.540375e-03
5.829738e-06
1.909161e-03
3.435754e-02
1.695146e-03
2.548213e-01
4.034520e-02
9.065639e-03
3.888214e-02
4.147192e-02
9.163167e-03
7.758370e-02
3.123405e-02
