1.297179e-03
4.362441e-02
2.893633e-03
5.655613e-02
3.499232e-03
2.138943e-05
5.909209e-05
9.992249e-02
1.604921e-04
2.579316e-02
9.570045e-04
2.406810e-02
6.451510e-02
1.540087e-02
5.148047e-03
3.229646e-02
4.523490e-02
6.910699e-03
2.129756e-01
2.353317e-04
1.162131e-04
3.466772e-02
1.069949e-01
6.690750e-03
1.988541e-03
3.698168e-01
1.030360e-01
4.178683e-02
8.619742e-02
5.577244e-02
5.198817e-02
7.343469e-05
1.129032e-02
3.500389e-02
4.771892e-04
7.137604e-03
8.434915e-03
4.772068e-02
1.113437e-01
1.911739e-01
4.500415e-02
3.455764e-01
2.056070e-02
7.912686e-03
1.624662e-04
1.142463e-03
2.406367e-02
2.649128e-02
4.994703e-02
1.104179e-02
6.105800e-03
1.802798e-03
2.469489e-01
4.783359e-02
2.458954e-04
2.067089e-02
2.386168e-01
4.397341e-02
1.312256e-02
4.726627e-02
4.765136e-02
3.426177e-02
1.115306e-02
9.363193e-04
2.344860e-02
9.175794e-04
7.450637e-03
5.890399e-04
1.387923e-02
3.648260e-03
6.848085e-03
9.263608e-02
1.631993e-03
5.736105e-02
2.862310e-02
1.470521e-02
3.492974e-02
3.259249e-03
5.730214e-02
1.435669e-02
1.909726e-03
7.004503e-02
1.603306e-01
6.811525e-02
1.776490e-02
5.365787e-04
1.002673e-02
8.052208e-03
3.845410e-02
3.502867e-02
6.745296e-03
1.117616e-03
5.168945e-03
9.356793e-03
1.476939e-03
1.639642e-02
2.120551e-02
2.115948e-01
3.003790e-02
5.653550e-03
8.310671e-03
2.931204e-04
1.126701e-01
2.392191e-02
9.908225e-02
1.160527e-02
2.725506e-03
8.675055e-02
4.971863e-03
2.457149e-04
4.635070e-02
5.674783e-01
7.120435e-03
3.468259e-02
1.178876e-02
2.895258e-02
5.429487e-03
4.876363e-02
2.333666e-01
8.241183e-02
1.359236e-03
1.830208e-04
3.743391e-04
3.201274e-05
5.046355e-06
1.678204e-03
7.975461e-03
1.895587e-04
1.586911e-02
3.187744e-02
4.939993e-02
3.540968e-02
4.163993e-03
5.546846e-03
1.478466e-02
9.742349e-02
3.965812e-03
2.447530e-03
2.589552e-02
5.330344e-04
1.667660e-02
2.072609e-02
1.795111e-03
3.961369e-01
2.195015e-02
9.392202e-02
3.743216e-06
4.304538e-03
3.307446e-03
2.736121e-03
1.072340e-05
1.559986e-02
2.447479e-02
2.900842e-02
7.597244e-03
1.123373e-01
2.369430e-03
1.634662e-02
1.539520e-03
5.869646e-02
9.156493e-02
7.388578e-03
1.116637e-03
3.786431e-04
5.251154e-04
9.022081e-01
4.117511e-02
4.034442e-02
2.844646e-03
3.352626e-02
6.730298e-02
1.036699e-01
3.204935e-01
4.067824e-02
1.040440e-02
9.991543e-05
1.316993e-04
4.475693e-02
2.700962e-03
3.673149e-02
2.542779e-01
9.686803e-02
4.356329e-03
7.220534e-02
1.961355e-02
2.257975e-01
4.928975e-03
2.082873e-02
1.903710e-03
2.317039e-02
5.957780e-02
5.509826e-03
2.728360e-02
6.163304e-02
2.202901e-02
2.642153e-05
6.051577e-03
2.367261e-02
9.486457e-02
1.675247e-02
4.501148e-02
1.826795e-02
2.010499e-02
2.591141e-04
1.092492e-03
2.549724e-02
1.932600e-01
4.020574e-03
1.124137e-02
5.818149e-02
2.506822e-04
5.008832e-04
1.416505e-02
1.021035e-01
2.833275e-02
5.005005e-02
1.795422e-02
1.159775e-04
7.018019e-04
4.753492e-02
6.303914e-04
1.233124e-02
2.939586e-01
1.082912e-01
1.801578e-01
2.720552e-02
1.062749e-02
1.018634e-03
1.813072e-03
3.579907e-02
2.247233e-01
4.414124e-03
7.954392e-02
1.254839e-01
2.180880e-03
6.211854e-04
1.131354e-03
2.303811e-02
3.198751e-02
5.896532e-03
2.211678e-03
1.829311e-02
2.591355e-02
3.374752e-03
2.056092e-03
8.435369e-02
3.347253e-02
8.055845e-02
2.607814e-02
1.027588e-04
2.393485e-02
1.435967e-01
2.000279e-01
8.391933e-02
4.744876e-02
5.688190e-02
2.150025e-03
3.382564e-02
1.072613e-01
3.551972e-02
3.013012e-02
5.422109e-03
2.080911e-02
2.768098e-02
6.650209e-03
1.584624e-02
4.236189e-02
3.019192e-03
1.508173e-01
4.680454e-02
8.382462e-02
3.527160e-02
2.060656e-01
1.648182e-01
7.985386e-03
1.621841e-01
2.059007e-03
4.555535e-02
8.299117e-02
1.498288e-02
1.800333e-02
5.043887e-02
1.363910e-02
8.494991e-02
3.950200e-04
2.037883e-02
1.785672e-03
1.495554e-02
2.212102e-01
1.921053e-03
2.605132e-02
9.800483e-02
4.877137e-02
4.023077e-02
3.244081e-01
8.493276e-02
2.191812e-01
3.017685e-02
2.932996e-01
7.101802e-02
2.082502e-01
2.285223e-02
3.988526e-03
1.075294e-01
2.172991e-01
1.689814e-06
5.236520e-02
4.090831e-02
2.568708e-01
2.719886e-03
2.082581e-01
1.378377e-01
5.427621e-02
5.201993e-02
5.919378e-05
1.516087e-01
2.167018e-03
8.782562e-02
7.487530e-03
3.206073e-02
1.009203e-02
1.571611e-01
5.602068e-02
5.136943e-02
1.228946e-02
4.182808e-02
1.914712e-02
1.094256e-01
1.293916e-02
3.888492e-02
1.002524e-01
1.716021e-01
1.732758e-01
1.537722e-02
1.528640e-03
2.704252e-02
5.630927e-02
5.147143e-03
2.423931e-02
6.488608e-02
9.680322e-02
1.625064e-02
2.641720e-02
7.221271e-03
7.340063e-03
2.912454e-03
3.128831e-02
3.542571e-02
1.456313e-01
3.071886e-02
6.472509e-04
1.435601e-01
9.186063e-02
4.831846e-02
2.154321e-02
8.136673e-05
2.181655e-03
9.388629e-02
6.051111e-03
1.274832e-02
3.226374e-04
1.056138e-01
3.183427e-02
4.445768e-02
3.805481e-02
1.168521e-01
5.280543e-02
1.925367e-02
5.011209e-02
2.513468e-02
1.764364e-01
5.541906e-02
6.767580e-05
3.462944e-02
3.221529e-01
6.321397e-02
1.048319e-02
5.922457e-02
5.893326e-02
2.077291e-01
2.822850e-02
8.006143e-03
8.809900e-03
1.177723e-02
2.319856e-01
4.491505e-02
1.397099e-03
9.792932e-02
2.551410e-02
2.804801e-02
2.268611e-02
4.474055e-04
1.412086e-02
2.704925e-01
1.441320e-03
2.911082e-01
3.338517e-02
1.059707e-02
6.253358e-04
1.868527e-02
2.433906e-02
3.728169e-02
4.382303e-02
5.336361e-02
2.163098e-01
4.607656e-02
3.490264e-02
4.429463e-02
7.490677e-05
2.967101e-03
1.097867e-01
2.354466e-01
1.473411e-02
2.379798e-02
3.621196e-02
1.797636e-03
9.671126e-03
1.153991e-01
1.270150e-02
6.888324e-02
6.239777e-03
3.474725e-02
8.369312e-02
6.317261e-03
1.673537e-01
3.102125e-03
4.085302e-03
1.110152e-01
2.904763e-03
2.647152e-02
2.759899e-06
8.177780e-05
5.235002e-02
1.188768e-03
1.522393e-02
1.442538e-03
3.386315e-04
1.573090e-01
5.115703e-03
1.321472e-02
1.526111e-01
1.031083e-01
8.394531e-03
2.964184e-02
3.251860e-02
7.092921e-03
3.411572e-01
9.362297e-02
9.076482e-03
7.043480e-02
1.388647e-01
8.587967e-02
1.023020e-02
4.403679e-03
7.154311e-02
3.646903e-02
7.013649e-02
9.130830e-05
2.266420e-03
1.844241e-01
5.110561e-02
4.679752e-02
1.630280e-04
1.255272e-02
3.657114e-02
2.218128e-03
1.602493e-02
8.890852e-02
1.044587e-01
3.131816e-02
8.506203e-03
7.241228e-01
4.769507e-05
1.396914e-01
2.126177e-01
1.369796e-01
6.886466e-02
4.017446e-02
8.666215e-02
4.381504e-03
3.341963e-02
9.973912e-04
4.034399e-02
3.350877e-02
7.499473e-05
7.381225e-03
2.078507e-02
3.732708e-02
1.158222e-02
1.730742e-03
3.564233e-02
2.046779e-02
2.011301e-02
1.627197e-02
1.275731e-03
3.965077e-02
1.078972e-02
6.153747e-02
1.869959e-02
1.044915e-02
5.901754e-02
6.577275e-02
2.721428e-04
1.119310e-02
6.303391e-03
1.797906e-02
2.463214e-04
1.842656e-02
6.066589e-03
1.125255e-02
3.423231e-03
8.345344e-02
4.869954e-03
1.113877e-02
9.659103e-04
2.422182e-02
2.177878e-02
2.172856e-03
1.227712e-04
8.410100e-03
3.282902e-01
9.873934e-03
1.217543e-01
1.515927e-01
4.742223e-02
2.251735e-04
9.863812e-03
8.950423e-02
1.120678e-02
3.676646e-03
8.956573e-02
1.678045e-02
4.390518e-03
1.689224e-01
1.477399e-02
4.183300e-02
1.878819e-01
4.909403e-02
4.475175e-04
1.817977e-01
8.779092e-01
1.357345e-04
7.150383e-03
1.363805e-02
2.582480e-02
1.269029e-02
5.452010e-02
2.013225e-02
4.346006e-01
4.056030e-02
6.166882e-02
1.817644e-01
2.397236e-02
3.721795e-04
6.934369e-03
9.207824e-02
1.555229e-02
2.025076e-02
1.502344e-01
3.750035e-02
7.553091e-04
4.356442e-03
4.207579e-04
9.009750e-02
2.535709e-02
3.303416e-02
1.227204e-02
2.847315e-02
1.537020e-04
1.559632e-01
1.155007e-01
2.954813e-01
1.182592e-02
1.872623e-02
9.141211e-04
4.307230e-03
1.997338e-01
1.148999e-01
6.135441e-03
1.825815e-03
1.196430e-01
1.263434e-04
4.944642e-02
3.301671e-03
8.337077e-03
2.681767e-03
1.078685e-03
8.240736e-03
3.137075e-02
4.764990e-04
5.577034e-03
1.366569e-03
2.480892e-01
2.675291e-01
