4.737431e-02
2.044882e-02
3.373856e-02
4.634980e-02
6.666453e-02
1.420362e-06
2.123065e-03
1.134043e-01
2.035709e-02
3.555027e-02
1.702328e-01
5.588290e-04
9.305047e-02
1.057330e-01
1.042178e-01
1.963054e-01
3.608379e-02
6.143787e-04
1.556486e-05
1.294833e-02
4.726482e-02
3.634609e-02
2.481037e-02
1.549588e-03
2.884939e-02
4.172502e-04
1.253180e-03
1.755478e-02
7.152755e-02
6.685149e-03
1.223761e-04
3.501836e-02
6.402419e-04
9.738396e-02
2.158453e-01
5.416602e-03
1.603891e-04
8.938451e-03
1.684986e-02
6.416260e-02
5.156688e-05
2.326502e-05
1.081152e-03
1.988374e-02
9.079762e-03
6.504047e-02
1.258487e-02
6.557966e-02
1.051578e-02
3.237125e-02
1.145657e-02
1.452489e-01
2.029004e-01
1.176553e-03
1.209201e-03
8.693663e-03
8.014076e-06
9.738183e-02
1.291807e-01
7.320271e-02
9.829760e-03
3.524294e-02
2.736509e-02
4.084060e-02
2.239205e-04
5.168668e-02
5.867733e-02
1.215926e-02
7.606935e-03
1.773897e-01
4.814156e-03
3.945595e-04
7.610984e-02
1.783554e-01
5.825079e-02
7.256975e-02
2.206781e-04
6.254715e-02
9.151607e-02
3.180733e-03
5.976141e-02
8.333012e-03
2.354354e-03
4.421773e-02
5.300730e-02
4.868869e-03
3.868987e-02
2.313143e-03
2.477532e-02
7.684131e-02
2.201321e-01
3.511841e-03
5.177948e-02
4.386449e-03
2.027342e-01
1.669778e-01
1.582716e-02
3.103414e-01
9.652883e-02
6.251084e-02
1.044142e-01
1.611926e-02
1.048681e-02
8.261232e-02
3.083893e-02
9.871184e-02
5.685001e-03
7.674057e-03
1.083897e-01
8.214215e-02
1.480680e-02
2.872149e-02
1.004480e-02
1.149114e-02
1.146700e-02
3.139649e-03
2.972996e-01
1.653489e-01
5.508212e-03
3.143665e-02
8.696900e-02
4.259349e-03
3.679535e-02
4.745842e-02
5.591544e-03
1.908893e-02
2.704168e-02
8.973588e-03
2.429479e-02
1.502161e-01
1.379118e-01
3.197705e-02
1.193089e-04
2.548715e-02
5.945239e-02
3.087428e-03
1.327062e-02
3.323543e-05
3.696720e-02
1.694085e-02
2.002487e-02
7.837355e-02
2.104215e-03
2.886680e-03
2.731674e-04
4.421923e-02
2.889802e-02
4.249884e-02
1.658696e-02
2.916133e-02
8.576753e-03
7.390510e-03
2.264511e-03
7.815807e-03
2.984740e-03
1.189493e-01
3.019065e-02
1.121103e-01
2.414369e-02
1.009372e-01
3.964809e-02
1.782291e-03
1.141898e-02
6.126468e-03
2.924383e-01
6.406966e-01
4.198010e-02
1.421186e-03
9.182442e-04
1.090164e-03
1.203472e-02
4.625123e-02
1.043114e-01
6.310814e-02
1.391340e-02
1.604650e-01
5.061557e-02
1.466609e-01
5.807627e-04
7.880810e-03
7.420627e-03
6.742081e-05
3.662405e-01
6.328250e-05
2.058676e-02
3.993275e-02
1.326254e-01
2.165193e-02
1.224681e-01
5.416621e-02
1.852612e-01
1.270569e-02
4.828405e-06
4.341587e-02
6.097198e-02
1.546931e-02
1.053112e-01
6.764168e-03
1.051435e-04
5.213163e-03
2.210604e-02
3.610169e-02
4.462010e-02
1.566154e-03
7.512385e-05
4.968580e-02
1.742823e-01
1.959694e-01
4.173777e-02
6.186972e-02
1.155020e-02
2.131379e-02
1.904367e-02
1.095041e-02
3.057736e-01
8.289822e-02
2.002473e-03
1.235845e-01
7.230675e-02
4.466165e-02
4.290685e-02
2.122627e-02
1.499535e-05
3.806245e-02
5.939731e-02
2.350090e-02
1.907807e-02
9.732553e-02
1.480388e-01
3.767570e-02
7.875557e-02
2.554561e-04
3.651286e-03
6.505535e-02
1.196276e-01
5.207830e-02
1.921533e-02
6.302536e-04
3.501843e-02
1.362659e-01
7.190326e-02
1.747735e-02
5.228224e-02
1.215665e-01
4.452797e-04
8.314515e-03
2.727872e-02
2.567732e-01
1.237685e-01
6.405683e-03
3.833363e-04
1.535687e-02
2.581245e-03
5.075170e-02
9.243867e-02
1.025865e-04
1.051737e-01
1.116735e-04
1.524623e-03
2.546030e-01
1.647879e-01
6.836837e-03
2.723541e-02
1.157060e-02
1.287080e-01
2.284190e-02
1.588923e-01
3.310164e-02
1.043707e-01
5.652681e-03
9.233896e-03
2.796006e-03
9.637223e-03
4.422850e-02
6.076768e-03
2.667050e-01
1.103547e-01
5.101959e-02
7.619974e-04
6.411128e-02
2.142998e-02
4.847604e-03
1.176465e-03
5.697178e-03
2.637397e-02
4.039491e-03
1.609513e-02
4.565244e-01
1.188228e-01
3.002939e-03
2.710948e-02
3.509340e-01
2.070817e-02
4.294159e-01
2.061741e-02
9.182599e-03
1.270284e-01
4.322395e-02
1.088929e-03
7.162086e-03
1.260387e-02
1.663239e-02
1.681692e-01
1.703200e-02
3.606444e-02
6.860254e-04
2.725226e-02
2.515668e-04
1.196791e-02
2.301892e-03
5.404713e-04
2.157974e-02
5.800052e-01
3.530102e-03
3.044210e-01
1.691420e-02
3.999405e-02
1.742027e-02
2.658727e-03
2.739598e-02
3.565983e-03
2.363659e-03
1.220315e-01
9.096562e-02
1.261867e-02
8.191471e-02
1.261820e-02
2.679556e-03
4.861769e-06
1.764982e-01
6.144009e-02
3.475482e-02
1.219978e-08
4.405590e-03
3.523391e-03
6.103273e-02
8.305157e-02
1.141337e-03
3.285791e-02
1.315524e-04
1.333107e-01
3.636763e-02
1.009414e-01
1.508867e-02
1.280787e-02
6.556142e-04
5.024271e-02
4.964321e-02
5.095385e-02
5.766756e-03
1.307132e-02
1.016161e-01
2.106318e-03
5.352656e-02
2.639919e-03
7.707251e-04
1.804008e-02
7.211433e-03
5.387434e-02
1.508791e-01
1.119171e-03
2.472610e-03
1.418092e-06
1.609808e-02
1.160986e-04
5.726530e-02
3.829408e-02
7.839660e-02
1.005802e-04
1.333109e-01
2.179175e-01
2.514967e-01
3.581324e-02
1.225695e-01
1.713141e-02
7.354962e-03
6.766090e-01
4.962304e-02
8.035940e-02
4.149745e-02
1.755712e-01
1.186013e-04
2.422563e-01
8.164048e-06
3.872759e-02
3.403254e-02
2.558311e-02
1.222524e-02
2.494166e-02
1.552916e-02
3.352736e-03
2.583570e-02
8.377459e-02
2.766479e-04
2.022844e-01
9.438887e-02
2.228509e-03
2.969548e-02
5.636886e-02
7.326966e-02
1.078870e-03
3.074595e-02
2.671393e-01
6.797677e-02
2.210867e-03
4.168320e-02
7.441901e-02
8.957750e-03
3.939552e-03
2.625446e-01
5.099154e-02
5.303603e-02
1.557917e-02
2.088225e-02
1.589578e-03
3.009666e-03
5.185432e-02
6.638521e-04
1.971210e-02
1.893354e-02
1.311355e-02
1.674767e-02
2.121862e-02
2.907005e-02
3.137972e-04
1.084110e-01
9.105810e-03
3.466408e-02
1.840042e-02
2.628650e-02
1.363498e-03
2.399830e-02
1.931794e-03
6.305124e-02
2.277985e-03
3.017199e-02
3.663917e-04
3.296309e-02
1.819591e-01
3.540177e-03
1.687559e-01
7.529824e-02
1.433078e-02
4.472534e-04
3.208801e-02
1.137068e-02
3.727076e-02
1.201558e-03
1.541971e-02
1.459317e-02
1.218478e-01
1.216584e-02
6.367128e-02
2.237928e-02
1.005836e-01
4.639258e-02
5.278041e-04
2.411652e-02
3.696445e-03
1.106364e-01
1.134559e-01
2.119878e-02
1.315953e-01
8.641563e-05
5.697511e-02
2.517219e-03
2.749530e-02
1.566182e-01
1.893275e-01
4.947586e-03
7.519574e-03
5.934417e-02
7.247721e-02
1.020596e-02
2.286727e-01
4.553596e-02
2.135164e-02
1.305075e-03
2.016156e-01
3.333867e-01
4.013572e-02
2.604385e-02
9.144802e-03
1.864431e-02
5.054952e-02
6.605282e-03
4.926468e-02
1.113437e-03
5.456773e-02
1.418432e-01
3.290041e-02
4.111040e-03
1.399102e-03
8.644017e-04
1.730082e-04
1.082952e-02
5.344730e-02
9.601864e-02
2.630401e-02
1.225298e-02
3.662561e-02
1.331652e-01
9.804954e-06
4.948139e-02
1.174955e-02
1.999380e-02
2.984656e-03
4.423160e-06
1.307618e-01
3.301559e-02
2.935368e-02
1.859443e-02
1.539177e-02
4.920143e-03
5.734741e-02
9.631242e-03
1.234956e-02
2.320964e-02
1.405649e-01
2.959731e-02
2.645125e-04
9.433861e-04
1.265440e-01
5.246775e-02
1.159272e-03
2.824731e-02
1.042584e-01
2.832629e-03
2.142168e-02
5.566114e-01
3.162514e-03
5.657046e-02
3.374090e-01
2.403192e-02
6.018222e-02
5.771590e-02
5.190018e-04
5.061969e-05
1.254662e-01
6.534738e-02
1.759838e-03
4.277009e-02
2.193966e-01
1.138236e-01
5.891579e-03
5.508209e-04
1.592462e-02
1.959203e-02
3.332276e-02
3.094659e-04
5.667220e-03
5.038863e-02
1.255967e-02
1.106996e-02
9.063491e-02
1.145757e-02
6.813748e-03
1.154969e-02
3.167490e-03
1.047797e-01
9.661499e-02
4.001121e-02
4.163367e-02
2.123064e-02
1.778343e-02
3.784773e-03
3.458373e-03
6.197593e-02
1.424799e-02
2.076921e-02
7.326326e-02
4.674519e-03
4.550003e-02
1.322487e-02
1.025124e-01
3.170927e-03
4.343567e-02
7.575418e-03
2.514209e-03
9.895816e-02
7.533244e-02
2.045829e-02
5.884429e-02
1.188364e-01
1.038841e-02
6.755598e-02
2.099315e-03
8.631044e-04
9.144408e-03
3.944565e-02
2.564592e-02
1.533708e-01
1.684218e-04
1.399134e-03
