4.614344e-02
1.205675e-01
1.131852e-02
3.031562e-03
2.029050e-02
4.468393e-03
3.138830e-02
5.178202e-02
8.431804e-02
5.248136e-01
3.092709e-05
8.463116e-03
1.628697e-03
1.028047e-01
1.300884e-02
2.166666e-01
2.375561e-02
2.025302e-01
5.203848e-02
8.157443e-03
5.329704e-03
3.734560e-05
2.505530e-02
6.250721e-02
3.534740e-03
5.849591e-02
1.563181e-01
4.966302e-02
2.529468e-02
2.854453e-02
6.846417e-02
2.646003e-02
2.268482e-02
2.182553e-01
5.236936e-02
2.744223e-01
5.955044e-02
1.462202e-01
4.256390e-03
5.594941e-02
2.298837e-02
2.745509e-01
2.072177e-02
5.190518e-02
1.241783e-02
6.723057e-04
3.115315e-02
1.054243e-01
1.762831e-04
3.521252e-02
1.765920e-04
3.516589e-05
1.109189e-01
7.642398e-02
1.376230e-02
1.238716e-01
9.350603e-03
2.743508e-02
8.744025e-02
8.785797e-03
2.042104e-01
1.686983e-02
4.066869e-02
1.859052e-03
2.891161e-03
5.707118e-02
1.385232e-06
1.678950e-02
1.106266e-01
3.992156e-02
5.350884e-03
9.512232e-03
7.148414e-03
1.166541e-03
1.641581e-03
1.912038e-02
1.748317e-01
6.550121e-02
6.459212e-03
1.718168e-02
7.979248e-02
5.373781e-03
5.186775e-02
1.270246e-01
1.440071e-01
5.021070e-03
1.746085e-02
3.499004e-02
1.581749e-01
5.504683e-02
3.344706e-03
7.743539e-02
3.466686e-03
9.507265e-02
5.038867e-03
4.127107e-01
5.947108e-02
3.777025e-03
6.742211e-05
9.543503e-03
2.914332e-02
6.567592e-03
1.096281e-06
2.645571e-02
8.544152e-03
6.593992e-03
4.503882e-02
4.520763e-02
3.404644e-02
7.989493e-02
1.041127e-02
4.555647e-03
4.440336e-05
6.273871e-02
4.182581e-01
9.771341e-03
1.556573e-04
2.591602e-03
1.381612e-03
1.624423e-01
2.159683e-04
1.305653e-02
6.901408e-02
4.367780e-03
8.142662e-03
9.802615e-02
8.246523e-04
1.860982e-02
1.169646e-03
5.608726e-03
2.909526e-02
5.587745e-06
1.541974e-02
5.406542e-02
7.861447e-02
1.197681e-02
6.100405e-01
2.654751e-03
1.986884e-01
9.975416e-03
3.425350e-02
4.896760e-05
7.768117e-03
4.193213e-02
1.972222e-01
4.419207e-02
1.239666e-02
6.855395e-02
1.629474e-06
2.118749e-02
1.555273e-02
1.166195e-02
3.568217e-01
4.913888e-04
4.634021e-03
1.508957e-02
1.659338e-02
2.635814e-02
7.229459e-05
1.518505e-02
1.830229e-02
1.180624e-02
7.262477e-02
3.335227e-04
2.407293e-01
1.307042e+00
1.238046e-04
7.171931e-04
8.627285e-02
8.909592e-04
8.533624e-04
1.617988e-03
2.478064e-02
2.459542e-01
1.275500e-02
6.519114e-02
1.397917e-02
2.300302e-02
1.785112e-02
1.500352e-02
2.329374e-02
7.594141e-03
3.247226e-02
9.307536e-02
2.673346e-01
5.946483e-02
7.107068e-02
2.382671e-02
1.993381e-02
3.067377e-03
3.083898e-04
1.133697e-05
6.927428e-02
1.137393e-01
4.591754e-03
7.553979e-04
4.654255e-03
1.802202e-02
6.239081e-03
1.181556e-01
5.673380e-02
1.030637e-02
1.410022e-02
5.206931e-04
6.984612e-03
3.908204e-03
9.648302e-02
1.764587e-01
6.678511e-02
6.956290e-02
4.810388e-03
1.673501e-02
1.124757e-01
1.377350e-02
4.584238e-03
1.213118e-01
4.640737e-02
9.371065e-02
9.134885e-03
3.646706e-02
3.599503e-02
1.625176e-02
2.122553e-04
9.725413e-02
2.757909e-02
5.075876e-04
4.184685e-03
3.551339e-02
2.181571e-03
3.555717e-02
7.482523e-04
8.452619e-07
1.120523e-02
2.048457e-05
4.010830e-02
2.780318e-01
6.066744e-02
1.794007e-02
2.744745e-02
5.160382e-02
7.857073e-02
4.466904e-03
3.462316e-01
5.505692e-03
3.948235e-02
7.031512e-02
3.696022e-02
3.147257e-02
1.115133e-02
6.583304e-04
2.719138e-02
1.575662e-02
1.521500e-01
8.487528e-02
1.827457e-01
1.048553e-01
1.136866e-01
1.079135e-01
3.013950e-02
5.668946e-02
4.011082e-01
3.369495e-02
4.433564e-02
6.225693e-02
1.887163e-01
4.933490e-02
2.304730e-02
9.536790e-04
2.960247e-02
1.541372e-02
2.607807e-02
9.201043e-03
6.595121e-02
1.034855e-02
1.213245e-01
1.343735e-01
7.523714e-02
1.488216e-03
1.166372e-02
3.498960e-03
1.216349e-03
2.254951e-02
5.010603e-03
9.967352e-04
1.139044e-02
3.719365e-02
2.700026e-02
8.332916e-02
1.454315e-02
5.304159e-03
6.248473e-04
3.341191e-02
4.996634e-03
3.335213e-02
8.118031e-05
1.763850e-01
1.601265e-03
7.546896e-03
8.041426e-03
3.917852e-03
8.479726e-02
2.735942e-02
1.550182e-02
1.978668e-02
2.530306e-02
1.276215e-03
9.756401e-03
6.498362e-04
2.353540e-02
1.969602e-02
5.436384e-02
1.196086e-01
8.961001e-02
1.414325e-01
3.306086e-02
2.291149e-02
2.065158e-02
3.774912e-05
1.012215e-01
1.078302e-01
9.001561e-02
8.748111e-03
9.280260e-02
1.738373e-02
1.288615e-01
2.516770e-02
4.773162e-02
1.612676e-01
1.848285e-02
1.824105e-07
6.721491e-02
4.604867e-05
9.985766e-02
2.132909e-04
2.470428e-01
1.307594e-01
1.036689e-02
1.220836e-01
3.552030e-03
1.581464e-02
6.711828e-02
1.239315e-02
1.884125e-01
2.224013e-03
2.312401e-01
1.183351e-01
7.112046e-03
7.673972e-03
1.181285e-01
1.396313e-02
1.959009e-01
1.137906e-02
1.429297e-02
3.794866e-03
2.046686e-01
7.435523e-03
2.914160e-02
5.419579e-05
3.020155e-02
2.467754e-04
5.461009e-03
1.043482e-01
7.233038e-02
3.676011e-02
1.915202e-02
2.308772e-03
3.738004e-02
4.516135e-02
2.868471e-02
6.337893e-02
4.852130e-02
1.718337e-04
9.332684e-03
8.865487e-03
1.037012e-02
9.059689e-02
6.108118e-04
7.018782e-03
5.329606e-03
2.158041e-02
2.790497e-03
2.812364e-02
5.514607e-02
9.220087e-03
9.333718e-02
2.549097e-03
2.843299e-02
3.751757e-02
8.196500e-02
2.205637e-01
3.704745e-03
1.181142e-03
4.078650e-02
9.968294e-02
6.443411e-02
9.370800e-02
5.637352e-02
5.536072e-02
5.784805e-03
2.421976e-01
1.686158e-01
1.506818e-03
6.455650e-02
1.547596e-03
1.133174e-02
1.571917e-01
7.537643e-03
1.078705e-02
8.335618e-02
1.112083e-05
1.050129e-01
9.935149e-02
3.790277e-02
8.634515e-02
1.127908e-02
3.355840e-03
5.804788e-02
5.150885e-03
9.940712e-04
1.290799e-01
1.507976e-03
2.140027e-01
1.494753e-02
9.020454e-04
9.202272e-02
2.225409e-02
2.804423e-02
8.467313e-03
3.048134e-03
4.619431e-02
1.326906e-02
2.429491e-02
8.355361e-06
4.513186e-02
4.384467e-03
4.465266e-02
2.163088e-02
1.143450e-02
1.064684e-04
1.574805e-02
9.827193e-04
8.617458e-03
2.133523e-02
1.629802e-04
5.814714e-03
5.466740e-02
1.433994e-03
7.391049e-03
1.524218e-02
4.461667e-03
4.398433e-02
6.393832e-02
6.850182e-02
2.219590e-02
5.384195e-02
2.492032e-02
7.621665e-02
2.006674e-05
3.584860e-02
2.246789e-01
4.960034e-03
3.091828e-06
1.567141e-02
9.868181e-02
9.650051e-04
1.626622e-03
6.879547e-01
1.586224e-02
1.013654e-02
1.303147e-01
5.523845e-02
1.644176e-01
3.320578e-04
6.384675e-02
1.939076e-01
2.928118e-01
1.521147e-02
2.438723e-02
8.124726e-05
3.276627e-02
1.608137e-02
2.786148e-04
1.157777e-04
6.540848e-02
1.372539e-01
1.322093e-03
1.524727e-01
1.299813e-01
2.298871e-01
3.307230e-02
1.308914e-02
3.930137e-03
7.929096e-03
7.372225e-02
1.027140e-01
7.242822e-02
3.349715e-02
4.480870e-02
1.833870e-01
1.476791e-01
4.388372e-03
2.863315e-02
7.271681e-04
1.350742e-01
1.318806e-02
3.588514e-03
4.987236e-02
5.617016e-01
6.600424e-01
5.889502e-01
6.112883e-03
3.303547e-02
1.121193e-02
5.378587e-02
1.228958e-02
7.238903e-03
4.722052e-04
1.079506e-03
3.009412e-02
4.607816e-03
5.036888e-02
1.139932e-02
1.860577e-02
9.634980e-04
7.028683e-03
2.562093e-03
4.325194e-04
1.392817e-01
1.705649e-02
5.294536e-02
1.587942e-02
2.261889e-01
2.056391e-02
3.210471e-03
5.583314e-04
3.088331e-03
1.266741e-02
2.713917e-03
1.778904e-02
3.191262e-02
6.207642e-02
1.318701e-01
5.142603e-04
6.028555e-02
9.425545e-02
6.843412e-02
2.300808e-02
1.899121e-07
1.375642e-03
3.843598e-02
5.014723e-03
1.555091e-02
8.891222e-02
2.723559e-02
5.726830e-02
2.002802e-02
1.048779e-02
1.060846e-01
2.791106e-02
1.973592e-02
1.202170e-02
1.339739e-02
2.523093e-02
8.683057e-04
6.948588e-02
7.099823e-03
3.183472e-01
2.101578e-02
7.415992e-03
1.700186e-01
2.424758e-04
6.833685e-02
1.999979e-02
4.229202e-03
1.004932e-01
3.569287e-02
1.814061e-04
1.008926e-01
1.223248e-01
6.298983e-03
1.296157e-01
9.622634e-02
1.016237e-03
3.232107e-02
1.794036e-01
1.068491e-08
6.799887e-02
1.646458e-01
3.032001e-02
6.762983e-04
1.707494e-02
5.013822e-02
1.101309e-03
6.639626e-02
