1.506068e-03
6.954193e-03
3.013084e-03
2.778508e-01
6.607520e-02
9.038137e-03
2.430733e-03
6.219195e-04
1.625847e-01
1.009378e-02
1.989937e-02
1.689774e-02
8.144355e-02
2.377182e-03
1.196887e-05
2.169144e-02
9.383285e-03
2.715586e-04
4.370583e-03
1.901802e-01
1.838085e-04
4.270498e-03
3.113832e-03
2.741917e-01
2.055689e-02
6.141796e-04
1.903557e-03
1.993121e-02
9.375968e-02
3.082413e-04
9.283210e-04
4.554806e-03
7.485026e-03
3.358142e-05
1.040616e-01
3.473995e-03
1.192325e-01
2.975535e-02
2.108058e-02
8.140707e-03
4.225939e-02
3.993640e-04
1.393684e-01
2.161496e-02
5.737528e-03
1.646012e-01
8.756874e-04
6.139750e-03
1.077768e-02
8.452269e-03
1.681934e-01
5.611253e-03
6.213645e-04
5.332620e-03
6.064943e-04
1.462326e-01
4.961179e-02
4.934335e-04
3.016398e-01
5.953835e-03
7.876394e-02
5.860724e-02
3.955998e-02
6.844238e-03
1.034183e-02
1.339527e-01
1.766935e-01
3.829348e-02
2.657341e-03
3.168913e-02
4.863515e-02
3.790365e-04
1.351290e-01
1.111376e-03
9.247807e-03
2.086316e-01
5.845841e-02
2.896063e-01
5.914407e-02
9.125818e-02
3.038282e-05
1.246866e-01
1.422253e-02
7.152566e-02
1.458014e-03
2.010576e-01
2.354666e-03
4.173319e-02
1.768154e-03
1.074327e-01
4.166665e-03
2.000208e-01
8.938952e-02
7.729452e-05
1.640174e-01
1.073738e-01
5.667266e-03
2.784839e-02
1.032565e-01
9.560477e-02
2.177557e-01
1.046458e-02
1.396153e-01
7.796025e-02
8.523880e-03
8.480107e-04
1.740408e-01
3.983025e-03
1.557061e-03
1.350605e-01
2.117694e-01
3.663900e-01
1.338299e-01
2.648982e-05
1.784758e-04
1.330709e-05
2.404346e-05
7.329572e-03
6.072121e-05
3.051737e-02
3.547495e-04
2.247084e-07
4.587800e-03
9.606888e-02
2.624979e-03
1.336117e-03
1.747192e-02
1.690132e-02
1.372736e-01
9.746451e-02
4.121493e-02
2.627096e-02
1.678372e-05
4.322000e-02
4.832363e-02
2.313710e-02
1.533679e-03
3.497815e-02
9.285622e-03
2.994373e-03
2.498683e-02
7.653893e-02
9.872490e-04
1.499994e-02
1.211649e-01
2.413828e-01
2.605545e-03
9.458831e-02
5.944568e-02
1.935213e-05
6.265418e-03
4.534721e-02
1.817697e-02
1.577275e-01
2.578247e-02
1.612248e-05
2.467936e-02
1.067554e-01
1.205338e-03
9.628592e-02
3.807318e-04
3.352256e-03
1.732392e-02
7.087995e-03
5.595239e-02
1.557780e-01
1.601470e-01
4.641495e-02
2.143736e-02
1.376424e-02
5.256490e-02
2.935532e-02
2.983418e-02
3.092520e-02
2.443135e-02
1.135590e-01
2.524614e-01
9.941551e-03
3.275301e-05
6.466602e-02
9.151432e-02
8.717023e-03
4.526521e-01
3.396979e-04
3.560287e-02
1.206480e-01
3.355967e-02
6.480727e-03
1.325577e-07
1.205405e-04
2.408478e-03
1.396348e-02
2.608058e-02
7.249344e-02
8.113378e-02
3.244706e-03
6.163838e-03
1.306002e-01
1.353625e-02
9.163266e-03
1.100182e-01
1.850490e-02
3.559012e-01
5.915897e-01
1.285384e-01
1.868118e-02
1.897753e-02
3.331137e-02
7.354887e-03
8.406111e-03
1.883858e-02
5.774138e-02
8.086825e-03
8.483859e-02
4.884211e-04
7.543179e-02
9.213670e-02
2.148804e-01
1.336727e-01
2.134618e-03
2.924911e-03
1.869318e-02
4.299134e-02
3.524702e-02
1.227194e-03
3.100144e-01
7.180211e-03
1.782214e-03
1.395192e-05
2.785469e-03
1.323393e-02
3.466266e-02
8.318501e-03
7.829797e-06
1.820428e-03
1.243507e-01
1.257852e-02
1.315816e-05
3.491953e-02
1.102530e-03
9.060621e-02
1.351996e-03
3.470731e-02
3.868926e-03
1.967635e-04
2.355350e-02
5.146090e-02
3.460139e-03
3.513664e-03
2.862391e-03
2.210540e-02
7.853161e-02
8.203587e-02
1.351976e-01
6.945876e-03
5.554099e-03
1.086806e-01
2.845030e-02
1.808943e-01
7.440916e-03
3.500037e-02
8.552696e-02
6.011763e-03
2.729979e-02
1.640364e-03
1.405117e-01
4.228924e-03
9.047012e-02
2.544625e-02
1.668266e-02
6.839465e-04
2.602373e-02
1.963249e-05
8.675765e-03
2.110740e-01
5.469978e-02
1.353865e-03
2.096126e-01
4.506566e-04
1.335297e-01
1.900508e-01
4.033641e-02
1.555329e-03
1.460115e-01
9.598398e-02
4.746046e-02
1.901549e-01
5.970073e-02
2.979403e-01
4.274707e-01
1.170945e-02
1.474543e-02
1.172560e-03
6.083520e-02
1.333337e-02
4.668411e-02
2.920227e-02
1.029041e-01
5.480514e-03
1.276536e-02
7.647639e-02
2.526550e-02
1.632599e-02
2.020762e-01
1.713529e-02
3.733511e-03
1.340017e-02
2.647819e-02
2.985822e-04
9.776445e-02
1.305250e-04
4.592643e-02
1.403429e-01
5.086409e-03
2.933250e-02
2.044269e-01
8.023247e-03
1.116397e-03
5.176696e-02
1.225955e-03
2.198550e-02
7.896512e-04
3.579664e-03
1.826456e-03
5.363866e-03
2.087885e-01
1.485883e-01
9.312676e-03
1.456421e-01
4.852747e-04
2.596269e-02
2.022871e-02
1.351113e-01
9.949307e-02
1.304397e-01
2.065066e-01
4.494804e-02
3.170025e-03
8.665630e-02
7.168828e-02
2.089321e-02
2.292228e-03
1.540740e-03
6.662795e-05
1.778586e-01
2.121156e-02
2.946170e-04
1.120359e-03
1.782099e-01
5.708002e-04
6.000137e-02
3.692251e-02
2.388824e-03
6.344461e-02
2.592493e-02
3.781907e-02
1.109051e-01
1.010281e-02
2.248781e-03
1.314114e-01
3.861664e-05
9.936024e-02
6.463587e-03
1.066053e-01
1.852026e-01
1.618804e-03
8.002398e-02
6.270453e-02
2.419863e-02
1.355800e-02
1.212391e-02
3.695309e-01
9.804366e-03
1.522292e-02
1.449616e-02
7.415719e-02
1.097842e-01
5.664665e-03
3.171846e-02
4.139861e-02
6.680872e-03
5.937374e-03
1.094408e-02
3.957838e-03
6.197961e-02
2.872525e-02
7.372956e-02
2.313036e-01
1.447611e-02
9.471946e-05
2.810438e-01
1.296150e-02
3.609989e-02
5.157840e-03
3.057469e-02
9.221485e-03
1.247676e-01
1.152513e-02
3.249873e-01
1.711682e-03
2.019912e-02
1.868914e-03
9.398428e-03
9.915037e-02
7.686911e-02
1.931994e-02
9.367663e-03
6.928124e-03
5.578468e-02
1.057330e-02
4.850952e-03
7.242444e-05
1.346974e-01
2.361842e-03
4.918606e-03
1.365609e-02
8.800231e-03
1.190435e-02
1.112991e-03
5.128919e-02
1.185858e-02
1.726554e-02
8.638790e-03
7.068417e-02
5.096272e-02
1.497068e-04
2.683694e-01
2.508849e-02
1.714968e-02
3.296857e-05
5.603999e-02
1.951289e-02
6.730708e-02
5.765359e-02
1.215434e-02
1.077422e-03
2.586675e-02
1.044633e-01
2.924508e-02
2.275498e-03
6.122609e-03
1.340032e-01
4.176030e-03
2.888806e-02
1.525422e-02
2.990740e-03
5.875453e-06
4.643888e-02
4.516392e-02
1.797343e-02
5.056958e-02
6.110089e-02
1.171970e-01
4.473577e-03
2.565437e-02
3.759986e-03
9.987567e-06
5.028807e-03
5.136327e-05
1.147399e-02
5.884923e-03
4.048499e-02
3.108819e-02
9.284242e-02
7.578691e-03
1.415138e-02
6.045186e-02
2.934727e-02
2.608531e-02
1.681154e-02
1.527990e-02
1.058910e+00
5.110343e-02
2.790634e-02
3.058566e-03
8.593894e-02
3.625408e-02
8.922729e-03
9.506290e-04
2.642895e-02
1.725180e-01
5.570175e-02
1.242572e-01
3.753885e-02
5.927936e-02
2.202399e-04
1.509611e-01
1.916965e-02
8.346940e-02
4.080806e-02
5.680141e-03
5.879342e-02
1.507143e-01
4.960145e-02
2.230784e-02
1.920048e-02
5.655292e-03
4.710669e-03
4.147309e-03
3.527811e-03
2.556734e-04
1.680703e-02
7.722298e-03
4.500800e-02
2.753708e-01
3.761653e-02
3.100543e-03
2.872749e-01
1.124351e-01
2.366396e-02
8.870096e-02
1.221197e-02
3.444242e-03
4.165111e-02
1.770711e-01
1.243625e-03
3.593701e-02
2.229608e-01
2.210044e-02
3.213873e-03
3.881145e-02
2.313151e-02
8.490088e-02
1.998723e-01
4.459340e-02
1.541153e-01
2.574088e-04
3.045080e-03
1.354354e-02
8.640060e-06
1.561106e-02
1.340656e-01
4.468507e-02
1.045921e-01
4.718000e-01
5.795462e-03
1.073580e-03
1.202229e-01
2.052131e-03
9.870815e-03
5.876723e-01
2.519526e-02
8.748196e-02
2.620004e-01
6.055899e-03
4.814581e-03
5.702469e-02
1.093673e-01
1.756825e-01
1.365798e-05
9.790167e-03
1.176949e-01
9.929253e-03
6.562592e-02
4.060362e-04
5.149130e-02
1.771756e-02
9.355406e-03
3.482652e-03
1.605732e-02
1.701298e-02
3.534518e-02
7.983917e-03
5.641643e-02
2.208750e-01
2.053118e-02
7.535010e-02
8.340217e-02
1.415905e-02
3.894090e-02
1.772154e-02
1.377741e-02
3.063556e-02
5.811985e-03
3.122154e-02
1.684289e-02
1.274499e-01
6.310711e-02
9.561021e-02
6.557780e-02
1.208599e-03
4.403642e-02
3.976893e-02
5.914168e-02
3.182625e-02
7.768046e-02
2.483877e-02
2.270497e-04
1.130291e-04
1.156072e-01
6.954463e-02
2.379940e-02
3.886087e-02
1.069912e-01
