2.388043e-02
7.376670e-02
6.370363e-02
1.002488e-01
2.386324e-01
7.606049e-02
8.151149e-02
7.423153e-02
3.354326e-03
5.584087e-02
1.217841e-02
4.100293e-03
3.373170e-04
5.538684e-03
4.315227e-02
1.324231e-02
3.753137e-03
1.146373e-02
1.140417e-01
1.832950e-01
1.512639e-02
7.744990e-02
4.680310e-03
2.858853e-02
6.521436e-02
1.750629e-04
4.959651e-02
1.874033e-02
7.468678e-02
1.428959e-03
7.763909e-02
1.761641e-02
2.308853e-04
1.048175e-01
1.061207e-03
7.051007e-03
2.542736e-02
1.087112e-01
1.276284e-03
1.587781e-02
1.420533e-03
2.170428e-02
9.672956e-02
7.060270e-02
2.553865e-01
7.625294e-03
1.125801e-03
1.898933e-01
7.266907e-02
4.099983e-02
2.117764e-01
2.218259e-02
3.316797e-02
1.388186e-01
6.337061e-02
1.023532e-03
1.752828e-02
2.739325e-02
1.385400e-02
1.147733e-01
3.428469e-01
2.287811e-02
3.486686e-03
1.130711e-02
6.039738e-03
6.746205e-04
3.797852e-02
1.927190e-01
2.346207e-03
2.699320e-02
1.232936e-01
1.324139e-02
1.052340e-04
2.624491e-01
1.073810e-02
5.003876e-02
1.798248e-02
1.212755e-01
3.185881e-02
2.124246e-03
1.799307e-02
1.445672e-01
5.545280e-03
1.499697e-02
6.871865e-03
2.721618e-02
3.658933e-02
6.700615e-02
1.517722e-04
7.193921e-03
1.830598e-03
3.772623e-02
4.807451e-02
2.418040e-01
4.469809e-03
9.058961e-02
3.682715e-02
1.684866e-02
7.480724e-02
8.104026e-02
4.170205e-03
4.268294e-02
3.333848e-01
7.413015e-02
8.719839e-03
6.497031e-03
4.174359e-02
1.497220e-02
2.567375e-02
1.469844e-02
2.623159e-01
1.672580e-03
6.451828e-02
4.935656e-02
1.316599e-01
8.673109e-04
1.748036e-02
1.501562e-01
1.660882e-01
5.202380e-05
2.033030e-01
1.188605e-02
1.081874e-01
2.574701e-04
6.263639e-05
1.615202e-02
5.339451e-03
2.142040e-03
5.087003e-02
7.885926e-02
1.290568e-03
5.463969e-02
2.393490e-02
7.269527e-02
2.434258e-02
2.031007e-02
5.881686e-03
9.656537e-02
2.725078e-02
6.102210e-02
3.023756e-02
1.102244e-02
1.490074e-03
4.021358e-03
1.651907e-02
2.595734e-04
1.028518e-02
2.365515e-09
7.979800e-02
1.848431e-02
4.946487e-02
8.131812e-02
1.840890e-04
3.621739e-02
6.053729e-02
1.453875e-01
2.534929e-01
5.196008e-02
3.473328e-03
1.610878e-02
2.002846e-03
5.016876e-03
1.964603e-03
2.462360e-02
4.299372e-03
5.537875e-02
4.994824e-02
2.539607e-03
3.220023e-02
1.713049e-02
6.483230e-06
8.969588e-02
2.720278e-02
2.507067e-01
3.899724e-05
1.764014e-01
2.769886e-02
4.853645e-02
7.258645e-03
1.624416e-03
4.006326e-02
1.963573e-02
7.098240e-02
3.725423e-02
8.358425e-03
2.683607e-02
2.309136e-02
1.426779e-01
4.274113e-03
1.740859e-02
6.949651e-02
2.177582e-01
3.925785e-02
3.842983e-02
1.878929e-01
9.801680e-02
1.812433e-02
6.081612e-05
2.296715e-03
1.071083e-02
1.104240e-01
7.669312e-03
3.053173e-01
6.541382e-03
4.537223e-02
3.984510e-01
2.480596e-06
2.549303e-03
5.244832e-04
5.526607e-02
1.726758e-02
4.248981e-05
7.666115e-02
2.788959e-02
1.089382e-03
6.680076e-02
2.066153e-02
2.995994e-05
2.544119e-03
1.894005e-02
7.830405e-02
5.590036e-05
1.977332e-02
9.572014e-04
7.755200e-02
6.938236e-02
1.650422e-03
1.178385e-01
2.749246e-02
8.102789e-04
5.410234e-06
1.831921e-01
1.441406e-03
4.278013e-02
2.124840e-03
1.038396e-04
1.062164e-02
1.415300e-01
2.447518e-02
1.179851e-04
7.089048e-04
5.492671e-03
3.043076e-02
1.443250e-01
1.089820e-01
1.399780e-02
2.641016e-02
7.818709e-03
1.819166e-01
1.854489e-02
6.994652e-03
3.494627e-02
3.254603e-03
2.388672e-02
1.907673e-02
7.046470e-03
5.003936e-02
3.240092e-03
1.738005e-03
1.672798e-01
3.956819e-02
3.212890e-04
2.505663e-01
1.550023e-01
1.611629e-03
1.102101e-02
5.096843e-02
2.250152e-03
2.967533e-02
7.982597e-02
1.205899e-02
3.752817e-02
1.068916e-02
2.699807e-02
5.731723e-02
1.443139e-02
1.983759e-04
2.441489e-02
9.466416e-04
6.936588e-03
8.664264e-03
3.629984e-02
3.706429e-02
2.389726e-02
2.902212e-03
5.310289e-02
2.072593e-02
1.005178e-02
1.676266e-01
4.275675e-01
9.046849e-02
3.609767e-03
4.600932e-02
3.532608e-02
2.916799e-03
1.698844e-03
1.763608e-04
2.435416e-02
8.593252e-02
5.166813e-02
4.863149e-03
4.069156e-03
1.594971e-02
5.356724e-03
4.393085e-02
6.586123e-02
6.711078e-03
1.194778e-02
2.336615e-01
1.583552e-01
1.607674e-02
1.732549e-03
3.271787e-04
1.068704e-01
2.965625e-04
7.336741e-03
1.063250e-02
2.215754e-01
2.339832e-06
8.030125e-02
1.919330e-02
7.135419e-02
1.689288e-01
2.772567e-02
1.158588e-02
1.175424e-02
7.061650e-03
2.929701e-02
3.944894e-02
1.170845e-06
1.796994e-02
1.171216e-01
5.618780e-03
1.147779e-01
6.452773e-02
1.776015e-01
6.027384e-02
2.558274e-02
9.355158e-02
1.295174e-02
8.303573e-04
6.090821e-02
8.099844e-02
1.096268e-02
5.492594e-02
2.783765e-03
1.330527e-02
8.881445e-04
8.042389e-02
1.492130e-03
3.521061e-02
7.906330e-03
5.035222e-03
1.938245e-02
3.791474e-02
1.352727e-02
5.808491e-02
5.103886e-04
3.171507e-03
3.574123e-04
3.426284e-02
1.138061e-02
1.810480e-03
4.528038e-03
2.254894e-02
7.013279e-04
6.064529e-04
2.431581e-06
7.204049e-05
5.575599e-04
2.458731e-04
3.104048e-04
1.863392e-02
1.631903e-02
8.029385e-02
5.470447e-05
5.717616e-02
6.547166e-02
2.124180e-02
9.917403e-03
7.403888e-02
4.114159e-02
3.539725e-02
1.574835e-02
2.009719e-02
2.198670e-03
1.824618e-03
1.245114e-02
1.130926e-01
1.428910e-02
2.764883e-02
5.459349e-02
1.398354e-01
4.947147e-02
4.764589e-03
1.570866e-01
1.570267e-01
5.832189e-02
6.584476e-02
3.819200e-03
7.251938e-02
1.025251e-09
6.842288e-02
2.144503e-01
2.429576e-01
8.281460e-02
1.076335e-01
3.359059e-02
1.104803e-02
9.418263e-02
9.734119e-03
4.420127e-02
6.723708e-02
1.146493e-01
2.704618e-03
2.758350e-02
3.389244e-01
8.915871e-02
6.341503e-03
7.395140e-03
3.535562e-02
1.239270e-02
4.848375e-03
9.569419e-05
1.133422e-01
4.072950e-03
7.373716e-03
1.075775e-02
2.068886e-02
3.706313e-03
4.457944e-03
2.796129e-03
9.551201e-03
2.125434e-02
1.790204e-02
6.172037e-02
1.103397e-03
8.709006e-02
5.533357e-02
1.592255e-01
4.053775e-02
8.393772e-02
6.187560e-02
2.270453e-02
2.646377e-02
7.596206e-02
3.351172e-02
2.151200e-02
6.642768e-02
9.755599e-03
7.716916e-03
1.011761e-01
1.023739e-02
5.954281e-02
5.576555e-02
4.778216e-03
1.091020e-01
5.195038e-02
1.419497e-02
1.094371e-01
2.799267e-02
4.082909e-04
1.178718e-01
2.763693e-04
1.675825e-01
1.634241e-01
2.516477e-02
1.732887e-02
1.760452e-01
1.616416e-03
1.248964e-01
4.450583e-02
5.216549e-03
8.413147e-02
6.355517e-03
3.844893e-03
1.353044e-02
5.519541e-02
4.717512e-01
1.084168e-02
9.342221e-06
1.053987e-01
1.735395e-01
4.036773e-03
3.862965e-03
2.520368e-02
3.742619e-02
3.740612e-05
2.441470e-01
8.998095e-03
4.257365e-02
5.814787e-02
9.949430e-03
4.468951e-02
7.397364e-02
5.340175e-02
4.171779e-03
4.674558e-02
3.976874e-01
9.796672e-02
4.020072e-02
3.696868e-02
2.435085e-02
1.847382e-02
9.753851e-04
1.092228e-02
1.291408e-02
1.939627e-04
2.894453e-02
1.208397e-03
2.190734e-02
2.622992e-01
5.570936e-03
3.192407e-03
4.856074e-02
1.482327e-01
1.848182e-04
6.857645e-02
4.157726e-02
8.175812e-05
2.377025e-02
1.029683e-04
1.550662e-02
2.829502e-02
9.253383e-03
1.042876e-05
2.125109e-03
2.764123e-03
1.296017e-01
1.396296e-02
1.701380e-01
4.228037e-02
4.252633e-03
5.914617e-06
1.047186e-02
3.256209e-02
4.770687e-02
5.351764e-03
1.470034e-02
7.397669e-03
1.228820e-01
6.259595e-03
5.506619e-04
2.390450e-03
3.675771e-02
1.695320e-02
1.624995e-03
9.770259e-02
8.624026e-03
1.119481e-01
1.713782e-04
1.227671e-04
6.770376e-03
2.333589e-02
1.745253e-01
4.348902e-02
5.009856e-03
2.541501e-02
1.146819e-01
1.147849e-01
5.109835e-02
1.657134e-02
1.919564e-04
1.883235e-03
1.521871e-02
4.352748e-02
2.362929e-01
1.462014e-01
5.746133e-02
2.415546e-02
4.824449e-02
2.178720e-01
1.154349e-01
8.933918e-02
5.078394e-02
2.019556e-01
1.125521e-01
8.478816e-04
1.731667e-03
1.674060e-01
3.806529e-02
1.528512e-02
4.257894e-03
6.203803e-03
2.886632e-02
2.776267e-02
2.637000e-02
1.593197e-02
1.609803e-01
1.731357e-01
2.459891e-02
4.768988e-03
7.629603e-03
6.264096e-03
