7.778738e-02
4.439060e-02
3.101065e-02
8.057370e-02
2.184906e-02
2.800742e-04
6.757092e-05
3.785406e-03
1.657646e-01
1.744435e-02
1.914866e-03
9.237087e-02
8.582658e-02
2.292110e-02
1.057835e-01
2.966769e-03
1.055385e-01
4.600174e-03
5.345344e-03
2.637743e-02
2.130439e-04
4.538037e-02
7.141153e-03
1.329897e-03
1.330815e-02
1.602747e-01
5.614622e-03
3.137790e-03
3.101109e-02
8.364097e-02
1.499437e-01
6.336218e-02
1.754399e-03
4.763187e-02
5.673838e-03
4.631370e-03
6.561641e-04
3.147085e-02
1.053930e-01
4.238389e-02
1.732946e-02
8.601077e-03
9.414563e-02
1.038250e-03
7.297802e-02
1.401321e-01
3.602721e-02
1.159110e-01
4.790560e-02
6.460505e-04
7.722431e-02
2.175003e-03
3.850188e-02
1.641931e-01
8.102473e-03
3.867566e-02
2.323025e-02
6.770811e-03
3.525002e-02
6.043754e-03
1.160843e-02
7.684154e-03
1.330821e-03
2.104086e-02
7.531210e-02
8.825232e-02
1.158436e-01
5.807159e-02
6.985307e-02
1.662955e-01
2.362548e-03
1.536148e-05
7.512137e-03
2.148301e-03
1.571249e-01
2.086488e-01
1.804321e-01
4.304169e-03
4.752936e-02
1.711032e-01
1.587340e-02
7.301696e-02
1.588279e-02
3.406090e-03
1.290751e-03
4.003654e-02
1.861430e-03
2.722540e-01
5.565340e-02
2.011922e-02
3.695938e-03
4.258124e-02
2.063343e-02
1.878610e-02
1.416364e-02
5.604979e-03
1.800411e-02
8.717325e-02
1.473501e-01
4.822848e-04
4.420250e-07
1.778365e-04
4.822692e-02
4.733809e-02
1.151553e-01
3.522006e-02
1.869314e-02
3.426159e-02
1.293338e-01
4.300855e-02
1.727619e-01
1.458867e-02
6.371104e-02
1.658874e-01
1.896266e-01
9.081503e-03
5.307378e-04
1.636991e-03
2.782425e-02
3.421033e-05
3.026354e-02
1.022377e-01
9.367095e-04
9.493576e-02
1.528453e-02
4.070873e-06
5.440778e-03
2.302787e-02
4.787249e-02
3.117327e-02
6.132729e-02
2.358614e-02
2.549429e-02
8.210618e-04
1.602004e-03
1.036178e-01
1.596920e-02
5.024963e-03
8.293195e-02
1.346051e-02
2.472176e-02
2.618800e-02
3.021536e-04
5.347607e-04
9.004916e-02
7.993186e-02
5.536890e-05
3.806360e-04
2.652402e-01
6.318748e-02
8.299570e-03
1.064157e-01
1.847025e-02
2.664727e-03
5.845432e-03
3.623105e-02
7.903619e-03
1.488021e-01
5.353940e-02
4.654073e-01
8.140377e-02
1.541061e-02
5.021954e-02
1.328274e-02
5.885218e-03
7.617223e-01
2.792281e-02
3.286793e-02
8.625042e-02
1.654512e-02
2.082403e-01
9.226052e-02
6.857806e-02
3.144510e-02
9.080488e-05
5.138598e-02
1.278497e-02
1.479361e-01
1.955527e-01
1.512051e-02
4.090709e-03
7.053606e-02
3.485691e-02
1.919948e-01
3.429417e-02
1.397505e-02
4.089085e-02
1.722135e-02
5.289759e-03
1.396572e-02
7.599138e-01
1.093102e-01
5.626000e-03
2.997134e-03
6.402061e-05
6.922955e-04
6.015796e-03
6.437556e-02
8.024941e-03
1.879402e-02
5.759380e-02
2.579277e-02
4.126432e-03
5.937702e-02
2.028684e-01
1.541549e-04
1.107587e-03
2.229376e-02
2.632493e-04
6.719896e-03
1.286817e-01
6.134890e-02
2.159055e-03
9.999113e-02
3.399999e-02
7.021613e-02
2.483182e-02
6.892571e-02
7.591709e-02
2.726362e-04
5.269378e-02
4.815808e-03
8.197958e-05
5.074072e-02
3.945245e-03
1.208191e-02
1.533284e-01
1.316786e-02
5.838704e-02
2.208181e-02
4.686239e-02
1.055355e-01
3.847212e-04
1.805382e-02
2.666269e-02
2.622298e-02
1.257063e-02
1.185533e-01
5.498643e-03
3.130230e-03
4.789879e-02
6.925820e-02
9.000988e-01
5.889834e-02
2.483707e-01
9.010662e-02
6.870371e-02
3.394344e-02
5.568313e-02
4.315041e-02
2.693546e-03
2.163442e-02
1.550898e-03
1.997158e-01
1.402039e-04
1.394813e-03
5.099950e-02
3.732788e-04
3.408938e-03
7.875479e-03
2.659212e-02
1.062093e-01
7.088575e-02
2.921611e-02
1.077227e-02
1.250181e-03
5.645842e-03
2.886037e-03
1.089984e-03
1.219652e-02
3.337768e-02
3.075181e-03
8.220749e-02
6.850940e-02
7.537919e-04
4.383702e-01
6.943886e-02
8.358247e-04
4.645379e-03
1.406472e-02
1.861578e-02
2.990696e-02
4.644566e-02
1.559947e-01
7.816422e-02
1.905333e-01
5.207243e-05
4.342850e-04
2.516225e-02
8.933934e-03
1.655614e-02
5.917033e-02
8.578475e-02
1.885605e-02
6.570660e-03
2.878457e-02
2.649529e-03
4.555815e-03
3.404155e-02
9.325393e-02
1.055956e-02
2.766977e-02
1.638198e-01
1.053811e-01
8.965548e-03
5.175085e-02
1.451823e-01
2.828098e-03
1.669342e-02
3.808712e-05
3.107061e-02
3.937238e-03
1.044304e-04
2.592081e-03
1.923861e-01
5.920896e-03
1.777687e-01
1.352994e-01
1.569238e-01
1.820522e-03
1.661245e-01
1.189377e-01
1.987097e-03
4.461696e-02
1.999277e-02
1.179053e-01
3.426003e-03
1.081566e-02
3.891438e-02
1.329321e-01
2.144063e-01
5.006167e-05
1.440164e-02
9.837356e-03
6.363650e-03
1.362926e-04
3.050313e-02
8.939552e-02
4.584957e-02
3.438929e-04
2.476739e-02
2.303261e-01
1.509851e-01
1.937845e-01
3.739252e-03
7.599575e-03
1.770692e-01
1.516418e-01
2.590371e-01
8.847348e-03
4.598347e-03
1.965422e-03
5.759135e-02
3.061135e-01
4.590786e-03
3.528292e-02
4.899369e-03
7.737528e-04
1.158844e-01
1.154128e-02
8.548449e-02
1.932004e-02
8.076565e-05
6.405410e-03
4.411762e-04
7.849903e-02
1.510997e-03
4.955430e-02
4.015697e-02
6.737427e-02
2.159767e-03
2.444110e-04
1.494383e-01
4.002270e-02
8.927771e-02
1.958549e-01
2.839566e-02
6.780135e-02
1.168177e-03
3.754952e-03
1.256425e-01
7.787938e-03
2.175804e-04
2.108896e-02
5.706379e-02
2.165496e-04
5.605679e-01
1.404863e-02
5.947574e-05
1.168560e-02
1.624152e-02
1.065213e-02
2.621278e-02
2.056177e-02
3.129226e-03
6.037962e-02
6.745320e-03
3.305308e-01
2.568343e-02
2.712409e-02
9.912588e-02
2.143753e-01
2.910158e-02
9.930793e-05
3.415385e-03
3.532459e-02
9.805160e-03
5.887432e-02
1.230745e-01
3.669803e-03
1.050152e-03
8.785768e-02
9.880709e-03
5.127080e-03
5.662814e-05
2.442637e-03
1.151587e-02
4.307427e-03
6.403325e-05
8.229028e-02
9.524175e-02
6.338976e-02
1.326795e-02
8.513638e-04
4.025304e-02
6.834871e-04
1.092281e-02
1.937123e-03
8.950019e-03
8.193557e-04
2.548824e-02
4.720926e-02
7.716551e-03
1.633529e-02
9.548985e-03
3.449928e-02
3.557313e-01
2.269147e-01
2.282435e-02
3.900867e-02
5.223426e-03
1.929410e-03
8.268556e-02
8.412452e-03
8.006491e-02
1.019180e-03
4.752334e-03
9.779060e-05
8.535234e-02
7.479037e-03
1.309371e-01
1.497150e-01
1.808855e-01
4.837066e-02
1.836026e-03
1.390557e-01
5.911124e-02
1.665251e-01
2.052084e-01
1.325554e-02
1.001161e-01
5.078778e-02
4.596594e-01
5.353855e-04
7.365237e-02
1.422087e-05
7.359824e-02
1.185831e-02
1.380577e-01
3.066120e-02
5.232773e-02
3.421450e-01
1.534729e-02
7.482874e-03
1.218867e-01
7.623523e-02
4.172113e-03
3.426759e-02
7.560139e-02
1.360049e-03
1.595914e-02
3.306157e-02
1.940127e-01
5.197890e-02
3.131608e-03
1.427392e-01
2.682237e-03
4.970218e-04
1.228769e-01
4.542277e-02
1.644818e-03
1.777052e-02
1.169064e-02
5.675897e-02
3.368494e-01
1.460714e-01
1.324741e-03
2.880704e-01
8.290708e-03
5.587454e-02
1.714833e-03
7.592006e-02
2.134738e-01
2.952453e-04
6.365445e-02
1.660907e-01
3.216757e-04
3.106457e+00
6.592212e-02
5.525986e-03
1.241301e-03
2.045209e-02
1.138467e-01
8.473564e-02
1.010121e-01
6.262036e-02
6.021260e-04
1.119063e-03
9.782221e-03
7.107597e-03
1.473390e-02
1.416710e-02
3.815480e-03
5.874475e-02
1.132451e-04
3.157042e-01
2.252038e-03
4.862454e-04
7.137385e-02
8.960079e-02
1.169201e-04
2.280056e-01
4.610285e-02
2.535645e-03
1.917839e-02
8.840798e-02
1.574090e-01
8.556233e-03
1.591558e-02
8.396917e-03
1.249831e-01
3.221839e-02
6.550786e-03
2.597585e-02
4.192367e-02
7.498762e-04
2.178347e-02
1.812466e-02
1.429774e-03
1.914751e-02
6.161909e-03
7.075343e-03
4.025746e-03
4.463741e-03
3.995154e-02
1.115457e-02
1.971362e-02
2.518000e-02
8.881916e-03
2.624725e-03
1.254373e-01
1.350974e-02
1.756334e-01
3.393616e-02
4.695952e-02
1.209787e-01
9.754521e-02
1.128934e-02
3.069738e-01
6.452607e-03
7.850768e-03
2.893805e-02
1.629946e-01
9.702613e-03
4.838212e-02
3.918490e-04
2.918597e-02
2.258519e-02
6.400374e-02
3.331461e-02
1.788103e-03
2.277782e-03
4.297023e-03
2.102837e-02
3.026560e-02
1.068993e-01
1.582115e-02
2.089063e-03
7.166485e-02
9.915749e-02
1.392224e-02
4.544945e-02
3.072509e-02
5.715374e-02
