7.790384e-04
1.962387e-01
1.021911e-03
9.898809e-02
1.536273e-03
1.503002e-02
1.396077e-03
7.828707e-02
2.309279e-04
5.459114e-03
1.295702e-03
7.447164e-02
2.313782e-02
1.981433e-02
1.307343e-01
7.850986e-04
1.622849e-01
3.091216e-02
6.864771e-02
2.090464e-02
1.731078e-04
6.618420e-02
5.703410e-03
6.838874e-04
1.513936e-02
2.174277e-02
5.022138e-02
6.907720e-02
1.169020e-03
2.935089e-03
4.904413e-02
1.054143e-01
2.473187e-02
4.970298e-03
3.103439e-01
6.522148e-01
7.433422e-03
5.920801e-02
1.573572e-02
3.783611e-03
2.447415e-02
1.273260e-02
9.113939e-02
8.144936e-03
1.193029e-02
2.126568e-02
5.191373e-03
2.206701e-02
3.860115e-02
1.574684e-02
1.511526e-03
3.338483e-02
3.018295e-02
9.334809e-03
9.961625e-03
3.045709e-02
4.648620e-06
5.721194e-02
3.909186e-02
2.355650e-02
7.869008e-03
1.460744e-01
1.550491e-04
6.219745e-03
5.540424e-02
4.726190e-02
2.190748e-03
1.064569e-02
8.849914e-04
2.400773e-01
6.799138e-02
7.567185e-03
4.367912e-03
4.734496e-03
3.090021e-02
7.965858e-02
1.352032e-01
2.487453e-04
1.448407e-03
1.895266e-01
3.659742e-02
1.841505e-04
4.510443e-03
1.699067e-04
8.091907e-03
1.608619e-02
4.133420e-02
5.823153e-02
1.332751e-02
2.585127e-02
2.782237e-02
7.390527e-03
3.706498e-02
1.008191e-02
5.678542e-03
7.573390e-02
1.794150e-02
6.433911e-02
1.619287e-03
2.961774e-02
1.105440e-04
2.266969e-02
1.159492e-01
1.251377e-01
1.355456e-04
1.878779e-03
2.792339e-01
4.033633e-02
1.166790e-02
9.065524e-02
9.023055e-03
1.370447e-01
1.150490e-04
1.371140e-01
1.185380e-03
3.782699e-03
8.980924e-02
5.972692e-04
1.971895e-03
7.045786e-03
8.771396e-04
3.125486e-02
3.400738e-02
9.893329e-02
4.613889e-02
5.143082e-02
4.954793e-02
8.910570e-02
2.598906e-02
6.101813e-02
1.568681e-03
9.289402e-03
1.351732e-01
4.739017e-04
3.939517e-03
1.332901e-03
2.045159e-01
1.967635e-02
5.499983e-03
3.053684e-02
5.198873e-03
3.298376e-02
9.603213e-03
2.676282e-02
1.364684e-06
4.720262e-02
7.835440e-02
4.042655e-02
8.660671e-03
9.006393e-04
1.498742e-04
1.987654e-03
3.286039e-02
5.265677e-03
9.153656e-03
2.045386e-02
8.849618e-02
1.168813e-01
1.516606e-01
4.670319e-02
1.667410e-03
3.292098e-03
1.315859e-03
6.404088e-02
6.494281e-03
3.359150e-02
7.685160e-03
3.709878e-03
3.253969e-01
3.195646e-01
2.808993e-03
2.480051e-02
4.707672e-04
2.677975e-02
2.665354e-01
5.232184e-03
5.984602e-04
3.971365e-02
4.489697e-03
2.042348e-01
7.882971e-02
5.683401e-03
6.736390e-03
3.443947e-03
1.477811e-01
1.779564e-01
1.997099e-03
2.645292e-01
1.054708e-03
5.299611e-02
5.774443e-04
7.590448e-02
1.775016e-02
4.567174e-02
1.652411e-02
3.621319e-02
1.759802e-01
4.494927e-02
2.408904e-01
9.311086e-03
6.172103e-05
1.527446e-02
5.451309e-02
2.680071e-02
4.054084e-03
7.171122e-04
4.604496e-02
1.081383e-01
6.420900e-03
2.138341e-03
2.872262e-02
1.464410e-01
4.313719e-03
2.298539e-03
8.606541e-04
4.739941e-02
1.158448e-02
2.164368e-01
1.120835e-01
9.300164e-02
4.120728e-03
3.148178e-02
1.171043e-02
1.454126e-02
7.416369e-02
2.237824e-01
3.970844e-02
1.953474e-02
9.003880e-04
1.769379e-02
9.078439e-02
6.491922e-02
1.708709e-01
3.403250e-02
8.990535e-03
6.702010e-03
2.768915e-04
1.898774e-03
1.949977e-02
2.100554e-02
6.437220e-02
1.094568e-03
1.062673e-02
3.833430e-02
2.394468e-02
2.786647e-02
1.381608e-02
8.491437e-06
5.718343e-01
7.684841e-03
5.686866e-02
6.836795e-02
9.542493e-02
4.745202e-02
9.655550e-03
3.059301e-02
1.979738e-01
3.246581e-03
2.206397e-02
4.616922e-02
3.066492e-02
1.894535e-01
5.967564e-02
3.564627e-02
1.582730e-02
5.451358e-02
2.271256e-01
5.655099e-02
2.105233e-03
1.215160e-03
1.857619e-03
1.967036e-01
8.164806e-02
1.047947e-01
5.039903e-02
6.332522e-05
1.962190e-03
3.762090e-04
6.347946e-03
1.519082e-02
9.080097e-03
1.991938e-03
7.366502e-02
9.248640e-03
5.798530e-03
7.894923e-02
7.576788e-02
2.098387e-03
4.675374e-02
9.964581e-02
7.696673e-03
1.055362e-03
3.751629e-02
1.338147e-01
9.646044e-03
1.294107e-01
1.738165e-02
1.605051e-02
9.389975e-03
1.143605e-02
2.106183e-02
1.549954e-01
8.726004e-02
6.920022e-02
2.101229e-03
3.916898e-02
1.078894e-02
2.286607e-01
6.399191e-02
1.448495e-01
7.242048e-03
5.781885e-06
1.013934e-02
1.389155e-01
3.510608e-02
1.327495e-02
4.707355e-08
8.764198e-03
7.866305e-03
4.938141e-02
3.650688e-04
1.075141e-02
6.061872e-03
2.538549e-04
3.804712e-04
6.816011e-03
3.808783e-03
1.623142e-03
2.400909e-04
8.554941e-04
1.013528e-02
2.638051e-03
5.955602e-02
1.864128e-02
2.695949e-01
1.199922e-02
2.840233e-05
1.047404e-01
3.500517e-03
8.201951e-03
2.054150e-02
1.173639e-01
5.250795e-02
2.499172e-02
7.128966e-03
4.119084e-03
7.039681e-02
5.522902e-02
4.476680e-02
7.196618e-03
1.846112e-04
3.424475e-02
6.014289e-02
7.839741e-02
4.115516e-02
2.892673e-02
4.967689e-02
9.733812e-03
1.439075e-02
8.880120e-02
1.241276e-02
6.782297e-03
1.734828e-02
5.496036e-02
3.037041e-03
9.828169e-03
1.688329e-01
8.377511e-02
4.959870e-02
3.406295e-02
2.623439e-02
7.666646e-02
2.846690e-03
6.482337e-02
1.463273e-01
2.189409e-02
5.818571e-02
3.765969e-03
2.235455e-01
4.127472e-02
7.447563e-02
2.725685e-02
1.120168e-02
3.132133e-04
1.007618e-01
8.955828e-04
1.425116e-03
3.939480e-02
1.458634e-01
3.001853e-01
6.652562e-02
1.238860e-04
6.877534e-03
9.863330e-02
9.270479e-03
1.352693e-01
4.932705e-02
7.124638e-03
9.723393e-02
6.749428e-02
2.264402e-03
5.111036e-02
2.371865e-02
1.999672e-02
2.454413e-02
1.164757e-01
1.187738e-01
2.828167e-03
5.870967e-02
2.692041e-02
5.446006e-02
1.518496e-02
5.005759e-02
1.712782e-02
5.629272e-02
1.506014e-02
4.594484e-02
4.933838e-02
4.218727e-02
2.891607e-03
6.037177e-04
7.319845e-05
1.617273e-02
6.334646e-03
6.796009e-03
1.212890e-03
4.185483e-01
1.668718e-02
1.616757e-01
2.472413e-01
2.914379e-02
3.667575e-02
6.027077e-02
6.529242e-02
4.989422e-02
5.371037e-02
2.180011e-04
1.690106e-03
5.522351e-02
2.885797e-02
3.066303e-03
1.093841e-02
3.720574e-03
1.788757e-01
1.547219e-01
2.129162e-03
3.014566e-04
7.993003e-02
3.685833e-02
2.543171e-02
1.851710e-03
2.257769e-01
9.284638e-03
1.004135e-01
5.731881e-02
2.352683e-02
4.846354e-03
2.939658e-02
6.162079e-03
2.470469e-02
1.921240e-01
1.616645e-01
1.372438e-03
2.914461e-03
7.590611e-04
9.965287e-04
2.015847e-02
2.993792e-02
7.078610e-02
3.003105e-03
6.224257e-02
1.755291e-03
2.879052e-02
5.935747e-02
3.912930e-03
9.573404e-05
4.475948e-05
4.155571e-03
1.710364e-03
8.427949e-02
3.707114e-04
1.707265e-02
8.791374e-06
8.636414e-02
3.233329e-02
8.421637e-02
2.422407e-04
8.553643e-02
1.312704e-01
1.044706e-01
2.498326e-03
1.268798e-02
1.169535e-03
6.004701e-02
5.203743e-02
3.731815e-02
2.231868e-02
2.707782e-01
1.413203e-03
5.133248e-02
3.158399e-01
5.686513e-03
1.060578e-01
5.409054e-02
5.823860e-03
4.932466e-02
1.845547e-02
1.386997e-02
9.015079e-03
1.201188e-02
3.453434e-01
4.011984e-05
2.537059e-02
6.546935e-05
1.100841e-01
2.441773e-02
7.031439e-02
9.316318e-02
1.614944e-01
3.122132e-01
5.593538e-02
1.042646e-02
9.232183e-03
8.273714e-03
2.886676e-03
1.576059e-03
8.370204e-03
2.431164e-01
5.753426e-04
9.119176e-02
7.703636e-03
1.518515e-01
1.086578e-02
2.181796e-01
2.868626e-01
4.857728e-02
3.044316e-03
6.923398e-03
1.204860e-02
2.960517e-02
1.293746e-02
2.053854e-02
1.780741e-02
2.276481e-03
1.528579e-01
1.834112e-02
4.142069e-02
1.288887e-03
1.930874e-03
2.677435e-03
1.695228e-02
1.657697e-02
3.079960e-02
1.774052e-02
9.474824e-07
4.727505e-02
8.025006e-03
1.145412e-05
1.421206e-04
3.632035e-02
1.724498e-04
2.297047e-02
1.992262e-03
1.768165e-03
2.180543e-02
1.051140e-01
9.145839e-03
2.246756e-03
3.914665e-01
1.712392e-02
1.749492e-02
9.500933e-05
3.804742e-02
1.328796e-02
2.891890e-01
3.069758e-01
9.502447e-03
1.932513e-02
2.425632e-02
1.018615e-02
4.110909e-01
1.468302e-01
9.958499e-02
3.153823e-02
3.303107e-04
2.093437e-01
2.187589e-06
7.430071e-03
3.520499e-02
6.312009e-02
2.267729e-01
1.299557e-02
1.218130e-02
3.772112e-04
