1.214046e-02
1.696238e-01
4.082798e-02
5.611338e-03
1.628366e-01
2.624903e-03
3.123882e-02
3.114176e-02
9.676293e-03
1.118040e-03
1.523664e-01
1.426251e-02
1.345096e-01
1.080084e-03
1.444263e-02
7.346318e-03
1.414210e-02
1.676426e-01
1.191377e-01
1.180218e-02
3.649309e-03
5.625883e-05
2.115883e-04
8.686264e-03
1.500291e-01
4.267545e-03
2.297918e-02
1.796156e-03
4.123038e-03
2.186635e-01
6.178901e-02
2.741936e-03
1.218173e-01
2.448974e-05
6.443778e-03
7.881263e-02
2.668068e-05
3.138707e-02
1.141804e-01
4.529602e-02
6.420490e-05
2.889758e-03
4.823993e-02
5.851308e-02
2.675021e-01
2.241994e-03
3.808677e-02
5.163507e-01
6.523391e-03
4.844791e-02
2.891765e-03
6.836656e-02
1.693917e-01
1.908460e-03
1.725490e-01
7.299625e-02
9.328794e-03
2.407940e-02
1.294129e-02
9.503173e-02
3.246726e-02
3.364359e-02
1.020134e-04
6.360273e-02
3.327622e-02
6.849418e-03
2.195635e-02
5.084698e-08
2.182997e-02
1.191798e-02
1.903366e-02
5.777133e-02
7.325385e-02
1.684468e-02
6.249387e-02
7.646010e-02
1.146733e-01
6.237409e-03
1.232442e-01
3.797626e-02
2.536961e-02
7.538905e-03
6.391773e-02
4.163980e-04
1.953194e-05
6.902886e-02
3.182969e-02
1.279504e-03
8.517313e-02
9.819376e-05
1.824305e-02
7.887966e-04
4.072013e-02
8.863703e-03
6.965285e-03
1.705194e-02
4.577712e-02
9.235438e-04
2.407375e-02
9.906381e-02
1.279660e-01
4.539254e-02
1.020336e-01
9.577619e-02
5.153735e-02
7.696808e-03
7.203462e-03
9.325973e-03
3.951212e-02
4.751085e-03
7.871831e-02
3.960113e-02
1.261834e-01
5.511656e-02
1.189652e-02
1.109404e-01
3.353169e-02
2.182016e-03
3.315150e-02
3.675319e-02
2.060730e-02
8.892854e-03
1.287883e-01
8.099688e-02
5.778447e-02
1.883111e-01
1.292986e-03
1.522171e-04
3.807825e-02
9.590896e-02
4.145058e-05
1.432170e-01
1.690448e-03
1.222300e-01
3.267124e-04
1.867241e-03
1.995677e-02
1.388159e-02
2.769234e-02
8.539014e-04
4.257178e-02
1.929959e-02
1.354295e-03
2.978427e-02
1.209511e-03
1.972451e-01
2.456660e-02
1.291692e-02
4.107206e-02
2.196690e-01
1.786658e-03
1.115970e-01
1.264709e-01
1.368753e-02
3.290406e-01
8.658237e-03
6.146287e-04
2.954650e-02
5.770786e-02
6.662371e-02
8.152032e-03
1.201615e-01
4.731834e-03
5.680529e-02
2.708810e-02
6.023942e-01
2.584232e-04
5.048318e-03
4.197774e-04
1.470681e-03
4.356146e-04
1.729327e-01
6.072847e-05
1.152216e-05
8.806784e-02
1.463690e-01
4.213077e-03
4.079534e-04
1.610926e-06
2.347210e-03
1.787656e-03
6.665373e-02
9.657462e-03
4.986063e-03
1.584030e-03
9.912329e-05
1.449101e-03
2.470065e-02
7.128823e-02
2.305724e-02
1.294978e-01
1.034227e-01
4.435863e-02
2.809971e-03
1.965206e-02
4.089163e-02
8.517870e-02
2.585310e-02
1.595874e-01
4.863827e-03
2.002462e-02
5.233033e-03
1.243333e-01
2.199054e-02
1.500146e-01
2.681362e-02
1.197825e-01
1.509944e-02
8.292359e-03
4.826391e-03
2.819199e-01
1.053611e-02
1.144456e-01
1.748823e-02
1.619754e-01
1.010267e-02
7.784776e-02
2.061654e-03
1.642575e-01
6.151598e-02
9.373838e-04
2.756957e-01
5.782835e-03
1.230096e-01
8.908069e-03
6.549987e-02
1.265732e-02
1.063890e-01
1.215659e-01
2.596184e-02
1.223436e-03
1.408193e-01
7.991108e-02
5.356345e-02
2.221310e-03
2.369620e-02
6.797861e-03
1.416121e-02
9.857903e-03
3.704405e-03
7.573831e-01
9.012405e-02
4.707448e-01
6.412597e-02
5.706131e-05
1.840582e-03
5.232636e-02
4.435826e-02
5.423192e-04
1.747453e-02
1.597260e-02
6.984698e-04
5.707403e-02
1.000322e-01
1.242439e-01
1.428925e-02
4.923306e-02
3.381336e-03
3.929888e-02
6.731315e-02
2.935193e-05
6.004234e-02
2.836534e-02
2.431986e-02
1.925741e-03
2.818385e-04
2.282104e-02
2.886572e-02
5.855599e-03
2.351731e-02
3.416439e-02
9.070188e-02
1.091048e-03
5.398412e-03
8.716775e-04
2.796961e-02
4.304043e-02
4.140304e-04
1.163604e-02
6.861887e-02
2.973851e-02
9.902731e-02
8.022326e-04
9.658385e-03
2.545002e-02
7.594579e-02
2.134138e-02
5.857146e-02
4.749518e-03
1.657028e-01
1.538399e-02
5.664232e-03
1.128886e-01
2.522878e-02
2.014758e-01
3.222435e-03
7.251529e-05
3.093360e-02
1.636308e-04
3.555741e-02
4.241881e-02
8.648892e-02
3.146026e-02
2.320123e-03
5.925304e-03
2.166402e-02
1.018664e-01
5.856671e-02
2.501036e-03
1.812545e-02
1.777360e-02
1.387136e-01
3.134468e-04
7.928650e-04
1.418699e-01
9.122307e-02
1.662884e-02
2.481105e-03
1.119775e-02
5.657681e-02
8.640822e-03
2.508823e-06
3.625120e-03
7.378947e-02
7.105293e-02
3.888432e-02
1.902708e-02
3.588482e-03
1.240323e-02
1.489344e-04
1.015093e-03
2.501952e-02
3.347127e-02
3.977055e-05
2.483133e-02
2.379382e-01
1.324267e-02
9.783049e-03
6.774444e-02
1.031155e-03
1.130204e-01
7.270537e-02
2.778845e-01
1.671771e-02
1.055995e-01
2.199695e-03
9.065711e-02
2.231778e-02
2.954205e-03
4.841815e-02
2.926681e-03
1.213400e-01
2.982907e-03
1.476408e-01
1.363365e-06
4.876438e-02
8.447264e-02
1.689314e-02
1.239836e-01
4.472905e-02
2.138251e-03
4.548183e-02
1.232802e-02
5.412464e-02
1.394866e-01
6.111063e-02
3.767227e-02
1.376227e-02
1.180661e-01
1.349251e-04
6.453964e-03
6.368149e-02
4.621715e-02
4.444096e-03
3.741357e-02
1.108153e-01
3.757558e-02
6.841390e-02
2.490223e-02
5.306389e-03
2.094245e-03
3.095453e-04
2.033252e-01
4.962173e-02
3.997605e-03
5.986615e-02
4.727823e-02
1.959617e-02
3.857307e-03
2.973283e-03
1.052122e-01
1.374111e-02
1.046424e-01
1.187326e-01
2.673871e-02
1.106459e-01
1.744145e-02
2.878048e-02
3.606868e-03
1.828464e-02
7.000280e-02
4.682290e-02
3.416004e-01
3.735974e-02
1.430019e-01
3.665093e-02
7.144317e-04
2.872777e-02
2.182493e-04
5.093039e-02
1.437686e-01
1.207515e-01
3.765931e-02
6.982051e-03
8.534171e-04
1.415789e-01
5.949151e-02
7.504022e-02
8.631719e-02
3.612079e-03
2.548384e-04
3.312407e-02
7.642380e-04
3.919393e-03
8.268216e-03
6.961050e-03
1.748751e-02
5.324396e-02
3.142192e-04
1.214561e-03
3.506830e-02
2.690930e-02
1.679826e-03
4.122540e-02
3.322892e-02
5.508300e-05
7.946151e-02
1.701973e-03
2.356436e-02
5.375038e-03
4.040075e-03
3.619265e-05
1.771088e-01
2.939727e-01
1.538115e-02
2.821597e-01
1.178543e-03
3.853807e-02
2.424762e-02
3.852021e-03
4.785697e-02
1.324183e-02
2.999705e-02
3.547240e-03
3.313451e-02
3.209773e-03
1.299693e-01
3.746532e-02
9.252211e-03
3.739414e-03
4.455589e-02
5.363037e-02
2.221726e-02
3.249137e-02
5.134770e-04
1.605994e-02
9.627871e-02
1.427776e-03
2.821244e-01
2.687845e-03
1.836361e-02
1.238759e-02
1.626969e-03
6.463692e-02
9.901868e-02
2.314759e-04
2.389983e-01
1.757558e-03
6.333381e-02
7.263246e-02
5.899290e-03
2.451674e-03
1.474905e-01
2.341303e-02
2.084588e-03
2.227647e-01
2.128488e-01
2.405440e-03
1.783673e-05
2.030189e-03
6.479743e-02
1.641463e-02
1.375044e-02
3.817839e-02
4.816154e-03
3.575946e-01
1.423742e-02
1.854165e-01
1.284299e-04
5.800961e-03
1.333093e-02
2.915190e-02
1.491402e-05
4.271679e-02
6.466265e-02
3.569179e-02
3.473938e-03
4.489744e-01
3.625689e-02
6.104195e-04
8.054764e-02
8.893250e-03
2.005015e-03
8.447915e-03
1.659162e-02
2.364765e-03
1.250931e-01
5.174745e-02
5.198846e-02
8.988008e-02
1.812477e-05
1.900479e-01
1.694596e-02
5.217335e-02
1.356903e-01
1.148010e-02
1.151020e-01
5.914728e-02
4.887658e-03
1.832809e-02
3.400841e-03
2.614947e-02
8.015314e-03
1.016176e-01
3.827289e-02
1.333013e-02
1.289730e-02
9.630910e-02
3.216812e-02
1.753757e-04
3.130667e-03
2.443708e-02
1.155071e-02
3.594044e-03
2.068299e-01
6.453636e-02
2.276975e-02
2.502578e-05
7.024683e-04
7.038269e-03
2.972127e-02
6.725120e-03
3.116709e-03
5.739190e-02
1.261072e-04
4.562607e-03
8.150138e-03
7.632065e-04
1.547103e-02
6.665680e-02
1.725501e-01
8.907767e-02
3.456972e-01
1.942088e-02
1.728274e-02
2.081389e-02
4.051305e-03
3.297897e-02
3.854320e-02
2.964794e-02
2.399704e-01
1.803080e-04
3.811952e-03
1.347309e-04
2.191570e-03
6.549603e-02
1.697285e-01
3.656116e-02
1.612180e-01
1.680258e-01
7.713780e-02
3.284971e-02
5.169566e-03
4.203426e-02
1.008832e-01
7.308723e-02
8.037781e-02
4.366956e-02
2.031384e-02
4.536672e-03
5.166615e-02
1.843628e-03
2.029125e-02
2.412199e-02
