1.185506e-01
3.607435e-03
1.071956e-01
1.984399e-01
2.352190e-02
1.478718e-01
5.122237e-03
1.994931e-03
1.385109e-01
2.765721e-04
8.171191e-02
7.870157e-02
1.026282e-01
7.453067e-02
8.213275e-04
1.379253e-01
2.057816e-02
5.272173e-02
8.142961e-02
7.356729e-02
6.188349e-04
2.256719e-04
6.064793e-07
9.518041e-03
1.245358e-02
1.339024e-02
2.474664e-02
3.758844e-02
8.681319e-04
1.216916e-03
1.959371e-01
5.314915e-02
2.954686e-02
1.723067e-03
6.583591e-02
3.590581e-03
3.740679e-02
3.552159e-06
3.921090e-03
1.021809e-01
1.413164e-02
3.822061e-03
1.377034e-03
6.327821e-04
1.455574e-03
1.327381e-02
1.500964e-01
4.232419e-02
2.214730e-02
4.662356e-02
2.548038e-02
5.270845e-03
2.438047e-03
8.288124e-03
1.214946e-02
4.563784e-02
3.509118e-01
1.893305e-02
5.519175e-02
3.451311e-02
1.212915e-04
1.408797e-01
1.075297e-01
6.482967e-03
2.163118e-02
8.098991e-05
1.657931e-02
1.204254e-02
1.007131e-03
4.069056e-02
2.167061e-03
1.192344e-02
9.754614e-03
4.961986e-02
9.200796e-03
2.274412e-01
1.010106e-01
9.667391e-02
1.317449e-02
3.233328e-03
4.253974e-02
5.994928e-04
3.989114e-02
8.853263e-02
4.561146e-03
1.508339e-01
2.087830e-02
4.143989e-02
1.980233e-02
2.914720e-02
5.141401e-02
9.302779e-02
3.758666e-04
6.983967e-02
5.677219e-04
7.561090e-02
5.926523e-02
4.808376e-03
1.294910e-01
4.918520e-03
3.156087e-02
9.393722e-02
1.923543e-01
1.873796e-02
1.131660e-02
5.963476e-02
4.708558e-02
3.013073e-02
1.804852e-04
1.009502e-01
8.789244e-02
1.329503e-01
1.404338e-02
1.078331e-03
1.102762e-02
1.846178e-02
2.856814e-02
4.651045e-02
1.593272e-02
9.684146e-02
6.480956e-02
6.952179e-05
2.040410e-01
2.952752e-02
7.664563e-02
4.733198e-03
7.788061e-03
9.867691e-03
6.727423e-02
1.077006e-02
2.951624e-05
4.261921e-02
2.405529e-03
1.727206e-01
2.652843e-02
2.221348e-01
7.248085e-02
9.563857e-03
2.039138e-04
3.045528e-03
7.012945e-02
1.846772e-02
5.362967e-04
3.201482e-02
5.221749e-03
2.571347e-02
1.816010e-04
1.685789e-03
1.503084e-01
4.374529e-03
4.417436e-02
3.948745e-02
1.423687e-02
1.108230e-02
3.939227e-04
3.236460e-01
8.009445e-02
6.437533e-03
4.003130e-03
5.106887e-02
8.601825e-02
1.474833e-02
4.749633e-03
1.136543e-01
3.829241e-02
1.173815e-05
5.175831e-02
8.836838e-03
1.835231e-04
1.619700e-04
1.961592e-03
1.259788e-01
4.259476e-02
2.633654e-03
9.182008e-03
1.407517e-04
1.013021e-03
1.033465e-01
8.284383e-03
1.147472e-01
1.054539e-02
6.080554e-02
7.120465e-03
9.063396e-02
9.169894e-03
5.304236e-02
8.759958e-03
2.464476e-02
1.799141e-04
2.780239e-02
3.116127e-02
4.063537e-02
9.571452e-04
6.304020e-03
1.867487e-02
5.192252e-02
6.256465e-04
2.023297e-01
1.826307e-03
3.365773e-02
8.965030e-02
4.473181e-02
2.317177e-02
4.436214e-02
6.943433e-03
2.583971e-02
9.046262e-02
1.597741e-03
1.690706e-03
4.597860e-02
7.297573e-04
4.700650e-02
2.961671e-03
1.390888e-02
8.986975e-02
4.728499e-03
4.589486e-03
2.571419e-06
1.093908e-02
2.017030e-02
3.193636e-03
6.907463e-03
3.452966e-02
1.411697e-01
2.377943e-05
4.959901e-02
1.384562e-01
3.471473e-02
7.721496e-02
2.108483e-02
6.129217e-03
3.115767e-02
3.657437e-04
8.260630e-03
2.297092e-01
4.032666e-02
1.060013e-01
5.649520e-03
9.980611e-02
4.758062e-03
2.843140e-02
8.956316e-05
3.566629e-02
2.274316e-07
1.014615e-04
1.207051e-01
2.923166e-02
9.982232e-02
3.080588e-02
7.928571e-03
5.563932e-02
2.953289e-02
3.349017e-03
5.173322e-03
1.647746e-02
5.793830e-02
7.156574e-03
1.336082e-02
3.634865e-02
2.097674e-02
7.470863e-04
7.945566e-03
1.811395e-04
2.481412e-03
2.560426e-04
4.789996e-02
7.345777e-02
3.782230e-03
5.236535e-03
8.505072e-04
1.673797e-02
1.619363e-02
2.107518e-02
2.121152e-02
2.251134e-01
5.902067e-04
1.759951e-02
4.180338e-02
2.276973e-02
1.537340e-03
2.017617e-02
2.084806e-01
6.364093e-04
1.588939e-02
1.456777e-03
7.265550e-03
3.040868e-02
3.380109e-02
2.038020e-01
1.917635e-03
1.272320e-01
2.047745e-04
3.466980e-02
6.227183e-03
6.343967e-03
7.610235e-02
5.820290e-02
2.012770e-01
8.478790e-03
2.204033e-02
4.710375e-02
4.393388e-03
1.925056e-01
1.783380e-01
3.304796e-02
2.831141e-04
8.688738e-02
4.884489e-03
3.745912e-02
3.383838e-03
5.350274e-06
2.545991e-06
1.120581e-01
7.795868e-03
2.801721e-02
6.129130e-03
3.096664e-03
7.923272e-01
2.474137e-01
1.198954e-01
1.043050e-04
9.804844e-07
3.317848e-02
2.840421e-02
8.557694e-02
1.041593e-01
1.902496e-03
2.439988e-02
2.342887e-04
1.136809e-02
1.734151e-02
1.211872e-01
2.303586e-01
2.350161e-03
1.639422e-02
4.306217e-01
1.332667e-02
2.562454e-02
2.333257e-02
3.951600e-02
8.293671e-03
5.055102e-03
3.593424e-02
1.604896e-02
7.884659e-03
9.557173e-03
3.701680e-02
9.762011e-04
2.210242e-02
1.639142e-03
4.420359e-02
5.818534e-02
3.112882e-01
1.554523e-02
1.605356e-03
1.888885e-02
1.447578e-02
1.178192e-02
2.306419e-01
4.362989e-03
4.341344e-02
1.580600e-02
5.916269e-02
6.460468e-02
6.534769e-02
3.138651e-02
6.343433e-03
1.764173e-02
2.020743e-02
1.810153e-07
5.813705e-04
4.100414e-04
5.901987e-02
1.299631e-02
2.895666e-02
1.627470e-02
2.256649e-02
5.354801e-04
5.645784e-03
5.259728e-02
3.738043e-01
3.909196e-02
5.108651e-02
6.566813e-03
1.025478e-02
7.895904e-04
7.616553e-02
3.390764e-03
4.191444e-02
4.923499e-04
1.749274e-02
3.044802e-04
7.604230e-02
5.215573e-03
3.925274e-04
3.380118e-02
8.171444e-03
4.294723e-03
4.710974e-02
9.140585e-02
2.739834e-03
2.490733e-02
1.556560e-03
3.284790e-03
1.761865e-02
1.185793e-01
1.335263e-04
5.392754e-02
3.945514e-03
3.086305e-02
3.348007e-03
2.965038e-02
3.037918e-02
1.617262e-03
1.122408e-01
2.895855e-03
7.203833e-03
3.556296e-02
3.066481e-02
9.515731e-03
3.072220e-02
2.565730e-02
3.128654e-02
1.136310e-02
1.295601e-01
6.144574e-03
3.057238e-04
2.630695e-03
2.836171e-02
1.619992e-01
1.995025e-03
4.088854e-02
2.989710e-05
6.790190e-03
3.719029e-03
3.097404e-02
2.629559e-02
1.751868e-03
8.891094e-04
1.100372e-01
1.107426e-01
8.573519e-03
4.580617e-02
1.185449e-01
3.761435e-02
3.207672e-01
2.679039e-02
1.236391e-02
2.381268e-02
1.810821e-03
2.561668e-01
4.899299e-02
8.356132e-03
1.710709e-02
1.418731e-02
2.606078e-02
1.103967e-02
2.622211e-03
2.155839e-02
1.217361e-06
5.735668e-04
3.831788e-02
1.844068e-02
1.697240e-02
3.758135e-04
5.998109e-02
2.954510e-02
9.227080e-03
7.335964e-01
2.164713e-01
3.785272e-03
1.033567e-01
2.046366e-02
3.872671e-02
3.410922e-02
1.830693e-01
2.276480e-01
8.907271e-04
1.217891e-03
2.452401e-01
2.848640e-02
2.056775e-02
1.742540e-02
9.787074e-03
1.324858e-02
1.659656e-02
3.522062e-04
6.930866e-02
1.567297e-03
2.813392e-01
2.157918e-02
1.648917e-03
1.576284e-01
7.966928e-02
5.736740e-03
1.037920e-02
5.497455e-02
7.428300e-03
1.633046e-02
5.643109e-02
3.824678e-06
2.893686e-02
2.629117e-03
1.521197e-04
9.703181e-04
3.638461e-05
1.114060e-03
9.403664e-02
6.096248e-05
2.684441e-02
6.598978e-04
1.142772e-01
5.567806e-03
1.200123e-02
1.042810e-01
6.436425e-03
1.130223e-03
6.427724e-03
9.420609e-05
6.882592e-02
2.241118e-02
1.419439e-03
4.302504e-02
6.516857e-02
4.596247e-05
7.321994e-02
7.773404e-02
2.180759e-02
3.123011e-04
7.630131e-06
4.803329e-02
2.289757e-01
1.206476e-02
1.625682e-03
1.501198e-01
1.128772e-01
3.310705e-02
1.948171e-01
1.501351e-02
7.208600e-03
2.397333e-01
3.645454e-02
5.908083e-03
1.562167e-01
6.235945e-05
6.193431e-05
7.575217e-02
2.364538e-01
2.361691e-02
2.776358e-04
3.589424e-03
5.316910e-05
7.533081e-03
1.757687e-02
1.844449e-01
2.200165e-02
2.493650e-02
7.478678e-03
3.432470e-02
2.862064e-02
5.908523e-02
6.950160e-04
1.156401e-01
4.376634e-03
2.601348e-02
3.614281e-03
9.807480e-02
3.900589e-02
3.041264e-04
1.143002e-01
1.105736e-01
3.747481e-02
4.234570e-02
6.651634e-01
6.683791e-02
1.523972e-03
2.170635e-02
2.023090e-03
3.158798e-02
6.101566e-02
2.336097e-01
8.944837e-03
3.596766e-01
3.645238e-02
3.810430e-01
3.867189e-04
1.339255e-03
3.261366e-02
8.635722e-03
6.438203e-03
2.374281e-03
6.299773e-03
1.614188e-02
1.184600e-04
