2.677314e-02
3.301298e-03
1.137904e-03
1.895706e-01
3.265290e-02
3.102661e-03
4.577026e-02
7.087450e-02
4.829167e-02
2.658661e-02
5.961835e-02
1.040087e-02
2.861682e-02
5.320477e-02
5.134503e-03
6.677585e-03
4.800382e-02
1.654612e-02
2.786140e-02
1.385254e-01
8.076926e-02
5.005036e-04
5.640628e-02
2.814540e-03
3.858462e-02
1.765358e-02
1.196668e-01
2.054854e-02
3.387698e-02
6.623393e-03
3.489908e-02
3.836220e-01
1.498629e-02
2.901086e-04
8.148657e-03
1.445799e-01
1.349647e-02
3.106138e-03
1.030272e-01
1.363141e-01
6.349407e-02
5.191076e-02
4.143123e-04
6.684950e-02
4.333757e-03
2.130760e-02
5.334576e-02
4.117523e-05
6.614901e-02
8.314903e-02
1.246692e-02
5.786601e-03
1.924213e-01
6.413463e-03
6.689844e-03
1.965142e-02
6.679859e-03
1.270628e-02
3.542097e-04
9.366716e-03
8.389844e-02
6.623724e-02
2.569066e-01
6.320508e-02
7.726195e-03
2.136585e-02
5.164200e-03
7.973859e-02
3.485815e-02
1.401129e-01
2.948044e-03
1.318851e-02
1.165677e-01
7.493459e-03
1.003066e-01
8.142848e-02
1.715057e-03
1.491124e-02
6.038510e-04
3.588590e-02
1.518537e-03
1.917190e-02
5.829747e-03
1.405161e-02
5.531422e-02
1.715120e-03
7.063695e-03
1.455838e-01
5.578503e-02
1.700427e-02
5.730247e-03
1.418659e-02
2.054827e-03
6.472969e-02
2.404768e-03
1.786271e-01
4.401982e-02
4.621916e-02
2.488257e-01
6.057266e-03
2.049175e-02
1.791170e-03
1.054091e-01
2.075877e-03
9.369921e-03
1.526430e-01
1.718806e-01
7.122945e-02
6.732635e-03
1.483519e-02
2.653476e-02
1.572200e-01
1.419776e-02
2.039474e-01
5.294694e-04
2.354242e-02
7.746119e-03
7.948621e-03
5.482969e-03
1.396731e-02
4.264499e-03
1.683571e-03
1.062406e-02
2.626891e-02
1.001092e-03
6.571748e-02
4.334446e-02
1.052241e-02
7.406199e-02
1.593337e-01
4.494026e-02
1.148207e-01
1.082505e-01
3.732067e-02
1.062263e-02
8.790330e-02
1.259256e-01
1.349726e-02
1.906602e-01
1.102834e-06
8.974971e-02
7.833875e-03
2.075617e-04
1.226192e-01
1.319940e-02
2.863223e-02
1.332567e-01
2.172579e-02
5.317943e-02
2.650060e-02
9.973086e-04
1.237611e-01
5.092894e-03
7.941151e-03
2.509791e-03
1.794408e-02
1.388981e-02
1.654974e-02
1.166746e-01
1.647521e-01
3.376701e-04
1.148894e-02
1.342018e-03
4.736539e-02
5.078924e-02
1.385733e-01
1.671440e-03
1.341460e-01
8.803807e-02
1.896577e-02
6.705999e-02
5.156622e-02
3.756699e-03
1.241811e-02
5.195919e-03
1.897910e-02
3.464607e-03
2.776820e-02
1.191262e-02
5.370972e-02
1.757529e-01
6.202761e-02
1.489085e-01
9.856351e-02
9.449538e-04
2.195399e-01
1.435734e-02
4.946317e-02
2.769121e-02
3.357478e-01
4.285387e-03
5.579500e-02
2.033749e-02
2.052176e-02
2.531966e-03
3.342466e-02
5.714694e-04
8.573781e-02
1.237705e-01
2.960604e-02
2.033141e-02
8.545269e-03
2.266994e-02
7.194519e-04
3.099060e-07
9.651899e-02
2.653458e-02
1.030345e-01
2.368087e-02
5.519160e-02
6.736676e-03
1.114149e-02
3.815325e-05
1.214263e-02
2.166491e-03
1.893513e-03
3.210113e-04
7.081437e-03
2.078255e-02
3.994941e-04
1.747292e-01
2.046437e-02
2.869230e-03
6.647752e-04
4.691380e-02
3.897033e-03
1.329259e-02
1.913888e-02
1.942501e-03
1.158342e-01
2.082045e-01
5.533043e-03
5.819018e-02
1.005293e-01
5.166230e-02
6.953238e-04
1.583309e-02
9.242360e-02
2.750458e-03
4.485524e-03
1.754079e-01
1.736805e-01
2.647012e-02
3.674123e-02
7.517007e-02
1.099091e-01
2.417474e-04
1.924389e-02
9.496010e-03
2.081184e-02
5.029669e-02
1.993071e-02
2.686113e-02
6.542725e-03
6.634801e-04
3.720652e-01
7.468057e-02
3.462509e-02
6.448769e-03
1.565889e-02
9.306782e-01
3.154550e-06
1.914657e-01
1.401068e-03
9.002232e-02
1.586203e-01
1.082840e-01
1.947295e-02
1.727279e-02
2.958277e-02
4.336848e-02
4.785757e-03
1.076149e-01
2.888652e-01
5.570580e-03
4.091146e-02
1.227583e-04
1.053367e-02
7.715046e-03
3.791015e-02
6.457359e-02
2.797182e-03
3.810856e-02
2.722840e-02
2.054878e-01
4.743458e-03
1.614667e-01
1.646167e-04
4.903379e-03
1.163988e-02
7.609836e-02
1.592934e-03
3.332476e-05
1.294773e-02
1.809605e-02
3.521826e-02
8.613436e-03
8.466895e-02
1.825038e-03
6.992841e-02
1.050662e-03
5.778802e-03
3.836534e-06
6.205058e-02
4.925344e-02
5.541086e-02
2.489333e-01
1.203166e-01
3.213400e-02
3.867953e-02
2.832930e-02
1.999750e-03
2.037166e-03
3.146559e-02
2.706398e-02
7.743008e-02
5.227571e-03
7.422660e-03
4.180146e-02
1.047506e-02
3.474399e-05
8.117205e-03
7.467299e-02
2.276739e-02
9.024050e-02
1.201250e-01
6.141306e-02
3.098065e-02
8.396156e-05
1.497321e-02
2.362471e-04
1.012846e-01
5.896227e-02
1.421385e-02
2.417923e-03
7.518014e-02
4.838030e-02
1.009844e-02
3.608441e-02
1.206857e-02
7.609016e-02
5.046152e-02
2.102178e-01
9.403780e-02
2.130500e-03
4.191307e-02
2.986906e-02
2.296917e-02
1.261731e-01
3.479621e-02
5.270835e-03
3.410683e-02
4.158400e-05
1.493778e-02
1.427615e-02
1.314495e-02
1.824534e-03
4.694126e-03
2.844274e-01
3.191612e-01
1.507558e-04
8.521139e-03
1.567636e-02
9.992606e-03
2.462579e-02
9.463098e-05
9.717901e-02
2.561758e-02
6.026905e-03
5.037648e-02
1.600458e-02
7.402867e-03
2.391208e-03
6.451922e-02
6.108379e-02
6.313677e-02
2.198738e-02
1.253423e-01
5.359810e-02
1.062828e-02
4.595598e-02
2.287028e-03
5.078397e-02
1.454486e-03
2.849785e-02
6.057511e-06
2.450308e-02
8.543731e-02
5.875504e-02
1.159248e-02
1.616381e-01
1.002925e-03
7.662603e-03
1.556978e-02
2.141525e-02
8.188278e-02
3.343399e-02
7.476881e-02
7.037002e-03
1.421734e-03
5.777687e-05
1.591966e-03
8.166898e-02
1.522275e-03
1.931211e-01
7.526144e-02
2.092797e-02
2.124408e-03
1.791516e-02
1.073217e-02
6.914862e-05
4.939568e-02
2.042924e-04
1.014010e-04
1.675810e-03
2.225377e-02
2.946733e-03
1.697156e-04
5.471572e-03
6.841487e-02
5.380443e-04
1.527100e-01
4.462898e-03
5.392669e-03
5.041195e-04
3.008474e-02
2.993067e-03
1.044977e-01
9.491966e-03
2.696993e-01
2.377375e-02
2.733916e-01
8.110034e-02
2.974772e-03
8.693055e-03
3.378547e-03
2.175796e-02
1.469940e-02
2.925266e-02
5.009261e-02
1.601571e-03
2.013469e-02
1.735993e-02
5.720923e-03
2.411937e-01
1.425445e-03
1.653428e-03
1.907907e-04
8.984807e-04
1.507825e-02
3.677244e-02
5.724481e-03
1.548642e-02
4.659264e-03
2.478516e-03
7.902433e-03
3.430814e-02
7.354782e-03
2.620280e-03
6.921741e-02
5.596259e-04
3.541441e-06
1.693805e-02
4.166013e-02
8.431115e-02
3.867679e-02
4.095987e-03
1.963948e-02
1.537261e-01
1.840939e-02
4.758271e-02
3.116983e-02
1.693568e-01
1.963935e-02
1.700341e-01
1.621024e-02
1.141070e-01
1.950516e-02
2.068669e-02
1.093950e-02
1.331766e-01
4.462089e-01
5.498153e-02
6.207042e-03
1.618058e-03
4.506077e-03
7.759569e-04
1.082742e-01
1.615024e-02
2.853171e-02
4.386114e-02
2.302511e-03
6.380170e-02
9.294137e-02
9.361526e-03
3.923297e-02
5.923598e-02
1.160766e-01
3.008204e-02
2.354196e-02
1.096175e-01
2.044719e-02
1.184510e-01
1.233117e-01
1.358289e-02
2.907113e-03
3.249815e-01
8.262733e-02
2.079288e-05
3.433969e-03
4.922803e-01
1.520212e-01
2.537718e-02
5.728345e-02
6.503436e-04
5.492903e-03
6.670291e-02
2.272760e-03
2.419732e-02
1.769905e-02
6.912393e-03
4.891736e-04
6.307166e-02
6.660232e-03
2.981388e-04
1.544491e-05
2.299484e-03
2.789126e-02
2.665944e-02
1.608987e-02
1.255230e-01
5.917120e-02
5.522097e-02
2.405651e-01
1.185501e-01
2.477511e-03
7.774836e-02
8.352226e-03
3.958536e-03
3.817896e-02
6.465034e-02
7.555197e-03
1.555201e-05
5.520446e-03
5.420493e-02
1.486104e-02
1.501839e-02
4.396373e-04
4.956744e-03
2.788705e-02
4.057224e-03
8.563382e-04
4.323159e-02
3.682004e-02
2.112670e-02
1.492706e-01
1.138563e-01
4.284519e-03
5.845142e-03
5.700992e-02
1.548591e-01
2.183302e-02
2.830161e-02
5.081069e-02
1.501246e-01
8.978984e-02
4.191219e-02
1.440999e-04
4.814400e-02
1.369446e-03
1.647557e-01
1.851554e-01
1.107124e-03
4.305516e-02
6.651070e-02
3.699024e-02
2.309197e-02
8.097294e-03
4.394418e-02
6.541955e-02
1.029537e-01
4.355105e-02
1.320494e-02
1.393748e-01
2.122711e-02
1.310918e-02
4.299364e-03
2.527916e-03
1.302725e-02
5.291145e-03
3.395817e-01
4.371738e-02
7.408976e-03
1.399686e-04
