1.916405e-03
2.652283e-03
8.066465e-03
1.839113e-01
1.543227e-01
4.146863e-05
1.417386e-01
6.065667e-02
5.363408e-02
1.719935e-02
2.873598e-02
2.141567e-02
7.753281e-02
4.525897e-02
3.443049e-04
5.112646e-04
3.002123e-02
8.469451e-02
1.921045e-02
9.975106e-03
4.210618e-02
1.563776e-01
1.017048e-02
1.119554e-01
2.819301e-02
8.358500e-02
4.843778e-02
2.121976e-02
7.038757e-03
1.190319e-02
5.329576e-03
1.093029e-01
8.551296e-02
1.091301e-03
6.020935e-03
1.070662e-01
3.355880e-04
1.121246e-02
5.362501e-02
2.605992e-03
9.395192e-02
4.636100e-03
6.506565e-03
1.518692e-03
2.081322e-03
8.773398e-03
5.486097e-02
1.475754e-03
1.142874e-02
7.185117e-02
2.349748e-02
1.987013e-05
2.490156e-03
3.835437e-03
4.348827e-02
5.270353e-04
7.074980e-03
5.906612e-02
1.528632e-01
7.832264e-03
2.435469e-05
1.929377e-02
2.581214e-02
3.503393e-03
4.241992e-02
9.945485e-03
1.302960e-01
5.881030e-03
4.614425e-05
3.736657e-06
1.668871e-02
5.878979e-04
2.543276e-03
3.328289e-02
3.696428e-02
1.042577e-02
6.369699e-02
5.475398e-02
4.235555e-03
1.040964e-01
4.065738e-02
1.322692e-01
1.691137e-02
6.570234e-02
5.506002e-04
6.499689e-03
9.071028e-02
1.281646e-02
1.800350e-02
1.514705e-04
1.893431e-02
1.622912e-01
3.677340e-02
8.241325e-02
1.895203e-02
9.032501e-03
3.587397e-03
6.836216e-02
3.697788e-02
2.216319e-02
2.217455e-02
6.478053e-03
6.775818e-03
1.412614e-02
5.189688e-03
1.035513e-02
7.698483e-02
1.662184e-04
3.037508e-02
4.880623e-02
2.457988e-02
4.568994e-02
9.457537e-03
6.704397e-03
9.737778e-04
1.341600e-01
2.725664e-02
2.463866e-02
8.490826e-03
1.697585e-01
4.264286e-02
6.823902e-02
2.640360e-03
1.293362e-02
1.421893e-01
2.181161e-02
1.041612e-02
4.769440e-05
3.469022e-02
3.140413e-01
5.423642e-03
1.674896e-04
2.762792e-01
2.406941e-02
5.396349e-06
1.405242e-02
7.332051e-02
2.267517e-02
6.546823e-02
4.588049e-01
1.389683e-02
3.813312e-03
1.899215e-02
2.712556e-02
4.780730e-03
1.418757e-04
4.110375e-02
5.396780e-03
3.171689e-04
1.879287e-02
6.292066e-02
1.927685e-01
3.959903e-05
1.440131e-02
7.793777e-02
2.036158e-01
4.079304e-03
2.319462e-02
9.192875e-03
2.245325e-02
1.504565e-05
1.001240e-02
1.587965e-02
2.482826e-02
3.107468e-04
4.146538e-01
9.949278e-04
2.256012e-02
1.981859e-02
2.208247e-03
5.719622e-02
1.228919e-02
1.617613e-01
9.266973e-03
4.707549e-02
4.468917e-02
3.998479e-03
1.340189e-02
7.268175e-03
3.641546e-04
1.559740e-04
9.944019e-03
9.040177e-02
4.726221e-04
1.264089e-01
4.184769e-02
5.859593e-02
4.541170e-02
8.679659e-02
2.721553e-03
6.018039e-02
8.251974e-02
3.090618e-04
1.843804e-03
7.022635e-02
1.898763e-02
2.687912e-03
1.744838e-01
5.865812e-02
3.342952e-02
9.825852e-03
2.979460e-02
1.934467e-02
2.451299e-06
3.964144e-02
1.106935e-03
5.527835e-02
3.375857e-03
1.570122e-02
2.369142e-02
4.452323e-03
1.090137e-01
1.426284e-02
5.771042e-02
6.119063e-02
2.066414e-01
3.501639e-02
4.058856e-04
1.374891e-02
2.670179e-02
1.298566e-01
5.127302e-02
7.437356e-03
4.180680e-03
2.016815e-02
8.220441e-04
6.913653e-04
1.641745e-02
6.425115e-02
1.831157e-04
3.947585e-02
1.259385e-01
1.503993e-02
2.193727e-02
6.957984e-03
2.573037e-03
2.334823e-03
4.425728e-02
1.190571e-02
9.883387e-04
2.175041e-03
2.612571e-02
6.620454e-02
3.877680e-03
1.237001e-01
5.723970e-02
2.397675e-01
4.642199e-02
4.222946e-02
7.114091e-02
9.031720e-02
1.824847e-02
1.408352e-06
3.057468e-02
5.565769e-03
1.813719e-04
4.508880e-03
7.951588e-03
1.068488e-03
3.099424e-02
1.165381e-01
2.436249e-03
1.521898e-02
3.277882e-03
4.322862e-02
8.669904e-02
2.859963e-02
5.255094e-02
8.166476e-02
3.421780e-04
2.459374e-02
1.793704e-02
5.915012e-02
2.933242e-02
6.790703e-02
1.980003e-02
7.065298e-02
5.025985e-03
1.824422e-03
1.396368e-01
6.645922e-02
6.174988e-02
2.612847e-02
1.923892e-02
9.336102e-03
8.817541e-02
1.669012e-03
1.920060e-01
5.216960e-01
3.235456e-01
2.027075e-02
1.253506e-02
3.261692e-03
8.091195e-02
1.285970e-02
2.428986e-03
8.136543e-03
4.516560e-02
3.182700e-02
1.579802e-02
2.813884e-04
1.719564e-01
1.147007e-02
6.573192e-02
8.349407e-04
2.519404e-03
7.440741e-02
7.128584e-04
2.926937e-01
4.089900e-02
9.159772e-03
1.453955e-02
1.338422e-02
1.230081e-01
1.921477e-01
3.285894e-01
1.243291e-02
7.853734e-03
4.827760e-03
1.853706e-03
1.156816e-01
1.596190e-01
9.913487e-02
1.019925e-02
3.594545e-03
1.861610e-02
2.217636e-01
1.902784e-02
1.001391e-04
7.844994e-02
3.888903e-02
2.093994e-02
2.986481e-02
3.005872e-03
1.842657e-02
8.057134e-02
5.268622e-04
2.967795e-02
2.378223e-01
2.024888e-01
1.139283e-01
3.420519e-04
6.256390e-02
2.573265e-02
1.316345e-02
2.268137e-02
1.202933e-01
3.508662e-05
1.503532e-04
3.417847e-02
8.960668e-02
1.301745e-03
3.066836e-03
1.818292e-01
1.821122e-01
1.460571e-02
2.110928e-02
7.511439e-03
2.501663e-04
1.690108e-02
1.147007e-01
5.270127e-03
7.502117e-02
1.414496e-06
1.958147e-02
9.545719e-02
2.171021e-01
9.131526e-02
8.710403e-03
7.074792e-03
1.777401e-06
1.310019e-01
2.600608e-02
2.871354e-02
9.839053e-03
4.298751e-03
4.419297e-02
7.234566e-03
5.968359e-02
6.344331e-02
3.647807e-04
4.447448e-03
4.254861e-02
2.553059e-01
1.004426e-01
1.223880e-02
4.591665e-03
6.507701e-02
5.184427e-02
1.734199e-02
1.586582e-02
4.543394e-02
2.668360e-01
1.751539e-01
1.211290e-02
1.341846e-02
8.885725e-03
2.605536e-02
4.559560e-02
2.187217e-04
9.378892e-02
5.624570e-02
3.863403e-01
4.175231e-06
2.795668e-02
9.613915e-03
1.048960e-02
2.862751e-05
8.921056e-02
4.683718e-03
4.156887e-01
4.561664e-02
2.913087e-03
1.565051e-02
8.981767e-02
7.294008e-02
4.338577e-01
3.656554e-05
1.592197e-02
1.073963e-02
1.856780e-03
7.702600e-02
7.646171e-03
2.929364e-03
3.089077e-03
2.324638e-02
7.687127e-02
1.132664e-03
1.963428e-01
2.180468e-02
6.778089e-03
7.314718e-02
8.276198e-03
4.353453e-02
2.863476e-02
1.446113e-04
1.608518e-02
1.505699e-02
1.036641e-01
1.004328e-02
5.671044e-01
2.981443e-02
4.849631e-04
2.147567e-02
6.259361e-04
6.319149e-02
5.387802e-03
3.739174e-02
1.316322e-02
4.011966e-02
3.877006e-02
3.323830e-02
6.215965e-02
1.315963e-01
4.768517e-02
5.795548e-02
5.317829e-02
5.703110e-02
8.869423e-02
5.004189e-02
2.817552e-03
4.971255e-02
5.724950e-06
1.232984e-01
2.035585e-03
7.785748e-03
6.376665e-03
1.085937e-03
1.444761e-02
8.269557e-02
3.044157e-03
2.223790e-01
5.647519e-03
6.300793e-02
6.210968e-02
7.686879e-06
3.075606e-02
1.097369e-03
1.472944e-01
6.255900e-02
1.090597e-03
4.693375e-03
8.913052e-02
4.186666e-02
9.548709e-03
7.188989e-02
3.176543e-02
2.405002e-02
4.142966e-02
7.286478e-02
2.233788e-02
3.912131e-02
1.349933e-02
3.964999e-03
3.000665e-04
2.390974e-02
2.153146e-02
3.945028e-05
2.211376e-05
3.048629e-02
1.912006e-01
1.805300e-02
3.054499e-02
1.247537e-02
1.737879e-02
2.600907e-02
1.130030e-01
1.154380e-03
4.727581e-03
1.440835e-02
2.200135e-02
3.716944e-03
3.809176e-02
1.969830e-02
2.246599e-02
1.847708e-02
3.152344e-01
2.854701e-02
1.812298e-03
9.815718e-02
9.499158e-03
3.155536e-02
1.440259e-02
3.870598e-03
9.118279e-03
7.999131e-02
5.624066e-02
5.709588e-03
1.475720e-01
2.084756e-02
4.956887e-02
3.306656e-02
4.727258e-02
7.923250e-02
1.177733e-01
3.454291e-03
6.053532e-02
7.914614e-02
5.419975e-02
9.915190e-03
2.898640e-01
5.819029e-02
1.183272e-02
4.308425e-03
3.671971e-02
3.862044e-02
1.117891e-04
1.411517e-02
5.682444e-02
3.614139e-03
1.345602e-02
3.145892e-03
4.113437e-02
2.374671e-05
3.760894e-03
3.576098e-03
5.599888e-02
9.181557e-03
4.410100e-02
1.288865e-01
5.115005e-02
3.965408e-03
8.575812e-03
8.824689e-05
4.585937e-04
1.053440e-01
7.853294e-02
1.849752e-01
1.511439e-02
6.600172e-02
6.754527e-04
2.016376e-02
4.140163e-02
1.162571e-01
1.306489e-04
9.954025e-03
8.785894e-03
9.160588e-03
3.028836e-06
5.286103e-03
1.624404e-01
4.941962e-02
4.661296e-03
1.041864e-06
6.291532e-03
2.849355e-02
5.507754e-02
2.550982e-02
2.070625e-02
8.269447e-03
3.031536e-03
1.307726e-01
1.119170e-03
1.265719e-03
