1.186822e-02
2.531475e-02
9.062893e-04
2.154074e-02
2.668683e-03
2.124821e-02
2.806282e-03
1.279872e-03
2.144610e-03
1.236050e-02
1.360374e-02
1.543008e-01
2.996573e-05
1.291150e-02
2.100576e-06
1.055494e-01
5.291332e-02
8.698372e-03
1.316997e-03
7.381939e-02
1.031417e-02
7.588605e-03
3.428589e-02
1.892964e-01
3.863610e-03
5.810674e-03
7.819224e-02
1.451023e-01
6.265088e-02
3.437587e-02
3.547943e-02
1.663979e-01
1.510300e-04
1.950553e-01
1.441471e-01
5.378727e-02
6.489178e-02
3.669074e-03
2.512479e-03
8.129660e-03
9.326381e-03
1.128957e-02
8.235702e-02
1.624978e-01
2.576448e-04
1.723223e-02
6.676490e-04
1.207547e-06
5.408955e-02
5.297512e-03
6.228616e-02
1.056586e-03
1.106597e-01
3.294533e-02
1.226295e-01
3.897290e-03
8.609033e-03
4.160206e-03
4.391075e-05
3.038087e-02
3.270185e-03
6.235794e-02
2.403147e-02
1.753900e-02
2.463755e-02
2.208451e-02
1.602747e-01
3.347396e-01
7.279607e-03
1.803194e-03
6.611022e-02
9.344299e-05
1.671833e-01
1.147265e-01
2.923290e-01
2.936310e-03
2.536267e-02
3.609548e-04
2.506638e-01
6.743334e-04
1.570615e-02
1.101577e-02
6.324016e-05
9.482187e-02
5.885365e-04
1.045584e-01
5.667647e-04
3.874217e-02
5.428920e-02
8.190479e-02
7.673729e-06
1.615101e-02
8.769125e-03
6.218576e-03
9.587690e-02
2.961225e-02
1.643419e-02
3.053017e-07
3.566364e-01
3.684833e-03
5.185522e-03
2.826969e-04
5.560699e-02
3.233495e-02
2.557136e-02
1.857004e-02
3.621023e-04
7.604891e-03
1.682863e-01
3.394294e-02
3.295736e-01
1.898627e-02
8.658624e-04
1.716146e-02
5.542516e-01
2.928093e-01
1.494648e-03
8.731051e-02
1.764194e-03
6.088282e-02
8.386639e-03
3.166647e-04
6.503623e-02
4.363712e-02
1.493578e-01
9.016086e-03
6.642655e-04
6.963206e-03
1.587111e-02
7.869512e-03
1.551325e-01
5.167776e-04
3.909047e-02
3.269510e-02
3.452815e-02
4.504716e-03
2.403173e-01
2.467708e-02
4.436756e-02
1.602776e-04
1.201339e-01
5.893137e-04
1.070730e-03
2.326645e-02
1.175068e-02
4.809487e-02
3.565504e-02
5.223600e-02
5.898636e-04
3.520828e-03
4.712774e-04
1.744882e-02
2.154246e-05
3.565987e-02
8.493863e-02
9.584502e-02
5.757221e-04
3.270825e-03
5.798258e-03
1.006784e-01
8.670035e-02
1.946911e-02
1.886412e-03
1.636587e-04
4.213163e-02
2.008935e-01
8.407573e-04
4.400243e-05
1.973741e-02
1.097280e-01
2.290993e-02
1.023376e-03
1.553941e-02
1.031349e-01
1.402148e-02
9.929332e-04
1.330590e-03
6.111548e-02
4.446793e-03
1.857469e-01
3.221421e-04
1.019712e-01
1.162436e-03
4.479813e-03
2.333486e-03
3.018565e-02
3.693182e-03
3.855213e-04
1.076175e-03
1.550566e-02
1.754187e-04
6.488398e-02
1.355659e-02
3.855403e-02
4.514086e-03
4.094371e-04
2.209575e-02
5.958414e-02
4.432371e-02
1.278048e-04
1.123742e-02
1.480878e-03
9.196793e-03
6.107677e-02
4.120882e-03
5.514597e-03
3.281779e-03
4.665289e-04
1.191848e-02
1.200138e-01
3.100778e-01
2.168238e-02
1.837032e-02
4.821052e-06
1.292205e-02
8.903163e-02
2.658439e-02
1.224963e-02
1.111650e-02
3.759050e-02
6.139347e-02
4.545306e-02
2.608600e-02
4.592959e-01
6.659046e-03
1.400864e-01
7.323661e-03
6.263459e-02
1.097824e-02
1.439449e-02
9.395588e-03
6.003800e-02
8.029704e-02
5.019730e-03
1.691628e-05
2.980330e-02
5.144727e-03
2.004237e-01
8.560452e-04
1.509602e-02
4.482721e-02
5.404552e-02
1.309723e-03
8.781472e-03
9.165697e-04
8.415911e-02
4.796856e-02
4.991869e-03
3.444920e-02
7.681577e-04
2.016170e-04
4.208359e-02
2.442715e-02
6.076844e-03
1.197182e-01
4.994161e-02
1.235564e-01
8.925246e-03
1.205283e-01
9.207798e-02
1.210839e-01
8.331053e-05
1.174652e-01
4.200298e-02
1.631383e-02
1.363263e-04
5.957951e-02
5.397724e-03
1.408956e-02
1.854247e-03
1.628333e-03
1.220860e-02
2.310961e-02
1.304066e-02
1.893340e-01
1.012358e-04
5.481703e-02
4.929705e-02
2.472330e-04
3.687986e-01
6.675295e-04
5.497643e-04
1.118655e-01
5.895375e-03
5.490855e-03
6.707589e-02
8.653974e-02
9.131490e-03
3.195199e-03
1.045684e-02
3.457943e-02
6.104586e-03
1.205513e-01
1.206728e-03
1.231336e-01
7.757409e-02
1.438218e-02
1.148169e-01
4.926506e-03
1.082259e-03
3.816908e-02
9.019268e-04
2.434371e-03
9.873471e-04
1.541651e-03
1.954746e-04
9.944226e-02
2.010397e-02
5.050459e-03
6.002443e-02
1.334612e-02
5.166000e-02
1.052167e-02
3.543457e-02
1.443872e-02
1.359449e-04
2.022516e-02
2.877114e-02
2.430606e-03
3.997523e-02
1.776908e-01
7.173789e-03
1.408409e-02
4.153486e-02
1.003901e-02
6.695411e-04
2.304467e-02
7.479697e-02
6.975444e-03
2.935321e-05
1.356007e-02
2.599246e-03
6.797208e-02
1.570946e-02
6.272590e-03
9.537734e-02
4.075658e-02
1.058551e-02
9.698806e-03
5.156593e-02
3.492123e-03
2.098164e-04
1.415979e-01
9.460132e-02
1.647039e-03
2.904335e-03
2.181244e-03
2.464440e-02
1.316414e-03
1.659847e-02
1.748160e-02
1.739652e-02
1.868328e-02
7.764896e-03
7.720019e-02
7.197865e-02
1.397833e-02
7.849900e-02
1.090964e-01
8.957422e-03
5.742717e-02
1.582347e-03
4.346464e-03
2.742382e-03
2.647302e-03
8.542855e-05
3.325227e-02
4.787988e-05
9.219087e-03
1.325847e-02
3.166711e-02
4.464507e-03
2.373380e-02
1.257129e-02
4.637014e-02
6.474751e-02
2.407577e-03
6.237482e-02
6.610153e-04
9.417508e-03
2.122208e-02
5.352863e-02
5.932306e-02
8.953490e-04
4.603367e-02
3.821141e-04
3.685099e-02
4.147389e-06
6.078970e-03
6.271878e-02
2.363027e-02
1.038545e-02
6.570625e-03
3.662935e-02
8.739438e-02
2.945523e-02
5.900934e-02
2.716243e-02
1.417417e-01
3.673672e-03
2.819422e-02
4.535818e-02
1.036340e-01
1.289944e-01
5.185210e-02
6.955454e-02
6.677899e-02
2.633731e-02
4.090422e-02
4.004417e-01
1.488590e-03
5.016969e-02
3.055976e-07
1.593498e-02
1.248417e-01
1.080843e-01
1.156095e-04
7.429922e-02
8.463285e-03
1.873381e-03
1.518032e-02
6.589997e-02
7.104071e-03
4.267672e-03
9.101856e-02
3.618653e-03
3.146404e-03
2.820281e-02
1.369703e-03
1.227991e-01
7.576053e-02
4.490330e-02
1.483907e-01
4.686528e-02
3.147839e-03
1.341632e-01
8.627284e-03
5.133672e-02
4.811314e-02
1.647013e-03
4.773327e-03
2.187419e-02
1.500529e-01
8.056395e-02
3.244200e-01
2.333092e-02
1.957929e-01
3.290488e-03
4.531844e-02
1.582674e-02
1.534294e-01
6.931365e-02
1.784794e-01
7.210916e-02
1.055152e-02
3.167978e-01
1.629706e-03
2.528456e-04
2.091261e-02
1.113947e-01
2.114589e-05
2.508404e-01
4.258657e-02
1.032305e-03
7.917311e-03
1.240233e-02
3.714619e-03
4.926791e-02
1.126673e-01
1.617331e-01
2.813767e-03
5.853444e-01
1.526656e-02
5.572304e-02
5.287923e-04
1.379580e-02
1.168233e-01
8.250967e-02
9.748406e-03
3.382895e-02
2.684994e-02
4.267753e-03
6.328547e-03
4.389470e-03
2.062561e-02
1.118063e-01
1.230606e-02
2.794317e-02
2.196244e-02
3.093886e-04
8.402520e-02
1.392637e-02
9.889250e-03
6.638476e-02
3.236596e-01
5.279645e-02
2.112841e-02
3.935841e-02
2.481970e-02
3.592698e-02
1.025030e-01
3.262505e-03
1.740520e-02
5.385286e-03
3.044020e-03
5.796866e-02
1.201885e-04
6.533907e-01
8.568018e-04
8.952064e-03
8.520180e-02
2.651019e-02
5.662278e-02
2.062027e-02
1.132659e-03
3.366029e-05
1.131695e-03
2.656919e-04
5.797516e-03
5.459547e-01
5.244300e-03
7.893724e-02
5.425692e-02
1.792440e-02
5.545631e-03
1.306321e-01
6.478694e-03
3.231834e-02
5.533032e-02
9.362342e-02
2.622365e-02
1.277395e-02
7.365392e-02
8.241290e-02
8.272218e-02
3.892673e-02
3.678706e-02
4.455304e-03
2.790269e-03
3.366275e-03
4.314858e-01
5.636688e-03
3.213543e-03
2.444041e-01
2.820964e-02
7.736760e-02
1.231614e-01
9.812857e-03
2.172106e-02
9.196101e-05
2.155387e-02
1.990065e-01
4.172235e-03
4.863264e-04
7.290270e-03
6.316598e-02
2.103401e-01
6.641330e-02
6.272156e-02
3.722833e-03
2.652205e-03
2.826230e-04
7.820001e-02
3.050909e-01
8.433936e-02
3.905882e-03
3.247889e-01
1.329230e-01
7.873256e-03
1.006066e-02
4.174619e-01
5.756948e-02
5.009205e-02
1.869184e-01
8.433962e-02
1.086063e-03
6.430296e-05
8.329268e-05
5.926178e-03
2.516720e-02
6.509145e-03
6.132085e-02
7.382788e-02
3.868689e-02
8.947987e-03
5.925200e-02
1.039835e-01
1.439940e-02
3.415329e-02
2.932341e-03
5.992116e-02
1.035844e-01
8.761928e-03
4.640325e-02
