4.784837e-02
8.409744e-04
5.896635e-02
6.918783e-03
2.663201e-01
7.572240e-03
8.064420e-04
5.966531e-02
1.680477e-01
5.174684e-02
2.750799e-01
1.495846e-01
1.929427e-02
2.967671e-02
1.048489e-01
1.898457e-01
5.362766e-04
4.559396e-03
5.785194e-03
2.596372e-01
1.979895e-03
2.793754e-01
2.887142e-02
1.894338e-03
2.354127e-03
6.594321e-02
3.051793e-02
2.156024e-02
1.160589e-01
2.104832e-01
2.550778e-02
3.128423e-02
5.100204e-03
1.813281e-03
5.218865e-03
1.752374e-02
2.434196e-02
6.556851e-02
7.188627e-02
1.051394e-01
7.837030e-04
1.120525e-02
4.158027e-02
1.958261e-02
1.662801e-02
1.382636e-02
1.740612e-04
2.296910e-04
8.708250e-02
1.473767e-01
4.345395e-04
2.399746e-02
1.981408e-01
5.221492e-02
1.869971e-02
1.359535e-03
1.042324e-02
1.589174e-02
1.092736e-01
9.634078e-03
6.289072e-02
9.058047e-03
1.166867e-03
7.141044e-01
1.099188e-01
1.305572e-01
2.229707e-02
7.562516e-03
4.772637e-02
6.629597e-02
3.663579e-02
3.943243e-03
4.939966e-02
5.341664e-03
4.119729e-02
1.335273e-01
6.829086e-02
1.146658e-01
1.155721e-01
3.374760e-02
3.292262e-02
9.593637e-02
2.013935e-02
1.944494e-02
7.124576e-02
9.002121e-03
2.109441e-01
8.771493e-03
1.473889e-03
3.560390e-02
1.240059e-01
1.323883e-01
2.151439e-03
7.843820e-03
1.478298e-03
2.638056e-03
1.517165e-01
8.953078e-03
2.696230e-01
2.478659e-02
5.781926e-02
1.178172e-02
5.074849e-02
2.223645e-02
2.039749e-03
5.109338e-02
2.982952e-02
4.633532e-02
2.113843e-02
1.601218e-02
5.625569e-02
3.846032e-02
7.266531e-03
9.458268e-02
1.250413e-02
3.646676e-03
1.208246e-02
1.055402e-02
3.120774e-01
6.583929e-03
6.943781e-04
1.156093e-01
2.329403e-02
6.441826e-03
6.044713e-03
1.067545e-04
9.451867e-03
7.239004e-03
1.700223e-01
1.688844e-02
8.426633e-02
1.678383e-02
2.132036e-02
1.554692e-02
3.088600e-01
5.721626e-04
1.196753e-01
6.564026e-03
6.836107e-02
4.026110e-02
2.966600e-01
2.653712e-02
6.980373e-04
2.754629e-02
1.047646e-01
2.028558e-02
1.677661e-02
2.308574e-02
6.177789e-03
1.457866e-02
5.231067e-02
1.059378e-03
3.775332e-03
8.452879e-03
3.672586e-02
2.032095e-03
2.001349e-01
6.170348e-02
1.901602e-01
8.963702e-05
2.647558e-02
7.789717e-02
1.720751e-02
1.559987e-02
9.958267e-03
4.934725e-03
2.298163e-01
3.415136e-01
6.070487e-02
5.319177e-03
2.098667e-01
6.591650e-03
2.204110e-01
4.182943e-04
3.724250e-03
4.161662e-02
9.051431e-04
7.161174e-02
2.076294e-01
6.819959e-02
2.518039e-02
2.035072e-02
5.524548e-02
1.831221e-02
5.415844e-02
1.278990e-01
1.405731e-02
5.378055e-02
3.720326e-02
2.691092e-03
1.264439e-01
2.099866e-01
1.286991e-01
1.283172e-02
4.066298e-02
4.795601e-03
9.758778e-02
1.408598e-02
1.113602e-03
2.355368e-04
4.346731e-02
4.730531e-02
1.924115e-02
8.467870e-03
3.863345e-02
1.161434e-03
1.451612e-01
1.153344e-01
1.442031e-03
3.489421e-02
4.239752e-01
1.050835e-01
4.462260e-02
2.359903e-04
1.673488e-03
8.790742e-03
3.482414e-03
1.357241e-02
2.001531e-02
2.102210e-01
1.967840e-02
2.498125e-01
7.505955e-02
4.762084e-03
4.990859e-02
6.099357e-03
1.834112e-02
7.961768e-04
9.679496e-02
1.213828e-02
1.989568e-01
5.856850e-02
1.327001e-03
2.897167e-02
1.649093e-02
2.484941e-04
7.675836e-03
4.952432e-02
9.246504e-02
6.464334e-03
2.196791e-05
7.717735e-02
1.286291e-03
9.932329e-03
1.142412e-02
1.353251e-01
2.240478e-04
2.073147e-02
2.505424e-02
1.115886e-01
9.584720e-02
3.426754e-01
9.920324e-03
3.301431e-02
3.841082e-02
1.176244e-01
1.549587e-02
5.477650e-08
7.306021e-03
1.140809e-01
2.153737e-01
2.356295e-01
6.955456e-02
3.573503e-02
5.913269e-02
1.318341e-02
4.176866e-02
1.227376e-02
1.327550e-01
1.404033e-01
3.999176e-03
1.491053e-02
8.697739e-01
1.573728e-01
1.954160e-01
6.014938e-04
1.684655e-03
4.879472e-04
6.511299e-02
8.221632e-02
1.698159e-02
2.805012e-02
5.285510e-02
5.253272e-03
1.195505e-02
4.076453e-05
4.231932e-03
4.063930e-02
3.251955e-03
2.207228e-02
1.278564e-02
9.140368e-03
6.248989e-02
6.916984e-02
2.898084e-01
3.075780e-02
1.519611e-02
4.423617e-03
2.467893e-02
3.030914e-02
5.172325e-02
8.716060e-02
4.625924e-02
7.221942e-04
5.911716e-02
3.131226e-01
5.303755e-02
2.066124e-02
2.809600e-03
1.797295e-02
1.825710e-01
1.015510e-03
1.941064e-02
7.929067e-02
3.790595e-02
4.047445e-04
3.937669e-04
5.499933e-02
3.230623e-02
2.061164e-01
7.139943e-02
2.022934e-01
7.178653e-02
4.817506e-03
1.048797e-03
3.289445e-02
6.875586e-03
1.241678e-03
1.538603e-03
3.757432e-03
2.796595e-02
1.065991e-02
3.205701e-03
2.405892e-02
9.156019e-02
6.762083e-03
5.184703e-02
6.363339e-02
1.100774e-01
1.465763e-01
4.254508e-02
3.085237e-02
2.229204e-03
1.106499e-01
4.032849e-02
4.343926e-02
2.683508e-03
7.711490e-04
1.350538e-02
6.652053e-05
1.512762e-02
1.558884e-02
5.012245e-02
9.228975e-02
1.866146e-02
3.981447e-02
8.387576e-03
2.219168e-04
7.321173e-04
7.122164e-02
2.551750e-02
2.561487e-02
9.509158e-05
8.540008e-02
1.565170e-02
5.560194e-03
1.466029e-02
3.037992e-03
3.045288e-03
3.013741e-02
9.366336e-02
1.528484e-03
1.305509e-01
1.367135e-02
1.090060e-01
1.301034e-02
1.338972e-02
7.051200e-04
1.416529e-02
3.777620e-02
1.001723e-02
1.152942e-02
2.076009e-04
1.526420e-02
2.818184e-05
7.712772e-02
1.081353e-01
3.836058e-03
2.365959e-02
6.945241e-03
5.070836e-02
6.961326e-03
2.329843e-03
8.261080e-02
1.251528e-02
1.106202e-04
2.783068e-02
3.105302e-04
2.202011e-01
2.139971e-03
1.219533e-02
2.567152e-02
6.770356e-03
1.372819e-02
2.960954e-02
3.924443e-03
7.086851e-02
9.752807e-04
1.060385e-04
3.043121e-02
5.099050e-02
5.915109e-02
9.155390e-04
4.607071e-03
4.411119e-03
8.487588e-02
1.367034e-01
6.051736e-02
1.328041e-03
2.614833e-02
8.889282e-02
1.062173e-01
1.463285e-03
1.191953e-05
1.799335e-02
4.185310e-02
3.353955e-01
2.230099e-02
8.517350e-03
1.129433e-02
4.990215e-03
3.128118e-02
2.180886e-02
3.509754e-03
5.960178e-03
7.934466e-03
1.068702e-01
6.540755e-02
9.217473e-05
1.795934e-04
3.172364e-02
1.464633e-02
8.554745e-03
1.808131e-05
1.168445e-03
2.761646e-01
3.101510e-02
5.047030e-03
3.790110e-02
1.610713e-02
4.400358e-02
2.260339e-03
2.352475e-01
5.446709e-02
7.929866e-02
1.224563e-04
1.289164e-02
1.626316e-02
1.322573e-01
3.157754e-03
4.045095e-03
4.864057e-02
8.240002e-02
5.236942e-02
1.602805e-02
1.145630e-02
2.677662e-02
2.880111e-03
3.882234e-02
8.862418e-03
3.080941e-02
7.827027e-03
1.251354e-01
1.250245e-02
4.297665e-04
2.327883e-02
1.042109e-01
3.740002e-02
2.542785e-02
1.628745e-02
2.891584e-02
2.043005e-02
1.043362e-02
2.109128e-02
8.062346e-02
1.467313e-02
1.841013e-04
1.455620e-01
1.726892e-02
6.053158e-02
1.553361e-01
2.997123e-03
6.444467e-04
4.709466e-03
4.669821e-02
3.347654e-02
4.795717e-02
1.068118e-02
5.018123e-03
1.305575e-03
5.699739e-02
6.694458e-02
4.350206e-04
1.966736e-02
1.171631e-02
3.575447e-04
1.104405e-01
1.468824e-01
5.754960e-02
2.229139e-02
5.063077e-06
4.386810e-02
1.933058e-03
5.401901e-04
3.301746e-02
2.176400e-01
1.771343e-02
1.984518e-01
1.758423e-02
4.284233e-01
3.783702e-03
2.052528e-01
1.615070e-02
1.726234e-03
9.704407e-03
8.765696e-02
9.798177e-05
2.114241e-03
1.313554e-02
6.662521e-02
6.723440e-04
2.525102e-01
7.273513e-03
4.994168e-02
1.452784e-03
7.991824e-03
2.901714e-02
5.334500e-02
9.043540e-03
2.922227e-02
1.842926e-01
1.974133e-02
1.297454e-03
7.697846e-04
1.998209e-02
1.220393e-01
2.346342e-04
8.347836e-03
2.524082e-02
1.657318e-06
1.188555e-01
1.332406e-03
5.514035e-03
2.670779e-02
2.629058e-03
6.590636e-02
9.228246e-02
1.277108e-02
4.716051e-03
2.645667e-02
1.886256e-02
2.642990e-04
7.183681e-03
4.201656e-03
4.454305e-02
1.190906e-01
1.548078e-02
1.243975e-02
1.767934e-02
3.432690e-02
6.120945e-02
2.070787e-01
1.189517e-02
1.021502e-04
7.965185e-02
5.674721e-02
6.416922e-03
1.161310e-01
1.263700e-02
4.778507e-02
7.094273e-03
1.146967e-02
1.251969e-01
3.192964e-03
4.431375e-02
4.923712e-02
3.316031e-02
1.279573e-01
2.100514e-02
2.350556e-02
1.069376e-01
2.538133e-04
2.227985e-02
9.724940e-03
