4.211448e-03
1.727375e-03
1.089273e-01
2.103199e-02
9.254203e-02
6.265854e-04
3.250269e-02
1.279961e-01
1.031869e-04
5.840069e-02
2.226612e-02
7.704837e-02
7.926158e-02
7.835944e-03
2.505579e-03
5.539017e-02
2.781700e-02
4.798127e-02
9.219114e-03
7.630951e-02
2.591403e-04
4.176793e-02
3.966107e-04
7.085614e-04
2.030469e-03
3.634781e-02
1.822450e-02
1.841414e-02
1.336079e-01
1.039647e-01
3.605751e-03
6.572761e-02
5.006994e-02
1.234612e-02
8.072845e-02
3.694218e-03
2.182369e-02
1.988643e-04
2.876011e-02
3.245653e-02
1.435407e-02
3.332791e-02
6.384550e-02
2.786910e-03
1.413123e-02
9.038593e-03
9.038116e-03
3.840183e-02
1.971461e-04
1.977939e-01
1.997340e-01
6.939626e-03
3.040529e-02
4.262540e-03
3.109540e-05
1.355218e-01
2.859916e-03
9.361520e-03
8.619489e-03
7.362596e-02
8.580717e-08
9.393494e-02
6.129408e-03
1.825654e-02
1.751669e-01
4.005243e-02
3.811995e-04
1.443227e-03
2.730663e-03
3.438745e-02
5.849845e-02
6.773293e-03
1.534740e-03
6.236427e-03
2.902740e-01
1.567622e-01
4.564893e-02
1.593298e-02
2.298160e-02
8.534214e-03
4.982239e-03
3.707550e-02
7.455785e-02
3.804731e-02
7.743654e-02
8.085217e-04
4.235568e-02
5.046466e-02
2.613593e-05
2.962947e-04
2.254443e-04
3.070225e-01
5.255399e-04
2.981240e-02
6.719575e-03
5.869594e-03
2.437639e-01
6.945369e-02
3.629585e-02
4.248380e-03
2.303968e-01
2.500511e-02
2.710931e-01
2.494700e-02
5.846556e-02
2.114515e-02
5.272908e-04
4.411022e-02
4.807379e-04
1.296393e-01
5.711733e-02
1.083647e+00
7.717965e-02
3.050421e-02
9.398369e-02
4.951746e-02
6.214084e-04
2.205586e-01
5.104033e-06
2.750221e-02
3.843213e-01
1.103093e-02
2.013635e-01
5.489465e-03
1.919249e-03
2.089480e-03
5.254969e-03
2.811583e-02
1.646378e-02
6.518774e-03
9.824262e-04
9.968195e-02
3.584446e-03
6.249302e-02
9.835870e-02
4.764141e-02
9.766243e-02
1.863199e-02
1.828799e-02
1.013620e-01
1.070690e-02
6.467062e-02
1.273548e-04
1.086511e-01
1.181688e-01
7.792623e-02
6.600357e-02
1.633410e-02
1.635780e-02
5.198960e-03
1.110538e-01
2.158610e-02
2.771480e-02
3.144680e-03
2.970958e-02
2.151815e-02
3.957179e-02
1.157852e-03
1.435828e-02
2.786091e-02
1.246211e-01
4.082868e-03
8.144042e-02
2.406121e-01
1.300408e-02
4.436163e-01
3.340718e-03
4.667701e-02
1.785805e-02
1.468309e-02
4.294675e-02
6.425036e-03
4.298016e-03
4.011427e-03
3.972678e-02
1.785575e-01
5.291333e-02
1.015215e-01
2.546508e-03
1.601907e-02
8.173614e-04
3.439900e-02
5.301197e-02
2.269225e-02
9.949965e-03
7.932573e-03
2.455270e-02
3.940532e-03
6.073001e-03
1.317968e-01
2.798425e-02
3.162877e-02
6.160654e-03
2.777127e-02
9.074004e-02
2.049387e-02
3.143539e-03
6.482471e-02
3.595308e-02
1.679697e-01
5.645892e-03
1.070897e-01
2.885064e-02
5.290209e-02
3.457351e-03
2.582870e-02
6.680173e-02
1.121789e-02
2.526139e-02
5.351905e-03
2.205436e-02
2.824242e-02
1.397361e-03
2.195616e-02
4.909853e-03
7.576864e-03
2.283944e-03
1.485136e-04
8.924687e-03
2.272970e-01
5.836569e-03
5.110576e-03
1.314224e-01
1.392756e-01
1.654926e-03
4.888849e-04
1.248338e-01
7.846320e-02
1.316425e-02
3.073290e-03
4.655962e-05
2.307912e-02
8.349875e-03
1.680944e-03
1.487058e-05
6.634633e-02
8.130791e-02
6.180633e-02
2.581038e-03
3.583084e-02
2.538555e-04
1.661133e-03
8.510746e-03
3.033372e-02
4.292613e-02
4.694028e-01
5.490039e-03
2.039738e-02
4.735196e-03
5.181235e-03
3.334591e-02
2.911328e-04
1.308775e-02
3.305336e-03
5.294943e-02
2.425517e-02
3.285015e-02
7.976169e-02
4.604934e-04
4.442691e-01
1.116750e-01
1.042521e-02
6.893530e-05
5.161310e-02
1.375758e-03
3.267529e-02
9.437914e-02
9.904717e-02
1.713542e-02
1.531653e-05
1.644214e-02
2.028109e-01
2.373823e-01
4.740333e-02
2.879920e-02
1.688994e-01
4.686613e-02
5.333235e-02
1.622013e-03
2.367110e-02
3.356272e-03
3.663296e-03
3.855600e-02
7.105880e-02
4.076302e-03
1.211272e-01
1.601689e-02
3.114086e-02
3.078404e-01
2.527179e-02
2.224770e-02
1.829644e-03
4.304074e-02
3.382806e-03
2.208096e-01
4.691395e-02
4.877579e-02
2.994644e-03
5.333419e-01
4.620365e-03
8.787972e-03
1.562026e-02
1.788231e-04
1.242522e-01
6.221833e-04
1.701035e-01
4.062175e-03
7.730234e-02
1.280990e-01
6.654401e-05
7.633853e-02
7.394428e-02
3.065994e-02
9.027987e-03
2.840319e-04
2.999954e-03
2.956498e-03
2.881321e-02
1.046102e-02
5.132601e-02
6.499387e-03
4.225520e-02
1.654005e-02
2.480310e-02
5.898041e-03
1.911549e-01
4.333594e-02
6.788672e-01
1.587909e-01
8.468699e-03
2.400601e-02
5.592290e-03
4.603965e-01
3.810451e-03
1.412091e-01
4.536343e-02
4.641777e-01
3.194774e-03
1.887472e-03
1.694517e-03
9.962837e-02
4.235311e-04
5.077430e-03
1.335347e-02
1.224222e-03
1.772154e-02
1.165197e-02
1.681830e-02
2.191859e-02
2.338313e-01
1.055975e-01
1.760442e-02
5.355901e-03
3.840837e-03
6.630979e-03
3.929479e-02
3.588496e-04
9.699146e-03
8.279011e-02
1.233200e-01
9.622048e-02
1.067818e-01
3.570361e-02
2.917839e-02
5.612425e-04
6.285774e-03
7.537730e-04
6.953659e-02
6.115277e-02
1.322835e-04
4.714071e-02
1.012952e-01
1.887265e-01
1.186502e-01
7.925301e-02
1.602437e-02
5.125371e-03
2.946491e-02
3.713811e-02
2.169348e-01
6.484630e-02
1.191215e-04
3.689320e-02
7.260323e-03
4.265738e-02
1.867371e-02
1.013056e-01
1.099600e-03
5.703367e-03
3.130510e-04
5.320500e-02
1.576697e-01
6.158241e-03
4.255266e-02
7.012747e-03
5.953435e-02
2.012826e-04
9.968670e-02
1.509246e-02
6.780324e-02
1.278117e-02
4.047879e-02
1.167288e-01
7.853377e-02
1.090148e-02
1.316588e-04
1.828192e-02
2.065620e-01
7.804556e-03
5.533953e-02
3.014814e-04
8.259373e-04
5.991509e-02
9.088333e-03
5.558016e-02
3.233280e-03
2.984412e-02
1.428669e-03
4.474219e-02
2.750881e-01
2.038031e-03
9.295081e-02
1.358562e-01
1.239463e-03
4.635665e-04
6.585652e-02
7.278703e-02
3.530182e-03
3.580051e-02
1.799015e-02
2.893852e-02
1.057308e-02
1.468320e-02
2.049590e-01
1.006331e-02
6.478967e-02
6.675269e-02
1.381651e-02
2.432596e-03
5.598134e-03
7.841607e-02
1.056451e-03
7.395746e-03
6.065433e-01
4.923334e-04
2.627854e-02
1.949634e-03
1.298857e-03
1.751622e-02
4.922387e-02
3.095542e-07
1.686942e-02
5.484591e-03
8.052844e-02
4.802608e-02
7.015087e-03
4.035189e-02
8.182271e-03
3.534086e-02
1.236212e-04
3.137744e-01
2.335081e-02
1.645262e-02
2.591687e-02
2.488398e-02
1.676341e-03
2.475846e-03
7.978100e-02
1.097359e-02
7.426889e-02
3.581926e-03
3.770284e-01
2.364766e-01
4.381210e-02
3.329673e-03
8.925326e-04
1.975203e-04
1.082430e-03
2.332769e-02
8.084154e-05
3.247813e-04
2.476940e-02
1.536338e-02
3.605057e-03
3.664932e-04
4.719425e-04
1.435767e-02
6.072002e-02
4.121352e-02
1.486592e-02
2.755066e-02
8.327323e-03
4.950660e-02
2.046413e-04
8.948531e-04
3.035569e-02
1.276167e-01
1.690135e-02
3.802132e-02
1.643541e-01
2.119425e-02
2.928340e-02
1.528698e-02
2.295190e-02
5.520865e-03
1.692489e-03
1.039333e-01
4.610946e-01
3.415241e-02
1.072200e-03
1.710415e-01
6.994374e-02
4.906643e-02
6.542619e-04
3.673973e-02
1.268278e-03
8.661024e-02
2.245892e-01
4.397376e-02
1.664814e-01
1.589068e-01
4.684517e-02
7.083295e-02
6.830249e-02
3.833841e-03
7.326879e-02
6.792069e-02
3.770728e-02
4.977253e-04
4.987108e-02
4.470708e-02
3.951836e-03
1.336326e-02
2.682837e-02
1.463187e-03
1.380694e-02
7.979366e-03
4.275198e-04
1.315590e-01
1.383695e-01
7.261391e-01
1.248175e-02
2.797968e-03
1.422654e-02
1.720057e-01
1.277019e-02
1.310145e-01
3.206574e-02
4.962196e-03
1.075776e-02
3.015089e-02
3.819005e-03
3.491688e-02
6.766121e-03
1.133299e-02
1.371625e-01
5.384666e-02
1.338754e-01
6.780153e-02
1.922224e-02
1.928444e-02
2.175737e-02
9.554756e-02
7.355878e-04
2.786346e-02
2.257430e-03
2.025308e-01
7.663355e-04
4.121893e-03
5.859451e-02
6.826113e-02
1.297410e-04
8.317417e-04
5.509849e-02
1.288670e-03
2.648603e-02
1.445706e-03
1.584585e-02
1.418669e-02
5.234369e-02
2.226768e-03
7.047333e-02
1.174559e-03
3.807744e-02
5.722328e-02
4.010950e-02
3.829062e-02
6.777553e-02
3.630983e-03
1.216467e-01
2.052547e-01
2.324736e-02
6.676975e-02
1.443985e-02
