3.652431e-04
1.596742e-01
2.182603e-02
7.801339e-02
2.471408e-02
5.541339e-04
1.202006e-01
1.668891e-01
1.687675e-01
1.042860e-01
2.755758e-02
5.210179e-03
1.919518e-01
7.014616e-04
5.711412e-02
2.551338e-04
1.212224e-03
1.032227e-01
9.629330e-08
3.296223e-02
7.372233e-03
2.772285e-02
1.430756e-01
6.039071e-02
1.042405e-02
9.058810e-03
3.397504e-03
7.470454e-05
1.208959e-01
1.461796e-04
2.209872e-02
2.143020e-01
2.921896e-02
1.666613e-05
5.709374e-02
2.175659e-02
2.132686e-02
7.747658e-03
1.765526e-03
8.191342e-02
4.941660e-03
1.498959e-03
1.248980e-02
6.415497e-02
2.981019e-02
3.958781e-03
2.555158e-02
8.934027e-02
2.710271e-01
3.520346e-04
3.521504e-03
2.991538e-02
5.561086e-04
5.931123e-03
8.406763e-02
2.727175e-02
5.300184e-02
1.390197e-03
9.280433e-03
7.653330e-02
7.577478e-02
2.570859e-04
2.600755e-06
5.597612e-02
1.134566e-01
6.080797e-04
2.182794e-02
4.183931e-03
3.765171e-01
1.371044e-02
3.717785e-01
9.537437e-02
1.174479e-01
3.908051e-01
1.431796e-02
1.818203e-01
5.595368e-02
4.076528e-03
1.370572e-02
2.474012e-02
1.042754e-02
2.385797e-02
1.042116e-02
4.999431e-03
1.672125e-02
6.193016e-02
1.514591e-02
7.290814e-02
3.269036e-01
1.864943e-04
1.931795e-02
2.738872e-03
1.593312e-02
2.605069e-01
1.282207e-01
3.189126e-02
1.841349e-03
1.196106e-01
2.438005e-02
7.028370e-02
1.369521e-02
4.048695e-02
9.639941e-02
1.341285e-02
5.573166e-02
3.142081e-03
8.531587e-03
5.204935e-02
1.652870e-02
3.498806e-02
4.844142e-02
5.109247e-02
1.425092e-01
2.192041e-01
1.465612e-02
3.184950e-02
1.371899e-01
3.998804e-04
8.424134e-02
1.678384e-01
4.047324e-02
3.814210e-02
2.079688e-01
1.181108e-05
1.341392e-03
6.253809e-03
3.020570e-02
5.237661e-02
1.585552e-01
1.143039e-01
2.264180e-03
1.159401e-02
1.303556e-03
6.532028e-03
1.922852e-02
8.693043e-06
3.741151e-03
1.645200e-03
1.633245e-02
1.542726e-03
9.026703e-02
3.008957e-02
5.129785e-03
2.456245e-02
4.282138e-02
3.156518e-03
5.968456e-02
3.380700e-01
2.439670e-01
4.427046e-02
2.643290e-03
3.613152e-02
2.391207e-02
2.052769e-02
9.430266e-03
5.541255e-03
4.791978e-02
2.481707e-01
4.041843e-03
1.579241e-01
8.223865e-03
1.471339e-02
2.138198e-02
8.656885e-02
1.370925e-02
1.651308e-03
1.787642e-01
1.017588e-01
1.034095e-01
2.837627e-03
1.075112e-02
3.768776e-02
6.580725e-04
8.339086e-05
4.100824e-04
7.109434e-02
6.334514e-04
2.521857e-02
1.653544e-01
2.114020e-01
7.770057e-03
3.653563e-02
5.719175e-02
9.910993e-03
7.020427e-04
1.595174e-02
1.010068e-01
1.833416e-01
2.571535e-02
1.979048e-01
4.729006e-02
4.641028e-03
7.728935e-03
1.575284e-03
3.472143e-02
2.310203e-01
6.650507e-02
4.045794e-02
3.371895e-03
3.590789e-02
2.467685e-03
2.808520e-02
3.577000e-01
6.631504e-05
1.807988e-03
7.023381e-02
1.653104e-02
1.069526e-02
1.308533e-02
9.054997e-02
3.341207e-04
5.137459e-02
2.661756e-01
4.228604e-03
5.037955e-02
2.679894e-03
6.267324e-02
9.879521e-02
3.952493e-02
9.049804e-03
2.686556e-02
1.224992e-01
2.171614e-02
1.076417e-02
9.406058e-02
3.307139e-03
1.541998e-01
1.147592e-01
3.814792e-02
1.087557e-02
5.484660e-02
1.483062e-01
7.415800e-02
3.539211e-03
3.224658e-02
1.312253e-04
2.420147e-01
8.203806e-02
9.723900e-02
1.548583e-01
3.566810e-03
3.312290e-02
1.577854e-01
8.618171e-02
2.672353e-01
1.773894e-02
2.718297e-01
5.649090e-02
1.314621e-01
3.050475e-03
1.344085e-02
1.872941e-02
1.612362e-01
1.300231e-03
1.921307e-01
1.213571e-01
5.515792e-02
5.453680e-03
2.181074e-01
4.503888e-04
7.406215e-02
7.806949e-03
3.733931e-02
1.276341e-01
1.454310e-02
1.312195e-02
8.669416e-02
6.921924e-02
4.984014e-02
2.431358e-01
3.866047e-03
1.389833e-01
9.835475e-05
8.512744e-03
1.599223e-02
4.184980e-02
1.975437e-01
4.196458e-02
3.515072e-03
1.245690e-01
1.137002e-02
2.916888e-02
4.903119e-02
1.897234e-01
4.795037e-02
4.834152e-02
3.597928e-03
8.752371e-02
4.253243e-03
6.113203e-04
3.032542e-03
2.896221e-03
8.951687e-03
1.244831e-02
3.316395e-03
9.345039e-02
1.196667e-05
2.952378e-01
5.522233e-02
1.842564e-02
1.317166e-01
4.941030e-03
5.632714e-02
5.183850e-02
1.918494e-02
8.033596e-02
2.177188e-02
2.886913e-02
4.461297e-02
9.605682e-02
5.594567e-02
4.447130e-02
1.661100e-01
1.350207e-02
9.875806e-04
9.948924e-03
2.926021e-04
2.398606e-03
1.105108e-01
3.585047e-02
1.640002e-02
7.593284e-02
1.372439e-02
4.775318e-03
2.041435e-01
1.444978e-01
2.391475e-02
1.928697e-01
9.889157e-04
2.264081e-02
9.441014e-02
5.193269e-02
2.131358e-02
6.402335e-02
8.052578e-03
1.728846e-01
4.336698e-02
5.538370e-02
1.173973e-02
1.175751e-04
2.406833e-02
1.519428e-01
9.454304e-03
2.923756e-02
1.001442e-09
8.207763e-02
1.907531e-02
4.533645e-03
1.570922e-03
3.566626e-02
5.615943e-02
3.425681e-04
6.588752e-02
1.882880e-01
8.695532e-02
1.521693e-03
5.829426e-02
1.584566e-01
5.123752e-02
5.270208e-02
1.021485e-02
4.435696e-03
1.510358e-01
4.430441e-03
5.313405e-02
1.796409e-01
4.699583e-02
1.284457e-01
3.143194e-02
1.205206e-01
6.678577e-02
9.347741e-02
4.129036e-02
3.695097e-01
1.820598e-02
9.101372e-03
1.052338e-02
4.722509e-02
5.663518e-02
1.212622e-01
1.758638e-01
9.888224e-04
8.287581e-06
2.354773e-02
9.323220e-04
1.714735e-01
2.698355e-01
1.512853e-07
1.747011e-03
2.725565e-02
3.175321e-02
4.211570e-03
1.064827e-01
6.018335e-02
1.640774e-02
5.054294e-02
1.938532e-03
1.653207e-02
9.236935e-03
3.328946e-01
9.236869e-05
2.616680e-01
1.349124e-01
1.065261e-01
1.583701e-03
5.436125e-02
2.145452e-01
9.911246e-04
2.468590e-02
1.973006e-03
1.418320e-03
1.949968e-01
9.106853e-03
9.682492e-03
2.030105e-02
2.618458e-03
7.450170e-03
1.649711e-02
3.757263e-03
5.061435e-03
5.389380e-02
1.535232e-03
9.663501e-02
8.385675e-04
2.035046e-02
2.530380e-02
4.550627e-02
1.367316e-02
6.770137e-02
1.382957e-03
1.022193e-02
2.410233e-01
3.179315e-01
4.821549e-02
5.629472e-03
1.129694e-01
2.691986e-03
1.660426e-01
3.129487e-05
4.508735e-03
2.885285e-02
9.569493e-02
1.652902e-02
1.605172e-01
2.372836e-03
4.294733e-02
1.280190e-01
4.822135e-02
2.675630e-02
4.781459e-04
9.894047e-02
5.728912e-02
4.209853e-03
2.905962e-03
1.586729e-01
2.354158e-02
3.028692e-02
3.304183e-02
1.409261e-03
2.092840e-02
2.374304e-01
1.583228e-01
3.729914e-02
3.931354e-02
1.823688e-03
1.544956e-03
2.648089e-02
7.726588e-02
8.053018e-03
4.742507e-02
2.208215e-02
6.391174e-01
1.233240e-01
3.232785e-02
1.339420e-01
5.212313e-02
2.983616e-03
3.340304e-04
9.889206e-03
1.893830e-03
4.980886e-02
5.674311e-02
5.140809e-03
1.956649e-05
2.158930e-02
5.351189e-03
1.358348e-05
2.216927e-02
2.155928e-01
5.281492e-02
3.243516e-02
3.887166e-02
6.749549e-03
1.586361e-02
2.760199e-03
2.828991e-03
2.141638e-03
1.233327e-02
7.068020e-02
5.143970e-03
1.701488e-04
1.710310e-02
1.565469e-02
2.388124e-03
8.496253e-04
4.743390e-02
3.598370e-03
2.177760e-02
9.317364e-02
2.971342e-03
1.619712e-02
1.730253e-01
1.690005e-01
1.786380e-03
3.106643e-03
1.315024e-01
4.314231e-02
2.411096e-02
8.796249e-03
4.802525e-03
4.126673e-02
2.446468e-01
3.925127e-02
5.046723e-02
1.381153e-02
3.339296e-02
1.173532e-03
2.672898e-01
1.064966e-04
1.085768e-02
2.432882e-01
4.988844e-02
4.208384e-02
3.127067e-04
2.125224e-03
1.368044e-02
1.718546e-02
7.657445e-02
1.325267e-03
1.429449e-01
5.479187e-01
3.801851e-02
2.773576e-02
2.575855e-01
3.083493e-05
8.733473e-03
8.496207e-03
3.218594e-02
5.153095e-05
7.344307e-04
4.155093e-02
4.326508e-02
5.509440e-03
7.086309e-02
2.625265e-02
4.027323e-03
2.990607e-01
1.857624e-02
2.408066e-03
3.974383e-02
2.167679e-01
1.912896e-01
1.239238e-01
1.687928e-04
2.369231e-02
2.736361e-01
6.616306e-02
2.464352e-03
9.501968e-04
1.604587e-01
3.719881e-02
1.278627e-05
9.844053e-04
2.256237e-03
8.892635e-07
1.227710e-01
1.331633e-03
8.151802e-02
4.322808e-04
2.171475e-02
2.996958e-02
5.098655e-02
7.010417e-02
1.100123e-01
5.091977e-02
1.457404e-05
6.034021e-04
5.175576e-05
6.894033e-03
8.593922e-04
1.073070e-02
1.333245e-01
1.502624e-02
1.721893e-03
