2.537673e-02
1.876902e-03
9.506032e-02
1.163700e-03
1.067068e-01
1.575769e-02
1.366030e-04
5.201676e-03
2.522406e-07
5.010023e-05
2.955651e-02
2.095281e-02
1.869365e-03
1.201825e-01
1.172955e-01
2.091575e-01
1.287084e-02
3.743235e-02
4.968794e-03
1.015026e-01
1.396224e-02
2.395585e-03
4.172338e-03
9.448421e-02
6.449240e-05
1.856293e-04
1.072681e-02
2.647689e-02
6.995002e-03
9.852085e-03
1.404574e-02
4.383534e-03
5.440530e-02
1.357761e-01
3.465243e-02
1.670453e-04
5.005958e-03
1.975363e-02
3.888777e-01
1.313272e-04
4.935182e-03
8.520238e-02
2.024583e-02
3.966935e-03
1.773872e-03
5.918830e-02
3.504169e-02
6.244253e-03
3.198708e-02
1.651294e-05
1.335221e-03
1.174947e-01
2.606101e-02
1.682698e-01
3.293286e-02
3.155383e-02
2.654041e-01
1.126138e-03
2.399005e-05
7.672355e-03
8.894592e-03
4.100975e-02
9.948438e-04
5.463753e-03
9.337267e-02
5.768179e-02
1.066163e-01
2.548320e-01
9.262552e-04
3.888575e-02
2.247382e-01
8.561617e-05
4.166570e-03
1.369055e-02
9.788389e-02
8.064496e-01
1.473516e-02
2.426894e-02
7.446509e-02
3.986857e-05
2.619644e-02
1.211265e-02
1.776445e-02
2.716934e-03
7.929209e-03
6.322153e-03
3.537378e-02
3.199926e-02
1.803132e-02
1.034631e-03
2.060335e-03
1.029227e-01
1.003140e-03
5.290642e-02
1.803852e-02
1.548482e-03
1.055502e-01
4.204946e-02
9.770342e-03
5.411499e-02
1.115995e-01
2.386110e-03
2.175752e-02
8.732657e-02
3.434017e-02
1.012915e-01
4.833225e-02
2.728571e-02
1.522743e-05
3.096319e-03
2.644628e-01
5.012544e-01
4.524680e-03
2.777237e-03
2.724384e-02
2.936045e-03
1.346609e-02
8.080485e-04
3.563926e-02
4.732904e-02
3.785797e-02
1.498837e-02
7.752773e-05
9.562358e-03
4.140658e-03
3.374481e-02
1.300580e-03
2.004288e-01
1.132368e-01
2.462961e-03
8.937684e-04
6.111916e-03
3.522861e-02
1.650816e-02
9.320813e-02
1.053960e-01
1.046267e-02
8.385065e-02
3.281666e-02
2.857174e-02
4.071800e-01
8.745089e-03
5.041621e-03
5.353183e-02
6.101626e-02
1.746734e-03
1.739107e-03
6.773263e-03
1.321734e-02
4.636617e-03
5.349999e-02
3.094629e-02
3.008846e-02
1.138907e-01
8.319544e-03
4.132002e-02
3.277943e-03
1.355705e-01
2.264959e-02
3.142829e-01
3.492991e-02
1.242529e-01
2.826363e-02
4.500571e-02
1.036083e-05
8.090956e-02
7.478460e-03
1.100050e-02
1.097390e-02
2.411102e-02
6.379242e-04
2.631482e-02
2.754225e-03
3.861167e-02
9.759535e-04
1.359831e-02
3.974344e-04
1.028793e-01
3.286930e-02
1.483233e-02
6.140460e-03
6.901553e-02
4.217784e-01
1.861732e-02
2.666412e-02
1.239830e-01
2.608929e-02
1.115678e-03
6.860209e-02
5.810192e-04
1.541657e-01
4.646057e-02
1.406940e-01
1.452917e-02
1.333055e-01
4.275950e-02
3.224371e-04
3.918806e-02
5.635765e-02
2.139442e-02
5.825680e-02
1.259961e-01
1.212965e-04
8.912960e-04
1.582213e-03
8.852007e-03
8.556967e-03
5.969393e-02
5.539700e-02
2.655334e-02
4.174985e-08
4.737467e-02
9.116619e-03
4.193741e-02
8.614318e-02
5.270257e-02
1.743844e-02
2.273174e-04
2.544428e-02
8.449137e-02
1.719213e-01
6.302442e-02
1.585837e-02
4.543457e-02
8.266271e-03
1.763786e-01
6.340716e-03
1.971045e-02
1.225703e-03
2.393378e-02
1.901972e-03
7.093122e-03
1.763785e-01
1.870922e-01
5.557722e-02
5.944924e-02
1.698328e-03
3.392235e-02
1.914487e-02
2.210069e-03
9.404884e-03
1.813400e-02
4.963400e-01
1.469762e-04
1.182228e-01
1.330585e-02
1.058718e-02
5.671392e-02
1.565055e-03
3.581148e-02
1.311750e-02
2.492400e-02
3.321793e-02
6.273082e-02
4.758378e-02
5.623115e-02
2.527850e-02
5.527548e-02
1.049517e-01
7.866223e-03
2.058958e-01
1.893150e-02
1.027052e-01
1.227886e-02
1.166964e-01
4.893965e-02
1.278213e-02
5.546716e-02
2.845184e-01
1.529279e-02
5.500623e-04
7.787789e-03
2.934606e-01
4.137667e-02
9.259291e-03
1.758188e-01
2.484939e-03
8.954317e-05
2.772882e-03
1.145955e-02
3.131784e-02
7.946659e-04
3.103618e-01
4.685039e-04
1.705316e-02
2.753378e-02
1.076055e-01
2.382144e-03
1.904659e-02
2.768320e-01
4.413274e-03
1.773982e-02
7.767456e-02
1.682597e-02
2.768060e-02
2.659209e-02
1.293765e-02
1.688910e-02
1.340714e-01
1.143428e-01
5.776568e-02
2.359357e-01
1.001007e-01
4.326411e-04
1.792869e-02
6.332571e-02
4.657603e-02
1.661121e-02
5.470633e-03
4.541936e-02
7.366911e-02
2.417860e-02
2.827990e-02
2.079453e-03
4.833535e-02
6.151308e-05
5.291711e-03
6.387140e-06
9.032493e-02
1.006777e-02
4.281977e-02
1.575183e-02
1.027685e-03
9.325112e-03
1.199750e-01
2.508908e-02
1.856197e-02
6.677042e-02
4.699924e-03
2.046575e-03
6.959948e-02
1.172673e-01
1.339554e-01
8.698057e-04
5.594457e-05
3.749637e-02
4.338797e-03
9.678184e-02
8.447758e-03
4.217741e-07
2.556935e-02
6.436940e-02
6.720175e-04
1.545696e-02
7.200287e-03
1.945177e-02
3.591075e-03
1.326517e-01
1.220259e-01
6.946598e-03
6.476733e-03
6.836038e-03
1.500937e-03
1.250859e-01
1.592246e-01
6.570158e-02
2.075956e-02
1.094094e-05
2.148336e-02
2.148861e-01
3.653234e-02
1.338750e-02
4.515615e-02
9.709421e-03
8.296501e-04
6.555647e-02
1.335150e-02
3.883114e-02
1.049917e-01
6.993563e-05
9.998529e-04
1.193184e-01
2.354543e-01
1.410488e-01
1.850434e-01
3.333866e-02
1.307590e-01
6.433837e-02
2.516468e-02
6.532335e-03
1.633383e-01
6.124477e-03
1.126780e-02
4.432627e-02
3.977161e-02
2.815379e-02
1.153042e-01
4.228590e-02
1.036073e-01
3.674988e-03
7.743387e-02
1.725578e-03
1.944828e-03
4.731156e-02
2.443197e-02
6.414258e-03
8.554757e-02
3.483095e-02
5.280854e-02
6.250464e-03
1.604082e-02
4.331066e-02
4.442219e-02
3.727516e-03
7.204864e-02
9.139754e-03
1.828211e-02
3.251094e-03
1.732016e-05
2.295274e-02
8.080830e-02
6.424538e-02
2.960202e-06
7.128010e-03
9.743112e-06
4.885796e-05
5.652122e-03
1.162938e-01
1.272759e-01
1.785361e-02
3.925058e-03
4.922424e-02
2.305799e-02
5.105048e-02
5.444137e-03
2.834408e-03
3.960196e-03
4.994738e-03
8.015721e-04
5.886201e-02
5.446218e-02
5.340289e-03
9.354065e-02
4.599019e-04
1.512572e-02
8.628673e-03
3.226471e-02
4.418394e-02
6.240419e-02
3.029595e-02
2.651622e-02
1.215983e-02
4.902873e-02
1.543803e-01
1.934214e-02
1.635564e-02
5.230704e-02
8.485370e-03
2.307269e-02
4.070871e-03
1.607968e-02
2.644947e-02
1.076759e-02
1.437212e-01
5.262116e-02
2.569668e-02
3.902962e-01
3.359997e-04
4.655545e-02
1.447452e-01
1.502539e-02
9.912367e-03
2.612566e-01
1.271455e-01
6.394760e-02
8.355988e-02
2.156352e-01
7.838441e-02
8.699514e-02
5.449225e-02
3.970373e-03
5.438812e-05
5.501414e-02
8.940396e-03
3.596512e-02
3.046310e-02
2.028157e-01
3.975909e-02
1.705476e-01
1.316890e-02
1.666470e-02
8.514792e-02
4.258888e-02
2.299051e-01
1.463608e-01
1.206804e-02
6.806840e-02
8.590504e-03
1.275908e-01
3.344685e-02
3.527155e-02
3.449344e-02
1.293789e-01
1.056367e-02
2.713599e-02
4.144675e-03
3.431527e-02
2.523148e-01
1.890262e-01
3.223619e-02
4.345485e-04
7.884230e-02
1.104858e-02
2.555225e-02
1.119425e-01
3.127154e-02
8.905555e-02
1.062334e+00
2.573624e-02
1.714196e-01
2.091297e-02
1.564669e-02
1.098227e-03
7.133921e-04
3.523170e-02
8.646317e-03
4.079729e-02
6.148475e-02
3.363231e-02
2.164122e-02
4.349606e-03
2.926505e-03
1.724490e-02
8.414871e-04
3.593196e-03
2.132801e-02
8.253701e-02
1.038898e-02
1.883844e-01
4.645316e-02
1.017072e-01
6.068513e-02
4.291069e-03
1.305033e-03
8.708680e-03
1.391653e-04
5.692977e-02
5.760222e-02
4.810125e-03
2.714921e-02
4.224352e-02
6.023969e-01
1.110352e-03
1.859496e-02
7.239506e-02
1.736570e-02
1.951662e-01
7.749992e-03
3.871237e-01
4.118954e-02
1.636589e-03
2.218688e-02
3.000802e-02
1.160336e-02
5.516128e-03
7.171596e-02
3.087817e-02
2.231066e-02
9.158498e-04
3.712511e-02
1.351029e-03
3.358609e-04
1.263494e-02
2.590448e-03
1.388803e-02
3.117390e-02
2.514491e-02
2.580722e-03
2.864126e-03
2.545056e-03
2.564593e-02
2.704547e-02
7.385077e-02
3.904629e-02
1.162353e-01
2.686286e-02
1.221461e-04
3.500549e-02
1.167157e-01
2.396340e-03
7.405933e-04
6.371967e-03
4.406556e-02
2.927797e-03
9.102074e-03
1.454368e-01
1.229296e-01
1.615235e-01
4.010707e-03
2.466351e-02
2.541440e-01
2.071417e-02
2.867001e-01
4.886943e-02
