3.448634e-02
5.631970e-03
5.292629e-02
6.974463e-04
5.687258e-02
7.695725e-02
1.566367e-01
3.320107e-02
1.812446e-02
4.666795e-02
2.891128e-02
1.269882e-01
2.458188e-01
1.708976e-02
1.082814e-01
6.777559e-04
4.875517e-02
4.675008e-02
6.630538e-02
6.386679e-02
3.413558e-02
9.794347e-04
4.423902e-04
6.882660e-03
2.312560e-03
8.353577e-02
1.071212e-02
2.410644e-02
5.100080e-03
2.687949e-02
1.150173e-02
3.452713e-02
1.389197e-03
1.271206e-02
4.317064e-03
2.072739e-03
4.576411e-04
9.406487e-02
1.724245e-02
6.422607e-02
1.657271e-01
2.832616e-02
3.136369e-02
1.894547e-02
8.665508e-02
1.003387e-02
4.876213e-01
4.018468e-03
9.258483e-02
1.240231e-03
1.091649e-01
1.913410e-02
5.789285e-04
1.906517e-01
7.859576e-02
8.567323e-02
4.665105e-02
5.002938e-02
7.654341e-02
4.086059e-03
8.848558e-03
2.652100e-01
3.181746e-02
1.430634e-01
5.963198e-04
2.107588e-02
5.047839e-02
5.157485e-03
8.476374e-02
4.205467e-02
1.014968e-02
1.647147e-02
1.190631e-04
7.674392e-03
6.894514e-02
1.266543e-01
4.792308e-03
9.489340e-02
1.257946e-01
1.054389e-02
4.202893e-02
9.523028e-03
5.240025e-02
2.178296e-01
1.907470e-03
1.730917e-01
1.592078e-02
4.743544e-02
1.632030e-02
2.622337e-02
2.309324e-03
8.702240e-05
1.339401e-02
7.757447e-05
4.435064e-02
5.000375e-02
1.028140e-01
4.676368e-01
8.040606e-04
9.930385e-02
1.431098e-02
2.085891e-04
4.555498e-05
1.373539e-02
4.841938e-02
5.372116e-02
2.541066e-03
1.722273e-02
1.050538e-02
9.744646e-04
7.711392e-03
2.070246e-01
1.561963e-01
1.652349e-02
4.797138e-03
5.153431e-03
3.151797e-02
6.393669e-02
1.469848e-02
3.238734e-02
1.899356e-02
2.901552e-01
4.505116e-02
2.316454e-06
4.665506e-02
3.951288e-03
4.663700e-02
3.585199e-02
6.524390e-04
2.462308e-02
4.341749e-02
1.306093e-03
4.305839e-01
1.449635e-02
5.565266e-05
6.791914e-02
1.005420e-02
1.334659e-01
1.390381e-02
1.493631e-02
1.276766e-02
1.037687e-01
3.559769e-05
6.658371e-03
2.347382e-02
4.558439e-02
8.715184e-03
1.515801e-03
5.047476e-02
6.145564e-02
2.082664e-03
8.189699e-02
7.824120e-04
8.740059e-05
4.832630e-02
2.561886e-02
3.329808e-04
1.989038e-03
1.161413e-01
6.181353e-01
4.723846e-03
1.202604e-02
3.096507e-02
1.751100e-02
1.185495e-02
7.253598e-04
4.850339e-02
3.137610e-04
4.048460e-02
5.841981e-02
5.553376e-03
1.544978e-04
6.430335e-02
1.550281e-03
2.403200e-01
2.288207e-02
7.553127e-02
1.985237e-02
1.813475e-01
3.391919e-02
5.035429e-03
4.806721e-02
1.078386e-01
5.120743e-03
4.715825e-02
4.448687e-03
3.068824e-02
6.412081e-02
1.573557e-01
6.382899e-03
4.162853e-02
1.445993e-03
9.292103e-02
7.384855e-02
4.020387e-02
3.211006e-02
7.021241e-02
2.637599e-02
1.817430e-04
7.433025e-03
2.075921e-02
6.802075e-02
2.281172e-02
1.056394e-01
1.319083e-05
7.830026e-04
1.069419e-01
1.213227e-01
1.843678e-04
6.274420e-02
3.606739e-03
9.237579e-06
1.289530e-02
6.796261e-03
7.636008e-02
2.909880e-03
1.436603e-02
3.393226e-03
2.500402e-03
1.541523e-03
5.181831e-02
3.226501e-02
8.080106e-02
5.287181e-04
3.803642e-03
1.247269e-02
1.517429e-02
3.703139e-02
6.035978e-02
1.959982e-04
1.119929e-04
3.385550e-02
4.512680e-03
1.695270e-01
3.086516e-02
9.229009e-02
7.213225e-03
1.199368e-01
1.332085e-03
4.325262e-02
1.350804e-02
2.690571e-02
1.834317e-02
1.382161e-02
5.870338e-03
7.140645e-03
5.410785e-02
4.124482e-02
6.899364e-02
1.552658e-03
2.351149e-01
6.687651e-04
2.100092e-04
2.467776e-03
2.106981e-01
1.825387e-02
6.313114e-02
3.225946e-02
3.402630e-02
5.232284e-02
2.949071e-01
1.615696e-02
7.390430e-02
5.277899e-02
1.689409e-02
9.761998e-04
3.098710e-02
2.972773e-03
4.519463e-05
8.359873e-04
5.161646e-02
1.124248e-02
9.920398e-02
2.160619e-01
1.843263e-02
1.640131e-02
3.307989e-02
3.398608e-03
1.425375e-03
3.917537e-03
7.900669e-02
2.897716e-02
1.159230e-02
1.934336e-02
3.040059e-03
2.518906e-03
6.351761e-03
6.661395e-03
9.263498e-04
1.368577e-02
1.202200e-02
1.289235e-03
1.344759e-01
5.348276e-02
5.697811e-02
1.403345e-03
5.838084e-03
1.420114e-02
8.881673e-02
3.430084e-02
3.321830e-03
2.124899e-02
1.196541e-01
1.082763e-01
1.947821e-01
3.550116e-05
3.500296e-02
1.077704e-01
6.852265e-02
3.935302e-02
1.428623e-01
1.084043e-01
4.718681e-03
1.874855e-01
2.162320e-03
1.087922e-02
1.075028e-05
1.453971e-01
3.582368e-02
1.426539e-01
1.667481e-01
5.811631e-03
8.672101e-03
7.113038e-02
6.558031e-02
5.368821e-02
2.021583e-02
7.126990e-02
4.300633e-02
3.143906e-03
1.156896e-01
1.515443e-03
2.500374e-02
9.232921e-02
8.685150e-03
2.725997e-02
2.112512e-03
1.407610e-01
1.217187e-01
2.235136e-02
8.991677e-02
1.213906e-01
1.645792e-03
1.413460e-01
8.793427e-02
6.129261e-03
8.703195e-02
7.122987e-03
1.213940e-01
7.056675e-03
1.509695e-02
1.039502e-03
1.329067e-02
1.115491e-01
1.268376e-01
4.062045e-03
4.559410e-04
8.754288e-03
2.418560e-05
2.588558e-01
1.913006e-02
4.237294e-02
6.137757e-02
6.190894e-02
4.409546e-02
7.488745e-04
4.217176e-02
1.241268e-02
2.376059e-02
1.043849e-05
6.499701e-02
5.490026e-03
3.743207e-03
3.572038e-02
1.090344e-02
4.453239e-02
2.878966e-02
3.142240e-03
4.123649e-02
2.754926e-03
2.906754e-07
1.426047e-02
3.733382e-02
8.943731e-02
4.671544e-04
7.046570e-03
7.491191e-03
9.676200e-02
2.426527e-04
6.362838e-03
2.496202e-03
5.437952e-02
2.616118e-03
7.289898e-02
1.342919e-02
3.036921e-01
9.834332e-02
1.487606e-02
2.828031e-03
1.773490e-02
1.565391e-02
9.384026e-02
9.389838e-03
9.938703e-05
1.744518e-03
1.852344e-02
5.402487e-02
1.564781e-03
3.816988e-02
1.266428e-02
7.257127e-02
1.477625e-01
4.908202e-03
1.904460e-02
7.741718e-02
1.426939e-02
1.574450e-02
7.983117e-03
1.424248e-01
8.059132e-02
8.281126e-04
4.130807e-03
3.553872e-02
1.236706e-02
6.561945e-03
3.137255e-02
4.074839e-02
2.446204e-04
3.968633e-02
1.786709e-03
3.836298e-04
2.727476e-02
1.353923e-02
1.111319e-03
1.120326e-03
5.484079e-03
4.326214e-02
1.164346e-04
1.802758e-01
4.713643e-03
2.384626e-02
6.117754e-02
1.167923e-01
8.649157e-02
9.034319e-02
4.786740e-03
7.252986e-02
8.080145e-02
1.084670e-01
6.240536e-02
1.650467e-02
7.748624e-02
4.484610e-02
3.051640e-02
1.330795e-02
2.251380e-02
7.550273e-04
8.923550e-02
1.096310e-01
1.163295e-02
3.485481e-03
8.106090e-07
6.609179e-02
6.466748e-03
6.041168e-04
1.124857e-01
3.163704e-02
7.752159e-04
7.242034e-02
4.544139e-02
5.004989e-02
9.629115e-02
4.278743e-02
1.079693e-02
1.239337e-01
5.502546e-03
3.072620e-01
1.637649e-02
7.699935e-02
1.380961e-01
2.324175e-01
1.265655e-03
2.160289e-03
3.460142e-02
1.059482e-01
3.619778e-02
1.394030e-03
2.685739e-02
5.648680e-03
5.472337e-03
2.169361e-03
5.792372e-03
2.258791e-03
8.964443e-02
1.527731e-01
1.662199e-02
1.268568e-01
1.049455e-01
4.418825e-04
1.509523e-02
1.260036e-01
1.870728e-01
7.585072e-02
1.638791e-01
1.842317e-02
7.108296e-03
1.993910e-02
7.263437e-01
2.852366e-03
1.676607e-01
4.416061e-02
1.069341e-02
2.368969e-03
7.622736e-05
1.180390e-03
3.337122e-05
6.638118e-03
1.541847e-02
9.977658e-03
2.826655e-02
1.456217e-04
1.154926e-02
3.022191e-03
2.930232e-01
8.126387e-02
2.467243e-02
6.525934e-02
3.213324e-02
5.469033e-02
1.351828e-01
4.251827e-02
5.889524e-03
2.404299e-02
8.359999e-03
3.596868e-04
5.136614e-02
2.664275e-03
1.921710e-02
8.274918e-02
9.802823e-04
2.554914e-01
1.486558e-02
4.953814e-02
1.418729e-01
3.177620e-03
3.282362e-03
1.007846e-02
7.172032e-02
1.493540e-02
1.238922e-02
7.882129e-03
9.554927e-02
3.855763e-02
1.714014e-01
3.042434e-03
1.990625e-03
3.259879e-05
4.273776e-03
2.139214e-02
6.903362e-02
9.250007e-02
1.696591e-01
2.563342e-01
8.962213e-04
3.314726e-02
8.570719e-02
5.853066e-03
2.023281e-02
1.312341e-03
3.332290e-01
4.985788e-02
9.043090e-03
5.759571e-03
1.608325e-02
4.268794e-02
1.861346e-04
4.200116e-02
1.582976e-01
1.360181e-02
4.682203e-03
7.934842e-03
6.677470e-02
3.117855e-04
1.083818e-03
1.032392e-01
1.280096e-01
7.331606e-02
4.648623e-02
2.778121e-02
6.009504e-02
2.103057e-03
3.874056e-02
4.688480e-02
1.602426e-02
