1.032479e-01
2.069982e-02
2.311010e-05
2.530803e-02
1.466185e-03
5.630542e-02
1.501859e-02
8.686979e-03
1.498012e-02
1.055593e-01
2.015808e-05
1.446709e-01
2.431067e-03
3.143658e-02
1.006590e-05
3.282123e-04
1.628062e-02
2.380462e-02
2.433726e-05
9.411340e-02
2.878835e-03
6.745269e-02
2.368204e-04
1.731512e-01
2.056280e-05
9.320808e-02
1.261908e-01
8.580537e-02
1.054775e-01
3.200375e-02
8.116317e-02
1.138917e-03
7.765958e-02
6.949360e-03
1.310690e-03
6.287551e-02
3.149949e-02
9.224882e-02
1.893073e-01
2.473008e-04
7.256678e-02
2.131635e-01
6.238271e-02
1.183451e-02
3.172891e-03
2.428327e-02
1.023137e-01
9.393145e-03
1.696270e-03
6.973987e-02
1.323545e-02
1.275053e-02
1.129805e-01
8.961308e-03
2.712107e-02
5.242390e-02
3.374820e-02
1.144977e-02
2.027942e-02
8.127895e-05
7.181685e-02
3.609666e-02
3.166920e-02
1.318161e-01
9.813850e-02
1.104852e-01
1.645484e-01
9.419772e-03
7.247034e-02
6.329437e-03
7.643042e-02
3.138149e-02
1.619890e-01
5.743433e-05
3.277576e-03
1.046780e-01
1.089101e-02
5.189852e-03
1.356676e-01
1.944660e-02
3.173664e-02
1.541812e-03
7.180875e-03
4.948350e-03
7.805282e-02
1.925874e-02
3.531522e-02
5.752325e-02
6.367584e-04
2.253432e-02
1.173355e-01
5.051051e-03
6.213846e-02
3.068659e-02
5.821189e-02
7.402739e-06
1.160986e-01
7.001287e-02
2.119062e-05
1.859638e-02
2.944384e-03
1.311879e-02
2.747232e-02
1.892333e-01
5.849681e-02
6.017951e-02
3.972029e-03
1.806685e-01
2.811275e-02
2.160027e-03
9.516877e-03
2.789436e-02
8.619710e-02
4.729967e-02
1.555758e-02
8.003656e-02
1.475124e-01
2.228660e-01
7.001363e-02
5.763395e-04
1.154306e-02
7.086631e-04
5.028429e-03
2.751966e-03
2.224042e-04
3.319872e-03
2.014295e-03
2.693956e-02
1.055306e-02
2.443401e-02
2.930595e-01
8.472867e-02
6.810506e-03
2.102095e-02
5.333949e-02
2.185309e-03
2.022377e-02
3.609490e-02
2.332330e-03
3.565525e-03
1.705665e-02
3.297455e-02
3.019610e-03
9.299696e-03
7.815609e-02
3.023953e-03
1.721764e-02
2.768111e-04
3.232209e-02
1.313048e-01
2.199516e-02
1.656922e-02
1.148547e-02
9.543768e-02
2.125215e-03
1.954193e-02
1.166971e-01
2.470856e-01
2.075593e-03
4.434079e-01
4.858190e-03
6.020628e-04
9.331100e-02
2.598577e-02
2.231842e-02
5.037217e-02
7.160241e-02
8.223670e-02
1.622983e-01
4.163742e-03
5.175566e-03
1.242702e-02
7.084694e-02
7.737850e-03
5.022268e-02
4.517470e-04
5.885515e-04
6.492960e-03
6.638386e-03
6.848675e-04
5.918880e-02
2.514369e-01
3.716953e-02
2.360888e-02
6.024024e-02
3.749287e-02
9.778753e-03
1.506861e-01
1.095962e-01
4.309727e-02
3.142003e-03
1.872706e-02
1.313351e-01
2.345599e-02
7.114478e-02
4.928072e-03
2.364172e-02
4.372614e-03
5.803742e-02
1.558663e-02
5.570010e-03
7.540026e-05
1.443098e-02
4.402238e-01
9.372747e-02
1.351137e-01
1.636521e-03
5.797812e-02
3.650515e-02
4.141011e-02
1.246622e-01
4.519344e-02
2.703347e-02
2.422649e-02
2.623352e-02
1.774764e-01
2.070082e-05
2.455405e-03
9.985402e-02
3.635693e-02
2.919239e-02
1.495604e-02
4.087748e-06
3.345738e-02
4.308440e-02
2.580003e-02
2.308035e-03
1.933913e-02
3.608361e-01
1.092037e-01
1.256633e-01
1.081373e-01
2.507939e-02
1.575473e-02
1.226594e-01
9.460016e-04
1.726308e-02
2.038208e-01
7.224873e-02
4.221944e-02
2.390682e-02
9.924803e-03
4.540496e-01
1.465774e-02
6.583441e-04
1.135612e-02
2.041432e-02
2.548027e-07
1.346270e-03
4.573240e-03
4.623707e-05
3.822028e-02
4.986840e-02
4.393085e-02
3.281402e-02
5.526382e-02
1.724146e-01
9.781133e-03
1.930001e-02
7.686049e-02
1.674050e-04
3.248040e-03
8.088859e-03
5.031132e-03
1.038401e-02
5.670663e-03
2.064986e-01
2.004293e-02
4.349903e-02
4.292910e-04
2.545129e-02
5.924746e-02
2.863683e-01
1.218740e-01
9.930455e-03
6.950541e-02
2.035878e-03
1.206163e-02
1.413117e-04
6.457032e-02
9.607704e-02
1.466549e-02
2.742649e-02
2.028257e-02
3.234453e-01
1.925947e-02
1.547096e-02
1.792332e-02
5.759051e-02
2.429369e-02
2.320396e-01
4.899177e-03
8.486388e-05
1.354872e-01
2.842684e-03
6.598531e-02
2.573795e-02
1.929182e-02
1.873138e-01
5.752990e-03
5.141041e-05
7.522350e-03
5.375917e-02
5.393460e-02
4.198226e-01
4.599358e-02
1.081439e-01
1.304347e-01
8.111488e-03
1.645944e-01
2.230261e-01
6.366305e-05
3.866800e-02
2.432520e-02
1.869957e-01
7.971426e-03
4.548540e-03
4.857666e-02
9.895332e-02
1.566081e-02
7.273688e-02
2.501233e-04
5.155870e-03
4.323471e-01
2.901048e-01
3.789008e-02
7.557959e-02
1.317964e-02
4.639735e-04
1.931139e-03
9.088910e-02
1.377493e-01
2.525497e-02
5.914079e-02
1.160069e-01
2.197735e-02
1.876730e-03
9.369074e-03
1.413535e-03
3.720350e-02
2.277496e-03
3.402607e-02
1.439405e-02
5.632912e-02
1.127012e-01
1.147099e-04
1.115774e-02
8.938910e-02
6.456486e-02
1.496496e-01
8.551230e-02
5.996251e-03
2.438926e-02
1.627710e-03
1.446274e-01
1.209564e-02
3.262799e-02
4.237595e-02
1.962154e-02
8.847125e-06
2.899032e-02
4.294786e-03
9.344700e-02
1.376773e-01
9.891989e-02
1.191881e-01
1.594554e-01
8.107378e-03
1.135897e-01
7.753976e-03
4.275670e-02
1.538522e-01
3.048609e-04
6.212454e-04
5.360228e-03
4.559113e-02
4.160875e-04
3.279700e-02
1.061310e-02
1.609087e-01
1.004515e-02
3.740928e-02
1.139995e-01
3.388943e-03
2.193759e-02
9.718975e-02
7.838131e-02
2.316757e-02
9.904618e-03
2.424333e-01
8.964053e-04
1.063476e-02
1.152912e-01
4.282868e-02
4.274335e-03
3.953483e-02
1.275995e-01
7.364846e-02
2.039687e-02
2.983481e-01
6.733624e-02
2.652797e-04
1.585911e-03
2.341126e-02
7.129092e-02
1.240172e-02
1.670553e-02
2.129731e-02
1.283151e-03
1.265693e-04
2.504642e-04
4.019300e-01
2.292057e-04
1.354263e-01
3.726889e-01
3.422346e-01
1.618365e-03
1.108100e-01
2.500388e-01
2.203774e-01
7.337235e-04
1.599003e-01
5.384467e-03
6.279364e-02
7.389039e-02
9.444587e-02
4.112065e-04
1.804378e-01
2.606819e-02
3.040554e-01
1.597778e-02
3.165443e-04
1.404035e-02
3.780731e-02
3.464814e-02
6.705634e-02
1.595356e-01
7.023789e-03
2.980718e-02
2.896814e-04
4.567616e-03
6.217426e-02
3.109618e-02
2.048895e-02
6.359488e-02
8.857076e-03
1.077763e-02
3.126401e-02
8.043626e-03
2.820670e-02
7.762008e-03
2.606808e-02
7.607990e-03
1.278953e-02
2.703220e-02
1.431563e-01
4.918433e-03
2.074654e-02
7.420210e-04
1.383786e-03
2.054066e-02
1.617258e-02
2.393891e-01
2.160316e-02
1.366175e-01
3.744438e-02
2.988351e-02
1.411494e-02
6.335757e-02
1.441587e-02
7.107386e-04
1.642711e-01
6.821918e-05
2.451315e-01
4.147625e-03
5.999955e-02
9.352563e-03
2.455123e-02
9.158967e-03
2.738276e-03
1.479200e-02
6.519836e-02
6.154055e-04
3.016451e-02
1.580749e-02
1.005098e-01
2.103734e-01
1.764639e-02
3.951998e-03
1.405176e-01
1.312363e-02
5.338976e-02
1.403463e-02
4.114846e-02
7.077061e-05
6.754790e-04
6.930045e-02
3.025663e-02
3.465083e-03
2.685614e-03
6.256884e-02
4.812438e-02
5.228260e-02
1.289829e-03
5.666207e-02
2.304788e-01
5.141751e-03
1.298989e-01
7.442391e-03
2.173160e-02
6.100110e-03
6.168924e-02
2.316011e-02
1.292246e-04
1.708213e-01
1.842746e-01
2.835863e-02
1.390728e-01
2.588622e-01
4.810617e-03
3.941694e-02
4.710709e-02
4.606776e-02
1.057262e-01
2.655184e-02
3.288949e-01
1.296181e-02
7.231346e-02
1.056062e-02
1.130142e-01
1.467404e-01
3.911405e-01
1.992342e-02
1.401131e-02
4.566853e-04
1.156475e-03
1.031126e-02
2.143646e-02
9.339668e-03
4.437294e-02
4.242931e-01
2.081594e-01
2.502565e-02
2.357735e-02
1.623775e-01
3.751563e-02
3.476519e-02
5.614749e-04
7.137873e-03
1.712483e-04
4.080478e-03
6.132599e-02
5.984925e-02
6.937141e-02
1.365838e-02
1.826487e-02
7.584758e-04
3.906996e-02
1.582822e-02
4.692598e-02
9.141166e-02
1.477639e-01
2.362707e-01
8.740047e-04
1.841686e-02
3.636424e-02
2.140084e-03
2.400115e-01
8.708512e-02
4.001162e-02
4.447308e-02
1.582008e-02
3.904777e-02
2.759818e-02
3.004297e-03
2.510568e-01
4.431822e-03
3.923897e-02
3.484621e-02
2.596319e-03
1.056068e-01
4.114296e-02
3.446413e-03
7.650435e-05
3.283958e-02
6.984446e-02
1.868033e-02
7.350424e-03
9.938417e-02
5.219580e-02
1.129971e-02
1.188475e-05
3.574383e-02
4.682730e-02
