1.547134e-02
7.832573e-06
3.094369e-02
5.067866e-04
3.603595e-03
5.295144e-03
1.787060e-02
4.376840e-03
6.221395e-02
3.352091e-02
7.538768e-02
2.492811e-02
2.083074e-01
2.175102e-02
2.377570e-04
1.993722e-02
7.604328e-02
4.855880e-03
2.232533e-03
9.035321e-02
2.934492e-04
3.051038e-02
2.055662e-03
1.092908e-03
1.224255e-02
4.564648e-02
8.047795e-02
8.141676e-05
4.899885e-02
6.904988e-03
4.382061e-03
7.715628e-02
5.917062e-02
4.715792e-02
2.603149e-02
5.380752e-02
9.803705e-04
6.158876e-02
1.530323e-02
1.865870e-01
7.555520e-03
2.489236e-03
4.673402e-02
4.977910e-02
5.784254e-02
7.664531e-03
1.296340e-02
2.156252e-06
1.429249e-02
2.909176e-01
6.044950e-02
2.941577e-01
1.370013e-01
4.807146e-03
8.048730e-02
5.543882e-02
2.674095e-01
2.146164e-02
1.000807e-02
3.890981e-02
4.971071e-01
1.894279e-02
4.211969e-02
6.545343e-02
1.903860e-01
1.982764e-01
1.050555e-01
7.464915e-03
4.354948e-02
2.062557e-02
2.977266e-02
1.314480e-02
5.434318e-02
2.191229e-02
2.828684e-04
4.184779e-01
1.014435e-04
4.219809e-03
1.463311e-05
3.007535e-02
3.214705e-02
1.690797e-03
9.865803e-02
1.991647e-02
3.053044e-03
6.266644e-03
2.314142e-02
4.194020e-03
1.300194e-02
3.460563e-04
3.539199e-03
1.842350e-02
5.696871e-03
9.474294e-03
2.420867e-03
7.406980e-03
3.978607e-02
4.556708e-02
2.783288e-02
4.264201e-02
1.577695e-01
3.479670e-02
1.734936e-01
1.318009e-02
1.124839e-02
2.033697e-01
1.086948e-01
6.193236e-05
3.220930e-02
5.448137e-04
3.168053e-02
3.426928e-01
1.138789e-01
2.282262e-01
1.188981e-03
6.281103e-02
7.051627e-03
2.448654e-02
2.735305e-02
7.551998e-03
4.465098e-04
8.890435e-02
8.827462e-03
5.507867e-03
4.720047e-02
1.258669e-01
1.518648e-02
1.055203e-01
4.503665e-02
2.075220e-03
1.396413e-02
1.636083e-03
8.893620e-02
1.681496e-07
4.558606e-03
1.463706e-01
4.713175e-01
4.229055e-01
2.339588e-03
2.963985e-03
4.927609e-02
1.170098e-03
3.764855e-03
4.156349e-03
5.942169e-02
2.463185e-02
1.870307e-04
3.039049e-01
1.564393e-01
1.153928e-02
4.114312e-03
6.702149e-02
1.070290e-03
4.354301e-02
5.504771e-03
5.699945e-03
1.816727e-04
1.520791e-02
8.955516e-02
4.861889e-05
1.863404e-02
2.828660e-03
1.752366e-02
4.315321e-04
3.354075e-02
1.011686e-02
5.122292e-02
2.909691e-02
1.826252e-02
1.515533e-02
7.660559e-02
8.480472e-04
9.357250e-02
1.651986e-03
3.545946e-02
2.099037e-02
7.934151e-04
6.481682e-03
4.700833e-02
3.405978e-01
4.253686e-05
7.074711e-03
2.178033e-03
5.017676e-02
6.382431e-02
7.780386e-02
5.784250e-03
1.674429e-02
1.816460e-01
1.012857e-04
1.888071e-02
5.930719e-02
4.120506e-02
1.174268e-01
2.912786e-04
8.872048e-05
3.112725e-02
5.331144e-02
4.225350e-05
7.129653e-02
2.041821e-02
3.679749e-04
5.799740e-04
2.042429e-02
1.053598e-03
5.115445e-02
3.246209e-03
2.609261e-02
1.706863e-02
9.211343e-02
6.947371e-05
2.065603e-04
8.829563e-02
9.697583e-02
9.922266e-02
8.831208e-02
2.525877e-03
4.942774e-02
2.363096e-03
2.174584e-02
5.734337e-03
3.517518e-03
3.597260e-02
5.499623e-02
1.531647e-01
2.613445e-04
3.319976e-02
1.312206e-01
7.674323e-02
7.390886e-02
1.266823e-01
8.380928e-02
7.389676e-04
5.035162e-02
4.951749e-02
1.244098e-02
3.560582e-03
1.071550e-02
6.110027e-02
2.861990e-01
1.266655e-02
3.626815e-02
3.144555e-01
2.807373e-02
8.669900e-02
4.661620e-02
6.139714e-02
3.725819e-03
1.197675e-02
2.792696e-02
2.794611e-02
1.594232e-02
1.956043e-03
2.351711e-01
3.820238e-03
2.267101e-01
2.430855e-01
1.373119e-02
3.271189e-03
3.057423e-04
4.291800e-04
3.838455e-02
4.593438e-02
1.817807e-02
1.739631e-03
2.671615e-02
2.908774e-02
7.455473e-02
9.236146e-02
4.428212e-03
6.316330e-02
7.219272e-03
3.763769e-02
1.689460e-02
2.445143e-03
3.195073e-02
1.331266e-01
1.912139e-01
3.471008e-02
1.836687e-02
7.970923e-03
5.295945e-04
2.065345e-02
1.184487e-01
9.166697e-06
1.481938e-02
1.873365e-02
4.037735e-03
2.480868e-02
8.291894e-02
3.087885e-03
8.278537e-03
7.600427e-03
8.665889e-03
1.169443e-02
2.527803e-02
2.986604e-01
3.531968e-02
1.718640e-03
6.664702e-03
4.989765e-02
2.079299e-01
2.479523e-02
1.883485e-02
3.120544e-02
3.234657e-02
9.167332e-03
2.579320e-02
2.954881e-03
4.167269e-05
4.471893e-02
3.538710e-02
7.693108e-02
7.548302e-02
1.047714e-02
7.212846e-02
2.349619e-02
2.958867e-03
9.360759e-02
3.736284e-03
1.315686e-02
1.649088e-02
2.899675e-03
1.951424e-03
2.480481e-02
1.243020e-01
1.018410e-01
1.299348e-01
2.477861e-02
1.850109e-01
3.914065e-02
3.551044e-02
1.952042e-01
7.310493e-03
1.246255e-01
1.399499e-01
5.353545e-02
3.682863e-02
4.844392e-02
4.761645e-02
1.923664e-02
3.263706e-02
2.063411e-01
1.317026e-02
7.785645e-04
1.350258e-02
2.394180e-01
1.251427e-03
7.042537e-03
8.038151e-02
5.192396e-02
6.196387e-02
2.970897e-02
4.850365e-03
5.473628e-02
2.969831e-02
1.540941e-01
4.290924e-02
2.972389e-02
6.171860e-02
5.808078e-02
1.829291e-02
1.123695e-02
2.816405e-01
1.301913e-01
2.572012e-02
8.501644e-02
1.681278e-01
8.096031e-02
7.670201e-02
4.141064e-02
1.727182e-04
5.124391e-04
3.179843e-02
2.999268e-02
1.627687e-02
4.092057e-02
2.212968e-02
1.116148e-01
3.557616e-05
7.819094e-02
1.016693e-05
2.202571e-02
8.605866e-04
1.894637e-02
9.638603e-03
7.937942e-02
1.501115e-02
1.801924e-03
6.347133e-03
9.596683e-04
1.066723e-01
1.158713e-02
8.304184e-03
2.483279e-03
5.107261e-02
2.287369e-02
1.379721e-05
3.978567e-02
1.769963e-01
3.248447e-02
5.901175e-04
1.039814e-01
1.123149e-01
4.183622e-02
4.422899e-02
1.194063e-02
2.024845e-03
8.261073e-03
2.655954e-02
7.655413e-02
6.172681e-02
4.306353e-03
1.350639e-01
1.144620e-02
1.353494e-03
2.009730e-03
8.427463e-02
3.515922e-02
9.134347e-03
9.566108e-02
2.447054e-02
7.226371e-03
6.300369e-04
4.399516e-05
5.666113e-03
2.537736e-02
8.607403e-02
3.332607e-02
3.355535e-02
5.463983e-02
4.940527e-02
4.531873e-02
7.958636e-03
4.913792e-04
3.936233e-03
8.841724e-02
7.423302e-02
2.543826e-02
4.000923e-03
2.766236e-02
3.948137e-01
1.576108e-02
4.700569e-02
8.817750e-02
1.850512e-02
1.274193e-02
7.193280e-03
8.456631e-03
4.244421e-02
3.028811e-04
1.129236e-02
1.482640e-01
1.269122e-02
5.853406e-02
2.669467e-03
5.234015e-02
4.975092e-03
6.764403e-02
3.625548e-02
6.846022e-03
2.819813e-02
4.507256e-01
1.298326e-02
1.493830e-01
3.237462e-03
2.007967e-02
3.803586e-02
9.969090e-04
2.264952e-02
2.240065e-01
3.202461e-02
2.245372e-01
4.555069e-02
2.440834e-01
7.906517e-03
1.106716e-01
6.986656e-02
4.837109e-02
1.311788e-02
9.440255e-02
2.487774e-02
2.497904e-02
7.737096e-03
5.306078e-04
4.229624e-02
1.806045e-03
1.599838e-01
2.073619e-03
1.563124e-04
1.450283e-02
1.170034e-02
1.179116e-03
1.303986e-03
2.774790e-04
5.624527e-02
1.407088e-03
3.415130e-02
8.942668e-02
1.463408e-01
1.527812e-01
4.379514e-02
5.260185e-02
8.991219e-02
3.382326e-05
5.783899e-02
1.101742e-01
5.018711e-03
2.711911e-01
2.961389e-04
6.662901e-02
7.688826e-02
4.001673e-03
2.309934e-02
6.114418e-03
1.854801e-02
2.850126e-02
3.260583e-03
9.951742e-03
1.933502e-02
2.074264e-02
5.599131e-02
1.160033e-02
7.118174e-02
7.341811e-03
3.051422e-04
1.846703e-02
2.878044e-02
1.633531e-03
6.386604e-02
1.298868e-02
4.709175e-02
3.625671e-02
9.787110e-03
1.554494e-02
5.850797e-04
7.394072e-02
5.991099e-02
8.139664e-02
8.509588e-05
1.934908e-01
2.616824e-02
6.245036e-02
1.518484e-03
1.355872e-02
1.041019e-01
3.568166e-02
7.705087e-03
7.759929e-02
1.031268e-01
6.638619e-04
2.501254e-02
3.287007e-02
3.014362e-02
4.404526e-02
3.115011e-02
2.661459e-02
2.287539e-02
1.093456e-01
2.303796e-04
4.804253e-01
1.204397e-01
1.374656e-03
1.717287e-03
1.303496e-04
1.014233e-01
7.988863e-02
5.162307e-02
1.355469e-03
9.014079e-02
2.444631e-03
1.116097e-02
2.628561e-01
5.329632e-02
1.481288e-01
3.053423e-07
4.305625e-02
8.838129e-02
2.753523e-02
3.778866e-06
8.903776e-03
1.961922e-04
3.157395e-01
6.862841e-02
1.860819e-01
4.045492e-02
7.565239e-03
1.945488e-01
6.655187e-02
2.226523e-02
5.767354e-04
2.169012e-01
8.736678e-03
1.389735e-02
