9.269916e-05
2.742507e-02
4.603212e-03
4.994433e-03
2.707313e-02
9.593798e-02
1.140971e-01
1.196938e-02
4.701314e-05
2.308647e-01
1.269341e-04
2.371016e-02
3.670239e-03
7.300588e-02
2.927036e-02
3.406558e-03
1.122916e-02
2.185050e-01
4.033963e-03
6.940776e-02
9.431964e-04
1.905840e-02
4.005294e-02
3.574054e-03
1.241865e-04
9.257998e-04
4.460344e-02
8.512220e-02
4.480135e-05
1.984462e-03
7.882882e-05
3.039491e-02
5.910690e-02
2.793464e-02
3.959986e-03
2.213182e-04
7.007673e-03
6.892394e-03
1.014240e-02
1.675435e-02
9.922904e-02
5.629448e-02
2.286623e-02
1.441454e-01
1.706970e-02
1.121476e-02
4.420442e-02
4.827993e-02
4.531618e-02
3.874650e-02
1.804021e-02
1.342567e-02
5.885595e-03
1.160412e-04
4.184839e-02
6.625844e-02
1.436686e-02
3.064148e-02
5.613853e-03
1.059755e-01
5.217984e-02
3.519577e-02
7.605638e-02
1.273090e-03
1.194950e-01
1.768366e-01
7.693609e-03
1.656112e-02
1.209732e-01
3.337930e-03
8.705508e-03
3.954530e-03
1.579037e-02
2.112822e-02
2.407941e-02
2.212790e-01
7.612760e-02
6.401289e-02
6.921380e-02
1.865280e-02
3.216182e-02
6.729472e-02
8.286070e-04
2.418726e-02
1.644560e-02
7.587111e-04
1.383490e-01
1.676507e-02
2.078941e-03
3.401426e-03
4.225873e-01
1.588891e-01
9.610332e-02
4.593008e-02
1.089097e-01
6.687544e-02
4.038188e-02
8.767332e-02
1.798831e-01
3.324254e-02
8.847718e-02
2.233038e-03
4.098350e-02
1.045006e-02
6.548365e-03
5.567555e-02
1.081069e-01
7.969103e-03
5.125006e-02
1.320023e-02
1.592858e-03
3.494335e-03
1.518811e-02
1.559472e-01
6.810762e-02
5.534873e-02
4.458536e-01
3.049970e-02
1.773423e-03
7.782555e-03
5.957906e-02
2.795727e-02
2.494292e-01
5.223047e-02
1.109657e-02
3.326624e-05
5.425549e-04
2.201722e-02
3.016163e-02
2.904104e-03
8.329592e-03
4.095017e-04
8.297223e-02
9.540605e-03
1.235810e-02
1.556350e-01
4.820597e-03
8.049613e-03
4.437583e-02
8.850544e-03
1.976722e-03
2.366211e-02
4.487355e-04
8.815377e-03
1.452600e-01
1.917698e-01
1.088232e-01
1.300744e-03
1.642260e-02
1.389741e-01
3.963213e-02
8.614996e-03
1.039481e-03
5.974150e-02
1.793194e-02
1.793047e-02
4.551961e-03
2.673900e-03
9.345049e-04
1.658626e-01
5.960265e-02
8.812187e-02
2.065125e-03
7.765000e-03
1.757962e-03
2.785588e-01
5.080838e-02
2.833192e-05
1.684031e-01
9.149629e-02
6.047674e-04
9.204484e-04
4.664445e-02
3.650384e-02
8.908496e-02
6.927840e-03
2.710271e-02
1.331455e-01
5.834630e-03
6.212533e-02
1.861679e-02
7.523222e-02
3.007541e-02
4.936147e-02
1.364291e-01
3.375706e-02
1.389330e-02
1.799903e-03
2.285836e-02
3.608862e-02
6.544955e-03
1.627630e-02
2.702158e-04
2.106891e-02
2.825599e-02
1.395538e-03
2.619451e-02
7.686610e-02
3.135789e-02
9.502085e-04
3.101518e-03
2.447016e-02
5.042793e-02
1.221471e-01
1.047001e-01
6.694392e-04
1.202394e-02
6.238710e-02
1.459312e-01
2.278228e-02
7.806753e-02
6.572853e-03
1.418823e-04
3.809836e-06
5.581517e-02
1.407292e-01
8.973512e-03
1.068720e-02
1.368065e-01
9.538140e-05
1.899478e-04
1.009641e-03
3.385248e-02
1.336555e-03
6.967081e-02
4.472243e-02
9.845633e-02
2.367513e-02
2.724474e-04
3.397685e-03
1.422968e-02
7.252063e-03
2.579764e-03
1.247371e-01
2.912545e-02
1.731971e-03
3.461692e-02
8.405865e-02
5.800042e-03
9.187411e-03
1.383757e-01
5.349270e-02
2.175275e-03
4.093233e-05
5.434734e-02
1.942698e-02
3.518077e-02
2.197846e-01
2.378107e-01
7.646191e-03
1.101956e-02
8.850634e-04
1.036169e-02
7.162386e-02
9.053318e-03
1.203034e-01
7.704158e-02
1.765301e-03
5.557141e-04
1.526386e-01
3.283960e-02
1.472337e-04
1.387413e-02
5.961100e-03
6.389419e-02
4.988011e-02
1.140216e-01
1.534212e-02
1.239021e-02
3.878921e-02
1.726873e-01
5.617101e-02
4.566948e-02
1.710406e-05
8.699768e-02
1.669666e-03
2.659672e-04
2.636746e-03
8.932034e-03
1.521991e-01
3.822563e-01
2.145998e-02
7.030162e-02
2.755847e-02
2.687057e-03
7.670324e-02
2.499850e-01
1.219769e-03
3.374330e-02
1.964263e-02
1.258746e-05
4.737098e-02
1.289894e-01
2.741124e-04
6.555389e-02
1.964312e-02
6.202366e-03
1.607391e-05
1.121613e-01
7.787284e-03
2.333075e-04
2.208261e-03
3.531109e-02
9.028469e-02
9.857842e-02
1.973083e-01
2.051924e-01
1.917151e-03
8.505462e-03
1.611085e-04
9.072734e-02
4.792950e-03
1.666823e-02
3.295759e-04
3.116158e-02
2.414595e-02
1.114466e-01
5.320137e-02
2.226806e-02
2.903645e-03
1.320195e-04
1.306286e-03
8.323079e-03
1.527858e-04
9.771369e-03
3.437738e-02
2.826399e-02
4.819957e-05
2.569704e-02
3.259182e-01
1.030568e-02
5.536223e-03
1.003045e-02
5.195594e-02
8.806939e-04
7.359076e-03
9.948425e-03
1.624139e-02
1.765011e-02
9.211899e-02
2.797647e-02
2.963787e-02
6.589701e-02
2.750056e-02
6.230845e-03
3.657492e-04
8.449654e-02
5.582439e-02
1.419311e-01
1.528411e-02
7.807389e-03
2.237810e-02
8.139208e-04
2.971887e-03
5.853066e-04
4.806566e-03
1.232526e-01
1.896890e-04
1.476964e-02
5.720778e-03
5.934801e-02
1.583170e-02
4.509773e-03
5.337958e-02
2.853808e-02
4.446880e-05
1.356772e-03
1.158160e-01
3.603696e-03
3.245773e-02
1.072426e-06
8.791268e-03
1.009509e-01
5.583399e-02
1.217696e-01
2.402754e-02
1.200377e-02
8.950032e-02
3.456825e-02
3.018701e-03
2.322610e-01
1.403878e-02
2.431503e-03
1.557039e-08
9.379422e-03
3.044712e-02
4.558214e-02
1.324934e-01
6.747637e-04
2.192033e-01
6.311413e-04
1.033741e-02
4.896076e-02
7.756438e-02
7.025021e-05
3.970104e-03
1.613521e-02
8.268087e-03
1.220935e-02
3.476998e-02
1.464111e-03
1.040399e-03
6.315882e-02
1.923919e-04
1.920401e-02
5.473757e-02
5.373894e-05
2.370146e-01
9.681091e-02
2.588936e-02
1.722878e-02
9.294083e-02
1.238816e-01
5.361277e-02
2.003452e-02
9.039240e-02
4.643119e-02
1.719216e-03
1.221166e-01
1.989214e-02
1.426438e-02
1.423509e-01
1.695249e-02
4.997999e-04
3.853288e-02
1.564212e-02
1.629886e-04
1.237534e-02
7.278348e-03
4.861105e-02
4.336675e-02
5.658566e-03
3.212188e-04
7.687801e-02
4.038492e-02
1.549315e-02
5.722241e-03
1.762733e-02
1.141012e-02
5.601762e-02
3.258313e-03
3.205208e-05
8.189872e-02
1.386863e-04
1.243249e-01
5.179229e-02
5.710077e-02
1.310288e-02
6.432078e-02
2.806356e-02
4.235937e-03
1.627307e-04
3.027049e-02
3.258470e-01
4.645171e-02
1.006384e-02
1.088404e-01
4.307396e-01
1.788538e-02
6.127373e-03
6.873940e-02
4.256510e-07
7.136609e-02
6.875327e-02
1.913740e-02
1.649059e-01
8.583800e-02
2.938150e-02
6.783848e-02
2.909969e-04
2.689245e-02
2.675159e-02
4.411706e-02
8.949076e-02
4.414674e-04
2.751201e-02
1.088438e-05
1.013462e-01
1.091007e-03
4.834444e-02
5.692198e-02
9.857170e-03
6.211994e-03
1.962862e-04
2.201352e-02
9.488664e-03
6.514219e-04
1.491964e-03
5.263612e-04
3.078834e-02
2.964157e-01
2.283639e-03
1.873215e-02
2.594597e-03
1.412130e-03
1.664792e-01
9.042554e-03
4.106787e-03
8.395453e-05
4.516463e-02
2.049710e-02
1.491829e-02
8.456057e-04
2.005818e-03
5.552191e-02
2.625485e-04
1.450920e-01
2.730643e-02
4.384400e-02
1.933425e-06
1.158086e-01
4.107320e-02
6.147030e-03
1.556467e-01
2.267941e-02
5.931082e-02
2.282766e-02
8.741599e-04
7.596639e-02
7.063175e-02
6.070257e-02
5.252775e-03
2.991472e-02
1.508544e-02
1.272775e-03
1.750952e-01
4.361533e-02
3.320460e-02
6.004343e-02
6.591755e-04
1.862907e-02
3.087910e-02
5.563232e-02
9.008970e-04
7.554709e-02
1.443361e-03
1.978814e-03
5.821633e-04
4.245766e-03
3.632752e-02
1.404901e-01
2.444830e-03
3.046735e-03
1.061175e-01
7.306329e-02
7.875795e-03
1.000961e-02
1.044541e-01
4.214030e-02
4.503816e-02
5.231227e-02
2.144179e-01
3.147380e-03
1.091966e-02
1.642040e-01
7.484756e-04
8.754260e-03
1.091798e-04
2.270121e-01
2.525753e-02
1.363579e-03
1.707146e-02
5.260091e-04
1.231510e-02
9.610905e-03
7.024386e-02
1.597840e-04
2.469789e-02
3.561025e-03
1.080480e-01
3.102590e-02
1.721167e-02
1.022466e-01
3.060158e-02
2.672504e-02
8.090379e-02
2.866946e-01
1.901688e-02
8.689445e-03
3.744519e-03
1.257317e-01
1.434004e-01
1.760099e-05
3.503179e-03
2.014751e-03
9.964569e-02
2.336834e-02
1.530905e-02
1.836711e-02
9.823488e-03
1.520643e-01
4.851302e-03
6.215327e-02
3.567776e-02
