3.298521e-02
1.178367e-01
4.591699e-02
1.838838e-02
9.624244e-02
2.426734e-01
7.163186e-03
1.132674e-03
1.794287e-02
1.044030e-02
8.591686e-03
4.454254e-02
1.692445e-01
5.033357e-02
1.761289e-03
5.482207e-02
1.049329e-02
9.605586e-02
1.471897e-02
5.098153e-02
4.158422e-02
4.492100e-03
2.757826e-01
2.586419e-02
5.947100e-02
4.218857e-02
1.215717e-01
9.847957e-02
1.986269e-01
3.856793e-01
8.089775e-06
5.736539e-02
6.500252e-02
2.541858e-02
2.155625e-02
5.232347e-04
1.097636e-01
3.932849e-02
5.200177e-03
3.761086e-03
1.160427e-02
1.097901e-03
9.652981e-02
5.284832e-04
6.182544e-02
1.357569e-02
7.959525e-02
3.569809e-02
1.564942e-02
5.763024e-02
2.958410e-01
3.217649e-02
3.758124e-02
1.578349e-03
1.237854e-01
3.534304e-03
2.294464e-02
5.099648e-02
2.847030e-02
5.561326e-03
2.594134e-04
2.147672e-02
4.314481e-02
4.364809e-03
8.769502e-03
1.099174e-03
4.668620e-02
8.986009e-04
4.279718e-03
4.132557e-05
7.298386e-05
2.870871e-04
9.847044e-03
1.623327e-02
7.627039e-03
3.053955e-01
1.750054e-02
1.060240e-01
1.604896e-02
4.093075e-02
3.557075e-02
9.004819e-04
2.101990e-03
1.585503e-02
2.396095e-01
2.158528e-03
3.282611e-02
9.856351e-02
5.974039e-02
6.575948e-02
2.369064e-02
1.793755e-03
9.900761e-03
1.209682e-02
6.233614e-03
2.357094e-02
2.411144e-01
1.785393e-02
6.815619e-02
4.047056e-02
1.312032e-01
2.769063e-03
5.052887e-02
6.991434e-02
3.982709e-03
5.807484e-02
2.110914e-02
3.033095e-02
1.027615e-02
3.738347e-02
5.484044e-07
2.184422e-02
5.598226e-04
1.500089e-02
2.999964e-02
6.137282e-02
1.277494e-02
5.093723e-02
5.813263e-02
3.480754e-04
3.291832e-03
7.910599e-03
3.304727e-03
2.916257e-02
4.169361e-06
4.158014e-03
1.945078e-02
2.189833e-04
1.159811e-01
3.051433e-02
1.081460e-01
2.843122e-03
3.571375e-03
5.511102e-03
2.158235e-02
1.814273e-01
7.153721e-01
8.857026e-02
3.932788e-02
4.839152e-02
4.886419e-03
1.078943e-02
1.266355e-04
1.318725e-02
4.610945e-02
1.962614e-02
1.286003e-03
2.295620e-02
1.974360e-01
1.249658e-02
1.018780e-01
3.771137e-03
2.102662e-02
1.435940e-02
5.830534e-03
1.287407e-01
5.562499e-02
9.811406e-04
8.184543e-02
1.634387e-02
5.735809e-02
2.152602e-01
7.773288e-03
2.100708e-03
3.377990e-02
9.036124e-02
3.950512e-02
3.802259e-04
3.594551e-04
5.714011e-02
6.167724e-03
1.059782e-01
4.615568e-03
6.161341e-03
1.507142e-02
2.308105e-02
6.306821e-03
7.169018e-02
2.059828e-02
1.015239e-01
1.149167e-01
1.000818e-03
1.572495e-01
3.012082e-03
1.078371e-01
7.369063e-02
2.590501e-03
1.078249e-01
1.481809e-01
9.107052e-02
7.704546e-04
1.272757e-03
1.316703e-04
4.279852e-02
1.488571e-02
9.071586e-02
6.514456e-03
2.324579e-02
1.345042e-01
1.869523e-03
7.162639e-02
1.280113e-03
1.031890e-02
3.370962e-02
1.018048e-02
3.252070e-04
2.360881e-02
9.748707e-02
1.961799e-02
2.206649e-02
6.405600e-02
1.737188e-02
1.200252e-01
4.153528e-02
2.719380e-02
2.465725e-02
1.618908e-03
1.627186e-01
8.020675e-04
6.841198e-02
8.298102e-02
4.503474e-02
5.435520e-04
6.513644e-03
2.358312e-01
1.322955e-01
1.943994e-02
7.610654e-02
2.324809e-02
6.729367e-03
1.017494e-02
7.569194e-02
1.685149e-01
1.712676e-01
2.474656e-03
1.047557e-01
3.527028e-02
1.632866e-01
1.240812e-01
3.764514e-01
1.079549e-01
2.988515e-03
2.755581e-01
1.414003e-02
2.153928e-02
1.860028e-02
1.564990e-01
7.221111e-03
1.930481e-04
3.620971e-02
5.001534e-02
6.088003e-02
3.035325e-02
1.399826e-02
1.944253e-01
6.530308e-04
3.507045e-02
5.440493e-02
4.243891e-02
1.407490e-03
4.171978e-01
2.370832e-01
2.271430e-03
9.029505e-02
2.581870e-03
4.906704e-03
9.465384e-02
1.437632e-03
1.325769e-02
4.748504e-02
1.155391e-01
2.316423e-02
9.655284e-02
3.796081e-02
7.546865e-02
1.971900e-02
6.679136e-02
1.056432e-01
1.133320e-02
2.649498e-02
4.694720e-02
7.095365e-02
5.775316e-02
7.923702e-03
1.183535e-02
9.248212e-05
8.117562e-02
6.002280e-02
2.741181e-02
4.258887e-03
4.597825e-02
4.580673e-04
1.213307e-02
2.279333e-02
2.299832e-03
4.173383e-02
9.575779e-02
1.689413e-02
7.756369e-02
1.616647e-01
1.307833e-05
2.831064e-02
1.504922e-03
2.056966e-04
2.135828e-03
4.932618e-02
5.635813e-02
8.004227e-03
1.987655e-01
1.291503e-04
1.461061e-02
1.669868e-03
2.842818e-02
5.330512e-02
1.223248e-01
4.600969e-03
2.998991e-01
9.101368e-02
5.961854e-03
4.804483e-02
8.578774e-03
1.836688e-02
1.334099e-02
7.485914e-03
1.454387e-02
8.181311e-03
2.084486e-01
1.919765e-04
6.027047e-02
5.204115e-02
1.753599e-04
2.286320e-02
1.852376e-01
1.504277e-01
1.182231e-01
1.118659e-01
5.605056e-04
1.143064e-01
8.174398e-02
3.861352e-03
1.603637e-02
2.728539e-02
1.764436e-01
2.652707e-03
3.849065e-02
1.380033e-01
2.072627e-01
2.801783e-02
5.647726e-02
6.608894e-02
1.114772e-02
1.448422e-05
3.452533e-02
1.167751e-02
7.168699e-03
8.323238e-02
7.606967e-02
1.639819e-01
1.089850e-02
9.035156e-04
1.721343e-01
1.870730e-03
1.765056e-03
1.405685e-02
6.521780e-03
5.083010e-02
1.076864e-01
8.254285e-02
8.880584e-02
1.467307e-02
2.630130e-03
2.330287e-02
1.327734e-02
2.720334e-04
1.747434e-06
3.834344e-03
2.523936e-02
1.739896e-03
4.253082e-03
1.709985e-02
9.337204e-02
9.305310e-02
1.751590e-03
1.620683e-04
9.835006e-02
3.649865e-03
2.662435e-03
7.637726e-04
3.593732e-01
8.615069e-02
2.100864e-04
2.938587e-03
9.799037e-04
1.450661e-01
1.377858e-01
8.074350e-03
2.948194e-02
2.701081e-03
2.092982e-01
7.424273e-04
5.890344e-02
4.355248e-03
3.301873e-03
1.177910e-02
4.037978e-04
4.868242e-03
3.198445e-02
9.265584e-02
1.142018e-02
5.897610e-03
5.938758e-02
1.366479e-04
1.708768e-02
2.674062e-01
1.418914e-04
2.012543e-01
1.854635e-01
1.823462e-02
7.552274e-04
1.023934e-03
4.670327e-03
4.240041e-02
7.183763e-02
5.665927e-04
1.951826e-02
9.594691e-03
1.681709e-02
5.158485e-03
1.087226e-01
4.693342e-02
5.133578e-02
4.267131e-03
6.950293e-02
1.223878e-01
5.874227e-02
7.171474e-02
2.050189e-02
3.527946e-03
1.986758e-02
7.939960e-02
8.497477e-02
9.873596e-03
1.486760e-02
1.267426e-01
8.685362e-02
4.038841e-03
4.033909e-02
6.892090e-02
4.200721e-02
4.389619e-02
1.996192e-01
2.231087e-04
5.743397e-02
7.258375e-02
9.880898e-04
3.883428e-03
6.689473e-02
1.407916e-02
1.319038e-02
2.056979e-01
7.916550e-02
7.528657e-03
1.501012e-02
1.988690e-02
2.205631e-01
1.255911e-01
5.779912e-02
6.596545e-02
1.119659e-02
9.788490e-03
4.770524e-03
4.183889e-03
2.001135e-01
4.461747e-05
5.315448e-02
2.015206e-03
2.623742e-03
1.473391e-03
2.569352e-02
2.795347e-03
1.786142e-02
2.581668e-02
4.601900e-04
4.892323e-02
1.319916e-01
1.214081e-04
8.584067e-03
9.920025e-04
2.988752e-02
2.134763e-02
1.321405e-04
1.401882e-01
2.943827e-03
3.006422e-02
1.107462e-01
5.480229e-02
2.179457e-04
5.939869e-02
6.653468e-02
3.032779e-01
1.873347e-03
7.428118e-04
1.559711e-01
1.528361e-02
3.776980e-03
5.917193e-02
5.228569e-02
3.214926e-01
8.340110e-02
6.990084e-02
6.654541e-02
1.379506e-01
6.575102e-02
6.528691e-03
1.719362e-01
5.923165e-02
1.427369e-01
7.681188e-05
4.425897e-04
9.206417e-04
2.016128e-03
4.739745e-02
5.769674e-02
7.066884e-02
2.826324e-02
2.090060e-02
1.982927e-04
2.628389e-02
4.484058e-03
2.362501e-04
1.006360e-01
3.161467e-02
3.527335e-02
3.541040e-02
5.269617e-02
3.756494e-02
1.039761e-04
6.973944e-02
2.234159e-02
3.909231e-03
1.324646e-04
9.398784e-03
7.276756e-02
4.663648e-02
1.038849e-01
1.139968e-02
1.188650e-01
5.601628e-02
1.525344e-05
3.816070e-03
1.311320e-01
1.146320e-01
8.444231e-03
6.320833e-04
2.805250e-03
2.679057e-01
3.019432e-02
4.486913e-02
2.513856e-02
5.598976e-02
3.924702e-02
8.457361e-02
1.349266e-03
7.512016e-04
2.852730e-05
8.441514e-02
2.308679e-02
6.286189e-03
9.084555e-03
1.606086e-02
2.512551e-02
6.090399e-03
9.057910e-02
2.579760e-01
2.409010e-03
1.118214e-01
9.333116e-02
6.812840e-02
1.527394e-01
1.448904e-03
9.758266e-02
1.094263e-01
3.010654e-02
9.897020e-02
5.635538e-02
1.467973e-03
4.321868e-02
9.468084e-02
6.139275e-02
5.539909e-03
2.215343e-01
1.081079e-04
5.436889e-02
7.730302e-02
