1.825600e-05
5.728105e-03
5.318749e-02
6.213049e-03
2.373125e-05
1.722316e-04
4.176655e-03
1.560609e-02
8.146293e-03
7.803417e-03
5.263016e-03
1.963016e-02
6.106931e-02
1.018178e-01
2.087384e-02
6.162594e-03
8.038508e-03
1.758923e-02
3.079395e-02
9.543683e-02
5.302063e-03
7.518032e-03
5.505039e-02
1.975786e-02
6.197644e-04
6.961187e-03
4.404142e-01
4.999537e-03
4.327082e-02
1.593403e-02
2.949869e-01
5.019739e-03
1.092305e-02
1.970471e-01
2.973912e-01
2.442920e-01
1.117900e-02
5.682533e-03
2.581444e-02
4.470686e-04
1.446442e-01
7.650728e-04
4.731477e-05
5.245097e-03
1.481996e-02
5.079082e-03
1.494375e-02
1.608787e-01
1.180957e-01
2.234069e-02
6.158024e-02
3.447822e-04
1.004303e-04
4.587586e-02
1.352276e-01
2.139559e-01
2.978639e-02
1.266663e-01
2.943914e-03
1.164146e-04
1.796375e-01
2.889202e-03
1.152386e-01
1.606880e-01
1.017284e-02
5.166570e-03
5.944669e-03
9.100025e-02
1.490630e-04
7.218759e-04
1.741256e-02
1.154948e-01
2.337103e-04
1.097064e-02
2.520830e-04
4.013375e-02
4.833495e-02
4.152418e-02
4.663141e-03
3.258853e-03
8.356591e-03
3.373077e-05
9.276517e-02
1.834389e-01
1.113380e-01
9.427371e-02
3.283341e-02
4.022268e-03
1.586847e-02
1.100661e-01
4.135170e-03
1.651703e-02
3.476017e-02
6.624379e-02
4.340210e-05
6.005023e-02
9.510338e-03
4.426050e-02
6.649002e-02
7.372287e-04
1.247816e-01
2.816013e-02
3.724845e-01
8.734259e-02
8.491383e-03
2.462946e-03
1.799627e-01
6.423896e-02
3.665140e-05
2.307762e-02
2.180955e-02
2.468491e-01
6.836205e-03
1.776193e-01
1.102674e-04
5.098989e-02
2.578905e-02
6.209187e-03
1.215361e-01
6.499562e-02
1.156640e-01
1.527220e-01
7.823280e-03
2.352201e-02
1.711606e-02
1.263751e-02
3.654929e-03
1.185427e-01
3.246803e-02
1.138844e-03
1.027365e-01
1.417484e-01
3.070833e-02
7.832952e-02
7.084183e-02
8.073093e-02
1.014810e-02
2.935044e-03
1.863465e-03
9.320134e-06
3.280522e-03
5.378328e-06
3.808326e-03
7.044916e-03
1.431736e-02
8.627004e-02
2.421437e-01
1.740901e-01
6.227300e-04
3.140041e-05
1.953143e-02
3.614697e-02
1.582419e-03
2.883922e-02
1.660098e-02
3.341707e-02
7.218621e-03
4.030830e-02
2.787497e-02
1.871200e-02
4.783899e-04
3.243847e-02
2.762892e-02
8.994299e-03
2.803944e-03
5.093168e-01
3.852954e-02
1.071307e-01
7.317389e-03
3.934636e-02
9.602643e-05
3.442065e-03
1.054280e-03
5.243332e-03
1.654428e-01
5.322107e-05
1.112071e-02
9.329054e-05
7.799470e-02
9.212864e-02
1.773433e-02
4.394368e-02
2.220604e-02
2.918223e-02
9.679017e-03
1.154030e-01
1.582195e-03
1.680732e-02
8.592186e-06
1.843008e-01
2.974202e-01
9.669642e-02
4.561414e-02
2.343731e-02
1.860015e-02
6.353723e-05
7.645167e-02
5.830246e-02
2.430311e-02
2.081469e-02
2.077221e-05
1.421873e-01
1.069492e-02
5.614214e-04
3.436761e-02
1.155147e-02
4.053213e-02
3.242522e-03
8.244351e-02
1.737689e-02
1.495761e-01
1.892959e-01
6.928589e-03
5.129665e-02
1.626923e-01
3.916385e-02
7.430003e-03
3.699390e-02
1.020614e-02
1.002445e-01
3.922058e-01
2.025630e-02
2.517516e-03
2.056592e-03
6.588935e-02
7.578935e-02
1.722585e-04
2.599274e-03
1.738519e-01
1.791893e-02
2.568386e-02
9.342969e-03
2.186823e-02
1.771162e-01
2.167131e-01
1.825539e-02
9.531104e-08
7.413062e-03
5.464770e-05
1.275194e-01
3.940217e-02
6.401163e-02
2.506458e-02
9.564765e-03
1.000230e-02
7.372727e-02
1.346020e-02
4.027832e-02
4.107168e-03
5.281357e-02
8.256717e-02
1.965137e-03
4.954876e-02
3.502152e-03
1.451578e-01
2.740188e-02
2.585106e-03
7.500679e-02
8.521641e-02
1.167111e-01
1.674543e-01
2.187579e-02
2.557329e-02
8.668860e-03
1.480486e-03
1.988217e-02
1.000335e-01
1.394957e-01
3.429667e-01
3.887925e-03
2.653576e-03
3.749369e-02
1.121690e-01
4.490430e-04
3.030984e-02
3.841846e-01
7.421007e-03
5.983732e-03
7.792707e-02
2.929498e-02
2.517988e-04
1.533497e-03
1.531143e-02
4.372898e-02
2.293074e-03
9.824057e-03
3.274345e-02
1.093436e-01
5.493862e-04
2.146897e-01
7.198306e-03
5.555404e-02
8.001689e-02
1.441363e-01
1.073726e-01
4.057203e-03
1.388525e-02
1.499414e-05
4.180771e-02
1.544630e-02
1.660374e-02
2.638117e-02
5.468673e-02
3.537695e-02
3.243986e-01
1.271853e-03
5.615629e-03
8.593005e-03
7.047131e-02
3.805136e-03
5.344005e-04
3.140700e-02
1.035630e-03
5.654709e-02
3.467849e-03
1.067072e-01
1.462410e-04
9.728817e-04
1.908989e-01
7.211254e-05
5.804464e-03
1.043083e-01
6.552324e-02
3.571044e-02
3.162894e-02
1.004483e-01
6.763525e-03
2.357798e-03
5.111083e-04
3.608070e-03
9.902924e-03
2.586524e-02
1.424881e-03
2.092393e-01
2.970802e-01
2.256179e-02
2.064762e-03
5.099025e-02
3.261787e-02
1.261712e-02
1.448174e-02
1.053312e-01
2.361697e-02
1.878031e-03
6.049588e-03
4.053729e-04
1.268580e-02
1.439769e-01
2.123587e-02
2.004419e-02
9.873665e-02
9.053588e-02
2.172583e-03
7.828926e-05
7.689677e-04
9.196936e-04
2.989986e-01
2.902539e-02
1.218339e-02
4.735328e-02
3.901161e-03
8.339130e-02
7.579262e-02
2.802646e-02
2.619166e-03
3.062337e-01
4.607107e-02
5.251522e-03
4.295503e-04
8.705027e-03
4.452545e-02
4.705442e-02
3.235253e-02
9.134883e-02
1.332336e-01
1.685014e-03
2.011540e-03
1.851183e-02
1.272070e-02
2.805704e-05
1.066622e-01
7.365949e-02
7.080400e-02
9.893716e-02
1.073153e-01
5.811735e-03
4.500372e-02
4.554739e-02
7.622178e-04
1.994933e-02
2.713963e-02
2.664291e-06
1.984907e-02
1.027985e-01
2.943393e-02
2.446969e-02
1.089689e-01
3.709667e-02
7.118826e-02
3.226559e-03
2.991444e-03
7.641647e-04
2.594951e-02
2.443138e-02
7.438371e-03
1.994645e-05
1.049257e-02
7.261396e-03
5.542210e-02
2.449801e-02
1.966497e-02
7.636287e-03
4.248479e-04
1.018140e-01
8.303041e-02
1.797697e-01
3.455317e-02
1.195271e-01
2.077483e-02
2.534213e-02
1.208410e-02
1.581756e-02
6.456534e-02
3.738290e-05
2.739487e-02
5.222020e-02
7.959817e-03
3.632873e-02
4.154880e-01
4.244422e-02
3.152211e-02
8.438240e-02
1.048283e-02
7.743583e-02
1.084892e-02
8.497518e-02
1.131284e-03
1.698154e-02
7.751850e-02
4.583056e-02
2.325787e-02
6.373113e-02
7.575817e-03
1.185754e-01
2.432930e-03
1.517858e-02
1.557102e-02
1.300123e-01
1.507957e-03
2.041252e-03
2.411353e-02
3.529519e-03
1.490420e-01
1.439985e-04
1.797270e-04
4.512616e-02
1.339298e-02
2.944323e-02
7.429483e-03
5.243165e-02
9.104607e-02
8.318483e-02
7.606246e-04
4.709482e-02
7.947684e-05
9.988150e-03
2.656761e-01
5.429289e-02
1.770482e-01
2.987770e-04
2.761160e-02
5.353185e-01
8.697802e-02
1.379932e-01
5.977859e-03
2.014234e-02
2.157787e-02
8.610792e-02
3.448849e-03
9.483260e-02
9.351998e-02
1.513086e-03
7.424585e-02
1.041213e-03
1.504557e-01
1.353337e-02
8.599376e-02
5.893367e-02
1.806477e-02
1.341061e-01
7.687977e-04
4.647927e-02
1.325817e-02
1.557491e-01
3.168318e-02
1.478820e-01
3.600872e-02
1.696450e-01
7.384466e-02
9.360983e-02
2.581554e-02
3.107227e-05
7.436790e-05
7.293754e-02
2.577658e-05
7.172617e-03
2.333714e-02
6.838336e-02
1.670682e-02
5.472075e-03
3.576795e-03
3.089520e-01
1.228083e-01
1.992317e-01
1.936214e-01
2.710526e-01
1.630331e-01
1.650559e-01
6.886443e-02
2.167706e-01
9.788920e-02
3.012860e-03
2.008223e-02
1.876921e-03
1.655216e-03
6.802626e-03
1.460949e-03
1.078241e-02
5.619857e-02
1.427791e-01
1.205690e-01
1.001226e-02
1.710807e-01
1.632164e-01
6.448755e-03
1.553544e-03
1.356812e-03
2.405796e-02
6.704458e-03
1.577628e-01
7.183860e-01
1.222195e-01
3.965917e-03
1.025400e-01
1.087456e-01
3.639327e-02
1.291729e-02
5.384351e-02
8.282528e-02
5.616780e-04
8.882177e-05
1.249135e-02
3.944312e-03
9.678975e-03
6.451101e-02
7.412769e-02
1.298393e-03
9.716768e-03
4.403091e-02
9.103514e-03
1.065979e-02
7.062298e-02
3.451661e-02
7.770377e-04
3.029417e-02
8.013078e-02
6.016580e-04
1.273805e-02
1.294612e-03
1.751216e-06
8.900866e-04
5.913557e-03
1.924918e-02
1.429997e-02
4.646201e-04
2.401282e-03
1.716884e-01
1.034514e-05
1.602335e-03
2.011513e-02
1.039787e-02
5.006557e-02
1.449303e-02
2.183001e-04
2.099850e-02
1.026750e-05
6.806292e-02
1.184217e-02
5.573606e-02
7.317846e-03
7.178987e-03
2.049376e-02
5.542630e-04
5.597425e-03
