1.923480e-03
3.091250e-04
1.433766e-03
1.426917e-03
1.070728e-04
1.889209e-02
1.093672e-02
8.699880e-02
2.041663e-02
2.809563e-02
2.139285e-02
1.469428e-02
4.891832e-02
1.607518e-01
1.114413e-02
5.481794e-02
6.757098e-02
3.515969e-03
1.249817e-03
7.005027e-03
7.580802e-04
8.699250e-04
1.546699e-02
5.761701e-02
4.955377e-02
2.641988e-04
2.659894e-01
2.413893e-02
3.234655e-02
1.828940e-02
3.130991e-02
1.372645e-02
3.992724e-07
4.385847e-03
4.466879e-03
3.098580e-05
1.059710e-01
8.390734e-03
7.369855e-03
4.816601e-02
4.213359e-04
5.655574e-04
1.415669e-01
1.467212e-02
5.464450e-02
3.563720e-02
1.208885e-03
1.124046e-02
5.461197e-03
1.965507e-02
1.566065e-02
1.112317e-02
1.487810e-01
5.168022e-06
3.362465e-03
1.580723e-03
2.789970e-02
2.207953e-01
6.057118e-03
4.161458e-02
1.316396e-01
6.535229e-03
1.232093e-01
5.780500e-02
4.751677e-02
1.404141e-02
1.242479e-04
8.719356e-02
1.204492e-01
4.638732e-02
2.346168e-02
1.513078e-03
5.028860e-04
7.663437e-03
2.844159e-02
2.282710e-02
5.910709e-04
8.246100e-04
1.111379e-01
2.112244e-03
9.699044e-02
2.385873e-02
3.310005e-02
3.837690e-03
2.215176e-02
9.997710e-02
1.529751e-01
2.165112e-02
5.305956e-02
5.369817e-03
2.977428e-02
6.557915e-02
3.019080e-02
5.378546e-03
8.314851e-03
4.531589e-02
3.119023e-03
1.845148e-03
7.198541e-02
1.280248e-02
3.529001e-02
2.115130e-02
1.914782e-01
1.190671e-01
4.041285e-02
3.439717e-02
8.957064e-02
1.483084e-03
5.793640e-02
1.500113e-01
6.170815e-03
5.663881e-02
4.556511e-02
3.750031e-04
4.001696e-02
3.129875e-02
6.101449e-02
3.047253e-02
4.074252e-02
2.678028e-01
4.839549e-02
2.484213e-02
1.625648e-01
1.018907e-01
2.493886e-04
1.515034e-02
1.396965e-03
7.472104e-03
7.352895e-02
2.323743e-02
4.436232e-02
5.072841e-02
1.317160e-02
6.685907e-03
2.422697e-02
4.602844e-04
2.294503e-01
4.997213e-02
1.440479e-01
1.214074e-01
2.403869e-02
2.995327e-02
3.097913e-04
1.929140e-02
4.727926e-02
1.572554e-02
1.377676e-02
3.465802e-02
5.220576e-02
2.642859e-04
6.588736e-02
4.102839e-02
4.334228e-03
2.934175e-02
2.000488e-03
1.417286e-01
1.005597e-01
2.485042e-02
1.411761e-02
1.602513e-02
1.774046e-01
4.819566e-03
1.672500e-03
4.333933e-02
1.738409e-02
2.944244e-01
2.754655e-01
2.618086e-02
2.243124e-03
2.782274e-03
1.360924e-05
3.866228e-04
3.292956e-02
1.456803e-01
1.116243e-01
1.075186e-01
4.885584e-02
1.196552e-02
7.818340e-03
7.187563e-05
8.134048e-02
1.049788e-02
1.539846e-01
7.790471e-04
6.882883e-03
4.575855e-02
4.103140e-03
8.634979e-02
1.167916e-02
2.405827e-02
3.146220e-05
1.756746e-02
7.388135e-02
5.293968e-02
6.121001e-02
9.208952e-03
6.260341e-02
2.066896e-01
7.545339e-03
2.761596e-04
6.047697e-02
7.179520e-02
2.200956e-03
6.526264e-02
6.107494e-03
2.149166e-04
1.219288e-03
6.555316e-02
3.951102e-02
3.687806e-02
6.318165e-04
2.047172e-03
3.122567e-02
2.647589e-02
3.106690e-02
5.139068e-03
2.404045e-02
1.627977e-03
6.956513e-03
5.251144e-02
1.180983e-02
3.146280e-02
2.837389e-01
3.354601e-02
2.366655e-01
1.114826e-01
2.947090e-02
2.457824e-03
7.805312e-02
6.087843e-02
2.891013e-02
4.479218e-02
8.886387e-02
3.220984e-01
5.049287e-02
1.288286e-02
1.463425e-02
4.587528e-03
2.600011e-02
1.817241e-02
1.001914e-03
1.088471e-01
1.784028e-01
1.626647e-02
2.423166e-03
8.430836e-03
1.190570e-01
5.254586e-04
3.365372e-03
6.279221e-03
3.330999e-02
4.844358e-04
2.762123e-03
2.959143e-03
5.127135e-03
5.198663e-03
2.321897e-02
4.325560e-04
1.365629e-02
2.707663e-01
6.382045e-02
1.926338e-02
2.177043e-02
1.580981e-02
9.015396e-02
5.764663e-03
9.517469e-03
2.275473e-01
1.018685e-02
6.588212e-04
6.420394e-03
1.654721e-01
1.016853e-01
3.911581e-05
1.067214e-01
3.211757e-02
2.164785e-02
1.030794e-04
1.807051e-01
5.896491e-03
3.190058e-02
2.276682e-02
7.591675e-04
9.861734e-03
8.033933e-02
1.119489e-01
2.268193e-03
4.867781e-02
5.339260e-02
5.363593e-02
3.275558e-03
1.667501e-02
4.133340e-02
1.726132e-01
2.505989e-01
6.105229e-02
9.928824e-02
4.419881e-02
8.367932e-03
1.638898e-01
4.147450e-02
4.749946e-02
1.012767e-02
4.749671e-07
7.295354e-02
5.414963e-03
2.201535e-02
2.271883e-02
1.388647e-01
2.504856e-02
1.292185e-01
2.989187e-04
1.335235e-03
1.056525e-02
4.339681e-02
3.626538e-03
2.363325e-02
1.984345e-03
2.849668e-02
8.420440e-02
1.843317e-02
4.374501e-04
2.095910e-03
3.993952e-02
9.616224e-02
1.931413e-02
1.839351e-02
3.051318e-04
1.548302e-01
2.679311e-04
2.977663e-01
2.465043e-03
2.733564e-02
1.413567e-01
6.137306e-02
1.914299e-01
5.470132e-02
1.580224e-03
6.392549e-03
1.791465e-02
2.432056e-02
2.060483e-03
1.982693e-02
1.027243e-02
2.442335e-04
1.681099e-05
2.343224e-04
1.653251e-03
9.216237e-02
1.722710e-02
7.135456e-03
1.534107e-03
1.009435e-04
4.083159e-02
1.106593e-02
2.221536e-01
3.509590e-02
4.245329e-02
6.337183e-04
5.792472e-04
1.184175e-01
1.321015e-02
1.327743e-01
1.801869e-02
4.627249e-03
1.316279e-02
6.600242e-03
1.439237e-02
4.023648e-02
4.768046e-03
1.062194e-02
1.154128e-02
1.863313e-01
1.020914e-04
5.971411e-02
5.937899e-02
2.244219e-02
2.829278e-04
2.280522e-02
1.363932e-01
1.502151e-01
1.455236e-01
5.402359e-02
1.000707e-01
4.947343e-04
6.333651e-02
2.884568e-02
1.293664e-02
7.904586e-04
1.805376e-02
8.776619e-02
1.802077e-02
4.676615e-02
6.329782e-02
6.350155e-02
2.026951e-01
2.020907e-02
6.168834e-03
3.758356e-02
5.122061e-05
6.890686e-04
3.483956e-04
1.989186e-02
2.861716e-04
3.123501e-02
6.667929e-03
6.422399e-03
9.567896e-05
7.330344e-02
2.643457e-03
2.720495e-02
3.204835e-02
1.372404e-02
6.475144e-03
5.367526e-02
1.089244e-02
1.249560e-01
9.584410e-02
2.288405e-03
5.467204e-02
2.376787e-03
2.170699e-02
5.261928e-02
9.314460e-04
6.446172e-02
6.613361e-02
2.547792e-03
1.472486e-02
4.953489e-02
2.073872e-02
1.304324e-02
7.635900e-04
1.170268e-03
3.944031e-03
1.053081e-01
8.063717e-02
1.570254e-04
1.681459e-02
4.627184e-02
2.356047e-02
3.131094e-03
1.075500e-03
1.500389e-02
6.465600e-03
1.112395e-03
1.680727e-01
1.086450e-02
1.915038e-02
1.250752e-01
3.032996e-02
2.138236e-03
1.895972e-01
1.360719e-02
1.454875e-01
1.460156e-05
3.979306e-02
4.826641e-04
2.544931e-02
5.755437e-02
2.992388e-01
2.156578e-02
7.491526e-03
2.896942e-01
4.582059e-02
7.218739e-03
1.149147e-02
6.805228e-03
8.124614e-02
3.319569e-02
1.285368e-03
7.347546e-03
3.321807e-02
5.017762e-02
1.041650e-02
1.505286e-01
5.131763e-02
2.239066e-01
1.979470e-03
1.499901e-02
6.753474e-02
9.392921e-02
8.068037e-03
1.236391e-02
2.054443e-02
2.663028e-03
9.226054e-03
1.411963e-02
5.823908e-02
7.586176e-04
1.482623e-03
1.072122e-01
1.300077e-02
9.966659e-03
1.127432e-03
1.665629e-01
3.414862e-02
6.179080e-02
1.894584e-04
5.380332e-03
2.024840e-04
3.078808e-02
8.600262e-03
5.659254e-02
6.733040e-03
4.712833e-02
2.618470e-01
4.937925e-07
8.558748e-02
1.271610e-02
2.985323e-06
1.921593e-01
1.058591e-01
2.639855e-03
5.985004e-02
1.103788e-01
1.152958e-01
3.974636e-02
3.291171e-03
1.381785e-01
7.937882e-02
5.951553e-03
1.209050e-01
9.396757e-03
7.353823e-02
2.591532e-02
7.135116e-06
9.794853e-03
1.166925e-02
7.158697e-02
2.206457e-02
3.177260e-02
2.033513e-03
4.667167e-03
1.112796e-01
1.551483e-03
1.898496e-01
3.015431e-01
5.501670e-02
2.436285e-02
1.962650e-02
9.928541e-03
2.413745e-02
3.566955e-01
5.662347e-02
3.023547e-03
3.008347e-02
1.079292e-03
2.365772e-02
1.806276e-02
1.768671e-05
1.482148e-01
9.071860e-03
2.398297e-02
1.471822e-01
1.202254e-03
3.250961e-02
1.036296e-02
3.392182e-03
1.768389e-02
1.726275e-02
1.249628e-02
6.390004e-03
2.037016e-01
3.433273e-03
6.568008e-02
5.304743e-02
1.787080e-02
3.425313e-03
2.381831e-02
7.943620e-02
1.227337e-02
8.048126e-02
5.966012e-04
1.820329e-02
2.509929e-01
1.203762e-01
3.095052e-02
1.672171e-01
1.634385e-01
5.167046e-02
1.536746e-04
1.836391e-02
6.820612e-03
3.919601e-02
8.026514e-02
7.474454e-03
2.323039e-05
3.817796e-05
1.675923e-01
2.543071e-02
6.367025e-05
1.603628e-01
5.621535e-03
1.370343e-02
