7.056301e-03
2.952119e-02
1.272251e-02
5.330272e-03
1.191860e-01
3.369761e-02
7.046017e-02
6.975086e-03
2.818906e-03
1.037559e-01
1.363184e-01
1.065748e-02
9.581419e-04
3.360552e-02
1.033316e-02
3.862122e-02
3.068138e-02
1.927880e-02
4.123058e-02
2.052746e-03
1.157426e-01
1.066367e-01
4.066593e-02
1.762438e-02
7.141723e-02
3.231107e-02
1.858074e-02
5.756119e-02
5.313868e-03
1.084522e-02
7.476156e-03
4.675863e-02
5.813231e-02
3.473091e-02
4.456644e-03
1.113888e-01
7.243540e-02
6.659892e-02
2.566386e-03
1.095829e-02
2.215488e-03
1.125581e-02
5.049525e-02
1.438848e-01
4.028203e-02
4.049771e-02
1.400324e-01
2.901208e-02
2.948895e-02
1.859902e-02
1.775639e-03
7.520518e-02
3.573713e-02
8.936354e-03
3.792272e-04
7.328490e-04
4.967221e-02
6.350660e-02
3.904040e-02
2.257933e-02
1.951588e-02
6.991826e-02
9.252922e-03
2.022399e-02
1.873236e-03
3.232167e-05
1.941586e-02
1.569380e-02
3.387506e-01
5.499261e-04
6.595531e-03
1.848915e-02
2.279512e-02
3.896840e-02
4.974965e-02
6.194177e-03
8.184420e-04
2.146179e-03
1.390267e-02
5.765804e-04
1.044478e-01
1.604151e-01
4.548567e-04
1.677859e-04
1.209866e-01
8.602171e-02
7.965612e-03
2.753870e-02
1.004284e-01
4.489053e-02
2.906669e-04
5.316945e-03
3.232017e-02
2.116400e-03
8.099754e-03
2.588819e-03
2.146261e-03
3.039928e-03
3.120141e-03
1.516517e-03
1.343106e-03
1.183863e-01
1.388498e-01
6.045659e-03
5.554237e-02
3.504601e-03
8.290857e-02
1.921774e-02
1.066406e-02
9.768268e-04
4.220494e-02
5.286312e-01
6.534724e-02
1.900857e-03
9.315893e-02
2.487839e-02
3.853610e-03
7.634229e-03
2.419519e-03
5.941438e-02
2.078006e-04
9.460230e-02
3.380293e-02
1.505751e-01
1.252563e-01
3.786479e-03
1.841427e-02
3.695465e-03
2.081465e-03
3.825130e-01
2.441333e-01
1.365196e-02
7.621373e-02
4.450525e-03
2.371029e-02
1.863978e-02
2.792386e-03
1.826907e-02
2.239571e-02
2.020156e-02
2.097673e-04
8.491371e-02
1.465544e-02
4.631004e-02
7.378268e-02
1.949862e-03
1.382564e-01
6.707474e-02
7.971627e-05
3.035352e-03
2.728633e-02
4.302171e-02
1.457155e-02
2.145713e-03
1.102960e-02
7.796924e-02
1.037654e-01
3.244130e-02
4.298024e-04
1.260743e-02
2.244076e-02
4.649768e-02
1.795912e-02
1.251766e-02
1.185061e-02
1.909473e-02
2.086656e-02
5.400787e-03
7.724576e-03
4.968300e-04
4.738388e-03
4.432622e-05
2.337284e-03
4.367704e-02
8.334966e-02
2.923540e-02
4.842570e-02
1.323055e-01
1.535085e-01
6.015728e-03
1.218940e-01
2.740122e-02
5.121213e-03
6.012327e-02
1.057129e-01
1.269976e-01
1.161762e-01
1.160181e-01
3.114835e-03
4.601757e-02
2.376505e-03
1.210045e-02
3.719734e-02
2.285300e-02
5.310715e-03
1.377315e-02
3.710486e-02
2.758881e-01
1.421763e-02
3.520895e-02
3.081365e-02
3.540862e-03
8.122941e-03
8.933611e-02
2.480465e-02
1.060734e-01
4.063601e-02
2.103980e-02
1.526654e-01
5.710740e-02
1.175458e-02
2.245824e-01
8.616682e-02
7.453912e-06
4.729343e-02
8.482305e-02
6.520242e-02
2.497252e-02
1.474183e-02
1.241547e-02
8.692106e-05
2.064039e-02
3.944228e-04
7.076802e-04
1.030565e-01
1.464254e-02
6.094820e-03
1.389133e-02
4.752086e-02
1.030706e-04
5.933440e-02
2.417101e-02
5.882111e-02
6.723070e-02
5.528734e-02
1.010876e-01
1.005207e-01
1.780718e-01
1.236448e-04
2.300158e-01
5.064805e-04
1.717472e-01
2.753790e-01
1.713295e-03
1.994174e-02
1.149173e-01
1.593553e-02
3.148741e-02
2.452749e-03
8.749200e-02
6.608913e-02
1.272834e-01
1.966372e-03
6.154713e-03
7.351368e-02
7.068663e-04
3.086433e-02
4.395307e-02
1.440939e-02
2.837115e-03
2.409390e-03
1.055557e-01
4.497151e-01
1.407101e-01
5.452040e-04
9.320597e-05
2.985152e-05
8.527843e-06
1.348697e-03
3.203887e-03
3.551812e-02
1.149966e-02
2.786299e-01
2.528109e-03
5.557173e-02
3.102295e-02
2.505916e-03
2.876044e-03
9.635286e-03
3.590579e-03
5.276363e-02
9.749336e-02
2.650079e-02
6.497189e-02
1.425124e-02
3.226475e-02
8.545664e-03
1.746788e-02
3.091114e-03
1.309573e-03
1.357311e-03
1.349956e-02
3.879089e-02
1.369546e-03
4.384886e-02
1.372604e-01
6.176107e-04
1.541983e-02
1.640647e-02
7.757445e-03
3.008510e-01
1.671927e-02
9.841693e-02
3.405287e-04
8.526386e-02
9.882764e-03
3.652960e-02
1.259272e-02
2.047379e-02
1.370591e-02
2.322198e-01
1.205921e-01
3.031605e-03
7.335425e-02
9.120317e-03
2.946842e-02
7.210226e-01
4.041340e-03
8.473563e-03
6.118375e-03
8.689472e-02
3.797943e-03
1.228134e-01
2.767974e-03
1.092375e-01
1.756783e-02
8.033438e-04
7.726319e-02
3.448817e-02
1.680699e-02
1.996253e-02
3.603473e-03
8.324764e-03
5.229600e-03
6.094424e-04
2.217372e-02
2.601839e-01
1.172073e-03
8.922155e-02
1.625081e-01
1.756032e-02
4.894456e-03
2.561397e-02
8.039592e-02
1.197985e-01
8.446323e-03
4.935900e-02
9.722239e-03
9.619030e-03
4.055278e-02
4.068665e-03
2.081960e-02
9.897210e-03
1.053030e-02
2.132052e-02
1.517077e-02
6.557042e-02
2.354041e-02
3.451219e-01
2.656790e-01
1.212032e-02
1.592492e-02
2.887496e-02
6.370688e-03
1.671768e-01
2.228491e-01
3.979000e-02
2.404820e-01
1.467830e-01
6.511751e-02
6.252163e-02
7.980365e-02
1.391666e-03
1.228975e-01
4.397625e-02
3.849658e-05
6.817556e-02
3.456947e-01
1.096383e-01
1.785042e-01
2.355374e-04
1.118766e-03
1.376094e-02
5.229303e-02
2.031498e-02
3.040603e-02
1.070393e-02
2.103771e-02
1.083233e-01
4.766264e-03
5.249763e-03
5.746269e-03
1.534101e-02
3.309367e-02
1.090331e-01
3.514930e-02
6.664888e-02
9.069420e-02
6.387576e-05
6.541933e-03
3.612056e-01
6.062052e-03
3.167248e-02
1.217051e-02
3.225376e-03
3.838163e-05
1.432807e-01
2.867001e-02
1.147276e-02
7.400423e-05
3.574436e-01
2.489566e-01
2.343121e-03
5.803383e-03
3.390350e-02
8.882907e-02
1.069194e-01
1.212420e-02
2.443061e-02
2.726094e-02
5.275139e-05
5.994717e-03
2.152818e-04
7.983549e-05
2.066528e-01
1.106362e-01
7.625972e-02
6.002505e-02
7.639764e-04
9.622348e-03
1.188827e-02
3.047747e-04
2.307857e-02
2.059438e-01
5.922496e-02
2.937684e-02
7.925462e-03
2.016735e-02
2.942887e-02
2.727513e-03
3.585460e-02
9.088068e-02
3.189211e-04
5.077469e-03
4.787976e-02
1.230235e-01
1.226354e-02
1.201614e-01
2.246967e-02
1.522275e-01
1.314242e-01
1.596907e-01
1.096974e-01
7.452433e-06
1.431479e-02
6.001417e-03
3.455156e-03
1.924447e-05
8.992423e-04
1.598355e-01
1.125671e-04
1.582193e-02
7.504015e-02
4.333379e-03
1.046997e-01
2.249782e-02
3.293534e-03
1.843146e-01
7.189971e-02
8.086727e-02
3.943253e-04
1.111709e-01
2.567607e-04
4.400002e-02
8.106401e-02
2.797502e-03
1.998458e-02
6.444615e-03
2.257144e-03
5.035974e-02
3.747298e-03
4.133852e-02
1.002060e-01
3.452968e-02
5.438922e-02
2.074585e-03
1.280535e-01
5.585108e-02
8.432692e-04
1.106419e-01
2.066510e-02
1.133661e-02
1.365497e-02
4.643401e-02
2.170041e-02
1.534440e-01
1.459090e-02
1.518607e-01
4.574354e-02
1.712888e-01
3.259294e-02
1.182144e-01
5.545637e-03
1.886754e-02
1.662345e-02
1.904314e-01
1.361588e-01
1.799323e-01
5.283458e-02
2.095366e-01
1.193218e-02
1.815189e-01
1.195676e-05
1.898675e-03
2.352827e-02
3.995706e-02
1.084881e-01
7.698509e-02
6.248702e-02
1.216053e-02
8.492116e-02
2.097102e-02
1.793868e-01
4.437602e-04
5.908859e-03
8.422845e-04
1.750979e-01
7.623023e-02
1.249034e-05
2.517390e-02
9.560193e-03
4.315079e-02
2.647555e-03
1.079742e-01
6.104516e-02
1.106603e-02
1.309376e-03
2.418245e-02
1.583084e-02
1.350885e-01
4.773757e-03
2.432091e-02
1.008857e-01
1.392968e-02
1.070103e-02
7.309123e-03
4.530547e-02
3.098025e-01
3.079420e-02
1.512978e-06
3.126351e-02
4.857196e-03
1.732146e-03
1.049592e-01
1.356024e-04
3.773121e-02
1.365898e-02
1.369284e-01
8.009708e-02
3.107232e-02
9.673117e-04
1.887665e-02
3.174879e-03
2.228829e-02
8.312998e-02
1.973339e-06
7.841927e-02
6.582988e-03
3.466310e-02
3.378802e-02
1.769237e-01
4.624314e-02
9.150666e-02
2.165990e-01
7.404071e-02
3.959828e-02
2.100771e-01
8.491475e-02
1.771507e-04
6.094424e-02
2.520336e-02
8.102660e-03
6.859049e-04
6.898666e-02
2.282865e-02
1.056549e-01
5.484641e-02
1.791264e-01
1.240324e-02
6.347131e-02
1.115242e-02
2.083603e-02
7.901694e-02
1.426453e-01
