3.198467e-02
1.303999e-01
1.446162e-03
5.186441e-02
7.611110e-05
9.139639e-03
3.919064e-04
5.514973e-02
1.038236e-01
5.079951e-02
8.458288e-03
2.138593e-02
5.220522e-02
1.541441e-01
7.978020e-02
1.674875e-02
8.299987e-02
1.214677e-01
4.501035e-02
5.650465e-02
6.491073e-02
2.185965e-02
1.098944e-02
1.261906e-04
1.259224e-03
6.154526e-02
6.393028e-03
1.262152e-02
1.301796e-02
2.541193e-02
4.270663e-02
6.595444e-02
1.133003e-02
7.053819e-02
4.212137e-02
3.960795e-02
2.923724e-02
6.904162e-02
5.069155e-02
9.863266e-04
1.176356e-03
2.046949e-02
7.911916e-04
9.297098e-02
1.632512e-01
1.263475e-01
5.494712e-02
5.859943e-02
8.174578e-03
8.611778e-04
2.924271e-01
7.167808e-05
7.056851e-03
6.812805e-04
4.196134e-04
5.480763e-02
7.312539e-02
3.984015e-02
3.332898e-02
2.152021e-04
5.436535e-02
1.607624e-02
3.667101e-02
8.691281e-02
2.713734e-02
7.983508e-02
7.076001e-02
1.389399e-02
1.609161e-02
1.671055e-02
1.997609e-02
1.102773e-03
1.149769e-01
7.487408e-02
4.329266e-02
2.031945e-01
1.309935e-02
4.936534e-02
5.133683e-04
5.796634e-03
4.678940e-04
7.846853e-03
1.669774e-01
5.489188e-03
8.491027e-02
1.777843e-01
2.467346e-04
1.721222e-02
2.948654e-02
2.613738e-03
1.233645e-01
1.293014e-01
6.362565e-02
2.037932e-02
1.184314e-03
7.620690e-03
3.002737e-02
1.680382e-02
3.204073e-03
5.615919e-05
7.964662e-03
2.323899e-02
3.977732e-03
5.117705e-03
9.533397e-03
3.584128e-05
5.070704e-01
2.989939e-03
6.287193e-02
1.343193e-02
2.741508e-02
9.826645e-02
5.924956e-02
5.242701e-03
8.991778e-03
3.278320e-03
2.787514e-02
2.109142e-02
1.891603e-02
1.052832e-01
1.702033e-02
5.149312e-03
8.368442e-04
2.670120e-01
3.560341e-02
1.040578e-01
1.276697e-01
2.081193e-02
5.721157e-02
4.220404e-03
1.583644e-02
3.095882e-04
2.247761e-03
9.210262e-02
4.704956e-02
3.619291e-03
2.635299e-01
1.679881e-02
7.996658e-03
4.452234e-02
1.871693e-02
6.016617e-03
8.768498e-04
1.226235e-01
9.629032e-03
3.040457e-02
6.908840e-02
1.029361e-01
1.632780e-07
8.284919e-02
3.160703e-03
9.765601e-03
2.111727e-03
8.951456e-02
1.192771e-02
1.196288e-02
1.667194e-01
3.943603e-03
2.559271e-01
1.652162e-01
5.812788e-02
1.205033e-02
2.268333e-08
6.292508e-02
7.911811e-03
3.206749e-01
1.157444e-02
2.892448e-02
1.358277e-01
3.920521e-02
1.874901e-02
5.254252e-02
4.633812e-02
4.801185e-02
1.757228e-05
3.967139e-05
1.422720e-03
7.908194e-03
2.597253e-03
3.096159e-03
1.969761e-01
1.527662e-03
1.441251e-01
9.532189e-03
1.734325e-03
1.869958e-01
2.475567e-02
8.185572e-02
6.638645e-02
6.769855e-04
6.047264e-04
1.329079e-01
5.964377e-03
1.477463e-01
1.962963e-02
2.176956e-04
1.567595e-04
3.765517e-02
2.942780e-01
5.635930e-02
6.206608e-03
3.400903e-03
6.941156e-03
2.644367e-02
5.967351e-03
3.986812e-02
1.117811e-01
8.241556e-02
4.306168e-02
1.841466e-05
9.974417e-02
2.117801e-02
1.923929e-03
3.227394e-01
7.979854e-04
2.385034e-01
4.657997e-03
6.532131e-03
3.114517e-03
9.705495e-04
1.800048e-02
9.823721e-02
3.566183e-01
1.711771e-03
2.346002e-03
1.012048e-02
2.060686e-03
2.674865e-02
3.187972e-01
1.960192e-09
1.172504e-02
6.787261e-02
4.124687e-02
9.665509e-05
5.824355e-02
6.831118e-02
1.040195e-01
3.526385e-02
2.952107e-02
3.066649e-01
3.869254e-03
2.224125e-02
5.131694e-03
9.217950e-02
1.962074e-06
1.102987e-03
1.430592e-01
1.422227e-01
5.073257e-03
2.319644e-02
3.470176e-02
1.241954e-01
1.801909e-01
5.251522e-02
6.486574e-04
9.094027e-02
1.297041e-04
6.611785e-02
9.993758e-02
1.730584e-03
3.274054e-01
1.226652e-01
5.157610e-02
1.323340e-04
2.773657e-01
1.268792e-01
3.040404e-02
2.387621e-02
3.650740e-02
1.188586e-02
6.412345e-03
5.001217e-03
1.046427e-01
7.609855e-03
2.522482e-01
4.543021e-02
1.481816e-02
1.960829e-01
7.422887e-02
5.796079e-04
4.808368e-02
2.218881e-02
9.941125e-03
1.650063e-02
7.663968e-03
1.012717e-01
1.475783e-01
6.683621e-02
1.912178e-04
1.425743e-01
1.613991e-02
1.959033e-01
6.272556e-03
1.114461e-01
2.437635e-01
5.235952e-03
4.453659e-02
9.683382e-02
1.501287e-02
7.295761e-03
3.815491e-04
1.739917e-03
5.719772e-04
5.941743e-02
1.427516e-01
1.711085e-03
6.221260e-02
1.486942e-02
8.884588e-02
1.668308e-02
4.743492e-02
2.956826e-01
9.728229e-02
2.261833e-03
1.936088e-01
5.333582e-03
1.442690e-03
3.082306e-02
8.570252e-02
3.611489e-04
1.648406e-01
1.094152e-01
6.988851e-05
9.390296e-02
3.681226e-02
4.858454e-02
4.847855e-02
6.245624e-02
5.487780e-04
1.447754e-02
1.471289e-03
4.794985e-03
9.256314e-03
1.362331e-03
1.098578e-01
3.275041e-02
5.081404e-02
5.675088e-02
1.382689e-02
2.126918e-03
3.851724e-02
7.853216e-03
7.855204e-03
1.279618e-04
5.768361e-02
8.354578e-04
1.330728e-01
3.391911e-02
1.390989e-02
5.506882e-04
3.074553e-02
2.740858e-01
1.192754e-03
6.851833e-03
2.273710e-01
3.671113e-03
1.838426e-03
5.107601e-02
1.769694e-03
2.652073e-05
1.526740e-01
1.000545e-01
5.251062e-02
3.700559e-02
3.238579e-02
5.689270e-02
9.866314e-02
8.412158e-02
9.085835e-04
7.239827e-03
5.740236e-03
4.669614e-03
8.950232e-02
4.903066e-02
1.079407e-01
6.945726e-03
2.060354e-02
3.065624e-03
7.390980e-02
2.043828e-01
6.677407e-03
9.496481e-02
6.613464e-02
9.841248e-05
1.423869e-01
7.026062e-03
1.889723e-04
4.752015e-04
2.203024e-02
1.111708e-02
4.562856e-02
6.360763e-02
4.784583e-03
4.803378e-02
4.138371e-02
6.758320e-04
2.323238e-02
1.064570e-04
6.789024e-02
1.716794e-01
2.402694e-02
2.130804e-02
6.134169e-05
4.260574e-03
1.145584e-02
1.211880e-02
1.840844e-04
1.176573e-02
4.036612e-04
3.979603e-02
3.132119e-01
2.461261e-02
1.659110e-02
1.053330e-02
3.185727e-02
4.946398e-03
1.847992e-02
1.290015e-03
1.661505e-01
2.624931e-04
3.136817e-02
1.636965e-03
4.568212e-03
1.818507e-03
1.139459e-02
1.733174e-03
9.363549e-03
4.000090e-02
7.083920e-04
1.993050e-01
6.613045e-02
3.966021e-02
6.835222e-02
3.661986e-02
6.273128e-03
1.165983e-04
7.744636e-03
6.934263e-04
3.834320e-04
1.012284e-01
8.609930e-03
3.017512e-03
4.294031e-02
1.846946e-01
1.141448e-02
7.306586e-02
3.604345e-02
4.586309e-03
1.649551e-01
2.423018e-01
5.631760e-02
3.843006e-02
1.746642e-01
2.595501e-02
8.337650e-02
6.179884e-03
3.018075e-02
1.314540e-02
1.849317e-01
5.102093e-02
7.036290e-03
1.281218e-02
2.233941e-02
8.083673e-03
9.567079e-02
3.675348e-02
1.205570e-01
7.922575e-03
5.568892e-01
9.448664e-03
2.390337e-01
1.936908e-01
8.066192e-02
2.249065e-04
6.496324e-03
1.669449e-02
1.365704e-01
9.665348e-02
3.453235e-02
3.206310e-03
1.386696e-02
6.394534e-03
7.870331e-02
1.132618e-04
9.625170e-03
5.814281e-02
1.595535e-01
1.089459e-01
3.298590e-02
3.076829e-02
1.634659e-06
4.988416e-04
3.970625e-02
3.168672e-02
4.953874e-02
8.669065e-03
2.797701e-02
1.212146e-01
1.426952e-01
5.242122e-01
3.940093e-02
4.176889e-01
2.457843e-02
1.283905e-03
3.775491e-02
1.041614e-02
2.122238e-02
6.972344e-01
1.991530e-02
5.021378e-03
1.730102e-02
2.082076e-03
1.899949e-02
3.043572e-03
4.000028e-01
5.613193e-02
8.656951e-02
1.416207e-01
4.392675e-03
2.981655e-02
1.218680e-02
1.179920e-03
8.562392e-05
3.286328e-02
5.974888e-03
1.118909e-01
5.487039e-03
3.906708e-02
5.867720e-04
7.877361e-02
1.290021e-02
1.059353e-01
1.619794e-02
9.149425e-02
9.316044e-04
7.061405e-04
1.515693e-02
4.930343e-02
9.153679e-02
1.079816e-02
3.358365e-02
2.266139e-01
7.986737e-02
1.184593e-02
1.508287e-02
4.321950e-02
6.022983e-03
2.989597e-03
2.660990e-03
5.318016e-03
2.727629e-02
1.108236e-01
1.701367e-04
9.875035e-03
4.275559e-02
7.673916e-02
3.363170e-02
1.844671e-02
2.890798e-02
1.417630e-04
8.860375e-03
1.301298e-02
9.794862e-02
1.839275e-02
4.095392e-03
7.067145e-03
9.729095e-02
1.441967e-01
6.746721e-02
1.429247e-01
1.293716e-03
2.046448e-03
9.838375e-03
2.950652e-03
3.198440e-03
1.088860e-02
3.555595e-02
2.821965e-02
9.073854e-02
1.549214e-02
8.726999e-04
9.391531e-02
1.455282e-03
2.225096e-03
4.656525e-02
1.552918e-01
1.489241e-01
1.320237e-01
1.283990e-01
1.063815e-03
2.794162e-02
4.113338e-02
4.824758e-02
3.928282e-02
