1.614152e-01
1.098835e-02
1.320093e-03
2.536006e-02
4.687664e-02
1.224964e-05
2.798794e-02
7.509967e-02
1.539178e-02
6.295998e-02
2.822826e-05
2.617694e-03
2.272047e-05
1.939184e-03
6.630808e-02
3.593981e-03
3.842820e-02
3.470355e-02
1.921976e-02
4.213364e-03
6.902242e-03
3.504744e-03
1.032115e-02
1.200086e-01
3.691382e-02
9.762557e-04
1.614367e-02
2.554667e-03
7.327606e-02
8.607850e-03
7.916123e-02
7.554908e-05
4.731379e-02
6.210614e-02
6.564113e-04
5.250611e-02
8.426934e-02
1.390658e-01
6.678615e-03
1.873939e-03
9.228681e-03
1.626191e-01
2.285168e-02
4.099595e-02
1.952402e-03
2.255121e-02
6.927857e-03
5.999471e-02
1.653389e-01
1.836305e-01
4.363069e-04
3.872877e-03
9.943713e-03
8.162662e-03
1.140773e-01
3.023758e-02
3.996530e-04
6.088533e-03
4.603962e-02
6.568408e-02
5.389611e-01
2.310836e-02
5.788503e-02
2.122534e-03
2.564120e-03
9.788734e-02
1.362619e-01
5.913418e-06
6.408171e-05
3.497190e-02
1.019683e-02
3.027656e-03
7.913430e-02
1.845287e-06
1.151523e-01
4.920817e-04
6.783262e-02
2.033686e-02
7.969077e-02
1.923839e-02
3.537932e-02
2.374744e-02
2.067028e-01
2.104324e-02
1.000576e-02
2.424789e-03
1.190792e-02
1.000985e-01
3.999895e-02
2.448414e-03
1.498787e-04
9.705148e-02
8.336033e-02
1.099668e-01
2.617099e-02
9.091236e-02
5.020250e-02
8.570154e-02
5.385370e-02
1.556591e-01
4.724110e-02
5.731676e-02
3.081288e-05
5.426566e-04
6.887979e-04
1.211540e-01
5.527704e-02
3.002319e-02
3.703047e-02
6.452685e-02
9.835739e-02
1.846718e-02
3.319251e-03
6.628976e-02
2.992684e-01
7.084339e-04
5.275640e-04
3.753816e-02
2.948891e-02
1.181980e-02
8.375312e-03
1.164695e-03
6.901644e-03
8.872322e-04
4.693241e-02
9.322508e-04
2.846839e-02
1.307563e-01
2.987269e-02
8.566824e-03
3.124739e-03
4.063542e-02
2.911525e-02
1.355626e-02
2.076413e-02
2.199822e-03
2.620877e-01
1.666667e-01
1.861995e-02
1.643168e-03
1.661069e-01
2.878397e-02
1.660144e-03
1.235292e-02
4.074649e-03
1.557961e-03
2.882542e-03
4.285668e-03
1.123771e-01
2.634298e-02
2.660719e-02
9.104846e-02
9.332628e-02
3.035418e-02
1.174437e-02
2.647575e-03
2.272639e-02
3.375747e-03
9.781858e-03
1.287137e-01
2.410926e-02
3.824897e-03
3.946025e-03
8.653317e-03
9.056210e-02
3.392564e-02
1.519443e-01
9.763807e-03
4.294419e-02
1.303709e-02
1.030411e-02
3.548165e-02
2.375540e-02
1.915330e-02
1.152299e-02
4.807680e-02
6.109966e-04
2.283682e-03
7.574271e-02
2.383483e-03
1.243573e-01
3.541706e-02
1.784108e-03
3.200904e-04
4.852644e-03
9.272537e-02
4.533902e-02
1.368431e-02
1.306615e-02
6.069342e-03
3.012885e-02
9.107198e-02
9.640547e-02
9.217682e-02
2.964013e-03
5.274668e-02
3.785356e-02
3.705386e-03
2.809542e-02
5.434302e-02
3.121466e-02
1.044818e-02
5.633787e-03
3.730297e-03
4.842214e-03
3.539371e-02
1.636493e-02
5.734586e-03
2.158442e-03
3.167990e-02
1.948547e-02
1.557551e-03
1.938391e-02
1.378554e-01
1.257003e-03
4.384238e-02
1.029312e-01
7.918860e-02
1.045490e-02
3.044282e-02
1.384602e-01
1.182621e-03
2.405296e-03
1.015111e-01
1.883478e-04
1.631088e-01
1.047660e-02
6.191811e-04
4.845438e-02
4.501600e-02
2.038811e-02
1.104643e-01
5.465168e-02
4.202917e-02
2.321611e-01
6.177348e-02
1.108414e-01
2.949858e-02
9.326292e-02
1.764705e-06
1.025513e-02
3.256143e-03
1.057614e-02
2.206312e-01
5.954252e-02
1.461313e-03
9.592873e-03
4.956442e-06
7.209139e-02
6.600317e-03
1.353107e-01
4.692739e-02
8.116096e-02
1.119711e-03
2.895501e-04
7.373663e-04
1.578918e-03
1.124978e-02
1.323511e-01
1.565733e-01
5.544384e-03
4.061533e-02
1.338293e-02
8.033330e-03
2.649220e-01
6.109784e-02
5.755415e-02
1.011061e-01
1.958327e-01
1.559793e-03
1.277129e-02
1.236469e-01
7.444219e-04
1.737887e-05
3.022634e-04
4.906913e-02
3.150757e-05
4.597131e-03
1.401252e-03
8.299688e-07
1.765355e-03
2.079013e-02
3.192744e-02
2.545650e-02
2.179394e-01
2.690470e-03
2.067397e-02
3.981204e-02
1.006551e-01
1.680295e-02
2.647753e-01
4.249977e-04
3.640950e-02
2.398564e-01
5.614269e-02
4.216584e-02
8.997621e-02
5.247428e-03
6.939628e-02
1.338932e-04
8.576390e-02
4.469852e-02
4.127335e-06
1.178766e-01
2.941147e-03
1.113396e-01
6.444212e-02
7.253877e-02
1.176709e-01
1.484231e-01
2.029777e-02
1.499981e-02
1.026043e-03
2.298103e-02
1.422290e-03
1.923552e-03
3.628256e-02
1.179049e-01
9.674141e-04
3.349251e-02
9.413907e-02
8.970068e-04
7.476158e-02
2.468741e-01
3.073899e-02
2.510091e-02
2.950686e-02
3.199982e-02
1.412681e-02
3.373711e-02
2.603785e-02
1.422134e-01
3.452227e-03
6.186410e-02
1.641685e-01
5.438623e-03
1.174205e-04
6.425143e-02
7.975200e-06
7.444353e-02
8.393005e-04
5.154334e-02
9.625155e-02
1.476316e-05
3.155167e-02
1.658148e-02
1.529576e-02
1.204965e-03
1.783093e-02
7.213893e-02
5.111665e-03
1.346690e-02
1.219092e-01
4.574994e-03
3.719444e-02
1.251301e-02
1.341671e-02
1.282187e-01
4.598256e-02
5.336565e-03
4.033199e-04
2.060303e-01
5.400411e-02
1.690114e-01
1.393870e-03
3.699498e-02
6.647971e-02
1.976294e-01
7.069539e-02
7.442617e-02
2.155525e-02
4.276096e-02
1.188774e-01
1.420954e-02
1.147125e-02
8.557492e-02
9.137113e-04
9.675376e-05
2.932336e-03
7.189532e-03
4.622488e-02
2.172280e-02
3.251655e-02
6.789935e-02
2.708577e-02
1.122696e-02
3.605811e-03
8.042367e-04
5.892780e-03
3.453518e-03
2.258773e-02
1.394084e-01
1.480930e-01
1.291080e-02
8.327872e-03
1.056893e-01
3.966484e-02
2.140844e-02
3.335486e-04
8.310278e-03
4.928265e-03
2.607556e-01
2.665662e-02
1.189466e-03
6.749360e-02
3.367234e-01
8.886890e-04
2.404780e-02
4.512436e-03
4.484847e-04
4.140742e-03
4.724868e-02
5.204271e-03
1.853295e-02
1.024370e-02
9.012890e-03
1.384873e-03
6.847759e-02
5.532117e-02
3.123382e-02
5.764232e-03
3.156618e-03
1.004601e-02
5.448172e-03
6.045850e-04
5.040934e-02
1.735634e-03
1.035480e-01
1.831053e-02
2.732678e-02
1.461597e-02
2.074721e-03
2.236134e-02
3.422166e-02
1.437745e-01
4.656464e-02
5.692554e-03
4.357294e-03
3.325803e-03
4.170768e-05
1.141834e-02
7.474499e-03
3.192373e-03
9.268861e-02
1.718042e-02
1.955692e-01
6.684593e-02
7.444704e-03
1.611903e-01
1.043336e-02
4.729817e-02
6.137800e-03
4.480072e-02
7.418331e-04
1.920573e-04
1.115152e-02
1.596927e-01
1.234078e-04
1.112787e-01
2.155863e-02
2.870485e-04
1.965686e-02
1.489687e-01
2.590009e-02
2.344697e-02
1.897069e-03
1.177290e-04
2.902542e-03
4.913428e-01
2.943018e-01
4.721363e-02
8.216606e-02
2.939938e-01
5.607340e-02
7.041252e-04
1.306395e-04
3.035149e-02
6.598655e-03
5.937888e-03
1.095574e-02
3.310194e-04
1.208249e-01
5.091074e-02
2.150130e-02
6.688396e-02
9.301861e-02
1.478171e-03
1.093406e-04
5.709849e-03
1.288540e-02
9.023827e-03
3.444111e-03
2.998556e-03
5.454317e-03
1.424460e-02
2.341176e-02
8.128532e-02
3.458607e-03
1.983704e-02
8.505736e-02
1.339126e-01
4.823389e-02
7.470536e-02
4.366264e-02
3.918943e-04
6.491523e-03
4.520309e-02
6.363566e-01
1.974356e-03
9.942206e-06
3.844083e-03
2.510668e-02
3.535173e-02
3.044046e-03
7.917086e-04
1.853166e-02
1.883057e-01
2.149049e-01
1.541557e-03
3.448864e-02
1.585869e-02
1.161236e-02
5.298795e-02
1.190676e-02
4.233097e-03
9.200229e-02
1.539175e-01
1.008697e-01
1.658301e-03
3.936246e-03
1.784877e-03
1.116035e-02
7.500302e-03
3.285175e-03
5.074603e-04
3.788744e-03
7.173610e-03
1.285888e-01
2.662860e-02
1.411149e-01
3.643177e-02
2.132051e-02
1.092607e-03
1.896546e-02
1.935142e-02
3.422015e-04
3.807579e-02
1.661066e-03
4.558652e-02
1.176477e-01
1.514186e-01
3.422744e-02
2.555259e-01
2.474458e-04
3.699252e-02
2.256994e-03
2.880724e-02
3.050424e-02
1.310143e-02
8.511381e-03
1.495142e-04
2.494938e-02
3.517678e-02
1.838312e-01
2.069304e-01
1.587164e-05
8.606444e-04
3.682407e-02
2.033050e-01
2.347712e-02
1.233052e-01
3.412093e-02
2.111925e-02
7.055702e-02
9.236333e-03
1.219018e-02
1.577639e-01
1.381487e-01
3.421105e-03
4.734679e-04
3.743172e-02
1.413559e-02
1.237597e-02
1.231905e-01
6.971374e-02
1.182798e-02
1.032268e-01
9.165560e-02
2.617590e-03
1.654979e-02
1.712258e-02
6.295577e-06
3.520862e-02
1.578375e-02
