3.114289e-03
5.187584e-02
2.170713e-01
1.978010e-02
1.400254e-05
1.117410e-01
2.372108e-02
4.533576e-02
2.173886e-02
1.101562e-02
1.355651e-01
2.802824e-02
1.158969e-01
9.729460e-03
1.325489e-03
1.542153e-01
2.879164e-02
1.491801e-01
2.285036e-02
4.129942e-03
5.426651e-02
2.529435e-03
3.265880e-02
3.173697e-04
5.442962e-04
4.799020e-02
6.599238e-02
1.613321e-02
1.201803e-01
1.420348e-01
4.496922e-02
6.166994e-03
3.114112e-01
7.861108e-03
1.622128e-02
9.640408e-03
4.360270e-01
2.372745e-02
1.402813e-01
4.423455e-03
6.220595e-02
5.809331e-02
9.104394e-03
2.289097e-02
1.844854e-01
3.237325e-02
1.434096e-02
1.836654e-01
3.099435e-02
1.687278e-03
7.619566e-02
1.027348e-01
6.907280e-02
1.667327e-03
1.775186e-02
2.219256e-03
3.898762e-02
2.225743e-01
1.521750e-02
1.313652e-01
6.534171e-03
2.695760e-04
1.398207e-01
7.385979e-02
2.674713e-02
1.059250e-03
7.380553e-02
1.596134e-01
4.765124e-02
1.214859e-03
4.826877e-02
9.582414e-03
6.855788e-03
1.766793e-02
1.201423e-04
3.338293e-02
7.032535e-03
1.290045e-01
4.980545e-02
2.521328e-02
1.463610e-02
1.034361e-02
1.454375e-01
4.334632e-02
2.929095e-03
2.375737e-03
2.566193e-03
1.179618e-02
7.124491e-02
9.380513e-02
9.161208e-03
4.024737e-03
1.462925e-02
1.392951e-02
1.334144e-02
2.247684e-04
3.310654e-04
2.862166e-02
1.069959e-02
5.379097e-02
2.102322e-03
6.073326e-02
3.619593e-02
6.915998e-05
4.357699e-05
2.610746e-02
1.013360e-01
8.520841e-02
3.617044e-02
2.466266e-02
1.309451e-01
4.411258e-01
9.418408e-02
1.896956e-03
2.014700e-02
1.244561e-03
7.514963e-02
3.365114e-02
7.537614e-04
5.787800e-02
1.519591e-01
1.636726e-01
1.593652e-02
2.017930e-02
5.498474e-05
9.721121e-05
1.178343e-01
5.827709e-02
6.967435e-02
3.772534e-02
1.301163e-01
9.132888e-02
1.867366e-03
5.210049e-03
1.323693e-01
3.574979e-02
1.260056e-01
5.458639e-02
1.821728e-03
5.981028e-02
6.981113e-02
4.728050e-02
1.265877e-06
1.652412e-03
2.530448e-02
2.248597e-02
4.732177e-02
8.818102e-03
2.179312e-01
1.061469e-03
1.598278e-02
9.645234e-07
2.153912e-02
1.028689e-02
1.185076e-01
2.178533e-02
1.222823e-02
2.976883e-03
5.998680e-04
7.816642e-02
1.703555e-02
2.168751e-01
2.609521e-02
1.479086e-02
2.400910e-02
1.653494e-01
7.413452e-03
1.156020e-01
1.293486e-02
3.329268e-02
2.712894e-02
1.496185e-02
1.220528e-01
4.037240e-03
1.450431e-01
7.365896e-03
6.753300e-02
9.515249e-03
2.470125e-02
1.935149e-04
4.287300e-04
4.636524e-02
3.865191e-03
1.784663e-02
8.965661e-02
9.949107e-02
3.329643e-01
1.196909e-01
1.284740e-02
2.776749e-02
1.962780e-01
9.879268e-02
3.613250e-03
6.352558e-02
1.016775e-01
3.266089e-02
4.297431e-02
1.234560e-02
2.488400e-03
8.696113e-02
1.302892e-01
3.523212e-02
8.138277e-04
4.903169e-02
7.941651e-04
1.132649e-01
1.555221e-02
1.381694e-01
1.997921e-01
2.929881e-01
1.199225e-02
1.272744e-01
7.621982e-02
1.276089e-01
2.274407e-02
6.807177e-04
8.170032e-02
1.020095e-01
1.877559e-02
3.338870e-02
1.826912e-01
2.798029e-02
2.021341e-02
6.928227e-03
6.924729e-02
9.482307e-03
2.644825e-03
1.551206e-01
4.830560e-02
1.393349e-03
4.451651e-02
1.503379e-02
2.756773e-01
7.854826e-02
3.276786e-02
2.061774e-01
3.151198e-02
1.745925e-02
1.200875e-02
1.979352e-02
1.403417e-04
9.445003e-02
7.635007e-02
2.334803e-02
7.019964e-03
4.690108e-03
3.303018e-03
6.550521e-04
7.265515e-02
1.873725e-03
3.824238e-02
6.808866e-01
2.623179e-02
3.010145e-02
6.641769e-05
1.641005e-02
1.002452e-01
2.011696e-03
2.714505e-03
3.245065e-02
9.580216e-02
1.193262e-01
6.348320e-02
1.691663e-02
1.761865e-03
1.234794e-01
2.635075e-01
3.437192e-02
5.778888e-02
1.048676e-02
2.884725e-03
9.991039e-03
4.620071e-04
1.525130e-02
7.647443e-02
8.947032e-03
4.300600e-03
1.647856e-04
4.105434e-02
8.929978e-02
1.015549e-02
1.004690e-03
1.697582e-02
1.284765e-02
1.586818e-02
3.183936e-01
4.896101e-03
7.711472e-03
1.717021e-01
1.444253e-01
4.819217e-02
6.407724e-02
8.699118e-06
6.396203e-02
2.444852e-02
1.320304e-01
8.322631e-02
2.734253e-03
6.006098e-02
7.518828e-02
5.189343e-04
2.877372e-02
1.176382e-02
1.078434e-01
3.315712e-02
2.911929e-02
1.016218e-01
9.692632e-02
2.239811e-02
9.157043e-05
4.241754e-04
3.552011e-02
1.111341e-02
3.395825e-02
1.836262e-02
2.415517e-02
2.508268e-04
9.444720e-02
3.015699e-02
2.016930e-03
3.227908e-02
3.618733e-02
3.573440e-04
1.800401e-03
8.804002e-02
2.404417e-01
1.150224e-02
4.173821e-02
5.369200e-02
6.791975e-03
1.099766e-01
3.332478e-02
2.134617e-04
4.280108e-04
2.782055e-02
1.075797e-01
2.151250e-03
1.153562e-02
6.636695e-03
5.866612e-03
3.039703e-02
2.361771e-03
1.775435e-03
1.512847e-02
6.266285e-03
6.529904e-03
1.575668e-01
4.613094e-02
2.239630e-02
4.257335e-03
5.201005e-03
2.002560e-02
1.485252e-02
1.530321e-02
5.289040e-02
4.135682e-03
5.289494e-03
2.308773e-02
5.198782e-02
5.633879e-03
8.243251e-03
2.152431e-01
1.891151e-02
1.100373e-03
2.030314e-02
7.613644e-06
8.612645e-03
7.995787e-02
4.201333e-02
4.601522e-02
9.811491e-02
6.113826e-02
1.596060e-02
5.174104e-02
2.523830e-02
9.052708e-02
1.447909e-02
8.565556e-02
1.131579e-02
3.166303e-02
1.024943e-02
9.394600e-03
7.738110e-02
7.224240e-04
1.082835e-02
6.281591e-02
5.093289e-03
2.700426e-02
8.108956e-03
7.340368e-02
4.068623e-02
2.409816e-02
5.114421e-02
2.877630e-04
3.360174e-02
1.219832e-03
1.907733e-02
2.223347e-05
9.748890e-04
6.335200e-02
6.531892e-02
1.164899e-01
3.191121e-02
1.692555e-03
4.288487e-02
2.646967e-02
4.217184e-03
1.273811e-02
1.203951e-01
1.529413e-03
2.550217e-02
3.506859e-03
4.233514e-02
1.413179e-02
1.790910e-01
1.085401e-01
1.668161e-02
5.151043e-02
1.036294e-02
2.952136e-02
1.385161e-02
3.099653e-02
6.167262e-03
7.027530e-04
2.056546e-02
7.197119e-02
2.156122e-03
1.782032e-02
1.160552e-02
2.334727e-02
3.664725e-05
1.943245e-01
1.044168e-03
2.649523e-02
1.050974e-01
1.361723e-01
5.693391e-03
3.589460e-03
2.364977e-03
1.134168e-01
1.582513e-02
3.347900e-03
5.791319e-04
7.371846e-02
5.628802e-03
3.922367e-02
3.358582e-03
1.925949e-01
2.501932e-02
6.966552e-04
9.242290e-02
6.400028e-02
3.513582e-03
2.843479e-03
1.140729e-01
3.283383e-06
2.369174e-02
2.567732e-01
1.781957e-01
9.292468e-02
1.242464e-02
7.592316e-03
1.793687e-01
1.095087e-01
4.459593e-02
1.926127e-02
6.235179e-03
1.550427e-02
3.479659e-01
1.017797e-03
3.184314e-01
2.989504e-02
8.081958e-01
5.052099e-04
5.851512e-02
1.664777e-04
2.648034e-02
8.618358e-02
1.641912e-02
2.390923e-02
5.412446e-03
1.713275e-01
2.324463e-04
1.275359e-01
2.971872e-02
7.305148e-03
2.164413e-03
1.008378e-01
5.285632e-02
5.533093e-02
2.367719e-01
1.390120e-03
8.587017e-04
3.880356e-02
7.017170e-02
1.706868e-02
8.210289e-03
8.268785e-02
2.851604e-02
1.436700e-01
1.189081e-01
6.689778e-02
1.500474e-01
1.049563e-03
4.740840e-02
2.969211e-02
9.250464e-02
3.880002e-02
7.447635e-02
3.748529e-03
2.726317e-03
1.016185e-03
3.047305e-02
2.152539e-02
6.416287e-03
1.596533e-01
2.028161e-04
5.511916e-02
7.064998e-02
2.400930e-01
1.190631e-02
6.148084e-04
5.083674e-02
9.623630e-04
1.849671e-01
7.990554e-03
7.170099e-03
8.129557e-02
1.722419e-02
8.508092e-04
2.577971e-03
2.552010e-01
1.258054e-01
3.116168e-02
1.977555e-02
4.865604e-02
2.232555e-02
4.395095e-02
1.795343e-02
1.818866e-04
5.527725e-06
6.209232e-02
1.696822e-03
2.855427e-01
3.326067e-02
6.035059e-02
7.429308e-03
9.399808e-02
2.070151e-02
1.792450e-02
4.960119e-04
1.837280e-03
1.735607e-01
2.090422e-02
1.080945e-01
1.391260e-01
4.100169e-02
4.323265e-02
3.503908e-03
1.033261e-02
4.049194e-02
5.056548e-06
2.640250e-03
7.441782e-02
3.326628e-02
4.588036e-03
8.671775e-02
2.835834e-02
8.124987e-02
1.397080e-01
6.693942e-02
2.813787e-04
7.881312e-02
9.167109e-02
2.724782e-01
4.647120e-03
1.253359e-01
1.191244e-01
5.165930e-03
2.738692e-02
5.570080e-02
8.185287e-03
1.938933e-02
1.097938e-01
4.631566e-04
9.479857e-02
1.523906e-01
1.591253e-01
4.906874e-04
2.004886e-01
6.310996e-02
4.656922e-02
8.292478e-03
6.707896e-03
