6.835121e-02
3.708853e-03
1.759586e-01
7.233956e-04
7.094481e-03
2.368617e-01
7.660950e-03
1.441776e-04
1.059888e-02
1.262801e-02
2.907905e-02
1.524521e-02
5.199605e-03
1.235140e-02
1.415634e-01
1.430149e-04
9.371936e-02
3.703469e-04
4.120730e-02
1.549991e-02
2.631951e-06
4.518877e-02
1.712315e-05
1.648497e-02
6.200618e-02
2.069257e-02
7.533583e-02
1.145739e-01
1.319960e-01
1.863318e-05
4.473879e-03
1.065411e-01
3.620708e-02
1.580506e-02
4.533769e-02
7.881397e-03
2.051058e-03
2.893907e-02
5.774444e-03
3.917886e-02
3.125620e-02
1.096191e-04
5.208747e-02
3.641138e-02
3.100891e-02
6.223899e-02
1.343302e-01
9.698153e-03
2.312786e-06
2.580479e-02
1.477339e-01
4.392281e-03
9.917317e-05
1.562656e-04
4.217813e-02
6.280942e-03
1.040418e-02
4.107449e-03
3.406298e-02
6.283378e-02
8.099510e-02
4.030506e-02
1.592172e-02
1.038290e-03
3.567314e-02
1.396983e-02
1.442780e-01
1.083127e-01
3.686943e-02
8.608593e-05
2.382214e-01
4.702035e-04
4.160029e-03
9.429081e-02
2.011177e-03
3.855983e-03
2.555300e-03
8.923970e-06
1.044804e-01
9.542184e-03
1.097343e-02
7.763648e-03
5.762458e-07
2.252568e-02
9.127687e-03
4.015008e-03
2.604902e-06
3.224006e-01
7.425803e-02
3.140874e-02
1.684719e-01
6.936104e-02
4.277179e-02
3.957408e-04
1.645148e-03
4.096954e-04
5.865671e-03
1.282409e-02
1.398482e-02
4.660611e-03
7.393141e-03
5.865305e-02
3.144664e-02
5.959856e-03
4.491679e-02
1.080896e-01
1.070996e-01
1.392047e-02
8.763232e-02
2.267370e-02
1.657238e-02
9.517382e-01
4.505840e-02
1.082142e-01
4.408287e-02
3.423934e-04
3.151562e-03
1.298580e-02
5.785535e-02
4.513896e-03
9.924364e-03
1.845880e-02
6.425937e-02
9.524745e-02
7.288002e-02
1.759510e-02
8.186075e-04
2.514765e-02
3.768196e-03
9.460290e-03
1.896701e-02
6.068605e-03
2.111276e-02
1.321098e-04
6.490160e-03
2.341891e-03
1.567591e-01
5.669680e-03
5.500418e-02
4.426360e-02
1.562400e-02
6.791723e-02
6.938326e-03
1.211496e-01
2.042812e-01
5.687398e-04
2.143607e-02
3.109681e-02
1.694371e-02
4.401107e-02
2.300205e-02
7.995832e-03
7.946840e-02
2.574318e-02
2.381016e-02
4.613718e-02
5.682846e-03
9.408371e-02
4.916298e-02
6.720060e-02
1.939560e-03
5.478220e-02
3.680163e-02
1.113277e-02
4.455576e-01
1.483378e-01
9.649218e-04
1.886689e-06
3.942311e-02
3.204246e-04
7.743175e-03
1.381535e-01
3.116352e-02
7.772917e-03
5.709474e-04
1.233591e-01
2.937503e-02
8.505975e-03
1.721693e-02
1.340731e-01
1.810720e-03
4.728354e-02
7.337428e-05
1.119250e-02
5.667131e-03
1.989167e-07
9.293124e-03
3.712357e-03
4.483437e-05
5.545112e-02
2.739765e-01
2.079398e-02
2.637661e-02
2.033385e-02
3.966524e-02
7.254623e-02
1.142445e-01
9.273900e-03
4.988654e-02
2.165193e-01
4.583635e-04
6.171903e-02
1.344962e-02
2.301555e-02
3.561060e-06
7.445555e-03
9.084072e-03
8.268806e-03
3.819579e-03
3.690239e-02
8.085040e-03
4.566248e-03
8.499077e-03
4.997490e-04
5.743053e-02
1.020641e-01
8.986069e-02
1.611241e-02
1.079262e-01
6.370637e-05
4.125407e-03
7.010750e-02
8.934321e-02
9.389565e-02
4.163374e-03
1.690791e-02
1.540006e-03
3.791810e-02
5.047552e-03
2.789356e-02
5.281232e-02
1.625908e-04
1.130572e-01
5.836706e-02
1.596791e-01
4.244337e-02
1.345357e-02
1.855501e-02
3.249785e-02
1.390656e-02
4.393748e-02
9.550413e-02
1.892167e-03
8.434855e-03
7.534222e-03
1.056915e-01
3.272683e-02
2.625811e-02
1.787028e-01
2.133330e-02
6.575568e-03
7.856086e-02
8.153550e-08
7.515856e-02
1.120737e-01
5.256386e-02
8.954517e-03
5.532842e-02
1.404693e-02
2.791654e-03
5.074373e-01
8.027787e-02
1.608201e-01
4.560376e-02
9.172897e-02
1.700110e-02
7.756646e-02
5.190846e-02
3.646287e-03
1.903193e-01
7.355735e-03
8.020742e-02
2.105284e-01
3.213129e-02
7.126459e-02
3.492340e-02
1.397976e-02
3.648461e-03
3.681202e-02
3.532544e-03
7.523787e-02
8.587885e-03
9.287831e-02
1.685840e-01
5.180396e-02
1.405859e-02
1.931394e-02
1.818545e-01
2.165698e-02
3.521029e-02
7.698567e-02
1.992905e-02
7.495951e-02
1.036039e-02
4.202003e-03
2.127338e-02
8.881210e-03
3.409213e-03
1.035393e-01
9.279784e-04
3.549764e-03
3.427241e-02
2.033607e-01
1.091461e-02
2.319296e-02
1.783700e-02
1.279782e-03
3.667603e-03
3.322670e-03
2.118278e-02
1.755669e-03
1.947124e-03
1.382353e-03
1.090241e-03
3.130538e-02
1.538599e-02
3.389288e-01
3.460205e-02
6.937056e-03
1.196858e-01
4.765536e-03
1.330624e-02
5.022220e-03
1.663989e-02
5.189706e-02
1.658406e-02
1.146873e-02
1.439653e-02
8.850826e-03
5.401211e-02
2.251019e-03
8.439301e-03
3.748887e-03
6.792740e-02
2.125610e-02
1.931300e-01
1.345965e-01
1.414241e-02
2.973961e-02
2.373457e-02
1.105704e-03
2.626115e-02
3.651986e-02
4.905726e-02
3.002160e-01
7.712781e-03
3.954607e-03
3.236359e-02
1.196673e-02
1.480684e-04
1.725179e-02
8.515699e-02
6.945240e-02
5.100114e-02
3.991568e-02
6.536867e-02
6.577627e-04
8.638886e-03
2.973136e-03
7.719769e-02
3.102727e-03
2.547030e-01
1.626867e-02
4.776568e-03
1.729608e-03
3.707695e-02
6.983714e-03
7.795482e-02
8.315268e-03
3.458495e-02
2.884230e-02
1.452631e-01
5.123630e-02
5.746807e-02
7.699838e-03
1.761930e-02
6.951697e-02
9.305071e-02
1.531275e-01
2.496553e-03
6.773880e-02
4.626863e-04
9.609529e-03
1.782674e-02
1.607598e-04
3.590696e-03
1.090500e-01
6.409941e-02
1.235684e-01
2.224770e-02
3.711744e-04
3.224797e-02
1.444859e-02
2.596147e-01
1.962468e-02
1.631675e-02
6.168471e-02
1.040015e-02
5.609208e-02
9.821591e-02
3.478551e-02
2.681278e-02
3.285918e-03
3.420629e-02
1.579805e-02
2.242938e-02
2.365319e-02
6.906168e-03
4.074818e-02
2.564845e-03
4.265939e-02
7.168484e-03
5.226398e-04
1.685490e-01
6.887601e-04
1.634631e-03
1.775159e-01
3.649963e-03
6.515904e-02
1.463594e-01
5.537149e-02
1.059192e-02
1.384064e-01
4.586908e-03
7.148401e-03
6.899946e-02
1.238107e-01
2.945143e-02
2.678753e-02
5.600949e-03
1.217456e-04
1.184153e-01
7.241814e-02
1.313206e-03
1.189460e-02
5.711335e-02
2.004982e-05
1.219905e-01
3.847233e-02
5.163001e-02
4.690940e-02
3.666088e-02
1.392671e-04
2.050221e-01
1.672341e-03
4.591720e-05
3.797093e-02
7.483124e-02
9.106978e-03
2.268862e-02
1.064376e-02
5.420949e-02
2.629640e-03
3.250273e-03
1.380026e-01
1.033288e-06
3.698828e-04
4.498515e-02
1.773666e-03
1.036640e-01
1.503350e-01
2.484465e-03
1.037268e-02
2.755364e-02
8.113227e-03
5.690985e-03
5.817523e-05
1.603009e-02
3.780703e-02
3.249224e-03
1.657294e-02
3.027199e-01
1.648087e-01
2.960659e-02
2.068467e-02
1.514841e-02
2.394122e-01
3.390524e-02
6.717473e-02
3.843438e-02
3.692863e-03
3.939910e-03
8.294963e-08
1.608308e-01
2.598831e-02
4.820143e-02
1.742203e-03
1.953672e-02
1.476051e-02
2.085291e-02
1.790486e-02
2.155282e-04
4.051500e-02
5.549918e-05
3.097250e-02
1.233749e-02
7.019034e-03
4.592161e-02
5.120606e-03
2.383202e-02
5.702593e-03
2.233390e-02
4.165095e-05
5.560975e-02
8.535347e-02
3.071075e-03
1.313658e-01
2.811101e-02
1.739930e-03
1.588429e-02
6.493985e-02
2.321154e-02
4.713266e-02
1.787478e-01
3.465787e-02
6.099910e-03
1.407068e-01
5.408065e-02
8.184401e-02
5.683655e-02
1.759967e-03
3.629949e-02
4.713008e-01
6.215060e-02
1.811224e-03
9.267600e-03
1.330028e-02
6.072974e-02
6.165530e-02
8.821039e-02
2.870147e-02
9.656769e-02
2.970693e-02
3.184634e-02
1.365868e-01
7.912642e-03
5.231837e-02
4.543816e-02
3.031523e-01
4.528704e-03
3.772827e-02
8.101117e-02
6.802802e-02
3.411096e-01
1.180616e-01
4.883403e-02
1.118657e-02
3.892229e-02
1.384443e-05
1.356334e-03
6.508135e-02
3.662676e-03
2.393719e-02
2.751130e-02
3.395760e-02
5.721863e-02
7.826270e-03
1.611808e-01
4.506213e-02
4.888605e-02
7.760519e-02
8.654044e-05
6.606050e-02
7.298700e-03
5.004728e-02
1.468476e-02
1.694882e-01
6.832906e-04
1.382270e-04
1.662584e-03
2.477335e-01
1.000021e-01
1.496700e-01
1.474264e-01
8.493746e-02
6.858122e-03
1.148075e-01
2.350799e-02
3.473597e-01
2.779987e-02
2.724700e-03
3.579348e-04
2.456648e-01
4.345152e-02
9.148634e-02
3.517534e-01
3.758572e-02
7.847773e-03
4.809712e-01
1.383719e-02
1.462912e-02
5.009697e-03
6.207336e-03
2.155636e-02
