6.877291e-02
8.059962e-03
1.170827e-02
1.378107e-02
1.363477e-03
1.428600e-02
1.568096e-01
2.357191e-02
7.252672e-02
6.749491e-02
4.836449e-02
3.618509e-03
5.146652e-05
5.380024e-02
4.452297e-01
2.533082e-02
3.309951e-03
2.181020e-03
9.703904e-02
6.127930e-02
2.830636e-02
6.989364e-03
5.374921e-03
2.508525e-03
3.256974e-02
2.051915e-02
7.075942e-04
5.786909e-02
8.976855e-04
4.019013e-02
7.800268e-02
7.615581e-02
1.646081e-01
1.906015e-03
4.834672e-02
4.566210e-03
5.783648e-03
2.093540e-01
7.452054e-02
1.606058e-03
1.021953e-01
2.485272e-02
7.043520e-03
2.332610e-02
2.224500e-02
9.410597e-02
5.191202e-03
8.940329e-02
5.001692e-02
8.515991e-02
2.274518e-01
3.683917e-02
8.154551e-02
7.203759e-02
3.000711e-02
9.379459e-02
5.347392e-02
2.058542e-02
7.016626e-02
3.913255e-04
3.033304e-02
3.125840e-02
5.171318e-02
2.652394e-02
2.069756e-02
2.249999e-02
2.155109e-02
6.582631e-03
6.171578e-02
1.687584e-02
3.836831e-02
7.768286e-02
2.471947e-06
2.047331e-01
7.438285e-06
8.596495e-04
1.429763e-01
4.855950e-03
1.125510e-01
4.949678e-03
2.667267e-01
7.777264e-04
9.616743e-02
1.100196e-03
4.100258e-03
4.642277e-03
2.981475e-04
3.785076e-02
9.169847e-02
1.184455e-01
5.781934e-04
2.259680e-03
8.773756e-02
7.559885e-02
1.916512e-03
4.053745e-02
7.011108e-02
7.677973e-03
1.034978e-01
6.025901e-03
7.042114e-02
8.370796e-02
1.845951e-01
4.968331e-02
1.130594e-01
1.163794e-01
3.360974e-02
5.234582e-02
1.186751e-01
2.885542e-02
5.999935e-02
7.589100e-04
8.870481e-03
7.485854e-03
2.223781e-02
2.456194e-02
6.142087e-05
3.521721e-03
3.231738e-02
7.932655e-02
1.062518e-02
3.811184e-03
5.478147e-02
1.135631e-01
5.978477e-03
1.351169e-02
5.625968e-02
2.223286e-02
1.914146e-03
8.602535e-03
3.488817e-02
2.426619e-03
2.197999e-01
4.525494e-02
1.700695e-02
1.260080e-02
1.602023e-03
4.494855e-02
1.089816e-01
5.342788e-03
3.175591e-02
3.695794e-01
1.515965e-03
9.688200e-02
8.317553e-02
1.075024e-01
8.865286e-02
6.449594e-02
1.827019e-02
2.584478e-01
1.492792e-01
4.273706e-04
1.315999e-01
7.521941e-02
4.121289e-02
3.023980e-02
8.950138e-03
1.259823e-01
1.440107e-02
4.826345e-01
1.556442e-01
2.043956e-02
1.055647e-02
6.737155e-02
1.145114e-06
2.520484e-01
4.826097e-02
1.049146e-02
5.136446e-02
7.997488e-02
1.660021e-01
1.106009e-01
5.988508e-02
1.178123e-03
1.425372e-02
4.783107e-02
8.568602e-02
3.641605e-01
6.360712e-03
1.408162e-02
8.675304e-02
5.249372e-02
9.413309e-03
3.433185e-03
8.195203e-02
3.034591e-02
1.283941e-01
1.688442e-02
1.143820e-01
5.626827e-03
1.992606e-02
2.183255e-03
1.485709e-01
4.423822e-02
2.096218e-04
1.535330e-01
3.445529e-02
4.719719e-02
4.319278e-02
8.605277e-02
9.195400e-03
3.455988e-02
2.786089e-03
2.163569e-03
1.480074e-02
1.616869e-01
7.144485e-02
8.119436e-03
1.014457e-02
1.125873e-01
5.897944e-02
2.590433e-03
3.642663e-01
1.470386e-02
1.626659e-02
1.662235e-02
9.660843e-02
3.235380e-02
9.416997e-02
1.397317e-01
9.027104e-02
3.287787e-02
2.823451e-02
1.199033e-04
3.101856e-02
1.551623e-02
2.486621e-02
6.554137e-02
3.847385e-02
2.381033e-03
1.519427e-03
1.323180e-02
9.644193e-03
7.564255e-02
1.488538e-01
1.934395e-02
1.031826e-01
2.061560e-02
2.858211e-01
2.419833e-02
1.376449e-02
3.161591e-02
3.594298e-02
5.685304e-02
1.522311e-03
1.023358e-04
2.129169e-03
3.056280e-04
3.926881e-04
4.485983e-02
3.297022e-01
1.640811e-04
1.993192e-02
1.351988e-01
6.068196e-03
8.035990e-02
3.936636e-01
6.441551e-02
2.901639e-02
7.022446e-03
2.313934e-01
1.535861e-02
3.559331e-01
2.152616e-01
4.165462e-03
2.607281e-02
1.187989e-02
2.701324e-02
1.437953e-04
6.059098e-02
8.824104e-02
5.304683e-03
1.574337e-01
3.309428e-02
2.211587e-01
6.696742e-03
3.607211e-02
1.355765e-01
2.240597e-02
2.258569e-02
1.965478e-04
2.625072e-02
7.655288e-04
1.612989e-03
4.417781e-05
1.244162e-01
2.460591e-02
1.530476e-01
1.909898e-03
3.992041e-05
2.248977e-02
1.045912e-02
1.726355e-02
4.461068e-03
3.527744e-02
3.732158e-02
2.720824e-03
3.075805e-01
3.476338e-02
2.558409e-03
6.112803e-03
1.173218e-02
1.875250e-02
4.050190e-02
4.858929e-03
1.855239e-01
7.129165e-05
2.367844e-02
9.552175e-02
1.993776e-02
5.142312e-02
1.678393e-01
3.982009e-03
6.822776e-03
3.583217e-03
1.228268e-02
6.281466e-03
4.257814e-02
8.653133e-06
1.547409e-02
1.399888e-02
4.558733e-04
2.189685e-02
1.802872e-01
2.275947e-01
1.618035e-03
7.635894e-02
4.345425e-02
4.537882e-02
3.621073e-05
8.157657e-02
2.880086e-02
3.957399e-02
2.387671e-02
2.968145e-03
5.686775e-02
1.560155e-03
2.846160e-02
3.880059e-02
3.156386e-02
4.214169e-04
2.655041e-02
7.984527e-03
3.991277e-02
6.676175e-02
7.710060e-02
6.861440e-02
1.117658e-02
5.517924e-03
4.327249e-03
9.011313e-05
1.021985e-01
1.769007e-04
5.711790e-02
3.809634e-02
1.361271e-01
2.574430e-05
1.895503e-03
1.101537e-02
4.351991e-03
9.289756e-03
1.862894e-01
1.070789e-02
6.492055e-02
2.102563e-02
3.875622e-04
8.910711e-04
3.379019e-01
1.597631e-03
1.258284e-01
1.441375e-03
1.207027e-01
7.218969e-05
1.347330e-01
1.232464e-02
3.033845e-03
3.407970e-03
1.503555e-02
9.506412e-04
2.730920e-02
5.102421e-02
1.296472e-01
2.787810e-03
5.997034e-03
2.296123e-02
2.282481e-03
1.016857e-02
9.826936e-02
1.733709e-02
1.065045e-02
3.931755e-03
6.378947e-05
1.592412e-02
1.776707e-02
1.871855e-02
2.654912e-03
2.023433e-02
3.339242e-02
5.301341e-02
1.634144e-02
9.495768e-02
6.081930e-02
1.509158e-01
1.753007e-01
1.570271e-02
5.900109e-02
2.200907e-02
5.737983e-03
3.898403e-02
1.314551e-03
2.904270e-02
3.526982e-02
4.766970e-02
9.463696e-05
2.320327e-02
4.856341e-02
1.469190e-02
1.558599e-01
3.477675e-03
1.863440e-01
9.113025e-06
1.493008e-05
1.920831e-02
1.782094e-03
4.465595e-02
8.587312e-02
1.190685e-01
6.590054e-02
1.911014e-01
4.322594e-03
4.689184e-02
1.966699e-01
1.230441e-02
3.902619e-03
9.595156e-02
4.613009e-03
2.485648e-01
6.678873e-02
3.159143e-02
1.211106e-02
6.794439e-05
4.157754e-02
6.615227e-02
1.421820e-02
3.366602e-02
1.096809e-01
1.041728e-01
1.465041e-02
2.664554e-02
6.945117e-03
3.350455e-02
4.262663e-02
7.121368e-04
1.347047e-02
7.355703e-02
6.682928e-02
4.781157e-02
1.764077e-02
4.986970e-02
3.524667e-03
9.723412e-02
4.412525e-02
1.119297e-01
4.023043e-02
3.270165e-01
2.839702e-02
2.328813e-06
4.410985e-02
9.106693e-02
1.091785e-01
2.635831e-05
1.907864e-02
4.096964e-02
1.199826e-02
1.179027e-02
7.323249e-02
1.748552e-02
3.629709e-02
3.012058e-03
1.664439e-01
2.420865e-02
7.303110e-05
1.819739e-01
2.652304e-04
1.129472e-01
3.854038e-02
4.820352e-03
1.515204e-04
1.487548e-01
9.459404e-03
2.384748e-02
6.809267e-04
6.594840e-02
2.707913e-03
6.741092e-02
3.594048e-06
3.360533e-04
3.120684e-02
2.574761e-02
2.381067e-02
3.781323e-02
1.943374e-03
2.710406e-02
1.634977e-03
3.890882e-03
2.370669e-03
2.112289e-04
1.107884e-01
5.646911e-04
5.755037e-04
1.248009e-01
1.361599e-01
3.477919e-02
3.890777e-03
1.667269e-01
2.936607e-03
2.003322e-01
2.235946e-02
1.050604e-02
4.857683e-02
1.659344e-01
3.057078e-04
5.625456e-02
1.281033e-02
9.812148e-02
5.462577e-03
1.344322e-04
4.389329e-02
1.231854e-01
1.974947e-02
1.755739e-01
5.142890e-02
1.141952e-01
5.604850e-02
9.926129e-02
6.355087e-03
2.439693e-02
8.388954e-02
2.904928e-02
6.126833e-04
3.993748e-03
1.046188e-01
1.166201e-06
1.416707e-03
2.095354e-02
2.751793e-03
2.888763e-06
2.671008e-01
7.598421e-03
4.732882e-05
6.133186e-03
1.186812e-02
1.364856e-02
1.346774e-02
4.215450e-02
6.326566e-02
1.196900e-02
4.288737e-03
1.284891e-02
1.230609e-01
4.004328e-03
6.831908e-05
3.780775e-02
2.792474e-02
3.541357e-03
1.675563e-01
3.298744e-03
4.719375e-03
1.018582e-02
3.703385e-02
7.402044e-02
1.625071e-02
1.008475e-02
3.198488e-05
3.860238e-02
8.159776e-03
1.207061e-04
9.862664e-02
1.015976e-02
1.133541e-02
2.461187e-02
7.624614e-02
1.466634e-01
2.510268e-02
7.067617e-02
8.811813e-02
5.273775e-03
4.101335e-02
7.119804e-02
1.605362e-02
1.281505e-02
1.354526e-01
3.461049e-03
5.704102e-02
