6.103688e-04
4.012484e-02
4.777273e-02
9.786336e-02
6.784494e-02
8.501626e-03
2.269101e-02
6.718683e-02
1.011293e-01
1.188119e-01
5.860258e-02
1.353104e-02
8.589867e-03
5.551437e-02
2.978987e-02
6.930567e-02
2.320928e-03
3.667995e-02
8.780099e-03
2.360121e-02
4.523899e-04
1.213231e-01
4.376777e-02
9.597315e-03
5.436385e-03
8.139821e-02
4.519216e-03
8.417962e-02
3.671717e-01
2.042765e-02
8.959202e-02
1.575683e-02
8.723246e-02
6.606390e-03
4.197729e-02
1.956943e-02
1.529413e-03
1.566209e-04
2.195207e-03
2.040445e-03
1.062109e-01
1.459438e-01
5.295302e-03
3.390676e-05
3.324689e-05
1.111697e-01
1.833618e-02
2.602073e-01
9.185684e-04
8.593812e-02
6.066418e-02
1.755224e-01
1.301602e-01
6.464547e-03
7.584388e-02
1.244687e-02
1.663119e-02
1.319996e-02
6.008479e-02
1.051900e-01
9.043993e-02
6.554505e-02
1.405783e-02
7.620039e-04
5.449870e-02
1.143731e-01
1.062772e-02
9.052606e-02
8.364529e-02
8.122818e-03
2.553674e-03
8.316037e-02
6.107310e-02
1.344869e-02
2.281454e-02
6.774814e-03
6.407206e-03
3.212817e-03
1.016715e-03
1.075305e-03
8.374539e-02
1.274653e-03
3.795035e-02
3.749718e-06
9.447820e-03
1.794707e-02
3.678579e-02
3.786710e-04
2.975046e-02
3.177626e-02
6.536936e-02
2.866888e-03
8.641344e-02
5.251068e-03
3.207789e-02
1.685182e-03
2.847636e-02
7.318952e-02
5.399198e-02
3.876210e-02
4.140975e-02
6.647556e-02
1.553386e-02
1.037100e-03
2.027300e-02
4.739757e-02
5.293034e-03
1.188881e-02
1.822112e-04
3.801519e-02
5.068799e-02
9.027567e-02
1.563476e-02
7.578447e-03
9.936924e-03
4.426816e-02
2.620029e-04
8.782363e-02
1.333798e-03
2.376728e-02
1.367855e-02
6.686827e-03
9.575961e-03
1.301070e-04
1.876117e-02
1.165998e-01
9.195414e-02
1.128826e-01
7.384865e-02
4.482426e-02
1.399499e-01
1.087983e-01
5.160240e-04
2.074581e-01
3.277108e-03
1.166405e-02
2.042002e-02
6.935133e-03
2.137807e-03
1.855266e-01
1.340826e-03
4.611258e-02
8.949025e-04
2.195695e-02
1.091948e-02
7.418625e-03
3.354032e-04
8.794471e-02
5.710696e-02
3.553995e-02
9.130223e-04
6.455805e-04
6.334661e-05
1.654052e-03
1.584464e-02
9.136802e-02
3.352442e-04
3.868077e-02
1.522060e-04
1.117404e+00
6.085514e-02
1.475301e-02
7.692321e-02
1.485025e-04
1.297124e-03
9.352929e-03
2.860484e-01
5.610619e-03
3.323696e-02
5.430450e-02
2.723721e-02
1.281534e-01
7.499132e-03
3.787381e-02
4.368967e-02
4.041697e-02
1.584697e-03
2.597438e-03
2.233507e-02
8.327625e-03
8.567126e-02
6.375639e-03
2.258006e-01
4.231927e-03
1.254406e-03
4.411364e-03
1.745579e-02
3.754817e-01
6.230798e-02
3.744297e-02
1.098321e-06
6.898116e-03
8.505197e-03
7.565065e-02
8.804509e-02
5.297941e-05
8.730692e-04
3.150181e-02
1.245594e-01
3.104615e-01
5.356790e-03
1.816427e-01
1.430194e-02
9.498709e-02
2.604323e-02
1.950330e-01
2.928855e-03
2.080707e-02
3.300249e-02
3.607820e-02
5.181068e-02
1.192462e-06
7.483540e-02
1.336837e-02
7.255586e-03
8.939924e-02
1.526638e-02
4.439660e-03
2.282485e-02
8.375289e-02
5.817725e-05
7.904980e-05
8.066364e-04
1.360758e-02
2.958026e-03
1.357470e-01
8.345075e-02
2.037006e-01
1.877508e-03
3.488561e-02
1.052546e-02
2.912781e-03
1.155249e-04
3.559440e-07
7.881962e-03
1.518077e-02
6.371952e-02
1.191839e-01
4.718994e-03
1.090500e-01
6.105063e-02
3.427604e-04
6.217558e-02
3.057961e-02
1.514693e-01
8.276021e-09
2.028532e-04
2.981481e-02
3.462113e-02
1.787038e-02
1.050203e-03
3.783504e-02
1.824775e-03
7.729470e-02
6.775054e-03
6.985703e-02
1.757812e-01
1.299494e-01
5.594079e-02
3.704917e-01
1.833440e-01
3.354074e-04
1.444929e-03
1.265124e-02
1.136081e-02
4.228865e-02
4.218261e-01
1.370675e-02
5.353006e-04
5.273072e-03
3.719374e-02
5.224286e-03
1.530796e-02
9.611593e-02
1.487976e-01
1.346241e-03
9.092947e-03
3.562249e-02
8.873368e-02
2.853249e-03
3.361320e-02
4.180248e-03
3.218267e-03
1.309702e-02
1.596703e-02
5.872819e-03
1.840863e-01
3.368641e-04
5.629102e-02
3.407231e-05
2.565262e-02
8.296294e-04
1.059117e-01
9.021008e-04
9.688048e-03
3.020978e-05
3.309608e-02
1.097857e-02
8.053507e-02
1.286639e-05
7.790839e-03
5.407109e-03
4.642722e-04
2.954607e-01
8.006651e-02
4.233118e-03
3.888478e-02
4.646791e-02
6.594173e-04
4.496997e-02
7.091281e-05
7.445349e-03
2.787689e-02
4.280695e-03
5.042646e-04
3.327933e-02
2.686356e-02
1.235634e-01
3.346120e-03
4.919603e-02
1.234546e-02
1.014948e-01
1.271627e-03
4.122476e-02
2.673797e-03
4.671334e-02
6.359683e-03
8.460387e-04
3.485948e-04
5.378830e-02
2.455093e-02
2.981660e-03
3.006518e-03
5.489276e-03
1.612610e-02
2.661945e-02
5.295134e-03
9.322916e-02
1.332077e-02
8.336612e-02
1.522979e-01
2.562655e-02
4.260531e-02
4.347809e-05
1.019491e-03
7.118793e-02
1.197503e-02
4.654266e-02
1.191636e-01
3.617843e-03
5.247080e-04
3.344289e-05
1.330125e-02
1.026284e-01
1.958834e-03
2.979592e-01
1.975708e-02
2.724291e-01
3.831154e-03
4.163438e-02
4.526116e-03
7.663586e-02
5.422644e-04
4.216059e-02
1.191064e-02
1.810835e-04
3.547387e-01
1.147914e-02
6.341935e-03
2.143148e-04
4.768271e-02
1.449615e-02
1.020268e-02
1.054399e-01
1.634645e-01
8.129772e-03
8.054862e-03
1.356628e-01
1.049206e-01
7.370671e-03
4.109030e-02
4.021807e-04
3.904070e-05
1.607802e-02
5.121674e-02
3.662956e-02
2.692081e-02
5.723073e-02
1.491144e-02
3.232074e-02
1.536079e-02
1.547267e-03
1.903424e-02
5.751798e-02
2.008645e-02
3.663885e-02
7.781600e-03
1.292312e-04
1.476158e-04
1.551529e-02
3.480188e-02
2.169675e-02
2.257406e-01
4.244133e-03
2.610139e-03
1.827567e-03
1.225386e-02
3.249853e-02
5.746269e-02
2.763391e-03
3.819461e-04
2.007129e-02
1.470681e-02
7.712210e-02
7.100446e-02
5.463404e-02
2.595286e-01
1.645197e-04
1.423170e-02
4.704273e-02
1.640309e-02
2.326701e-01
6.093042e-04
1.036213e-03
9.750116e-03
6.833261e-02
1.124100e-01
2.218209e-02
4.746247e-04
2.608810e-05
1.633896e-01
1.257623e-01
1.413510e-03
1.089668e-02
5.380682e-02
2.365237e-03
6.458130e-02
1.283740e-03
8.855951e-02
1.155830e-02
7.848121e-03
8.984321e-02
1.283006e-04
3.192015e-03
6.492842e-05
1.225131e-02
1.026617e-04
1.283234e-02
1.145367e-01
6.178877e-02
1.231187e-01
5.005480e-02
2.184687e-01
1.435201e-02
2.450872e-04
8.314116e-02
6.365359e-04
1.588467e-02
3.839024e-02
1.148989e-02
1.070932e-01
2.921962e-02
2.168901e-01
3.710275e-03
3.956173e-02
3.174664e-04
4.464781e-03
5.520888e-02
3.686425e-02
5.513413e-02
1.563269e-01
5.052730e-01
2.035045e-02
1.516318e-01
7.670274e-02
3.068843e-03
1.787857e-02
6.125784e-03
6.709398e-02
1.478859e-01
2.201843e-04
1.891773e-01
1.789972e-02
1.227495e-02
1.079775e-02
2.750999e-02
5.311846e-02
2.845313e-03
1.681420e-03
8.003633e-04
1.234744e-05
6.777114e-02
1.875563e-02
2.412040e-02
1.553055e-05
5.487928e-02
6.169367e-02
2.447793e-02
1.941341e-04
4.780451e-02
1.342358e-02
2.135618e-01
1.748576e-01
2.876534e-02
2.548195e-02
1.548391e-02
1.422757e-02
1.232558e+00
6.627530e-05
2.204028e-01
7.360710e-02
9.209646e-02
2.842287e-02
3.848913e-02
7.580243e-03
4.983669e-02
1.453231e-02
1.502142e-01
1.976368e-03
6.673521e-02
1.225930e-02
7.521873e-05
2.521597e-03
1.285552e-04
1.778621e-03
8.754664e-02
8.852311e-05
8.642332e-03
1.301655e-01
2.227277e-02
2.619050e-02
2.262741e-02
1.303744e-01
2.166663e-02
7.215585e-03
6.328790e-05
4.022734e-04
4.772946e-02
7.792998e-02
2.960086e-02
1.019210e+00
6.065996e-03
4.244020e-03
6.840638e-02
6.490450e-02
9.044809e-02
4.985311e-03
7.241400e-02
1.152917e-02
1.105726e-02
1.176716e-01
4.403271e-02
9.018143e-02
9.108623e-02
9.595175e-02
6.380452e-03
5.108579e-02
4.559679e-05
7.837304e-02
1.151054e-01
7.441290e-02
1.761132e-02
2.474472e-01
3.807411e-03
1.246179e-02
1.868860e-01
6.205374e-03
9.101717e-02
2.926070e-03
1.082840e-02
9.002445e-03
8.767484e-05
3.327618e-03
3.390580e-02
1.572816e-02
1.583813e-01
1.919368e-02
4.925969e-02
1.502829e-02
1.139549e-01
1.459234e-01
9.498354e-02
1.628602e-01
2.910373e-02
7.446445e-02
9.288220e-03
1.528657e-02
2.368283e-05
9.522614e-02
3.403549e-02
6.404749e-04
5.462178e-03
6.825686e-02
1.927230e-02
