5.721221e-02
2.154815e-01
2.137268e-01
7.212668e-02
8.572529e-03
5.907099e-03
5.641475e-04
7.576834e-03
2.274893e-02
1.337924e-02
3.590660e-03
1.006477e-01
7.679982e-05
6.421574e-03
3.772575e-02
3.353933e-03
2.682010e-02
1.292359e-02
2.087058e-02
3.852634e-03
1.847094e-02
5.172008e-02
4.214558e-02
6.052603e-02
2.339374e-02
4.700220e-03
1.385681e-01
1.945746e-02
9.410324e-03
3.891474e-03
3.622732e-02
4.888816e-02
1.793422e-02
2.500354e-02
2.956523e-06
5.899679e-02
1.092942e-01
3.568260e-03
7.230965e-02
4.653953e-02
3.307410e-02
2.861387e-01
5.144966e-03
2.864330e-02
2.502960e-04
8.707810e-03
1.258470e-01
4.068602e-02
3.168015e-02
5.963491e-03
2.925316e-02
2.007150e-01
1.016941e-02
3.396929e-02
1.023866e-03
2.076547e-01
9.000574e-03
1.098257e-03
5.164997e-03
3.184093e-02
3.103690e-02
1.229294e-01
1.320738e-01
8.278385e-02
2.238272e-03
1.176137e-01
2.109998e-03
1.407509e-02
3.443809e-02
5.720665e-02
9.895791e-02
6.066889e-02
9.065536e-05
5.063198e-02
1.802164e-01
1.337303e-01
6.599604e-03
6.239873e-02
3.256924e-02
8.521357e-03
1.100140e-03
1.909893e-03
9.180318e-02
1.073451e-02
3.925956e-02
5.632763e-03
8.473846e-02
3.680843e-01
7.556690e-03
2.899142e-03
3.691102e-02
7.899688e-02
1.920465e-01
8.077398e-03
9.155439e-02
1.504554e-02
5.026760e-03
5.336640e-04
2.552278e-01
1.959732e-02
4.715362e-03
6.796987e-03
4.503278e-02
2.344393e-02
4.765143e-03
4.942116e-02
2.931119e-02
4.771627e-02
4.212561e-02
8.135891e-02
1.308467e-02
4.283962e-01
1.536501e-03
3.680749e-03
1.417877e-02
1.247394e-01
4.197226e-03
1.467312e-02
7.905965e-02
1.981760e-03
7.968338e-02
7.144959e-03
2.382347e-03
2.355679e-03
5.681243e-03
4.067201e-02
4.305208e-04
3.786843e-03
1.929076e-01
1.859887e-02
3.256456e-06
3.193772e-02
3.678149e-02
4.164746e-03
3.063451e-02
4.677474e-02
7.749631e-01
5.607036e-04
8.193708e-03
5.371781e-02
2.770272e-03
1.104790e-02
1.222193e-03
6.538174e-02
1.019908e-06
6.338562e-03
1.663746e-03
7.682941e-03
4.213010e-03
1.766690e-01
2.323482e-01
2.036801e-02
3.142222e-01
1.602496e-02
4.479823e-04
8.520146e-02
4.163278e-02
3.486033e-02
4.497621e-03
3.835166e-02
4.048189e-02
2.123457e-03
2.008979e-03
5.936788e-02
8.408792e-02
1.129036e-01
4.995732e-03
4.379556e-02
9.977231e-03
9.948844e-02
7.721856e-02
3.302277e-02
2.416994e-02
1.965122e-02
1.940901e-01
1.751277e-01
8.686529e-03
1.400840e-03
1.712738e-03
7.302165e-04
2.207082e-01
3.051148e-03
3.409664e-01
6.573385e-02
3.827798e-03
1.815146e-02
8.887370e-03
5.998883e-02
4.373745e-02
3.209775e-02
1.594778e-01
4.557610e-02
1.396902e-02
5.523105e-02
2.038620e-01
3.710916e-02
6.047160e-03
5.957294e-03
3.135014e-01
3.149032e-02
8.512228e-02
2.546769e-02
1.757265e-01
5.976843e-03
4.819888e-02
6.701596e-03
6.432562e-02
1.461812e-03
1.115031e-02
7.893111e-04
1.093153e-01
4.209188e-02
8.129329e-02
7.027288e-03
7.267755e-02
3.319707e-02
3.662874e-02
5.862066e-02
5.853511e-03
6.109891e-01
4.275998e-03
5.101707e-02
8.820341e-04
4.520922e-06
3.075031e-03
7.324870e-04
1.905547e-02
1.605024e-01
5.613271e-02
2.068342e-04
3.359436e-02
6.736836e-03
1.320962e-02
3.026681e-02
1.026061e-01
1.141451e-04
8.536226e-03
5.302802e-04
8.150846e-02
9.462018e-03
7.518733e-04
3.581176e-04
3.273543e-02
2.798721e-03
3.704252e-03
4.950789e-02
2.892092e-02
2.812214e-04
1.691954e-01
6.070000e-04
8.680268e-04
1.742643e-03
9.185737e-03
7.167243e-02
1.599969e-02
5.478687e-04
2.295558e-02
1.079909e-03
2.207562e-01
1.393432e-02
2.837288e-01
6.896686e-02
1.384650e-03
5.532243e-02
5.982252e-06
2.030164e-02
9.773644e-02
7.091439e-02
6.173646e-03
4.067879e-03
2.047547e-02
5.952929e-04
2.756962e-01
6.918204e-03
6.501366e-02
1.188280e-02
1.534606e-04
1.963912e-03
1.662278e-02
4.243252e-02
2.764727e-02
8.193080e-02
5.483277e-03
2.907210e-03
2.011118e-02
7.476756e-02
2.486228e-01
2.912070e-01
1.332089e-01
1.680961e-03
1.138968e-02
4.025973e-02
1.293676e-02
7.364559e-03
5.812939e-02
1.030791e-01
1.932539e-04
1.868383e-01
1.051838e-02
3.823557e-02
2.244237e-02
3.763242e-02
4.198721e-02
9.926509e-02
5.100341e-03
1.678138e-02
1.829521e-01
2.532946e-01
8.618114e-02
1.237500e-01
1.166084e-01
6.899166e-03
2.248412e-01
2.214487e-02
1.820538e-02
4.896261e-02
2.751852e-01
5.552680e-01
1.162035e-01
9.881230e-02
6.345898e-02
6.835940e-02
8.760385e-02
5.491633e-03
2.706809e-02
3.583160e-03
1.377042e-01
1.937707e-01
9.790715e-02
4.359722e-02
1.431142e-01
9.528803e-02
1.263883e-02
1.628075e-02
2.048556e-01
1.841302e-04
1.615752e-01
7.502733e-03
4.211487e-02
5.137697e-02
4.684328e-05
4.785513e-02
3.390633e-02
8.657828e-03
1.206663e-02
4.255964e-04
2.210688e-04
4.253227e-02
5.702407e-03
4.355348e-05
1.328198e-01
1.077439e-02
1.784603e-02
1.205417e-02
1.763672e-02
1.213351e-02
5.149329e-02
2.027385e-06
1.043072e-01
3.173267e-02
5.587281e-03
2.940509e-01
4.529340e-02
4.893578e-02
4.498860e-02
1.650998e-01
2.558470e-02
2.678218e-02
1.790340e-02
7.413225e-03
5.283669e-02
2.851608e-02
6.100528e-02
4.499641e-03
1.174070e-02
4.776098e-02
1.989640e-01
1.141981e-02
1.209205e-01
8.600114e-02
5.830054e-02
9.265381e-02
3.209219e-03
1.169036e-01
3.892929e-02
4.188744e-03
6.342429e-03
5.107295e-02
3.690947e-01
6.021517e-02
1.184752e-01
1.599607e-04
5.776642e-04
9.953843e-05
4.915598e-02
3.796626e-02
4.616566e-02
1.157290e-03
1.721346e-01
5.538716e-03
2.079442e-02
5.578141e-04
1.561349e-01
5.617531e-03
9.874384e-02
5.725834e-02
1.201711e-03
8.722037e-03
3.641815e-02
5.774101e-04
8.897209e-03
3.332634e-02
1.890604e-02
9.340851e-02
1.786758e-03
1.112224e-04
1.818547e-02
2.056638e-02
5.607690e-02
2.470374e-03
1.276509e-01
9.841848e-03
1.602516e-02
1.260410e-02
9.855404e-05
7.830246e-02
6.455318e-03
2.864066e-01
2.948848e-02
4.767540e-01
4.588040e-02
1.196194e-05
6.557194e-03
9.671822e-05
6.244827e-05
1.644694e-01
1.268011e-02
6.722409e-04
1.768371e-01
2.501411e-02
2.042259e-02
4.182947e-04
6.934695e-02
3.218502e-02
3.285558e-02
4.932078e-02
6.418196e-02
4.659956e-02
5.797583e-04
9.614182e-02
5.658189e-02
5.862096e-03
2.168077e-03
8.780671e-04
8.954514e-02
1.903064e-02
2.216069e-01
5.622683e-03
2.884792e-03
1.279559e-02
2.083878e-03
1.614205e-01
5.853087e-04
1.044672e-02
1.072009e-03
2.163841e-02
2.437080e-02
8.137830e-03
4.171040e-02
1.051701e-02
3.888366e-01
6.992280e-02
3.142089e-05
3.298768e-02
1.664007e-04
2.444053e-02
3.226697e-03
8.179676e-03
3.107721e-02
4.483451e-02
3.249350e-01
4.827857e-03
3.976068e-02
3.211675e-02
1.011616e-02
1.172196e-03
4.329565e-03
4.177475e-02
4.525576e-02
7.688127e-03
2.337730e-02
3.521547e-03
8.822580e-04
3.638362e-03
3.363394e-02
6.456336e-04
4.911959e-02
5.116075e-05
2.234135e-02
2.286234e-02
3.467274e-02
1.437343e-03
4.782352e-02
4.460762e-02
3.429467e-02
5.161061e-03
3.612761e-03
1.062411e+00
9.097053e-03
6.544348e-03
9.097576e-02
4.040386e-01
1.706847e-02
1.502748e-02
1.460925e-02
5.870288e-02
4.102596e-02
6.009717e-04
2.488827e-03
1.472073e-01
5.290500e-02
4.852138e-05
1.062768e-01
5.762220e-04
2.515915e-02
7.843619e-04
1.023884e-01
1.375357e-01
1.066823e-02
5.958687e-02
3.759294e-02
7.668668e-02
3.165466e-03
4.995518e-02
8.571913e-02
5.275183e-02
5.641938e-03
1.013287e-01
1.045195e-03
1.097282e-01
7.237595e-03
6.250124e-02
6.233491e-02
7.762699e-02
2.941633e-01
2.546331e-02
1.110856e-02
4.326705e-02
1.775476e-02
1.872264e-01
2.012234e-02
1.629056e-01
1.113394e-02
3.474677e-03
4.495481e-02
3.076281e-02
3.388664e-02
5.336104e-03
5.214159e-03
6.172635e-03
2.198796e-06
4.298711e-03
6.326671e-05
9.157467e-04
1.662754e-01
1.594486e-01
3.087148e-02
1.332006e-02
1.889104e-02
1.473716e-03
8.191977e-02
1.416960e-02
2.217698e-02
1.006364e-01
7.511630e-03
7.727919e-03
2.955745e-02
8.855072e-02
3.385900e-03
2.596451e-02
6.302137e-02
1.013037e-02
8.601477e-02
7.202833e-04
6.027382e-02
4.104288e-03
3.085426e-02
6.902868e-03
5.262724e-02
4.597879e-03
3.838322e-02
8.649595e-03
3.203328e-02
5.221952e-05
