1.246373e-01
1.123303e-02
5.960663e-02
3.527638e-02
9.333167e-03
1.214256e-04
6.306378e-02
5.146237e-02
4.521836e-02
2.679501e-04
1.010140e-01
9.850373e-02
7.122280e-02
2.080446e-02
1.402656e-03
4.326522e-03
3.692342e-03
3.919510e-03
2.335438e-02
6.023028e-02
5.519099e-02
6.681239e-03
1.832935e-02
2.948176e-02
9.623972e-02
1.701106e-02
6.708290e-02
2.386356e-02
5.719996e-02
1.730580e-03
1.051244e-01
2.957673e-02
1.036360e-02
4.051765e-04
8.606662e-03
2.870092e-03
3.215404e-01
1.772153e-04
2.883966e-03
2.246587e-03
3.748020e-03
7.474033e-02
1.033904e-02
8.102267e-04
1.559614e-03
6.526309e-02
6.379497e-02
7.653938e-03
5.414698e-02
1.483662e-01
9.878567e-03
9.226934e-02
1.847414e-02
3.867092e-02
7.736574e-02
1.498794e-01
2.403485e-03
3.639582e-03
8.655234e-03
5.250727e-02
3.753016e-04
2.994325e-02
1.696722e-03
7.260211e-02
3.481821e-03
1.223146e-03
4.428972e-02
1.586451e-01
5.514471e-04
2.894431e-02
1.283618e-02
2.188518e-04
2.876009e-02
2.352745e-01
3.714930e-01
1.222220e-01
1.276923e-03
1.040248e-03
3.297853e-02
5.020203e-03
6.100104e-04
3.134355e-02
1.312615e-02
9.812272e-03
5.242136e-02
9.036193e-02
3.954361e-02
8.446373e-02
2.248501e-03
3.673227e-02
8.891406e-02
6.831835e-02
3.294928e-02
3.023155e-02
2.926347e-03
2.546541e-02
1.966639e-02
1.600922e-02
1.542971e-01
1.677085e-01
7.368327e-02
2.981999e-02
5.778269e-07
2.590623e-03
3.250904e-02
7.874859e-03
5.466656e-02
4.815505e-03
7.630991e-03
3.216570e-02
5.004303e-02
6.968977e-02
3.629915e-04
1.369028e-03
2.551810e-05
2.814325e-02
2.377990e-03
1.020527e-02
8.460943e-02
3.424216e-02
2.083135e-03
9.266058e-03
4.076978e-02
1.443602e-01
1.428462e-03
5.228533e-02
1.240436e-01
1.294930e-03
5.148959e-03
2.796471e-02
2.092726e-02
2.213228e-03
1.524162e-02
2.298974e-02
3.776507e-02
1.902443e-01
1.647571e-01
2.661500e-02
6.838901e-04
5.089338e-02
4.425217e-02
7.860808e-03
8.626643e-03
2.555925e-01
2.992166e-02
3.793970e-02
1.246886e-02
1.771480e-04
6.655356e-04
1.391554e-02
3.546263e-02
3.860918e-02
6.482243e-03
1.085434e-02
6.634021e-02
1.151186e-02
4.458422e-02
2.223271e-02
3.734435e-02
1.023296e-01
5.166781e-02
3.918431e-05
4.666526e-03
1.516708e-02
6.472668e-06
7.623862e-03
1.167049e-04
6.398475e-02
2.070367e-02
1.486918e-02
1.271358e-02
5.357243e-01
3.628221e-04
1.516878e-02
1.817822e-02
3.548403e-04
2.445231e-03
2.078238e-02
7.278376e-03
7.367109e-03
4.405583e-02
5.841583e-04
6.532436e-02
1.153106e-01
7.869938e-02
6.669982e-02
2.991203e-01
1.287391e-03
7.108233e-04
1.685492e-01
6.823245e-03
3.539259e-04
4.464585e-02
9.014819e-02
9.496612e-03
2.994828e-02
1.398093e-03
1.976809e-01
1.258806e-02
3.274077e-02
6.071910e-02
1.210112e-02
1.180713e-01
7.041071e-03
1.164522e-03
2.348943e-01
2.263817e-02
2.033230e-01
2.667609e-02
3.177532e-03
2.801058e-02
4.104399e-02
1.257418e-01
2.138399e-02
1.599147e-02
1.024947e-02
6.854135e-03
9.620305e-02
2.734031e-03
6.978670e-03
5.924034e-02
2.338634e-02
7.482833e-04
1.205894e-03
1.738540e-03
4.393823e-03
4.475842e-02
2.231596e-03
1.433747e-01
1.355095e-01
5.526484e-02
3.748320e-03
2.046079e-02
9.113974e-02
3.320781e-03
4.506997e-03
1.946672e-02
1.131389e-02
4.435135e-02
3.748203e-02
3.344972e-02
2.749075e-03
8.875316e-06
1.594469e-02
3.039724e-03
3.177568e-02
3.097813e-01
1.173618e-02
2.375317e-04
1.682343e-02
2.854853e-02
2.726591e-03
3.183722e-01
1.088687e-02
2.336807e-01
1.675195e-01
4.442144e-02
8.276948e-02
6.914069e-02
2.467161e-04
1.447067e-01
4.271428e-02
1.657106e-03
3.051367e-01
5.991115e-02
2.480624e-02
6.044472e-01
1.690595e-02
3.294886e-02
4.362999e-03
1.116686e-01
2.915195e-01
5.459354e-03
1.270902e-02
5.562801e-02
3.081141e-02
7.380960e-02
1.124107e-01
5.660237e-03
1.901468e-01
8.260590e-05
3.579577e-02
2.273489e-02
2.250956e-02
1.709536e-01
5.733777e-04
1.102015e-01
2.891895e-02
4.249991e-02
5.265189e-02
5.451993e-07
4.947070e-03
1.847947e-02
1.660385e-01
3.625404e-02
1.170377e-02
7.295556e-02
3.507431e-02
1.235884e-01
5.376605e-02
1.434854e-03
2.696127e-02
1.179745e-01
2.925055e-02
4.057296e-02
2.342371e-03
5.179497e-02
3.208714e-04
5.083061e-03
1.147896e-02
5.138378e-02
2.342401e-02
1.785409e-01
1.397116e-03
9.577905e-02
8.662757e-03
6.318472e-02
3.068558e-03
2.972786e-02
3.904393e-02
4.884516e-03
1.404731e-01
2.982827e-02
8.695324e-04
1.116012e-02
2.101843e-03
1.040545e-02
4.334380e-02
7.552449e-02
1.155441e-04
5.858649e-04
4.522547e-05
1.915142e-05
1.456143e-02
6.439479e-02
1.466074e-01
9.915133e-05
2.012724e-02
1.502333e-02
2.552869e-01
1.369017e-01
2.382054e-02
7.806152e-03
1.954062e-01
6.273507e-03
9.330049e-02
1.460962e-03
7.615421e-05
2.556719e-02
9.887253e-02
1.283894e-01
1.131468e-02
1.453323e-02
1.532565e-03
1.897703e-03
1.521607e-04
2.617448e-02
4.972067e-02
5.374623e-02
2.503692e-02
1.018941e-01
5.032673e-05
1.208588e-01
1.378667e-02
2.422100e-01
1.047005e-02
1.312510e-01
1.414338e-01
1.233827e-02
1.319804e-02
5.343952e-02
2.168816e-01
2.728459e-02
7.226040e-03
2.397592e-03
3.692740e-02
1.046782e-01
9.950918e-03
5.947324e-02
2.204252e-02
4.585922e-02
3.469384e-03
4.148307e-03
8.012637e-04
3.750990e-03
2.270637e-01
1.551967e-01
7.131198e-02
2.689225e-02
1.827745e-02
2.519302e-02
2.249265e-03
1.157263e-01
1.726181e-01
2.023290e-02
1.095363e-01
5.409866e-02
2.109804e-02
1.489396e-02
6.860821e-03
1.014531e-01
9.153766e-02
2.271474e-02
7.014081e-05
1.652913e-02
3.078224e-03
4.492124e-02
3.832273e-02
3.715448e-03
6.037382e-02
1.505245e-01
3.997841e-02
7.193959e-02
2.031148e-02
2.035106e-02
3.179024e-02
1.976800e-01
5.598302e-03
1.903747e-03
1.166011e-02
1.609886e-01
3.737890e-04
2.239496e-02
7.050849e-02
1.244961e-01
1.353893e-01
8.578276e-02
6.576952e-04
1.392713e-01
2.836514e-01
8.581594e-02
1.377626e-01
3.325127e-04
4.043072e-02
7.694738e-02
5.960366e-03
3.264305e-02
2.983960e-03
1.904040e-02
1.427234e-01
1.315188e-01
3.314034e-03
3.434236e-02
4.301934e-01
1.261779e-01
5.709745e-02
6.372503e-02
1.139739e-02
1.157344e-01
7.867883e-03
8.347406e-02
6.951680e-03
5.526276e-01
2.209859e-01
2.958239e-02
8.960224e-02
2.034209e-02
7.325804e-03
1.959498e-02
7.810339e-04
2.027908e-02
2.174028e-03
1.425789e-03
2.841902e-02
1.377737e-02
1.354506e-02
1.051087e-01
3.754865e-02
8.672660e-03
1.874450e-01
1.245321e-03
1.976092e-02
5.580293e-02
2.270054e-05
1.224992e-02
2.079876e-02
1.687111e-03
3.448501e-02
2.404855e-03
6.943916e-03
7.068352e-03
3.443225e-03
7.860007e-02
9.556040e-02
1.037444e-03
2.840550e-02
1.838100e-01
3.079764e-03
5.120552e-05
1.160395e-03
9.170425e-05
4.581835e-02
4.412228e-03
6.231650e-02
3.591856e-02
3.413855e-03
1.564307e-01
1.108133e-03
4.959611e-02
2.702931e-05
2.563069e-02
1.114576e-02
2.258207e-03
1.351298e-02
7.547829e-03
9.992723e-02
1.182202e-04
5.411244e-02
4.072912e-02
1.965758e-01
6.379345e-03
2.382736e-04
1.067267e-01
6.685559e-03
2.105140e-03
5.640820e-04
4.290227e-03
5.217652e-03
1.125221e-02
9.991045e-02
8.279476e-03
1.417437e-01
4.572743e-02
1.535020e-02
7.950994e-03
5.942665e-01
3.277257e-02
3.446678e-02
6.042771e-02
5.248248e-02
1.620479e-02
2.761220e-02
1.260023e-01
5.232784e-03
3.621260e-02
2.006591e-03
1.059150e-02
6.497673e-02
2.710416e-01
8.784229e-04
3.537327e-03
5.470070e-02
9.482876e-04
5.308701e-03
3.351492e-02
1.218154e-03
1.116419e-02
3.598003e-05
3.508521e-02
9.761056e-02
9.146743e-03
1.129606e-02
5.368411e-02
1.213546e-04
3.159613e-02
1.365363e-02
1.306834e-01
6.102816e-02
4.432921e-02
1.073694e-01
1.776157e-02
4.268980e-02
1.174885e-02
3.218375e-01
1.758589e-03
9.129475e-03
1.186064e-02
1.720322e-02
5.164949e-02
9.260453e-02
2.233614e-02
5.943046e-02
1.576068e-03
1.042676e-01
1.151878e-02
7.201478e-02
8.007554e-02
7.575285e-02
1.184488e-04
3.279322e-02
1.452848e-02
1.295706e-02
1.960574e-02
8.221383e-03
2.783712e-02
2.568349e-04
1.210034e-02
1.399946e-01
2.193855e-01
2.981451e-03
5.246478e-02
1.298511e-01
8.719876e-02
7.314463e-02
