9.199507e-03
1.266852e-04
2.224813e-01
9.046355e-02
1.005638e-03
6.350394e-02
3.426154e-02
1.305539e-01
2.040141e-05
6.748870e-03
4.731814e-02
3.544325e-02
7.529090e-03
1.188261e-03
3.667163e-03
1.625247e-05
2.350296e-03
5.102671e-04
2.542299e-02
1.500302e-02
4.640933e-05
2.333607e-01
7.021167e-02
2.478059e-02
1.495145e-02
4.298133e-03
3.160942e-02
1.215841e-03
1.668163e-02
1.367528e-01
9.973995e-03
2.815346e-01
2.480209e-02
1.552697e-02
1.748955e-01
5.262956e-02
1.885877e-01
5.169566e-02
2.096510e-02
7.428670e-03
8.391565e-03
1.519593e-02
5.715552e-03
2.928585e-01
1.779045e-01
9.176927e-04
1.940336e-01
1.041993e-02
9.982354e-02
9.903344e-02
7.035492e-02
1.731869e-04
2.889426e-02
1.590591e-03
1.443407e-02
3.554382e-02
1.901031e-02
2.065769e-02
1.903944e-01
1.774798e-02
7.092618e-02
1.814871e-02
2.801826e-03
1.369863e-01
4.950025e-03
5.337814e-04
8.965753e-04
7.988605e-04
8.706877e-02
6.493875e-03
9.779626e-02
3.487055e-02
5.207339e-02
1.494993e-01
2.059101e-03
8.537718e-02
6.488848e-03
1.378999e-02
5.222853e-02
8.136275e-02
2.003640e-04
2.625253e-04
5.099378e-02
3.252853e-02
6.893138e-02
8.643437e-03
5.762601e-02
1.071577e-02
1.146020e-04
1.149513e-01
1.240373e-01
8.405320e-02
4.917869e-02
2.996128e-02
1.713763e-02
1.401235e-01
3.881795e-02
9.527236e-03
4.503229e-02
8.890289e-02
1.166721e-02
2.346074e-03
1.645054e-03
5.981481e-03
6.071034e-02
4.566054e-04
1.145394e-01
3.356813e-02
1.477475e-01
2.202353e-01
2.348887e-02
2.632443e-01
6.220432e-03
3.508257e-02
1.560437e-02
8.128615e-02
6.623574e-02
3.840179e-02
5.472896e-03
3.440804e-02
6.448424e-03
9.762019e-02
1.227979e-01
8.298532e-03
5.363840e-02
4.733682e-02
5.007923e-02
1.745520e-03
5.161236e-02
4.958718e-04
1.523008e-02
6.030323e-04
6.326785e-02
5.744174e-02
6.553448e-02
2.182512e-02
2.800789e-01
1.507489e-02
1.678521e-01
1.001885e-02
3.232578e-03
1.601718e-02
2.685006e-03
3.728077e-02
5.026643e-03
2.117217e-02
2.220129e-02
4.114665e-02
9.549477e-03
1.079384e-01
4.681038e-03
5.371624e-02
3.741268e-03
6.125327e-03
1.078795e-01
2.390043e-01
3.415378e-03
3.983617e-04
5.620912e-03
2.756908e-02
4.129650e-03
1.459395e-01
2.389268e-03
4.054734e-02
1.265037e-02
1.276619e-02
4.718467e-02
1.087001e-03
1.004121e-03
1.530680e-02
2.089958e-02
2.610682e-02
1.593444e-01
1.923479e-02
1.331670e-03
1.501882e-02
1.380650e-01
2.523259e-02
1.675447e-02
7.149967e-05
3.497976e-05
1.461460e-02
2.963520e-04
2.786659e-03
8.140988e-03
9.172969e-02
1.007618e-01
1.318584e-01
5.936283e-02
1.416779e-02
2.949320e-02
7.510878e-01
5.416507e-02
2.818674e-02
6.068311e-04
5.937517e-02
3.106517e-02
6.088623e-03
6.595409e-02
4.884772e-02
5.092209e-02
5.766250e-02
1.729462e-02
5.966556e-03
5.982014e-02
4.949266e-03
1.890460e-01
1.551695e-01
1.992997e-02
5.945809e-03
5.462039e-02
5.791670e-02
1.354318e-02
7.699047e-04
5.851904e-02
8.632422e-02
3.752107e-02
1.178357e-01
3.318989e-01
1.248060e-01
5.347984e-03
5.320189e-02
3.291742e-02
1.947089e-01
4.783579e-02
6.593483e-02
3.993830e-02
4.597795e-02
1.839545e-03
6.616343e-03
5.988549e-04
1.142566e-01
1.273453e-01
1.958694e-02
7.941821e-02
5.513572e-03
3.820814e-04
2.240810e-02
1.202630e-01
2.149436e-02
1.760636e-01
1.773169e-02
5.431629e-01
9.838123e-03
2.809105e-03
7.430005e-02
5.894388e-02
7.331288e-02
1.882038e-01
1.224778e-02
5.338630e-02
2.318012e-02
2.367402e-01
6.726088e-03
1.133162e-04
1.564399e-02
6.358713e-02
2.497569e-02
2.486616e-02
1.425998e-02
3.922178e-01
1.881261e-02
9.699329e-02
5.477068e-02
8.741258e-02
1.408569e-03
5.724194e-02
8.309352e-03
7.625173e-03
6.373505e-03
4.581970e-02
9.646515e-03
1.451685e-01
1.024107e-02
5.132211e-04
5.455374e-01
4.855107e-02
1.117638e-01
5.649730e-04
1.230051e-02
3.458521e-02
6.152509e-02
9.890828e-05
1.486037e-02
2.711068e-06
1.314315e-02
1.592538e-02
6.969710e-03
1.456144e-01
1.200477e-02
6.644783e-03
9.299701e-03
3.392469e-03
3.607758e-02
2.079087e-03
1.364477e-02
1.509508e-03
2.740798e-01
1.649481e-04
2.633147e-02
5.256364e-03
4.599250e-03
5.486155e-03
1.419679e-02
7.157796e-03
1.282021e-02
5.585358e-04
7.027864e-03
5.238340e-07
1.269792e-03
2.489708e-02
4.538682e-02
1.415030e-01
5.558657e-02
8.451569e-03
2.047298e-02
2.139948e-03
1.905716e-03
5.233339e-02
4.942961e-02
2.530166e-01
1.052417e-02
1.723344e-01
2.537093e-02
2.973391e-02
9.206473e-02
3.121860e-01
1.856857e-01
3.401232e-03
6.898224e-02
2.275767e-01
4.619905e-04
4.426426e-05
7.743613e-02
1.631280e-02
3.691812e-03
3.924713e-03
3.536860e-02
6.077222e-02
9.274227e-02
1.910579e-02
4.745485e-03
1.414558e-01
6.241197e-04
1.278085e-03
9.904452e-02
1.779400e-01
3.915823e-01
7.595454e-03
4.260113e-03
3.498770e-02
1.965604e-02
9.066734e-04
5.194890e-03
2.489479e-03
8.395695e-02
2.212331e-02
1.655375e-02
1.828118e-03
2.723284e-03
4.047621e-02
1.473432e-02
7.837853e-02
5.045108e-03
2.897493e-03
6.530582e-03
1.160889e-02
2.670647e-01
1.622496e-02
8.906086e-02
9.753573e-03
1.496694e-01
1.328055e-02
1.361098e-02
7.144110e-02
1.483675e-02
9.744145e-03
2.396257e-03
9.190984e-04
3.949273e-01
4.520829e-04
1.082681e-01
3.760877e-02
2.594679e-02
7.413093e-02
8.852881e-02
5.449819e-02
9.193573e-03
1.785388e-02
2.554122e-02
9.929048e-02
4.038852e-02
9.101800e-02
1.805560e-01
1.810286e-03
1.762537e-02
1.655512e-02
3.141961e-03
7.310270e-02
1.450346e-02
3.447594e-03
6.539177e-02
3.209860e-03
4.092487e-02
3.921872e-02
6.973638e-02
6.798048e-02
1.195722e-01
8.133832e-02
2.017301e-04
1.859048e-03
1.876519e-03
3.759141e-03
3.948023e-03
1.928120e-01
6.443548e-04
3.171156e-02
4.601028e-02
6.924885e-03
1.181665e-01
1.109257e-01
2.925716e-02
3.024142e-03
1.892528e-03
1.048873e-01
6.593176e-03
2.765983e-02
4.642609e-03
2.658974e-02
3.592417e-02
1.492496e-04
3.092725e-02
4.743147e-02
4.359902e-02
7.467696e-02
3.035090e-02
8.444142e-03
3.007397e-03
5.661439e-03
3.610694e-01
1.462303e-01
5.640355e-07
2.278321e-03
2.084647e-02
1.606418e-02
2.131739e-02
1.245242e-01
2.764732e-02
1.211683e-02
2.551483e-02
2.868812e-02
3.164633e-03
7.593317e-02
3.881903e-02
6.901196e-02
1.581843e-01
4.826166e-02
1.092741e-01
1.125430e-01
5.552106e-03
4.974858e-02
1.656956e-01
2.015788e-02
1.056527e-02
9.549141e-03
7.492930e-02
8.570359e-04
2.677697e-03
1.753420e-02
8.116957e-02
3.486093e-02
1.795106e-01
3.185743e-01
1.197216e-02
3.551273e-05
2.727413e-01
2.528883e-05
3.187788e-03
6.750985e-02
3.760322e-03
1.043241e-01
9.644641e-02
1.659914e-01
3.299627e-04
5.231208e-02
4.548691e-03
3.557711e-02
1.768497e-02
2.348372e-01
1.552508e-01
5.263067e-02
3.835996e-04
7.071870e-03
6.112487e-03
2.566020e-03
5.276156e-02
6.966515e-02
4.550813e-02
1.837297e-02
8.822489e-04
1.657741e-01
1.108982e-01
2.636289e-02
2.514426e-02
9.407049e-02
5.586141e-02
6.869327e-04
8.019834e-02
2.063421e-02
1.544509e-02
1.573917e-01
2.046249e-03
3.048139e-02
5.858325e-02
7.233912e-02
5.286137e-02
9.642441e-02
1.777996e-03
2.200225e-02
1.906154e-03
2.545618e-03
3.348206e-04
1.293026e-01
2.608247e-02
1.883074e-02
1.488654e-02
4.797340e-02
6.403183e-03
2.864709e-01
3.786352e-02
4.661282e-01
3.651245e-02
4.099866e-02
1.343510e-02
5.725970e-03
4.067522e-03
4.046886e-02
2.326831e-02
2.996789e-01
4.872901e-03
3.564608e-04
3.339793e-03
2.928922e-02
1.343306e-02
5.468923e-04
6.986902e-02
1.323438e-02
4.352119e-02
2.736221e-01
3.141451e-02
2.030418e-01
2.875633e-03
5.371865e-03
4.035589e-06
2.472498e-02
2.426414e-02
3.785357e-03
2.314183e-01
1.453559e-02
2.051493e-04
8.703838e-02
3.849844e-02
1.867000e-02
8.148650e-03
1.387303e-01
3.172215e-02
5.516316e-03
6.215647e-02
1.107301e-01
1.246585e-03
1.275934e-01
1.415040e-04
3.963615e-04
2.004792e-02
5.532475e-02
4.589711e-02
2.798964e-01
2.264156e-02
1.566936e-01
2.050167e-04
9.771915e-03
4.951452e-03
5.481174e-02
3.691463e-02
7.437819e-04
2.911077e-03
5.988815e-02
1.584350e-02
2.532518e-02
6.251177e-02
2.048996e-04
1.128722e-02
1.192554e-02
9.025766e-03
