1.556497e-02
3.084840e-05
2.948307e-03
3.899544e-02
8.206319e-05
3.341290e-04
1.680999e-01
3.104831e-02
5.999862e-04
9.718817e-05
1.873234e-02
3.981208e-03
9.146024e-03
2.575282e-02
9.500734e-02
9.103070e-02
4.858968e-02
3.719412e-02
2.605242e-01
3.540475e-02
6.484005e-02
5.424326e-06
3.544258e-01
1.827053e-02
3.074777e-02
3.194466e-02
2.104938e-02
1.379128e-03
2.954521e-03
1.097413e-01
1.454909e-03
1.092510e-01
8.018656e-02
1.483729e-01
1.248016e-02
9.020473e-04
1.333814e-03
1.673007e-01
5.028070e-02
8.592289e-03
1.327732e-02
1.825583e-02
2.859531e-02
2.583341e-02
1.853065e-02
5.675742e-03
3.880098e-03
2.461714e-01
1.872792e-02
2.520602e-01
1.825041e-02
9.958102e-03
3.044203e-03
5.189473e-02
6.956945e-02
3.732640e-02
1.601799e-03
1.364098e-02
1.817150e-01
4.430187e-03
4.514957e-02
1.855459e-02
2.548058e-03
1.143228e-02
1.344014e-02
3.191569e-04
6.128662e-03
7.249687e-03
2.270081e-02
1.506650e-02
6.195905e-04
2.375091e-02
1.429883e-02
1.771467e-01
5.084424e-02
2.419226e-01
2.071923e-03
7.696930e-05
1.927083e-07
2.476094e-05
2.331417e-02
2.379258e-02
9.217723e-02
1.038189e-04
1.058683e-04
1.225039e-02
9.524643e-03
3.267976e-02
2.818655e-01
1.403619e-01
1.250681e-04
1.293172e-01
1.779682e-01
4.894120e-02
7.567499e-03
2.633352e-02
3.562966e-03
6.652517e-02
1.469988e-01
8.730586e-02
2.963248e-02
1.211626e-03
2.387357e-02
1.233632e-01
4.064457e-03
1.432249e-01
6.661889e-03
2.461353e-02
7.922606e-02
6.590969e-02
5.953580e-03
2.688963e-01
1.313036e-02
2.972152e-02
1.017076e-02
9.764323e-02
1.706604e-02
2.869941e-02
6.480766e-03
5.596307e-02
1.058931e-01
1.843460e-01
2.270857e-01
7.142306e-02
3.331161e-03
1.167309e-01
4.118635e-04
1.728696e-02
6.357179e-03
1.169131e-01
3.302381e-01
1.507337e-02
3.914116e-01
8.536908e-03
1.099877e-02
3.857816e-03
6.313129e-02
1.997425e-02
3.035459e-02
5.134665e-02
5.825514e-02
3.455800e-02
2.022591e-03
2.742648e-05
8.980907e-03
1.783271e-01
1.433442e-02
7.618548e-02
2.015490e-01
1.299326e-01
5.441657e-02
6.580899e-01
1.554877e-01
1.010824e-01
4.301111e-02
8.702721e-02
8.739521e-02
6.011836e-04
3.926836e-01
4.476011e-01
7.073460e-04
1.408934e-01
4.414711e-04
1.111120e-01
2.586722e-01
3.526609e-01
6.391578e-02
4.466203e-03
3.209371e-02
3.647839e-02
5.753707e-04
1.525314e-02
5.251430e-02
2.750459e-02
2.398242e-03
1.175090e-02
3.307352e-03
8.137100e-02
1.195280e-02
2.699326e-02
1.633955e-01
2.811961e-03
3.741748e-02
8.273870e-02
3.610913e-03
5.248066e-03
1.103300e-01
2.404189e-02
5.134662e-02
1.436950e-03
1.629273e-04
4.929477e-03
1.495967e-02
1.309168e-03
1.069968e-02
5.808796e-04
1.538898e-01
2.182753e-02
2.084173e-02
8.237903e-04
1.725973e-02
1.114131e-01
3.580831e-02
1.120198e-05
9.286204e-03
6.652049e-02
2.167232e-02
1.538933e-02
8.370308e-03
5.615744e-03
6.944540e-03
1.588665e-03
1.096090e-06
2.933027e-01
3.522360e-03
1.395162e-02
9.479074e-04
1.397219e-02
1.136508e-01
8.059134e-03
1.210727e-03
1.164240e-01
2.596782e-05
3.135693e-02
7.706262e-02
9.152950e-03
1.322395e-01
1.895339e-02
3.783430e-02
1.467399e-02
3.137124e-01
7.347676e-05
3.754279e-03
5.385846e-02
1.362673e-03
9.221038e-02
4.125917e-05
2.471029e-01
6.809653e-02
1.144566e-01
3.295521e-01
5.557954e-02
3.302497e-02
9.080913e-02
1.993279e-01
1.849665e-01
5.643063e-03
1.840930e-01
1.365339e-01
1.729666e-02
1.306249e-03
1.366627e-01
1.813728e-02
1.319826e-01
1.096193e-01
1.535268e-05
5.489803e-04
7.904174e-03
7.716277e-02
1.017234e-01
9.370262e-02
2.376983e-03
4.726666e-02
3.136956e-05
1.070938e-01
5.004128e-03
1.962553e-01
4.663372e-02
1.125300e-01
3.994419e-02
3.720372e-05
3.924495e-02
3.035605e-03
9.693096e-03
4.974572e-04
5.765041e-03
1.115922e-03
1.811576e-02
2.251221e-01
1.213423e-02
4.965331e-02
4.439829e-01
4.568259e-02
1.713067e-02
5.963689e-03
1.040466e-02
2.061852e-01
7.700627e-02
1.909147e-01
7.060113e-02
5.329647e-02
2.805029e-02
1.685018e-01
3.786940e-03
3.131413e-01
2.938696e-02
1.244159e-04
3.108277e-03
1.337073e-04
1.289040e-05
9.358394e-03
4.611620e-03
2.359220e-02
1.810623e-04
1.110807e-02
1.059885e-01
1.211523e-02
9.162264e-04
4.439980e-03
7.253425e-02
3.224591e-02
7.670107e-02
1.334304e-02
9.297598e-02
1.254383e-01
2.579086e-02
3.289723e-03
1.084813e-02
1.117785e-01
4.551207e-02
4.155476e-02
9.752397e-02
3.880533e-03
3.700320e-02
1.480020e-02
1.657381e-02
5.743679e-02
1.128397e-03
1.379281e-01
5.320708e-02
4.220775e-03
6.529573e-06
8.316052e-02
3.167839e-02
2.235879e-03
3.182658e-03
3.564361e-03
3.005531e-02
7.020050e-03
8.209725e-03
4.011439e-01
8.880616e-05
1.499519e-04
6.952121e-06
4.512349e-04
1.075806e-01
5.271708e-04
1.215404e-02
1.176993e-02
1.759082e-01
2.091360e-02
1.148310e-02
3.146576e-04
3.846599e-03
6.782735e-02
2.746344e-01
3.384159e-02
2.171571e-01
4.298829e-03
2.702040e-04
3.151112e-03
9.714079e-02
2.257238e-01
5.630569e-02
7.149561e-02
1.037475e-02
3.414027e-02
3.392160e-02
1.725868e-03
3.126740e-02
2.936222e-02
1.462237e-02
1.111726e-01
1.048921e-03
4.000449e-03
4.124034e-02
2.584386e-04
4.426686e-01
1.539357e-02
2.419327e-02
1.168593e-01
1.647840e-02
4.703549e-02
4.612392e-02
7.303812e-04
1.515823e-01
1.724876e-01
1.793004e-02
2.059867e-02
1.540229e-03
1.894189e-02
8.315970e-02
1.593307e-03
4.422334e-02
2.163522e-02
3.505840e-02
2.472008e-02
4.615282e-02
2.185985e-03
4.101401e-03
1.443701e-02
2.307712e-01
4.543598e-02
1.613688e-01
1.238302e-04
5.202851e-02
1.086540e-01
1.871730e-01
4.199837e-03
2.785155e-01
2.314220e-02
2.514883e-03
1.195036e-02
1.522568e-02
6.482296e-04
4.942390e-02
9.690257e-02
6.733832e-02
1.188876e-04
1.136907e-04
2.363082e-02
1.076255e-01
1.090758e-01
3.567288e-04
6.767138e-02
1.384751e-01
1.026239e-02
1.012493e-03
8.330582e-03
2.273153e-03
1.367624e-02
1.321025e-02
6.063378e-03
1.318898e-03
3.602021e-03
1.058094e-02
6.701385e-03
2.322705e-03
9.034620e-03
3.186036e-01
3.699661e-01
1.791532e-01
1.182237e-02
8.505151e-02
6.655603e-02
4.619578e-03
2.056620e-05
3.008252e-02
2.702676e-03
3.190792e-01
1.852329e-03
5.179001e-02
1.034889e-01
7.429076e-02
5.709797e-02
4.236084e-03
1.425531e-02
4.512141e-02
2.828049e-02
1.287830e-02
3.453075e-02
3.101676e-03
2.670417e-02
9.210974e-03
1.730107e-02
1.242041e-03
1.463339e-01
1.532954e-02
5.053318e-01
5.244507e-02
2.955346e-01
1.091674e-03
1.968049e-01
1.737532e-02
2.846193e-02
4.987520e-02
1.807661e-02
1.254456e-02
1.957888e-02
3.111602e-02
2.843918e-02
1.410411e-01
4.930494e-02
1.764865e-02
5.099141e-02
1.845061e-01
7.946704e-03
1.058240e-01
1.093351e-02
1.756558e-02
1.056691e-01
9.439291e-03
2.412002e-01
3.426085e-02
6.875822e-03
2.885832e-03
1.647992e-01
1.613395e-02
3.219169e-05
1.297858e-03
2.074951e-02
1.312314e-01
8.349140e-03
8.393326e-05
2.197601e-02
2.148891e-02
5.988127e-08
2.628659e-01
1.130107e-02
4.423187e-03
6.269294e-03
1.502614e-01
2.137304e-03
3.597524e-03
1.631124e-01
2.326548e-02
5.415856e-02
8.787395e-02
1.889521e-04
1.575190e-01
1.457105e-02
4.363094e-02
9.526136e-02
1.449637e-02
3.134880e-03
1.983273e-02
1.934009e-03
1.957209e-02
6.860469e-02
1.910235e-03
2.203097e-02
3.517006e-02
1.542132e-02
4.639759e-02
9.585487e-02
2.709569e-02
6.087168e-04
3.963145e-01
2.382010e-01
1.038836e-02
3.750966e-02
1.617260e-01
2.657726e-04
1.428488e-02
3.936965e-02
2.982938e-03
7.200549e-03
1.493320e-01
3.430461e-03
2.725739e-02
3.298009e-02
2.387287e-03
1.132120e-01
1.604480e-01
4.319574e-02
9.223937e-02
2.622718e-02
1.352850e-01
7.853325e-03
2.066711e-01
1.872216e-03
7.151346e-02
6.286683e-03
6.403279e-03
1.542027e-04
1.346117e-04
9.608508e-02
5.612396e-03
1.440814e-01
1.883128e-04
4.920595e-02
9.606381e-02
2.194860e-02
1.220769e-01
3.061192e-02
3.597495e-02
9.762443e-03
3.423082e-03
1.698018e-02
1.771158e-03
1.606506e-01
2.945547e-02
9.658789e-04
6.042317e-02
1.859045e-01
1.256181e-02
1.021724e-03
1.163269e-05
1.315124e-01
2.275263e-01
2.071181e-02
2.991531e-03
5.182580e-03
7.127583e-02
