1.941433e-04
2.592352e-02
8.668555e-02
1.524348e-04
1.093424e-02
6.925344e-02
7.528174e-02
5.611771e-02
8.918998e-02
8.214398e-02
5.209098e-03
1.389411e-01
5.796925e-02
3.588923e-02
6.108267e-03
1.046123e-04
2.348922e-02
2.035750e-01
8.124961e-02
1.816036e-02
9.758106e-03
7.119637e-03
2.625180e-04
1.469425e-03
2.282955e-02
1.032256e-02
2.557134e-02
1.304876e-01
2.467058e-03
4.593140e-02
2.194948e-02
1.473368e-02
1.572288e-05
2.094965e-01
5.170613e-03
2.536245e-02
3.163299e-02
4.444421e-02
1.029358e-02
1.381077e-02
3.227534e-02
3.670874e-03
1.916010e-03
3.799302e-02
3.263643e-02
1.106556e-01
6.199589e-04
4.424824e-02
2.897737e-02
6.187114e-03
7.171634e-02
1.600300e-01
2.660497e-01
1.425954e-01
5.717097e-03
2.386275e-04
4.815836e-03
1.667851e-01
6.606851e-02
8.961079e-02
1.146402e-01
1.101491e-02
4.380412e-03
2.165853e-01
9.710334e-02
1.094353e-03
2.128008e-01
2.034406e-02
3.105934e-03
2.178280e-01
3.578226e-01
4.370827e-03
1.994716e-04
3.303220e-02
7.502015e-02
2.591789e-01
1.043497e-01
6.669642e-03
1.183687e-01
2.436548e-03
1.842651e-03
1.388818e-01
2.588733e-02
3.492122e-03
1.587833e-01
1.061887e-01
1.335951e-03
1.033263e-05
4.185337e-02
7.228003e-04
1.083400e-02
3.899555e-04
4.095883e-03
1.510874e-02
4.759654e-02
3.497932e-02
2.227786e-01
4.714588e-02
1.914477e-01
1.091758e-01
1.973036e-01
5.824333e-02
7.991973e-05
1.030105e-02
4.904172e-04
1.262032e-02
1.242695e-02
1.585966e-03
2.768389e-02
1.567241e-02
1.249193e-04
5.923516e-01
8.416196e-02
3.925249e-02
1.362803e-03
1.446723e-03
8.782684e-03
1.036788e-01
1.098873e-01
1.530395e-01
5.655103e-03
1.227242e-05
3.489546e-01
1.681846e-01
9.133523e-02
3.420549e-02
5.251694e-02
1.201079e-01
1.957004e-02
2.509535e-02
1.529223e-03
1.596367e-02
1.630982e-03
1.041004e-02
6.805389e-03
3.732221e-04
3.059939e-02
1.028624e-01
2.775292e-02
7.118096e-05
1.741150e-02
5.790697e-02
4.705687e-03
9.201965e-05
2.811132e-02
4.633105e-02
9.350339e-03
2.710467e-02
5.798640e-02
1.058790e-02
1.086527e-02
5.083126e-04
1.111890e-01
2.690583e-05
5.752949e-02
4.701390e-04
7.364859e-07
1.550376e-01
1.301343e-02
9.499369e-02
3.992570e-06
7.876174e-02
2.414597e-02
3.386309e-02
3.730204e-04
1.403310e-01
2.451568e-02
4.012420e-02
2.238921e-03
5.072219e-02
8.103676e-03
1.655095e-02
2.325640e-02
1.596247e-03
4.338225e-02
2.365288e-04
2.281711e-01
1.287463e-01
2.377010e-04
5.586174e-03
4.060113e-04
3.543940e-03
6.214695e-02
3.947326e-02
6.653455e-03
8.330885e-03
5.612381e-03
1.190471e-01
1.436164e-03
8.987599e-03
1.366380e-01
1.789159e-01
1.216490e-01
1.254362e-02
1.190948e-01
3.351862e-01
3.713795e-01
2.312051e-02
1.489585e-02
5.016566e-02
3.447197e-03
5.943836e-05
4.487882e-04
2.490798e-03
1.481986e-01
1.580044e-02
2.576746e-01
2.710228e-01
2.804222e-04
5.265769e-02
1.295669e-02
3.030061e-03
3.027343e-06
1.955815e-01
1.173974e-01
1.639368e-03
1.781880e-03
1.826403e-01
1.181090e-02
5.589099e-03
5.707992e-04
8.697723e-03
5.009461e-03
8.653507e-03
4.752282e-03
9.441910e-02
2.106419e-01
3.474913e-02
9.307444e-04
1.100319e-01
1.460533e-01
4.473979e-03
1.344733e-01
3.500131e-03
1.063194e-02
1.089520e-02
1.378500e-02
6.144484e-03
4.848419e-03
4.139307e-02
7.874861e-02
1.067138e-03
2.338796e-01
2.309462e-02
1.790500e-02
2.853031e-03
2.311178e-01
1.012813e-06
2.206707e-02
1.708823e-05
1.145800e-01
7.983376e-02
1.455157e-03
3.344718e-02
1.917319e-02
5.376696e-02
1.762554e-02
4.436442e-03
4.007231e-04
1.136517e-02
6.397616e-02
3.239217e-02
3.169456e-02
2.394122e-02
9.188833e-03
3.253228e-03
1.827909e-01
3.133733e-02
5.781520e-05
5.813363e-02
1.047416e-02
2.409997e-01
2.865363e-01
2.126073e-03
3.059874e-03
5.329351e-02
8.152832e-03
1.517512e-02
8.863895e-02
2.576913e-02
1.338361e-02
3.581060e-02
3.027745e-05
2.670222e-03
6.479260e-02
8.451526e-03
4.975070e-02
3.535636e-01
3.543144e-01
6.596216e-02
2.186124e-03
6.518972e-02
2.648595e-02
9.127177e-02
9.661085e-03
2.628817e-02
7.359098e-03
3.538110e-02
2.470659e-03
1.720754e-02
1.008604e-02
2.650177e-02
5.519553e-04
9.844475e-02
1.446313e-02
8.805097e-02
5.847880e-02
9.275791e-03
2.211649e-01
1.526240e-01
7.762961e-04
9.766946e-02
4.960906e-02
6.908021e-02
2.569105e-02
2.333535e-02
3.902928e-02
6.009964e-03
1.728092e-02
4.927267e-03
1.073987e-02
7.021464e-03
1.321383e-02
2.900710e-02
1.772102e-02
5.946937e-03
2.790648e-02
3.677318e-03
3.915196e-04
9.199758e-03
3.179120e-03
4.942611e-02
7.568850e-03
5.443572e-03
2.827915e-02
3.055948e-02
5.252907e-02
1.173711e-02
7.717107e-03
3.679451e-03
3.845425e-06
3.035356e-03
1.252940e-01
4.940398e-04
7.094649e-03
7.346807e-05
1.952446e-02
1.490009e-01
7.653384e-03
3.228292e-02
2.425159e-03
1.472875e-02
2.348180e-01
1.295360e-02
6.669888e-04
8.233360e-03
5.267207e-03
2.357672e-03
4.866918e-02
7.916721e-05
1.191321e-02
1.161869e-01
3.640289e-03
7.617764e-02
1.519269e-03
3.896044e-02
5.338514e-02
2.849425e-02
1.525180e-02
2.770873e-02
3.169380e-02
1.325622e-02
8.362761e-03
9.638956e-02
3.280534e-01
8.598441e-02
8.178014e-03
2.000186e-02
6.101100e-02
3.142578e-03
3.558290e-02
1.377751e-01
3.761655e-02
1.278855e-02
1.679946e-02
3.779728e-02
2.665697e-03
1.920549e-03
9.898997e-03
4.791831e-02
1.769213e-02
2.270730e-02
1.779621e-03
8.542462e-03
9.521093e-02
2.974316e-03
5.688448e-02
2.869008e-02
9.545862e-04
5.110895e-02
2.810023e-03
9.503971e-02
3.306998e-04
1.129232e-01
6.172878e-02
1.814426e-02
7.778134e-02
1.718169e-03
1.704921e-02
8.908154e-03
2.814709e-01
3.064457e-03
1.045439e-02
1.436049e-01
1.126622e-01
1.596269e-02
6.086022e-02
8.377955e-03
2.097876e-01
1.225704e-02
3.251500e-03
3.837374e-02
8.342134e-02
3.610981e-03
1.158620e-03
5.761930e-06
1.362187e-03
1.226068e-01
8.743539e-02
2.254845e-03
9.810827e-02
1.495789e-01
5.157255e-02
1.004106e-01
2.919505e-02
3.556166e-02
1.047407e-01
1.619845e-02
2.679345e-02
2.525494e-02
3.313042e-02
7.479844e-02
7.745706e-02
5.747122e-02
3.059014e-02
6.279373e-03
6.432030e-03
2.215816e-01
3.228334e-02
5.338687e-03
2.137330e-03
8.321540e-02
3.814910e-04
3.459023e-02
4.779546e-03
2.519210e-02
4.352813e-02
2.965286e-02
5.585317e-04
7.400845e-02
9.852148e-03
1.752644e-01
1.719903e-02
4.366817e-03
9.346231e-05
2.326243e-02
3.019617e-01
5.416217e-02
2.183248e-01
4.922505e-03
8.555037e-03
3.328637e-02
3.846485e-02
6.673039e-03
1.265897e-02
3.129498e-04
3.521576e-02
2.418796e-01
5.245416e-02
8.568105e-02
1.462803e-02
1.240448e-01
1.781985e-02
6.364359e-02
4.488338e-02
8.388924e-02
2.145251e-02
9.698311e-02
3.708889e-03
2.892306e-04
2.075317e-02
1.651746e-04
2.139104e-02
4.234471e-03
2.116214e-02
4.397541e-03
6.917360e-02
2.555021e-02
1.521651e-03
1.374497e-02
4.064940e-02
4.461368e-02
2.763509e-01
1.411548e-02
4.985305e-04
4.236844e-02
3.452895e-02
6.824057e-03
2.573158e-01
9.178072e-03
1.236533e-03
2.157181e-03
4.122326e-02
2.513077e-02
3.248131e-02
1.733570e-03
9.914871e-02
5.191464e-02
2.396363e-02
8.835623e-04
9.505654e-02
4.427566e-02
2.482406e-03
9.228976e-05
7.282617e-03
4.537048e-02
3.852447e-02
2.841350e-02
1.550094e-01
2.068857e-02
3.248892e-01
6.000198e-03
2.480098e-02
1.084666e-02
5.655814e-02
1.285362e-03
7.251871e-02
4.091943e-05
6.931946e-03
1.640165e-03
8.104764e-02
3.765467e-02
4.512463e-04
2.412075e-01
2.121426e-02
2.968702e-02
1.729921e-02
6.629155e-02
2.002428e-03
1.863939e-02
2.767589e-02
1.652461e-01
2.157497e-02
5.241370e-03
7.040455e-03
1.982304e-02
1.098157e-01
2.685519e-02
2.021729e-01
2.550026e-04
6.540197e-03
4.441745e-02
1.891862e-01
3.149088e-03
1.432234e-02
9.879639e-02
1.589561e-03
7.745528e-03
1.486068e-02
1.328359e-02
1.376815e-02
1.869494e-02
7.735128e-02
2.355739e-06
6.500267e-02
1.072665e-02
3.778359e-03
8.960209e-04
3.041951e-02
3.977088e-02
4.092311e-02
2.520402e-03
2.629708e-03
2.133769e-04
3.403230e-02
4.266576e-02
1.215892e-02
1.464861e-02
6.277569e-02
1.936245e-03
2.060889e-02
1.996863e-03
1.053666e-01
8.273738e-04
