2.693777e-03
1.898911e-02
2.547355e-03
2.832371e-02
3.647480e-02
2.012906e-03
1.270668e-01
1.135521e-03
2.976015e-04
1.383741e-02
2.740964e-03
1.606357e-04
4.805507e-03
1.180810e-01
9.952010e-03
3.692862e-02
3.354733e-03
9.747780e-04
1.173788e-01
3.903303e-02
1.057722e-01
3.133709e-02
4.981348e-02
3.934167e-02
1.058907e-01
4.955181e-02
3.781849e-02
6.855785e-02
1.829925e-03
2.892573e-02
6.133630e-02
1.254476e-02
2.399613e-02
3.147504e-03
3.102956e-02
2.080697e-04
1.183611e-01
2.013488e-02
1.022957e-01
1.501243e-02
2.228776e-02
1.639903e-02
1.958431e-01
2.988678e-02
7.808137e-03
7.571143e-02
9.654017e-03
2.913117e-02
1.183259e-01
9.252760e-02
1.424851e-02
5.381590e-02
1.771173e-01
8.806675e-02
3.648727e-02
1.871889e-02
4.756398e-02
3.297746e-02
1.020222e-02
3.074701e-03
2.854811e-02
7.545373e-02
1.612002e-03
7.215179e-02
1.427465e-01
2.266827e-02
8.010576e-07
3.152384e-03
3.095841e-02
2.901962e-03
1.688724e-03
1.655587e-01
3.564675e-02
5.897599e-02
2.373031e-03
3.438881e-02
1.723705e-01
5.803916e-02
8.904373e-02
1.349709e-01
2.668853e-02
1.089895e-01
1.036007e-01
4.853182e-03
3.349840e-03
2.918968e-02
8.960772e-03
7.330335e-02
6.029571e-03
1.959658e-02
2.490515e-02
1.638131e-03
8.101424e-02
4.549460e-02
1.774880e-02
2.266663e-01
2.375889e-01
1.988275e-02
1.073903e-02
9.134394e-02
1.368562e-01
3.307093e-02
3.822063e-03
1.426548e-01
1.922677e-02
4.102051e-04
8.486472e-03
2.080901e-03
9.900356e-02
1.955735e-04
5.678981e-03
2.248521e-01
3.823683e-02
4.970993e-02
5.244033e-03
2.684691e-01
4.823403e-02
1.801046e-02
3.217324e-04
1.969827e-02
1.514766e-01
3.713864e-03
9.747552e-02
6.797848e-02
5.728405e-02
1.882723e-02
1.022298e-02
1.074728e-02
1.882754e-02
1.837555e-02
2.818629e-02
3.227199e-02
1.468333e-01
9.064683e-03
1.037754e-01
5.297852e-02
1.083181e-01
3.562679e-04
1.722053e-02
4.638873e-03
8.929251e-04
2.932965e-02
4.328807e-03
6.681642e-02
2.755273e-03
8.251977e-02
2.165539e-02
2.654833e-01
7.437886e-03
3.265520e-04
8.836379e-02
9.097853e-02
4.480951e-02
7.803188e-03
4.597109e-02
2.616216e-02
3.529587e-02
2.207406e-02
2.938410e-02
4.117131e-03
4.833733e-02
1.196175e-02
1.399621e-01
2.583598e-02
6.482629e-02
8.926823e-01
2.802393e-04
1.061415e-03
1.644465e-01
2.286293e-02
1.250251e-01
3.550190e-02
1.359438e-02
4.178132e-04
5.209370e-03
6.034322e-04
1.517410e-02
1.396029e-02
1.096519e-02
1.642999e-01
6.855104e-02
8.662218e-02
1.699899e-02
4.601746e-02
4.304774e-04
2.441631e-03
2.280821e-01
9.183313e-03
7.613351e-03
3.826767e-02
5.056918e-02
1.842121e-02
1.135618e-02
6.762035e-02
2.320888e-02
1.110213e-02
9.174590e-02
6.783122e-02
7.125462e-02
1.150500e-03
1.939617e-03
9.921834e-03
3.425217e-03
8.699296e-06
2.693904e-03
2.142944e-02
3.490762e-02
2.527030e-02
1.231618e-01
1.638125e-02
3.040931e-04
2.145078e-04
4.334671e-02
4.833436e-02
4.144219e-04
6.216069e-02
1.528732e-02
1.225108e-02
6.104751e-03
4.443474e-02
4.898224e-02
4.840505e-04
1.056650e-01
2.537703e-03
6.522551e-03
9.540487e-02
5.549545e-02
6.320087e-03
1.570414e-02
1.705477e-02
6.226210e-02
2.993953e-01
2.289614e-02
1.414607e-01
9.117130e-03
2.841830e-02
2.069782e-03
1.087425e-01
1.029316e-02
7.524062e-02
2.257432e-01
6.698254e-02
8.033673e-02
2.907317e-02
2.905435e-02
8.369339e-02
2.838545e-05
8.511728e-02
9.783412e-03
4.104598e-03
3.285074e-07
2.694635e-01
2.052645e-02
1.277494e-01
3.359448e-03
6.391729e-10
9.462904e-02
5.983684e-03
4.015178e-04
7.685930e-02
8.337336e-03
2.176609e-02
9.021222e-03
4.076221e-03
6.382335e-02
1.771201e-02
3.909723e-02
2.287083e-03
2.702278e-02
1.029816e-01
1.664719e-03
1.452493e-01
3.683276e-04
2.105803e-04
2.680926e-03
3.502728e-04
3.152190e-03
8.178658e-02
3.385383e-01
9.073449e-03
1.212404e-03
1.399914e-01
1.288974e-02
7.788746e-02
1.144805e-02
5.783629e-03
2.088272e-02
6.436438e-02
4.039085e-05
2.308670e-03
4.841757e-02
1.405760e-02
1.827743e-02
1.548871e-02
1.046433e-01
6.956917e-05
2.906967e-02
2.090150e-02
7.360473e-03
6.573550e-03
1.604248e-04
5.585677e-02
2.471134e-02
1.273185e-02
7.131059e-02
1.259607e-01
3.782792e-02
2.202594e-02
3.037859e-02
3.594047e-02
1.088675e-02
7.372486e-02
2.410601e-02
1.863822e-04
5.768369e-02
2.758147e-04
5.089890e-03
2.055662e-02
6.607700e-03
9.226394e-03
3.631617e-02
3.422846e-02
1.476044e-02
3.854987e-02
2.883820e-02
6.873462e-02
1.018326e-03
4.391555e-02
1.480282e-02
2.212154e-02
6.637787e-02
1.877870e-01
1.603619e-02
2.418856e-03
2.017658e-03
3.836940e-02
7.926742e-02
1.813603e-03
2.758651e-02
1.667739e-01
3.417343e-02
2.055373e-03
1.529209e-01
8.046694e-02
2.419483e-06
4.921538e-02
7.780797e-02
9.400373e-03
3.819774e-02
6.561481e-04
1.913174e-04
2.653218e-03
2.786704e-02
2.558590e-03
4.556353e-04
9.442919e-03
1.440727e-04
4.440416e-02
1.299236e-01
9.067265e-02
1.251753e-01
7.633101e-02
3.552094e-02
1.392661e-01
1.084691e-02
2.509118e-03
7.349394e-04
9.799954e-02
4.913484e-04
4.469624e-02
3.069454e-02
2.018814e-02
7.324910e-03
2.076590e-02
2.259457e-01
2.217315e-01
2.512256e-03
6.134358e-03
6.505984e-03
2.607898e-02
4.927891e-02
1.030897e-02
7.042836e-04
2.180870e-02
1.981132e-03
4.618884e-02
4.262122e-07
5.674044e-02
4.944048e-02
2.896072e-02
1.639798e-04
3.148471e-02
9.474184e-02
4.099939e-01
2.194884e-02
3.856459e-02
1.303363e-01
5.417925e-02
5.399094e-02
2.290872e-01
2.584661e-02
2.209270e-02
1.219624e-02
1.012748e-01
2.600489e-02
2.865755e-02
3.901065e-02
1.682471e-02
1.013259e-03
2.652522e-05
1.432098e-01
1.692026e-03
4.754935e-03
1.926262e-01
1.635655e-02
1.518889e-01
9.560973e-03
4.340095e-03
9.252035e-02
9.163846e-03
3.057005e-02
4.878584e-03
7.280387e-02
1.216002e-02
4.153208e-02
1.625736e-02
1.774427e-02
7.390802e-04
1.019419e-01
7.306999e-03
6.237468e-02
2.111313e-04
5.503127e-03
2.075383e-02
7.822975e-02
2.228686e-02
6.697451e-02
6.602697e-03
5.940437e-02
2.264709e-01
1.088247e-02
1.087376e-02
4.067958e-03
9.178632e-01
1.760463e-02
2.434694e-02
5.292861e-03
9.907631e-05
2.600454e-04
3.850567e-02
5.477150e-02
2.357149e-03
2.403341e-02
1.705574e-01
1.177151e-01
2.292564e-04
7.598695e-03
3.071545e-02
3.417126e-02
4.709947e-02
1.112203e-02
5.106068e-02
8.346517e-02
1.109726e-04
6.206723e-02
2.865301e-04
1.059020e-01
1.986569e-02
2.506603e-01
2.751644e-02
1.643281e-02
6.583710e-02
4.017384e-01
4.172835e-03
8.501915e-06
3.856747e-02
5.077233e-02
1.370483e-01
7.109900e-02
6.303923e-05
2.086322e-02
1.304225e-02
1.332724e-01
9.499650e-02
3.879275e-02
1.598126e-02
9.638718e-02
2.788893e-01
1.167418e-02
5.420042e-03
5.255881e-04
1.115393e-02
4.971747e-04
5.739262e-02
1.553365e-02
3.564165e-02
1.112668e-02
8.583682e-02
9.022395e-02
4.003822e-02
3.939017e-02
5.069304e-02
8.487385e-02
7.000394e-02
1.551147e-03
4.441380e-03
3.535955e-02
6.684875e-02
1.695217e-01
3.319832e-03
3.257500e-02
4.229719e-03
1.558419e-01
2.258785e-03
7.780692e-02
1.708185e-06
1.194932e-01
4.681173e-02
5.089126e-02
1.561668e-01
4.599555e-04
3.297520e-02
8.695961e-02
7.159541e-03
1.191653e-03
1.751562e-01
8.605540e-02
4.797971e-02
5.886239e-04
1.029365e-02
2.015622e-02
1.140116e-01
3.567991e-03
2.774307e-02
1.344068e-01
7.242525e-02
2.711949e-01
7.985242e-03
8.665500e-02
1.646121e-02
6.930954e-02
4.522017e-02
7.967445e-03
6.275251e-02
5.510167e-02
2.070317e-02
1.287273e-02
9.452843e-02
4.190457e-03
1.455577e-01
8.294177e-04
2.098769e-02
2.337316e-02
1.367978e-02
8.488400e-04
2.062897e-02
1.579133e-02
8.481652e-02
2.564675e-02
2.075714e-02
1.223292e-01
6.663421e-03
1.663473e-02
4.172603e-04
8.413784e-03
3.034383e-02
3.252651e-02
8.543469e-04
7.309432e-03
1.707414e-02
1.606703e-02
2.529914e-03
1.044150e-01
6.378148e-02
9.445736e-02
4.348425e-02
2.151772e-03
4.469715e-02
2.069776e-01
3.274116e-02
5.932240e-02
5.909284e-02
3.995587e-03
8.931263e-04
9.654971e-03
3.998658e-02
1.100425e-01
3.200432e-03
1.757949e-03
5.296112e-02
1.202228e-01
2.166857e-01
4.112371e-02
7.883685e-02
