2.564583e-01
3.020222e-02
1.174652e-01
1.341725e-03
3.129675e-03
3.691462e-03
1.220257e-01
9.863950e-03
1.078464e-01
7.098207e-03
1.286702e-02
5.831015e-02
7.404552e-02
1.185428e-01
1.289166e-02
9.539472e-03
1.370158e-01
8.951934e-02
1.003826e-01
1.734137e-01
8.804350e-04
9.995700e-03
2.270909e-02
2.499852e-01
2.567388e-01
1.875954e-02
1.798826e-02
1.109820e-04
7.349382e-05
2.740587e-04
6.424481e-03
1.277831e-03
1.040994e-02
2.008910e-02
1.311691e-01
6.735639e-02
1.283855e-01
4.003948e-02
1.550641e-02
8.534943e-04
1.979081e-01
1.349089e-02
6.161181e-04
6.544148e-02
8.450173e-03
2.114999e-02
1.739254e-02
2.307735e-02
7.774295e-03
6.072771e-03
1.126135e-03
3.141195e-03
1.960761e-03
1.064640e-02
1.312210e-02
1.895793e-02
3.046294e-01
9.942312e-04
1.366537e-02
5.118465e-03
2.892667e-02
2.743616e-02
2.690927e-02
1.699397e-01
5.282970e-04
5.010639e-02
9.971676e-02
1.247624e-01
1.710347e-05
6.345761e-03
2.238084e-02
1.183576e-05
1.163233e-02
7.341129e-04
7.234060e-02
6.724683e-02
4.229083e-02
9.680475e-04
2.841893e-01
1.839287e-01
7.062330e-03
5.443673e-02
4.136427e-02
2.007492e-02
1.228535e-01
7.441892e-02
9.613748e-02
1.624630e-01
2.672518e-02
7.216266e-03
1.529794e-03
2.541598e-02
7.482552e-02
2.638310e-02
3.131061e-02
1.852208e-02
6.858742e-03
1.673898e-03
2.398237e-02
1.804850e-01
1.010589e-03
1.248679e-02
2.227917e-01
1.927901e-01
1.696984e-03
8.718696e-02
9.318627e-04
2.105031e-01
6.135134e-04
3.493735e-02
6.285351e-03
1.139744e-01
9.548790e-03
1.153296e-01
2.312405e-01
5.323347e-04
3.655724e-02
6.749584e-02
5.248159e-02
2.573532e-01
1.167020e-01
1.536619e-01
3.384740e-03
5.546081e-02
2.011051e-03
1.579835e-01
8.240942e-03
5.315847e-03
4.020384e-03
1.664867e-02
1.030443e-01
8.122956e-02
2.606376e-03
6.282551e-02
1.120997e-01
3.211226e-01
4.379236e-04
4.120838e-03
1.576889e-02
1.004647e-04
6.887261e-02
7.270031e-02
3.269756e-05
2.656204e-03
5.773636e-04
3.202762e-01
1.333746e-04
1.513258e-01
6.166986e-02
3.806584e-03
1.996871e-01
2.857956e-02
1.204504e-01
1.735861e-04
1.584647e-01
3.273420e-02
4.445308e-03
3.018697e-02
4.638891e-03
4.858907e-01
2.405410e-02
1.100586e-02
6.139487e-02
1.816329e-02
1.043799e-01
1.086998e-04
3.932477e-03
4.044478e-01
1.790357e-01
4.606914e-02
8.269622e-04
1.021583e-03
1.037963e-07
1.280814e-01
4.713247e-02
7.975237e-02
2.795563e-03
7.237904e-05
7.510916e-04
7.025929e-02
4.647236e-02
2.350631e-01
8.207652e-02
1.151954e-01
5.896869e-03
8.139785e-03
3.874932e-02
2.063311e-03
7.035669e-02
2.113879e-04
1.343227e-01
1.141503e-04
2.896739e-03
1.082238e-03
9.751613e-05
9.290800e-02
4.252777e-03
3.310820e-02
8.803490e-02
2.453246e-02
1.585408e-02
1.140860e-03
3.333303e-02
4.236780e-02
1.281347e-03
1.412114e-05
6.140981e-02
3.800546e-02
8.325973e-02
3.393741e-03
3.451954e-02
1.561884e-02
6.688479e-03
6.533819e-02
1.651716e-03
1.215629e-01
6.803295e-02
2.364279e-03
5.906602e-02
6.594811e-03
2.696512e-03
1.126943e-02
1.191582e-02
1.217181e-01
1.319212e-01
1.383363e-02
4.031046e-02
1.954239e-02
2.434507e-03
4.374680e-02
1.260237e-02
3.808180e-03
6.259198e-02
1.129275e-04
2.971125e-02
3.726828e-04
1.129957e-02
1.221432e-02
5.014226e-02
3.961441e-04
2.107005e-02
4.494198e-02
4.998810e-02
1.679035e-03
3.532406e-02
1.519738e-01
1.130067e-03
1.297761e-02
2.813309e-02
9.934077e-02
1.192034e-02
2.684725e-02
9.505439e-03
8.131708e-03
3.609361e-01
2.645924e-03
4.339718e-02
1.350698e-02
7.852306e-03
3.618182e-02
5.119917e-02
1.313348e-02
2.064644e-01
1.314919e-01
3.602959e-04
3.066362e-01
8.816003e-02
3.014324e-02
2.292681e-01
2.472112e-02
3.559025e-02
3.502504e-02
1.009477e-03
1.565696e-03
1.720016e-02
8.351316e-02
4.278827e-03
8.011273e-02
1.137916e-01
2.915176e-03
2.603671e-04
4.915044e-03
2.199979e-01
2.068858e-02
6.415087e-02
3.584450e-02
6.485882e-02
1.306836e-04
1.664030e-02
7.268104e-02
7.876164e-04
7.737011e-02
1.544855e-02
2.200093e-02
6.074158e-02
1.194333e-01
3.703092e-01
2.361307e-02
1.072831e-02
1.145844e-02
6.055546e-02
5.943084e-02
2.955285e-01
2.879008e-02
2.283365e-03
7.861815e-02
6.194865e-02
6.720554e-01
1.089430e-05
9.387889e-03
1.588667e-01
1.679639e-01
1.826752e-03
1.733422e-03
3.388405e-02
1.329354e-03
1.981720e-02
4.194859e-03
1.198817e-01
2.094142e-01
2.090047e-01
1.332261e-01
2.446287e-02
1.197278e-01
5.700063e-04
9.363711e-02
1.632026e-01
5.064674e-08
3.208540e-04
4.204981e-02
1.941749e-04
9.457146e-02
8.767179e-02
1.092215e-03
1.079209e-01
1.462943e-02
3.533185e-02
1.198064e-03
9.102774e-02
1.959006e-03
9.805644e-03
1.012603e-03
6.426742e-04
1.588506e-03
5.294556e-02
9.885605e-02
3.632042e-03
1.098625e-01
9.108254e-02
1.549181e-01
1.718988e-02
1.226941e-01
9.972406e-03
2.739473e-02
4.989807e-02
4.899028e-03
1.343520e-01
2.722558e-02
5.469803e-02
4.156155e-03
7.013435e-02
2.610251e-03
5.848164e-02
9.079544e-05
1.488445e-02
4.978718e-02
3.741429e-02
4.300777e-03
1.363680e-03
2.227720e-02
4.735335e-02
3.649741e-02
7.692005e-03
5.199648e-02
7.476204e-02
1.468837e-04
7.411305e-02
1.713055e-03
3.527499e-02
6.908654e-02
1.403250e-04
1.102995e-03
1.294803e-01
1.085030e-02
2.133702e-03
2.150956e-03
4.605321e-03
3.096545e-03
1.458000e-03
1.466668e-01
8.006257e-04
1.085171e-02
1.489847e-02
5.525534e-02
4.839925e-02
3.834819e-02
2.552876e-02
5.252291e-03
4.336391e-04
3.609055e-04
6.026577e-03
1.544835e-02
6.766901e-02
3.404881e-02
2.248033e-01
2.521546e-02
6.545731e-06
1.820989e-01
4.825580e-02
3.275655e-02
1.603172e-01
1.833705e-02
1.330281e-02
1.256337e-03
2.967582e-02
9.859487e-02
7.809242e-03
1.345931e-01
1.788020e-02
7.365063e-03
5.702332e-03
6.626100e-03
1.570524e-03
1.512113e-03
1.796462e-06
2.230768e-01
5.466110e-02
3.407882e-03
6.569806e-05
8.697043e-03
1.494626e-02
8.279594e-06
2.355814e-03
2.822343e-02
2.869409e-02
3.707373e-01
2.073319e-02
1.762513e-02
3.051933e-02
9.330709e-02
1.642690e-02
1.920253e-02
1.730202e-03
5.552000e-02
5.810094e-04
2.948612e-02
1.060925e-01
5.298807e-02
2.695165e-02
1.492546e-02
3.477182e-02
5.311078e-02
7.723828e-04
3.264882e-03
7.848377e-04
1.241878e-01
2.392506e-02
1.016524e-01
2.897095e-02
1.181798e-01
1.068121e-03
2.940570e-03
1.388382e-03
6.980924e-02
1.542606e-01
2.094960e-02
1.022708e-01
7.521628e-02
1.504557e-02
2.558794e-01
3.918250e-04
1.178249e-01
2.644293e-01
6.871068e-02
9.821021e-03
9.068528e-02
1.585058e-03
6.541720e-03
1.048245e-05
1.477720e-01
6.992229e-02
1.120433e-01
2.404360e-02
5.702839e-03
4.733383e-03
2.728775e-03
1.354683e-01
7.681116e-04
4.331536e-03
3.618554e-03
2.492627e-02
8.783299e-04
1.208351e-02
4.720543e-03
3.660401e-03
8.730446e-04
8.619983e-03
7.549034e-02
1.608176e-03
8.604811e-03
3.430597e-03
9.265042e-02
3.846449e-02
1.685595e-02
3.003307e-03
1.943189e-05
9.227251e-02
1.089612e-01
4.285570e-02
1.162338e-02
2.727644e-05
3.803186e-02
1.657767e-04
1.701981e-02
9.855060e-02
2.488756e-02
1.612178e-01
2.947925e-02
5.101522e-03
1.480860e-02
3.993777e-02
2.108498e-01
2.063159e-02
8.288444e-04
6.323503e-03
8.330796e-02
2.930739e-01
1.205509e-02
2.473476e-01
1.838771e-02
5.475586e-03
3.402454e-03
8.323349e-02
1.118330e-02
8.891488e-03
7.081117e-04
6.974469e-04
1.034591e-01
1.066169e-03
4.552856e-02
1.123682e-01
1.133679e-03
7.283369e-02
1.594178e-03
1.091861e-01
1.666340e-02
2.474197e-02
3.449577e-03
7.079608e-05
8.113921e-02
2.019397e-01
9.070346e-02
1.852060e-02
2.268357e-02
8.613978e-03
1.229528e-02
3.468910e-02
5.848525e-03
2.311749e-01
5.814958e-02
7.236154e-03
3.905289e-06
2.577840e-02
2.338398e-01
1.573430e-03
1.000369e-03
1.510951e-02
1.056701e-02
1.686837e-01
8.404793e-03
5.553777e-02
9.979615e-02
1.041281e-01
2.773052e-02
1.741232e-02
3.347792e-03
9.584221e-02
4.147193e-02
1.377253e-03
2.901187e-04
3.960032e-02
6.715041e-04
1.307999e-05
4.367883e-02
1.312226e-01
2.750870e-02
5.144542e-04
1.332927e-02
1.681226e-03
7.074360e-02
3.994381e-02
5.153911e-03
9.790797e-04
2.373182e-03
