4.712093e-02
2.328471e-02
2.200349e-02
1.194956e-03
3.298178e-05
5.535221e-04
3.783568e-02
2.938830e-04
3.011105e-03
1.079774e-02
1.402110e-01
1.642622e-03
3.469784e-02
7.199301e-03
5.038011e-02
2.766390e-03
4.803290e-02
7.491960e-03
3.460624e-02
6.366834e-02
1.272505e-01
9.758680e-02
4.186502e-05
1.332318e-04
1.235336e-03
5.043279e-02
1.381514e-02
1.666453e-01
3.571634e-05
1.492120e-02
8.537807e-03
2.492463e-03
1.221937e-02
1.925246e-02
4.896997e-02
1.724107e-01
2.921016e-01
1.161636e-02
1.538383e-01
1.193615e-02
3.097718e-03
9.720339e-02
1.160369e-03
9.263858e-03
2.245148e-01
7.129182e-05
1.391208e-03
3.353145e-05
2.213418e-02
6.327480e-02
3.718398e-03
1.835425e-01
4.287557e-02
2.430342e-01
3.768927e-02
9.727301e-03
6.146102e-02
1.568365e-02
2.003165e-02
1.012650e-02
5.516461e-02
7.072879e-02
1.915877e-04
9.935173e-02
1.080574e-01
1.238396e-02
3.515100e-01
1.283639e-03
7.793303e-02
2.530249e-04
1.914217e-03
1.573464e-01
1.841434e-02
8.502697e-02
1.175193e-01
2.037842e-02
3.385958e-03
2.453169e-03
1.973398e-04
1.449074e-01
2.752179e-02
1.137193e-02
2.208873e-01
7.478122e-03
3.279965e-02
2.128616e-01
3.141332e-04
7.545883e-02
1.296877e-03
2.252567e-02
1.563578e-01
7.149535e-02
1.709122e-01
3.739626e-02
1.120225e-02
1.392241e-01
1.175456e-04
1.241498e-01
1.783024e-01
7.071720e-04
2.915310e-01
6.586154e-04
5.854460e-02
4.940180e-02
2.977787e-02
1.265124e-01
1.633459e-02
2.289680e-02
9.511982e-02
1.696645e-01
8.340842e-02
8.550433e-02
8.915060e-02
5.490987e-02
1.219992e-02
1.307962e-01
8.875347e-03
6.828059e-03
1.272443e-02
5.498278e-02
9.914547e-02
6.482963e-02
3.502073e-02
1.191678e-02
1.457807e-02
8.984395e-04
2.853589e-03
9.221333e-03
1.088821e-01
3.208802e-02
1.648708e-01
4.826866e-01
5.192149e-02
6.339308e-05
8.499549e-02
4.419410e-03
1.260821e-01
5.113715e-03
6.761035e-02
2.894090e-02
1.155554e-01
4.916507e-03
1.004713e-03
5.617389e-03
1.091382e-01
2.445729e-02
3.940989e-02
7.345680e-02
1.522583e-01
2.413206e-01
6.297544e-02
2.682536e-02
1.439153e-01
2.742682e-03
1.628083e-01
7.268574e-02
3.008314e-02
1.998497e-02
6.949019e-02
5.555930e-02
6.785627e-02
3.147027e-02
2.647916e-02
2.739929e-02
1.821805e-02
4.078974e-01
5.950461e-02
1.937175e-01
1.368099e-03
2.151137e-01
1.444081e-03
4.565264e-02
1.033420e-01
1.124463e-02
1.049710e-02
4.128980e-02
5.418750e-03
4.509784e-03
1.068450e-01
2.839647e-01
4.685971e-03
1.580679e-04
1.422314e-02
9.203342e-03
3.799655e-02
5.675317e-03
3.188101e-02
5.977299e-02
1.538169e-02
5.544387e-04
3.381648e-02
1.911564e-02
2.564784e-02
5.105504e-03
1.034503e-02
1.343929e-01
4.609059e-02
4.178529e-02
1.352386e-02
3.427926e-04
3.695892e-01
1.471518e-02
2.483449e-02
2.500542e-05
1.862201e-03
1.344877e-01
1.633009e-02
6.003350e-02
8.446060e-03
4.786206e-02
1.019982e-02
2.462980e-03
4.166784e-02
8.141370e-03
3.666272e-02
3.015755e-01
2.454235e-02
6.334507e-02
2.950318e-03
7.656092e-02
8.197117e-03
1.229742e-04
5.832512e-02
2.448510e-03
1.978174e-01
8.664307e-03
3.229809e-02
2.148741e-03
1.915842e-02
3.801301e-02
2.781514e-02
3.552076e-02
1.773274e-01
3.640661e-02
6.854266e-03
6.376113e-03
1.073018e-03
3.505580e-02
8.063063e-02
3.681773e-02
3.812887e-01
1.178862e-02
3.440285e-02
2.177709e-02
3.130216e-01
1.905798e-02
1.432312e-01
6.308195e-02
4.547789e-02
6.146616e-04
3.071436e-02
5.341533e-01
4.481649e-02
2.013786e-03
9.925110e-05
9.928177e-03
6.268173e-01
1.069588e-01
6.563368e-03
3.622714e-03
1.070971e-02
1.191113e-01
2.358991e-02
4.403313e-02
1.377561e-01
7.457826e-03
3.241094e-02
1.186417e-02
9.048668e-02
2.038790e-04
5.943049e-03
8.823124e-02
1.589203e-01
7.245572e-02
3.458931e-02
2.185637e-02
4.000233e-01
1.497292e-03
1.070513e-01
9.226958e-03
1.832740e-01
1.049633e-02
8.756503e-03
2.003382e-02
8.176842e-02
1.826962e-03
7.077320e-02
1.565935e-01
2.302902e-03
3.380270e-02
1.316827e-02
1.359311e-01
2.521638e-01
7.477844e-02
2.208878e-03
1.630953e-02
3.917903e-02
4.320064e-03
6.823465e-02
1.483906e-02
1.296760e-02
3.705309e-01
1.511193e-01
3.788302e-03
6.511692e-02
1.463622e-01
7.946203e-04
1.276728e-02
3.570411e-02
5.272099e-03
7.390943e-02
3.199678e-04
3.580114e-01
1.121855e-02
8.729451e-02
2.525513e-02
2.166197e-02
5.864628e-03
4.504789e-02
4.516058e-04
1.778574e-02
4.597563e-02
4.894478e-04
8.130540e-02
9.972549e-04
1.266003e-01
8.818072e-03
6.136126e-02
2.807695e-03
1.174068e-01
4.871381e-03
7.076837e-02
1.283571e-02
7.351058e-02
5.442905e-03
1.514327e-02
5.398390e-03
1.390082e-03
2.757616e-02
1.889231e-01
9.781187e-05
1.460737e-02
7.909432e-03
2.053874e-03
1.776111e-02
1.968172e-02
8.601459e-04
3.070593e-01
3.077111e-02
1.096739e-05
6.162453e-03
8.400473e-04
2.408160e-02
1.623434e-02
5.509813e-02
2.972351e-02
2.825760e-02
3.195888e-02
1.306384e-03
1.281194e-01
2.931408e-02
2.412293e-04
3.255263e-02
7.913438e-02
2.110986e-02
2.200097e-01
3.224924e-01
2.042540e-02
9.113317e-03
3.607652e-02
1.983372e-03
3.638271e-02
1.337195e-02
4.324567e-02
3.814841e-02
2.735624e-02
1.783826e-01
2.682068e-02
6.612903e-02
4.945241e-06
1.146197e-01
4.038437e-04
3.663785e-02
3.215492e-01
1.650249e-02
1.033292e-02
2.468484e-02
1.054659e-02
5.018716e-01
9.358047e-02
5.434572e-03
5.330518e-02
5.859945e-03
2.837223e-02
1.045306e-01
2.667532e-02
1.221191e-02
9.125368e-02
1.291530e-01
5.056922e-03
1.695478e-03
1.016044e-01
4.511562e-02
7.047543e-02
2.613590e-02
1.123548e-02
1.255579e-02
1.212830e-02
6.035465e-02
2.028378e-01
7.235784e-03
3.514726e-02
2.251961e-02
9.240997e-02
3.228796e-03
1.806959e-02
1.740529e-02
3.000087e-02
9.423005e-04
3.353644e-02
1.407894e-02
2.294684e-02
5.941921e-04
3.529270e-04
5.378252e-03
4.280553e-02
4.229433e-02
1.519467e-02
1.547265e-01
3.001915e-03
3.007413e-05
1.710908e-03
6.026862e-02
2.167738e-01
6.251491e-04
2.268799e-03
1.759642e-04
3.562842e-02
1.572764e-02
2.598556e-04
5.054331e-01
3.332668e-04
4.593210e-04
3.754298e-03
1.739312e-01
3.762884e-04
1.986695e-01
1.856678e-02
9.024270e-02
1.416641e-01
6.863643e-03
4.749717e-02
1.222607e-01
1.261657e-02
6.017095e-03
8.583598e-03
8.689949e-02
1.695426e-01
5.355795e-03
2.354542e-03
3.200151e-03
1.678127e-01
6.582628e-02
7.666519e-02
2.545624e-02
6.700797e-06
1.941909e-02
5.411704e-02
6.736662e-02
7.908619e-03
3.798426e-02
7.932395e-02
3.289133e-02
5.048924e-02
3.763460e-02
7.584812e-02
1.379749e-02
1.739917e-04
7.984826e-02
9.342079e-02
1.889647e-03
4.250928e-02
5.439340e-02
1.117481e-02
8.453342e-02
1.095278e-05
2.282238e-02
3.610706e-02
3.684156e-02
7.149774e-05
7.802198e-03
1.141924e-03
1.187948e-01
2.794841e-02
3.881754e-03
8.767099e-03
2.764156e-02
2.196595e-02
1.059000e-02
2.468176e-02
5.178057e-02
1.132244e-01
1.501458e-03
2.324952e-02
5.059294e-02
5.212321e-03
8.427814e-03
3.853397e-02
7.703333e-02
1.238428e-02
6.661119e-03
3.382239e-02
3.173063e-04
4.040300e-03
2.830363e-02
1.253493e-02
1.931038e-01
1.521841e-01
4.687499e-03
1.681421e-01
1.349056e-02
3.113245e-02
3.595113e-02
1.820289e-04
1.075735e-01
1.321353e-02
3.350306e-03
8.936798e-03
4.771430e-03
1.072223e-03
2.069376e-03
3.448230e-02
4.045528e-03
8.647686e-04
1.260978e-02
2.074625e-02
3.725827e-04
2.233192e-03
6.757476e-03
8.810690e-02
2.798021e-01
5.389101e-03
9.111484e-03
1.216062e-04
5.310250e-02
1.736722e-01
5.448720e-02
4.566048e-02
4.974104e-03
6.243410e-02
5.119601e-02
1.801923e-01
1.238256e-02
8.286373e-02
7.125809e-03
2.671256e-02
6.265374e-02
3.110810e-03
2.048399e-01
2.079736e-02
1.628178e-04
2.022755e-02
1.584892e-03
1.743534e-01
7.823103e-02
1.191736e-01
5.693821e-02
1.987541e-02
2.074788e-02
3.515255e-02
2.761521e-02
1.651666e-01
6.785617e-03
7.119697e-02
1.224983e-02
2.508911e-02
1.947141e-01
7.939772e-02
6.110135e-02
1.765871e-04
3.631371e-01
8.699683e-03
1.554961e-01
2.703496e-03
2.135248e-01
5.810049e-04
7.405298e-03
1.621177e-02
1.989212e-03
7.221123e-03
3.435657e-02
3.595229e-03
9.049074e-03
3.315057e-01
