1.865333e-01
4.455592e-02
6.685284e-04
3.036562e-02
4.767888e-01
5.620812e-02
9.433316e-04
6.713625e-02
4.620989e-02
6.697055e-03
1.382772e-02
7.542783e-02
1.512308e-02
7.562453e-03
5.588304e-03
6.186810e-02
2.657768e-03
9.057546e-02
3.301849e-02
1.115889e-01
3.054633e-02
1.524747e-01
8.445541e-02
1.268455e-02
2.301515e-02
1.741339e-02
1.171645e-02
8.250860e-05
1.095555e-01
1.187017e-02
6.229736e-02
1.126942e-02
5.030710e-02
4.518132e-02
1.511418e-02
8.791448e-04
2.053168e-02
5.980778e-02
9.307717e-04
9.855692e-03
5.203940e-03
2.158739e-04
5.734989e-02
1.136285e-01
3.841981e-02
1.309963e-02
1.208151e-01
1.165544e-03
3.253724e-03
7.337060e-03
9.515691e-02
1.469390e-02
1.049161e-01
7.083736e-02
4.041640e-02
1.875947e-01
3.705046e-02
4.701644e-03
2.710633e-02
3.654097e-02
3.506379e-02
1.815548e-02
8.749266e-04
4.370612e-02
2.695517e-01
4.087993e-03
2.577170e-02
1.344394e-02
9.606447e-03
4.084813e-02
1.512338e-02
1.116898e-02
2.084171e-02
6.422370e-04
5.948707e-03
2.472943e-02
3.086616e-03
2.440273e-01
1.293911e-01
7.735185e-04
2.329618e-01
8.691284e-06
3.020922e-03
9.893815e-03
2.710035e-03
4.479866e-01
1.415906e-02
2.055242e-01
5.103921e-02
6.493288e-03
9.628512e-03
2.130616e-02
9.246312e-03
7.817212e-03
1.510819e-02
1.396362e-02
2.349312e-03
2.507180e-02
6.325399e-02
1.695771e-03
1.245740e-02
1.683688e-03
1.891439e-01
1.227142e-02
7.216022e-02
1.280693e-01
4.791546e-02
7.907606e-02
2.594522e-01
2.795735e-03
2.635538e-01
4.940226e-01
3.632593e-02
2.410888e-02
8.556993e-02
2.494429e-02
9.306073e-04
4.001197e-02
4.612460e-03
1.658550e-03
3.643600e-03
1.292514e-06
1.038896e-01
1.318951e-02
1.972308e-02
1.628616e-01
9.505132e-02
1.088730e-02
1.752866e-02
3.648466e-02
3.190433e-02
6.650177e-03
4.038913e-02
1.467276e-02
2.345750e-02
1.178233e-02
3.744685e-03
1.575936e-02
2.017556e-02
5.525341e-02
6.871040e-04
2.674790e-02
1.916138e-05
1.561750e-03
1.287917e-02
2.482687e-03
7.418476e-03
2.311794e-02
1.218693e-01
5.781765e-02
1.320941e-03
1.885984e-03
1.124280e-02
4.628967e-04
1.511601e-02
3.019534e-02
2.282890e-01
2.382979e-02
3.870587e-02
4.424581e-01
3.223518e-02
8.411431e-02
5.623094e-02
1.970940e-03
6.056826e-03
3.563214e-02
8.397643e-02
1.292286e-02
1.216759e-02
7.836148e-02
5.228567e-02
1.996920e-04
2.868971e-01
1.633290e-03
5.002633e-02
2.781459e-06
7.365352e-03
1.853363e-02
2.043465e-01
3.320680e-02
2.128727e-03
1.070478e-01
8.391174e-02
1.310414e-02
1.318166e-03
1.075019e-01
2.938244e-02
7.812060e-02
2.386171e-02
3.531058e-02
3.239271e-02
1.317903e-02
1.105832e-01
1.863811e-03
4.433881e-02
1.740055e-01
1.836339e-02
7.080006e-02
2.902672e-02
2.886138e-03
1.810399e-05
1.452513e-02
9.471337e-02
1.504650e-02
6.116715e-02
9.744810e-02
1.691690e-01
2.529113e-02
1.247804e-02
4.192815e-02
2.421143e-04
2.736586e-02
1.183929e-04
6.350353e-03
9.053725e-02
1.831255e-01
2.092861e-02
1.082213e-01
3.978702e-03
6.755978e-04
7.750335e-02
3.247469e-02
1.661829e-01
1.147785e-02
9.628104e-02
9.060839e-02
2.405822e-02
4.202842e-02
6.235568e-03
1.641835e-03
3.297884e-04
9.088565e-04
6.931619e-04
3.790856e-02
1.067226e-02
2.074640e-02
1.508785e-02
1.674276e-02
2.939796e-04
1.244496e-02
2.654274e-04
2.783159e-01
4.724433e-02
1.076313e-02
4.131608e-03
1.396121e-01
1.890330e-03
1.540016e-02
2.266588e-02
2.544080e-02
1.035080e-01
3.110446e-03
3.119614e-02
7.569370e-03
1.148721e-01
9.451204e-03
6.950061e-04
8.118809e-02
1.826392e-01
4.608241e-03
7.011685e-01
3.623747e-02
4.695631e-02
1.661180e-04
2.855822e-02
8.687192e-03
2.914172e-02
2.386697e-04
1.199924e-02
1.943525e-06
1.118355e-01
2.926567e-06
3.363445e-02
1.666288e-02
1.069442e-01
3.944142e-02
1.106350e-02
5.152298e-02
1.076094e-01
4.391490e-02
1.885579e-03
3.463551e-03
1.200539e-01
5.305792e-02
1.779699e-02
4.976377e-03
1.379532e-02
1.163872e-02
1.596925e-01
2.824628e-04
1.899782e-03
5.744533e-02
2.326423e-03
5.561731e-04
4.726583e-02
7.372430e-02
1.868568e-01
9.875772e-02
3.694762e-02
1.822918e-01
5.832562e-02
1.192774e-03
1.842781e-04
2.551488e-03
2.928251e-03
6.341482e-02
1.487242e-02
1.075600e-01
3.314546e-03
2.835428e-05
1.276390e-01
2.656297e-01
1.893065e-02
4.837521e-02
6.099402e-04
4.214859e-02
3.202778e-06
5.353010e-02
9.254585e-02
2.091124e-02
4.331876e-02
2.638113e-02
2.792540e-01
4.064905e-02
3.115062e-02
7.237647e-04
6.656648e-02
1.849484e-01
4.433315e-02
7.347896e-02
1.485802e-02
9.005942e-03
2.764239e-01
1.785827e-02
8.015973e-03
4.904553e-03
2.139769e-02
9.938807e-03
1.282003e-03
6.550526e-02
6.727407e-02
3.486801e-02
1.745519e-01
1.763275e-02
2.465639e-02
7.543403e-02
4.794988e-02
1.656583e-01
3.715557e-02
2.226762e-02
5.819536e-02
4.534811e-03
3.602557e-02
6.920347e-03
1.149954e-04
6.981282e-02
1.638739e-02
1.936771e-01
9.128231e-02
6.170229e-03
1.372212e-01
2.989101e-02
3.490407e-03
2.387058e-03
6.774567e-02
1.081221e-01
1.516399e-01
4.980514e-02
5.844835e-02
8.228920e-02
7.586306e-03
2.803169e-02
1.904107e-02
9.601558e-03
2.064277e-02
1.054511e-01
1.874827e-01
2.098255e-01
9.092295e-02
3.329507e-03
2.952530e-01
7.753487e-03
6.881904e-02
2.660692e-02
2.681799e-03
4.688596e-04
3.163547e-03
8.368938e-02
3.034715e-02
1.441709e-01
1.751773e-02
3.351227e-02
1.055611e-01
5.367948e-03
3.799171e-01
7.339833e-03
5.954129e-02
5.192391e-04
4.723424e-01
3.563381e-02
4.663780e-03
4.941309e-04
1.332116e-01
3.774008e-02
2.150542e-04
2.405329e-02
4.299996e-03
8.179476e-03
9.956714e-05
1.231210e-01
1.656942e-01
1.861345e-02
6.345429e-02
2.135976e-01
4.177963e-02
1.959174e-01
5.602283e-02
7.154563e-03
3.730262e-02
1.232350e-02
1.072856e-02
1.259993e-04
4.738809e-02
1.919399e-04
3.506304e-02
7.212442e-01
3.445361e-03
6.791235e-02
5.998854e-03
4.270283e-02
6.003447e-02
9.364756e-02
5.569463e-03
3.539101e-03
1.994237e-01
4.110780e-02
1.577975e-02
4.538001e-03
1.156085e-03
3.280259e-04
6.458683e-02
1.848124e-01
2.190776e-02
6.364199e-02
1.889471e-03
3.786403e-04
1.633300e-02
3.010740e-02
4.564135e-02
5.848871e-02
1.732236e-03
7.284615e-02
1.158154e-02
8.966302e-02
3.801298e-02
8.937252e-02
5.007940e-04
4.045612e-02
6.970828e-02
4.570986e-02
3.871544e-02
1.036652e-01
8.948903e-04
1.155432e-07
4.746965e-02
5.428235e-02
4.868625e-04
3.218443e-03
1.347644e-02
1.222353e-01
6.251701e-03
2.215040e-04
1.162622e-01
1.368096e-02
4.351361e-02
9.822384e-04
1.011425e-01
2.020216e-03
2.341707e-02
2.356352e-03
1.138399e-04
4.564697e-02
1.068487e-02
1.472149e-02
7.080771e-03
4.992647e-02
1.461460e-03
7.793847e-02
3.056655e-02
2.265838e-01
1.567472e-02
1.077586e-01
1.176637e-01
5.665186e-02
2.819341e-02
5.381921e-02
3.208097e-03
2.327234e-01
3.537458e-03
3.778893e-02
1.920717e-01
1.615771e-01
2.001216e-02
1.054306e-02
1.988697e-01
1.033673e-01
7.470626e-02
2.009959e+00
1.345471e-03
1.123362e-03
1.157785e-01
5.727288e-02
1.849078e-03
5.106268e-02
9.386404e-02
1.875305e-03
8.995811e-02
8.349181e-02
1.176493e-02
2.720451e-02
5.048898e-05
2.612313e-02
4.471532e-02
1.057291e-01
3.732097e-02
1.087550e-02
1.059308e-03
4.512315e-02
4.539990e-03
1.806844e-01
2.589717e-02
3.406778e-03
1.502921e-03
2.239619e-03
7.613886e-03
3.691798e-02
1.415167e-03
2.829780e-02
4.909827e-02
2.493710e-01
8.285840e-03
2.887991e-01
4.394416e-04
6.978721e-02
2.876647e-03
6.697219e-02
4.786610e-01
3.064865e-02
9.171652e-02
3.212136e-02
1.496998e-03
4.961875e-05
1.884041e-01
2.533583e-03
7.624170e-02
9.568278e-03
4.270649e-03
1.067019e-02
4.316694e-02
5.164049e-02
2.650851e-02
5.667673e-02
8.122219e-03
8.598432e-03
1.671169e-03
2.343595e-02
2.811469e-03
3.979496e-02
7.136528e-04
2.139648e-02
8.390421e-06
7.117770e-02
4.717935e-02
2.435177e-03
6.044897e-02
1.379196e-03
2.148171e-02
1.649673e-03
7.198969e-04
1.093809e-01
6.348494e-02
1.863352e-01
8.557744e-04
1.240302e-02
6.280218e-02
1.727329e-04
8.411960e-05
5.781593e-02
1.622928e-02
2.641060e-03
1.657927e-06
1.057448e-01
1.473861e-02
4.711738e-02
