1.114251e-02
1.857785e-04
7.986754e-02
4.790655e-02
1.423991e-01
1.302660e-01
7.767682e-02
7.594566e-03
1.411157e-02
3.999656e-02
7.383875e-02
3.639889e-02
1.099519e-01
1.865709e-01
1.945864e-03
5.277290e-02
2.226328e-02
2.265774e-02
1.997888e-03
9.067786e-03
6.714947e-02
2.235096e-02
2.071540e-01
2.067116e-02
5.036584e-02
1.924507e-02
1.108226e-03
2.441199e-01
4.867791e-02
4.297751e-02
1.321052e-02
2.634765e-02
1.259596e-01
4.640645e-02
1.980462e-01
4.605767e-04
1.445310e-02
1.205602e-02
3.056151e-02
6.506922e-03
1.647478e-02
2.006980e-02
2.763092e-02
5.427972e-03
1.137339e-02
1.578757e-02
2.439968e-01
2.095584e-02
5.926571e-05
1.364650e-01
1.520008e-01
7.996919e-02
1.820615e-01
5.961929e-02
1.235721e-02
1.020594e-04
3.374422e-02
1.630339e-02
1.621000e-01
1.204454e-01
2.093379e-01
2.514803e-03
3.524393e-03
2.969385e-02
1.374555e-02
3.213710e-02
6.646265e-03
1.018306e-01
5.112160e-03
3.325291e-05
8.484449e-04
5.491333e-03
1.681795e-03
1.036279e-02
6.446034e-02
7.327201e-03
8.109074e-02
1.911515e-01
1.471869e-02
6.241515e-02
6.534459e-02
1.420158e-03
3.104535e-04
1.591241e-01
9.349671e-03
3.821684e-02
1.529812e-02
1.879398e-02
1.610469e-01
4.108441e-03
2.184514e-02
2.275516e-02
1.212220e-01
2.920967e-02
1.104703e-02
5.474357e-03
1.405490e-02
5.810399e-02
9.144515e-01
2.953763e-01
8.162147e-03
1.809786e-02
1.925195e-02
3.235869e-02
7.687184e-02
3.098938e-02
1.950224e-02
1.223775e-02
3.486033e-05
1.062184e-01
6.465377e-02
8.950441e-01
3.141972e-02
4.397348e-02
4.043925e-03
7.360727e-03
3.073905e-02
5.541310e-02
5.404452e-02
3.430441e-02
3.973044e-02
4.704877e-02
1.400798e-02
3.468689e-02
6.226158e-02
2.160673e-02
3.614821e-02
3.479317e-02
9.532710e-02
7.471601e-03
1.231800e-02
1.149880e-02
1.255760e-04
3.655592e-02
1.630188e-03
4.495572e-04
1.084667e-01
5.793935e-02
1.752051e-02
4.541178e-02
1.994192e-01
2.739328e-02
5.472957e-03
3.518885e-02
6.812160e-02
2.814106e-02
2.624685e-05
3.237899e-01
7.165195e-03
3.405023e-02
2.898551e-02
1.867312e-07
2.083754e-02
1.359069e-04
4.911458e-01
1.173233e-01
4.588898e-02
2.855496e-02
1.541124e-02
1.092410e-01
5.614679e-04
9.309846e-04
3.652458e-02
1.782719e-02
6.019149e-02
7.626806e-02
3.985009e-02
6.449187e-05
3.003695e-02
1.450559e-02
3.109002e-03
6.507025e-05
2.777795e-01
2.055262e-03
1.517224e-02
4.402436e-03
1.133463e-01
2.349692e-03
6.705312e-03
2.147234e-03
1.452084e-02
1.681132e-01
1.408587e-02
2.414681e-03
1.654332e-02
4.966592e-02
5.132103e-04
2.251006e-01
1.931750e-02
8.108241e-02
4.415572e-01
2.715880e-01
8.193150e-04
4.880121e-03
1.414205e-01
2.530874e-01
2.138063e-02
5.039746e-04
1.508113e-02
1.240593e-03
1.116262e-01
1.955751e-02
1.262154e-01
5.289192e-03
5.528543e-02
2.331728e-03
6.869827e-02
1.908221e-03
5.103815e-02
2.087481e-01
2.294306e-02
2.281253e-04
9.089918e-02
2.892988e-03
6.631823e-02
1.953119e-03
1.349844e-01
1.211262e-05
3.084349e-02
2.100706e-01
2.426350e-01
3.542074e-03
3.561828e-03
2.137856e-02
1.738648e-01
6.037077e-04
5.165984e-02
1.262678e-01
7.780310e-04
3.560909e-02
8.278361e-03
3.163732e-02
4.680813e-02
9.777900e-02
2.984162e-02
5.562975e-02
2.985683e-02
1.245399e-02
5.767558e-06
8.637398e-03
1.512467e-03
2.394627e-01
1.943707e-01
3.261877e-02
6.442325e-03
6.707054e-02
1.386765e-01
6.947858e-02
1.010160e-01
2.155600e-01
1.615488e-01
9.384116e-05
3.859544e-02
5.317401e-03
7.766519e-02
4.062912e-02
6.106132e-02
5.430319e-02
3.237810e-02
2.322192e-02
8.522676e-02
6.185221e-02
5.104363e-03
2.280768e-01
8.124616e-03
2.209490e-02
8.200849e-02
3.954842e-03
8.413397e-02
1.130907e-01
8.280711e-03
4.863941e-02
2.606967e-01
1.436150e-01
3.242608e-02
3.141475e-01
1.336131e-03
2.631383e-02
3.686332e-03
2.250412e-01
4.039280e-02
1.740080e-03
8.001245e-02
2.857256e-02
2.567759e-02
3.132713e-02
5.911415e-04
8.079361e-07
8.007454e-02
4.699195e-02
9.820613e-03
5.523424e-02
8.049975e-03
1.184563e-03
8.413458e-03
8.907850e-02
1.870492e-07
5.957458e-03
5.703849e-05
2.445660e-02
1.354850e-04
2.264506e-02
6.766997e-02
1.896428e-01
2.718614e-02
5.738035e-04
1.746263e-01
5.941267e-02
2.409637e-02
6.718846e-03
2.327931e-02
2.107249e-02
3.313943e-05
8.079916e-03
1.410993e-01
1.554762e-01
2.240230e-01
8.440308e-03
8.277453e-02
1.030909e-01
9.200480e-03
4.983768e-02
5.097066e-02
9.897300e-03
9.917552e-03
2.580625e-03
1.362605e-01
1.454585e-02
1.725250e-01
1.049827e-03
1.404441e-02
2.567242e-01
2.588073e-02
9.804208e-02
3.704872e-01
4.695452e-02
1.637443e-02
2.097183e-02
5.037164e-02
1.531034e-02
1.237023e-03
1.811312e-02
1.178840e-01
1.239393e-01
1.784853e-03
2.244265e-02
1.056805e-01
5.291074e-04
5.476820e-02
6.881100e-02
1.138971e-02
1.595094e-02
1.670560e-03
1.463033e-01
1.896752e-03
1.508899e-02
4.094395e-02
4.807989e-03
8.447245e-04
1.408958e-02
2.950897e-02
5.723280e-02
1.099207e-01
2.130421e-01
5.321637e-03
3.807777e-02
1.135259e-03
5.558547e-02
1.969185e-04
1.078503e-03
6.464842e-02
1.386339e-04
3.664327e-02
6.798407e-07
8.850776e-03
1.438003e-02
3.159024e-01
3.378889e-02
2.295700e-02
3.075562e-02
2.560742e-03
4.233449e-02
5.306195e-04
5.782610e-04
1.583223e-01
3.645039e-03
1.299941e-01
9.631130e-03
7.650548e-02
9.341344e-04
1.403427e-03
2.259036e-03
4.206691e-02
5.449211e-03
2.825820e-02
9.515117e-05
7.852957e-03
2.085686e-02
1.763393e-02
1.217701e-02
3.320647e-02
1.257501e-02
1.903426e-01
4.247040e-03
6.234554e-03
2.559359e-01
8.973985e-05
2.527070e-02
2.451500e-01
2.634666e-01
1.130306e-02
1.847450e-02
2.962360e-03
7.942303e-02
1.196656e-02
9.014123e-02
3.456433e-02
3.394205e-02
2.461794e-02
4.294826e-02
5.913258e-03
1.125700e-01
1.483187e-01
1.409419e-03
4.351957e-03
6.956909e-02
2.899556e-02
4.384243e-02
1.016459e-03
3.288731e-02
2.708057e-02
2.057120e-01
2.518660e-02
2.250707e-02
3.523262e-03
1.873773e-02
4.139338e-02
2.380068e-02
2.844580e-01
1.416826e-01
6.747756e-02
5.455981e-02
8.271536e-03
8.570473e-02
6.909600e-03
1.338608e-01
2.222841e-02
1.823324e-03
3.024467e-05
2.181572e-02
2.749466e-02
4.535103e-02
2.283194e-02
1.024178e-07
2.572672e-03
5.591697e-04
2.829559e-02
7.229652e-02
1.036534e-01
7.083265e-02
3.113448e-03
1.100462e-01
5.501113e-02
1.196830e-01
2.325038e-02
5.186702e-02
8.689906e-02
2.492363e-02
4.528090e-02
1.048983e-04
2.916996e-02
5.684296e-02
2.935172e-01
1.368839e-01
3.418448e-02
2.057225e-03
1.900234e-03
6.762579e-02
1.220449e-03
4.101073e-03
2.464313e-03
2.289063e-02
6.612079e-06
1.736941e-02
7.759301e-02
1.151681e-01
2.874080e-02
1.894138e-03
7.079907e-04
2.060647e-02
4.225103e-02
3.857028e-02
2.072927e-02
1.126177e-02
1.528327e-03
1.210594e-02
9.953854e-03
2.696523e-01
2.966926e-03
1.475583e-03
7.494058e-06
6.163413e-03
2.535792e-02
6.348445e-01
3.578025e-02
1.001790e-03
1.770711e-02
1.458617e+00
3.225575e-02
3.070363e-02
9.160496e-03
6.007463e-02
1.007656e-01
1.553545e-02
2.381844e-02
1.322539e-01
3.703881e-03
2.703903e-03
7.900281e-02
1.443427e-01
1.271143e-04
6.431818e-02
2.191278e-02
9.277018e-03
3.923038e-03
1.367596e-01
4.125467e-02
7.230141e-02
5.982237e-02
5.610545e-02
1.243234e-02
1.070936e-03
2.130555e-02
1.480684e-02
5.589716e-04
2.646946e-02
2.374390e-02
1.565829e-02
4.873755e-02
3.538178e-05
4.034913e-02
1.030625e-03
2.531294e-04
5.134210e-02
3.191477e-02
1.439225e-01
1.269427e-01
1.062018e-01
9.126963e-04
3.728628e-04
2.141341e-02
6.591439e-03
4.332349e-02
1.795185e-01
3.116529e-06
5.101699e-02
1.086211e-01
1.950028e-02
4.117489e-02
2.675140e-02
1.387704e-02
2.118454e-01
7.885776e-02
5.982703e-03
3.202828e-02
1.974073e-01
1.123027e-01
6.225592e-03
1.043068e-01
1.194115e-01
1.777836e-02
5.926564e-02
2.169315e-01
1.726739e-05
9.228933e-04
6.092822e-02
8.415642e-05
6.484071e-03
4.113972e-02
7.226980e-03
2.093461e-02
1.877020e-03
3.768516e-02
8.932618e-02
2.231165e-05
7.790594e-05
4.173445e-02
5.668138e-02
4.445714e-02
7.173225e-02
1.439295e-03
3.468390e-05
6.140832e-02
1.261649e-02
