1.987320e-01
4.193351e-03
5.868500e-02
9.613064e-03
5.566762e-02
3.171118e-01
6.006883e-06
1.311786e-01
2.433301e-02
2.871405e-03
2.736805e-03
1.268063e-03
2.113486e-01
2.421009e-02
1.326112e-03
8.124028e-02
1.337600e-01
7.163887e-02
1.399542e-01
7.708348e-02
2.473848e-01
1.672097e-03
2.086845e-02
6.168484e-03
6.096804e-02
1.831493e-02
3.783211e-03
5.143006e-04
4.649383e-02
6.759394e-02
3.433869e-01
2.047045e-04
7.976099e-02
2.803703e-01
1.891218e-03
2.665504e-02
9.201946e-02
1.304912e-02
3.196506e-03
2.819932e-02
6.513002e-04
1.265753e-02
3.101344e-03
2.080538e-02
1.318495e-03
4.522141e-03
2.017287e-01
5.971732e-03
2.066000e-02
7.905005e-02
1.068045e-02
3.953946e-02
3.419677e-02
1.801823e-01
5.128451e-07
3.224352e-04
1.144319e-03
2.931158e-02
6.872922e-03
7.062277e-02
2.152020e-01
1.091516e-01
3.280239e-03
2.364786e-03
2.967565e-02
9.498071e-03
2.555219e-01
2.332379e-01
3.827811e-02
1.242520e-01
2.067166e-05
1.464467e-01
1.211578e-02
1.846068e-02
4.420145e-02
5.750989e-03
9.914567e-04
7.616024e-04
1.141976e-01
1.507806e-01
1.370481e-01
3.706013e-03
3.601348e-02
6.124024e-03
2.522445e-01
1.118037e-02
1.433906e-01
2.522107e-01
3.356802e-02
1.284167e-06
4.115752e-02
7.652675e-02
3.880508e-03
6.469475e-04
1.099492e-01
1.500173e-01
5.105585e-02
1.016502e-03
6.207660e-02
8.943320e-03
6.587158e-03
6.643001e-02
2.062459e-01
1.318955e-01
5.103176e-03
4.785540e-02
5.959460e-05
2.320209e-02
1.065157e-01
4.482628e-04
1.907045e-02
1.391733e-02
1.589321e-01
2.578390e-02
6.558286e-04
2.801136e-02
4.194748e-03
1.770961e-02
6.175976e-03
1.280097e-03
3.781486e-02
1.001276e-01
3.251306e-02
3.460781e-04
3.921767e-02
1.240218e-02
5.293824e-03
7.432224e-02
5.627592e-05
5.542768e-04
7.444197e-05
1.216941e-02
9.329352e-04
9.333584e-03
8.272035e-03
9.203924e-03
2.528027e-02
4.389938e-02
2.783582e-03
2.158389e-02
2.081656e-02
2.219458e-03
1.802907e-02
3.667542e-02
1.800437e-02
1.000050e-02
2.569225e-02
6.549924e-03
4.024449e-03
2.608079e-04
1.879992e-03
1.123871e-03
3.783946e-03
8.328768e-02
2.583075e-02
6.916654e-06
2.068157e-02
8.295538e-02
6.620785e-03
2.412920e-01
2.302964e-02
7.149043e-04
6.854273e-02
2.550902e-01
4.138355e-03
1.888591e-01
9.149564e-03
6.156509e-03
8.411434e-04
5.338535e-03
1.325990e-01
2.892295e-02
8.035121e-03
1.112704e-04
5.307039e-02
6.608666e-03
1.396305e-02
9.815226e-02
1.948700e-03
1.001415e-01
2.128285e-02
2.585123e-03
1.531639e-02
1.304947e-01
9.555095e-02
2.114257e-01
7.799216e-02
7.756147e-04
2.381014e-02
3.233843e-02
1.295746e-02
2.204780e-03
5.172348e-03
8.387453e-02
1.951242e-01
1.749751e-01
9.273523e-03
5.384178e-02
1.082634e-01
9.936552e-02
2.199744e-02
5.263658e-03
7.011883e-02
4.087662e-03
1.461742e-03
9.356288e-04
4.350416e-03
4.056874e-02
8.888645e-03
3.341304e-02
7.111687e-02
2.430151e-03
5.090010e-02
3.543474e-02
4.543567e-02
3.231741e-03
1.135556e-02
2.208535e-02
5.328887e-03
4.984438e-02
4.157190e-04
2.518652e-02
4.849399e-05
1.722450e-01
1.494822e-02
7.120968e-02
2.764571e-03
2.721236e-03
1.594445e-02
4.651869e-03
4.327683e-03
3.849803e-03
5.457166e-03
2.976641e-02
8.905075e-02
4.376883e-02
5.534011e-02
9.864734e-02
8.619481e-05
7.095150e-03
1.308709e-01
1.456000e-01
6.660129e-02
9.370350e-04
5.574953e-02
6.717097e-02
3.752919e-02
2.853914e-02
3.793415e-02
1.994955e-03
5.106085e-05
1.185942e-02
9.472633e-03
5.317659e-02
5.284631e-03
1.317636e-03
1.347309e-06
7.718036e-02
1.588998e-02
7.535927e-05
1.557615e-01
5.261503e-03
1.201940e-01
3.174192e-03
6.889567e-02
2.853784e-03
4.258518e-02
2.611740e-02
1.763054e-02
3.065624e-03
9.258353e-02
4.488166e-02
6.320821e-02
1.707976e-02
1.175293e-01
1.402610e-01
7.485448e-03
3.174200e-02
4.844800e-04
5.396539e-02
1.647060e-03
1.676950e-04
3.026434e-02
3.346154e-03
3.051299e-02
1.451319e-03
2.131362e-02
1.491250e-01
1.624619e-03
3.169297e-02
9.002768e-02
6.691924e-02
2.045156e-03
9.998821e-05
2.782489e-02
1.607270e-02
2.137220e-05
1.847891e-02
4.964548e-03
1.644037e-01
1.359697e-03
2.108892e-02
1.717841e-02
3.644792e-02
3.385484e-02
1.333067e-01
1.006239e-01
2.502543e-03
8.315055e-02
1.702524e-01
5.035123e-04
1.952909e-03
7.482109e-04
3.020983e-02
2.058478e-03
1.873321e-02
1.466079e-04
1.153529e-02
6.353110e-03
7.026506e-03
2.080509e-01
1.166248e-02
1.192317e-02
5.155244e-04
1.603530e-03
1.320470e-02
3.220522e-02
6.060188e-04
2.405571e-02
2.191700e-01
5.479432e-02
9.917158e-03
1.174885e-01
7.614002e-02
1.238080e-03
2.709791e-02
1.463969e-04
1.384711e-03
6.317994e-02
4.300096e-02
8.028198e-02
4.770944e-02
9.540732e-02
4.337093e-03
1.198113e-04
2.205764e-02
6.359968e-03
4.179751e-02
1.059957e-01
2.266204e-01
4.335895e-02
1.783106e-02
7.196543e-02
6.694169e-03
1.260225e-01
4.846570e-02
7.137623e-03
1.946490e-02
9.850044e-02
1.097170e-01
9.611598e-02
7.576129e-05
5.339916e-03
2.031064e-02
2.076723e-03
7.437258e-03
4.411952e-02
1.368687e-02
6.277309e-03
6.998953e-02
2.122730e-01
9.686993e-08
3.284571e-02
2.558357e-02
1.008806e-02
1.458853e-03
9.203501e-04
8.148530e-02
6.161650e-04
5.024918e-02
5.789890e-03
6.947314e-02
2.209158e-04
5.890169e-06
4.890455e-02
1.750155e-02
2.552444e-03
5.260629e-03
5.288022e-02
8.191049e-03
1.879665e-02
2.146706e-02
7.806369e-03
1.093437e-01
1.278359e-01
4.313376e-04
7.793867e-03
1.258097e-02
2.977813e-02
9.088768e-03
6.675580e-03
1.745029e-02
9.913922e-02
6.420462e-02
1.090962e-02
2.968054e-02
7.603562e-02
8.555213e-02
7.068587e-02
6.217676e-02
3.117186e-04
2.740505e-02
1.365940e-04
1.984041e-02
5.342454e-03
1.943923e-01
4.087643e-03
1.435830e-05
6.709230e-03
1.761134e-02
2.407917e-02
4.468419e-02
3.161986e-01
7.214858e-03
1.780821e-02
2.594874e-06
2.060178e-02
1.400592e-01
2.539296e-02
2.398579e-03
6.785336e-03
1.493926e-01
1.220961e-02
2.786647e-02
3.968516e-02
2.874744e-02
9.006147e-02
9.928717e-03
1.420504e-02
4.700417e-03
1.401001e-01
3.359232e-03
1.322071e-01
6.090056e-02
8.430106e-02
5.476436e-06
6.911253e-04
1.557408e-02
6.099170e-02
3.240692e-05
1.829101e-04
1.908478e-01
6.224380e-03
7.776177e-03
6.209933e-04
1.439700e-03
1.744104e-04
7.959949e-03
5.918608e-04
9.773915e-04
1.072615e-01
4.348792e-02
1.014689e-01
1.071550e-02
1.365618e-03
2.682796e-02
2.474580e-01
1.190245e-03
1.820573e-02
5.231960e-03
1.189078e-01
9.320338e-02
2.943490e-01
8.987683e-03
1.264021e-01
4.317529e-03
4.009120e-07
5.843122e-05
4.536472e-02
2.467326e-02
1.510639e-01
4.578412e-04
3.328710e-03
2.066613e-04
1.900642e-02
2.405991e-02
4.892910e-02
6.410322e-03
1.973591e-02
1.419486e-01
5.297896e-02
1.087100e-02
2.860869e-02
9.835246e-04
1.387409e-01
2.083336e-03
5.018557e-02
3.603255e-02
7.431632e-02
5.599171e-04
3.851976e-02
1.250413e-02
3.814462e-02
5.451245e-02
1.932764e-02
7.333878e-02
1.694719e-01
4.591750e-01
9.437952e-02
2.643205e-06
8.809707e-03
2.888338e-02
2.808923e-03
1.380261e-01
2.167466e-03
8.083475e-02
9.379395e-05
2.489362e-01
3.017953e-02
4.475729e-02
2.760030e-02
1.799837e-02
1.409782e-04
2.860395e-02
1.918758e-02
9.364769e-03
4.234173e-02
1.706697e-02
8.032260e-03
8.335289e-06
4.743549e-03
1.638743e-03
1.541617e-02
3.022627e-02
3.328247e-02
7.374184e-03
6.735496e-02
1.507386e-02
1.069535e-01
1.716692e-01
2.556976e-02
1.305552e-01
7.706501e-03
3.535379e-02
1.438304e-05
4.481780e-07
2.607247e-02
4.949126e-02
1.359306e-01
5.865506e-02
2.848916e-02
3.680180e-03
6.348585e-02
2.724913e-03
5.275538e-02
6.979854e-02
1.082483e-02
2.730203e-02
5.364788e-04
3.722193e-02
8.006874e-02
1.505847e-03
1.454252e-02
3.850241e-04
9.359288e-07
1.415008e-02
3.959355e-02
2.723495e-02
3.724589e-02
6.036496e-02
1.361423e-01
3.434516e-02
7.065977e-02
1.176357e-02
1.898633e-03
2.594170e-02
6.255790e-02
1.791684e-02
8.713067e-02
2.878277e-02
1.617371e-01
3.025510e-04
4.364787e-03
6.054334e-02
1.273210e-01
7.636634e-02
2.663196e-02
7.525822e-04
1.145418e-01
2.461684e-02
4.553884e-02
2.595842e-04
2.425234e-01
8.513852e-04
