1.314498e-03
1.028719e-02
6.098222e-03
1.366721e-05
4.945434e-02
1.049715e-02
8.412842e-02
4.958911e-04
1.655056e-02
2.084641e-01
6.417213e-04
1.826176e-02
7.619394e-03
2.015803e-02
2.753272e-02
2.394176e-02
7.860452e-02
1.151180e-02
2.889998e-02
7.982366e-03
1.679961e-02
8.781508e-02
2.966517e-02
4.020758e-02
6.143062e-02
4.046808e-03
7.038431e-02
1.137105e-01
2.054193e-01
6.096083e-04
1.470594e-02
6.453546e-03
1.333459e-02
1.705855e-03
4.064544e-02
8.481200e-04
1.891673e-01
1.756868e-02
9.030109e-03
5.471158e-02
2.955456e-03
2.943841e-02
3.492490e-02
1.924957e-01
7.550316e-03
1.878221e-03
3.668327e-03
3.453646e-04
7.458482e-02
7.245891e-02
6.392959e-02
9.234985e-02
5.647487e-02
6.335125e-04
2.369725e-01
7.220100e-03
1.537616e-03
7.461458e-02
1.164510e-02
2.779386e-02
1.925274e-02
4.045261e-01
8.863015e-02
2.463625e-02
2.665750e-03
4.342609e-02
1.813688e-02
3.064287e-02
7.924111e-02
3.278158e-05
1.078763e-02
9.837997e-02
1.608440e-02
6.840250e-02
1.434495e-03
1.330090e-02
3.140187e-02
6.344251e-02
1.572945e-01
3.296136e-03
3.106609e-02
1.341358e-01
1.708558e-02
2.984554e-02
7.329545e-02
1.423749e-01
1.421537e-01
9.596202e-02
1.515846e-01
1.381548e-02
3.658144e-01
1.223612e-02
2.487713e-02
6.730482e-02
4.180245e-02
1.070827e-01
3.085059e-01
1.998398e-01
1.362781e-01
3.817411e-02
1.812321e-01
1.160345e-01
5.659084e-03
7.917796e-02
1.494141e-01
1.055071e-04
6.646782e-02
3.031043e-02
1.547970e-01
1.115208e-01
6.676706e-02
4.197310e-01
2.903744e-02
7.695323e-02
1.272792e-02
8.536321e-04
8.556334e-02
3.491806e-02
2.895968e-02
1.270177e-01
9.525857e-03
2.046108e-03
1.799486e-04
4.647810e-02
1.324523e-01
1.615960e-01
2.495081e-02
1.156412e-02
6.589008e-02
2.793843e-04
7.434468e-03
4.830664e-02
5.384733e-04
4.375676e-02
9.512720e-02
3.556454e-02
2.308450e-03
6.245121e-02
1.113505e-01
5.040879e-04
5.185422e-04
3.436596e-05
2.636559e-03
6.564542e-03
7.030288e-03
3.001816e-02
4.767106e-02
2.883971e-03
4.368700e-05
9.791376e-03
1.366124e-02
1.753743e-02
1.013631e-01
7.740594e-03
1.272235e-03
1.743551e-04
2.022408e-02
1.544299e-03
8.481216e-05
1.233048e-01
4.849401e-02
1.222892e-01
4.679925e-02
7.606991e-02
1.423520e-01
5.369253e-03
1.180649e-01
2.272833e-02
1.478463e-04
1.731782e-02
3.946676e-02
1.268068e-02
1.444559e-02
2.646764e-02
2.269784e-03
9.815534e-02
1.288090e-03
1.828701e-01
4.700725e-02
2.704519e-03
2.533661e-02
4.297798e-02
2.760935e-03
2.015889e-05
5.278611e-02
3.256537e-01
3.781871e-02
1.024483e-05
2.408217e-03
9.704065e-03
9.212943e-03
3.384347e-02
2.857583e-04
9.314401e-04
1.667700e-01
4.663726e-02
3.175032e-03
2.141982e-01
9.866003e-02
4.215697e-03
2.106610e-02
1.764028e-02
1.138057e-01
1.112158e-02
2.055251e-02
9.106958e-03
2.432932e-02
1.922207e-01
2.032458e-02
6.999795e-03
9.999374e-04
1.698534e-02
4.242644e-03
1.478200e-01
6.913735e-02
1.055246e-02
1.862783e-02
1.421639e-01
2.497566e-03
2.209389e-03
4.013946e-02
1.104429e-01
9.817533e-03
6.952756e-04
9.588341e-02
1.673789e-02
5.257635e-05
2.968303e-02
1.582346e-01
6.474269e-04
7.828125e-03
7.182493e-04
2.144110e-02
4.034702e-03
1.011792e-01
8.260675e-03
5.503376e-02
9.880773e-02
2.937644e-05
1.601415e-01
3.599973e-02
3.355576e-02
5.674595e-02
5.984894e-03
6.923601e-03
4.439066e-02
1.309008e-01
1.340380e-01
5.033831e-02
1.603477e-02
3.628235e-02
3.411348e-02
9.728669e-02
9.352214e-03
2.037045e-02
3.177880e-02
7.183777e-03
1.403576e-02
3.876084e-02
1.097851e-01
2.325736e-03
4.788508e-02
9.625096e-03
2.870543e-01
1.267101e-01
2.753521e-03
1.394591e-01
3.937596e-02
1.128101e-02
4.103827e-02
1.141364e-02
5.066672e-02
2.482287e-01
6.955596e-03
1.022934e-01
2.351971e-03
4.542999e-02
1.313735e-02
1.611802e-01
1.231455e-01
8.634600e-03
1.004722e-01
6.030865e-02
1.149519e-02
1.209519e-01
6.606949e-03
5.304285e-05
2.281320e-03
4.942676e-02
3.883969e-06
1.528551e-01
1.437010e-02
7.067080e-02
2.543651e-02
9.457050e-03
5.835535e-03
7.860272e-03
6.708504e-02
1.443967e-02
2.511620e-04
4.415892e-02
3.819288e-03
5.953280e-03
4.720639e-02
1.361191e-02
6.250682e-03
7.546203e-03
2.405498e-01
4.390272e-01
2.918363e-02
1.858554e-02
3.791149e-02
5.298256e-02
4.097103e-02
4.996380e-02
2.765113e-03
1.676900e-01
4.023661e-04
1.092375e-02
4.688663e-02
5.807786e-02
5.156022e-03
1.346201e-03
5.479917e-02
1.460756e-01
1.550732e-01
1.141876e-02
5.025319e-03
2.470511e-03
3.363495e-03
6.330048e-02
2.865381e-02
5.230010e-02
1.312137e-01
4.320463e-02
1.413794e-02
1.067608e-01
7.410082e-05
7.606636e-02
1.473442e-02
3.377649e-03
1.523890e-02
1.033890e-01
1.682841e-01
1.650130e-04
9.002657e-03
1.176773e-01
3.471865e-03
2.594753e-02
1.002198e-02
6.349631e-03
8.558464e-02
4.341783e-02
1.803149e-03
1.073185e-01
5.843672e-02
1.094589e-01
8.818443e-02
2.097407e-02
1.583593e-02
3.203537e-01
1.998812e-01
5.871235e-03
2.124098e-02
2.468930e-03
6.359545e-02
7.275949e-02
3.822275e-03
1.432924e-01
1.363449e-01
1.222242e-01
2.818086e-02
7.209744e-03
1.637853e-02
9.511964e-02
1.505382e-02
2.602290e-01
1.039381e-01
7.588605e-03
1.225077e-03
2.412969e-01
1.060761e-01
7.794404e-02
1.891187e-02
2.072619e-02
1.937081e-01
2.828504e-02
9.564422e-04
1.329919e-02
8.749242e-02
7.136937e-02
6.584810e-03
3.781843e-02
8.609765e-02
3.022493e-02
3.396965e-02
1.796152e-02
3.632519e-02
4.251959e-02
3.792375e-03
2.841804e-02
2.960697e-02
1.161491e-01
1.007839e-01
1.135138e-03
8.206514e-03
4.560018e-02
1.474288e-02
2.475223e-02
1.526612e-01
8.135929e-03
1.509463e-01
5.036449e-03
1.018584e-01
3.065913e-02
1.239132e-03
1.087081e-05
8.575770e-02
2.238198e-02
1.277838e-01
1.640951e-03
9.434963e-02
3.312182e-04
6.430346e-03
1.600799e-02
3.308908e-03
3.144428e-02
6.481429e-02
3.478838e-03
1.623594e-02
4.656617e-02
3.671480e-02
4.359294e-02
2.605911e-02
5.227332e-02
2.690958e-02
3.101737e-02
9.056658e-03
8.285963e-03
1.237905e-02
2.080909e-01
1.772202e-01
1.263079e-01
2.958617e-01
7.432243e-03
4.025290e-02
1.289512e-01
1.141922e-03
7.622585e-08
6.047658e-03
5.393170e-03
2.575199e-02
2.513338e-03
1.649799e-01
1.921372e-02
6.171074e-03
9.556741e-05
3.648173e-02
5.096946e-01
1.565086e-04
4.987820e-04
4.265292e-02
5.139388e-03
8.450334e-03
4.984795e-03
6.559400e-02
6.281031e-02
8.516974e-02
7.949761e-04
5.555336e-02
1.572033e-02
1.088853e-03
3.190027e-01
4.685297e-02
8.952374e-05
2.378513e-02
4.541443e-02
2.638404e-02
2.761967e-02
1.208986e-05
2.168136e-02
8.514507e-03
7.518069e-02
6.908309e-02
2.962701e-02
6.541584e-02
8.839318e-07
1.137363e-02
2.532726e-03
4.712968e-02
2.396893e-03
3.370722e-03
4.585060e-02
4.584655e-05
1.093821e-02
1.234013e-02
1.596956e-02
1.004191e-01
1.642424e-01
6.655380e-02
2.371072e-02
4.486487e-03
1.145061e-03
4.958864e-04
1.143554e-03
6.158759e-02
1.564713e-03
2.216193e-02
1.039435e-01
7.494340e-03
6.163804e-03
1.909983e-02
2.999103e-02
1.324993e-01
1.116046e-01
1.114723e-01
5.234745e-04
9.243897e-04
3.079010e-02
3.791037e-02
9.754820e-04
3.957575e-02
2.823844e-02
1.009701e-01
3.984497e-02
4.766047e-01
1.596215e-02
4.424517e-02
3.310180e-03
2.104635e-03
9.282878e-03
7.482171e-03
8.061767e-04
8.079991e-03
3.540995e-02
5.908356e-02
2.124443e-02
1.405118e-02
6.320770e-03
6.273197e-06
5.475604e-02
1.399463e-02
2.617935e-02
8.843421e-03
1.575938e-02
1.590018e-03
5.605869e-02
1.695134e-02
6.606100e-02
1.345049e-01
1.260187e-01
3.336456e-03
4.701005e-02
1.643917e-01
8.331439e-02
1.263168e-01
2.712112e-02
1.032125e-04
3.521750e-03
1.762496e-01
2.033177e-02
3.927770e-01
2.680515e-03
4.326640e-02
1.298734e-01
5.725151e-02
4.128752e-02
3.075931e-02
2.073879e-03
2.353982e-02
1.312775e-02
3.367312e-03
3.312119e-01
1.726051e-01
9.437432e-02
4.945956e-02
2.777131e-03
7.901401e-03
1.761474e-02
1.418167e-01
6.552109e-03
2.925406e-02
9.933777e-02
6.537610e-03
2.232414e-02
1.023061e-05
8.911165e-02
3.697161e-04
8.341765e-02
4.357621e-02
2.706776e-02
1.271939e-01
8.396434e-03
2.235570e-03
