2.133674e-03
9.759294e-02
3.643224e-02
1.664080e-02
4.646611e-02
1.077161e-04
2.884237e-02
5.676884e-03
8.834036e-02
8.413670e-03
1.694800e-01
9.985363e-02
1.914982e-01
2.601451e-02
8.597238e-03
4.462377e-03
6.130732e-04
6.407143e-04
6.992181e-07
3.084046e-02
3.728975e-02
1.127599e-03
6.314806e-02
5.435671e-02
5.319545e-03
7.733176e-02
2.670288e-03
1.100095e-01
1.685516e-02
5.544064e-02
1.272217e-02
5.352826e-02
1.402427e-02
6.663186e-03
7.750194e-04
5.145697e-02
5.120985e-02
1.057314e-01
7.686405e-02
7.267280e-03
1.159878e-03
9.866508e-02
2.339152e-02
7.051250e-02
2.571518e-01
7.106044e-02
1.383386e-02
1.733160e-02
3.193149e-02
5.336943e-03
4.530590e-03
2.182308e-03
4.062621e-02
1.013993e-01
1.037676e-03
9.989043e-02
2.322935e-01
1.246399e-04
1.933138e-02
6.892388e-03
1.735992e-02
2.072645e-01
3.601040e-02
3.642085e-04
1.178589e-02
1.258602e-01
1.857235e-03
1.023959e-01
2.886942e-02
1.990987e-03
1.048268e-01
1.485518e-01
1.810622e-02
6.190197e-02
5.713054e-03
1.344235e-01
1.548369e-02
1.230193e-03
1.696421e-01
2.099346e-01
1.957467e-02
8.281414e-02
2.369343e-03
7.288572e-02
2.141357e-01
1.114030e-02
1.180610e-05
1.914800e-03
4.910711e-03
1.808725e-02
1.485933e-02
3.481596e-02
6.207259e-02
9.952303e-03
8.000000e-02
8.439086e-06
8.477575e-02
1.721805e-02
1.338631e-03
2.359030e-02
3.263122e-02
1.915002e-01
6.427415e-01
1.051290e-02
9.258845e-03
4.949022e-03
1.198787e-02
5.118854e-02
1.898861e-02
1.038985e-01
9.154061e-03
6.208863e-02
1.353038e-01
1.230648e-01
6.368487e-04
1.742310e-02
1.316520e-02
6.332365e-02
4.175674e-02
2.383358e-01
2.834364e-04
1.740935e-02
1.328632e-01
3.949025e-02
5.153408e-02
5.118848e-03
3.648385e-03
2.650808e-03
4.486191e-02
4.490278e-02
7.241889e-02
9.208505e-02
8.735740e-03
2.088558e-01
8.655271e-02
2.930617e-02
1.115441e-01
2.780887e-02
1.063180e-02
2.661463e-03
4.169980e-03
6.727133e-02
8.837535e-06
4.230906e-02
4.335805e-02
1.220877e-03
2.047886e-02
1.027755e-02
6.645001e-04
1.530134e-03
2.950976e-05
7.599821e-03
1.017836e-02
3.680417e-02
2.065137e-02
2.114799e-04
2.081667e-02
4.517782e-03
1.108472e-03
8.977937e-02
4.052056e-03
3.066165e-02
1.983239e-03
7.820112e-02
2.263725e-02
6.158839e-02
8.266779e-02
2.460357e-03
2.751626e-02
6.886613e-02
1.296952e-02
4.843142e-02
5.405726e-02
4.565799e-02
6.385394e-02
4.383695e-03
9.083723e-02
2.893176e-01
4.365762e-03
2.833918e-02
2.471295e-02
6.025203e-02
8.437179e-02
6.945087e-02
1.055994e-02
2.101919e-02
1.620795e-02
7.691086e-03
1.765101e-02
7.893600e-05
2.717098e-03
5.446864e-03
1.149584e-02
4.444576e-03
9.229018e-02
3.938839e-02
2.188982e-02
5.387236e-01
1.098301e-03
2.467707e-02
1.531799e-03
5.895780e-03
2.494997e-02
2.958380e-03
2.181794e-02
2.364988e-01
1.511848e-03
2.048278e-02
1.113188e-07
6.372210e-03
6.095886e-03
1.773175e-01
2.633266e-01
6.233428e-03
3.552820e-03
3.415597e-02
7.628004e-03
1.938088e-02
2.071480e-01
1.045189e-01
2.962667e-02
1.356526e-02
1.293397e-01
2.178796e-03
4.089327e-02
1.464279e-02
8.743501e-02
4.017481e-03
4.338861e-01
1.521902e-04
1.480552e-01
6.361263e-02
9.384884e-03
7.296040e-03
3.739608e-04
1.326316e-01
6.894700e-02
4.162160e-02
1.230573e-03
2.703455e-02
4.117180e-02
8.172458e-03
1.599980e-02
4.208557e-02
8.951188e-03
4.971590e-02
2.022135e-03
5.351216e-03
2.012858e-03
6.170233e-04
4.099599e-03
4.119332e-02
4.268197e-02
2.847844e-02
1.500410e-01
7.533740e-02
2.892858e-05
1.992197e-01
4.373687e-02
1.549712e-01
9.332784e-02
4.022448e-02
8.043481e-02
1.311995e-01
4.150468e-02
2.091368e-02
4.831433e-04
6.372540e-02
5.406642e-02
6.468431e-04
4.283648e-03
1.858865e-02
2.686837e-01
1.775873e-02
1.103344e-01
8.138617e-03
8.508813e-02
1.377396e-03
4.537173e-03
1.580878e-02
1.532080e-01
1.063508e-01
5.513821e-02
4.881994e-02
4.152295e-04
4.706873e-02
4.421091e-02
1.813226e-02
1.782646e-02
3.383989e-01
2.246652e-04
1.244039e-02
5.810813e-02
1.015054e-01
1.152066e-03
9.743949e-06
2.660909e-01
3.362582e-03
5.133236e-02
6.339525e-02
3.070738e-02
3.458538e-02
3.529210e-03
1.132196e-02
4.909185e-02
1.085639e-02
1.036021e-01
3.959794e-03
5.162037e-03
8.237855e-02
6.897953e-03
2.687049e-01
2.401564e-02
6.709936e-03
2.887984e-02
3.417500e-03
3.693283e-04
7.826222e-03
2.179062e-02
3.393123e-02
6.623791e-02
3.992072e-02
4.238674e-02
3.664499e-03
2.685960e-02
7.299707e-03
8.036388e-03
8.600415e-03
2.383524e-02
4.191896e-02
6.409589e-02
2.076292e-02
7.273169e-02
2.381804e-01
1.625913e-02
7.018541e-03
5.668285e-02
1.635440e-02
6.024656e-03
6.823336e-02
1.409122e-01
1.989042e-02
6.823109e-02
7.032012e-02
6.305115e-02
5.290080e-02
1.220149e-01
1.231865e-02
8.744573e-06
5.194998e-02
1.898685e-02
3.086435e-02
2.054941e-02
2.011510e-03
3.036579e-02
4.960695e-05
1.137544e-01
4.237185e-02
1.289127e-04
5.286408e-02
1.268221e-02
4.786851e-03
4.781562e-03
5.440553e-04
1.250719e-05
9.812662e-03
6.422357e-05
7.613225e-03
3.951007e-04
1.546165e-02
3.561053e-02
7.020591e-03
1.082473e-01
2.302565e-01
1.423437e-02
2.257152e-05
1.688080e-01
1.327372e-01
2.239172e-02
2.724383e-02
1.521655e-02
1.935204e-02
2.544205e-03
1.587612e-02
6.716842e-03
3.053658e-02
5.209723e-02
1.740954e-02
1.243223e-01
7.961797e-03
9.875120e-03
6.162393e-02
6.500535e-04
2.717818e-02
1.845997e-03
1.002491e-03
5.118807e-02
3.737228e-02
5.299233e-03
1.784290e-02
8.346569e-02
5.430869e-02
2.118106e-01
1.758370e-02
3.903911e-03
8.511032e-03
1.058290e-01
1.199161e-01
4.284485e-03
1.490976e-01
1.328482e-01
7.610851e-02
2.334518e-02
4.815833e-07
3.462111e-01
3.965664e-02
2.793253e-04
1.910205e-02
2.433223e-02
2.479578e-02
1.421809e-03
2.002753e-03
2.875342e-04
1.437990e-03
4.014473e-04
1.212094e-02
6.747171e-02
4.343914e-03
3.334394e-02
9.807297e-03
2.800347e-03
1.440787e-02
1.649180e-01
4.280133e-01
7.961864e-02
9.508410e-02
5.152700e-02
6.420021e-03
2.029913e-02
6.000982e-02
1.291071e-03
4.712553e-02
6.785438e-02
1.427911e-03
3.844920e-03
1.119665e-02
8.731233e-03
6.968410e-02
1.039180e-02
1.294337e-02
2.802588e-01
5.157038e-03
4.418915e-02
6.026693e-04
2.273251e-03
1.371821e-02
4.702094e-03
2.805779e-04
1.989636e-01
1.548902e-02
2.505131e-01
1.140281e-03
8.919050e-03
1.576030e-02
4.701656e-02
1.236008e-05
9.406065e-03
3.105403e-03
2.370100e-03
2.266934e-02
4.619067e-04
1.714890e-01
1.273337e-02
8.733448e-02
2.149633e-02
3.337774e-02
7.889152e-04
1.173689e-03
9.618947e-02
1.062379e-01
8.361678e-02
1.153345e-02
1.235079e-02
1.243086e-01
1.083066e-01
7.053029e-02
1.573593e-02
2.788973e-02
6.233079e-05
1.701781e-02
7.659566e-02
3.187078e-01
5.360774e-02
1.052864e-01
1.124255e-02
1.901458e-02
2.191600e-02
4.124547e-02
9.355206e-03
7.207293e-04
2.478396e-02
2.908943e-02
2.085659e-02
5.326745e-02
1.453572e-03
6.777127e-02
1.259898e-01
4.785221e-01
5.698050e-03
2.423838e-02
3.100759e-01
2.152331e-03
2.065968e-02
5.198054e-02
1.704538e-01
3.038033e-03
1.037846e-03
1.631139e-04
5.589359e-02
1.089958e-02
5.716685e-02
1.156873e-03
2.198628e-05
1.292830e-01
1.193257e-01
2.491921e-02
2.488054e-02
1.774615e-02
1.747620e-01
2.909633e-03
6.354727e-04
2.829343e-02
6.163655e-02
5.742739e-03
6.702395e-02
8.538071e-03
4.865042e-02
1.052887e-02
2.220900e-01
6.658102e-02
2.273960e-01
3.821087e-02
1.393011e-01
9.269245e-03
9.934927e-05
1.724803e-02
5.495075e-03
2.681955e-01
8.966688e-02
2.240966e-03
8.404835e-02
1.488071e-02
1.435419e-01
6.671408e-02
2.619812e-03
2.210347e-01
1.109838e-02
1.956275e-02
1.974665e-02
4.347299e-02
5.577860e-03
2.525667e-03
7.267807e-03
8.524241e-02
2.234150e-03
1.606460e-02
1.143363e-02
3.059106e-03
1.359854e-04
2.631354e-02
6.593743e-02
9.844914e-02
6.960281e-02
4.492643e-03
5.219156e-03
8.968309e-02
6.857752e-03
9.150203e-04
1.028466e-02
6.101069e-02
6.546743e-02
2.913968e-02
1.420305e-01
6.548250e-02
8.097794e-02
9.202275e-03
8.694559e-04
3.214556e-03
2.692425e-01
1.712621e-01
6.115713e-02
2.137954e-02
1.150331e-02
2.492033e-02
