9.684162e-02
1.965359e-04
6.752412e-02
8.697824e-03
7.522789e-02
1.413062e-01
1.516064e-01
3.891731e-03
4.584951e-01
5.857671e-03
7.580326e-02
1.646194e-04
8.928617e-03
1.543443e-04
4.772763e-02
5.820828e-02
1.411315e-02
8.179448e-03
2.541648e-01
9.265991e-03
1.821288e-03
2.137202e-01
6.983546e-02
5.907400e-02
4.899198e-02
6.802878e-03
2.658900e-02
1.466002e-02
2.673533e-03
1.921897e-02
9.651760e-04
5.650307e-02
1.615112e-06
9.373624e-02
9.714232e-04
4.094235e-02
9.663451e-02
5.744544e-02
3.547268e-02
9.680944e-04
3.809900e-03
3.866429e-04
1.333870e-02
5.501998e-03
3.612946e-02
3.713969e-01
1.758977e-03
3.844606e-02
2.529139e-02
1.160878e-04
9.565193e-02
1.976783e-01
5.888936e-02
9.051323e-02
3.668332e-04
1.747511e-02
7.881690e-02
1.829203e-02
3.981314e-02
1.614248e-01
2.438379e-04
8.139026e-03
9.642751e-04
1.520308e-01
2.188665e-04
4.087642e-04
2.348711e-03
1.679699e-01
1.769941e-02
1.012757e-02
3.176518e-02
9.775683e-02
9.767859e-02
3.708255e-02
2.157150e-01
7.303624e-02
7.819666e-02
8.313043e-04
2.542781e-03
2.091545e-02
6.044756e-02
8.775176e-02
2.825987e-02
5.059265e-03
9.235714e-03
3.848555e-04
2.626212e-01
1.147491e-02
3.915643e-03
3.115813e-01
2.734473e-01
8.272307e-04
2.925378e-03
1.866304e-03
6.769368e-02
1.016045e-02
2.210934e-02
7.080431e-02
4.919010e-03
1.509668e-02
8.674146e-05
4.881036e-05
5.022743e-03
4.607410e-02
8.233008e-02
5.767598e-02
6.928053e-03
3.874167e-02
5.334516e-04
8.159733e-02
2.319641e-01
1.970044e-04
6.101400e-03
2.000831e-01
3.322173e-02
1.342271e-01
2.694994e-02
1.618218e-03
5.946086e-03
1.582834e-01
3.364476e-01
4.769763e-02
8.389628e-02
4.175716e-04
2.251060e-05
6.883088e-02
8.066692e-03
3.952402e-03
7.628396e-05
1.956764e-04
1.324855e-01
1.647406e-02
3.121018e-03
1.351891e-04
2.391487e-02
4.461463e-02
1.944232e-01
8.168455e-03
5.717016e-02
1.704622e-02
4.743784e-03
5.835285e-02
5.649017e-03
1.454741e-02
7.222885e-06
8.386481e-03
5.306423e-03
7.754014e-05
1.083291e-02
1.821139e-01
3.741137e-02
6.683466e-05
2.187876e-03
1.244117e-02
5.289707e-02
8.910736e-03
1.608615e-03
9.508526e-02
1.088605e-02
5.587094e-02
1.187695e-02
6.119045e-02
3.000669e-02
3.512187e-02
1.145887e-01
2.705704e-06
7.478861e-02
2.535797e-02
2.013526e-02
6.159604e-03
7.532079e-02
9.102287e-02
3.775728e-02
7.543057e-02
2.782577e-01
1.126017e-02
1.716241e-03
5.951931e-04
6.457421e-03
3.371711e-02
5.953847e-02
5.671616e-02
9.680837e-03
6.394059e-03
4.187831e-04
2.185430e-03
1.806640e-02
2.623236e-03
5.424779e-03
1.028752e-01
1.022541e-01
1.038207e-01
1.316584e-02
1.083928e-02
8.138367e-03
1.010088e-02
3.414717e-02
3.340707e-03
2.582342e-03
2.004888e-02
4.909479e-02
5.630308e-02
8.998360e-04
6.251555e-05
3.835992e-02
1.495947e-01
7.229423e-03
7.801393e-02
5.442792e-03
2.851161e-01
2.219150e-02
1.280099e-02
7.188863e-03
1.873505e-02
9.090023e-03
7.359036e-02
9.134209e-05
1.083378e-01
2.671398e-02
2.521475e-01
9.179772e-02
6.717544e-02
6.633011e-02
5.096251e-03
6.058952e-03
3.046860e-01
3.929518e-02
4.136229e-02
2.003400e-02
2.120100e-03
1.356893e-06
2.447310e-04
2.746999e-02
1.561601e-02
3.458461e-06
1.344301e-01
9.201537e-03
1.571427e-01
6.807977e-03
3.177619e-02
5.096314e-02
8.436155e-04
1.774890e-02
1.719048e-02
3.141193e-02
1.092442e-03
2.273094e-02
4.569583e-03
1.252578e-02
5.347947e-03
8.003682e-03
1.383276e-01
9.423810e-03
1.006272e-02
4.518910e-03
3.489616e-02
1.216005e-01
9.958761e-03
2.242671e-02
4.499840e-03
1.326059e-02
3.016893e-02
2.180847e-04
1.889717e-01
3.433592e-02
5.306279e-05
2.760816e-03
1.076550e-02
3.094517e-02
2.612532e-02
9.550106e-03
1.766065e-02
2.912841e-02
1.598073e-02
1.318075e-01
2.037308e-01
6.350660e-02
4.131501e-03
2.930225e-03
7.381800e-03
1.031324e-01
9.141199e-02
7.955052e-02
2.805977e-02
1.478399e-01
1.637747e-03
1.760600e-01
4.852639e-02
4.646857e-03
1.168482e-01
3.218669e-05
3.185408e-02
7.568634e-02
2.518728e-02
6.968100e-02
1.755239e-02
8.000831e-02
1.896705e-01
2.341842e-01
4.038416e-02
1.673876e-03
7.585695e-02
3.657134e-02
3.705007e-02
6.244857e-03
5.742310e-02
1.514878e-02
1.655211e-01
8.369443e-03
3.672150e-02
7.619926e-02
1.202571e-01
1.311828e-01
8.418694e-03
5.517250e-02
6.531315e-03
7.342828e-02
2.364797e-01
3.233255e-02
5.422500e-05
7.120325e-03
1.812800e-03
6.018650e-02
2.954343e-02
1.520659e-02
3.620858e-02
1.346287e-02
2.613931e-02
9.925936e-02
2.623764e-02
8.680712e-03
2.110776e-04
3.798053e-01
2.495551e-02
3.758477e-02
1.551663e-02
3.379883e-02
2.226984e-01
5.082859e-04
8.526289e-02
4.702810e-02
5.281838e-02
6.807189e-04
1.055701e-01
4.536880e-04
5.867545e-02
1.267808e-02
1.180935e-03
2.401774e-02
1.791385e-01
5.058434e-03
1.223240e-01
4.881752e-02
9.033520e-02
8.762021e-02
1.728980e-03
2.049840e-02
2.532027e-03
2.219379e-02
3.526162e-04
8.314293e-02
2.186702e-03
3.144522e-02
1.910129e-05
6.435848e-02
2.187840e-03
4.542897e-02
1.156175e-01
1.415843e-02
1.015149e-02
1.653531e-03
4.884281e-03
2.513629e-01
9.724823e-03
2.704193e-03
6.661524e-02
1.002248e-02
8.577994e-03
4.855631e-02
3.229505e-01
4.031990e-02
6.241061e-04
2.091462e-02
1.647951e-02
1.347907e-04
2.835799e-02
7.767423e-03
1.229686e-02
1.383303e-02
1.025035e-03
2.965643e-02
3.872463e-03
1.554700e-03
1.638425e-01
4.692823e-04
4.572020e-02
7.069100e-03
2.006080e-01
1.084785e-03
2.619414e-02
7.974541e-02
5.671659e-02
4.010617e-04
9.079490e-02
9.855980e-03
2.076111e-02
4.817549e-02
2.070457e-02
4.849923e-03
4.614322e-03
9.098663e-03
5.953896e-02
5.299901e-02
2.735362e-01
1.280983e-01
4.127700e-02
2.853931e-05
1.710490e-02
9.383115e-03
1.080939e-02
2.422258e-02
9.865579e-02
2.217179e-02
1.244369e-02
2.621793e-03
4.504902e-02
1.461986e-04
4.426573e-02
2.456389e-01
3.300587e-03
4.809724e-02
3.290137e-01
8.222195e-02
5.227995e-02
1.357697e-03
1.497019e-01
7.197130e-03
1.804312e-01
1.337526e-02
1.061430e-04
2.510443e-03
2.603093e-03
1.185596e-03
1.504087e-03
5.910553e-02
1.262610e-02
2.837488e-03
3.648947e-04
2.433840e-05
6.577987e-02
2.914771e-02
8.486595e-02
1.635406e-02
4.295299e-02
2.075102e-02
1.706231e-01
9.451026e-03
5.427125e-02
4.190260e-02
1.494737e-02
2.076136e-01
1.187709e-02
1.905464e-01
2.681357e-03
4.220607e-02
6.890252e-03
1.094546e-01
2.241399e-01
4.821581e-01
1.044212e-01
3.576864e-02
8.553922e-03
8.785124e-03
2.121068e-05
7.578544e-02
1.360277e-02
1.403474e-01
1.369524e-03
1.344802e-01
3.860533e-03
6.312629e-05
7.788434e-02
8.653678e-02
6.402040e-03
3.691043e-02
9.905499e-02
3.700953e-06
1.143015e-03
1.223789e-02
1.679478e-02
1.539939e-01
8.910347e-02
3.987459e-02
4.025302e-03
3.163428e-01
1.124027e-01
8.183966e-02
1.486072e-01
3.164671e-02
7.386722e-02
2.017300e-02
8.245752e-02
9.463270e-02
4.402909e-03
1.211183e-02
2.455797e-02
2.108997e-02
1.973562e+00
1.511800e-01
5.481232e-04
4.147818e-01
1.025850e-03
1.328070e-05
9.119651e-02
1.225982e-02
2.861101e-02
1.918629e-05
6.680172e-03
7.150894e-05
3.612849e-02
7.914186e-04
1.689027e-02
1.573841e-01
4.425002e-02
1.034696e-02
4.627725e-02
4.950484e-02
6.249148e-02
5.800046e-02
1.114969e-02
2.464258e-02
1.465566e-03
7.631070e-02
5.252976e-02
1.252659e-03
3.770502e-02
2.955812e-02
2.018877e-01
7.646198e-02
8.415658e-06
4.491841e-01
9.331326e-02
1.591196e-06
1.250333e-01
1.782219e-02
8.847203e-02
1.334322e-02
7.780595e-02
6.734109e-03
5.657322e-02
7.956667e-04
4.322138e-02
9.104702e-02
4.852845e-01
8.436894e-03
6.060169e-02
1.467957e-02
2.066132e-02
5.303226e-05
4.619283e-02
6.200666e-03
2.563640e-03
1.420853e-01
1.062533e-01
1.110994e-02
1.951386e-02
7.069218e-02
5.193329e-04
4.594511e-04
3.481308e-02
3.109244e-02
7.065935e-02
4.636463e-02
8.282530e-02
3.526596e-04
5.226751e-02
3.575504e-02
3.225996e-02
1.232007e-02
3.335554e-02
7.762066e-03
8.342066e-02
1.530192e-01
2.396851e-03
1.512614e-01
8.938665e-04
5.749039e-02
1.318472e-01
2.284345e-01
4.783354e-02
3.182275e-01
2.180703e-04
2.118961e-02
4.509581e-03
