3.085311e-01
3.120980e-02
2.469913e-02
5.090074e-02
8.247649e-03
2.518382e-03
2.043304e-01
2.662673e-03
1.301730e-01
1.409530e-01
3.470043e-02
4.365712e-02
6.412079e-02
1.810450e-01
1.226141e-01
2.322378e-05
4.988893e-02
1.182539e-01
9.248805e-02
1.575974e-02
1.351526e-01
3.768975e-02
5.370711e-03
2.468029e-03
2.465433e-02
1.108912e-01
2.871419e-01
1.160668e-01
4.733127e-03
1.491279e-02
9.318027e-02
1.453248e-01
3.424022e-03
1.827635e-02
1.425634e-01
2.447973e-02
1.118383e-02
1.012549e-02
3.691109e-03
1.369246e-02
4.257752e-02
2.038365e-01
1.594031e-02
8.151161e-02
3.499117e-02
5.257669e-03
1.375652e-03
4.600561e-03
2.020528e-02
9.502571e-02
8.288697e-02
1.631035e-01
4.159673e-03
8.009512e-02
4.179698e-03
3.836808e-02
1.374243e-02
1.153896e-02
3.210639e-02
2.882150e-02
3.331529e-02
2.160798e-01
1.132642e-01
1.366128e-02
4.829081e-03
6.167039e-02
2.269531e-01
2.602077e-02
6.769277e-03
1.200954e-02
1.974873e-02
5.784853e-02
1.726144e-03
6.127915e-04
2.026422e-01
5.859801e-04
1.670779e-02
5.563434e-02
2.520024e-03
2.079262e-02
1.434219e-02
2.104587e-02
7.945816e-03
6.539178e-03
3.132010e-01
4.346632e-03
6.090900e-04
5.702844e-04
3.861253e-02
3.572829e-02
2.311324e-01
1.590218e-01
8.735230e-02
2.238853e-02
3.961884e-03
6.771694e-03
1.379700e-02
4.657362e-02
2.603795e-02
1.186446e-01
2.392007e-02
2.881237e-01
6.833441e-02
1.856132e-03
3.172146e-02
6.638639e-02
4.933762e-02
2.525609e-02
1.280174e-02
6.493973e-02
2.779883e-04
1.403116e-01
3.315950e-02
1.118519e-01
3.483540e-02
2.130086e-03
8.698361e-03
3.250453e-02
1.031889e-03
8.762028e-03
1.891570e-02
8.377556e-02
4.707210e-05
7.151239e-02
4.674298e-03
2.841558e-02
2.126268e-03
1.251695e-01
1.491265e-02
2.670194e-02
1.343494e-01
2.985109e-02
4.452960e-02
4.855036e-04
2.954470e-02
3.163117e-04
6.385376e-03
8.342809e-04
2.118880e-02
2.790280e-01
1.554120e-02
1.767690e-03
9.438748e-04
3.876996e-02
9.671074e-02
7.648079e-03
8.095782e-03
7.555497e-02
7.187148e-02
4.710789e-02
4.336218e-02
7.564714e-02
1.210442e-01
3.689313e-02
5.845036e-02
1.146583e-02
3.771445e-02
1.363155e-02
6.136100e-02
1.679053e-01
4.605509e-03
1.893836e-02
9.166608e-02
1.027085e-03
3.316030e-05
8.315334e-04
1.571583e-02
3.639790e-03
1.222080e-01
2.976062e-05
1.895215e-02
6.831214e-04
5.578971e-02
9.189603e-02
4.833723e-03
1.196410e-03
2.975959e-05
9.449543e-02
3.808310e-04
1.254566e-01
4.255627e-02
2.010200e-02
2.951555e-03
1.632311e-08
6.817501e-04
7.108502e-03
4.415857e-03
3.077105e-03
1.008604e-02
6.124672e-02
6.260953e-02
6.676936e-03
7.226429e-02
4.762814e-02
2.172745e-01
8.776172e-03
7.960158e-02
9.485096e-03
2.282910e-02
7.221888e-03
1.195611e-02
2.358420e-02
8.221450e-02
1.586237e-02
1.649255e-04
1.495944e-01
2.803846e-02
5.596904e-02
3.200567e-02
1.160552e-03
9.251241e-02
1.827081e-04
6.903093e-05
1.221859e-03
8.493449e-03
3.881196e-03
5.245293e-02
4.822377e-02
1.194119e-03
2.623767e-03
1.996889e-01
2.500351e-04
5.757246e-02
1.171110e-02
1.850520e-02
9.228413e-03
5.106415e-03
5.140062e-02
1.438522e-02
1.283363e-02
5.980316e-03
4.013247e-03
2.301323e-04
4.032489e-05
2.441437e-04
8.610208e-02
1.486462e-04
2.491565e-02
4.833049e-03
3.659760e-02
8.773835e-02
8.923390e-03
9.793453e-02
1.045601e-03
2.227158e-03
2.892999e-02
1.555944e-01
7.250278e-02
1.494748e-02
4.208955e-03
2.300817e-01
1.706407e-01
3.053790e-02
6.576462e-02
1.306994e-03
1.291642e-03
7.855121e-02
1.087528e-02
9.580049e-02
2.114453e-01
3.432260e-02
8.985697e-03
8.379761e-03
7.317997e-04
1.522841e-02
1.127104e-01
2.888504e-02
9.398442e-02
7.904634e-03
1.339284e-02
1.486024e-01
1.933894e-01
4.399311e-02
1.132734e-01
8.930671e-03
7.728161e-02
9.223736e-03
3.690469e-02
2.884154e-03
2.498931e-05
3.465482e-03
3.342117e-02
3.856144e-05
1.519791e-04
1.356166e-02
2.508115e-02
1.517401e-04
1.097385e-01
1.591228e-01
2.381962e-02
6.702176e-02
5.399458e-02
1.175524e-01
5.146025e-03
1.435158e-02
3.804063e-03
7.707294e-02
2.279701e-03
4.360428e-05
3.859054e-03
1.029545e-01
1.914601e-06
6.976304e-05
5.676384e-02
3.411232e-03
1.779531e-02
4.086511e-02
2.331668e-02
1.523540e-01
3.203380e-03
1.888141e-02
8.912910e-02
2.006072e-02
1.307611e-03
1.070248e-02
9.658649e-04
2.813793e-04
4.354742e-03
2.791247e-03
2.108576e-02
3.336486e-02
8.900264e-03
8.358140e-05
1.945185e-01
7.786282e-02
8.451843e-05
8.323866e-03
1.094218e-01
4.350068e-03
4.141812e-04
8.768570e-02
1.817720e-04
1.961838e-02
1.195839e-01
2.591095e-02
6.415946e-03
1.033246e-05
5.008698e-02
5.651906e-02
1.804829e-04
5.632450e-04
1.468138e-03
2.355907e-01
7.014547e-02
1.471398e-03
2.634888e-03
3.640394e-02
7.112264e-02
3.383439e-02
1.170007e-01
2.331497e-01
6.447748e-03
1.222044e-02
1.148079e-02
5.418878e-03
7.457223e-02
1.674293e-02
1.875731e-03
7.599230e-03
2.618073e-02
7.727508e-03
8.723618e-02
8.290483e-03
1.645158e-02
7.577725e-02
5.379256e-02
9.877166e-02
5.241541e-02
5.096344e-02
4.438252e-05
4.120309e-04
4.898803e-02
6.676953e-03
1.475024e-02
1.396268e-02
1.004005e-02
7.063391e-02
6.070215e-03
2.016552e-03
3.022579e-03
1.918565e-01
5.898710e-04
9.633437e-02
9.489417e-02
2.076090e-01
3.658581e-03
5.418581e-02
1.155022e-02
9.048275e-02
7.954078e-02
4.668650e-02
1.138240e-02
6.216858e-03
9.464391e-02
9.474558e-03
2.155939e-03
1.724654e-01
3.879342e-02
1.116252e-02
1.148913e-01
1.069700e-02
4.242146e-02
5.293143e-03
5.471853e-04
1.179705e-02
1.503156e-02
4.902823e-02
2.986015e-02
1.156390e-01
3.428570e-02
9.688471e-03
4.579824e-02
1.669008e-05
4.170327e-04
5.256890e-03
2.952281e-02
2.314332e-01
5.864865e-03
2.464797e-01
1.236226e-02
6.562822e-02
1.728319e-01
5.989086e-02
1.298055e-03
1.455491e-01
6.286108e-03
3.296309e-04
1.371966e-01
2.330089e-02
2.946400e-02
4.375588e-02
2.314596e-01
1.531380e-01
1.227975e-02
1.254174e-03
2.308920e-02
2.663604e-02
6.478109e-02
6.652868e-02
1.485227e-01
1.562442e-02
6.419893e-02
4.050013e-02
7.073372e-02
1.143198e-01
2.579889e-02
2.370147e-03
8.771797e-03
2.223479e-01
4.993699e-03
1.739839e-02
6.996120e-03
9.029925e-03
9.209924e-02
3.453819e-02
3.222695e-03
1.556862e-03
5.005677e-03
2.575696e-04
5.526730e-02
1.856889e-01
9.836577e-03
1.871461e-03
8.142680e-02
1.186712e-01
1.158067e-02
6.457836e-02
1.829468e-02
2.451597e-01
3.416562e-03
2.473429e-02
1.814993e-01
6.098859e-02
3.720266e-03
8.555938e-02
1.065989e-03
2.206427e-02
1.858139e-01
6.962621e-02
2.143115e-01
3.352999e-01
1.113672e-01
1.600423e-01
2.869213e-02
5.578901e-02
1.231003e-02
3.472916e-02
2.488707e-02
5.893007e-03
2.521255e-03
6.575782e-03
6.252566e-02
1.019303e-01
6.541161e-02
1.372305e-03
3.011667e-02
2.600801e-02
1.019528e-02
3.596761e-03
5.789385e-02
7.984437e-02
1.916062e-02
7.178025e-02
1.993146e-02
8.385375e-02
3.055344e-01
3.344154e-02
1.816090e-02
1.115670e-03
3.754095e-03
5.669664e-01
2.915537e-02
9.161206e-03
5.078970e-02
1.322874e-03
8.035726e-02
1.515250e-03
1.316985e-03
6.599674e-03
1.574383e-01
7.492854e-02
1.079466e-03
1.300626e-01
1.825988e-02
3.931644e-02
7.409439e-02
8.877607e-02
2.157940e-04
1.009808e-02
3.396021e-03
7.558444e-02
4.244072e-02
1.035721e-02
3.855284e-03
1.698454e-01
1.948468e-06
6.868043e-03
6.174876e-03
2.446594e-01
1.574218e-01
5.192340e-02
3.269054e-01
5.536491e-03
4.135249e-03
5.764496e-02
2.195985e-03
9.839965e-02
2.332134e-02
1.142470e-01
4.036801e-02
5.418300e-02
5.006247e-03
9.083374e-03
4.443154e-02
4.377399e-02
1.302458e-02
9.085623e-03
2.863964e-02
1.324301e-02
5.110682e-02
1.449203e-01
1.052769e-01
2.111478e-02
2.973114e-01
6.243813e-02
3.168084e-03
2.739751e-02
1.747128e-04
8.624575e-04
1.379385e-03
8.872756e-02
9.542335e-02
2.340903e-03
8.180035e-04
5.295441e-04
2.121150e-02
1.347230e-01
1.930512e-02
4.052322e-01
3.276017e-02
2.618340e-03
9.322853e-03
1.535550e-03
1.850603e-03
1.569151e-02
6.218227e-02
1.438694e-02
2.281539e-05
2.204422e-02
1.390759e-03
4.470650e-03
3.733832e-03
2.715210e-02
5.078561e-03
