4.848893e-03
3.998417e-02
6.702527e-02
1.018603e-01
8.659333e-05
5.051400e-02
7.307938e-02
7.893461e-03
3.926575e-03
1.128334e-01
7.410226e-03
4.358923e-02
2.183970e-02
1.054363e-01
2.847074e-01
4.937919e-03
7.579116e-03
1.685593e-05
3.390701e-02
1.760890e-03
1.596397e-01
6.640315e-03
7.897331e-02
1.842684e-02
1.780858e-01
3.771164e-05
2.322347e-02
6.241757e-02
1.021377e-01
1.213908e-02
1.537261e-01
9.299638e-03
9.755227e-02
2.319461e-03
4.650818e-02
4.706184e-03
9.188352e-02
2.800464e-02
4.526084e-03
1.375646e-01
5.155137e-02
2.225852e-01
7.475046e-03
3.177972e-02
3.474287e-06
5.484218e-02
1.593699e-01
2.698605e-01
2.174086e-02
3.059395e-02
9.285383e-02
2.629771e-02
2.854027e-04
2.916213e-02
2.298630e-03
8.640369e-03
4.616247e-02
8.753773e-02
2.618014e-03
8.360604e-03
3.608851e-01
3.458281e-02
9.244684e-02
3.464634e-03
4.445775e-02
1.984858e-02
2.568092e-02
6.797613e-04
3.276761e-02
8.569967e-04
8.136071e-02
7.371989e-05
1.309586e-01
9.889786e-02
2.165774e-03
4.783167e-03
6.858080e-03
9.761315e-02
1.009104e-01
1.057216e-03
3.360415e-02
7.361691e-02
5.301580e-04
3.993053e-02
1.264010e-01
3.927153e-01
1.245632e-01
2.821172e-02
2.756405e-04
9.571971e-04
2.348447e-03
9.769215e-02
1.299086e-04
1.603311e-01
3.569107e-03
3.302709e-03
9.362363e-03
9.067343e-02
3.705015e-02
6.198483e-03
4.025226e-02
1.708934e-02
6.035280e-02
3.499072e-03
2.748064e-03
3.780723e-02
1.183354e-02
6.355492e-02
4.070782e-04
1.271886e-03
1.620240e-02
4.370839e-01
2.431308e-02
3.914662e-01
1.207029e-01
3.863492e-02
1.015551e-04
4.060621e-02
1.304660e-03
6.760727e-02
1.216537e-02
6.106196e-02
3.186869e-02
1.584422e-02
3.646619e-02
1.544943e-01
3.476763e-01
8.723374e-02
1.103126e-01
2.499992e-03
1.611097e-02
5.169087e-04
3.278222e-02
1.059212e-01
6.968459e-03
1.139802e-02
5.180748e-04
1.263628e-01
8.643815e-03
5.961705e-03
4.472446e-01
5.131392e-02
3.869842e-04
8.174841e-02
6.308180e-03
2.192871e-04
2.713088e-02
6.108089e-03
2.637820e-02
9.706620e-02
1.356303e-01
1.101691e-01
1.192387e-02
1.383862e-02
1.929101e-02
1.515660e-02
1.513556e-05
4.346248e-02
9.334137e-03
2.572567e-01
1.201029e-02
2.311868e-02
3.742573e-02
3.816936e-02
7.924495e-03
9.892482e-03
1.342071e-03
3.500421e-01
2.692119e-02
6.971335e-04
1.339527e-02
2.235705e-02
1.587254e-02
9.007470e-03
1.322946e-01
1.045665e-01
1.640039e-03
6.312089e-02
4.438119e-02
4.484920e-02
1.268981e-02
1.862328e-04
4.375450e-03
2.150195e-02
1.037045e-02
1.721455e-02
2.316200e-02
1.611763e-03
4.258875e-02
2.004635e-01
1.864354e-02
1.583764e-04
9.250165e-03
1.493852e-01
6.431658e-03
4.937763e-02
2.573125e-04
2.497531e-01
1.077208e-01
6.123910e-02
6.708925e-03
5.547165e-03
1.203203e-01
5.092899e-03
2.353895e-02
4.393089e-02
1.479745e-02
5.335560e-03
5.863434e-02
4.561701e-03
5.912799e-02
1.340971e-01
5.102476e-06
3.021538e-01
6.251370e-05
1.241795e-02
1.150563e-01
1.521793e-03
2.049036e-02
4.767314e-02
6.258503e-04
2.873218e-01
5.134060e-03
3.416903e-02
1.238955e-03
9.343000e-02
1.286048e-02
1.588891e-01
9.111078e-03
6.034992e-04
7.752541e-03
9.920429e-03
1.397168e-01
7.705861e-02
9.708589e-04
5.534625e-02
1.411273e-02
1.176803e-02
1.778186e-03
5.994695e-03
2.072095e-01
1.189524e-03
4.592208e-02
3.459693e-02
2.134181e-01
6.860818e-02
9.180727e-03
4.544538e-03
2.165976e-02
1.099655e-01
5.097408e-03
3.035384e-04
2.322329e-02
7.049112e-02
3.863917e-04
1.982882e-02
3.441611e-02
6.249267e-04
2.612370e-02
2.117269e-03
2.958705e-02
9.135544e-03
1.882634e-03
9.860869e-05
1.098957e-02
4.946039e-02
5.737312e-02
7.928699e-03
1.281761e-03
2.691023e-05
1.750265e-01
1.180575e-02
4.530035e-02
1.934470e-01
5.782625e-03
2.921943e-01
8.225690e-03
1.838113e-01
8.555019e-02
2.935533e-02
9.216736e-05
1.039281e-01
3.436299e-03
2.420652e-02
1.739305e-02
8.045180e-03
1.017879e-03
8.761190e-03
1.703861e-02
8.421938e-02
8.465878e-06
5.237063e-02
1.946239e-01
2.253752e-02
6.078239e-03
1.075604e-03
3.694920e-03
1.450971e-01
3.352645e-02
6.623259e-04
6.482935e-04
7.814701e-03
4.492541e-03
3.705656e-04
6.949033e-02
7.429309e-02
3.602407e-02
5.938780e-02
4.658465e-02
6.100718e-03
7.310945e-02
5.332912e-02
3.395516e-02
1.702637e-02
6.303521e-02
1.782759e-01
3.502360e-03
2.747622e-04
4.088912e-05
3.254722e-03
1.514584e-02
1.071120e-03
1.052487e-02
2.345542e-02
8.290289e-02
1.009260e-02
4.526039e-03
5.191562e-02
6.989360e-03
3.947440e-03
9.210651e-03
4.619761e-03
3.527293e-02
8.586802e-04
1.543008e-01
2.238408e-02
4.507377e-02
7.360832e-02
6.938108e-02
4.043118e-04
3.106389e-03
1.785490e-02
1.793194e-01
3.723168e-02
5.451897e-02
1.564287e-01
9.398467e-03
3.715550e-03
1.065643e-01
6.526484e-04
8.593366e-03
1.779602e-02
1.793672e-02
3.998431e-02
8.059460e-02
8.627304e-02
1.087566e-02
1.866937e-08
8.033144e-03
4.195236e-02
4.010145e-02
8.048796e-03
2.525414e-02
1.012039e-01
1.036831e-02
6.727955e-02
4.585305e-03
2.292773e-02
1.687669e-01
3.214800e-03
1.590242e-03
1.471701e-02
1.767766e-03
4.503741e-03
1.863861e-02
2.022937e-02
9.397264e-03
2.356157e-02
5.342076e-02
6.090676e-05
2.315902e-02
7.779339e-02
9.238963e-02
3.430759e-02
1.182722e-01
1.449049e-04
4.122404e-01
6.333916e-03
5.240823e-02
3.319921e-02
4.704663e-03
7.773547e-03
2.159053e-02
5.338924e-04
6.217799e-02
3.057049e-03
9.405832e-03
4.431610e-02
3.443212e-03
4.128169e-03
2.097353e-02
4.142821e-02
1.997928e-01
3.783967e-02
4.477252e-05
1.234399e-02
1.094110e-01
4.206998e-03
4.318989e-03
2.140434e-01
4.019411e-02
1.087135e-01
9.423695e-02
2.882240e-02
1.611388e-02
3.428264e-03
1.994236e-02
4.072803e-01
3.772660e-02
8.564341e-03
8.087150e-02
7.094381e-03
8.179011e-02
4.009821e-03
2.678424e-03
1.527686e-03
6.057811e-02
8.389769e-02
9.916668e-02
1.896476e-02
1.463630e-04
2.237638e-01
1.577134e-01
5.010275e-03
3.482393e-01
3.383105e-02
1.746197e-01
1.997810e-02
5.160139e-04
6.078195e-02
1.166751e-01
3.127291e-02
1.219761e-01
8.580738e-02
4.981730e-02
3.972390e-02
1.262010e-03
1.734299e-02
3.850352e-02
1.593886e-06
4.092679e-02
2.420121e-03
1.909644e-03
5.844709e-03
2.444670e-01
1.954736e-04
7.483619e-03
3.832985e-02
1.340582e-04
1.472104e-03
1.305972e-02
5.651595e-02
1.608950e-02
2.939754e-01
1.510415e-03
8.930745e-02
3.889024e-02
1.925769e-01
4.793040e-01
9.177871e-03
1.205401e-04
4.546044e-05
2.738256e-03
1.195543e-01
3.985881e-03
5.344043e-02
4.752269e-04
5.680123e-02
5.346352e-03
5.496409e-04
1.198069e-02
6.439909e-03
2.298540e-01
1.935966e-02
2.272469e-03
3.420123e-03
2.801491e-03
8.403456e-04
9.352273e-02
1.897671e-02
3.687787e-02
3.518185e-02
2.739812e-02
3.169808e-03
1.991236e-03
2.128276e-02
6.232360e-03
3.294478e-03
9.964110e-03
9.560505e-02
2.932609e-02
2.895783e-03
7.680573e-03
1.985806e-04
2.619830e-03
5.172663e-02
6.570328e-06
1.203051e+00
3.588787e-02
8.107127e-06
5.403670e-02
1.521866e-03
8.385166e-02
2.115317e-02
9.282118e-06
6.485379e-03
5.012925e-02
9.572944e-03
8.095961e-02
1.177308e-01
1.966754e-02
2.148461e-01
5.936926e-02
9.290814e-03
6.821590e-02
5.252791e-02
2.643201e-02
4.948462e-02
1.092580e-01
1.781462e-03
3.957499e-02
7.789349e-02
9.402016e-03
7.911628e-03
3.117112e-01
1.440498e-02
3.577585e-01
8.143291e-02
3.425259e-03
2.899763e-04
6.400653e-02
3.769220e-02
2.622171e-02
2.745780e-02
7.059196e-02
2.361341e-03
8.273826e-04
3.817310e-02
4.557727e-01
7.397621e-02
8.352097e-03
2.323440e-01
8.444778e-02
2.474175e-03
1.286371e-01
7.767976e-06
5.945786e-03
2.253328e-01
1.134699e-02
1.434359e-01
3.705311e-02
7.751592e-02
6.501259e-02
8.316083e-04
2.535360e-02
5.466594e-04
5.324790e-02
7.638203e-02
2.486631e-03
1.777426e-02
6.210210e-03
3.428010e-02
7.687355e-02
1.174276e-01
2.132324e-01
1.006619e-01
7.707571e-02
2.393359e-02
6.490520e-02
1.772510e-03
2.805398e-02
2.433788e-04
2.293974e-01
1.038412e-03
1.834709e-01
1.526533e-02
8.375343e-02
8.112210e-03
5.354772e-02
4.697799e-03
4.594646e-02
2.910256e-02
5.526979e-02
7.605953e-03
