2.059743e-03
1.192477e-02
4.432824e-02
3.341463e-03
1.865204e-01
4.134162e-02
2.300703e-03
1.347149e-01
2.199062e-02
4.539460e-02
1.113499e-02
6.854811e-03
1.195322e-01
7.294351e-03
2.779458e-02
4.090896e-02
4.648586e-03
1.333820e-02
6.058247e-02
3.296969e-03
3.758548e-01
1.510768e-03
7.197898e-02
2.642840e-03
1.895909e-03
1.069438e-01
1.329522e-01
6.636433e-03
1.773758e-02
5.708517e-02
1.373222e-02
2.356043e-03
2.054181e-02
1.873689e-02
9.500259e-03
7.558649e-02
2.181789e-02
5.059615e-04
1.537988e-01
7.993682e-02
7.811234e-02
7.143205e-02
1.305805e-01
1.440734e-02
3.732543e-02
1.351502e-01
5.990131e-03
1.169286e-03
2.829927e-01
1.876706e-02
6.052526e-02
3.443616e-02
2.065858e-02
1.240211e-02
2.729093e-02
2.016857e-02
6.175006e-02
3.710997e-02
3.196009e-02
1.567039e-03
1.304729e-01
1.931242e-02
1.846538e-01
2.253540e-03
1.368592e-01
2.244086e-02
4.522915e-01
6.896898e-03
6.382406e-03
4.019524e-03
1.224615e-01
1.828640e-01
5.019033e-01
6.087420e-05
1.810639e-01
9.602392e-03
2.857098e-03
4.400285e-08
2.311857e-02
4.954924e-02
1.470841e-03
2.534541e-03
1.483956e-02
3.534495e-02
5.470834e-02
4.478145e-03
8.135386e-03
1.014060e-02
4.918738e-03
1.837169e-01
2.589200e-03
9.411432e-05
3.959114e-04
6.172014e-02
2.397286e-03
4.849228e-02
4.947540e-02
7.642416e-02
1.261417e-03
5.099311e-02
2.106966e-02
2.078259e-03
5.694531e-01
2.756120e-03
9.918552e-02
1.381798e-05
4.783542e-04
3.984616e-02
2.128924e-01
1.316786e-01
2.497469e-02
2.064767e-01
1.708353e-02
1.908859e-01
7.092448e-02
1.420487e-03
9.651789e-04
2.794357e-02
5.003900e-05
7.339322e-03
1.895920e-02
1.044056e-04
2.007877e-02
4.463493e-03
6.124228e-02
1.077076e-02
7.992739e-02
6.370388e-02
7.989994e-03
7.951038e-02
1.005196e-01
1.001615e-02
1.238312e-02
7.891016e-02
1.961272e-01
1.160076e-02
1.056983e-01
7.505289e-02
1.256015e-01
2.877780e-03
5.458955e-02
1.788699e-02
6.472853e-03
3.415173e-02
5.948542e-02
1.022548e-01
3.166989e-02
6.148303e-02
8.091455e-04
8.577822e-03
4.463303e-02
1.895672e-02
6.082503e-02
4.664876e-03
3.520954e-02
4.488107e-02
1.034052e-02
1.768102e-02
1.965326e-03
2.640814e-01
1.721847e-03
2.581120e-03
1.900939e-02
2.579958e-01
5.493981e-03
6.302917e-03
6.528197e-02
9.095564e-03
1.668984e-02
4.390819e-04
7.055398e-02
4.494542e-02
7.469622e-02
7.296648e-04
2.036199e-02
1.802858e-02
2.140114e-02
1.522967e-03
8.383732e-02
3.022306e-03
1.108633e-02
2.597328e-02
1.611767e-02
4.426714e-02
8.312305e-06
1.094181e-01
8.946516e-02
3.690767e-03
3.388714e-01
6.093673e-02
2.920079e-03
6.579470e-03
5.795281e-02
4.589979e-03
5.241002e-03
2.383350e-02
1.143901e-02
2.594347e-02
1.929534e-01
8.238464e-02
7.187392e-03
1.491533e-03
7.454264e-02
3.713793e-03
5.424837e-02
1.235445e-03
8.146475e-03
6.646812e-03
7.431823e-02
2.002430e-03
3.891370e-02
1.465915e-03
7.951106e-02
7.314964e-02
8.760472e-02
2.573241e-01
1.194163e-02
6.890879e-03
3.659168e-02
1.657909e-02
1.948692e-01
4.313952e-02
3.703595e-02
3.937316e-02
3.839511e-02
3.170707e-01
2.473336e-01
1.827873e-02
1.376766e-01
2.505611e-03
9.645116e-02
4.866159e-02
1.868555e-02
1.049947e-02
5.021276e-02
2.391883e-02
4.269925e-01
6.492796e-03
6.074025e-03
8.272534e-02
2.584869e-02
7.916714e-02
7.705884e-02
1.280491e-02
3.543589e-02
2.015733e-03
3.019796e-02
2.067076e-01
2.741965e-02
2.429917e-02
5.323138e-02
3.600193e-03
1.928670e-02
4.356913e-02
6.911652e-04
1.592277e-01
3.437169e-03
1.042297e-04
3.938071e-02
9.832877e-02
2.375902e-02
5.385696e-01
3.525109e-03
1.028078e-01
3.017170e-03
4.780106e-03
6.917509e-02
8.199087e-03
1.123826e-01
2.419840e-02
6.236578e-06
1.274682e-02
3.333528e-02
6.934106e-02
2.295513e-02
3.412853e-02
2.101518e-01
1.256999e-02
7.222521e-02
5.332904e-03
5.679683e-03
6.450372e-02
1.143520e-01
4.207870e-02
3.270010e-02
4.230278e-02
4.469319e-03
1.360054e-01
5.311345e-02
4.915223e-03
2.254293e-01
3.163829e-02
4.767010e-02
1.669379e-02
3.297434e-02
4.596875e-02
1.720638e-03
5.517019e-02
3.573141e-01
5.056861e-04
3.720767e-02
1.520462e-02
6.364566e-04
2.457627e-04
2.657888e-02
1.344660e-01
3.368200e-03
2.486777e-02
9.967121e-03
4.926188e-03
1.723374e-02
9.253450e-05
5.017624e-03
7.487524e-02
5.959378e-02
1.772758e-01
1.985522e-03
4.866621e-03
1.009616e-02
3.031672e-03
3.999852e-01
6.994036e-03
3.784497e-03
7.653556e-02
4.815847e-02
8.132423e-02
9.124010e-02
1.830420e-02
8.984405e-02
2.812558e-04
1.681375e-03
6.793877e-03
5.277462e-02
3.732837e-08
3.286152e-02
2.688259e-02
1.738428e-01
1.088243e-01
1.642947e-01
3.214610e-04
5.416577e-03
3.653532e-02
2.310868e-02
6.342045e-03
1.892315e-01
1.519099e-04
3.349565e-02
2.680867e-01
4.089543e-04
1.560540e-03
1.546670e-02
1.504350e-02
2.197279e-02
8.575910e-05
1.013860e-01
1.086862e-01
2.204492e-02
8.276216e-05
4.070071e-03
1.152384e-03
3.117544e-02
4.756774e-02
1.127988e-02
4.656475e-02
9.750863e-03
6.480554e-02
5.904637e-05
7.433600e-02
3.885300e-02
1.133622e-01
1.213391e-02
4.618418e-02
1.551319e-01
1.468167e-02
2.564907e-01
3.961542e-02
7.559660e-02
5.688314e-02
1.891095e-03
2.187733e-02
3.393974e-02
4.332503e-02
2.019280e-01
2.752512e-01
3.281296e-03
4.342221e-03
7.936970e-03
5.035178e-03
1.709545e-02
3.444097e-02
1.542053e-02
5.665375e-02
7.963022e-02
1.481993e-02
1.994558e-03
8.218652e-02
9.678839e-04
1.968964e-06
2.345552e-04
1.294801e-01
6.413524e-02
1.569187e-04
9.685980e-02
3.429652e-02
1.274296e-01
7.706540e-03
7.012648e-03
1.202242e-01
1.375289e-01
6.372631e-02
7.084582e-02
4.633027e-04
4.462798e-02
5.521604e-01
2.814198e-06
1.004274e-02
1.496501e-04
8.598822e-04
3.138502e-02
2.724224e-03
8.183498e-03
8.375503e-03
1.816128e-02
1.220617e-02
5.846224e-03
7.172208e-04
1.988687e-02
2.721405e-01
7.805917e-04
2.291738e-02
3.354865e-03
4.803974e-02
5.243417e-05
4.057480e-03
7.953823e-02
2.773031e-02
1.176869e-02
2.551861e-02
1.866067e-02
1.555035e-02
1.423661e-01
1.122495e-04
4.587622e-02
5.210480e-02
2.015304e-03
3.321168e-02
2.062116e-01
3.282576e-02
4.259922e-03
1.138642e-03
1.666239e-02
1.632594e-05
1.912152e-02
1.370731e-02
4.763776e-04
3.235617e-05
5.478129e-04
2.355850e-03
1.844806e-03
2.177483e-01
1.672064e-01
8.227448e-04
2.512701e-02
1.118241e-01
1.952479e-01
1.182256e-02
9.677352e-02
1.558268e-02
1.540868e-02
1.012272e-01
6.787351e-02
1.969548e-01
1.509625e-06
1.318528e-01
8.838307e-02
1.885939e-01
1.020403e-02
8.761713e-03
1.203369e-01
2.320566e-01
8.400036e-03
7.749973e-02
4.165995e-01
1.362196e-01
7.192240e-03
8.395546e-05
1.235945e-02
7.647109e-03
3.248051e-01
1.193357e-02
1.872610e-02
1.210047e-01
8.355311e-03
2.515066e-03
5.931703e-03
7.966723e-02
1.147423e-01
3.801690e-02
3.812332e-02
3.262144e-01
7.331223e-02
1.284483e-02
1.759040e-05
2.838753e-03
2.405666e-02
2.695453e-01
2.174245e-02
2.162130e-02
1.627763e-04
1.412774e-02
1.994823e-02
8.540357e-04
1.377856e-02
4.610725e-03
2.912746e-02
2.233682e-02
1.738909e-01
2.737512e-03
1.915654e-01
3.259490e-02
2.409867e-03
2.455321e-01
3.567843e-04
3.054063e-02
1.279928e-02
5.133112e-03
7.029304e-02
1.994189e-03
7.501061e-02
4.657838e-03
1.533192e-02
1.317850e-02
5.220544e-02
3.473153e-03
1.713826e-02
1.193033e-01
3.943100e-01
6.149185e-02
7.336555e-02
6.096442e-02
2.370142e-01
4.421192e-03
2.346616e-03
3.270669e-05
4.463378e-02
3.788118e-02
9.622009e-03
1.721411e-01
5.320340e-04
9.541921e-02
2.317778e-02
1.923538e-04
2.381934e-02
2.275259e-02
3.265471e-01
1.851764e-02
2.033958e-02
8.026809e-03
3.760222e-03
7.367942e-03
1.435872e-02
1.841115e-01
3.579042e-02
2.264543e-02
1.713035e-03
1.741682e-03
1.095768e-01
2.092205e-02
8.335587e-02
3.602279e-02
1.202505e-04
1.974499e-03
6.556329e-03
3.487807e-02
7.425066e-04
5.149827e-02
1.268292e-03
3.994757e-02
2.614510e-02
2.920080e-02
1.044818e-01
3.958253e-02
1.124143e-02
7.918591e-03
1.519843e-02
8.564509e-08
2.355785e-03
3.726936e-02
5.143836e-02
1.834832e-01
6.220734e-02
7.931618e-03
1.470360e-01
1.953045e-02
