1.158199e-02
1.675705e-02
1.927147e-01
3.082275e-04
1.368827e-01
3.983719e-01
1.743450e-03
5.839660e-02
1.702827e-04
7.191390e-03
9.619856e-03
6.762844e-02
1.703930e-02
1.523657e-01
2.863526e-03
4.312494e-03
1.671823e-02
8.272873e-07
2.137600e-01
2.004523e-02
6.438002e-04
1.005691e-01
2.404619e-01
1.951011e-04
2.204722e-01
3.953216e-01
3.013430e-02
1.997738e-01
1.245980e-02
1.390012e-05
9.935385e-02
1.898948e-02
1.729382e-03
7.349535e-03
6.412356e-02
7.436302e-02
2.452686e-02
1.167163e-02
6.348963e-07
9.605559e-03
7.778452e-02
3.223441e-02
1.710533e-01
3.343053e-02
4.929965e-05
2.074232e-03
1.763740e-06
1.383412e-04
1.568824e-02
5.639245e-02
9.275564e-03
1.191173e-02
1.676792e-03
1.195524e-02
3.484163e-02
2.055029e-01
1.017671e-02
1.272556e-01
2.658047e-03
4.884543e-02
2.388741e-01
3.025767e-03
3.277012e-02
1.785556e-03
3.032654e-03
4.561437e-07
3.632024e-03
8.166844e-02
8.905544e-05
5.190758e-02
1.740856e-03
5.516955e-03
4.823081e-03
1.137160e-01
9.772918e-02
1.173499e-01
7.636895e-02
3.312843e-02
1.787558e-03
1.941198e-02
1.545902e-02
2.484912e-02
2.415181e-02
8.295384e-02
4.592711e-02
2.635464e-03
5.573055e-02
9.477240e-04
5.825912e-01
6.504844e-02
2.866938e-02
2.198025e-04
4.965081e-02
8.279178e-02
6.639562e-03
3.701472e-04
3.728763e-02
2.379553e-04
9.120264e-02
7.185927e-02
3.173513e-02
6.238315e-02
5.554031e-01
3.221931e-02
2.364586e-01
7.282814e-07
3.120069e-02
1.494925e-03
2.805053e-03
3.988045e-02
1.112553e-01
5.795031e-01
1.056466e-03
3.521083e-02
4.297157e-02
1.803039e-02
1.529185e-02
1.171901e-01
7.771099e-02
1.951193e-03
7.260327e-02
2.122041e-02
6.511049e-03
1.911161e-02
6.540144e-02
8.024925e-02
2.122491e-01
8.274687e-02
8.490646e-02
1.060023e-01
2.390743e-01
4.969307e-03
6.049653e-02
5.173833e-02
3.795245e-02
3.363097e-03
2.004417e-01
1.567431e-01
4.073381e-02
4.198942e-02
8.479386e-04
3.544763e-02
1.384673e-02
9.197043e-03
4.975262e-02
7.812591e-03
1.115822e-03
8.400018e-02
1.015633e-05
8.155563e-02
1.719112e-01
3.836717e-02
1.936578e-03
1.350772e-06
3.480322e-02
1.630635e-03
1.054881e-02
4.183247e-02
8.101420e-02
1.049549e-01
1.880153e-01
1.612649e-01
9.985499e-04
7.295048e-05
9.290903e-02
5.348374e-02
8.919972e-03
1.060940e-01
2.246267e-02
2.989867e-04
9.630750e-04
9.910747e-03
1.980046e-01
7.810031e-03
2.188605e-02
6.073585e-02
1.699197e-02
9.878107e-03
7.327634e-03
1.965090e-03
1.923974e-02
9.502247e-04
5.819746e-02
9.508374e-02
1.450281e-02
5.001187e-02
6.265423e-02
1.677662e-01
1.234367e-02
5.658503e-02
1.454321e-02
3.769201e-01
1.527786e-02
1.950559e-02
2.490775e-03
3.393694e-02
1.317968e-03
1.787702e-02
7.996397e-02
5.760002e-03
2.902312e-02
2.531526e-02
4.647065e-02
2.015065e-03
2.950477e-02
5.024006e-02
3.018905e-02
7.663912e-02
7.795204e-02
2.519111e-02
5.656767e-02
2.345473e-02
1.179694e-04
3.142629e-02
2.255702e-01
1.776786e-03
2.261858e-02
6.852828e-02
3.881491e-02
8.810050e-02
1.577186e-02
2.366113e-02
2.228230e-03
2.055728e-01
1.038270e-03
6.530397e-03
2.793838e-02
4.873317e-02
8.557426e-02
3.601627e-02
9.669717e-04
3.025960e-03
2.943314e-02
6.609491e-02
3.515169e-02
1.063841e-02
2.337485e-02
1.356062e-02
8.022498e-02
4.900481e-02
2.086480e-01
6.413748e-03
2.373073e-02
1.300716e-02
1.079230e-02
2.255823e-02
8.002398e-02
1.140146e-02
1.141085e-01
1.143344e-02
4.816429e-04
1.332440e-02
4.882147e-02
8.707936e-04
4.474876e-02
2.542635e-02
1.111461e-01
2.526553e-03
1.469411e-02
2.082260e-02
4.711278e-01
6.983003e-04
6.065806e-02
1.050493e-05
5.196509e-02
5.773161e-02
9.626116e-04
3.268847e-03
1.301877e-04
5.624789e-02
1.324506e-02
1.329252e-01
9.230836e-02
1.879173e-01
2.917959e-03
4.959741e-03
8.296060e-02
3.103718e-08
1.606950e-02
5.074274e-04
4.538631e-02
1.346188e-01
1.851850e-04
3.735429e-02
1.252627e-01
1.881715e-02
2.189146e-01
1.837496e-03
1.877388e-02
7.429894e-03
1.352745e-02
8.941028e-04
3.320521e-04
2.112634e-01
2.365840e-02
3.586886e-03
1.781354e-02
7.906342e-04
2.278495e-02
5.172345e-02
1.081722e-01
1.646193e-03
5.132611e-04
2.337297e-02
3.190986e-03
5.532079e-04
2.110580e-01
3.153143e-02
4.375410e-02
6.132866e-02
4.928249e-02
1.516277e-02
6.296197e-03
9.360997e-02
2.393215e-03
5.394162e-02
1.424660e-02
1.838269e-01
1.242089e-01
8.158446e-03
3.712715e-03
5.852364e-02
4.110215e-03
3.283570e-02
2.976107e-02
9.745398e-02
7.472785e-02
3.436028e-02
1.649981e-01
2.511428e-02
9.701118e-02
1.090670e-01
8.353661e-03
2.337747e-05
1.351284e-01
2.843646e-03
7.730198e-02
1.871823e-02
1.810192e-02
1.051872e-02
6.239433e-02
1.561848e-02
1.275663e-01
1.067599e-04
6.594649e-05
1.102115e-03
1.106926e-01
4.830501e-02
1.441890e-02
2.428903e-02
7.468608e-02
2.684842e-03
2.854401e-06
8.297973e-04
1.116214e-01
7.574948e-06
3.978323e-02
1.188060e-01
6.068291e-02
7.127133e-02
3.969180e-02
6.240674e-02
1.455408e-01
5.810282e-02
1.212550e-01
3.574592e-03
4.259360e-02
2.752343e-02
2.789515e-02
2.034319e-01
6.460097e-02
6.190205e-02
4.235666e-02
5.567176e-02
3.704381e-02
2.158204e-01
1.566750e-03
2.795426e-02
2.780025e-02
1.688964e-04
1.901259e-03
2.157141e-02
1.083656e-01
1.934702e-01
1.080543e-02
1.219360e-02
2.487258e-01
2.352905e-03
3.658304e-02
8.923772e-02
3.078268e-03
2.406090e-01
1.558107e-02
1.311518e-02
2.138079e-02
2.426140e-02
9.097593e-03
1.969075e-01
5.395831e-03
6.302010e-03
1.116449e-03
6.936791e-02
1.102076e-02
8.998414e-05
5.383062e-03
2.680416e-04
1.802141e-03
1.065045e-01
6.157858e-02
1.413652e-02
1.325028e-01
1.653438e-03
1.283896e-04
3.816832e-02
8.834309e-03
2.474809e-04
5.380355e-02
7.414600e-03
1.053918e-01
8.338783e-02
1.656561e-01
2.493190e-02
3.069180e-03
5.087743e-03
2.002473e-01
7.220035e-02
3.049769e-02
7.882826e-02
2.286736e-03
3.638923e-04
1.753095e-01
2.652209e-03
1.365860e-02
7.992259e-04
1.819236e-03
1.371303e-01
2.710560e-02
5.525878e-02
6.137444e-03
8.594778e-02
5.911526e-02
5.574128e-06
1.705158e-02
2.972591e-01
3.286632e-02
8.685270e-06
9.409679e-02
6.204291e-03
8.059007e-02
4.720717e-03
2.118720e-02
2.006792e-01
3.703276e-02
5.445491e-02
5.168100e-03
1.029454e-02
1.231887e-03
5.943361e-03
5.417169e-02
8.039661e-02
1.070643e-03
9.684962e-02
9.551985e-04
2.636826e-02
5.001944e-02
5.630941e-02
1.029429e-02
2.243447e-01
1.344001e-01
2.400356e-03
2.160929e-04
1.827925e-06
5.614794e-02
8.263104e-02
1.695848e-01
2.146953e-02
5.989327e-03
2.188447e-02
2.285924e-05
1.891568e-02
9.545439e-04
1.959796e-02
3.960495e-02
6.708080e-02
6.575332e-02
3.681562e-02
6.839341e-02
2.402608e-02
2.464264e-02
1.523144e-02
2.063047e-01
6.069850e-03
2.009377e-01
9.591267e-03
3.892062e-02
7.310309e-03
9.274963e-02
6.947163e-02
1.809508e-01
1.680901e-01
8.157175e-02
2.301016e-02
4.221574e-02
4.481855e-02
5.062442e-03
7.509892e-02
3.847363e-02
5.653952e-01
5.809929e-02
1.621994e-01
4.056601e-03
3.879767e-02
2.501629e-01
2.239595e-01
2.729785e-02
2.118715e-02
4.519937e-03
4.502401e-02
3.923441e-09
6.019853e-02
5.786481e-03
1.267363e-01
6.632663e-03
1.045778e-01
5.751696e-02
4.380317e-02
4.040974e-03
8.619631e-02
6.048969e-04
5.550700e-02
3.669693e-03
3.969394e-02
1.592323e-02
9.487384e-03
8.960962e-04
1.005153e-02
1.449640e-02
4.626466e-03
4.607911e-03
1.017198e-01
4.023158e-02
1.409444e-01
4.447306e-02
6.064668e-03
5.332588e-02
1.824959e-02
5.154656e-02
6.707986e-02
8.891636e-02
4.091365e-02
1.897822e-01
1.282811e-02
4.950623e-02
1.138149e-01
8.725836e-02
2.984994e-02
7.140449e-02
7.073312e-02
3.062288e-06
1.819014e-01
2.313464e-02
8.025282e-02
1.689829e-02
2.991542e-05
2.433222e-02
1.468907e-03
2.790603e-03
3.658052e-02
4.454887e-03
5.944884e-02
7.737858e-02
2.992073e-04
5.795893e-02
3.918020e-02
7.376202e-02
5.722715e-02
3.427402e-02
8.269538e-03
5.438658e-02
7.933068e-04
4.100539e-03
2.076572e-01
1.061617e-02
5.043448e-05
2.063039e-03
9.198065e-04
2.878282e-02
8.358838e-02
1.862804e-02
2.342369e-03
9.092423e-03
4.162774e-01
3.156577e-05
3.855520e-01
