6.972060e-03
1.597038e-02
1.571930e-02
9.626654e-02
1.907114e-01
9.922456e-02
2.550442e-04
4.432307e-02
6.907434e-02
6.788810e-02
1.006535e-02
2.202082e-02
1.300305e-02
2.455478e-02
2.457659e-02
8.467229e-04
1.888913e-02
2.404516e-02
5.170847e-03
1.683242e-03
3.372012e-03
2.377847e-02
3.730888e-01
2.723438e-02
5.169999e-04
2.827763e-03
3.750612e-02
4.629388e-02
2.987582e-03
1.256103e-02
1.808285e-01
2.902272e-03
3.976879e-03
3.099272e-02
5.551634e-02
7.789633e-02
6.571756e-02
7.279004e-04
2.513999e-02
1.243394e-02
1.273609e-04
3.071385e-03
7.606867e-02
1.095941e-02
3.115803e-03
7.184722e-04
4.618097e-01
2.476349e-03
1.538680e-03
1.218004e-01
1.707178e-01
1.066910e-02
1.119684e-01
6.571111e-02
3.758819e-01
3.957572e-03
1.922589e-02
9.768314e-04
6.610528e-09
1.138504e-01
1.232969e-03
1.964684e-01
6.840030e-04
2.583260e-02
7.752336e-02
7.936638e-02
2.470482e-02
1.173703e-01
1.566514e-01
2.923498e-03
1.638575e-01
5.338597e-02
3.307901e-02
3.817249e-01
1.368786e-01
9.434936e-02
8.505742e-03
3.770435e-02
2.818176e-02
1.431222e-01
6.562102e-03
1.559604e-01
1.295773e-01
4.220524e-03
1.458285e-01
3.191994e-02
2.034816e-02
4.037795e-01
2.690638e-01
1.532734e-01
6.021876e-02
7.772953e-02
1.442971e-04
3.322260e-02
1.987829e-02
4.621714e-02
3.664961e-03
1.785330e-03
1.573661e-03
3.054543e-02
1.279106e-02
3.781146e-03
5.405063e-02
5.749994e-04
8.692347e-03
2.545171e-04
3.541032e-04
1.047465e-01
5.227075e-02
1.646628e-02
6.915821e-03
5.195837e-02
3.098147e-02
1.913864e-03
7.830738e-02
1.364828e-02
1.922904e-01
1.651854e-01
1.328790e-02
1.709479e-02
1.643132e-05
4.370977e-05
7.965526e-03
6.352466e-03
1.863770e-01
9.012084e-02
1.445935e-01
3.188126e-01
6.846183e-03
1.997273e-01
1.390987e-01
7.728420e-02
3.626798e-03
5.281983e-02
1.488767e-01
5.553950e-03
2.449493e-01
6.844578e-02
1.844996e-01
5.465670e-02
4.057805e-02
3.780514e-04
4.183579e-03
1.537476e-04
1.138236e-01
6.311434e-02
3.110766e-03
7.450813e-02
2.930581e-03
2.729322e-02
1.374948e-03
2.420054e-02
9.722988e-02
1.102583e-02
2.110579e-02
4.607451e-05
4.639387e-03
1.058989e-02
9.076452e-03
1.596731e-01
2.153388e-02
1.219104e-01
1.759098e-02
3.538426e-03
1.242667e-05
9.325191e-02
3.731710e-03
2.401195e-02
3.078616e-02
5.716111e-04
2.449825e-04
8.588546e-02
2.888262e-02
6.487471e-02
1.288996e-03
6.662409e-04
1.248906e-03
7.311951e-02
5.030379e-02
3.163423e-03
1.488035e-02
3.580666e-03
1.762839e-01
3.978884e-03
8.689874e-02
5.836475e-04
3.882727e-02
6.761540e-03
1.113560e-02
4.978844e-02
1.126030e-01
1.350700e-03
1.180242e-03
1.682145e-02
1.861410e-02
5.164868e-03
3.412971e-02
7.835583e-02
6.108831e-02
3.731727e-03
2.068404e-02
1.405183e-01
3.377988e-02
2.007074e-04
4.889104e-02
5.791766e-03
1.209476e-01
1.341790e-02
5.044532e-02
3.278255e-02
2.212161e-03
3.210256e-03
3.304725e-04
6.322326e-03
4.487389e-02
2.442012e-01
1.819172e-02
2.197159e-01
9.625118e-02
5.385229e-02
1.576854e-01
1.229435e-02
6.593553e-02
5.537112e-05
1.758628e-02
1.223062e-02
8.371463e-03
4.301243e-02
9.274705e-02
1.055321e-02
3.571368e-02
3.254104e-03
4.369597e-02
2.503865e-04
9.778160e-03
6.599925e-02
3.021720e-02
7.948824e-03
4.528638e-02
6.458440e-02
8.790027e-02
8.507923e-04
1.011534e-03
3.013127e-02
1.582058e-01
1.649194e-02
6.259804e-02
9.662631e-03
3.668513e-04
5.596594e-02
6.447954e-02
1.928581e-01
1.025157e-02
7.837328e-02
7.225827e-02
2.371080e-02
9.968536e-05
1.854324e-02
9.958754e-03
4.351217e-01
9.514661e-02
1.776102e-03
1.224211e-02
1.127580e-03
6.671506e-02
9.942489e-02
1.370691e-01
1.935750e-02
1.175668e-02
7.038150e-02
1.391853e-02
5.646071e-02
1.315803e-01
1.269096e-05
5.122842e-02
6.103749e-03
5.030496e-01
5.604224e-04
5.107171e-02
1.479793e-04
7.830758e-02
6.789228e-02
2.732575e-03
2.158137e-01
2.295038e-02
4.983365e-02
2.676795e-02
2.268097e-02
9.072280e-02
7.938318e-03
1.546684e-01
4.079935e-02
2.932478e-02
8.397122e-02
7.916159e-04
4.950636e-02
1.316419e-02
6.559478e-03
6.732539e-02
1.632068e-04
5.632597e-03
2.783215e-03
6.629508e-02
1.272869e-03
1.734769e-03
1.687477e-01
1.394426e-01
1.015685e-02
5.894769e-03
1.365132e-01
2.187380e-02
5.373185e-03
1.183580e-02
2.984921e-03
4.194715e-02
1.674927e-02
1.991547e-02
1.000032e-01
5.911697e-02
2.489310e-02
5.016285e-03
6.726738e-03
1.007025e-01
3.356363e-04
1.815166e-04
6.362533e-02
2.426984e-02
2.675362e-03
2.724054e-02
3.198499e-02
1.499530e-03
2.531719e-01
8.514247e-02
9.590047e-06
9.708054e-02
8.269730e-02
1.590160e-02
2.516989e-02
1.957068e-03
2.593613e-01
8.179695e-03
1.990206e-02
8.960286e-02
1.143302e-02
1.531399e-01
6.286981e-02
2.214433e-01
3.174168e-03
4.983206e-03
6.441675e-03
8.977709e-03
1.198729e-02
7.779834e-05
1.886066e-07
1.548177e-02
2.072201e-02
2.094244e-01
7.923312e-04
1.953134e-03
7.082672e-03
1.091718e-01
5.203701e-02
4.316517e-02
2.658306e-02
2.846583e-02
5.091016e-04
2.279839e-02
2.138898e-03
7.418133e-04
8.381526e-02
7.484410e-02
1.096280e-01
2.974885e-02
2.365329e-02
1.872050e-04
8.595718e-03
2.166154e-02
3.258852e-02
7.426935e-03
1.582475e-02
1.417740e-01
4.311014e-02
2.203150e-02
3.473201e-02
4.222628e-03
1.272613e-02
3.394765e-01
3.185588e-03
3.558714e-03
4.138138e-02
2.183872e-02
1.384628e-03
3.680472e-03
2.595363e-03
1.926451e-02
9.572700e-03
4.312550e-03
5.592978e-02
7.414380e-03
4.527507e-02
7.257373e-03
6.831204e-04
5.816150e-02
3.475057e-02
7.111257e-03
1.068194e-01
1.521586e-02
2.697066e-02
9.396597e-03
1.891701e-03
2.975398e-01
7.030177e-02
3.357292e-03
2.853607e-02
3.519557e-03
1.135829e-02
1.630005e-02
2.416268e-01
2.994198e-03
2.315894e-02
1.418023e-01
7.725291e-03
6.179336e-02
2.647846e-03
2.596039e-02
2.089357e-02
2.349857e-02
1.110342e-01
1.050354e-01
1.166658e-02
9.687089e-03
7.553679e-02
2.016232e-04
5.843820e-03
4.431737e-04
1.914121e-01
1.361679e-02
7.720311e-03
1.628995e-01
4.350877e-05
9.175872e-03
6.887158e-03
7.972076e-04
1.950705e-01
1.468224e-03
3.226896e-02
4.158952e-02
3.962201e-02
3.368045e-02
1.520150e-01
4.703972e-04
3.248399e-04
7.387497e-02
1.574928e-02
3.337692e-02
1.288830e-01
8.276434e-02
2.669717e-03
3.273489e-03
9.487136e-02
3.448945e-04
3.920369e-02
3.057399e-02
9.448869e-03
8.868599e-03
1.099512e-01
2.527973e-03
2.639938e-04
1.825177e-03
2.829448e-03
2.814219e-03
4.452832e-01
1.520224e-04
1.448008e-01
5.071071e-03
5.141516e-02
1.103105e-01
1.628671e-01
6.081683e-03
2.961836e-01
1.219137e-02
1.394359e-01
1.864134e-01
2.068630e-06
4.792400e-02
3.198099e-03
2.015141e-01
1.148715e-01
2.187266e-03
4.897364e-03
4.288983e-03
1.587111e-01
1.094620e-01
2.539215e-02
7.491530e-03
4.783830e-04
9.427415e-03
5.900536e-02
1.268832e-02
1.086675e-01
3.470372e-02
2.622368e-02
2.618264e-05
8.291962e-02
5.728349e-02
4.475264e-04
6.146354e-03
1.489408e-01
1.939741e-02
9.724808e-04
4.730903e-02
1.671127e-02
3.324909e-02
6.497329e-03
4.062757e-03
6.085809e-02
2.607018e-03
4.697157e-02
2.583122e-01
6.617212e-02
3.903870e-03
8.840323e-02
2.151962e-02
3.188154e-03
9.082143e-03
3.986145e-01
3.588315e-02
1.113290e-02
8.064397e-03
1.328284e-01
8.872649e-02
3.296273e-02
5.409697e-02
1.734328e-01
5.868635e-02
1.204283e-01
8.358451e-03
3.920793e-03
1.644769e-02
2.249437e-01
7.303002e-03
3.096561e-02
1.673508e-01
6.472746e-02
3.336739e-02
3.230043e-02
2.326660e-02
1.878626e-02
6.575300e-03
9.205592e-04
1.229830e-01
1.332770e-02
1.721770e-02
1.323169e-01
4.440986e-02
7.865473e-05
3.722588e-02
1.568836e-02
2.989138e-02
4.082269e-02
1.191323e-01
1.437680e-03
1.055263e-01
1.898299e-02
3.812758e-02
1.463789e-03
7.079954e-03
2.121671e-03
3.783692e-03
6.375900e-03
6.133086e-02
5.697286e-03
7.360974e-02
3.900720e-02
5.752820e-03
3.359783e-06
1.627077e-04
6.924113e-03
1.200438e-02
7.500403e-02
1.778962e-02
7.059520e-03
2.554576e-02
4.095455e-03
2.658815e-03
7.536768e-03
7.544073e-03
8.207832e-03
9.826944e-02
1.429068e-03
1.951781e-03
3.414674e-03
3.868669e-02
5.449194e-03
