1.774623e-03
1.070816e-01
1.735039e-01
1.420687e-03
6.772755e-03
4.986833e-03
6.259358e-04
2.106913e-04
5.720776e-03
3.069543e-03
9.942103e-02
4.677071e-02
2.396549e-01
5.658726e-02
5.977559e-02
3.444549e-02
3.730622e-01
9.331054e-02
1.015929e-01
2.081763e-02
2.579678e-02
2.366749e-02
1.964565e-02
4.625106e-02
1.320104e-01
5.839686e-06
1.746788e-03
6.966174e-03
8.360578e-03
5.426908e-03
6.201615e-02
6.969921e-04
1.678381e-01
2.481999e-02
1.630052e-02
1.136971e-04
9.738506e-02
1.305647e-02
7.090642e-02
8.118407e-03
1.251445e-01
1.580090e-02
2.437553e-01
7.063990e-02
5.857222e-02
3.643269e-02
4.870281e-02
5.340517e-02
2.117684e-02
5.875456e-02
2.057010e-03
2.287103e-01
2.505220e-02
4.297773e-04
1.346072e-01
2.750199e-01
8.832515e-03
1.718687e-02
4.651431e-05
3.288659e-02
2.031269e-02
8.390501e-03
1.021264e-01
2.734798e-03
2.854909e-01
1.735526e-02
7.629180e-02
3.452362e-02
1.429679e-02
5.677602e-02
8.350233e-03
6.261816e-07
3.888212e-04
5.330114e-03
2.379903e-02
2.754881e-01
3.228075e-02
3.156320e-02
1.404175e-02
3.125924e-02
1.687589e-02
1.326000e-02
2.046687e-04
4.138320e-02
8.070724e-02
7.432058e-03
3.672638e-01
5.456970e-04
3.258938e-04
2.864350e-03
2.229100e-03
9.302291e-03
1.696894e-03
5.125882e-04
1.838771e-02
1.645488e-03
1.407430e-03
4.217751e-03
1.629330e-04
4.882229e-03
2.591073e-02
1.431088e-02
1.136616e-02
2.292702e-02
2.883002e-02
4.866789e-04
7.582067e-02
4.761770e-03
1.743812e-04
1.651063e-01
1.124972e-02
2.336205e-02
1.194906e-02
7.310260e-02
1.060746e-01
1.738644e-01
3.954331e-02
1.208045e-01
9.536583e-02
3.652027e-02
3.855619e-03
1.811827e-02
7.143461e-03
1.734242e-02
2.411598e-03
1.973693e-04
7.945840e-03
1.326418e-02
1.344103e-02
7.936705e-02
1.360336e-03
1.266519e-02
3.547788e-03
3.920220e-02
2.340114e-01
5.042406e-03
3.666301e-02
3.808826e-03
2.862806e-02
6.958462e-02
6.324606e-02
3.903977e-02
5.294872e-04
1.301636e-01
5.754997e-02
7.301532e-03
4.661348e-02
1.601754e-02
1.668429e-04
1.823238e-03
2.786392e-04
1.199129e-01
1.927251e-01
1.224443e-02
3.964464e-02
3.043870e-02
1.192123e-01
5.968305e-02
5.089514e-03
1.375558e-02
3.339630e-02
1.526168e-02
1.123498e-02
1.664141e-04
5.087085e-05
3.907862e-02
4.617959e-02
9.085119e-02
3.041035e-03
7.092466e-02
4.075589e-02
1.195113e-01
2.284548e-02
2.911193e-02
1.026062e-03
2.746197e-02
2.861499e-02
4.179371e-03
1.081685e-01
2.056099e-03
2.647188e-01
3.657212e-01
1.766347e-01
7.296867e-06
5.996061e-04
5.330243e-02
1.694630e-05
4.218208e-02
4.287538e-02
7.139750e-02
2.535306e-01
2.144274e-01
4.614903e-02
5.490035e-02
1.790586e-01
2.369860e-01
6.975083e-04
2.030897e-01
2.564399e-02
2.073167e-02
4.138125e-03
1.725111e-02
4.968143e-02
4.761766e-01
5.671159e-02
3.228240e-02
1.806087e-01
2.106568e-02
9.517763e-04
6.066596e-05
3.425533e-03
1.432038e-01
2.007604e-02
3.860998e-02
2.774935e-05
7.118381e-03
1.090163e-03
2.255684e-02
1.434025e-02
2.236817e-02
1.149743e-05
2.351932e-02
2.879472e-04
6.434922e-03
1.562396e-03
2.287629e-03
6.933191e-03
3.953741e-02
2.035598e-02
1.962221e-02
3.282818e-03
1.628973e-01
6.755158e-02
1.399253e-02
4.502775e-04
2.752163e-01
1.775065e-01
7.315547e-05
1.280923e-03
1.241126e-02
1.954636e-01
3.836971e-03
5.066509e-02
1.555048e-02
9.973170e-02
8.378136e-03
1.813412e-01
2.987246e-04
1.446948e-02
5.238188e-04
2.264448e-02
3.731110e-02
2.251586e-02
1.586318e-01
1.272801e-02
9.181384e-02
6.914357e-02
5.515446e-02
9.145343e-06
3.209460e-01
3.917411e-01
2.156182e-02
8.980506e-03
8.639183e-02
7.969230e-03
2.289566e-03
2.556240e-01
3.526440e-03
3.022834e-02
3.729696e-02
4.216962e-03
1.823645e-01
1.102178e-02
1.727411e-01
6.494090e-02
1.698984e-02
1.274273e-02
9.319632e-02
3.717219e-02
1.543477e-02
8.972337e-04
5.254378e-02
2.580393e-02
4.048825e-02
4.108865e-02
5.270868e-04
8.371950e-02
3.337815e-02
1.957693e-02
2.010410e-02
2.170809e-02
1.174024e-01
3.829303e-02
4.670199e-02
1.009743e-01
1.046470e-01
2.664214e-02
6.872986e-02
1.526105e-02
1.849591e-03
1.040335e-01
8.710810e-02
3.158674e-03
2.365319e-02
1.693516e-03
1.752015e-02
2.875257e-01
1.491639e-02
7.144905e-02
1.436639e-03
4.604114e-03
3.642604e-02
2.765427e-03
2.014203e-03
1.240024e-03
2.223282e-06
1.448052e-01
4.400942e-02
5.302911e-02
4.625616e-03
3.828577e-02
1.334402e-03
1.328384e-02
2.372114e-03
1.702005e-02
7.153098e-03
2.027670e-03
2.111062e-01
8.258009e-05
1.947276e-01
4.010412e-03
2.689202e-02
2.342910e-02
3.806657e-01
1.569015e-02
2.728596e-02
9.169988e-02
1.457619e-01
2.190779e-03
1.232976e-03
2.244998e-04
2.541706e-03
9.065804e-04
5.749440e-02
1.340896e-01
2.750122e-02
1.222037e-04
2.353900e-02
8.883589e-02
1.929407e-01
5.265068e-02
3.590539e-03
4.398934e-02
4.410484e-03
3.186502e-03
3.921711e-02
6.603768e-05
1.336521e-01
3.966065e-02
7.566636e-04
9.474888e-02
2.423879e-03
2.225365e-02
1.445933e-04
1.943036e-01
1.166813e-01
1.994386e-01
4.481787e-02
1.393148e-03
2.755717e-03
2.713265e-02
3.625890e-02
3.698947e-03
1.102193e-02
3.394802e-02
3.252505e-05
2.906111e-02
5.288518e-04
1.552426e-02
1.713727e-02
3.179071e-03
1.558323e-02
3.965981e-03
7.017582e-02
6.135543e-02
2.845489e-02
4.126166e-01
1.786071e-02
1.237640e-01
1.565327e-01
1.052058e-01
1.764820e-03
7.689842e-02
7.970217e-03
2.456068e-02
2.391669e-01
1.304302e-01
4.178106e-02
1.461591e-01
1.244762e-01
5.292902e-04
4.774429e-06
7.299094e-03
1.305170e-02
3.829920e-03
2.658435e-03
2.058523e-03
4.594722e-02
1.456750e-01
6.320690e-03
2.210553e-05
8.046150e-02
2.554438e-01
1.617929e-03
2.218792e-03
5.703732e-04
1.362212e-02
3.291768e-01
6.016128e-08
1.232674e-01
8.634171e-03
1.026367e-01
5.972823e-03
6.848897e-02
3.957599e-04
2.305757e-03
9.002438e-02
8.204264e-03
2.234830e-02
1.290287e-01
6.934093e-02
4.124714e-02
2.447211e-02
1.817253e-01
1.482703e-02
3.203664e-02
6.772325e-02
1.775271e-02
8.635375e-03
5.050108e-02
4.096318e-02
7.782658e-04
2.249244e-03
1.814072e-03
4.131467e-02
7.892845e-03
6.215864e-02
1.712942e-01
1.695615e-02
4.885113e-02
4.283951e-02
6.767419e-02
9.591087e-04
1.484556e-02
1.670972e-02
4.107368e-02
8.457937e-02
1.261134e-02
4.575266e-04
6.512706e-02
1.312950e-02
2.292755e-02
5.494669e-02
9.647761e-03
3.676816e-01
1.384668e-02
1.761083e-02
1.479645e-02
1.599415e-04
2.536370e-01
6.564721e-02
1.449210e-04
6.805852e-04
2.962137e-03
2.922285e-01
1.880860e-02
7.438005e-02
3.389426e-02
8.070390e-05
2.893002e-01
1.604260e-01
4.039650e-02
1.318709e-02
1.212025e-03
2.462139e-02
3.109010e-03
1.296230e-02
3.207625e-01
1.056773e-03
7.738730e-02
2.434206e-02
3.114033e-02
5.339337e-04
3.053058e-01
4.503915e-03
5.885422e-02
1.570068e-02
1.576281e-01
8.029376e-03
4.680321e-02
6.959586e-02
2.439143e-02
2.587578e-02
3.549010e-03
5.628041e-02
1.574140e-02
2.158216e-01
2.003340e-02
2.673463e-02
3.451457e-04
1.323619e-02
1.810591e-03
4.145976e-03
2.456923e-01
2.272222e-02
3.065673e-02
1.878288e-03
6.219934e-02
4.397325e-03
1.312076e-01
3.418867e-03
4.479122e-02
1.221083e-02
1.423057e-01
1.052207e-01
2.811858e-02
2.085038e-02
1.218386e-02
7.951857e-02
2.334352e-01
7.117903e-02
1.661636e-01
2.054842e-02
2.526900e-02
5.168035e-03
4.197998e-03
1.181562e-01
1.351840e-02
6.071912e-05
2.512808e-03
7.672615e-03
5.500698e-02
6.892803e-02
5.885854e-04
2.247300e-04
1.904651e-01
3.984691e-02
1.236481e-01
1.061423e-02
4.770406e-03
7.677032e-03
2.988388e-02
1.999615e-02
1.656519e-03
6.548818e-02
1.109777e-02
1.441744e-02
3.121884e-04
6.212146e-03
3.683690e-03
1.615671e-01
2.259580e-02
3.873074e-02
1.758824e-01
7.066523e-02
1.854662e-02
8.112074e-02
1.510227e-05
3.571743e-02
3.391813e-02
1.523813e-02
3.243073e-01
2.270638e-02
2.231551e-02
1.216508e-01
4.429619e-03
1.087223e-03
1.088477e-02
1.482221e-02
2.267167e-02
1.948370e-03
2.203781e-03
7.009698e-02
6.152021e-02
4.564389e-02
1.292528e-03
3.012559e-03
8.547387e-04
9.311323e-02
1.337685e-02
4.012483e-02
2.066204e-02
8.972503e-03
2.222492e-02
