4.431486e-02
3.321055e-02
1.518945e-01
1.902444e-02
7.731711e-02
2.444156e-04
4.403353e-04
5.723577e-02
1.502465e-01
5.100729e-04
6.082860e-03
2.712387e-03
3.747008e-02
1.794891e-02
1.373725e-01
8.572993e-02
1.048707e-02
3.197091e-05
3.289161e-02
1.199724e-02
3.675188e-03
1.987734e-04
2.061231e-02
3.355494e-01
1.935730e-03
9.099265e-03
4.311616e-04
6.589138e-02
1.188796e-02
2.313535e-04
1.484402e-03
7.929191e-03
2.984449e-02
4.989575e-04
3.449193e-03
5.872085e-03
2.431206e-03
4.691101e-04
6.183938e-02
7.515100e-03
7.040970e-03
1.253676e-01
1.350409e-02
4.604851e-03
1.024818e-01
1.027744e-03
2.500167e-07
1.109569e-01
7.511303e-03
1.363919e-01
4.664239e-03
2.462472e-02
7.163260e-03
9.405451e-03
4.964941e-02
2.486931e-04
4.194232e-02
6.185598e-02
1.029171e-01
8.290290e-02
1.193073e-03
3.454284e-03
1.719529e-01
4.279975e-03
1.815575e-02
3.600063e-02
2.261298e-02
1.541016e-02
2.715612e-02
1.309418e-01
2.378038e-03
3.161793e-02
2.025239e-03
1.905458e-01
2.745144e-03
1.054696e-02
4.183608e-03
1.938554e-02
5.359093e-02
3.354198e-02
1.339924e-02
2.043268e-03
1.075824e-01
1.028098e-02
4.263297e-02
2.191986e-02
6.758304e-03
4.717210e-02
1.526998e-05
6.202787e-03
2.244714e-03
1.567322e-01
6.846858e-02
3.650585e-03
1.294409e-03
3.930653e-04
3.766733e-02
1.895343e-01
6.284794e-03
1.348290e-02
1.202149e-03
3.352300e-03
1.685520e-01
9.773471e-04
4.583191e-02
2.744764e-03
1.037989e-01
2.866019e-02
4.000292e-03
1.824604e-01
2.545827e-02
6.045128e-01
6.271147e-02
8.383402e-04
1.146991e-02
2.994417e-03
6.436024e-02
8.851192e-02
6.801495e-03
7.145144e-03
7.921371e-04
5.180543e-02
6.543254e-04
1.125100e-02
1.009252e-01
7.010179e-03
1.657567e-01
1.064575e-01
3.573120e-01
1.061065e-02
3.148110e-03
1.059257e-03
5.188139e-02
2.027339e-02
3.712064e-03
7.043173e-02
1.021886e+00
1.256967e-01
3.508354e-03
2.101878e-02
5.088070e-02
1.796695e-01
5.502450e-05
1.442965e-01
3.730774e-03
9.470609e-02
3.480273e-03
7.010826e-03
1.280520e-03
7.247839e-03
1.197857e-04
1.390162e-01
1.667535e-01
3.032547e-02
3.212546e-02
1.241351e-02
8.016430e-03
1.697954e-02
5.332656e-02
9.781702e-03
2.852211e-05
4.501947e-02
7.084699e-02
1.309346e-02
8.463826e-02
1.023435e+00
9.905121e-02
2.591093e-02
1.378531e-01
5.014090e-02
1.415929e-04
1.470502e-01
1.687873e-02
3.868735e-02
8.813525e-02
8.346231e-02
4.125813e-02
1.198409e-01
4.763552e-03
3.426285e-03
1.386498e-01
1.935973e-05
5.495196e-02
1.468717e-01
5.145405e-02
1.043372e-01
6.210835e-03
1.149012e-03
2.995917e-02
1.315699e-01
1.100457e-02
2.600759e-02
8.987405e-03
1.808854e-01
3.766452e-02
9.437728e-03
3.878136e-01
1.540311e-02
1.625888e-03
3.908257e-03
1.517323e-02
2.288667e-04
2.066037e-01
3.495777e-02
1.047499e-01
1.302692e-02
1.213887e-01
5.811118e-04
1.335294e-03
9.229096e-03
1.127245e-03
2.410017e-01
3.908882e-02
2.803188e-02
2.726568e-02
2.244665e-01
3.617825e-02
1.081192e-02
3.704289e-02
2.287656e-02
2.450731e-01
2.593724e-01
4.921666e-05
1.380143e-03
4.349764e-04
5.879981e-04
1.057579e-02
4.240784e-03
6.065577e-02
9.534265e-02
1.211938e-02
1.456561e-01
1.756078e-02
1.833739e-04
3.249846e-02
7.106503e-03
6.139988e-03
9.577922e-02
5.647216e-02
7.342634e-03
2.342751e-04
1.076228e-03
1.713691e-02
1.526531e-02
1.048563e-02
5.236911e-02
2.200504e-01
1.679916e-03
2.546343e-04
6.962658e-02
6.425948e-03
1.349281e-01
2.500069e-02
8.818783e-03
5.490790e-02
1.422383e-02
2.123834e-04
3.720830e-02
1.304558e-03
2.466067e-03
8.317454e-03
3.479332e-03
9.081538e-05
1.458764e-02
1.641995e-02
1.089018e-03
2.820109e-01
1.027283e-02
6.149775e-03
3.954220e-02
1.118328e-01
1.953282e-01
2.718431e-02
7.141301e-03
2.168241e-02
1.278724e-01
2.860300e-02
3.503768e-02
6.636583e-02
1.906266e-01
2.749778e-02
1.205135e-01
9.023940e-02
7.690967e-03
2.081436e-01
1.260911e-02
1.427327e-02
3.885030e-05
2.007033e-04
3.852954e-02
5.091208e-02
4.713887e-04
7.288460e-02
1.247949e-02
1.083987e-01
4.570304e-03
2.022915e-01
6.889785e-04
2.392413e-02
1.043944e-03
1.469392e-02
2.802789e-02
2.064950e-01
5.454723e-03
2.287844e-03
4.930033e-02
2.550479e-02
1.671354e-03
8.199778e-02
1.912033e-02
1.466599e-04
2.154435e-03
2.416840e-06
2.925363e-08
1.441065e-02
1.593981e-01
3.463121e-02
2.578443e-04
1.470507e-02
1.508402e-01
7.137518e-03
3.844156e-01
6.566793e-02
1.079326e-01
1.871637e-02
3.783685e-03
5.096559e-02
6.056678e-05
1.318863e-01
7.406653e-05
1.562623e-02
1.194535e-03
5.461705e-02
4.226142e-02
1.174031e-02
2.097995e-02
2.430445e-01
1.161161e-04
9.418384e-03
2.862025e-02
1.274164e-02
8.701875e-03
8.365279e-02
3.588689e-02
1.522139e-01
2.426885e-03
7.821187e-02
9.269922e-02
1.139008e-01
1.010067e-02
1.829338e-03
1.181910e-02
1.009228e-02
8.129863e-04
4.110771e-02
3.229152e-04
1.427260e-01
1.231923e-01
9.665626e-03
9.966866e-02
7.723356e-02
1.503075e-02
1.207815e-01
4.615580e-02
4.993464e-02
6.202458e-03
1.997932e-01
1.818397e-01
8.984502e-03
5.204309e-05
4.290334e-02
8.155039e-04
5.236837e-02
6.582362e-02
2.401827e-05
2.450048e-02
2.966900e-03
2.775591e-02
1.662720e-02
1.212320e-03
1.971694e-01
2.465660e-04
1.579820e-02
8.859559e-04
3.159191e-02
4.691832e-05
5.881006e-02
3.129008e-02
2.576296e-02
1.190601e-01
2.179377e-03
1.961429e-01
1.301112e-02
7.453750e-02
5.957711e-03
8.688449e-04
4.326343e-02
2.749489e-02
1.856392e-02
2.129696e-03
7.233494e-02
8.536034e-04
5.021780e-02
1.828886e-01
2.181976e-01
4.494164e-02
2.265191e-02
1.261091e-04
8.618348e-02
5.172965e-04
1.443100e-03
2.404604e-01
1.538118e-02
1.326580e-01
1.368338e-01
7.591153e-03
2.193591e-01
1.529893e-01
1.632010e-01
3.250664e-03
9.828920e-02
1.458540e-01
6.666706e-02
1.238403e-02
6.305618e-04
1.915848e-02
6.376912e-02
2.411868e-01
5.679132e-02
5.813390e-02
1.650824e-04
7.360511e-02
4.526006e-02
7.138455e-03
2.780742e-02
1.165697e-02
3.874362e-02
1.732424e-01
3.245458e-02
3.344002e-04
1.830642e-01
1.908570e-01
2.358749e-02
6.146486e-02
1.785807e-02
2.141946e-03
1.843590e-03
2.254286e-04
1.366963e-02
4.020024e-01
2.067826e-04
6.573206e-02
1.951970e-02
4.362984e-04
5.098099e-03
2.011759e-02
2.022476e-01
8.114072e-02
5.373596e-02
3.790417e-02
3.351280e-04
2.533555e-02
2.742252e-03
5.482519e-02
5.223180e-02
4.377927e-03
1.028668e-01
1.421051e-02
1.496472e-01
1.145725e-01
1.306562e-01
6.955035e-03
3.963553e-04
7.213367e-02
6.214532e-03
1.319600e-02
1.081551e-01
2.276670e-02
7.128267e-03
4.788615e-02
1.762829e-01
6.468470e-05
2.247425e-02
9.775814e-03
3.873390e-02
1.717711e-02
1.152017e-03
3.880015e-02
4.182756e-02
4.383322e-02
4.548197e-04
2.167203e-02
9.198154e-03
8.038361e-02
2.442488e-02
7.451941e-03
1.719678e-01
1.392730e-02
4.082560e-05
2.181198e-01
8.406939e-06
4.222090e-03
7.896906e-03
1.077779e-02
2.505462e-02
3.085340e-02
2.505429e-03
2.407934e-01
9.607715e-03
1.060154e-01
3.017691e-04
6.547023e-03
4.725488e-02
5.726147e-03
5.145892e-02
6.092925e-04
1.075369e-01
4.663280e-01
7.405250e-02
1.334095e-01
1.214195e-01
4.407616e-03
5.440337e-02
1.264057e-02
3.419420e-02
7.235567e-04
1.745538e-01
3.686089e-02
1.556002e-03
9.127039e-02
3.544703e-04
1.113129e-03
3.181971e-02
5.468969e-04
1.642072e-02
3.576523e-02
2.214766e-01
2.804503e-03
7.843703e-02
9.131829e-02
3.314795e-01
4.717463e-02
7.849844e-03
8.486683e-02
8.931469e-03
5.413764e-02
6.011233e-02
1.586377e-02
2.709436e-02
4.690247e-02
2.231479e-02
9.738272e-02
1.813927e-02
2.095557e-03
1.822505e-02
5.586099e-02
8.529284e-02
8.185814e-02
1.004159e-03
2.570172e-04
1.657847e-01
4.329559e-02
2.182738e-04
8.543460e-02
1.491082e-04
4.908826e-03
1.259385e-02
2.055017e-03
1.751685e-04
6.451005e-04
2.757613e-02
4.388520e-03
1.232588e-01
4.933325e-02
1.352252e-01
1.379725e-03
1.053778e-01
1.152933e-02
5.757012e-02
5.061653e-03
1.874629e-01
6.714763e-02
1.352246e-01
3.943634e-02
4.093407e-03
4.341522e-02
2.029922e-02
1.025448e-01
2.449281e-03
5.564881e-02
1.390506e-02
1.129242e-03
3.576426e-03
2.944253e-01
