1.246737e-01
2.436818e-03
3.375921e-02
8.362653e-02
2.921883e-04
4.333650e-02
1.374159e-01
3.579756e-03
3.023299e-02
1.732924e-02
2.605013e-06
3.864042e-07
1.080892e-02
5.425263e-02
1.074643e-06
5.539633e-01
1.477350e-01
3.564927e-03
1.395274e-02
1.240790e-01
1.791444e-02
5.923642e-02
2.254524e-03
3.270088e-01
1.766870e-02
1.560246e-01
1.688766e-01
3.724727e-03
1.317285e-03
1.376322e-01
1.458303e-02
4.234622e-04
8.295447e-04
2.084805e-02
2.946563e-02
1.997885e-01
2.743094e-01
1.163847e-01
4.682567e-03
5.185125e-02
8.090184e-02
2.728072e-04
5.032716e-02
4.659365e-05
1.747200e-02
5.151826e-04
1.653003e-03
2.167078e-02
3.620297e-02
2.050725e-01
1.100844e-04
7.185789e-04
2.531874e-02
2.508175e-02
1.172369e-02
6.265371e-03
3.559866e-04
2.180806e-05
1.697313e-02
2.417141e-03
1.200947e-02
1.060057e-03
8.046693e-04
5.240778e-02
1.555293e-03
1.139865e-01
2.971342e-02
6.766846e-03
1.819412e-01
1.039789e-01
2.780147e-02
4.414407e-04
5.389430e-02
7.041840e-02
3.310280e-03
8.369825e-02
3.218569e-05
4.885577e-02
5.385661e-03
1.698268e-03
1.855772e-03
9.146751e-02
1.780906e-02
7.005416e-04
1.503794e-01
5.593006e-03
4.787714e-02
1.452899e-02
4.726133e-06
7.970748e-02
2.147382e-03
2.376287e-02
3.809449e-01
3.759054e-03
9.265194e-05
2.356963e-03
2.312466e-02
1.108308e-01
1.796085e-01
1.694352e-01
9.692265e-04
2.301922e-02
1.105938e-01
1.461097e-01
1.067932e-03
4.707161e-02
3.906506e-02
1.606124e-03
3.741664e-02
1.019943e-01
1.660947e-02
5.916154e-02
1.836200e-02
6.623586e-03
2.866476e-02
7.494189e-02
1.017059e-02
1.243950e-03
1.220863e-02
3.171500e-03
2.213014e-02
4.401196e-02
4.837825e-03
6.490121e-02
9.519605e-03
2.845828e-02
2.830526e-02
1.282978e-03
7.913236e-02
1.132539e-05
4.275274e-02
9.484409e-02
5.742567e-03
2.776729e-02
5.716656e-02
9.193740e-02
1.704722e-01
2.709806e-03
2.524275e-04
2.838060e-02
3.538795e-02
1.437489e-02
3.142535e-03
2.768991e-02
7.599980e-04
1.016826e-05
9.733500e-03
6.548426e-04
6.155552e-03
9.058128e-02
1.679255e-01
9.158331e-04
1.208583e-02
9.985628e-02
6.867351e-03
2.158680e-01
3.362850e-03
3.343218e-01
3.511727e-02
2.216654e-01
4.327398e-02
1.545520e-04
2.513910e-02
1.084002e-01
2.610555e-02
1.165506e-02
2.709213e-02
1.362604e-01
1.974496e-02
6.340229e-02
2.010784e-01
9.774690e-02
4.039889e-02
1.735928e-02
6.902226e-02
3.846145e-04
1.893760e-02
3.696996e-02
3.656290e-02
5.551366e-03
2.117483e-04
6.888216e-03
4.300034e-02
8.364355e-03
6.267760e-02
6.153836e-02
3.396555e-02
1.416697e-02
9.205593e-02
1.568465e-01
1.984412e-02
6.786558e-02
2.512338e-02
6.407892e-02
3.588257e-03
3.171965e-02
1.891211e-03
1.289482e-04
7.192810e-02
1.612110e-01
2.319399e-04
1.869385e-01
5.716162e-02
1.033350e-04
2.462090e-02
2.896657e-02
1.418968e-01
7.429691e-03
2.030925e-01
2.900554e-02
2.114347e-03
3.805780e-02
1.620000e-02
6.110561e-03
8.613889e-02
5.421327e-02
1.036735e-02
9.281962e-03
2.990928e-02
1.706440e-04
5.356891e-02
5.303611e-03
3.472502e-02
8.857865e-03
3.520021e-02
8.230397e-02
1.540314e-01
1.255439e-02
5.851296e-02
2.128781e-04
1.431837e-03
1.834409e-05
8.685654e-03
4.344888e-02
3.616857e-03
1.448425e-03
9.634321e-02
2.394409e-02
7.950565e-04
1.592486e-01
2.602792e-01
2.987804e-02
5.231687e-02
4.188186e-05
2.424638e-01
1.368236e-02
2.036559e-01
1.184101e-01
5.569490e-04
1.005228e-01
2.352293e-01
2.423242e-03
1.277202e-05
6.003825e-02
4.479875e-02
2.288778e-02
4.184915e-02
8.667743e-02
2.676936e-02
8.003369e-02
1.073617e-01
2.136517e-03
2.510277e-02
4.798253e-02
1.714409e-02
5.732650e-02
1.917123e-01
2.550983e-03
1.353279e-02
1.107791e-01
1.266549e-01
1.274302e-02
4.902477e-02
1.635511e-02
1.115050e-01
2.304882e-03
6.266067e-02
2.757808e-02
2.539974e-02
1.590582e-02
6.048364e-04
1.957841e-02
4.664793e-05
1.627460e-02
2.323973e-02
1.920506e-03
1.940265e-02
1.736577e-02
1.576574e-01
4.470896e-03
1.958723e-02
1.117929e-02
1.026997e-02
1.381152e-01
2.071325e-02
5.767571e-02
6.460680e-03
1.990071e-03
1.185669e-02
1.128786e-01
8.200620e-04
1.609608e-02
5.753734e-02
2.096501e-02
3.347617e-01
2.344274e-03
4.717916e-01
7.786718e-02
3.335025e-02
1.142253e-02
8.624132e-02
2.035827e-02
2.589473e-03
3.577776e-02
8.597341e-02
1.057901e-01
3.419557e-03
1.864215e-02
1.236982e-02
9.025592e-04
8.567142e-02
1.743737e-04
2.917853e-02
1.886272e-02
1.260932e-02
5.557111e-02
5.486929e-02
8.037556e-02
1.309591e-01
2.529818e-02
9.098284e-04
7.245936e-02
2.634957e-02
5.687638e-02
5.954247e-03
1.438131e-02
1.420535e-01
5.749936e-03
1.177528e-01
6.195672e-02
4.178178e-02
5.551213e-02
2.884007e-01
6.105677e-02
4.694610e-02
2.401631e-06
6.163758e-03
8.103561e-03
3.577711e-03
4.652705e-03
2.973640e-01
3.638054e-03
1.354256e-03
3.622440e-03
2.366442e-03
1.611819e-01
3.171324e-04
1.932541e-02
1.893064e-02
1.192899e-01
3.269215e-01
3.118615e-03
8.540408e-02
2.767401e-02
1.912009e-04
8.533739e-03
1.839424e-02
6.208793e-04
1.204074e-03
3.174872e-03
3.202169e-02
7.090241e-02
1.863677e-02
1.121675e-02
7.833024e-03
4.868668e-02
6.199379e-04
9.340654e-04
1.282814e-01
1.832710e-01
2.589531e-05
2.804976e-02
3.392634e-02
2.398177e-03
5.477419e-03
1.846335e-02
2.299311e-01
1.269305e-02
4.235178e-02
2.696606e-03
6.006287e-03
5.544508e-03
1.776322e-04
1.195108e-02
6.469496e-03
3.508275e-02
4.182195e-02
3.905208e-01
1.201390e-02
6.561053e-02
8.762101e-02
1.148751e-02
7.504034e-03
8.515589e-03
2.555295e-02
3.853548e-03
1.266343e-02
1.133943e-02
6.148901e-02
1.135834e-01
2.526985e-02
1.720571e-04
1.417639e-02
6.800553e-03
2.108531e-01
1.629815e-01
1.215684e-03
1.756622e-02
8.532735e-04
5.021628e-02
1.299145e-01
7.890570e-03
1.961400e-01
1.504739e-02
6.801046e-02
7.431680e-03
5.542173e-02
5.964562e-03
3.135388e-03
1.620901e-03
1.591080e-02
3.899497e-02
7.589643e-02
3.866912e-01
1.173864e-03
1.332341e-02
1.365759e-02
5.730092e-02
3.382260e-02
4.116058e-02
3.724972e-03
6.148955e-03
5.985611e-02
4.021637e-02
1.163302e-05
4.274700e-02
3.779280e-03
2.496743e-02
9.063388e-02
1.107456e-01
1.113131e-01
1.437109e-03
6.920483e-02
2.996073e-05
1.699989e-02
2.209274e-02
2.179810e-03
4.365546e-02
1.458493e-03
9.497006e-05
1.497948e-02
3.413001e-03
7.994835e-02
9.949178e-03
1.509769e-03
2.015631e-01
9.814750e-02
1.971045e-02
4.041503e-03
3.914718e-02
1.026206e-02
1.027477e-02
4.580521e-02
2.402058e-04
7.555163e-02
2.699368e-02
4.464373e-03
2.017857e-02
1.385624e-01
1.074325e-01
4.313454e-02
8.179987e-04
2.068841e-01
6.697271e-02
7.627227e-04
1.277928e-02
4.950814e-02
9.127147e-03
9.048567e-03
1.200133e-01
1.240529e-01
2.322211e-01
3.294509e-02
3.126694e-03
1.709519e-01
1.828229e-03
7.316724e-02
1.171816e-01
4.951115e-02
9.392870e-02
9.279486e-03
1.763941e-02
1.453767e-02
1.478991e-01
2.981214e-02
1.505006e-02
8.446971e-03
2.178760e-01
3.204352e-02
4.487659e-03
6.001276e-05
4.220495e-03
1.853178e-05
2.502516e-04
1.866658e-01
1.598081e-02
2.809685e-02
3.699552e-01
1.395428e-01
2.407312e-01
1.776444e-02
3.300606e-02
3.636206e-03
9.846330e-02
5.626876e-02
1.952157e-02
3.735412e-05
7.462280e-05
1.018217e-01
2.014742e-02
6.521323e-02
1.031251e-02
2.503140e-02
3.956598e-03
3.227371e-02
8.470072e-03
2.823202e-02
2.162710e-02
5.270718e-03
5.354681e-03
7.002243e-02
2.625237e-02
3.181775e-02
1.239616e-06
5.660026e-03
1.539286e-02
1.542021e-03
1.978878e-02
3.010397e-03
3.886550e-02
2.667603e-07
2.314185e-02
4.289972e-01
9.068462e-04
1.650972e-02
6.778115e-03
7.370752e-03
5.187041e-02
1.219115e-03
6.866890e-03
1.413293e-01
8.625145e-02
1.143757e-02
1.465343e-02
4.279780e-02
3.988388e-02
7.872904e-02
6.627764e-02
1.201364e-01
3.284824e-03
3.755033e-01
3.986572e-02
5.274331e-02
7.399156e-02
5.793688e-04
2.205727e-02
1.939466e-02
2.430947e-02
2.395096e-06
7.138622e-02
4.558773e-03
2.868387e-01
3.013761e-02
1.680450e-02
3.131491e-02
3.000959e-02
2.494226e-02
3.842511e-05
7.280780e-03
7.549945e-03
2.534567e-02
3.621502e-02
3.006213e-03
2.624675e-01
