2.406474e-02
8.316579e-04
3.206820e-02
2.066810e-02
8.931875e-02
1.734147e-02
5.805319e-02
5.689469e-02
2.280736e-01
6.310638e-03
6.581877e-02
1.012380e-02
4.980555e-03
2.234551e-01
1.691775e-02
3.033515e-01
8.419777e-04
9.488416e-03
3.110469e-03
5.378925e-02
2.660807e-02
9.651498e-03
6.934276e-03
1.019386e-02
3.074292e-02
1.885740e-03
5.195873e-03
7.290225e-03
1.294259e-03
8.862046e-04
3.801562e-04
6.092735e-03
7.761468e-02
7.091267e-03
1.271255e-02
1.533226e-01
5.784825e-02
8.268693e-02
7.644025e-03
4.338034e-04
4.123738e-02
3.905182e-03
4.120877e-02
2.180930e-02
6.594479e-02
1.866242e-05
8.473175e-03
2.697349e-01
5.910347e-03
7.025810e-02
8.820437e-03
1.404803e-02
1.055890e-03
4.437235e-02
1.448989e-02
4.012940e-02
1.458650e-02
4.868741e-03
1.297026e-02
6.484026e-02
1.743507e-03
4.995082e-03
1.154384e-01
1.115992e-01
2.087577e-01
4.896236e-03
3.210578e-02
3.735229e-02
3.633956e-02
3.763091e-03
1.503617e-03
2.016327e-03
2.259759e-01
4.591644e-04
5.570600e-02
1.144626e-01
1.551766e-02
6.653946e-02
3.305916e-05
6.372447e-04
9.240603e-04
2.121333e-02
1.686757e-02
2.659434e-04
1.212314e-01
2.162346e-03
8.201677e-03
4.715190e-02
1.417296e-02
8.600962e-02
4.287600e-04
1.329622e-02
2.142068e-02
1.448357e-02
1.273749e-03
2.458952e-02
5.114389e-04
3.439708e-02
6.102369e-03
8.942892e-02
5.826668e-04
7.968384e-05
1.032490e-02
5.797860e-04
4.895120e-04
1.238081e-01
4.203805e-02
1.921311e-02
1.131464e-01
7.087151e-05
2.438026e-03
5.321718e-02
7.807641e-03
3.502577e-02
3.876374e-03
1.760578e-02
2.178215e-03
4.741279e-02
7.511393e-03
2.967153e-02
1.877345e-02
6.880232e-03
9.384886e-04
2.005693e-01
6.391036e-04
8.644571e-03
2.683467e-02
6.496301e-03
1.232106e-02
8.531490e-03
9.008162e-02
9.992554e-02
1.635582e-02
3.579073e-02
1.671088e-02
3.602351e-02
9.334598e-02
4.824508e-06
4.327902e-02
1.193252e-01
3.055614e-02
5.081914e-03
2.645717e-03
2.025517e-01
2.020344e-04
1.058847e-02
7.914753e-02
2.996680e-03
3.532292e-02
1.735328e-02
4.232724e-02
7.588166e-03
7.148940e-02
2.001565e-03
7.607937e-03
1.005799e-01
2.911060e-02
4.013650e-02
2.530038e-02
8.952298e-02
3.877973e-02
1.405382e-01
2.742566e-03
1.677591e-03
4.046177e-02
3.308929e-02
3.520723e-02
6.798189e-03
9.100007e-03
3.434578e-02
9.161323e-02
5.588660e-02
1.481474e-02
2.182320e-01
1.042096e-02
7.227529e-02
7.828103e-02
3.909120e-01
9.118387e-03
7.715565e-02
1.101182e-01
1.210379e-02
2.915874e-02
9.172087e-03
6.090992e-04
2.222093e-02
1.944232e-01
6.811162e-02
2.441592e-02
1.695865e-02
2.074447e-02
7.134896e-02
2.683754e-03
5.044292e-03
2.883754e-02
3.359043e-03
1.502663e-03
5.768396e-03
2.582358e-03
5.946063e-02
8.819046e-02
1.423787e-02
1.795506e-01
3.987325e-02
1.676881e-01
1.330351e-01
1.543292e-01
2.664499e-02
1.019141e-01
8.014724e-02
3.673844e-03
4.172311e-02
1.838237e-02
8.041652e-02
9.471126e-04
9.443116e-02
1.880497e-03
4.111635e-02
7.840457e-05
8.665880e-02
7.611247e-02
6.479787e-02
2.281461e-04
7.304477e-03
9.336041e-02
1.410413e-04
2.822931e-01
1.720194e-03
5.940122e-02
9.080427e-02
1.878637e-03
4.987457e-02
2.344937e-02
5.207107e-04
3.061850e-01
3.710919e-02
9.311407e-03
2.072044e-02
1.943417e-01
3.011851e-02
6.385978e-04
1.611716e-01
1.459596e-02
3.211421e-02
3.582611e-02
9.637526e-03
8.741429e-03
3.118759e-02
1.048169e-01
2.827382e-02
6.442592e-04
1.212667e-03
1.894408e-04
2.433006e-04
9.355664e-02
5.050459e-03
1.235884e-02
5.060957e-02
5.117512e-02
2.434468e-01
6.887875e-02
1.046614e-04
1.098915e-02
3.484914e-02
6.974967e-02
3.619425e-02
2.211236e-01
9.924483e-02
3.733870e-02
1.114763e-06
2.858354e-02
1.453183e-03
3.797079e-02
4.047542e-02
2.692764e-05
3.811890e-02
3.028808e-02
1.357836e-03
1.300136e-02
6.358718e-02
1.377643e-02
1.057732e-04
4.571988e-03
8.586307e-02
1.180504e-02
2.851081e-03
1.251794e-02
3.610552e-04
4.348103e-05
1.018982e-01
2.503190e-02
1.025711e-01
1.754747e-01
3.242017e-01
8.076959e-02
1.599500e-02
3.408610e-02
1.317832e-02
2.018870e-01
8.601261e-03
3.186981e-01
7.937335e-02
3.088186e-02
3.284663e-03
1.718661e-01
2.319736e-02
1.907218e-03
2.255133e-02
2.534613e-02
1.485000e-03
6.758076e-02
2.863312e-01
1.174482e-02
1.055936e-01
1.210748e-02
1.444778e-01
3.983909e-02
5.315948e-05
8.277964e-04
8.902533e-03
6.281061e-03
3.015606e-01
5.769617e-02
2.338477e-02
4.096903e-02
2.227836e-01
3.557358e-03
2.530771e-02
4.456189e-02
5.506085e-03
5.652930e-03
5.009094e-02
4.180620e-02
5.840747e-02
2.696035e-03
3.526781e-01
5.056666e-02
1.614297e-02
3.449160e-02
2.397600e-03
2.363087e-02
5.919970e-02
8.430005e-02
2.687214e-03
1.820214e-03
2.467182e-02
4.754451e-04
1.345390e-03
8.361891e-05
2.917231e-02
2.918615e-02
9.938818e-05
4.863320e-02
1.037681e-07
4.041818e-03
5.348627e-04
7.727331e-02
4.259278e-02
2.047894e-06
2.238995e-02
5.323604e-03
9.177293e-02
7.071219e-03
5.932283e-03
7.430553e-02
1.096003e-02
1.192805e-01
3.190016e-02
6.414912e-06
1.115054e-01
2.022838e-02
5.244403e-03
1.526285e-02
3.544556e-02
2.453867e-02
2.557659e-02
7.617957e-02
4.567361e-03
1.173844e-02
9.263769e-02
2.543942e-03
8.101719e-02
8.838683e-02
1.960015e-01
2.681888e-02
1.910918e-01
3.833517e-01
1.331471e-01
5.801112e-02
4.785958e-02
3.954019e-02
2.236227e-02
2.789161e-02
3.712491e-02
1.227709e-03
1.769564e-01
1.035465e-03
3.556383e-01
4.888707e-02
2.717054e-02
9.003650e-03
4.408220e-02
7.688129e-02
7.077865e-04
1.385065e-03
7.547266e-02
4.343431e-02
3.098609e-02
5.083787e-03
1.959052e-02
2.082395e-03
7.832090e-02
1.987030e-03
3.928509e-04
2.826650e-02
2.806057e-02
2.598360e-02
1.312551e-01
1.701029e-02
2.632887e-02
1.742703e-02
9.745914e-02
3.084882e-03
2.639531e-02
1.274004e-01
8.725896e-02
5.029948e-02
3.130757e-04
1.563069e-01
7.177828e-03
2.248211e-05
5.380963e-03
2.918233e-02
6.544478e-04
2.327317e-01
1.205887e-02
4.237136e-02
2.514794e-03
4.258001e-04
1.863917e-01
2.115708e-01
7.592182e-02
1.285331e-02
4.728326e-06
2.714592e-03
4.567773e-02
2.638307e-02
2.880938e-01
1.211516e-01
2.328341e-02
2.246286e-02
1.474384e-01
3.378806e-02
2.454600e-02
3.274777e-02
3.072826e-06
9.008766e-02
2.103102e-02
5.278238e-02
2.588806e-02
7.073931e-02
8.783118e-02
4.270621e-04
2.040494e-03
2.043082e-02
1.613863e-03
2.642240e-02
1.491855e-01
2.834291e-03
2.013386e-02
2.197227e-02
4.407066e-03
4.156981e-03
8.758116e-03
4.164673e-02
1.501260e-02
2.543556e-02
5.487652e-03
1.793152e-03
1.019711e-02
1.403206e-01
2.699428e-02
5.258984e-07
4.139113e-02
1.918082e-01
3.602406e-04
7.797898e-03
2.398617e-02
2.206441e-02
1.028039e-01
2.922946e-02
1.094966e-02
7.092965e-03
3.604296e-02
4.528663e-02
5.080817e-02
3.214932e-03
1.908892e-04
1.162854e-01
2.820078e-01
3.315497e-05
3.243028e-02
3.228491e-02
1.060870e-03
1.446343e-01
7.576689e-02
2.676427e-02
1.734005e+00
3.586105e-02
7.951499e-03
8.078663e-05
2.289825e-02
4.538370e-03
1.201919e-01
5.237431e-03
2.509676e-02
2.239362e-08
8.547034e-02
6.938611e-03
5.894646e-02
4.558257e-03
2.888002e-02
1.004672e-01
4.525755e-03
1.851010e-01
3.826816e-03
6.429482e-02
3.338339e-03
8.037442e-02
7.358574e-02
2.226096e-03
1.599765e-02
9.019648e-03
2.169089e-06
2.728933e-01
9.272574e-03
1.709384e-01
1.586890e-01
1.437492e-02
3.664808e-03
3.715505e-03
7.764736e-03
3.350954e-03
3.101369e-04
1.826579e-03
4.759927e-02
9.459755e-02
1.339456e-01
2.455049e-03
5.144487e-02
4.319003e-02
2.413983e-02
5.731227e-03
3.411023e-02
1.930447e-03
1.827604e-02
1.238932e-01
2.237076e-01
5.090249e-02
3.204328e-01
4.388903e-02
2.804952e-03
2.192340e-02
3.894935e-03
2.059969e-03
2.699538e-02
1.022138e-05
7.011696e-03
4.301473e-02
1.795666e-02
7.498221e-03
2.852509e-02
1.162280e-03
1.860502e-02
1.173059e-01
5.263694e-02
1.067325e-02
1.221164e-05
1.065454e-01
3.180847e-02
7.090100e-02
2.354370e-04
1.844787e-02
2.108524e-03
7.727987e-02
9.585375e-02
2.789611e-02
1.017859e-02
1.575475e-02
5.274943e-03
5.310894e-04
9.911293e-02
2.594026e-01
1.063671e-01
