1.315059e-02
1.369283e-04
1.941714e-02
7.684687e-03
5.724395e-02
2.222463e-02
3.186141e-02
2.086063e-02
2.139568e-03
1.322765e-02
1.071143e-02
1.123094e-02
4.528134e-03
1.387938e-03
1.772459e-02
1.392850e-01
4.460712e-02
5.155707e-03
1.335091e-03
1.688662e-03
9.529304e-03
1.629489e-02
1.026129e-01
8.632437e-02
2.251794e-04
4.789165e-03
1.768513e-03
1.732123e-02
7.100015e-02
4.014984e-04
6.499641e-03
1.715317e-01
3.501762e-04
1.078695e-02
6.873163e-03
1.423030e-02
1.820068e-02
3.507625e-09
3.905664e-03
9.948038e-03
8.165565e-03
1.113778e-02
3.029527e-03
2.117683e-01
4.225225e-02
1.975229e-01
1.244245e-02
2.317669e-02
2.697551e-02
3.590980e-02
6.827301e-03
3.317052e-01
1.740963e-01
1.130873e-01
6.929253e-02
3.594624e-03
1.400243e-03
5.445897e-02
1.860213e-03
4.459893e-02
4.848452e-01
1.180384e-04
1.806479e-01
3.844162e-02
2.019973e-04
2.431799e-02
3.005470e-01
2.957326e-03
1.425423e-01
3.927413e-03
1.361566e-02
2.127862e-02
4.794015e-02
4.290046e-02
7.728427e-02
2.313792e-03
1.204259e-02
6.765551e-03
2.422980e-02
1.015319e-01
2.169877e-03
1.297611e-02
4.000386e-02
1.945669e-03
4.088882e-03
8.180725e-03
5.190549e-03
5.460696e-02
9.662866e-04
5.530726e-04
5.275614e-03
1.319924e-01
7.553709e-02
2.387395e-04
1.081801e-03
1.197291e-01
4.540128e-04
7.786855e-02
1.037482e-02
9.928255e-02
5.398764e-04
2.399497e-03
1.920317e-02
1.370047e-01
3.923117e-02
1.826320e-01
6.664230e-03
1.273296e-03
5.511413e-02
1.633941e-01
1.721326e-02
7.672100e-02
7.582142e-02
1.205620e-01
9.248253e-03
3.263784e-02
4.982235e-02
9.311794e-03
1.436119e-01
3.820238e-02
3.126523e-02
3.764212e-03
4.754643e-04
1.002086e-01
6.657105e-03
2.121301e-01
5.666712e-03
4.120376e-01
1.085432e-01
2.261411e-01
2.743951e-02
1.159093e-05
1.280615e-02
2.151221e-01
2.375104e-05
6.276298e-03
3.684638e-03
1.476580e-02
3.843980e-01
3.634344e-03
1.662932e-01
3.792907e-02
2.622460e-03
3.720376e-01
6.062599e-05
2.950727e-03
7.315254e-02
2.280471e-01
4.503279e-02
1.522688e-02
8.485084e-03
4.526912e-03
3.577623e-03
1.867938e-02
2.396299e-01
1.012041e-01
3.844678e-02
2.037982e-01
4.046935e-02
9.657577e-01
4.196224e-04
3.877565e-03
5.290648e-02
2.245949e-01
4.191504e-02
9.532205e-03
4.512448e-02
6.436246e-02
3.378431e-04
5.137627e-02
9.741435e-03
1.745951e-01
2.045127e-02
4.119837e-02
7.174935e-02
1.703458e-02
1.012826e-02
5.678745e-02
9.560230e-03
7.490809e-03
4.431091e-07
3.675529e-03
1.705400e-02
2.327181e-02
9.109555e-04
1.847425e-02
9.630070e-07
4.488497e-01
2.294387e-03
7.245717e-02
9.349789e-02
2.958491e-03
1.274221e-01
9.987256e-02
3.387116e-02
1.221761e-02
1.159785e-03
9.232364e-02
3.092308e-02
8.083765e-02
1.457439e-02
3.340948e-03
5.464224e-02
6.482507e-02
8.982204e-02
7.953974e-05
8.005719e-02
1.437112e-02
1.173009e-01
1.230234e-02
8.501848e-02
5.055147e-02
1.443308e-02
1.400574e-02
2.030158e-04
5.040085e-03
7.193988e-02
4.279430e-01
9.247782e-02
2.367419e-02
1.526244e-01
2.386170e-02
1.517959e-01
2.012356e-02
4.794221e-02
5.466770e-03
1.170365e-01
1.632334e-02
1.559554e-03
4.792752e-04
2.179769e-01
8.331267e-03
2.289856e-02
6.420885e-04
1.602950e-02
1.053461e-02
3.436525e-01
2.614806e-03
1.454068e-03
2.081057e-03
5.351646e-02
3.428840e-02
7.815898e-04
5.290163e-03
2.840819e-05
8.111312e-02
2.806203e-02
8.753433e-02
2.137055e-03
1.591244e-02
1.342566e-02
2.185937e-03
1.808476e-03
5.112018e-02
6.699859e-03
9.560431e-03
2.023928e-02
1.109070e-01
9.874972e-02
2.410620e-03
6.657117e-02
3.016109e-03
3.295862e-02
1.417849e-02
6.255090e-03
9.862386e-02
2.360448e-01
1.289746e-01
2.839665e-02
1.918578e-01
1.063384e-02
2.069817e-02
3.086490e-03
7.467913e-07
2.654629e-03
1.375187e-01
3.154423e-03
2.291161e-04
6.977665e-03
7.268775e-02
2.016608e-02
1.537552e-02
1.713414e-02
4.087536e-02
4.752013e-03
5.908117e-02
1.858813e-02
5.733428e-03
7.546279e-03
2.170306e-03
1.345252e-02
3.501837e-03
7.376090e-02
9.521802e-02
8.649804e-02
1.358440e-01
1.996443e-02
3.738765e-02
1.612944e-03
4.008020e-03
8.253795e-02
3.161481e-02
7.108750e-04
7.786492e-02
3.020647e-02
2.941333e-03
1.005032e-01
3.180025e-02
7.053734e-02
1.789703e-02
8.172673e-04
1.532316e-01
4.042847e-03
3.017506e-02
2.451454e-01
4.166220e-03
7.105139e-02
8.454907e-02
2.898788e-03
6.737579e-03
5.405655e-02
1.745249e-02
5.565202e-02
4.675518e-03
1.214015e-01
1.517672e-01
9.784763e-02
8.702616e-02
3.349179e-02
1.961316e-01
2.837976e-02
3.506119e-05
1.586220e-03
8.215726e-02
3.645315e-04
1.071804e-01
4.892870e-02
5.073868e-02
2.282629e-01
1.793252e-02
5.281750e-02
3.645350e-02
3.437756e-03
2.699704e-02
6.532877e-02
5.176705e-03
1.917955e-03
4.142611e-03
1.786690e-04
5.870894e-03
3.306382e-02
7.124841e-03
5.672277e-03
1.287240e-01
2.535846e-01
6.387781e-03
1.762708e-04
1.007084e-02
1.069868e-03
7.005166e-02
1.105655e-03
5.395162e-03
3.745767e-02
2.432053e-02
5.021426e-03
1.337935e-01
2.163971e-02
3.729100e-02
3.953646e-03
2.712694e-02
1.824103e-03
6.205440e-02
1.557920e-02
6.011393e-03
2.522961e-02
1.188935e-02
2.528754e-02
6.237381e-02
1.322607e-02
6.648349e-04
1.497780e-02
3.307015e-03
1.414303e-03
7.130491e-03
1.233115e-02
1.852973e-03
5.918834e-02
1.699821e-05
2.030924e-02
6.080905e-05
6.578590e-02
4.952025e-04
5.368724e-04
2.307947e-03
5.500023e-03
1.231480e-02
2.233794e-02
2.488202e-02
2.707523e-02
3.363567e-02
1.673601e-02
5.425605e-02
1.409826e-02
1.616792e-02
3.887765e-02
4.580584e-02
1.985587e-03
4.184292e-02
1.711462e-03
2.569625e-03
5.828779e-02
1.092490e-03
4.495505e-03
2.380106e-02
8.181808e-02
1.014236e-01
5.000246e-03
6.532407e-01
3.085662e-05
2.248043e-04
1.861379e-04
3.660631e-02
1.004405e-02
2.543252e-04
1.038307e-02
8.303458e-03
2.458388e-04
1.313138e-01
1.698344e-01
9.140888e-02
6.744210e-02
1.060508e-04
1.920924e-02
1.712085e-03
1.837876e-01
1.178626e-02
3.911678e-04
3.116425e-03
2.659639e-02
5.456439e-03
4.103863e-04
3.507380e-03
1.478464e-02
2.749860e-01
6.969690e-03
2.733958e-02
4.991103e-02
8.530771e-03
5.330714e-03
6.388667e-03
3.809719e-02
6.327670e-03
1.619650e-01
2.283276e-01
3.201047e-02
8.041696e-05
6.946623e-08
6.202619e-02
5.031124e-03
6.611934e-02
3.459063e-02
1.087803e-02
6.362264e-03
2.003090e-02
1.635673e-01
1.704482e-04
1.493492e-04
3.026833e-02
2.500481e-02
6.676309e-02
4.253065e-01
8.665980e-01
1.799192e-02
7.581113e-02
2.403112e-04
1.001440e-01
4.051150e-02
2.627876e-03
1.372126e-01
2.527392e-03
2.126973e-02
5.134122e-03
1.667950e-03
5.907754e-04
7.790118e-02
1.963517e-01
1.919758e-01
4.199306e-02
1.987276e-02
6.955925e-02
1.029038e-01
1.791542e-01
1.176343e-03
2.255772e-01
2.554707e-03
1.699922e-02
1.111834e-01
2.177643e-04
2.041624e-01
8.911037e-03
9.913970e-03
6.288542e-02
8.353569e-04
7.151857e-04
6.380214e-06
2.080570e-03
1.336180e-02
1.760615e-01
2.856516e-04
1.494851e-02
8.996032e-02
4.108964e-02
7.097564e-05
5.014089e-03
6.413661e-02
6.890324e-02
2.555316e-02
8.604001e-03
5.347847e-02
1.731695e-04
1.444391e-02
8.785071e-03
2.283772e-02
6.071201e-02
5.705944e-03
1.577572e-01
1.096361e-02
1.702835e-01
2.098195e-03
2.760570e-02
8.260990e-04
1.836775e-01
8.803844e-02
4.731308e-04
6.293861e-03
2.893223e-02
4.081406e-02
7.535169e-03
4.190989e-03
2.996827e-02
2.661993e-01
3.066877e-01
6.734364e-03
9.479558e-02
2.043804e-01
2.996049e-03
1.082057e-02
3.179849e-03
3.249536e-02
9.127226e-02
1.597697e-01
4.967244e-02
2.950972e-03
2.632756e-02
9.374852e-02
4.617381e-02
1.047461e-03
1.269417e-03
8.336389e-03
2.822439e-05
2.060678e-01
8.983872e-03
3.079609e-03
4.663944e-01
7.982826e-03
1.046960e-02
1.204713e-02
4.526022e-02
3.166697e-03
1.950243e-01
1.153251e-01
1.230707e-02
1.201502e-03
7.948006e-04
3.531090e-01
1.081745e-02
6.767241e-03
3.104690e-02
5.559385e-02
5.840514e-02
2.333099e-03
8.955948e-06
4.779649e-02
8.699548e-04
4.282544e-03
1.574582e-04
2.387003e-02
2.578162e-02
2.065185e-03
9.301071e-02
8.818818e-03
6.215307e-04
2.625004e-02
9.464326e-02
