3.848329e-02
3.806191e-03
1.779237e-02
2.130348e-02
3.075504e-03
1.119649e-01
4.569376e-02
7.982650e-04
9.324124e-02
1.118109e-02
4.874528e-02
1.804191e-01
7.629057e-02
4.103144e-03
3.856452e-02
8.157345e-03
1.243635e-06
1.013096e-01
8.130395e-02
3.701817e-05
1.152831e-01
8.803013e-03
1.542656e-03
1.832896e-01
2.967003e-02
8.639071e-04
1.322482e-02
2.730375e-02
3.518296e-02
2.613015e-02
8.712690e-03
1.147516e-01
2.380444e-03
6.242070e-03
2.266440e-02
5.756774e-02
9.334998e-04
7.342689e-02
3.515258e-02
3.687642e-02
6.432090e-02
4.081443e-02
1.299955e-01
5.969359e-02
5.862389e-05
1.258126e-01
7.177357e-03
1.017328e-01
4.031333e-02
5.745736e-02
9.114685e-05
1.229858e-02
1.856225e-01
2.005615e-02
8.015021e-02
3.153257e-03
2.114910e-02
6.160415e-02
8.666047e-02
3.579417e-02
8.468179e-03
3.690558e-02
3.963702e-01
1.950962e-02
8.003362e-03
3.801828e-05
1.194247e-01
6.010335e-02
8.508894e-03
6.585882e-02
6.986377e-04
3.389641e-02
6.073771e-02
8.029752e-02
1.198221e-02
1.163179e-02
1.751522e-02
3.691648e-02
4.747947e-02
1.436868e-01
4.666636e-02
1.340353e-02
4.592356e-02
3.459381e-02
8.533344e-02
3.860803e-02
3.987726e-02
2.046151e-02
3.965907e-02
5.181144e-02
8.628356e-02
1.386822e-03
4.740733e-02
2.772401e-02
8.493279e-02
9.664498e-02
2.004160e-02
7.254169e-02
7.054690e-02
1.508385e-01
2.401979e-02
4.773522e-02
2.433001e-02
3.708437e-02
6.081008e-03
1.195520e-02
8.626503e-03
2.908892e-02
9.212686e-02
1.118773e-01
1.537388e-02
1.666391e-05
7.199219e-02
6.521613e-02
3.142158e-02
3.148873e-02
2.556603e-04
1.843976e-01
1.529386e-03
3.921707e-02
6.793142e-03
7.922787e-02
1.490228e-01
2.333245e-02
3.618987e-02
4.604268e-03
1.558799e-02
8.651273e-03
1.091260e-02
1.281354e-02
1.147760e-02
8.813456e-02
1.049531e-01
1.913448e-01
5.741587e-02
3.620134e-01
5.283819e-02
1.142574e-03
2.956861e-02
6.443091e-02
1.552496e-02
6.518236e-02
1.759536e-03
2.173851e-04
1.293888e-03
2.365467e-02
4.715502e-02
2.547083e-02
7.058110e-02
2.048191e-03
1.263081e-01
2.525407e-03
1.325050e-01
5.020985e-01
1.183661e-01
1.219471e-01
9.260470e-02
6.718571e-03
3.418710e-02
7.354919e-02
3.277868e-02
4.638890e-02
3.853624e-05
2.679909e-02
1.138947e-01
6.612996e-02
3.949809e-02
1.077722e-03
4.075274e-05
4.471130e-03
6.473912e-02
2.244063e-03
6.617692e-03
4.071394e-02
1.875473e-03
4.141866e-02
6.427012e-02
4.529366e-04
3.327099e-04
1.161894e-02
9.469734e-02
7.775396e-02
1.179365e-02
2.870084e-02
1.739756e-02
1.348566e-02
8.706256e-02
1.416729e-01
2.102296e-07
8.181765e-02
2.649410e-02
2.505823e-03
1.141434e-02
2.038973e-04
2.164280e-03
1.107534e-02
3.895153e-04
1.744147e-02
2.515204e-02
7.934322e-02
3.376387e-03
4.227250e-06
9.023936e-02
3.179740e-04
1.026020e-01
2.178733e-05
1.213796e-02
1.717799e-01
5.989172e-03
2.473884e-01
9.330320e-02
6.420758e-02
8.365643e-05
7.680066e-02
4.353541e-03
2.261341e-03
2.974198e-04
8.209345e-02
8.618212e-02
4.169322e-05
3.451455e-04
1.375639e-03
2.759007e-03
6.967365e-02
5.182125e-03
1.003938e-03
4.752998e-03
1.525824e-02
9.484629e-04
1.527939e-01
2.961501e-02
5.245849e-03
6.178948e-02
5.836149e-03
7.382690e-02
5.076735e-02
6.724723e-02
6.332253e-02
1.160074e-01
3.653353e-03
2.755883e-03
1.725055e-02
6.358613e-03
1.006556e-03
9.055516e-06
1.008121e-02
3.331156e-03
1.530347e-01
4.039591e-03
8.977058e-02
6.149417e-03
3.840969e-03
3.802614e-03
3.932863e-01
5.107539e-03
2.013272e-03
1.004556e-02
3.877771e-02
3.338749e-03
1.990062e-02
3.617759e-01
4.962781e-04
8.708019e-03
1.462269e-02
5.704029e-02
5.310385e-03
7.919003e-03
3.575316e-02
2.136381e-01
4.925617e-02
4.134226e-03
6.679999e-03
9.415218e-06
7.644388e-02
1.495629e-01
1.151434e-01
1.272269e-01
2.389181e-02
1.408584e-02
5.503542e-03
2.058013e-02
1.003177e-03
8.150695e-02
2.023842e-02
2.067721e-02
5.658080e-03
1.677404e-02
1.798496e-05
7.470517e-02
2.362233e-03
5.604467e-03
1.162756e-02
1.818216e-01
1.346175e-02
1.966014e-01
5.133952e-02
1.646599e-02
2.471961e-02
4.060740e-03
2.496223e-02
1.481976e-02
2.379737e-02
1.220147e-01
3.809377e-03
4.981875e-03
2.736749e-02
8.908636e-04
2.520720e-01
8.532436e-03
3.410158e-01
2.855169e-02
3.183873e-02
1.839867e-02
2.136647e-03
5.443827e-01
1.355086e-02
1.893730e-04
4.233860e-02
1.298419e-02
1.591754e-01
1.410202e-01
3.010303e-01
9.248459e-02
2.280767e-03
3.545149e-03
2.273076e-02
7.980710e-03
1.036609e-03
3.598254e-04
2.031695e-04
7.703243e-02
1.081988e-03
3.618398e-02
8.259758e-02
1.396628e-01
1.075111e-01
3.093470e-02
8.200906e-02
1.500847e-01
8.536823e-02
9.016169e-03
8.233954e-03
2.174587e-03
9.471623e-04
8.831296e-02
1.858242e-02
2.015227e-02
1.011175e-02
7.708261e-02
2.321532e-01
5.228367e-03
1.820528e-03
2.430544e-01
9.316981e-04
5.891274e-03
7.774554e-03
1.076282e-04
2.701047e-01
5.328971e-04
2.484911e-02
6.300773e-02
4.279433e-02
2.521404e-02
7.125530e-03
3.243951e-03
2.454967e-05
1.006694e-03
7.969725e-02
1.308146e-02
8.579355e-02
1.066398e-02
2.756988e-02
3.515495e-01
1.067844e-02
2.766672e-02
1.266151e-01
2.365119e-03
4.219452e-02
2.261424e-03
5.651847e-02
1.927036e-01
3.306147e-02
6.646579e-02
8.600448e-03
2.850234e-02
2.927421e-01
6.025412e-03
2.324232e-02
2.353839e-02
3.835874e-02
2.906627e-01
3.915714e-03
4.613242e-03
1.612298e-01
8.828206e-03
3.907965e-02
5.765795e-03
1.683151e-02
1.234285e-02
6.986415e-04
1.281089e-02
5.123535e-03
2.091110e-03
1.887725e-02
5.338138e-02
1.501958e-03
9.267462e-04
3.102428e-03
2.498681e-02
2.417574e-03
1.166589e-01
3.647687e-02
2.235991e-04
6.744436e-02
2.541386e-04
8.829867e-03
9.308713e-03
6.006350e-02
1.423638e-02
3.607482e-02
3.082267e-02
8.363702e-03
1.050451e-02
3.008723e-03
6.572076e-02
9.873645e-02
5.849863e-02
2.001259e-04
7.471830e-02
4.112485e-02
2.163754e-04
8.809772e-02
5.718108e-04
1.617437e-02
8.729795e-04
1.471289e-02
1.328017e-01
2.142892e-03
1.134931e-02
1.223236e-03
2.504598e-02
1.571248e-02
3.125219e-03
1.812890e-01
2.572958e-02
4.934500e-03
6.042740e-03
7.982744e-02
1.262665e-01
8.486060e-02
3.627767e-02
9.422484e-05
5.500936e-03
8.716252e-02
1.690361e-02
1.586562e-02
1.277776e-01
1.258703e-01
2.267535e-02
2.091923e-03
1.269832e-02
6.791856e-02
1.464303e-03
4.054424e-02
1.325062e-01
9.043924e-02
1.095599e-01
9.730926e-03
1.081919e-01
1.344617e-08
6.738155e-02
1.421995e-02
8.035226e-02
7.057685e-03
1.130621e-03
3.480637e-03
1.198982e-01
3.110740e-03
1.039876e-03
8.264955e-02
1.929543e-03
2.869873e-02
1.418846e-02
7.306964e-02
2.204010e-01
4.993769e-03
9.628934e-03
8.048130e-04
2.166419e-02
1.605927e-01
1.365979e-01
1.809244e-02
1.026133e-01
3.676855e-03
4.548332e-02
4.703516e-02
1.412427e-01
5.392970e-02
1.279690e-01
3.304555e-02
3.015287e-01
1.904091e-02
1.291704e-01
1.889734e-03
1.137696e-02
2.008695e-02
1.971055e-03
3.792391e-01
7.239190e-02
9.501732e-02
1.776906e-03
4.348543e-05
1.624376e-02
2.969126e-02
7.515207e-02
1.709306e-01
3.645140e-02
1.166444e-02
7.681404e-03
9.374485e-03
5.367646e-02
8.665231e-04
2.244988e-02
5.205166e-02
7.784327e-02
4.167482e-03
1.478253e-01
5.041319e-02
1.384509e-02
5.517267e-02
7.273406e-02
1.163761e-01
2.068480e-01
4.122629e-03
8.576340e-04
1.146994e-01
4.970282e-02
2.665642e-01
1.212017e-02
2.753608e-04
1.080785e-03
7.528380e-03
1.917824e-01
4.426022e-02
5.771172e-02
8.693632e-02
1.030291e-01
4.363035e-02
1.897464e-01
6.145451e-03
1.788757e-01
4.551906e-05
5.477744e-03
5.014386e-02
2.082494e-02
5.490376e-02
2.591661e-02
4.473433e-02
2.496293e-03
2.527515e-03
9.483629e-03
6.209625e-04
3.544318e-02
3.891007e-03
1.405747e-02
3.170147e-03
4.549026e-04
8.851712e-02
2.285803e-02
9.878434e-06
2.247921e-02
1.942944e-03
6.493673e-02
4.606785e-02
1.931136e-01
3.920862e-02
2.627121e-03
1.206814e-01
6.885241e-03
2.346321e-02
8.626488e-03
3.556578e-02
2.048723e-02
1.068362e-02
6.203219e-05
8.159552e-02
2.147582e-02
3.344640e-02
4.025171e-03
2.075716e-02
3.287588e-05
1.619819e-04
1.368617e-02
1.851967e-02
