7.565140e-02
6.693457e-02
2.953167e-03
4.948183e-04
2.271971e-03
7.461729e-05
3.857735e-03
1.876143e-04
1.466686e-03
1.528094e-01
4.988533e-02
2.570666e-04
2.753008e-02
2.572596e-03
1.302284e-03
5.149207e-02
3.019290e-02
2.277376e-01
6.687105e-04
3.058948e-03
1.342269e-02
1.976974e-01
2.782922e-02
9.622283e-03
4.000944e-02
2.295829e-01
5.480626e-04
1.841555e-01
1.728962e-02
2.514223e-01
4.642972e-02
1.383262e-02
2.505050e-04
6.732048e-02
2.204117e-02
2.554079e-02
1.211575e-03
9.358778e-04
4.751391e-02
5.129089e-03
1.455075e-02
2.296600e-03
2.444517e-02
4.235168e-02
2.479245e-01
9.722314e-04
1.531402e-02
1.841450e-02
3.316531e-03
8.539825e-02
4.729675e-02
1.617181e-02
2.838347e-02
3.135086e-04
1.111310e-02
3.175847e-03
1.848477e-02
3.062021e-04
9.614639e-02
7.332521e-03
1.168924e-02
1.933409e-03
1.202147e-02
1.589275e-02
2.766336e-02
6.590848e-02
1.667712e-02
4.990973e-02
2.563713e-02
2.165281e-02
3.854837e-03
3.726802e-03
2.152835e-03
2.398301e-02
7.562922e-03
2.005564e-04
5.527502e-02
3.558216e-02
2.438063e-02
5.392485e-02
1.416263e-03
8.269650e-02
5.647289e-02
2.344764e-02
3.560682e-02
8.854604e-02
2.077938e-02
6.285196e-02
4.007461e-02
4.133141e-02
1.079443e-01
1.204998e-02
8.576728e-03
5.210341e-02
7.665039e-02
4.432298e-05
3.432470e-03
3.068777e-03
1.691871e-02
2.966649e-02
1.427685e-01
2.174406e-03
2.602978e-02
3.875382e-01
3.514896e-03
6.907576e-02
1.106636e-01
3.211391e-03
1.413985e-01
4.264328e-03
6.822911e-04
3.706430e-02
1.993137e-01
3.998522e-03
3.514118e-02
7.453975e-04
7.229377e-02
2.471568e-03
1.645550e-02
1.126850e-01
2.047234e-02
5.688132e-04
8.550694e-04
1.824418e-02
2.151267e-01
1.265814e-02
1.114471e-01
1.808497e-02
6.451631e-03
4.496063e-02
1.971358e-02
1.670272e-01
1.789095e-03
3.060039e-02
1.431641e-03
1.775931e-02
2.237669e-02
2.496110e-03
7.048184e-04
3.543498e-02
7.036022e-06
1.373302e-01
9.780973e-05
4.176312e-03
1.666212e-01
1.438329e-05
4.291849e-01
1.333141e-02
8.431714e-03
4.922764e-04
3.272276e-02
9.204315e-03
8.294088e-04
2.097029e-02
2.563389e-03
3.277458e-05
9.970595e-03
4.322970e-03
1.647451e-06
1.361934e-02
7.494126e-02
9.829249e-06
4.076674e-02
8.324702e-02
1.526477e-02
5.263575e-03
4.690276e-02
1.583666e-01
1.467810e-01
7.017710e-02
8.004078e-02
1.680577e-02
9.606492e-02
3.188904e-03
2.750569e-02
1.182405e-02
1.279662e-01
1.160807e-01
1.291780e-02
4.092597e-02
3.487790e-03
2.303842e-02
1.140831e-03
7.616686e-02
1.151339e-01
1.018460e-01
1.136607e-01
2.559591e-02
2.855962e-03
4.709681e-02
1.304430e-02
1.124318e-02
1.118493e-03
2.364393e-01
2.043216e-03
4.055522e-02
2.422598e-05
7.838913e-02
2.018068e-02
1.003537e-01
1.471266e-04
3.673085e-03
1.398732e-02
4.134593e-05
3.876740e-02
1.688988e-02
4.645835e-03
3.258865e-03
6.692730e-03
3.332998e-02
7.564070e-04
4.219970e-02
6.195105e-02
3.212894e-03
6.671276e-03
9.603308e-02
9.630311e-02
3.617781e-03
1.350423e-01
1.201105e-02
3.865256e-02
3.006359e-02
1.456795e-01
4.877693e-03
1.063827e-01
2.004375e-02
1.746140e-02
3.082079e-01
3.395558e-02
6.705363e-04
2.789962e-02
7.330660e-02
3.543839e-02
1.784713e-01
1.471071e-01
1.591066e-01
8.837871e-03
2.911016e-02
5.614026e-02
8.412422e-02
1.271647e-02
2.641767e-02
2.386210e-02
7.216215e-03
6.786333e-02
4.757022e-02
1.206893e-01
9.748180e-02
1.117780e-01
1.583688e-02
5.806848e-02
6.164737e-02
2.394566e-03
1.800833e-02
7.348045e-02
1.803700e-01
3.054986e-03
1.888275e-03
4.101052e-03
1.188361e-02
8.969548e-04
2.254901e-01
3.629766e-03
6.995382e-02
7.887795e-04
3.031387e-03
3.115688e-02
7.124067e-03
3.712335e-06
1.388671e-02
1.461921e-02
1.856914e-02
2.743111e-01
2.459343e-02
2.922765e-02
1.673566e-03
1.127577e-02
4.520930e-02
1.348766e-02
7.736919e-04
5.637216e-02
1.855169e-02
8.883745e-02
5.791848e-02
9.247229e-03
2.033207e-02
1.689785e-02
7.620998e-03
7.114864e-02
2.333695e-02
6.617562e-06
2.318997e-02
1.158132e-03
2.704052e-04
1.442090e-01
8.914546e-02
8.796037e-02
9.785152e-02
2.812481e-02
1.215469e-02
1.450206e-02
1.895676e-02
3.701991e-03
2.342561e-02
8.853023e-02
1.246114e-02
3.713334e-02
6.947807e-03
1.191668e-02
4.980859e-02
2.043914e-02
1.499659e-02
2.236647e-02
4.495769e-03
1.876887e-02
1.533421e-02
3.685298e-02
2.231721e-02
5.815693e-04
2.357429e-02
1.315923e-01
3.278892e-03
2.069901e-02
6.351145e-03
7.959650e-02
3.331301e-03
4.485511e-02
1.036399e-01
2.306417e-01
4.809776e-04
9.769809e-02
1.167505e-02
1.054207e-02
5.846934e-02
6.663865e-02
5.108914e-02
7.596544e-06
2.773298e-02
1.258092e-02
8.846171e-03
4.341453e-05
1.540758e-01
9.071632e-02
5.104396e-03
8.508718e-05
1.059367e-01
2.833612e-06
5.067056e-02
1.088369e-02
4.011347e-02
2.760714e-02
2.603015e-01
2.771951e-01
8.030429e-02
7.184735e-04
1.952178e-02
5.215778e-02
7.420016e-03
2.263707e-03
5.911331e-02
4.992808e-03
1.721663e-02
8.014749e-02
1.570532e-02
4.535746e-03
1.983655e-03
9.135941e-02
9.267261e-04
3.756293e-03
1.282689e-02
2.659571e-01
4.731202e-03
8.077910e-02
2.871623e-02
2.715817e-04
4.821452e-03
9.696825e-02
8.429686e-02
3.739123e-02
6.452824e-02
8.565532e-03
7.699084e-02
3.689916e-01
2.741054e-03
5.063303e-03
1.844141e-02
1.493936e-01
1.232152e-02
1.799746e-02
4.207145e-02
4.451153e-02
8.284349e-03
2.478368e-01
1.009778e-02
4.096004e-08
4.317772e-02
4.632976e-03
5.102549e-02
2.087898e-01
7.677911e-02
1.524146e-01
2.582506e-02
1.222425e-01
7.260803e-02
1.339435e-01
3.714967e-03
7.943802e-03
1.179935e-03
7.479686e-03
8.531450e-02
2.979361e-02
1.793742e-03
4.320315e-02
6.756733e-02
2.741543e-02
1.217672e-03
1.119295e-01
1.632883e-02
1.233679e-02
6.416534e-02
3.066705e-02
2.699981e-03
2.532453e-02
4.369961e-03
4.916072e-05
2.776432e-03
6.833708e-03
3.124967e-02
3.005322e-02
6.606206e-02
1.444526e-03
5.623318e-02
6.027117e-03
5.209042e-04
5.529688e-02
8.971709e-06
6.526255e-03
2.826999e-02
4.875216e-02
4.207553e-02
7.460465e-02
6.027171e-02
7.352993e-03
5.155222e-02
8.393725e-03
7.541132e-02
2.175035e-02
3.437861e-03
3.178208e-01
1.934606e-01
6.710730e-06
2.023199e-02
1.232054e-01
9.986517e-03
2.514546e-02
1.390185e-01
2.711827e-03
7.094682e-02
3.638742e-02
9.181587e-02
7.318770e-04
1.489170e-02
1.581342e-03
2.213410e-01
1.942152e-01
5.437384e-04
3.357654e-02
2.528741e-02
1.154744e-01
1.260217e-03
1.500885e-01
6.432098e-02
2.300800e-02
1.350694e-02
1.584487e-01
1.170178e-02
1.945695e-03
5.596788e-02
9.366337e-02
6.576329e-02
5.025068e-02
2.309065e-02
2.688905e-03
5.569992e-02
1.501297e-01
2.538942e-02
1.109313e-02
2.117070e-01
7.292339e-03
1.180951e-02
4.771319e-02
2.868166e-03
4.084999e-03
1.277946e-02
7.138375e-02
5.596683e-02
1.827486e-01
9.908796e-02
1.520164e-01
5.717969e-02
2.421887e-03
2.589511e-02
1.130274e-02
3.013751e-02
3.922749e-02
3.307427e-03
6.343300e-02
2.222793e-02
2.002782e-02
8.330278e-02
1.359917e-01
1.396209e-01
3.486364e-02
2.827559e-03
2.415858e-03
2.645873e-01
4.791365e-05
1.887163e-01
2.452232e-01
3.928870e-02
1.619256e-02
1.948783e-03
3.791343e-01
4.271549e-01
1.443608e-02
1.381480e-01
7.415405e-02
1.114315e-01
3.747602e-02
1.745599e-01
2.862149e-04
7.691559e-02
1.751471e-01
1.601983e-01
7.563348e-02
1.599318e-02
3.182989e-02
2.181914e-02
4.568154e-02
2.194581e-02
2.858024e-02
1.930102e-02
5.223591e-02
5.229232e-03
2.606497e-04
4.573876e-03
3.111468e-02
2.038279e-02
7.298100e-02
1.781854e-02
1.943609e-02
5.756873e-05
4.294029e-03
2.796828e-02
6.881377e-03
8.289984e-03
7.434940e-02
2.188018e-02
6.828721e-02
2.703567e-02
4.955905e-04
1.611096e-02
2.058174e-01
4.469075e-02
9.845564e-05
1.165306e-03
4.228780e-03
4.409039e-03
7.890040e-03
9.255023e-02
5.932079e-02
9.395535e-02
7.416924e-02
2.330974e-02
9.481964e-02
1.639722e-01
9.743018e-03
1.825713e-01
2.339127e-02
1.696378e-02
1.787018e-04
6.362123e-03
1.731757e-02
3.359069e-02
8.435989e-02
1.008170e-02
1.733936e-02
2.138139e-01
2.357299e-02
3.295019e-04
3.214618e-01
5.428715e-03
4.685476e-01
1.414525e-03
