2.398194e-02
2.285281e-02
7.078579e-03
8.265792e-03
3.484150e-02
6.495441e-03
1.024273e-01
1.022827e-01
3.103797e-01
2.004152e-02
3.308205e-03
7.917124e-03
3.758860e-03
2.747031e-02
3.600667e-02
4.829849e-03
2.269168e-02
9.639914e-03
2.552401e-01
1.003259e-01
1.183795e-01
8.257351e-03
1.485088e-02
3.477802e-02
3.201369e-02
5.851731e-05
1.443600e-02
1.141901e-01
3.311999e-02
4.090665e-03
1.263722e-01
1.394895e-02
2.077087e-02
5.299746e-03
1.986011e-03
9.260216e-02
4.463003e-02
1.110838e-01
6.230685e-06
3.668813e-03
8.776456e-02
5.171238e-02
1.481367e-03
2.467458e-01
3.738372e-03
1.685781e-02
6.265155e-05
7.916807e-03
8.598300e-03
3.837175e-01
9.147068e-05
2.481228e-02
7.219067e-02
1.755673e-02
3.315860e-03
3.891681e-04
2.704841e-02
1.402160e-02
1.255843e-02
1.485672e-04
8.923965e-03
5.681748e-03
1.540805e-01
9.614809e-04
3.038868e-02
2.167523e-04
3.429658e-03
3.057552e-03
9.025420e-03
1.356048e-01
4.483661e-02
2.204837e-01
2.182852e-02
6.610506e-02
5.691693e-02
1.345573e-03
8.314557e-02
4.413211e-02
2.569188e-01
3.914389e-02
4.194008e-07
4.977951e-03
8.718398e-02
1.919664e-02
1.552362e-03
9.810301e-03
5.055939e-02
7.919243e-03
2.530639e-03
8.511443e-02
7.101407e-06
1.586835e-03
3.300752e-02
1.235153e-02
9.458525e-02
2.162996e-02
3.191935e-04
6.200789e-04
3.926459e-02
3.545074e-02
3.659801e-02
3.433686e-02
2.453633e-04
1.208108e-01
3.583163e-02
5.267301e-02
1.687008e-04
1.830372e-02
3.076351e-01
1.534016e-03
3.393789e-01
1.073322e+00
2.016833e-04
7.367174e-04
2.900027e-01
2.446624e-01
5.298386e-03
2.442482e-03
1.922725e-02
9.618420e-02
6.574282e-03
5.052762e-02
2.847738e-02
3.146517e-01
5.751082e-05
1.330657e-02
9.029660e-02
9.698809e-02
1.232595e-01
8.496678e-03
4.832075e-02
1.461907e-01
9.416521e-02
5.999366e-01
1.053577e-01
2.302129e-02
6.347433e-03
2.397070e-02
1.817032e-02
1.058849e-01
3.297779e-01
7.573063e-03
2.763441e-04
4.607283e-02
1.096929e-01
4.833525e-03
7.346433e-04
5.059254e-05
3.140162e-03
2.581460e-02
1.982886e-01
3.189684e-02
1.817794e-02
7.121662e-03
1.446382e-01
1.446985e-02
4.867654e-02
3.702226e-03
3.456816e-01
8.571619e-01
1.934228e-01
4.249903e-02
5.286942e-03
5.869258e-03
1.464805e-02
2.606998e-03
5.150657e-03
1.145560e-02
6.035799e-03
1.074208e-01
1.711987e-02
4.398836e-02
1.404625e-02
3.047465e-02
4.235582e-03
2.936514e-02
8.257468e-03
1.117169e-01
5.363198e-03
2.284570e-02
2.555775e-03
8.669295e-04
3.177630e-03
3.210552e-02
8.861764e-03
1.142272e-01
1.513091e-03
1.162964e-03
2.451088e-02
1.753138e-02
9.479052e-05
6.062662e-03
2.987175e-03
3.534620e-03
4.377260e-02
1.962707e-02
5.538200e-02
1.254297e-02
6.438379e-02
2.155964e-02
4.504083e-02
4.199963e-03
2.237827e-04
4.747072e-02
1.669613e-03
2.769826e-03
4.944685e-02
6.183415e-02
9.367177e-03
5.722711e-02
1.985369e-01
2.120831e-01
6.077928e-04
5.875803e-02
6.351320e-03
6.047351e-04
1.770822e-02
7.980285e-02
1.248347e-02
4.112745e-09
1.908477e-02
2.062615e-01
4.809074e-03
7.068806e-04
1.014605e-03
1.501621e-02
4.117143e-03
1.385151e-03
4.552238e-01
6.980573e-02
2.548398e-03
1.617113e-02
1.215663e-02
1.037314e-02
1.314562e-01
2.108947e-02
1.124555e-01
9.850324e-04
1.078561e-01
1.325029e-03
8.941509e-03
5.670713e-04
2.741176e-01
1.097422e-02
1.004548e-02
1.545851e-01
4.415274e-02
1.720492e-02
2.717099e-02
3.881999e-03
1.001213e-01
1.639628e-02
5.130601e-07
3.028788e-01
1.240589e-04
3.990834e-02
3.689622e-02
1.722239e-04
1.364788e-03
3.779206e-03
4.980741e-02
1.210289e-01
8.595714e-03
4.350131e-03
1.157662e-02
3.373369e-04
6.047635e-01
5.099023e-02
1.515358e-02
1.907472e-01
1.938569e-02
4.232861e-02
3.644913e-01
1.949188e-02
2.342872e-02
4.418187e-02
6.392144e-03
8.375534e-03
9.201336e-02
1.876627e-03
2.492392e-03
4.293701e-03
8.925139e-04
2.008447e-02
5.720195e-02
3.115422e-01
1.884149e-05
2.222558e-02
6.955250e-03
2.582944e-01
1.211335e-02
1.696404e-02
2.761754e-02
3.777114e-03
9.663417e-02
1.306455e-01
2.601793e-02
9.373892e-02
2.879650e-02
2.365550e-02
6.671845e-04
3.480724e-02
4.222005e-02
4.992141e-03
1.490527e-03
2.379078e-01
1.616808e-05
2.668447e-02
1.336860e-01
4.808947e-03
1.444647e-03
1.007506e-01
8.159596e-03
3.236624e-02
1.274818e-01
7.317316e-03
1.421996e-02
1.056765e-01
4.890325e-05
1.070732e-01
2.344663e-03
1.526023e-02
1.370263e-02
2.770786e-02
6.083709e-02
6.420618e-04
2.972179e-01
9.646056e-03
5.166807e-02
3.070733e-04
4.570011e-03
6.267324e-02
1.701967e-02
3.701591e-04
5.803555e-05
3.207775e-02
4.179702e-02
5.039232e-02
3.079487e-02
5.599258e-02
1.808301e-01
5.228206e-03
1.124140e-01
5.211030e-05
8.311895e-03
4.426784e-02
2.121187e-02
4.891460e-03
2.359786e-03
1.357401e-01
8.020400e-03
2.673063e-02
1.045190e-02
6.974450e-02
3.901080e-03
6.540995e-02
3.831469e-02
2.541284e-03
1.553734e-04
9.707439e-02
1.543231e-02
1.673983e-01
8.224299e-02
6.346052e-03
6.087273e-02
1.376956e-02
2.084451e-01
5.922053e-03
1.719452e-02
1.330323e-01
8.377701e-02
4.117104e-05
9.237174e-02
2.155596e-01
4.422611e-03
1.639657e-01
5.716162e-02
1.339878e-02
3.077853e-03
4.254760e-02
1.834952e-01
3.134251e-03
2.915719e-02
6.014007e-03
1.008979e-01
1.473668e-02
3.158406e-02
8.201481e-02
2.720013e-02
1.545964e-03
4.932695e-02
6.883303e-02
4.771468e-03
1.051598e-01
5.323149e-02
1.944342e-02
8.412216e-02
1.379917e-01
5.093624e-02
9.305551e-02
1.607437e-02
3.572339e-02
9.891540e-04
4.469154e-03
3.270955e-03
2.818537e-04
8.711841e-04
2.236374e-03
3.519098e-02
4.701857e-02
5.929770e-04
5.473440e-02
4.288548e-02
1.206385e-01
5.233091e-04
4.371548e-03
2.888114e-02
7.938409e-02
2.965197e-02
2.940936e-02
1.567467e-02
1.274364e-03
6.062572e-02
2.167704e-03
3.394525e-02
1.713931e-01
4.133685e-02
1.101658e-01
2.591386e-02
1.824795e-02
2.489114e-03
6.151160e-05
1.083457e-02
8.593489e-02
7.805884e-02
4.450191e-02
1.124563e-04
5.236357e-02
4.021181e-02
1.316674e-01
1.425576e-04
1.870955e-02
4.963011e-03
1.088868e-02
2.146598e-02
2.446355e-01
1.262849e-01
2.164283e-03
6.896921e-02
9.726056e-02
1.080814e-01
1.523125e-03
3.114510e-02
4.478549e-01
1.440821e-01
3.996714e-03
9.927608e-02
5.529195e-03
7.850628e-03
8.116884e-03
1.145957e-02
4.049068e-02
5.060474e-02
2.494972e-04
1.181718e-01
2.812749e-02
1.197730e-01
2.638647e-02
2.426356e-04
7.953879e-03
5.122927e-03
3.568260e-01
7.791144e-04
4.249978e-02
2.105691e-02
8.804006e-03
1.527315e-01
2.234292e-02
1.543432e-01
1.093926e-02
1.883381e-01
1.692211e-02
4.510989e-02
1.081808e-03
1.968499e-01
1.805771e-02
6.822115e-03
5.077651e-02
1.692575e-03
6.387779e-02
1.871026e-05
3.386707e-02
1.174017e-02
5.762603e-02
4.060641e-02
5.603633e-04
9.396355e-02
6.725708e-03
1.566460e-03
5.449631e-06
1.039175e-01
1.626691e-02
3.344821e-02
4.918822e-02
5.215555e-02
1.836031e-01
4.398060e-03
3.958426e-01
2.604474e-01
7.233524e-04
9.366888e-03
9.200405e-02
1.998068e-03
9.505297e-06
8.261973e-02
4.347588e-02
2.516973e-02
1.127013e-02
2.360354e-03
1.848201e-02
1.319558e-02
2.541505e-02
1.014604e-02
2.016739e-01
3.521004e-02
4.571403e-02
4.008807e-03
1.514145e-02
2.992937e-02
3.815878e-02
1.019641e-01
2.419719e-02
1.309990e-02
7.867934e-03
1.789902e-01
2.293845e-02
3.711503e-02
2.645521e-02
3.139229e-03
2.147147e-01
2.613383e-01
2.570665e-05
4.617948e-02
1.068790e-02
1.529738e-01
5.949395e-03
3.280096e-04
1.247994e-02
7.493573e-02
1.205817e-02
3.648168e-01
1.324052e-01
8.857989e-02
5.835434e-02
1.021118e-01
2.651889e-03
1.351493e-02
1.940867e-03
1.358203e-01
2.720011e-02
1.292858e-02
1.678765e-01
5.164993e-02
4.408637e-02
4.967625e-04
3.662759e-04
4.183866e-05
2.332225e-02
5.496347e-02
4.571528e-03
1.376505e-02
8.760845e-02
1.210783e-02
8.550183e-02
6.485786e-04
1.323079e-01
6.168720e-04
1.658859e-03
3.721362e-02
2.419989e-02
1.076411e-01
2.205016e-02
9.264204e-02
1.611860e-01
2.546523e-02
1.179664e-04
2.471770e-03
4.686996e-02
1.673457e-02
2.691652e-03
1.863814e-02
5.215855e-02
4.527854e-03
7.579707e-03
