1.243785e-02
9.217493e-03
1.966839e-03
9.333917e-02
5.710144e-02
9.440936e-04
8.205170e-04
1.742907e-02
8.559763e-03
2.901182e-02
1.873180e-02
2.212495e-02
1.889299e-01
2.138219e-01
4.232770e-02
2.049866e-03
1.349507e-03
2.163949e-03
2.905243e-03
3.020369e-04
7.103541e-03
3.651970e-02
1.857592e-02
4.092458e-02
6.570269e-03
3.172295e-02
2.573226e-04
8.197634e-03
7.018976e-02
9.009275e-02
3.598876e-03
1.003664e-02
4.247864e-01
2.989825e-01
1.380030e-01
3.384230e-03
1.537845e-02
4.325725e-02
1.601467e-02
8.174449e-02
5.127991e-02
5.094119e-02
2.424923e-03
6.937760e-02
9.214319e-02
1.157101e-01
4.964302e-02
1.184128e-01
8.884280e-02
2.782116e-04
4.419161e-02
2.193472e-04
8.067156e-02
4.835667e-03
1.325911e-01
2.251066e-01
1.940209e-04
1.810640e-02
3.192500e-02
5.772785e-02
9.498891e-02
1.196945e-01
2.545857e-01
2.072905e-01
5.944165e-02
5.841407e-02
6.670881e-03
4.626423e-02
7.167810e-02
1.100696e-01
3.498850e-02
1.837017e-01
4.049583e-06
2.058941e-01
4.894256e-03
6.700770e-02
1.470464e-04
1.694999e-02
2.796437e-04
1.979270e-02
1.944335e-02
2.093017e-01
3.536824e-04
1.530103e-01
6.687662e-03
7.846949e-02
4.749966e-03
6.585200e-02
4.178430e-02
1.514906e-01
1.022051e-02
1.654336e-02
1.483763e-01
1.683532e-02
4.947652e-02
1.836534e-03
3.563851e-02
9.903309e-02
4.051725e-02
5.793294e-03
2.725979e-04
9.113444e-03
6.996563e-02
3.211315e-02
9.392722e-02
1.607572e-02
1.362496e-03
3.719701e-02
1.375249e-01
2.143344e-01
8.143884e-02
7.891590e-02
5.945035e-02
2.573175e-02
3.085079e-01
3.586195e-02
6.744443e-03
7.400611e-03
1.171717e-03
4.212882e-02
7.383282e-03
1.703896e-01
2.857676e-06
2.410761e-03
1.919985e-03
1.773013e-02
4.854498e-02
2.280857e-02
8.993951e-02
3.858063e-01
5.010465e-02
2.438275e-02
6.274468e-03
4.359950e-04
3.553800e-02
2.274415e-03
1.007958e-03
1.491251e-02
7.477585e-04
4.051941e-02
3.982436e-03
3.853761e-02
3.276432e-03
1.131077e-02
2.735146e-02
3.500637e-04
3.622485e-02
1.393141e-01
2.356045e-02
1.783299e-02
4.200332e-01
4.626354e-02
2.172344e-03
1.952536e-03
1.933739e-03
1.208224e-01
2.228847e-02
2.467082e-02
3.454275e-02
1.278229e-01
2.742299e-02
5.400242e-02
2.973714e-01
5.833468e-03
1.418411e-02
2.378980e-01
1.729626e-04
3.224476e-04
3.613388e-02
6.645457e-03
3.020725e-01
1.366434e-03
5.199517e-03
9.282133e-03
9.294453e-02
8.395541e-02
2.811695e-02
7.687637e-03
2.583944e-02
1.573093e-02
3.485470e-02
3.647963e-02
1.437457e-01
1.134804e-06
5.595906e-02
1.244093e-03
3.393461e-09
2.045891e-02
2.521619e-02
5.734232e-02
8.257978e-05
2.771925e-03
1.646542e-02
3.945495e-03
2.400095e-01
1.023468e-01
5.972858e-03
2.880787e-03
1.990618e-03
2.353654e-02
2.207726e-01
1.716893e-02
7.451862e-03
5.894533e-03
1.074662e-01
1.881393e-02
2.252005e-02
5.366015e-03
4.099442e-02
3.293410e-04
5.788819e-02
4.155599e-03
1.719417e-01
1.646178e-02
4.680071e-02
1.329313e-01
3.670888e-02
8.265387e-03
7.947595e-03
5.071169e-03
7.270961e-02
9.209584e-02
2.035565e-02
2.501253e-02
2.328277e-01
9.357012e-03
8.659817e-02
4.202886e-02
1.627349e-02
1.262862e-02
6.103361e-02
4.070486e-02
8.806240e-05
4.172566e-02
4.029918e-02
2.741975e-02
4.702612e-03
7.159749e-04
1.031336e-03
9.108976e-03
3.494468e-04
1.842427e-01
2.671761e-03
1.754369e-01
2.379943e-02
7.644726e-04
1.336168e-01
2.414155e-03
1.095748e-01
3.338511e-02
1.973027e-02
2.716476e-03
3.324042e-03
1.348137e-02
6.075498e-04
3.388842e-01
4.241186e-02
2.027631e-02
5.415791e-03
3.882033e-05
3.097484e-01
1.647826e-01
2.795611e-02
8.788302e-02
1.987117e-02
8.634571e-02
4.205484e-02
1.340537e-01
1.076165e-03
2.095571e-01
3.025629e-02
3.176508e-02
5.970155e-01
1.027509e-03
8.977909e-02
1.689768e-01
9.126261e-03
1.103125e-01
5.709465e-05
1.080608e-02
6.916681e-02
8.332380e-02
3.255724e-02
1.932219e-02
2.755437e-01
4.750733e-02
1.298096e-03
1.367576e-01
1.630272e-02
7.159048e-02
4.477429e-02
4.403736e-01
1.129813e-01
2.853232e-02
5.579019e-02
1.595784e-02
7.966631e-02
1.560531e-01
4.259008e-03
1.654441e-03
2.638961e-02
7.782121e-03
2.189648e-02
5.192259e-07
8.381587e-06
1.821768e-02
6.139727e-03
3.454624e-04
1.145810e-03
1.227017e-01
2.761942e-02
3.323869e-02
1.133686e-01
5.312254e-02
1.535944e-03
6.296026e-03
2.239457e-02
7.245303e-02
3.108262e-02
8.114331e-04
3.230297e-06
5.175278e-02
4.958030e-02
1.088061e-02
5.947170e-02
4.270729e-02
1.562699e-02
4.355202e-02
1.281330e-01
8.141236e-04
1.091040e-02
1.389114e-03
4.465405e-02
3.655443e-04
3.319806e-04
1.065517e-01
4.217822e-04
1.422262e-01
9.071692e-02
1.250165e-01
6.781241e-03
4.070988e-04
4.857230e-03
2.778784e-02
8.165979e-02
1.003727e-01
7.889203e-03
7.258376e-03
3.895260e-03
3.739250e-01
8.059288e-03
3.859003e-03
2.618657e-02
9.786434e-02
9.445774e-02
1.486218e-03
1.827609e-02
7.408193e-04
8.598030e-02
2.030984e-02
6.234817e-02
7.453038e-04
2.821339e-02
1.931335e-03
6.594326e-02
7.447472e-03
7.220929e-07
1.306257e-03
2.618513e-01
1.654199e-02
3.885772e-05
9.381630e-03
1.282530e-01
1.225655e-02
1.338821e-02
3.159205e-02
8.797900e-03
1.565110e-02
1.128776e-01
7.270593e-04
1.852151e-02
8.386227e-02
3.998022e-02
2.456473e-04
1.090516e-02
1.239578e-05
3.273994e-03
4.412594e-02
2.021582e-01
3.276522e-03
5.523523e-05
1.435844e-01
4.885019e-03
1.769435e-02
4.586601e-03
5.048148e-02
7.113355e-02
6.563393e-02
5.182813e-02
4.716566e-03
1.479990e-04
1.671177e-01
9.310192e-03
1.405680e-02
8.412435e-03
1.790466e-01
7.554279e-02
1.739175e-01
2.795258e-02
8.190254e-05
1.101700e-01
8.370263e-02
2.382430e-04
5.510180e-03
3.101567e-03
4.588708e-03
2.074676e-02
3.451393e-06
4.520631e-02
5.614983e-05
1.231745e-02
1.521066e-04
8.765166e-02
1.871574e-02
2.126862e-02
6.530214e-02
1.375010e-01
4.498127e-02
6.904055e-02
2.555427e-03
1.262197e-02
2.280613e-01
4.064313e-02
1.396376e-02
4.944954e-02
1.127741e-01
9.680407e-04
1.289215e-01
9.224293e-02
4.891602e-02
5.691096e-03
3.961056e-02
5.867055e-03
1.716080e-01
2.229286e-02
8.500828e-02
1.421126e-02
4.566682e-05
5.410137e-02
6.544644e-03
2.302534e-03
6.372958e-02
2.020326e-02
9.350061e-02
1.432770e-02
7.979685e-02
1.465713e-02
6.894923e-02
6.844600e-03
1.193302e-01
2.621307e-03
9.409999e-02
1.597781e-02
5.616320e-02
1.769298e-01
5.117230e-03
8.846707e-03
9.263993e-02
2.160007e-02
2.524633e-05
1.111058e-02
3.545623e-03
9.451706e-02
8.452064e-03
2.070954e-01
1.227398e-01
9.795968e-03
2.192261e-02
3.763873e-02
3.436510e-02
1.770799e-02
1.726351e-05
7.790515e-02
4.924314e-02
8.615191e-02
6.859797e-02
4.768829e-03
3.361426e-01
8.702605e-02
1.409558e-02
2.929647e-02
2.322402e-03
6.302709e-02
1.717951e-01
4.034986e-04
7.325489e-02
5.331252e-02
7.313880e-04
1.644111e-03
3.219440e-04
9.587370e-02
2.146757e-03
3.567694e-03
5.292705e-03
1.674509e-03
2.622216e-03
1.371606e-04
3.374501e-01
1.772067e-02
6.163913e-03
2.289657e-03
3.580145e-03
1.233818e-01
4.253573e-02
1.287528e-04
4.641359e-04
4.991546e-02
6.182245e-02
6.617855e-03
1.408206e-01
2.189110e-03
5.283708e-03
3.154735e-02
1.884584e-02
8.609160e-04
5.220030e-01
2.672932e-01
7.829389e-02
5.672711e-03
7.375318e-02
5.974862e-02
5.648112e-02
1.207068e-03
3.315404e-02
4.132115e-02
1.811629e-02
1.098659e-02
5.282582e-03
1.128019e-02
1.068382e-03
2.730824e-03
3.447998e-02
3.533580e-04
5.168207e-03
1.245791e-01
3.037820e-03
9.711965e-03
1.526628e-01
6.063157e-02
7.289594e-03
1.472500e-01
4.378934e-02
3.914965e-02
1.888166e-02
5.857599e-02
6.440299e-02
3.787630e-03
1.447211e-01
2.137539e-04
4.841414e-04
1.465140e-03
3.619051e-01
3.158173e-02
1.158065e-03
1.258748e-02
5.446413e-03
3.459288e-03
1.627588e-02
4.166841e-03
6.234538e-03
4.000955e-03
5.043233e-03
7.313158e-02
1.914206e-02
1.863845e-01
1.177004e-01
3.677824e-04
1.082110e-01
1.040602e-02
1.717762e-05
2.320440e-02
6.363429e-05
2.344299e-01
1.402494e-02
5.137000e-04
8.849031e-03
5.080451e-02
2.838967e-03
4.632983e-02
2.363209e-03
1.253629e-02
3.623375e-03
1.574980e-02
6.267518e-02
