8.990504e-02
3.231427e-02
4.176306e-04
1.164817e-01
4.578499e-03
6.325533e-02
3.723882e-03
1.713630e-03
2.638608e-04
1.101432e-01
1.726652e-02
1.798456e-03
1.143393e-01
1.230002e-01
9.827401e-03
1.850251e-02
1.335128e-03
1.989057e-02
5.638690e-04
2.449951e-01
5.178391e-05
1.366075e-03
1.114740e-01
4.298406e-03
1.915843e-02
2.822741e-02
2.015260e-01
8.898132e-02
6.989927e-03
1.412262e-02
4.184904e-02
3.255157e-04
4.253785e-03
4.773549e-03
8.228001e-04
1.293722e-02
1.086603e-01
1.073493e-01
5.015214e-02
2.272623e-01
1.047017e-01
1.130361e-03
3.359307e-02
8.903840e-02
3.709838e-02
6.925186e-02
2.461758e-02
3.621280e-01
6.025672e-02
1.972764e-01
1.961883e-04
1.913190e-01
3.504302e-01
1.083324e-01
3.619561e-04
1.421159e-03
4.380336e-03
2.190538e-03
2.906053e-03
5.642457e-04
4.626208e-02
1.027372e-02
7.367713e-02
3.955875e-02
4.154247e-02
6.836075e-04
1.880657e-04
8.006282e-04
1.684778e-02
3.964205e-01
6.413957e-03
3.528674e-02
1.124440e-02
1.411445e-01
7.563976e-03
2.222997e-03
8.121697e-02
1.637569e-01
2.464823e-06
2.531930e-01
3.101643e-01
5.890583e-03
1.157072e-01
3.652186e-02
3.300266e-03
3.977857e-03
2.738793e-03
7.209672e-03
1.305054e-03
4.138411e-02
7.094884e-02
1.984437e-03
4.679363e-02
1.064488e-01
2.320311e-03
7.559668e-04
4.118180e-02
1.239517e-01
5.884085e-01
2.576852e-01
5.591607e-03
4.751757e-02
2.622743e-03
8.050587e-02
1.511939e-02
6.592043e-04
1.344816e-02
1.302626e-01
1.094020e-03
1.890562e-02
2.503519e-03
4.141386e-03
2.573024e-02
1.521881e-01
3.365546e-02
1.090729e-02
1.335083e-02
5.253982e-02
1.202988e-03
1.753353e-02
1.725791e-02
6.983081e-04
1.153369e-03
2.298049e-02
2.020769e-01
2.018043e-02
6.105903e-02
2.459519e-02
5.155192e-02
2.974150e-03
2.303007e-03
1.008560e-01
1.043337e-02
7.758328e-03
5.864971e-02
6.011861e-03
9.680147e-02
3.932768e-05
5.000431e-02
1.979132e-02
1.568002e-01
2.630253e-02
2.528442e-04
2.190740e-02
2.499103e-02
6.778713e-02
4.750423e-02
3.460656e-03
7.781487e-04
1.119339e-03
5.813573e-03
2.279972e-02
2.985903e-06
1.127217e-01
6.166712e-02
1.285720e-01
9.797785e-02
4.648752e-02
3.442110e-01
5.807998e-02
3.284670e-02
1.674096e-02
5.991471e-02
3.080240e-02
2.664291e-02
1.019449e-01
3.561944e-02
1.033334e-01
3.110105e-03
3.698758e-02
2.170139e-02
5.497122e-02
1.417854e-03
3.120669e-02
4.799420e-03
8.272026e-03
2.659968e-02
2.486126e-03
7.131639e-04
8.623704e-02
8.566375e-02
2.125157e-01
1.652715e-03
1.467366e-01
7.607663e-02
6.877108e-04
4.035521e-02
3.622366e-03
2.263376e-03
1.106862e-02
1.488974e-03
1.209755e-02
3.188195e-02
1.196416e-01
1.049123e-02
4.325720e-04
1.983631e-03
4.026739e-02
2.852806e-02
7.788994e-02
1.202623e-02
8.944813e-02
1.603987e-04
2.876710e-02
7.017219e-02
1.331774e-01
7.920540e-05
2.113396e-03
2.867252e-03
8.815146e-02
1.743167e-02
5.634043e-02
3.078768e-04
2.843994e-02
5.794292e-02
1.587197e-02
1.992666e-02
1.137654e-01
3.185324e-02
2.115182e-06
4.087719e-02
9.758197e-03
4.366158e-05
3.814992e-02
2.873016e-03
2.743809e-01
8.214183e-02
4.879159e-02
8.570665e-02
2.998209e-03
3.481787e-02
1.761943e-02
2.182140e-04
1.024905e-01
8.415076e-03
2.566559e-02
6.393333e-02
5.973460e-02
9.748297e-03
3.045733e-02
1.037449e-01
8.761178e-02
1.854503e-02
9.354729e-06
1.151980e-01
2.241854e-02
4.567450e-02
1.366938e-03
1.915486e-02
4.750375e-03
1.459920e-02
2.068649e-02
2.178305e-03
2.727249e-02
1.608895e-02
2.929900e-02
1.596338e-01
5.121576e-04
1.939146e-02
4.953802e-01
3.281272e-01
2.963447e-02
3.270005e-03
5.879912e-04
4.646917e-03
1.748880e-01
4.600333e-03
1.803997e-01
4.637540e-02
4.224256e-03
6.093707e-03
4.738716e-04
1.894468e-02
1.873707e-01
6.765431e-03
4.009476e-03
4.000068e-02
1.538524e-03
9.113043e-03
4.844659e-02
2.935270e-02
8.195407e-02
1.836511e-04
1.073145e-02
1.950163e-02
2.230948e-05
2.077951e-03
2.884267e-01
2.550735e-03
1.048454e-02
4.374516e-02
1.211108e-01
1.973996e-03
5.280478e-02
1.337080e-02
3.970799e-02
1.582549e-02
9.854876e-05
1.656425e-01
8.019479e-02
8.218145e-02
7.205760e-04
1.844426e-02
9.065433e-02
1.666212e-03
5.649229e-03
1.173976e-01
6.460042e-02
1.073816e-04
8.402448e-02
1.078689e-02
5.434797e-02
3.982940e-04
1.683773e-01
7.959219e-02
1.523758e-02
1.536150e-01
3.240296e-02
1.176600e-05
4.621978e-02
2.533809e-02
7.897369e-03
1.358544e-02
1.187192e-01
3.502220e-03
2.944562e-02
7.023671e-03
1.196412e-01
1.962773e-03
3.945657e-02
3.108850e-01
4.076395e-03
4.968387e-02
1.728073e-02
4.887786e-03
5.478165e-02
1.021536e-02
6.782407e-03
2.028412e-01
3.576428e-06
2.308769e-03
2.004376e-05
4.645760e-02
2.455559e-03
7.385867e-03
1.056430e-04
6.715171e-03
1.626526e-02
3.037459e-03
1.416592e-03
9.277305e-07
1.455703e-01
8.693827e-04
7.541846e-04
3.460431e-02
9.429079e-04
2.161022e-04
5.447728e-04
4.939104e-02
1.418029e-03
7.108173e-03
1.114293e-02
1.701973e-01
1.314541e-01
3.971582e-02
1.696516e-02
2.029476e-02
1.194499e-04
1.506853e-01
4.220414e-02
3.319720e-04
3.340216e-02
1.112339e-01
4.297781e-03
5.172733e-03
1.754225e-03
1.197345e-05
1.359572e-03
2.114092e-02
2.075054e-03
2.876652e-02
7.435735e-02
2.159925e-05
6.805562e-05
3.324345e-02
8.668296e-02
7.727036e-02
1.033575e-02
1.526244e-02
1.606330e-03
2.058603e-02
4.700056e-02
1.528497e-02
5.311544e-02
2.406200e-03
2.566820e-01
3.918461e-01
6.111877e-03
3.375246e-03
3.856160e-02
4.061879e-03
2.374909e-02
2.296550e-02
9.699325e-02
2.864548e-02
4.915965e-03
7.939869e-03
3.472692e-03
5.922846e-03
1.373129e-02
9.805618e-02
1.491375e-01
7.144209e-04
1.770581e-02
3.173877e-02
2.244499e-01
4.961901e-02
6.069245e-03
3.559579e-02
9.555799e-03
4.877863e-03
5.352735e-04
1.409801e-03
6.961668e-03
7.381333e-02
1.235609e-01
3.378265e-02
1.950980e-02
3.927891e-02
1.155301e-03
1.227107e-02
5.478084e-02
3.563672e-04
1.297734e-01
1.939139e-01
1.373435e-01
2.898797e-02
3.358677e-02
2.328527e-02
3.569160e-03
9.896752e-03
9.047988e-02
9.393333e-02
1.035137e-02
1.093250e-01
2.852258e-03
1.256211e-02
8.296502e-05
3.180809e-02
3.328602e-04
3.637366e-02
6.355645e-03
1.867271e-01
5.465523e-03
5.603901e-02
5.155528e-02
9.938457e-03
2.444025e-01
1.093715e-03
1.347775e-03
4.374804e-02
8.997724e-03
8.198422e-02
8.030085e-02
7.567262e-03
5.642035e-02
3.824247e-02
2.884822e-03
1.049961e-01
6.574355e-04
1.686333e-01
1.988143e-01
6.158399e-02
1.009956e-04
1.049869e-01
9.970187e-03
1.122877e-01
2.870189e-02
1.194295e-01
5.644496e-04
1.037023e-02
1.858510e-02
1.249876e-01
3.608987e-03
4.319097e-03
5.055899e-03
1.019025e-01
7.341710e-04
3.216950e-03
4.377954e-02
6.468874e-02
3.061935e-02
6.365920e-03
2.350061e-02
3.284146e-04
4.126621e-03
1.240390e-01
4.704480e-02
6.422811e-03
5.173467e-04
5.672853e-04
6.103114e-03
2.539619e-03
4.378209e-01
1.685244e-02
8.524617e-04
2.762286e-02
2.478895e-02
2.564048e-04
5.810481e-02
1.600454e-02
1.392161e-02
6.515086e-05
4.028343e-03
4.622115e-01
1.947702e-02
1.798009e-02
9.059020e-03
1.179736e-01
2.254486e-02
3.656071e-03
2.121504e-02
6.626324e-04
2.578366e-02
4.964138e-01
1.703684e-02
2.596180e-03
7.550347e-03
1.722468e-04
1.337496e-01
2.749993e-02
1.906951e-02
2.979021e-02
8.955624e-04
2.389647e-03
2.974182e-01
2.072142e-03
3.591336e-05
2.328023e-02
5.250266e-03
2.147485e-01
1.147871e-03
7.399580e-02
5.567824e-02
8.495590e-02
2.995940e-02
7.852479e-02
3.198987e-02
1.072987e-01
2.518613e-01
3.593412e-03
3.425218e-02
7.037776e-02
1.920419e-01
7.526219e-03
1.385762e-01
4.347487e-03
5.773869e-02
9.348929e-04
5.636415e-02
1.582877e-02
1.437061e-05
4.145674e-02
3.194420e-02
2.207571e-03
2.678434e-03
3.830991e-01
1.401692e-04
1.318289e-03
6.192548e-02
3.352245e-02
2.085680e-03
8.324781e-04
6.716496e-04
8.731321e-04
1.857046e-02
6.367619e-03
3.572441e-02
7.124136e-03
1.727391e-02
1.264397e-01
1.451777e-02
3.972963e-02
3.017855e-02
5.688222e-03
4.338350e-03
1.195737e-02
3.710826e-02
3.020938e-03
2.393838e-02
1.221149e-02
2.409984e-03
9.059562e-03
2.674140e-02
