1.192934e-02
1.514249e-01
2.075166e-03
2.229486e-02
4.873675e-02
2.652645e-02
1.787494e-02
2.388619e-02
9.327535e-02
2.180632e-04
7.616400e-02
1.112429e-04
9.441990e-02
1.746949e-02
5.251280e-03
1.922063e-01
1.532375e-02
4.843243e-02
8.824077e-02
5.646384e-02
1.023121e-01
1.552835e-02
7.422531e-03
5.140692e-03
6.059250e-05
2.188669e-02
1.437591e-02
3.801639e-02
1.363873e-03
4.008370e-03
2.882383e-04
8.617211e-04
8.626427e-04
1.182137e-01
5.722884e-02
7.020818e-04
1.109699e-01
1.820045e-01
1.293122e-02
1.025897e-01
2.737117e-02
5.251936e-02
4.350675e-04
2.406747e-01
3.320408e-02
2.706861e-03
7.172437e-04
1.301692e-02
1.143037e-01
4.788698e-02
2.885735e-03
8.440568e-02
7.771396e-03
1.202483e-02
1.498622e-02
2.220661e-02
1.280644e-01
2.208677e-02
2.668139e-02
6.022857e-02
1.503174e-01
2.436333e-02
1.664682e-03
1.394327e-02
2.809504e-03
1.131164e-03
2.847124e-01
2.241417e-02
2.912043e-04
2.950653e-01
1.164421e-03
1.192792e-01
1.802630e-02
7.114605e-02
1.641201e-04
1.083003e-04
4.131292e-05
7.216203e-03
1.802959e-02
7.556865e-02
5.812852e-02
2.729336e-04
6.499366e-02
5.877333e-02
6.634190e-02
1.438794e-02
1.165817e-01
2.290092e-03
7.489200e-04
1.828641e-04
2.940986e-02
4.761270e-03
7.445910e-05
1.185710e-01
7.853037e-02
8.101988e-04
4.687944e-04
3.685668e-03
7.870604e-02
4.250333e-02
6.092828e-03
1.404975e-02
4.962963e-03
9.022141e-02
5.032169e-02
7.534933e-04
1.415844e-01
7.257654e-02
2.740304e-04
5.703273e-03
4.262820e-02
7.809623e-01
1.792335e-01
2.345313e-02
1.760142e-02
4.988289e-02
7.108221e-03
5.387124e-04
4.872267e-04
1.024512e-03
9.343767e-03
4.144037e-03
2.565444e-01
7.325495e-02
1.061613e-01
1.262682e-03
3.235905e-02
3.258306e-03
1.474084e-02
1.390023e-03
5.756652e-05
4.664646e-02
4.979243e-02
2.292482e-02
7.589890e-02
1.316462e-04
1.490600e-02
8.987421e-02
5.734936e-02
1.173219e-04
1.604054e-02
3.396417e-01
3.374048e-03
5.309397e-02
1.797837e-02
8.727696e-02
1.301816e-01
1.038328e-02
5.317482e-04
1.383443e-04
6.773565e-03
3.562083e-01
9.063376e-04
1.872685e-02
3.212957e-04
1.316112e-04
9.897543e-02
3.076983e-06
9.227803e-02
1.261638e-01
1.360319e-03
4.291257e-05
1.087307e-02
1.157911e-03
2.641233e-01
5.156055e-02
6.556043e-02
4.463309e-02
2.140067e-01
2.342308e-02
2.056030e-02
7.801049e-02
3.765436e-02
1.079042e-01
3.002596e-04
1.596530e-02
2.805203e-02
3.385162e-02
1.030839e-01
1.732683e-07
2.310557e-02
3.965191e-03
9.621190e-05
1.694712e-03
2.497612e-01
1.042636e-01
2.013609e-02
1.417635e-02
7.570582e-04
6.105220e-02
2.361298e-01
1.130649e-02
3.381493e-02
9.870819e-02
1.704064e-01
1.225306e-01
2.277665e-02
4.421429e-02
4.922328e-02
2.244999e-02
1.158568e-01
2.036908e-03
5.311908e-02
9.087653e-02
2.640578e-02
3.904202e-02
2.166244e-02
1.634299e-01
7.777109e-04
5.241305e-04
3.771195e-02
1.720011e-02
2.031819e-03
1.054618e-02
2.239236e-02
9.327638e-03
3.830547e-02
4.601597e-02
4.313001e-04
2.043044e-03
1.009060e-01
1.129209e-02
5.698032e-04
3.471948e-03
1.315294e-04
2.149838e-02
1.050766e-02
1.835407e-03
3.672877e-03
3.214699e-01
9.554140e-02
2.434838e-03
4.991239e-02
8.478696e-03
3.765719e-02
3.603594e-01
5.955024e-03
1.939711e-02
7.753282e-04
1.067148e-04
8.777366e-03
3.031573e-02
3.619189e-02
2.897738e-03
1.118486e-02
2.919873e-03
2.053433e-01
3.195393e-02
1.219230e-03
6.570560e-02
1.446460e-02
8.937960e-02
1.986778e-03
5.640399e-02
1.440679e-01
3.345004e-05
3.093016e-02
5.118308e-03
3.450664e-02
3.970248e-01
2.652062e-01
3.150847e-02
4.238619e-02
2.812733e-03
5.307918e-02
1.870050e-01
1.171541e-01
2.852058e-02
4.451489e-05
6.435772e-03
1.173962e-01
9.391454e-02
6.215299e-02
2.427150e-02
1.003001e-03
1.367028e-01
1.799895e-02
6.237345e-02
1.059805e-02
1.933190e-03
1.157579e-02
3.206490e-02
1.402085e-02
3.982715e-02
3.416140e-02
3.688604e-03
1.237985e-02
8.369759e-02
1.632381e-04
4.052614e-02
3.243272e-02
1.008056e-02
3.074652e-02
3.705265e-03
7.555747e-03
1.648434e-03
8.806519e-02
3.341757e-05
1.831461e-04
1.660150e-01
1.634976e-01
1.065308e-02
2.635842e-02
6.215182e-03
1.553998e-03
8.621392e-03
1.747570e-02
1.133006e-02
4.553869e-03
9.550427e-03
5.240870e-03
1.853961e-01
8.650014e-04
8.306324e-03
5.560563e-02
3.498851e-02
3.309461e-02
4.574507e-03
1.840323e-03
1.483978e-01
1.346686e-02
1.197487e-02
2.469798e-02
8.396844e-06
2.630503e-02
3.378269e-02
1.013185e-01
2.395462e-03
3.615353e-04
1.953078e-01
3.012329e-01
4.439532e-02
9.115510e-03
2.682608e-04
6.053500e-02
9.101861e-02
9.641627e-03
5.157403e-03
1.526144e-03
3.614068e-03
1.265195e-01
5.379456e-03
5.234265e-02
3.107878e-02
5.051584e-02
1.237288e-02
1.156149e-02
1.761450e-01
7.411867e-03
3.875357e-02
1.808802e-01
3.973879e-03
1.100710e-01
1.287227e-03
2.457287e-01
6.322319e-02
4.037361e-02
1.529888e-02
2.639576e-01
8.261475e-04
1.099322e-01
7.283329e-02
1.098306e-03
2.099086e-01
2.575969e-02
2.167367e-02
2.005220e-02
2.926074e-02
4.789446e-03
3.720932e-03
2.454738e-01
4.153130e-03
4.082175e-02
1.235844e-02
1.688552e-01
6.270327e-02
1.082593e-02
1.968239e-02
2.436645e-02
9.007764e-02
4.614352e-04
8.719118e-02
2.589209e-05
1.780757e-02
5.166872e-02
5.708136e-03
2.750592e-02
1.537685e-03
2.256579e-02
1.012778e-03
1.050099e-02
1.757985e-01
2.539206e-02
1.822128e-02
8.432441e-02
2.904591e-02
1.462100e-01
8.162368e-04
1.244295e-01
1.067115e-03
3.682217e-03
2.272034e-03
1.510523e-05
3.493319e-02
9.006011e-02
7.582841e-02
3.086396e-01
1.163019e-02
2.013844e-02
2.438875e-02
1.858993e-02
1.304243e-01
1.874916e-02
3.537788e-01
6.783136e-02
1.227766e-02
1.917702e-02
1.172214e-04
1.401145e-01
8.407037e-03
1.212393e-01
1.954832e-03
1.872624e-02
7.552513e-02
9.633294e-03
2.058286e-02
9.934162e-03
1.305947e-01
7.936209e-04
1.259726e-03
2.091398e-01
6.079716e-02
1.103420e-02
1.134236e-01
7.365227e-02
2.628594e-02
9.740942e-02
4.281265e-05
2.874618e-04
5.341904e-02
8.535927e-02
1.138040e-01
1.358743e-01
1.624761e-01
8.136950e-04
1.714921e-02
1.678910e-02
4.634527e-02
3.364402e-03
2.501015e-04
4.503803e-03
9.564012e-03
4.024360e-02
2.462402e-02
2.532573e-02
2.467369e-02
8.256032e-03
3.193029e-02
2.286498e-03
4.797814e-02
9.147888e-02
7.790640e-03
1.165869e-01
1.200401e-03
7.079660e-03
7.223417e-04
5.616969e-03
1.633113e-03
2.783473e-02
6.366650e-02
3.263871e-03
7.194849e-02
3.897875e-01
6.588585e-02
1.387294e-01
1.439269e-02
4.519138e-03
3.361166e-02
2.146996e-02
4.618691e-02
3.824172e-02
5.391920e-05
5.445834e-02
6.206509e-04
1.821068e-02
1.829898e-02
1.893179e-02
9.644475e-02
3.762149e-02
7.625425e-02
7.752400e-02
5.596508e-03
4.465733e-02
2.877144e-02
4.000487e-02
7.746330e-02
1.208053e-01
1.133279e-02
9.688953e-02
4.676398e-03
1.960965e-02
2.023311e-04
7.984937e-03
5.910672e-02
3.554088e-02
3.123118e-02
2.086287e-02
5.070442e-02
1.198657e-02
1.283732e-02
4.280626e-02
3.276687e-02
7.789665e-03
1.636420e-03
1.254598e-01
3.067288e-02
3.092685e-03
1.959552e-01
1.455481e-01
6.508247e-05
1.215581e-01
3.069756e-01
2.753714e-02
1.493665e-02
5.719463e-01
8.292906e-02
4.255831e-02
5.629832e-03
5.601115e-07
3.308654e-01
8.705032e-02
1.338448e-01
1.148824e-01
3.027635e-02
1.149887e-02
8.525039e-02
3.146175e-02
1.588081e-02
4.359293e-02
4.646898e-02
1.587737e-02
3.180839e-03
2.040061e-02
4.048685e-02
5.444498e-05
3.195377e-03
1.460226e-01
1.028096e-01
4.854543e-04
6.407213e-03
2.993173e-02
1.291978e-01
5.074780e-03
1.037043e-01
2.074787e-02
1.014330e-02
4.804768e-03
3.237944e-02
5.178516e-03
3.717083e-02
1.870576e-04
1.597845e-02
1.210660e-02
6.851154e-02
5.525039e-05
7.204129e-02
2.650816e-02
7.929761e-03
1.002234e-02
1.801719e-01
1.020008e-03
6.578401e-02
1.397815e-01
5.675719e-02
5.905197e-03
1.403637e-02
2.961476e-02
6.029335e-02
8.374488e-02
1.355795e-04
6.994307e-02
4.571445e-03
1.433789e-02
1.326113e-02
8.333506e-02
7.912393e-02
2.577631e-02
8.688930e-03
4.456419e-02
7.343508e-02
7.381055e-02
4.613434e-03
8.860113e-02
2.685838e-02
