1.356613e-02
4.458898e-04
5.882128e-02
2.360584e-01
4.033066e-04
1.301249e-02
9.101215e-02
1.035382e-01
9.896075e-03
3.676252e-02
1.132289e-02
7.247281e-03
5.043693e-05
7.975703e-02
2.771906e-02
6.632090e-02
3.851977e-02
8.394926e-02
4.917074e-02
9.321784e-02
4.873311e-01
5.933093e-03
2.542607e-02
2.892804e-02
2.784216e-02
2.422738e-02
1.587730e-02
7.591942e-02
5.854161e-02
2.015768e-01
1.898010e-04
5.485818e-02
2.896716e-02
1.427780e-01
4.853099e-03
2.095229e-04
4.359956e-02
4.382787e-02
4.813990e-03
1.534962e-03
2.560336e-01
1.619401e-01
1.137939e-02
8.173276e-03
1.580784e-02
1.327808e-01
1.112326e-02
2.321246e-03
9.858681e-03
2.204941e-02
8.436458e-03
5.872362e-05
1.812383e-01
6.767466e-02
9.147477e-03
1.905747e-01
5.326026e-03
9.627761e-03
2.158088e-02
3.343713e-02
1.586635e-01
2.302446e-02
1.039384e-03
2.971276e-02
1.104245e-04
4.833111e-02
2.700970e-02
1.885932e-06
4.961630e-03
2.841018e-02
9.980141e-03
1.097437e-02
4.992099e-02
2.195960e-01
1.470180e-01
8.488978e-02
8.637275e-04
7.931475e-04
8.126172e-05
1.309639e-02
4.705344e-02
4.042498e-03
1.125429e-04
6.179228e-02
2.497596e-01
1.568910e-01
4.420134e-02
1.298050e-02
1.229217e-01
8.833355e-04
1.117527e-02
1.320184e-06
1.174615e-02
1.277037e-02
7.699052e-04
8.925291e-03
5.573244e-03
2.406946e-02
1.892982e-01
7.808505e-03
3.318059e-04
9.393128e-02
6.902484e-03
1.231245e-02
1.236967e-02
3.467862e-03
1.285441e-03
8.185351e-04
3.664367e-03
4.228931e-03
4.771459e-03
5.308953e-03
3.712119e-03
5.879978e-02
6.344806e-02
9.012042e-02
5.299526e-03
5.636111e-03
2.020371e-03
3.232775e-02
2.017750e-04
5.429058e-02
1.650110e-02
1.735598e-02
1.569767e-03
1.875320e-02
5.366731e-02
1.544324e-02
3.204558e-02
1.096612e-01
9.044426e-02
1.655595e-02
2.217816e-02
2.617714e-02
2.033489e-01
5.913971e-02
1.417533e-02
8.745596e-05
3.289360e-02
1.195953e-03
4.039130e-02
1.120085e-02
2.529348e-02
1.590464e-02
1.537151e-02
3.896486e-02
2.627575e-02
2.325962e-02
6.150508e-03
2.159865e-03
1.119682e-01
2.870899e-02
1.023030e-03
4.387354e-02
8.715010e-04
6.256805e-02
2.004280e-02
1.304337e-03
2.832376e-02
3.393991e-01
1.136114e-02
5.530357e-02
6.054071e-03
3.155984e-01
1.789150e-03
4.029504e-02
8.458322e-02
2.430176e-02
4.433048e-02
9.410786e-02
8.652700e-02
4.418623e-03
4.285168e-04
3.648494e-01
1.331204e-01
2.696358e-01
1.797535e-04
6.819604e-03
5.698241e-03
3.692325e-02
9.003131e-02
1.885759e-01
5.267220e-02
3.274541e-02
3.353945e-03
8.290973e-03
1.710705e-02
6.631915e-03
1.552359e-03
1.830688e-01
2.132780e-02
3.028991e-02
1.094126e-03
3.199371e-03
7.233099e-02
3.551939e-02
8.793584e-02
3.225803e-03
9.485884e-02
4.986592e-03
7.615992e-02
1.299070e-01
3.437815e-02
2.500216e-05
1.924686e-02
2.231762e-03
2.250088e-01
9.699591e-04
8.599359e-04
9.808566e-03
3.915844e-07
7.147927e-03
1.543733e-02
5.565785e-02
1.568799e-01
3.063719e-02
5.479997e-02
7.919656e-03
8.617576e-02
2.477130e-03
9.783585e-03
9.350300e-04
4.667462e-02
1.443084e-02
2.230355e-01
8.084093e-02
1.280313e-04
1.155278e-02
1.285841e-02
1.119733e-01
2.634015e-03
1.033298e-02
2.099588e-01
3.942143e-02
9.780179e-02
2.712143e-01
1.650461e-05
1.752859e-02
5.428999e-06
1.788425e-03
1.360557e-01
1.532547e-02
4.531840e-02
1.934714e-02
2.312062e-02
2.713714e-02
1.758889e-01
4.803764e-02
1.441674e-01
4.932835e-02
6.552548e-03
9.562733e-03
7.798779e-04
2.147856e-02
4.458979e-02
3.899508e-02
1.615894e-03
7.253646e-02
1.571343e-02
5.537045e-02
8.623054e-05
9.965707e-02
3.088041e-03
5.175835e-02
4.775092e-02
1.162064e-02
3.093590e-01
1.051964e-02
8.106197e-02
1.153121e-01
3.699096e-01
5.601852e-03
2.762005e-01
1.132380e-01
1.731877e-03
2.831838e-02
2.294711e-01
4.095452e-02
1.720065e-01
6.864328e-03
3.309262e-01
3.472980e-03
1.019102e-02
7.223084e-02
2.147448e-03
4.915478e-02
2.978976e-01
3.678993e-02
5.308766e-02
5.996870e-02
1.803738e-02
4.608282e-02
2.805431e-02
6.755399e-02
3.314207e-03
4.294043e-02
5.754769e-02
1.751804e-03
1.756585e-02
2.190418e-02
8.409776e-02
4.419832e-05
7.987607e-04
2.555560e-04
2.629259e-03
6.166465e-02
8.878948e-02
1.720011e-04
2.472586e-05
4.405341e-02
5.024301e-03
1.283173e-01
1.639511e-01
2.354610e-02
6.804168e-02
1.508255e-02
1.348083e-01
5.544055e-02
1.130770e-01
7.264542e-03
1.360607e-01
1.405285e-02
1.997953e-04
7.594972e-03
6.557471e-02
9.634427e-03
5.688258e-02
6.390609e-03
2.172424e-04
7.697009e-03
4.007106e-03
1.601951e-01
6.155930e-02
2.105522e-02
2.549822e-02
1.871926e-01
1.434729e-05
6.639598e-04
3.435331e-02
4.846801e-02
4.798524e-03
5.170642e-03
1.876444e-02
2.472942e-02
1.701045e-01
4.214057e-02
9.091322e-04
7.191313e-02
1.143685e-01
4.202244e-02
9.862683e-02
1.159528e-01
1.447791e-02
2.577031e-06
3.473433e-02
2.856642e-02
1.403597e-02
1.122333e-02
2.404669e-03
2.572332e-03
1.435730e-01
9.315837e-04
3.203075e-03
7.330821e-02
5.116417e-02
1.319760e-01
1.054310e-01
2.077596e-02
8.207698e-02
1.715769e-01
4.840705e-02
2.403907e-02
1.541628e-02
2.378685e-02
2.535457e-02
1.861685e-01
3.767721e-02
2.379318e-01
6.776903e-03
2.936857e-02
1.550536e-02
3.744748e-03
5.788955e-03
3.004805e-02
7.515027e-03
1.413362e-01
7.749829e-02
2.430468e-02
3.019391e-03
1.790490e-05
9.130134e-02
2.887298e-02
6.765071e-03
8.086486e-03
7.766565e-02
2.540625e-02
9.235720e-03
8.200928e-02
8.639709e-04
3.473912e-03
3.432898e-04
7.463474e-04
1.327085e-03
1.990477e-02
5.991660e-02
1.139525e-05
5.736568e-02
8.835770e-02
1.221012e-02
1.509155e-03
1.513749e-05
1.270279e-03
8.265060e-04
1.532705e-01
2.197812e-01
2.940496e-02
1.312367e-01
6.632321e-02
1.436508e-01
1.831126e-01
7.907042e-02
2.765276e-02
1.867018e-03
5.762135e-02
2.617976e-03
3.564307e-01
8.640179e-02
2.456718e-01
2.395634e-01
4.071862e-03
3.725893e-01
2.261654e-02
1.448228e-02
1.195306e-01
4.158364e-02
1.296074e-01
3.875753e-02
5.857303e-02
8.412573e-04
1.417924e-06
9.526723e-03
2.486882e-02
4.591947e-02
3.231562e-02
9.606287e-04
3.270047e-02
5.975516e-02
3.685129e-02
3.590161e-02
4.302151e-04
8.629137e-03
2.604427e-04
7.939983e-03
1.302365e-02
6.288820e-02
2.768517e-03
6.137856e-02
1.176742e-01
2.030103e-02
2.061306e-02
1.568684e-01
6.153160e-02
1.095593e-02
3.346255e-04
7.447473e-02
1.018995e-02
4.275641e-02
1.493142e-03
7.628416e-02
7.353646e-02
5.680323e-05
3.169345e-01
2.087801e-02
1.765377e-02
1.001909e-02
9.444037e-03
6.690230e-04
1.198213e-01
3.219539e-03
2.424713e-02
1.377872e-01
1.201105e-02
1.205588e-03
1.474968e-01
4.973570e-05
6.225916e-02
6.802160e-02
1.728768e-02
1.304346e-02
3.536748e-03
9.203213e-04
2.392376e-03
1.207785e-02
9.074609e-02
4.890169e-03
3.123739e-02
3.187292e-02
1.164195e-01
1.197188e-02
4.404302e-03
2.757329e-02
1.480248e-01
3.402422e-03
2.811568e-01
9.574465e-04
2.141054e-02
1.155581e-02
1.700996e-01
4.630177e-02
1.052428e-03
3.774505e-02
6.149278e-02
9.256812e-04
4.925614e-02
3.814972e-03
3.017783e-02
2.575562e-02
1.288606e-02
3.564048e-02
1.564559e-04
1.909062e-04
1.325367e-02
1.887839e-02
1.917370e-01
8.922163e-02
4.691880e-02
1.814707e-01
7.067986e-02
9.687371e-02
4.044294e-02
2.128957e-03
2.895720e-03
4.216216e-02
3.803855e-03
2.474174e-02
3.580858e-02
5.109849e-04
5.140488e-03
4.229098e-01
6.196478e-02
1.775702e-01
9.470030e-02
4.995357e-03
5.104527e-02
9.557512e-02
1.147083e-01
1.048830e-01
1.641877e-02
9.426387e-02
2.557113e-03
1.151859e-01
1.415547e-02
9.922183e-02
1.125671e-02
4.283494e-02
2.872734e-01
4.317791e-02
3.179626e-02
1.023813e-02
3.558303e-02
3.676302e-01
3.729949e-02
1.965253e-02
4.330993e-02
6.811128e-03
1.614984e-03
4.757507e-04
6.912636e-03
7.736996e-02
5.819483e-03
4.285563e-01
1.077693e-02
1.025511e-04
1.847583e-02
3.580697e-02
1.440783e-01
3.606037e-03
2.500648e-01
1.189436e-01
2.647057e-02
1.386200e-01
9.971595e-04
7.923556e-03
9.058414e-02
1.145024e-02
6.510533e-03
1.595067e-01
3.339206e-02
1.643645e-03
8.629664e-02
3.347866e-07
5.766494e-02
1.475213e-02
2.487826e-01
