4.729034e-03
1.435793e-02
3.938300e-02
1.150639e-02
4.503109e-01
2.247130e-02
7.507542e-03
1.983404e-03
1.516453e-02
9.810407e-03
9.749737e-03
9.189832e-02
1.614685e-02
1.155338e-02
8.425818e-03
2.420712e-02
4.862846e-02
4.472467e-02
7.139927e-02
1.054826e-02
8.454229e-03
1.128819e-01
6.044082e-03
1.792878e-01
7.909430e-03
7.208442e-03
8.952748e-02
2.065235e-02
6.217119e-02
7.358950e-04
7.039772e-03
4.051809e-02
1.776525e-03
1.645012e-02
6.905051e-02
9.202031e-03
5.898660e-03
1.705851e-02
2.136647e-02
7.837382e-03
1.118694e-02
4.009677e-03
8.219661e-02
2.924592e-04
4.973317e-02
3.572981e-02
9.543146e-02
1.109989e-03
2.984297e-02
2.878261e-02
1.011588e-01
2.004958e-01
6.823267e-03
1.523120e-01
9.309243e-03
1.153039e-02
3.782411e-02
1.920667e-01
9.372799e-04
1.099184e-01
5.872117e-02
8.314971e-02
3.500285e-02
9.584389e-02
1.294339e-01
2.543433e-02
2.376322e-03
1.911222e-03
1.165389e-01
5.143603e-02
3.463473e-05
4.052676e-02
6.957914e-03
8.719034e-03
5.498244e-02
4.178568e-03
3.656960e-02
3.062569e-02
2.519533e-02
2.973421e-02
1.949813e-03
6.682017e-03
3.373560e-03
1.746319e-07
2.200327e-02
7.883240e-02
6.237931e-02
3.621013e-04
2.607793e-03
9.330293e-03
2.599884e-02
2.926427e-03
3.806194e-02
1.064186e-01
8.263579e-02
3.404346e-03
7.466003e-03
6.674130e-02
6.309409e-01
8.284779e-04
9.026984e-05
1.645421e-05
5.963922e-03
3.409872e-03
6.056602e-02
1.158315e-02
8.845102e-02
1.215463e-02
1.386575e-01
1.442106e-03
3.006342e-03
5.797406e-01
1.598532e-01
1.451383e-04
2.090751e-03
1.377986e-02
1.786502e-01
4.976478e-02
1.852226e-02
4.855564e-02
1.589688e-01
1.339818e-01
4.166865e-02
6.461577e-05
3.151592e-03
1.888915e-01
1.102580e-02
5.151283e-04
1.056000e-01
1.318525e-01
9.316682e-03
2.163952e-01
2.226284e-03
2.612472e-02
4.220265e-04
1.636053e-01
8.519733e-02
9.033018e-02
3.241067e-01
7.624842e-02
5.196807e-02
1.484313e-01
3.056723e-03
1.927685e-02
3.546080e-02
1.096114e-02
2.972025e-02
3.086994e-02
2.809246e-02
1.372677e-01
1.281632e-03
1.335479e-01
2.026893e-03
2.065717e-02
1.907927e-01
9.113041e-04
1.159621e-01
2.604540e-04
6.891684e-03
5.941041e-01
1.697540e-02
8.095336e-02
3.843816e-03
2.158281e-02
1.181949e-02
2.250507e-01
1.902051e-02
1.554139e-01
4.586524e-04
1.164948e-04
1.712467e-03
8.228742e-02
3.989252e-02
7.273245e-02
1.568844e-02
9.003835e-02
6.359596e-02
2.461284e-02
1.832394e-02
3.793569e-02
5.730931e-02
7.816875e-04
1.045748e-02
6.664771e-03
3.644642e-02
1.298174e-01
3.267352e-02
2.137585e-02
9.844341e-03
3.176825e-02
1.234097e-02
3.362316e-02
6.160673e-02
3.560755e-02
6.893425e-02
2.358489e-01
2.184420e-05
7.746632e-04
4.272644e-03
7.020927e-03
3.702364e-02
1.605057e-02
4.495645e-05
4.516311e-04
7.331628e-02
3.029360e-01
3.868045e-02
1.288700e-03
1.499847e-02
1.158510e-02
7.988396e-03
4.483883e-02
2.890290e-02
6.459285e-03
1.121574e-05
5.779435e-02
4.347393e-02
1.059566e-02
3.515210e-02
2.843119e-02
1.146679e-03
8.534058e-02
6.108294e-02
1.036326e-02
1.739194e-04
1.216585e-02
3.855624e-03
7.758507e-02
1.667178e-02
8.888988e-02
1.030143e-02
7.946469e-03
8.455785e-03
2.528472e-01
1.368819e-02
2.517002e-01
1.069253e-02
9.388479e-02
3.226337e-02
7.614019e-02
5.215035e-02
3.442276e-03
3.703632e-02
1.832298e-02
2.594137e-02
7.135836e-02
1.356671e-03
1.398256e-02
1.329874e-03
3.731697e-02
5.739718e-03
1.553298e-01
9.108440e-03
7.518010e-03
6.041205e-02
3.034121e-02
3.834371e-02
1.412525e-01
1.928646e-02
1.759232e-04
2.892465e-03
2.029098e-02
3.124839e-03
1.209292e-02
4.765997e-02
6.322925e-03
3.985844e-02
3.717332e-02
5.236251e-02
7.856838e-04
4.372819e-02
9.843535e-04
1.757012e-01
5.839616e-04
3.121602e-03
7.391919e-02
3.191123e-02
1.438782e-02
2.891464e-02
3.903253e-05
3.872839e-01
1.061350e-02
1.986532e-02
5.807858e-02
4.896754e-03
9.291836e-03
6.042283e-02
8.371952e-02
2.250581e-03
1.469267e-02
7.446086e-04
1.438543e-02
1.100681e-01
3.221268e-02
1.133696e-03
3.347455e-04
3.000945e-03
1.025783e-03
5.835557e-02
1.656311e-02
1.952491e-02
1.508506e-01
5.420776e-02
1.688515e-04
3.519877e-02
2.519160e-02
7.313913e-02
3.748349e-02
6.541361e-02
5.571561e-03
1.314579e-01
2.465031e-02
1.521410e-01
3.938811e-03
4.763891e-07
1.998126e-04
4.635092e-02
1.487998e-04
2.640139e-02
7.026066e-02
4.325892e-02
5.945534e-02
3.824985e-03
2.709599e-02
4.193289e-02
1.283583e-02
1.229683e-02
1.317187e-01
2.128267e-02
8.104665e-06
6.003515e-03
1.868857e-02
3.716915e-02
1.362363e-03
1.292108e-02
1.646531e-02
3.841131e-02
3.008321e-02
2.121231e-02
4.956789e-02
3.680207e-03
1.180622e-01
7.528204e-03
6.924405e-02
6.455002e-02
1.033284e-02
2.247813e-02
3.957338e-03
1.022637e-01
3.138831e-01
4.946674e-03
3.394997e-02
1.879431e-02
2.241715e-01
1.835502e-08
4.891380e-04
1.439109e-02
1.561163e-02
5.062097e-02
1.031848e-02
4.203929e-02
7.343039e-02
9.622454e-02
5.826561e-04
3.339442e-03
1.707556e-01
2.294727e-02
1.099139e-03
5.041002e-05
3.085986e-02
6.016786e-02
7.333006e-03
5.394314e-02
8.751055e-02
7.892418e-02
7.542116e-02
7.037783e-04
9.738004e-03
1.577946e-02
4.291975e-02
2.180023e-02
6.947133e-02
7.535122e-03
1.726834e-01
2.967170e-03
5.143886e-05
8.253985e-03
5.587134e-02
3.645778e-04
4.804694e-02
9.548892e-04
1.309365e-04
5.680334e-02
1.442397e-01
2.439287e-03
1.132042e-01
2.074477e-02
1.180465e-02
5.384955e-03
6.256891e-02
1.076898e-03
2.864232e-02
7.715594e-03
6.420160e-03
9.672082e-02
2.616552e-02
1.429218e-02
6.978732e-02
6.425855e-02
7.514379e-03
4.467761e-03
1.476537e-03
2.997724e-04
5.117910e-02
3.155752e-03
2.323934e-02
3.897589e-02
2.277230e-02
3.262493e-01
1.112015e-04
3.027125e-02
3.268166e-02
1.670537e-03
3.262609e-02
1.824772e-02
1.433012e-02
1.893982e-02
3.148091e-03
2.689229e-03
1.089363e-01
5.300597e-02
6.022888e-03
4.720452e-01
1.502685e-02
4.121334e-03
3.763972e-05
8.360613e-02
7.819946e-02
2.375456e-02
6.455124e-02
3.709178e-01
6.165651e-02
6.199436e-02
3.250956e-03
5.901579e-02
2.423069e-02
4.556918e-03
1.533983e-01
1.188335e-01
2.783987e-04
1.772054e-02
1.258083e-01
2.464960e-03
1.360968e-01
4.054151e-04
7.501799e-03
2.018416e-03
8.805833e-04
5.871708e-03
3.461343e-03
1.983509e-02
1.274954e-02
2.216755e-03
4.795351e-02
3.972750e-02
5.931071e-02
5.969072e-02
1.443094e-01
6.786961e-01
1.198527e-01
5.328352e-04
2.624400e-01
1.714202e-02
4.766568e-03
2.286896e-02
8.880443e-02
1.251393e-02
4.464322e-02
1.644049e-03
1.055679e-02
6.580717e-04
4.365564e-02
8.384041e-04
1.179204e-01
5.250460e-02
4.886084e-02
8.572579e-04
3.514804e-03
1.146587e-02
1.505593e-02
1.519808e-01
2.143116e-02
1.232306e-04
7.174989e-04
2.634070e-03
5.246892e-05
1.580446e-01
4.745914e-02
3.470901e-04
8.659042e-03
3.771153e-02
1.177412e-02
9.925993e-04
7.048579e-02
2.846525e-02
8.611361e-04
1.373539e-03
1.312265e-02
8.174174e-03
1.598332e-04
7.455690e-01
1.017998e-02
3.635839e-01
1.447127e-04
8.889781e-03
7.874799e-03
6.775598e-03
8.704512e-02
1.338875e-01
2.148524e-03
3.655876e-02
2.014989e-02
4.212896e-02
1.147426e-01
4.686301e-03
9.704882e-03
3.213931e-03
3.183426e-02
1.744126e-02
7.443839e-03
4.520825e-02
9.460133e-02
4.508108e-02
3.885077e-02
1.800511e-02
2.733486e-02
6.337480e-03
7.055376e-02
1.781862e-02
1.839306e-02
4.213594e-01
1.599766e-04
2.981274e-04
1.627298e-03
1.214633e-02
3.549727e-03
1.073417e-01
1.408447e-04
1.776060e-03
4.548827e-03
4.364909e-02
4.063365e-02
1.759560e-02
1.013494e-05
4.130623e-03
7.519987e-03
9.843206e-02
1.054256e-02
1.274474e-03
3.641747e-02
8.780848e-06
2.616389e-02
4.315685e-01
4.941143e-02
2.065000e-02
1.096053e-01
1.263624e-02
3.488767e-02
1.373361e-03
4.696117e-02
2.363618e-04
8.061514e-03
5.045134e-02
8.546867e-02
2.375580e-01
1.876131e-01
1.250806e-01
2.912692e-05
2.890829e-02
4.727656e-02
3.295330e-02
5.265192e-02
4.480873e-03
6.962976e-04
1.083160e-02
3.019268e-02
1.065892e-03
1.368537e-03
6.443399e-02
6.731274e-03
1.027283e-02
6.904902e-02
3.446221e-02
3.263181e-02
