2.402555e-02
2.808489e-02
1.851960e-02
1.009363e-01
5.267119e-02
6.849272e-02
1.292035e-02
9.003297e-02
5.403014e-02
1.017027e-01
3.004278e-02
1.301916e-02
4.828761e-03
5.509699e-03
2.894938e-03
9.083936e-04
1.044463e-03
9.203787e-02
4.331881e-02
1.097608e-04
3.951543e-02
4.531222e-03
3.704907e-02
1.133376e-01
1.127374e-03
4.204348e-04
4.283929e-02
2.856529e-02
1.546422e-01
5.513612e-02
5.227465e-02
3.947999e-03
2.111785e-03
9.556400e-05
5.379949e-03
1.419382e-01
1.268552e-02
6.507192e-05
9.343358e-04
6.141499e-04
1.431487e-02
2.702249e-02
8.407061e-02
1.111838e-03
5.756333e-03
1.791821e-02
9.327952e-03
6.437515e-02
1.501667e-05
1.509431e-01
6.327868e-03
7.654655e-02
4.404115e-02
3.442313e-02
5.675299e-02
2.519471e-01
1.358888e-02
3.522387e-02
1.141537e-02
1.935152e-03
1.137932e-01
1.054126e-03
1.131640e-02
1.235570e-01
3.439123e-03
4.000954e-02
6.541871e-02
1.226000e-01
8.496102e-02
2.304183e-04
4.858491e-01
3.144625e-02
3.372548e-04
1.852028e-02
2.007624e-04
2.801836e-02
2.603222e-02
2.676473e-02
1.439997e-02
7.117633e-02
1.097254e-02
7.903174e-03
1.149086e-01
1.018676e-01
3.237975e-01
1.183378e-01
5.522708e-03
2.452707e-04
1.428101e-01
1.036507e-01
1.772133e-02
3.833806e-02
1.078418e-01
2.295978e-02
1.955809e-03
4.810042e-04
4.059299e-04
7.254730e-02
9.575368e-02
1.410721e-01
1.106879e-01
1.823853e-02
9.318901e-03
4.032097e-02
3.972069e-03
9.403803e-03
1.072219e-01
1.951395e-01
1.495594e-03
3.854568e-05
2.832811e-04
2.404348e-03
1.457426e-02
1.027093e-02
6.811886e-03
1.533865e-02
1.084032e-02
2.724600e-02
2.209554e-04
8.653294e-02
5.945897e-02
4.486085e-02
8.493877e-03
2.733450e-03
8.031622e-03
6.071471e-03
1.581889e-02
6.549188e-03
6.155755e-04
3.706590e-02
3.354436e-07
3.943483e-03
1.962990e-02
1.470699e-03
1.379913e-02
9.004078e-02
5.807036e-01
1.549740e-01
1.558236e-01
1.216962e-04
1.550810e-01
4.768025e-02
3.297342e-03
1.404074e-01
2.788742e-02
1.405206e-02
4.690154e-03
9.892428e-06
1.024658e-04
2.140986e-01
1.076560e-01
2.133603e-02
3.480273e-02
4.754592e-02
2.686216e-04
4.341196e-02
5.550767e-02
5.838751e-02
4.103052e-04
3.346391e-02
1.303163e-02
8.031126e-02
1.566677e-02
9.506484e-02
3.175683e-02
6.779860e-02
1.212884e-02
1.813526e-03
1.228324e-01
1.862147e-03
5.044151e-03
8.000345e-03
5.303930e-02
3.379494e-02
7.471073e-02
1.084158e-02
1.110604e-02
5.304102e-03
9.667742e-02
1.438388e-02
4.371506e-03
3.691805e-04
4.796207e-02
1.642954e-04
4.441426e-04
1.546305e-03
6.891771e-02
4.261018e-04
1.274986e-01
4.515030e-04
3.137154e-02
1.904743e-01
2.891271e-02
8.118404e-02
3.800527e-02
9.309152e-05
1.009607e-02
4.900033e-03
1.755221e-02
1.488691e-04
2.062794e-03
1.124228e-01
6.593299e-02
9.003245e-03
8.887581e-02
4.747253e-02
2.268739e-03
7.586165e-02
4.918865e-03
6.049243e-03
5.560267e-02
1.527254e-01
2.404767e-02
5.147747e-04
2.024154e-01
1.174503e-02
4.904436e-02
1.630207e-02
3.184424e-02
1.050464e-04
6.535589e-07
1.406819e-01
1.737348e-02
2.117432e-02
5.086283e-02
7.425306e-04
3.680527e-03
5.799055e-02
2.858868e-02
1.457201e-01
6.181433e-02
3.066387e-02
2.354959e-03
6.123732e-03
4.412129e-02
1.364106e-01
4.261690e-03
1.595692e-02
1.163129e-04
2.406882e-02
2.454298e-02
5.365171e-03
6.380487e-02
7.840559e-03
1.861072e-01
3.254621e-03
4.443646e-07
6.589682e-03
9.366207e-02
2.069997e-01
1.746412e-02
2.176156e-02
3.534111e-05
2.461868e-02
3.812396e-03
3.176298e-03
3.231223e-02
3.384289e-02
2.184554e-02
3.036700e-02
2.549070e-01
6.144734e-02
2.757050e-02
4.261032e-02
3.847477e-02
2.165738e-02
7.312860e-02
1.041854e-02
2.163976e-05
3.670332e-02
3.120431e-02
6.204800e-02
6.786420e-02
7.492012e-02
1.296611e-01
2.566620e-02
3.470072e-02
1.139592e-01
4.579990e-01
3.967565e-02
4.143072e-02
2.217564e-02
5.838009e-03
1.357447e-01
5.249858e-02
3.008548e-03
5.309707e-02
1.296882e-05
3.246307e-02
1.709131e-01
8.992655e-03
5.838836e-03
5.481305e-02
1.110782e-03
2.214910e-05
4.114672e-04
8.179191e-03
3.342695e-02
5.942660e-03
3.557193e-02
4.962624e-02
6.143847e-04
9.394510e-02
8.203236e-01
1.809371e-01
4.675526e-03
1.835992e-01
1.359317e-02
6.580580e-02
2.542922e-04
5.647495e-03
4.271545e-02
2.618253e-02
1.731460e-01
3.092983e-02
1.803364e-02
3.812025e-02
1.941758e-03
3.940215e-02
3.946962e-02
1.199169e-01
1.676944e-01
4.489085e-02
8.796903e-04
1.432778e-01
7.263933e-02
2.351677e-01
6.755558e-02
1.542385e-03
7.344695e-04
1.786258e-02
1.967441e-02
1.548581e-01
2.916816e-01
3.659844e-02
1.363375e-02
8.132088e-04
1.734036e-02
7.987934e-03
5.431008e-02
6.360741e-02
4.980131e-03
8.672441e-02
5.482424e-03
2.909393e-03
9.559366e-06
1.635680e-01
1.022047e-03
8.249057e-02
3.269793e-03
1.538592e-02
2.929936e-02
4.145001e-03
2.165243e-03
2.229349e-02
8.463867e-02
2.675488e-01
2.284123e-02
9.106061e-05
5.142196e-02
1.613023e-02
3.235950e-02
2.890535e-03
1.703422e-01
4.710471e-02
5.915011e-02
6.230666e-02
1.975388e-03
2.010774e-03
3.924970e-02
2.742508e-01
7.187463e-02
5.642392e-03
2.292565e-02
2.227757e-04
1.197099e-01
1.149478e-01
5.081251e-02
9.959581e-03
2.194768e-03
1.468216e-03
7.322444e-02
6.111736e-09
2.373280e-03
5.512374e-02
1.276636e-01
1.508235e-04
7.938444e-03
8.477833e-03
1.133914e-02
3.410427e-02
4.672787e-03
4.808989e-02
4.559276e-04
3.696041e-03
1.119756e-02
3.061982e-02
7.691596e-02
1.061498e-02
6.444302e-02
1.714266e-02
1.027638e-01
1.030231e-02
1.348550e-02
1.397982e-03
3.232700e-02
5.846160e-03
2.656396e-03
3.699780e-03
4.701411e-03
8.791954e-04
5.330534e-02
1.460908e-01
2.663670e-02
8.646515e-03
4.341634e-02
1.469765e-03
1.291022e-02
2.268031e-02
2.841983e-03
1.605525e-03
1.818993e-02
8.023831e-02
4.229325e-03
8.474490e-04
1.960903e-01
5.999843e-02
7.914706e-02
1.041206e-01
9.094610e-03
8.403958e-04
2.611362e-02
7.434269e-03
3.656411e-02
4.114722e-02
3.683352e-02
1.288361e-02
3.177802e-02
7.637089e-02
2.113464e-01
8.078481e-03
1.420889e-01
3.416458e-03
1.406064e-03
2.955777e-04
2.946602e-01
6.576676e-03
1.319113e-02
3.383464e-04
1.608105e-03
1.659197e-02
4.898451e-03
5.379461e-03
7.849253e-03
9.270868e-02
4.628373e-02
6.851721e-03
1.424127e-02
3.308416e-03
5.872631e-04
8.273172e-05
7.765793e-04
1.165421e-01
8.509879e-02
2.170476e-02
4.308928e-02
2.312256e-02
1.722204e-02
2.788857e-01
2.015527e-01
1.109383e-01
1.748173e-01
1.190270e-02
5.426166e-02
2.210635e-02
2.242838e-01
4.214037e-03
5.734801e-02
9.275790e-02
4.891355e-04
1.734940e-01
5.105721e-02
1.022220e-02
5.481001e-06
1.214501e-03
5.700416e-03
1.094381e-01
8.012413e-03
2.666617e-03
1.677215e-01
3.466898e-02
1.173850e-02
1.690911e-02
4.333211e-03
2.283491e-02
5.119870e-02
4.398096e-02
3.537905e-02
2.348075e-02
1.694727e-01
2.742208e-02
5.573587e-02
4.940790e-02
4.621003e-02
1.362630e-03
3.935907e-02
3.579032e-02
2.901405e-02
7.330998e-02
3.143051e-03
4.071285e-01
6.791626e-02
1.061185e-01
5.136660e-02
8.485487e-04
7.582591e-03
6.223280e-02
1.316012e-03
7.255202e-02
6.380119e-02
5.027920e-03
8.944016e-02
1.718026e-01
2.221906e-02
1.268236e-02
1.911419e-02
3.149648e-03
8.243050e-02
7.531787e-02
2.581352e-01
7.691499e-04
1.944336e-03
8.343251e-02
5.947912e-02
9.517194e-04
1.446389e-02
5.883041e-02
4.207799e-02
1.916113e-02
2.164366e-03
2.481136e-01
3.080145e-03
1.656431e-03
7.789094e-05
5.245939e-02
9.582184e-03
2.998597e-02
1.704090e-02
3.299964e-02
1.332236e-01
1.655178e-01
7.470808e-02
1.251946e-03
3.699106e-03
7.787021e-02
1.653521e-02
1.283130e-01
2.350529e-01
4.534694e-03
1.319539e-01
5.117517e-05
5.669503e-02
1.892809e-03
2.432843e-02
6.382547e-02
2.324485e-01
4.241583e-02
6.457430e-02
3.758272e-02
9.687453e-02
1.786484e-02
1.379270e-02
6.947279e-02
9.000899e-03
4.615669e-02
6.172643e-03
2.500148e-02
1.163878e-03
1.000950e-02
2.316004e-03
6.781095e-03
1.765382e-02
7.788359e-02
1.278061e-01
7.004926e-05
1.761383e-02
1.214032e-02
1.919793e-03
7.565682e-02
6.970715e-02
1.057247e-02
1.392135e-06
2.752762e-03
3.459430e-02
