1.207457e-02
1.221952e-02
6.710971e-03
1.507430e-02
2.474678e-02
8.169678e-02
1.759739e-01
2.189830e-03
1.078742e-01
5.072124e-03
1.274515e-02
2.543440e-05
3.451609e-02
8.603086e-04
5.901357e-03
1.610051e-01
2.806772e-02
1.019993e-03
1.128773e-01
5.078024e-04
7.262763e-02
1.880757e-03
2.591314e-02
9.858991e-02
7.308256e-02
3.310936e-02
2.037321e-02
5.176007e-02
1.108996e-04
3.532957e-03
1.074702e-02
5.175327e-02
4.234281e-02
6.283243e-03
5.838702e-03
2.900144e-02
4.572706e-02
1.141365e-02
1.340731e-01
2.315864e-04
3.176788e-03
2.760060e-04
2.258248e-02
1.049855e-02
5.261237e-03
1.206735e-04
8.080262e-02
1.990045e-02
8.462951e-03
6.060677e-02
5.284353e-03
7.623164e-02
5.754926e-02
1.136187e-01
5.515569e-03
5.131414e-02
8.085692e-02
1.636718e-02
6.959065e-03
2.891491e-02
2.176622e-03
3.447449e-03
7.764960e-02
7.357053e-02
1.414804e-02
2.758987e-03
6.443476e-03
1.014039e-02
6.644108e-02
7.043890e-02
2.316209e-02
1.814999e-07
2.085050e-01
1.570628e-04
7.233871e-04
1.716899e-01
1.365720e-01
2.549513e-02
6.481089e-02
3.982265e-02
3.088424e-03
1.033490e-01
1.368727e-02
2.370183e-03
1.393510e-01
2.788750e-02
2.924797e-03
2.758629e-03
1.142964e-01
3.420230e-03
5.460748e-02
5.531004e-02
4.056194e-02
2.681665e-01
1.422937e-02
6.231040e-06
2.307139e-02
3.659979e-03
3.038299e-02
6.132541e-02
3.577742e-02
3.480813e-01
2.491075e-02
9.822758e-02
1.061130e-02
1.306689e-04
2.291800e-02
2.389573e-03
2.256541e-02
1.262763e-02
1.256591e-05
7.455785e-01
2.221506e-03
5.949502e-03
7.316450e-02
3.501901e-02
3.002213e-01
2.135491e-01
4.264102e-02
3.413078e-02
5.223470e-03
1.237941e-01
2.123296e-02
2.510396e-03
1.807716e-02
1.864188e-03
2.067615e-02
5.148701e-04
1.475702e-02
1.420051e-03
7.585312e-05
5.538387e-04
2.307792e-01
1.818380e-02
3.216047e-02
1.921715e-02
6.000453e-01
8.028990e-05
8.248882e-02
4.050900e-02
2.183024e-02
2.516396e-03
2.874977e-03
7.000985e-02
1.218803e-04
4.140138e-01
1.485906e-02
5.009805e-03
3.708078e-04
7.673579e-02
6.512368e-02
6.286750e-08
7.190457e-02
2.811813e-03
1.604328e-02
1.529466e-02
8.546427e-03
1.450939e-02
5.575369e-02
2.953702e-02
9.868402e-03
3.681305e-03
8.755503e-03
5.665481e-03
2.703694e-01
1.311777e-01
1.640619e-04
1.015216e-01
2.198528e-01
1.075367e-02
3.364298e-03
1.071553e-01
3.413708e-05
2.066966e-03
4.652738e-03
1.417476e-02
1.208602e-02
7.290425e-03
1.647845e-01
1.137550e-04
1.280067e-02
8.663354e-03
1.604820e-01
5.847199e-02
1.000985e-02
5.777667e-03
9.605588e-03
1.951672e-03
1.398505e-02
7.036934e-02
2.919229e-02
1.466788e-01
3.019595e-03
3.131429e-02
2.148502e-02
2.448201e-02
2.921398e-01
8.855970e-02
4.694445e-06
8.663057e-02
1.746677e-02
4.422819e-02
2.538811e-01
1.364906e-04
6.835055e-02
6.756515e-03
3.594103e-03
1.440978e-02
8.531212e-04
5.981060e-02
1.410902e-04
5.866481e-02
1.992602e-02
5.013898e-02
7.328436e-04
2.524339e-04
1.220818e-02
1.588039e-03
5.901058e-02
1.366134e-02
2.560214e-03
2.215274e-02
1.287386e-02
1.663423e-01
8.407557e-02
4.613243e-02
3.253495e-03
4.139672e-03
1.851970e-04
1.606499e-02
4.760476e-02
1.758272e-05
3.018046e-02
4.536265e-03
9.509699e-02
1.430052e-03
1.443033e-03
2.999331e-02
4.380979e-04
1.295887e-02
1.966131e-02
1.348872e-02
5.047351e-02
6.960520e-02
2.280466e-01
3.269204e-03
6.943871e-02
7.799171e-02
3.095144e-02
1.238490e-01
7.481452e-06
3.734533e-01
8.119369e-02
7.754532e-02
6.847525e-03
1.296033e-03
1.669099e-02
4.488639e-03
6.633366e-03
3.979801e-02
4.447469e-02
4.835873e-05
6.927371e-03
4.150258e-02
4.581929e-03
1.516868e-02
2.935787e-04
1.621687e-01
6.911100e-03
5.621147e-05
3.417601e-02
1.433028e-01
4.732849e-02
1.502232e-01
5.352119e-03
1.378099e-01
9.568236e-03
1.951180e-01
4.943302e-02
6.900057e-02
1.987428e-01
6.178252e-03
1.293905e-02
3.172402e-02
8.362071e-03
2.457301e-02
1.098662e-01
5.240681e-03
3.796748e-02
5.712261e-02
5.578373e-02
2.728878e-02
6.721745e-03
2.701930e-02
1.132267e-03
2.587308e-02
2.968047e-03
4.025606e-02
3.500496e-03
1.335339e-01
5.265210e-02
1.220956e-02
1.064554e-02
5.064655e-03
1.069285e-01
1.288544e-02
1.443750e-02
5.296543e-04
2.405499e-02
1.391849e-01
2.621185e-02
5.606780e-03
4.035302e-05
9.932555e-02
5.060439e-04
4.252489e-03
8.205941e-02
4.199252e-02
5.172469e-02
2.267902e-01
1.629947e-02
5.316803e-02
4.614825e-02
1.246463e-01
5.466281e-02
1.356896e-01
3.777486e-02
3.868407e-03
1.336972e-05
2.806343e-01
2.036358e-01
1.781680e-03
9.216972e-02
6.715408e-02
8.122940e-04
2.265528e-01
2.270199e-02
2.536707e-02
4.146515e-04
2.786065e-02
6.200884e-02
1.887508e-02
8.600326e-02
1.431614e-01
3.962569e-02
3.021263e-01
1.198919e-01
5.720886e-03
8.502465e-04
3.261741e-02
2.030901e-03
2.776469e-06
5.883341e-03
3.010240e-05
2.786050e-02
1.621648e-02
5.218230e-02
6.229871e-02
5.904313e-03
7.871383e-03
8.817305e-05
3.265151e-03
1.263945e-02
1.315439e-02
9.449717e-02
8.410750e-03
1.068995e-02
1.134829e-01
1.698445e-01
8.142387e-03
4.923549e-03
6.018288e-02
7.648467e-02
8.225341e-03
7.867760e-02
1.481345e-02
2.406344e-02
2.514228e-01
8.525988e-05
2.194872e-02
5.427519e-04
3.385015e-04
1.358937e-03
2.134757e-02
1.009281e-02
2.116288e-02
3.615327e-02
6.554930e-02
2.543914e-01
1.206654e-02
5.336509e-02
1.956218e-02
9.976113e-03
5.065912e-02
4.310342e-02
9.747127e-03
6.880664e-02
4.300747e-02
3.682395e-03
1.274739e-02
2.154659e-02
1.832161e-02
6.488626e-02
1.551747e-01
6.568162e-02
4.089912e-04
6.032957e-05
2.129162e-02
5.506010e-02
8.945926e-04
1.427824e-02
6.731139e-03
1.310801e-02
1.522215e-01
5.016776e-03
5.416797e-02
8.885969e-02
4.683427e-02
5.153815e-02
1.269722e-01
3.254793e-02
7.259805e-02
2.427132e-02
2.292609e-02
1.115264e-02
1.743833e-01
4.097568e-02
8.696994e-02
2.376760e-02
1.750354e-03
1.359595e-01
3.867977e-02
2.501031e-02
2.370838e-03
2.179111e-02
1.203500e-01
4.308275e-03
7.462175e-02
1.104389e-04
9.765087e-03
2.177552e-04
5.783146e-02
3.446579e-03
2.572875e-03
1.306802e-01
5.683918e-02
5.573872e-02
1.106567e-01
3.050721e-02
2.393519e-03
1.861424e-02
7.380834e-03
4.976583e-03
6.098703e-02
3.551646e-03
2.494595e-04
3.249314e-02
1.900381e-02
1.335031e-02
1.445387e-03
3.742608e-02
1.619795e-02
5.025819e-03
1.050290e-03
2.242440e-01
1.138762e-02
2.011142e-01
7.388285e-03
1.459121e-01
3.642679e-01
5.061753e-02
7.318723e-02
1.005773e-05
1.114846e-01
5.555048e-03
1.701798e-02
2.142456e-02
2.806022e-02
2.720846e-02
7.500446e-02
1.963151e-02
9.050064e-03
7.641508e-03
6.780166e-02
1.859973e-01
1.520935e-01
1.027186e-01
8.750541e-02
4.541106e-02
3.296920e-01
1.278441e-01
1.329445e-01
3.516088e-02
5.728580e-02
6.590710e-06
4.065258e-02
1.307219e-03
3.972184e-02
7.032280e-04
1.192123e-06
4.732702e-02
2.300879e-02
1.042180e-03
5.625146e-04
3.538555e-03
1.556717e-01
1.073116e-03
7.301909e-02
1.126355e-02
2.728562e-03
2.958904e-02
1.165190e-02
9.715400e-02
1.025907e-02
1.571681e-05
4.065660e-02
3.476758e-03
1.870126e-02
6.448628e-02
9.661618e-03
7.674731e-02
4.010949e-02
4.345774e-02
8.644494e-02
1.621989e-01
4.154153e-02
2.844563e-02
1.774722e-04
9.538720e-03
2.561110e-02
3.588349e-04
6.302721e-02
1.309797e-03
1.629417e-02
1.953590e-02
2.677931e-02
2.773919e-01
9.076080e-04
1.161019e-01
4.076912e-03
9.346003e-02
8.400029e-02
4.380297e-02
6.848133e-02
7.337839e-02
8.847322e-02
5.845595e-06
1.205343e-02
5.799889e-03
1.505700e-03
4.562472e-02
5.983389e-02
4.642984e-02
2.135946e-04
1.606167e-01
1.182239e-01
1.475397e-02
9.890061e-02
2.182539e-02
3.786719e-02
1.117521e-02
3.928580e-02
9.285404e-03
1.729609e-01
1.405055e-03
2.168147e-02
3.171554e-02
2.571485e-02
3.309023e-02
7.359540e-03
2.665593e-03
2.150990e-02
3.083123e-02
6.901128e-02
1.053082e-01
1.920060e-03
5.409250e-03
2.591793e-02
6.309579e-04
3.834541e-02
3.154885e-02
8.674446e-02
1.384977e-01
4.077058e-03
2.821148e-04
2.903225e-02
3.918613e-02
4.072416e-02
2.051315e-03
1.142850e-01
7.440179e-04
3.418412e-02
3.952241e-02
2.556241e-02
