4.285038e-02
2.442531e-03
1.700746e-01
4.856923e-02
1.135519e-01
1.569038e-03
3.116592e-02
1.649797e-01
2.391332e-03
1.801971e-03
7.535237e-02
1.306484e-01
1.211213e-02
5.349102e-02
5.234983e-04
2.611749e-02
2.108029e-01
2.608666e-03
6.731253e-02
1.390775e-01
2.030744e-05
2.912983e-02
4.083047e-02
1.397256e-02
2.675281e-02
8.367684e-05
6.550606e-02
3.731559e-03
6.553539e-02
1.010629e-01
3.234819e-03
8.538088e-02
2.616571e-01
9.614758e-04
1.188251e-02
1.053923e-03
9.664092e-02
6.160554e-03
4.669613e-02
2.187824e-03
1.014561e-02
5.472396e-02
2.399820e-04
1.194794e-02
1.681193e-02
1.689364e-04
1.328414e-02
1.723523e-01
9.910330e-02
2.429088e-01
9.065539e-03
7.299082e-02
3.740787e-03
2.635499e-05
7.016253e-02
1.288798e-02
3.867665e-03
1.756947e-03
7.014964e-02
4.450727e-01
1.436562e-01
6.622606e-02
2.442078e-04
1.228069e-02
7.438379e-02
5.746484e-02
2.073381e-01
1.546345e-01
8.243699e-03
8.282207e-02
2.929444e-03
6.556883e-02
1.087585e-02
1.645086e-02
1.723683e-03
2.976429e-02
1.018242e-01
7.782887e-03
9.040860e-03
1.339138e-02
1.737227e-02
2.832982e-03
3.620515e-03
1.917528e-01
9.233542e-02
3.343961e-01
2.669933e-02
1.357797e-01
3.445018e-02
7.006004e-02
3.967832e-02
4.026214e-03
1.119149e-01
3.016673e-03
7.733060e-02
3.033951e-02
1.363141e-03
1.199555e-02
4.142180e-01
2.636089e-01
2.915111e-01
9.588705e-02
9.141365e-02
4.042982e-02
2.505172e-02
1.059846e-03
7.971890e-03
6.109862e-02
1.302772e-02
4.875905e-02
6.702472e-03
3.465942e-02
5.359006e-03
8.109000e-04
2.373296e-02
1.235351e-02
6.185151e-03
4.067655e-02
8.148607e-02
6.788840e-02
6.789287e-04
1.324751e-04
9.765227e-03
4.885182e-02
1.367443e-01
4.599965e-06
2.527606e-01
1.478379e-02
1.953320e-02
2.743719e-01
3.161704e-02
3.411420e-02
4.902753e-03
1.397043e-02
1.646056e-02
1.676376e-03
1.063829e-01
8.927736e-02
1.306474e-01
2.216297e-01
2.882232e-03
4.891847e-02
2.104846e-04
1.641804e-03
3.933070e-02
2.730609e-03
2.730293e-02
1.315434e-02
3.742505e-03
4.175710e-02
7.421704e-03
2.201383e-01
2.343702e-02
8.412094e-03
4.652379e-03
4.247973e-02
3.388717e-03
4.401504e-05
3.754512e-04
1.543938e-01
4.026507e-02
5.901913e-02
8.664120e-03
1.210012e-02
2.441387e-02
1.053462e-04
1.421611e-02
2.960873e-02
2.178557e-02
3.337854e-03
2.198063e-01
8.145321e-02
1.198683e-02
5.089780e-05
1.620714e-01
1.364378e-03
1.366853e-02
1.292279e-02
1.812294e-02
1.876239e-07
1.951142e-03
5.646258e-02
3.528965e-02
1.649427e-02
1.923561e-02
1.561373e-01
5.539812e-04
5.067585e-01
1.205477e-01
3.058066e-04
6.449997e-02
3.492160e-03
6.502396e-02
1.906219e-01
2.428527e-01
6.183921e-02
3.326308e-02
2.225200e-01
5.253687e-03
4.297408e-02
4.431847e-02
1.325335e-01
6.900064e-02
1.578866e-04
2.247469e-03
1.791898e-03
1.586223e-02
4.350161e-05
5.566703e-02
2.742636e-04
1.767196e-03
4.723414e-02
7.735814e-02
7.983937e-03
8.462327e-03
4.384611e-01
4.248166e-02
8.536900e-03
5.470135e-03
2.229971e-03
2.194315e-03
7.548813e-02
1.807640e-01
6.076580e-04
6.392230e-02
4.297883e-02
2.268410e-04
8.732156e-02
3.802451e-01
2.327068e-02
6.390484e-02
8.618001e-02
1.493410e-02
2.009981e-02
6.347551e-03
1.272928e-02
6.068462e-03
6.659522e-03
1.654554e-01
2.188215e-01
1.174867e-02
1.196976e-01
6.856410e-03
7.783209e-02
2.913060e-01
6.742605e-03
4.437765e-03
2.181827e-01
7.297071e-03
6.944846e-02
5.367203e-02
3.458569e-02
3.382227e-03
3.264410e-01
1.337883e-01
2.208408e-04
5.886428e-05
4.220258e-04
2.619639e-03
4.620534e-03
2.255496e-02
4.010596e-03
4.117115e-02
9.924070e-02
1.206070e-02
8.480661e-04
2.493090e-03
5.260133e-02
2.202870e-04
2.239800e-02
9.066692e-03
2.419836e-03
5.342863e-02
7.721270e-03
2.312144e-02
1.295339e-01
2.960210e-03
4.997138e-02
2.050875e-02
2.524316e-03
4.162251e-02
1.133750e-01
2.262807e-02
3.964563e-02
4.426191e-02
2.141814e-03
7.099474e-02
1.702711e-02
8.628236e-02
2.383393e-03
8.111937e-02
2.653063e-01
1.850565e-02
2.035046e-01
2.854333e-02
1.995964e-03
3.018672e-02
9.395202e-02
1.483451e-02
3.103028e-04
4.092190e-04
1.954101e-03
3.292638e-03
1.326087e-02
5.032372e-02
2.391527e-03
2.786658e-01
2.663702e-03
3.204994e-04
3.515667e-02
4.958078e-03
7.716078e-02
7.041432e-04
7.654553e-02
4.860405e-02
3.499225e-02
1.363428e-02
1.004359e-03
2.906965e-02
5.356769e-03
3.668984e-04
1.004548e-02
1.350643e-02
8.394703e-02
5.667472e-02
9.098323e-04
2.193868e-01
4.057755e-02
7.130671e-05
1.178538e-03
2.264449e-02
3.139911e-02
1.331911e-04
7.984153e-03
1.350905e-01
5.849820e-03
2.889892e-02
1.995393e-02
2.363268e-02
6.274534e-02
2.079468e-02
5.681863e-04
8.938095e-02
3.335010e-02
1.025846e-01
2.513380e-03
2.747905e-02
3.720570e-03
2.636188e-02
1.415507e-01
3.548871e-02
1.188750e-02
8.691432e-02
2.120495e-02
6.606159e-04
3.666790e-02
3.310114e-02
2.404921e-02
1.095146e-04
6.868207e-02
5.126371e-02
8.017427e-03
1.972910e-02
5.110478e-03
6.561639e-02
5.762921e-02
1.086716e-01
2.189616e-02
2.881448e-02
1.704562e-03
6.093027e-03
3.064825e-03
4.449131e-03
2.423767e-03
9.437706e-02
1.582022e-01
5.370841e-03
4.365125e-05
3.345707e-01
2.376822e-03
3.441709e-02
6.437334e-06
8.907242e-03
1.804414e-02
6.681411e-04
3.744539e-02
1.689994e-02
1.229598e-03
6.456947e-02
2.826029e-02
3.552432e-02
6.960762e-02
1.310261e-05
7.142312e-03
1.912381e-02
8.389776e-02
3.760173e-03
1.528095e-02
7.790257e-03
2.429248e-02
1.244712e-01
3.708810e-02
9.758445e-03
1.778173e-02
3.034940e-05
2.641636e-02
9.351115e-03
6.834519e-03
6.119439e-03
6.501025e-02
6.783550e-02
2.088132e-02
1.568045e-02
2.060251e-02
6.618173e-02
7.743695e-02
3.876924e-02
1.860802e-01
1.274664e-02
1.940846e-01
3.535894e-02
9.021792e-04
1.316437e-01
2.122732e-02
7.846059e-06
4.566611e-03
2.198730e-03
1.483983e-01
4.352585e-02
2.556461e-02
6.431154e-04
1.466519e-02
1.433575e-01
2.696311e-02
1.039099e-03
1.532617e-01
8.764984e-03
2.654461e-01
6.188303e-03
2.045225e-02
1.972303e-02
1.012466e-02
1.057699e-01
1.301479e-01
9.775399e-02
5.530098e-06
5.799537e-02
2.241918e-03
6.769382e-02
3.963140e-02
7.708476e-03
4.361129e-04
1.389242e-02
1.195204e-01
5.282339e-02
5.331963e-02
3.495287e-02
3.062945e-02
1.107886e-02
1.015272e-02
6.116500e-03
1.145767e-02
4.306273e-02
1.085423e-01
6.758337e-04
1.201359e-02
1.461873e-03
2.596372e-02
2.516717e-01
1.441579e-01
9.380743e-02
6.659085e-01
3.668676e-01
6.252084e-02
7.663057e-03
1.028988e-02
4.521909e-02
3.066648e-02
2.746418e-02
5.925309e-02
7.634609e-03
2.555083e-07
1.170737e-04
8.191264e-02
1.162995e-04
2.913010e-03
1.375701e-02
1.217787e-01
3.798722e-02
1.627630e-04
3.083095e-02
4.051114e-03
6.867248e-04
1.860693e-02
3.070510e-02
1.430707e-04
1.823949e-01
2.892346e-02
3.048199e-03
4.972725e-02
3.881809e-04
1.958765e-02
6.366889e-03
1.637380e-02
9.991945e-02
7.514118e-03
3.165259e-04
1.488300e+00
3.539042e-02
8.613393e-02
6.596199e-02
3.964979e-04
1.220299e-01
4.884525e-02
9.569111e-03
1.389636e-02
3.821578e-02
9.330079e-02
3.275863e-03
2.530155e-01
1.704621e-02
3.150465e-04
1.778350e-01
2.803420e-02
6.659772e-02
9.071533e-03
2.014576e-01
5.023427e-02
7.276354e-02
2.926189e-02
1.204130e-01
3.548026e-02
1.247811e-02
1.553915e-02
1.537188e-03
1.385075e-01
6.179772e-02
1.947745e-02
4.835235e-04
8.903458e-02
5.298854e-01
3.541940e-03
8.334593e-03
9.294246e-02
3.664706e-02
1.980085e-01
1.528198e-01
1.074756e-02
1.747996e-05
1.096521e-02
5.720980e-04
2.187065e-02
2.018803e-02
2.218449e-02
5.220596e-03
1.369219e-03
1.144356e-01
3.410676e-04
4.661483e-05
5.773697e-03
6.779400e-03
1.193661e-02
4.272138e-02
2.195301e-02
1.571955e-03
1.081751e-01
5.371581e-06
2.255083e-02
5.488246e-04
8.175078e-04
8.524436e-02
2.736963e-02
1.105143e-01
5.153054e-03
1.118602e-03
1.779118e-03
7.823722e-02
1.164243e-01
2.388166e-02
7.757962e-02
5.359103e-03
1.371797e-01
5.772252e-02
3.040757e-01
4.096374e-03
1.015264e-01
1.320235e-01
4.113530e-03
9.935471e-04
6.477440e-03
5.176182e-02
4.937894e-02
4.212962e-01
2.722324e-03
