1.267431e-03
1.388313e-02
2.876585e-02
9.877584e-04
5.224684e-02
5.980457e-02
1.513761e-02
1.028723e-01
7.276699e-02
1.914906e-02
3.214175e-02
1.980320e-03
3.140456e-02
2.343499e-01
1.766872e-02
2.210542e-01
5.114706e-02
9.117062e-03
2.910003e-02
4.374872e-02
8.852262e-03
4.709690e-02
6.083900e-03
2.056397e-03
8.981458e-03
2.431005e-04
2.362876e-02
7.949362e-03
1.060814e-01
2.461720e-02
2.202037e-04
2.431975e-03
3.224486e-02
2.886704e-02
1.456296e-02
3.008312e-03
8.510769e-02
8.356513e-03
8.851908e-03
1.460209e-03
1.439835e-06
6.119582e-03
7.574135e-03
1.418495e-01
1.456565e-02
2.069636e-01
1.710978e-02
2.699183e-02
4.142311e-02
3.837888e-06
1.631945e-02
1.069417e-01
2.725019e-03
2.008797e-02
1.906654e-02
1.414813e-02
1.194878e-01
6.320049e-02
1.825731e-02
7.308301e-02
5.288380e-02
5.049113e-04
1.515498e-02
3.258645e-02
9.034017e-02
1.117499e-04
4.303574e-02
2.044388e-01
3.582252e-02
9.545916e-02
3.793527e-04
7.219126e-03
2.596420e-01
4.915876e-03
1.899428e-03
9.826359e-02
1.821061e-01
8.725525e-03
5.601390e-02
6.953432e-03
8.664727e-03
9.106505e-04
7.265903e-04
1.458354e-03
2.238324e-02
3.658929e-02
3.088592e-02
1.240763e-02
3.100119e-02
1.004954e-03
5.562427e-02
4.718974e-02
4.857784e-02
2.661674e-02
2.638561e-02
5.950207e-02
6.696623e-02
4.526660e-02
6.814781e-03
2.362967e-01
3.114789e-02
5.344993e-03
1.148910e-01
3.078996e-04
2.532339e-02
1.915382e-02
1.270455e-02
2.059166e-04
1.671513e-01
7.098652e-03
7.485391e-02
1.271399e-02
6.382883e-05
1.102054e-03
1.281171e-01
1.181502e-01
6.397352e-02
3.239612e-03
5.137524e-03
4.248811e-02
1.751980e-02
4.348036e-04
3.058302e-02
2.478016e-02
2.684010e-04
8.836443e-02
2.001093e-01
2.976283e-03
6.929992e-02
5.258312e-02
1.410451e-01
6.013426e-02
3.917430e-03
1.297611e-01
2.367485e-03
2.718384e-02
3.700616e-01
7.627383e-02
1.182899e-02
4.918388e-02
2.805481e-02
7.368926e-02
2.599726e-03
1.445485e-02
2.901883e-04
3.986461e-02
2.784581e-03
5.009482e-02
4.437277e-02
1.087895e-02
1.106291e-01
3.366114e-02
3.630914e-05
1.328771e-03
5.656587e-02
2.865709e-03
2.507882e-03
5.423809e-03
7.669075e-02
5.946022e-03
2.378887e-03
9.923756e-02
1.924823e-02
3.711241e-03
3.545564e-03
1.990457e-01
8.924686e-02
3.351759e-02
5.689857e-04
1.766346e-02
2.023979e-03
3.423084e-02
1.022941e-02
4.799387e-02
1.832739e-02
2.673289e-02
4.461626e-02
6.471990e-02
7.842725e-02
2.199544e-03
4.705950e-02
2.557154e-02
3.288743e-02
1.252252e-01
4.556642e-02
2.809614e-02
8.943456e-02
1.124549e-01
1.500224e-02
2.718877e-02
6.953226e-04
1.370181e-01
8.261885e-02
9.985783e-02
1.620262e-01
3.695997e-02
3.775878e-02
3.318504e-02
3.335920e-02
7.723622e-02
4.226789e-02
2.252310e-02
1.171899e-02
2.181359e-02
2.765584e-01
3.210683e-02
4.782168e-02
1.953800e-03
3.488292e-02
1.132477e-02
4.175167e-02
4.007813e-02
5.903813e-02
2.909314e-03
3.737605e-02
1.087229e-01
2.149139e-02
3.538956e-03
8.023451e-03
1.714095e-06
1.044472e-02
2.468649e-02
8.850674e-03
7.489631e-03
2.230377e-02
9.830831e-02
7.913073e-03
2.274263e-03
4.578901e-01
2.221429e-02
1.073447e-02
1.944786e-02
4.933808e-02
7.851248e-04
1.691778e-02
6.971750e-02
6.197097e-02
2.275554e-01
2.334205e-02
2.967561e-02
3.046450e-01
1.060960e-02
5.606621e-03
6.087249e-01
1.805779e-02
3.331210e-02
5.930546e-02
2.559884e-02
6.031586e-03
3.895199e-04
1.420032e-02
1.625696e-01
5.460511e-02
4.363301e-03
2.570154e-01
2.610203e-02
2.282670e-01
4.753652e-02
6.673460e-03
6.146541e-02
6.772281e-02
6.638389e-02
2.380331e-02
6.995755e-02
2.535487e-03
8.304475e-03
7.624469e-01
6.206013e-02
4.357224e-02
1.777372e-01
8.516229e-03
1.552376e-01
3.707442e-01
3.802965e-02
1.452710e-02
7.487180e-04
1.502382e-02
1.454466e-01
3.492087e-02
3.526992e-02
2.681541e-02
8.997849e-03
1.099948e-02
1.741576e-01
2.185212e-01
9.456652e-02
4.091820e-03
2.307425e-02
9.552831e-02
3.383872e-02
1.822516e-03
1.212215e-01
5.873470e-02
3.036512e-02
2.297103e-02
3.614645e-04
5.422557e-03
2.520024e-03
2.862107e-03
1.257173e-02
6.642196e-03
1.621716e-01
1.335092e-01
1.201524e-01
3.494134e-03
3.211643e-02
1.654852e-02
1.040403e-01
1.956208e-03
2.445771e-02
2.050992e-02
6.606493e-02
2.784578e-03
9.083229e-02
7.137792e-03
7.600408e-02
5.412539e-03
3.361229e-02
2.554048e-02
9.869164e-02
3.095955e-07
3.993258e-02
1.565372e-03
1.963725e-02
3.131399e-02
3.045052e-02
4.701043e-03
1.031737e-02
9.804494e-03
2.422619e-04
5.371676e-02
1.532063e-02
4.764357e-05
1.081304e-01
2.472331e-03
1.444054e-01
1.140908e-01
1.941694e-01
2.587719e-02
7.610007e-02
8.171878e-03
1.710638e-02
1.274121e-01
1.507921e-01
5.165506e-03
4.604720e-03
1.655315e-04
1.980956e-01
7.829442e-03
3.864004e-03
1.131347e-01
1.205266e-01
8.559740e-03
1.991680e-02
1.459402e-03
1.730807e-02
2.475918e-03
3.560061e-05
5.119196e-03
5.059212e-03
3.719664e-02
1.905415e-03
1.676145e-01
1.860692e-01
3.364194e-03
1.389319e-03
2.369776e-03
8.005804e-03
4.395459e-02
7.408131e-03
1.714369e-03
8.487056e-02
2.640102e-02
1.297912e-02
2.237956e-03
5.311353e-03
4.430130e-02
2.451919e-03
4.174285e-03
1.344384e-02
6.245346e-03
6.146559e-02
4.071327e-02
9.892722e-05
6.981736e-03
1.151284e-01
1.297779e-02
6.916662e-02
1.521458e-01
1.942383e-04
8.296520e-02
1.547100e-02
1.160406e-03
2.412695e-04
5.254217e-02
1.766572e-01
1.045454e-01
2.544406e-03
5.262969e-03
4.070107e-02
3.736947e-02
2.458327e-02
6.523151e-02
2.794519e-02
6.205967e-03
1.071354e-03
2.498036e-02
6.394530e-04
3.406915e-02
3.024633e-02
1.269739e-02
9.890534e-04
6.504850e-02
3.615121e-02
2.682008e-02
5.220008e-02
1.757877e-01
2.718839e-01
1.310711e-01
9.153755e-02
1.849121e-02
2.152018e-02
1.326774e-01
1.539851e-02
6.959696e-03
1.018483e-01
3.330582e-02
1.887850e-02
1.662821e-03
2.082138e-01
3.111601e-01
9.304335e-03
3.752829e-02
1.945733e-01
3.831571e-03
9.094214e-02
5.639438e-04
1.776535e-01
1.599919e-01
4.192046e-02
5.236595e-04
4.550287e-03
9.172513e-03
1.376789e-01
4.247109e-03
4.550847e-04
1.172982e-03
1.919299e-02
4.493536e-02
1.567931e-03
1.970968e-02
9.510390e-02
6.141138e-02
3.786462e-02
8.649570e-03
7.546242e-02
2.553627e-02
1.265938e-01
1.424910e-02
2.402617e-03
4.870832e-02
1.011747e-04
6.559434e-02
1.256537e-01
9.132193e-03
1.514697e-03
1.318706e-03
8.854073e-02
1.196556e-03
1.740985e-01
2.065333e-01
5.009961e-03
5.375945e-03
4.222338e-04
9.479734e-03
3.738093e-06
2.082999e-03
1.096162e-01
1.383556e-03
2.898349e-01
1.041196e-02
2.862294e-04
6.910573e-03
3.103996e-01
2.236678e-03
1.232107e-02
1.605519e-03
4.555444e-03
5.468328e-02
3.325927e-02
2.055506e-02
4.456396e-02
2.144892e-03
1.155724e-01
1.490080e-02
5.880589e-02
7.442932e-04
6.107992e-07
4.334085e-02
3.945131e-02
1.737783e-01
6.467109e-04
1.452795e-02
2.432929e-01
1.475983e-01
2.033708e-02
4.326999e-02
7.889571e-01
5.875924e-03
3.794440e-03
6.117057e-01
1.014901e-02
1.869630e-02
1.594605e-02
1.828867e-02
1.399935e-01
6.050402e-04
2.884345e-02
1.212085e-02
9.823034e-02
2.651166e-02
5.832460e-02
6.943326e-02
1.220862e-03
1.536800e-02
1.097961e-03
6.675396e-03
4.407527e-01
1.252742e-04
6.651380e-02
1.933886e-02
6.176895e-03
5.690379e-02
2.367990e-01
5.562683e-02
5.857748e-02
1.763308e-02
8.667288e-02
3.472034e-03
5.398719e-04
1.092402e-01
7.200111e-04
8.381020e-02
4.715687e-05
7.821599e-02
5.266654e-03
1.554316e-01
5.921363e-02
1.317380e-04
3.182184e-02
7.045595e-03
4.115399e-07
1.346665e-02
9.250496e-02
2.246222e-02
1.100652e-03
5.074289e-02
9.073486e-04
1.748292e-02
1.948670e-03
9.038207e-04
4.347898e-03
7.897092e-02
6.557673e-03
9.453232e-02
4.517823e-03
4.229690e-02
2.228583e-01
2.915121e-04
1.275177e-01
1.546443e-04
6.204990e-02
4.039345e-01
1.605193e-01
9.229581e-03
2.192943e-02
2.083772e-02
4.600934e-02
4.360176e-02
1.746324e-01
1.090557e-02
1.515858e-01
8.806759e-03
2.103340e-04
1.018319e-04
1.082685e-02
9.212952e-03
2.297673e-01
4.664717e-03
6.610512e-03
1.909945e-04
1.107198e-02
1.600069e-01
1.789181e-02
