9.436901e-05
5.753162e-05
1.228884e-01
7.740012e-02
3.929021e-03
2.660907e-02
1.029485e-02
1.497888e-02
1.009054e-02
4.000356e-02
3.847936e-02
3.376687e-02
8.999894e-02
1.013822e-02
7.689197e-03
2.940988e-02
3.933636e-02
6.515244e-03
1.267539e-02
7.605312e-03
1.062311e-02
2.151523e-03
6.638082e-02
2.205567e-02
5.071167e-01
9.517149e-02
5.154515e-02
1.345181e-03
1.806707e-03
2.351677e-03
1.021786e-02
7.055343e-02
7.793963e-02
5.478159e-04
3.429758e-06
2.497139e-01
5.979309e-02
1.734015e-01
6.312679e-02
1.197426e-01
1.079999e-02
3.736322e-04
9.897163e-04
2.971506e-02
3.388045e-01
2.351750e-02
1.413637e-01
1.045801e-02
3.399384e-01
3.406987e-02
1.573547e-02
3.259681e-03
1.300963e-02
3.423775e-01
4.956249e-02
2.841530e-04
1.030736e-01
6.968417e-02
1.619823e-03
2.693140e-02
5.922333e-02
1.630755e-02
2.148721e-04
4.023543e-03
1.188158e-01
1.181843e-01
5.093384e-02
7.000588e-02
1.089693e-01
2.599364e-03
1.222840e-02
1.586339e-02
2.289719e-04
2.519020e-03
8.702601e-03
3.210283e-01
1.975327e-03
8.112628e-02
6.061843e-03
1.211516e-01
7.872406e-03
6.606490e-03
1.489620e-03
2.670814e-02
3.226633e-03
2.373488e-03
1.728080e-01
9.563966e-02
2.031834e-02
2.392525e-02
1.930723e-02
1.708221e-05
6.411599e-02
1.144262e-01
5.588004e-05
2.467244e-02
1.331471e-01
1.443694e-02
1.335729e-01
5.344392e-04
1.623383e-04
1.156253e-02
3.375586e-01
8.715361e-02
7.403477e-03
1.708110e-03
1.752034e-02
3.371051e-02
1.799856e-01
8.703940e-03
1.798936e-01
3.747229e-01
1.510193e-02
1.405508e-02
8.993195e-02
7.868616e-02
9.484992e-02
1.059434e-01
5.502461e-03
2.751605e-02
1.156598e-03
2.386885e-02
1.191194e-01
5.876215e-03
2.951375e-02
1.508163e-02
9.175243e-02
2.962564e-03
9.953461e-04
2.281674e-03
5.849130e-02
9.744728e-03
2.901368e-01
2.110585e-01
2.363529e-02
9.440383e-02
2.117161e-02
4.722047e-02
2.802134e-01
4.322344e-03
1.294691e-02
1.737342e-02
1.181913e-03
1.784466e-01
3.475966e-02
2.081611e-02
7.345921e-02
8.186602e-03
4.742562e-02
9.417500e-03
1.243071e-03
2.372167e-02
3.583914e-02
1.690327e-03
6.635260e-03
1.880591e-02
1.343277e-02
1.725728e-02
2.038210e-02
3.876158e-01
1.716251e-06
3.487705e-04
8.353557e-02
4.081812e-05
2.846429e-03
1.941509e-01
4.652863e-02
6.190754e-02
3.887098e-02
1.563771e-02
4.885076e-02
1.176388e-05
4.584725e-03
1.762682e-02
3.126626e-03
2.243759e-02
4.331219e-02
5.495089e-06
9.643993e-02
5.417460e-02
3.069343e-03
2.423469e-02
1.329056e-01
2.176460e-03
7.844752e-03
7.787238e-02
2.925204e-03
1.147622e-01
9.197084e-02
1.081892e-02
2.288611e-02
2.222538e-03
4.891464e-02
5.526441e-02
3.747396e-03
6.100637e-03
1.205400e-02
3.892278e-01
1.500641e-01
1.002513e-02
4.330177e-02
2.354323e-03
1.270265e-04
7.998569e-02
7.889002e-04
2.937170e-02
5.990557e-03
2.672646e-02
6.775903e-04
1.092307e-03
7.442322e-02
8.567462e-03
1.217408e-01
5.160207e-02
1.120494e-04
2.432974e-02
1.306571e-01
3.898292e-02
3.263300e-02
2.589627e-02
4.064409e-02
4.493225e-03
1.815021e-01
1.087510e-01
1.635893e-02
2.105944e-03
1.314640e-01
9.320973e-02
7.903522e-04
2.360680e-04
3.937748e-02
2.922687e-03
9.078233e-03
6.051796e-03
4.530592e-02
7.718761e-02
6.005599e-02
1.161062e-02
4.223917e-03
3.954640e-03
1.071295e-01
6.986723e-02
2.342225e-01
1.461414e-02
4.739404e-03
6.990266e-02
2.760362e-02
1.470363e-02
1.928698e-02
7.477333e-02
2.935267e-01
2.743935e-02
1.009059e-02
6.160382e-02
9.104060e-02
6.547266e-04
1.063057e-01
1.216240e-02
4.344688e-03
8.550173e-03
4.150741e-02
1.505864e-01
2.015774e-02
7.708533e-02
6.335187e-03
2.250052e-01
2.930532e-01
2.650589e-02
2.177398e-02
2.395549e-04
5.408828e-02
3.936002e-02
3.540670e-03
3.859896e-02
1.107030e-03
3.167946e-02
4.322586e-02
4.925704e-02
4.927811e-03
5.480800e-02
1.866521e-02
1.036938e-01
5.221443e-04
6.613663e-02
5.967014e-03
9.021840e-03
1.137804e-06
4.655090e-02
1.372452e-04
3.522573e-03
2.510562e-02
9.610767e-03
1.941137e-02
4.000215e-02
3.633587e-02
1.451710e-01
4.761515e-03
1.040275e-02
2.532542e-03
5.718657e-02
8.144571e-04
5.891349e-03
8.025908e-02
7.061307e-04
4.302937e-04
7.146937e-02
3.082451e-02
8.581646e-03
1.817131e-01
5.084050e-02
1.599143e-02
9.873382e-02
8.513219e-02
3.764397e-02
1.511739e-02
5.227986e-03
1.835667e-04
1.183783e-02
3.834354e-03
1.827344e-01
1.044024e-02
1.689951e-03
2.731087e-05
5.220842e-02
5.827468e-04
1.338459e-02
1.626383e-01
1.335169e-05
2.804416e-02
4.175946e-02
3.151076e-02
1.397661e-02
1.937828e-01
1.192144e-02
1.137429e-02
1.242828e-02
1.503600e-01
4.861632e-04
4.724769e-04
2.884892e-02
1.535048e-02
2.939853e-03
6.358601e-03
6.161795e-02
7.110282e-05
1.569026e-04
2.213285e-02
1.454370e-02
9.004286e-02
1.552769e-02
1.322613e-02
4.744651e-02
1.467743e-03
1.122167e-02
5.664474e-02
7.868421e-02
2.544388e-01
1.035775e-03
1.752797e-02
1.063421e-02
1.028352e-01
1.162373e-03
4.218964e-02
1.282091e-02
4.857569e-02
2.676550e-01
4.595729e-03
5.144019e-02
8.235726e-03
1.273691e-01
1.438076e-03
1.814632e-02
1.885724e-03
7.520905e-02
2.131335e-01
2.712343e-06
2.632819e-03
1.418781e-01
1.100081e-02
8.962573e-03
2.650790e-02
3.583823e-04
5.712916e-02
1.233106e-03
4.228590e-03
1.895896e-02
1.456233e-01
2.448242e-05
1.714706e-02
8.702150e-04
3.055643e-02
1.157358e-01
2.743131e-04
5.278284e-01
1.747580e-01
3.568575e-02
2.859408e-02
1.736841e-02
7.053808e-04
3.703332e-02
5.802561e-02
6.642220e-03
2.231246e-01
8.633762e-02
1.209613e-02
2.351908e-03
5.657390e-02
8.030524e-04
2.117033e-02
1.216843e-01
5.203176e-02
4.844561e-03
6.879186e-03
1.071779e-04
8.040391e-02
1.550735e-01
9.679875e-02
6.984168e-02
1.520651e-02
3.845051e-02
5.285006e-02
1.573028e-02
2.470694e-02
1.100262e-02
6.771290e-03
1.324106e-04
4.841275e-02
9.477018e-03
5.689359e-02
1.767525e-03
3.927772e-02
7.131522e-03
4.858979e-02
1.395189e-02
1.531469e-02
2.096398e-04
1.163890e-05
6.683279e-05
9.593632e-04
1.921641e-02
5.853818e-02
2.356303e-02
9.147361e-02
3.087711e-05
3.926448e-02
1.147386e-01
7.383896e-04
4.389311e-02
9.149886e-03
7.912161e-03
2.138729e-02
3.287387e-02
3.290432e-03
8.202505e-03
3.744017e-02
1.468274e-01
4.618535e-02
5.240393e-03
1.953927e-05
3.776839e-02
1.348092e-03
1.623124e-02
3.164554e-03
1.537561e-01
1.386071e-01
9.375187e-02
2.112687e-01
1.296943e-01
2.782742e-02
4.667455e-02
1.760734e-05
2.605184e-01
6.334867e-02
8.905982e-03
1.611603e-03
1.331419e-03
3.105517e-02
3.388262e-03
2.918197e-02
9.774373e-03
6.004646e-03
3.961495e-02
3.253398e-05
5.793219e-03
1.763546e-03
6.033544e-02
1.308751e-02
4.274296e-02
7.470233e-02
8.541250e-02
1.773178e-01
1.229226e-01
4.232290e-02
1.280344e-02
1.230127e-01
6.751683e-02
2.705144e-02
1.874686e-02
4.664087e-03
8.271398e-02
1.231081e-01
5.899148e-02
6.440718e-02
7.052618e-03
1.194967e-01
5.151175e-01
5.699151e-03
9.736510e-02
1.946365e-02
3.141094e-02
2.949527e-01
2.815790e-04
1.234539e-02
4.155013e-02
2.690276e-03
3.727954e-02
1.341355e-02
6.373353e-03
2.289212e-02
3.237199e-02
2.832247e-02
3.257554e-03
6.027339e-02
4.834918e-03
1.811442e-01
5.862329e-02
3.911806e-02
2.776335e-02
3.544263e-02
7.152087e-02
1.812318e-03
1.952399e-01
7.639792e-02
7.649083e-03
1.506262e-03
3.022025e-02
4.399541e-02
7.249601e-02
1.130987e-02
5.075433e-03
6.301529e-01
3.933259e-03
6.421311e-06
8.262059e-03
3.207493e-02
1.557896e-02
2.395698e-01
1.213776e-01
6.988626e-02
1.045299e-02
1.568912e-01
3.201394e-03
7.331884e-03
2.762762e-02
2.550842e-03
3.369893e-02
3.129209e-01
3.135032e-02
1.036599e-02
3.251590e-05
1.008582e-05
7.534077e-02
5.284743e-02
2.183550e-03
1.056662e-01
5.131172e-02
4.193763e-02
2.001638e-02
9.782324e-03
8.183061e-03
4.075611e-03
3.192981e-04
2.765552e-02
2.805686e-02
3.600123e-02
4.544591e-02
1.666271e-03
4.158445e-02
7.728267e-04
1.580886e-02
6.076075e-03
3.132998e-03
7.272636e-03
1.896513e-01
1.112424e-01
1.390596e-02
6.101981e-02
8.538627e-03
8.115337e-04
6.793150e-02
4.816273e-03
2.160427e-01
2.187607e-02
1.240619e-01
