1.472998e-02
2.228589e-02
1.120801e-01
8.311854e-04
5.063106e-04
1.149146e-05
9.255786e-02
9.305936e-03
3.753262e-02
2.009503e-03
1.140368e-01
1.227943e-02
3.349578e-01
5.278684e-02
1.384138e-02
5.217643e-05
2.904413e-04
6.961602e-02
3.640958e-02
2.227904e-01
4.161408e-03
4.750479e-02
4.025489e-02
1.433140e-02
7.855077e-02
7.762958e-02
2.048538e-02
5.631435e-02
1.238451e-01
4.687580e-03
2.512372e-02
1.595186e-02
8.245610e-03
1.588840e-02
2.495976e-02
2.266442e-04
6.367929e-03
1.209008e-02
1.278897e-02
1.801873e-02
5.737472e-02
2.507870e-01
3.936758e-02
1.148821e-01
1.494279e-01
1.161600e-02
1.402295e-04
1.903848e-03
1.038993e-02
8.606990e-02
5.799176e-02
3.115647e-02
1.009895e-01
1.226830e-01
1.482364e-02
2.550498e-01
3.890416e-03
7.023818e-03
2.657435e-04
1.528225e-03
7.659708e-03
9.431752e-02
5.935876e-02
2.333538e-03
5.659151e-02
1.740222e-03
1.422256e-03
7.642301e-02
3.450101e-01
5.698045e-02
6.244284e-04
1.031007e-02
3.676937e-02
8.195116e-03
1.919859e-01
3.393396e-02
9.291628e-02
1.779589e-01
8.449463e-02
4.782546e-03
4.664912e-02
1.053627e-01
4.762345e-02
6.917094e-02
1.683738e-02
1.947604e-02
6.393622e-03
2.832368e-03
1.506106e-01
3.196034e-02
6.622027e-02
3.550750e-02
2.192052e-02
1.174515e-02
1.531133e-01
3.950170e-04
2.769672e-02
3.092158e-02
4.854727e-02
6.493143e-02
4.575418e-02
8.542452e-02
1.350446e-02
1.095050e-02
6.663443e-02
1.078055e-02
4.288680e-02
1.566119e-01
6.969994e-02
8.147677e-02
1.093948e-01
2.750647e-01
1.266195e-03
1.708211e-03
2.552688e-02
3.157369e-01
1.083758e-01
1.346127e-06
4.439845e-04
9.328173e-02
1.618785e-02
2.050539e-01
1.051471e-01
2.173282e-01
2.221972e-03
7.243427e-02
1.442437e-03
3.027693e-05
2.453537e-02
5.535662e-08
8.990945e-03
8.051366e-03
3.022196e-02
6.610846e-02
7.701293e-02
8.827958e-02
3.684447e-01
7.153244e-03
7.248345e-03
1.037755e-01
1.942095e-03
2.889008e-01
3.984584e-03
1.500592e-03
1.186203e-01
1.523683e-03
3.607895e-01
1.316921e-02
1.526506e-01
4.954197e-02
6.954093e-02
1.044976e-02
1.009829e-01
3.087881e-02
4.324339e-02
4.681666e-02
2.361316e-01
2.443347e-02
7.033438e-02
1.463529e+00
7.345691e-03
1.323767e-02
2.038462e-03
1.687345e-05
4.764398e-03
1.556952e-01
2.393858e-03
9.577762e-04
2.721888e-05
9.818539e-03
2.417528e-03
2.742944e-02
5.641575e-02
6.138134e-02
1.251976e-02
9.262408e-02
8.129460e-04
2.213527e-02
1.092573e-01
1.170044e-02
1.863234e-06
4.178428e-02
3.418499e-02
2.700773e-01
2.912192e-03
4.120528e-02
1.124332e-02
1.952173e-01
2.215870e-02
2.136619e-02
3.715661e-02
3.860062e-02
1.954329e-04
9.648770e-02
1.545964e-02
2.097978e-02
1.628670e-02
2.959720e-04
1.346952e-01
2.424809e-02
9.390633e-03
4.800874e-05
6.863728e-02
9.344462e-03
1.944413e-02
3.344305e-04
7.169106e-03
6.508764e-05
4.979764e-02
2.149790e-03
8.709474e-03
7.765839e-02
9.451326e-02
4.654863e-02
8.815994e-04
4.607140e-02
6.188458e-02
5.539862e-02
4.397361e-03
1.250849e-01
5.214229e-02
7.323119e-02
8.145278e-03
2.661538e-02
1.638188e-02
7.282069e-02
1.741783e-04
6.402112e-02
1.723677e-05
1.458598e-04
1.691428e-02
1.303037e-02
3.985284e-02
4.142507e-03
7.643249e-02
8.597669e-03
6.114917e-03
5.296692e-02
5.519862e-03
4.418346e-02
1.133597e-02
1.127123e-02
3.472554e-02
1.322103e-02
5.805564e-02
1.016016e-03
2.504490e-03
1.831755e-02
2.163287e-02
6.573709e-03
1.338481e-02
1.351218e-01
5.598763e-02
1.208421e-02
1.186942e-01
9.283212e-02
9.562993e-03
3.979714e-01
4.091352e-02
2.384662e-01
5.049786e-02
2.666530e-05
5.012465e-02
1.468044e-01
1.628399e-02
5.015672e-02
3.620397e-03
2.196776e-02
4.166558e-02
2.177795e-03
2.440920e-03
3.849510e-03
1.483548e-01
3.814878e-02
5.177048e-02
1.397048e-01
1.061374e-04
4.560557e-02
4.766776e-03
2.051504e-01
3.147453e-02
5.792021e-02
7.842934e-03
7.214968e-01
2.699694e-05
5.306228e-03
2.417355e-02
2.775045e-03
7.692530e-02
1.516244e-03
3.982437e-02
1.460506e-02
1.169523e-01
3.829338e-06
1.775318e-02
1.888616e-02
1.637951e-02
2.762333e-02
1.091498e-01
2.778052e-03
5.492335e-03
1.054921e-01
1.467589e-02
7.769667e-02
2.870531e-02
5.335570e-03
1.805578e-02
6.417353e-03
1.761043e-02
2.246725e-02
6.936061e-03
1.699501e-02
2.075316e-02
1.229018e-02
1.363835e-02
9.403610e-02
9.969056e-03
1.049640e-01
3.884253e-02
7.935376e-02
2.612324e-01
2.511342e-02
3.704694e-02
6.604683e-04
2.313547e-01
6.800675e-05
4.251575e-02
3.238551e-02
2.026301e-02
6.369916e-02
1.701453e-03
4.905146e-04
3.729363e-02
5.882003e-03
1.708202e-02
2.288982e-01
3.642094e-02
3.511555e-02
1.044213e-03
1.138946e-01
4.903182e-02
3.720516e-04
6.373591e-02
3.695853e-04
1.006891e-01
1.078964e-01
3.548132e-02
7.618680e-02
8.479196e-02
2.773929e-02
1.399975e-02
3.284376e-03
1.722595e-02
2.118562e-01
1.102568e-01
1.303170e-03
1.858946e-02
4.924594e-03
1.130201e-03
4.811054e-04
1.918598e-01
2.171494e-02
4.836525e-02
1.302044e-02
4.322429e-02
5.719986e-03
6.820741e-04
3.675522e-02
1.008214e-02
5.050809e-02
2.186026e-02
4.270885e-02
5.555306e-02
1.075954e-02
1.237335e-06
3.370706e-02
3.797091e-02
4.737967e-02
4.496265e-03
3.217110e-02
3.056830e-01
6.258623e-02
3.191967e-03
1.993109e-02
3.655945e-02
2.708162e-03
1.284346e-01
1.491721e-01
3.034908e-02
8.374326e-02
1.816158e-03
5.378795e-02
4.497941e-03
3.595005e-02
5.185667e-02
1.186392e-03
8.608357e-02
2.716838e-03
9.925933e-03
4.971189e-02
3.706942e-01
5.549374e-03
2.651794e-02
2.584743e-02
5.945857e-03
5.022481e-03
2.330093e-03
4.651587e-07
1.055772e-02
1.536847e-02
3.142790e-03
2.439666e-01
4.797728e-02
9.859018e-03
6.686752e-02
5.941528e-02
1.686275e-05
4.173819e-04
6.765673e-04
7.363033e-03
5.181071e-02
1.673103e-03
3.282454e-03
7.832755e-05
3.308674e-02
2.357318e-01
4.218101e-02
1.319545e-01
7.058030e-03
9.178558e-02
9.965294e-03
2.240419e-01
8.246011e-02
1.155761e-01
9.527689e-02
5.807262e-02
2.368104e-02
1.045489e-01
7.000287e-02
2.170539e-03
2.194973e-02
3.962470e-03
6.705708e-03
1.930362e-03
2.313949e-02
5.515024e-02
3.204101e-03
3.002436e-02
7.035462e-02
4.559792e-02
2.962895e-04
3.684461e-02
2.341136e-03
7.676573e-02
8.523370e-02
2.296591e-02
3.674291e-02
1.854282e-02
1.883553e-04
7.961566e-02
1.188426e-01
1.009213e-01
2.068161e-01
1.928825e-03
5.525794e-02
1.155043e-03
5.493215e-03
2.826465e-01
1.731491e-03
2.283624e-05
6.431309e-02
2.580346e-01
2.992158e-05
1.650243e-01
7.862093e-02
1.097807e-02
1.279641e-05
2.507296e-03
2.054584e-02
2.293327e-03
2.198671e-02
1.278199e-02
3.056360e-02
1.832821e-02
1.231920e-05
3.680150e-02
7.521412e-03
3.622735e-03
2.278164e-04
7.246225e-02
1.566816e-02
5.787917e-03
5.230836e-02
2.911706e-02
2.315888e-02
6.015004e-02
6.262958e-02
6.301214e-02
4.773017e-03
9.021693e-02
1.509859e-02
3.112125e-02
2.843042e-03
1.619750e-03
7.471656e-03
1.076449e-06
5.093466e-02
2.193450e-01
2.564710e-02
2.920464e-03
2.445098e-01
3.306636e-03
3.250139e-06
2.004989e-01
7.292232e-02
1.974225e-02
1.946342e-03
4.203269e-02
3.227891e-02
4.328663e-03
1.919817e-02
4.202142e-03
4.263160e-02
1.120092e-02
2.970955e-03
6.871161e-02
5.865843e-03
8.769503e-03
9.341148e-04
2.410131e-02
2.536060e-02
7.065189e-02
1.640210e-02
9.498012e-04
1.385432e-02
1.949571e-02
1.015705e-02
2.465573e-04
4.046449e-02
6.383696e-02
3.799238e-02
4.714106e-02
4.205945e-02
3.528894e-02
1.337731e-01
3.728688e-02
1.028768e-03
2.654966e-06
6.771306e-02
6.069421e-02
1.208488e-01
3.503674e-02
7.607183e-02
6.649049e-03
5.019171e-02
2.844488e-02
4.711077e-02
8.528338e-04
1.172610e-01
1.587810e-01
7.142344e-03
2.214716e-02
2.166424e-02
3.579815e-03
1.649198e-01
1.205388e-01
2.306651e-01
6.117573e-02
8.308953e-02
4.330387e-02
2.018117e-03
4.190242e-02
4.236609e-04
6.217092e-04
7.213993e-02
3.009024e-03
1.183974e-02
5.794225e-03
2.688743e-03
1.273130e-02
7.443770e-03
1.042985e-01
5.331680e-02
2.994231e-03
2.915022e-03
1.081687e-02
2.269049e-02
1.860423e-02
5.930022e-02
1.172632e-01
5.222719e-02
2.994671e-02
2.869296e-01
8.202709e-03
