8.497401e-02
6.951615e-04
1.158299e-01
1.747095e-02
6.830155e-03
5.584668e-02
8.723677e-04
3.331563e-05
1.420879e-01
3.183200e-03
2.325185e-03
2.736845e-02
1.060323e-02
2.128512e-01
9.406376e-02
3.019231e-02
1.695005e-01
2.792472e-02
5.482137e-06
1.109089e-01
1.174318e-01
2.859280e-01
2.344004e-02
8.265707e-03
3.192239e-03
8.423095e-04
1.020932e-02
7.327513e-04
5.378781e-03
2.996914e-01
4.662847e-03
2.955178e-02
7.856821e-02
6.119745e-02
3.977307e-02
4.958488e-02
1.593631e-01
7.586836e-02
4.534208e-02
1.114438e-03
2.007658e-01
1.507012e-02
1.243668e-03
5.015273e-02
6.814018e-03
2.615170e-03
1.271808e-01
5.742501e-02
1.606883e-01
5.791593e-04
3.681376e-02
2.087175e-01
1.132795e-01
2.276088e-02
5.363335e-02
1.844091e-02
5.535752e-03
1.097208e-01
3.737003e-03
5.224617e-03
4.701228e-03
9.203053e-03
1.951299e-02
1.598870e-03
1.118589e-01
1.643158e-01
8.560436e-03
1.417553e-03
4.133832e-02
1.459320e-03
2.474937e-02
2.480562e-02
9.853089e-02
7.469588e-03
2.769187e-01
3.899584e-01
3.112640e-01
1.012563e-02
2.824187e-01
8.371688e-04
5.643246e-02
2.419372e-02
1.785263e-01
3.082242e-02
1.872328e-01
1.025210e-01
1.040290e-02
4.249062e-03
1.923144e-03
1.499125e-01
8.050075e-04
2.986150e-02
1.016010e-01
1.652116e-02
1.620676e-02
5.574018e-02
1.768478e-02
1.383114e-02
1.057341e-01
2.053492e-02
5.878801e-04
6.428850e-02
1.584711e-01
3.255696e-02
6.642744e-05
2.082365e-02
4.384339e-02
1.176629e-05
1.308785e-01
2.567606e-01
1.495189e-03
7.624309e-02
2.666860e-02
3.081421e-02
3.824922e-01
5.254869e-03
3.015271e-04
1.035229e-01
6.664962e-02
1.349742e-01
8.022253e-02
6.295510e-03
2.602246e-02
2.591991e-01
2.894657e-01
1.388793e-02
2.499590e-02
4.671500e-02
8.447056e-03
1.737331e-04
1.064009e-01
1.743010e-02
2.996633e-02
6.540031e-03
3.153412e-02
1.673660e-02
3.394290e-02
1.299567e-01
3.382392e-01
1.306770e-02
1.703726e-04
3.607677e-02
3.171370e-03
3.192673e-03
5.839053e-03
1.007831e-03
2.076183e-01
2.831757e-02
1.379583e-02
9.784875e-02
1.233479e-02
3.095049e-01
5.995644e-03
1.515979e-01
2.443211e-02
1.642736e-01
3.041471e-02
9.300080e-05
6.091951e-02
4.052416e-01
4.099364e-03
1.194667e-01
3.463271e-02
1.356626e-02
6.405081e-02
1.005204e-01
7.634380e-02
4.021052e-02
5.009886e-02
3.104550e-02
9.852420e-02
3.300351e-02
2.374389e-02
2.707621e-02
1.715044e-02
2.033486e-02
2.237036e-02
2.823669e-02
5.638884e-02
5.558283e-02
5.432041e-02
8.460497e-03
1.062003e-03
5.555183e-02
1.661725e-02
7.788962e-04
2.618228e-02
3.559170e-03
7.760374e-02
5.176435e-03
5.219328e-02
2.687241e-01
1.689474e-03
5.428288e-02
2.410745e-02
3.866655e-03
3.192039e-02
8.418238e-02
4.176161e-03
8.432244e-02
6.766578e-02
9.127251e-03
1.632229e-01
7.851642e-02
7.466365e-04
3.277847e-02
8.304866e-03
3.224040e-02
1.009269e-02
2.790921e-01
5.416286e-03
3.424063e-03
7.251169e-03
1.604832e-01
6.169776e-02
1.012097e-04
3.232733e-02
2.205884e-01
3.079137e-01
5.395303e-02
1.947845e-01
8.802978e-02
1.544273e-01
6.286281e-03
3.761205e-02
5.290648e-04
1.222890e-01
1.272188e-02
2.872103e-04
1.895854e-02
7.555782e-02
5.598596e-02
5.976634e-02
3.440232e-04
1.610890e-01
8.800441e-03
8.115152e-04
2.769209e-02
4.530618e-03
1.418618e-01
2.763995e-03
2.762271e-01
5.226356e-01
5.919022e-02
1.595817e-03
6.102817e-02
3.539990e-03
4.489180e-02
6.897060e-03
2.048042e-01
3.363142e-03
2.814699e-02
3.625225e-04
4.332272e-03
5.949868e-02
3.009293e-02
2.510965e-03
5.324027e-02
4.183515e-05
6.114222e-02
3.939860e-01
7.420541e-02
8.910350e-02
2.935192e-04
7.856332e-02
5.654419e-02
5.420708e-03
2.570951e-03
3.398756e-02
1.533753e-02
8.978845e-02
2.655524e-04
6.110956e-02
6.779734e-03
1.666729e-01
2.360357e-01
9.743994e-03
1.413894e-02
9.097624e-02
4.374036e-03
1.671250e-02
1.780941e-02
7.307373e-03
1.640491e-01
2.550913e-02
1.558465e-01
1.061079e-02
1.307166e-02
4.605380e-01
9.309490e-03
1.586973e-01
4.748962e-02
9.466125e-02
1.491009e-01
7.995564e-02
7.313823e-02
1.649368e-02
1.085869e-02
5.866565e-02
2.334429e-01
1.493476e-03
4.229786e-02
5.007666e-04
2.765105e-02
2.439121e-01
8.803606e-03
3.492114e-01
4.700062e-02
1.857043e-02
6.266128e-03
9.376597e-02
9.071940e-02
1.334815e-01
1.447945e-02
2.869951e-03
7.607424e-03
1.314496e-01
4.484284e-02
1.814780e-01
1.189881e-01
8.978016e-04
3.162544e-04
1.894980e-03
6.412724e-03
1.581807e-02
1.216628e-02
5.665273e-05
1.586121e-01
7.597384e-02
1.333047e-02
1.159408e-01
1.376780e-03
1.349443e-04
6.080493e-02
6.244631e-04
7.431635e-02
3.355429e-07
1.719871e-01
8.291292e-02
3.596519e-03
7.577591e-02
1.445521e-02
9.910395e-03
2.144838e-02
3.053974e-03
4.502005e-02
1.629044e-02
8.799344e-02
1.014276e-01
4.654102e-02
1.102158e-02
2.722617e-03
1.897574e-04
3.526114e-02
4.767155e-04
6.438441e-04
1.963461e-01
4.313092e-02
1.330128e-03
3.656129e-04
3.933290e-02
4.019345e-02
1.256418e-01
2.044991e-01
9.965871e-03
6.388492e-03
3.222357e-03
1.033901e-01
8.531052e-02
1.554491e-01
1.845143e-02
2.082505e-01
1.942092e-02
3.332899e-03
8.555214e-03
1.890127e-03
1.135597e-03
2.048901e-01
9.589096e-02
6.675083e-02
5.692014e-02
9.582459e-02
1.013881e-02
1.044460e-01
7.912443e-03
8.223705e-02
1.343795e-01
5.298726e-03
1.008826e-02
1.333590e-02
6.090161e-02
1.633749e-03
7.523698e-03
1.003850e-04
1.140334e-01
4.408834e-03
1.490887e-02
1.230302e-02
1.987602e-02
9.015437e-02
3.955647e-03
6.368385e-02
1.290032e-01
3.143839e-03
2.520906e-02
7.074653e-04
1.616011e-02
2.036169e-01
6.030762e-03
6.223431e-02
1.095733e-02
3.823577e-02
1.612604e-04
4.671117e-02
1.421347e-01
3.069390e-02
1.698197e-01
1.724645e-01
2.179690e-02
2.128419e-01
1.955120e-01
1.086399e-02
9.091772e-03
4.665092e-06
1.664657e-01
4.049417e-03
1.947285e-02
1.056266e-03
7.195118e-04
3.353874e-05
1.005340e-01
3.583835e-02
1.903279e-02
2.316299e-02
5.257744e-02
8.417654e-03
1.266297e-01
2.655088e-02
4.363775e-02
4.255815e-03
1.130189e-02
7.882017e-02
2.827776e-02
7.689622e-02
1.027559e-01
3.224207e-01
1.824349e-01
1.007878e-01
1.243359e-04
8.690827e-04
9.829641e-02
2.081847e-02
9.033491e-02
1.420136e-01
6.280008e-02
5.411527e-03
9.231263e-03
2.106202e-03
1.915010e-02
5.010850e-02
3.144632e-01
1.456688e-02
3.830378e-03
2.871613e-02
4.384345e-02
1.576401e-02
3.721270e-03
9.619884e-04
5.178587e-04
4.009749e-05
4.509781e-03
9.010341e-04
9.465768e-02
1.170198e-01
2.741795e-02
3.040454e-03
1.295564e-01
5.349432e-02
2.260214e-03
1.533255e-01
2.566896e-02
1.317154e-02
2.459886e-06
1.384136e-04
6.415386e-04
3.453811e-02
7.395155e-02
2.640559e-03
2.144838e-02
5.565493e-02
4.769559e-02
3.867541e-04
3.091937e-02
1.274608e-03
3.513642e-05
2.802973e-02
1.445047e-02
2.409115e-01
1.738318e-03
6.084231e-02
9.710904e-04
6.405501e-03
7.629211e-04
1.518932e-02
6.627439e-02
3.102556e-02
3.562656e-02
3.286079e-01
7.699499e-03
7.472388e-04
2.771771e-01
2.404291e-01
3.901044e-03
9.726711e-03
1.870038e-02
3.766960e-03
2.494432e-02
1.401784e-02
1.149115e-01
1.833917e-01
1.250894e-03
1.011480e-01
5.629221e-03
5.055158e-02
8.101258e-02
2.875283e-01
8.675966e-04
1.605442e-01
1.030060e-01
3.501245e-02
1.450484e-01
3.536373e-01
3.006103e-03
1.184968e-02
9.325972e-03
5.274290e-03
9.620589e-02
2.394131e-01
4.682646e-02
3.555162e-01
1.693636e-02
9.990888e-03
1.308112e-03
1.724491e-02
2.384639e-02
1.161641e-02
2.205834e-02
9.623538e-03
1.315058e-02
3.187290e-03
2.268635e-02
2.044099e-01
3.847109e-06
2.743207e-02
4.297004e-02
1.473580e-02
2.457112e-01
6.543547e-04
2.373925e-02
1.337524e-03
1.094384e-02
7.145084e-02
7.419617e-02
3.267344e-02
6.452876e-02
4.020649e-02
5.940199e-03
2.884600e-03
3.107008e-02
4.773877e-02
3.885419e-02
2.065285e-02
1.419767e-02
2.356885e-02
1.222478e-01
8.422656e-02
2.898834e-01
7.793429e-06
5.665116e-03
1.585822e-02
8.277047e-02
7.740828e-02
5.273045e-02
4.788920e-02
8.198493e-04
7.495546e-02
2.626372e-02
1.745242e-01
1.039238e-03
5.273686e-03
4.861488e-02
1.103988e-01
6.111297e-02
4.552057e-01
