1.436766e-02
1.676102e-02
1.451325e-01
8.934550e-02
6.119668e-03
3.353093e-02
1.230624e-02
1.925478e-01
1.563848e-02
1.769819e-01
3.164580e-05
3.304777e-01
1.781061e-02
2.804463e-01
6.519785e-04
1.475787e-01
2.542910e-05
1.028452e-02
5.717859e-02
2.974501e-02
1.015672e-04
1.057500e-01
1.120691e-01
4.488384e-02
6.559753e-02
1.891169e-02
1.072876e-03
2.845810e-02
4.870723e-02
6.318307e-03
1.135829e-01
4.907311e-02
1.076602e-01
2.005497e-01
4.069092e-02
1.258127e-03
1.858876e-03
8.292161e-02
6.317761e-02
7.069999e-02
5.525670e-03
2.805274e-03
4.273746e-03
9.625048e-03
7.069763e-03
2.817975e-01
1.310233e-02
1.289589e-02
5.498376e-03
2.129653e-02
3.137978e-03
5.448390e-02
4.408584e-02
9.849346e-02
1.448932e-02
2.760911e-02
1.223147e-01
1.515654e-02
1.404046e-02
3.165787e-03
2.440000e-04
1.469374e-01
2.479095e-02
4.148049e-03
1.607358e-02
1.052420e-02
1.514961e-02
1.322252e-02
3.950309e-02
1.285937e-01
1.138516e-02
7.735126e-02
1.671769e-01
5.482682e-02
5.371302e-03
1.026197e-02
2.209785e-03
4.835731e-05
2.187369e-02
1.458706e-02
2.558857e-03
2.539990e-01
5.725254e-02
1.563067e-04
6.777225e-03
6.560924e-02
1.177340e-02
9.762403e-05
1.539796e-02
2.163766e-03
9.155307e-02
1.832010e-02
2.530922e-03
5.065592e-03
5.536625e-01
1.881185e-02
3.632676e-01
3.864951e-02
1.039205e-01
1.510956e-01
5.465478e-02
1.443998e-01
7.863031e-02
3.103011e-01
6.773760e-02
2.139461e-02
2.608542e-03
6.651070e-03
4.776571e-03
4.586407e-03
2.559934e-02
4.015431e-02
1.071061e-03
2.268466e-02
1.213841e-02
6.671217e-02
4.694435e-04
9.214564e-03
4.155786e-03
1.154510e-01
2.780305e-02
7.574220e-02
9.396832e-02
3.392262e-02
7.005686e-02
1.043360e-04
5.422599e-02
6.651421e-02
7.268159e-04
1.813127e-03
2.118420e-02
3.107193e-03
6.220575e-02
6.895736e-04
3.459657e-05
8.637628e-02
1.737890e-02
8.199234e-03
2.507006e-03
1.933606e-02
3.944750e-02
2.578798e-04
9.633764e-04
1.137125e-01
6.564850e-03
2.102106e-03
9.387582e-03
7.884479e-02
1.650650e-02
2.159552e-02
2.197055e-01
6.856956e-02
4.305064e-02
4.667644e-03
1.002125e-03
7.436851e-04
6.975769e-01
2.313137e-02
4.667075e-02
5.647132e-01
5.554589e-10
7.799369e-02
6.431353e-05
7.001214e-05
6.808500e-03
4.809434e-01
2.128689e-02
7.374369e-02
1.270247e-03
5.026984e-02
3.658241e-04
2.898116e-02
8.840439e-02
2.555940e-01
3.885044e-03
9.516149e-03
1.610347e-02
2.740017e-03
1.361371e-01
1.163924e-01
1.833230e-02
2.684652e-01
4.145384e-02
2.067566e-02
3.788171e-02
3.858435e-02
1.105205e-01
1.307951e-01
1.813974e-02
1.088467e-02
8.895921e-02
1.244360e-02
3.744309e-03
2.664259e-03
1.684772e-01
2.588593e-01
4.034195e-02
4.994183e-02
1.597126e-01
1.923594e-02
1.041954e-01
5.666396e-03
2.499319e-01
5.763051e-02
7.033930e-02
2.808424e-02
3.120504e-02
4.085165e-02
7.059662e-02
1.126584e-02
1.215360e-01
3.250426e-03
3.085303e-01
3.462340e-02
1.851591e-02
4.828895e-02
1.771664e-01
1.081635e-01
1.301994e-02
4.419687e-02
1.493545e-01
8.566104e-02
2.479483e-02
3.652674e-02
1.154428e-02
1.013122e-04
3.522016e-03
2.736211e-02
6.865883e-02
2.205652e-02
2.530694e-02
1.032126e-01
1.498021e-02
9.007222e-04
9.268417e-03
5.276671e-03
5.684043e-02
6.547727e-02
8.656616e-02
1.139899e-01
4.238280e-05
1.341327e-02
2.155549e-01
3.041882e-02
4.033147e-02
2.970908e-02
5.948501e-03
2.056916e-02
6.132472e-03
1.578225e-03
5.207290e-03
1.114849e-01
2.116964e-01
2.555260e-02
1.047978e-01
1.308546e-01
6.882077e-03
1.092409e-01
4.819564e-02
2.174630e-01
4.769827e-02
2.724362e-02
7.074001e-03
3.407592e-02
7.220590e-02
6.102071e-04
1.527315e-04
5.056842e-05
3.729863e-03
1.587300e-02
8.090084e-02
1.785425e-02
4.979110e-02
3.137411e-03
3.273887e-02
5.748814e-03
1.074223e-03
1.691429e-02
3.404069e-02
1.496280e-02
6.529083e-02
1.506057e-01
5.618992e-05
2.041777e-02
1.936277e-01
6.134173e-02
7.122245e-02
2.830925e-02
3.105682e-02
1.724943e-01
6.491666e-04
9.947300e-05
3.288060e-02
2.250349e-02
5.413069e-03
6.953552e-02
6.612938e-04
4.001072e-02
6.027474e-02
4.377457e-03
1.144978e-01
3.425888e-03
1.648885e-02
1.214845e-01
4.172359e-04
2.980262e-02
2.466365e-01
5.155708e-04
1.240271e-02
3.068771e-01
3.511212e-02
1.001678e-01
5.064814e-02
1.503331e-02
3.461479e-02
4.491681e-02
1.609105e-02
7.465740e-02
3.264330e-03
8.484674e-03
4.971305e-02
1.032710e-01
1.708062e-01
3.449303e-02
6.472377e-02
1.787514e-01
1.219415e-01
1.720448e-01
1.508252e-01
9.431031e-04
7.574572e-03
9.025883e-03
6.704502e-02
1.827263e-04
8.976191e-02
3.271884e-03
1.425902e-01
1.364818e-01
1.681665e-01
3.167076e-03
2.571467e-03
2.238090e-02
1.250196e-02
1.579931e-01
2.317621e-02
6.636808e-03
1.766838e-02
2.506677e-02
1.942298e-02
3.044494e-02
1.006142e-02
3.403750e-02
6.950075e-02
4.374994e-04
7.941482e-04
6.377073e-03
7.856453e-02
1.515970e-02
2.131338e-04
8.761429e-03
2.487376e-02
2.359162e-02
7.370287e-02
2.633535e-02
3.965833e-03
7.639955e-03
2.002527e-02
4.583240e-02
4.033456e-03
2.653017e-03
2.851975e-02
3.443830e-02
1.791863e-01
1.041382e-02
5.184599e-02
1.918282e-03
9.285740e-02
7.572616e-03
7.458562e-02
8.769271e-02
3.524785e-03
3.133554e-02
2.155696e-02
1.135604e-02
5.328994e-02
6.748098e-02
8.371323e-03
5.654584e-02
5.091036e-04
6.668383e-03
5.845129e-05
1.537424e-02
7.694721e-02
4.071479e-02
8.358211e-03
3.102018e-02
1.725027e-02
1.099581e-02
1.743494e-02
6.203020e-02
9.991092e-02
1.565255e-03
1.338970e-02
2.170465e-02
2.001476e-02
6.936127e-02
2.436671e-02
5.221941e-03
5.462434e-03
1.645580e-01
3.312223e-01
1.342815e-02
8.534450e-03
2.922321e-02
1.617210e-01
6.987239e-02
8.296672e-02
2.501707e-02
1.445846e-02
3.377529e-03
6.305863e-04
3.634393e-02
8.578845e-02
9.557029e-03
1.549111e-01
8.950491e-02
6.236780e-02
6.360342e-04
4.056999e-02
7.431377e-02
2.700824e-01
4.090483e-05
2.727310e-01
1.999506e-02
3.305598e-03
4.740222e-06
4.603462e-04
4.743939e-02
1.775673e-03
1.472481e-01
1.118947e-01
1.748846e-01
2.382108e-01
4.192519e-02
2.044001e-04
2.586903e-02
1.099037e-02
7.615519e-02
1.809063e-09
8.232013e-03
1.631161e-03
2.113170e-06
5.949799e-03
2.153208e-01
2.634916e-02
6.234709e-04
1.252050e-02
4.898684e-02
3.176669e-02
1.068031e-02
1.232653e-01
1.153028e-02
4.978857e-03
4.939186e-02
6.759218e-03
3.111081e-04
1.558068e-01
1.157900e-01
2.335922e-02
4.438560e-03
8.910356e-02
1.866421e-01
1.769081e-02
1.608543e-01
1.365249e-01
1.779474e-02
1.547131e-02
1.613643e-03
2.713909e-02
4.470390e-03
1.074891e-02
2.325120e-02
5.156455e-04
6.621798e-03
2.614891e-02
1.311461e-02
4.067416e-03
4.924042e-03
1.099777e-01
1.174096e-02
1.545272e-04
1.067457e-01
6.373606e-02
1.805055e-01
2.157025e-02
5.454765e-03
1.857498e-03
1.781387e-02
1.474575e-01
2.071532e-03
1.764709e-02
5.939758e-02
3.779273e-03
1.707616e-01
1.360733e-01
1.322993e-01
4.131341e-03
8.230690e-01
1.025090e-02
6.223021e-03
3.292171e-04
1.777326e-02
1.502294e-01
1.266924e-03
2.247440e-01
1.904467e-02
2.216125e-01
3.667784e-02
1.183132e-02
7.535177e-02
3.594425e-01
1.116429e-01
1.547398e-02
2.492711e-03
3.660739e-01
2.040222e-02
3.140271e-02
3.655871e-02
2.563834e-02
7.907123e-04
3.669008e-02
6.123143e-02
3.067109e-02
1.022739e-05
8.407178e-03
1.447906e-02
1.530247e-01
8.176187e-02
1.650642e-02
5.282483e-03
6.488989e-03
6.312411e-03
1.677593e-03
3.736011e-02
5.918229e-02
4.380684e-03
5.975651e-03
1.473494e-02
3.478989e-02
2.032168e-02
2.474399e-01
5.146313e-02
2.136297e-02
3.555983e-02
4.102678e-02
1.195029e-02
4.226228e-03
1.833913e-02
7.118061e-04
1.924689e-03
9.093413e-02
2.905716e-04
3.262228e-01
6.878901e-04
3.083931e-01
9.832903e-02
4.044175e-03
5.413758e-02
7.203756e-02
1.451442e-01
5.427644e-02
9.925947e-02
5.816089e-05
3.171184e-02
1.245886e-01
7.488657e-04
1.048963e-03
7.985254e-02
2.676588e-02
1.510876e-02
3.212546e-02
6.045612e-02
5.905926e-02
2.958035e-02
3.317629e-02
1.961378e-02
4.779120e-02
3.593143e-02
1.190733e-02
1.144820e-01
7.428873e-03
4.168252e-04
3.894150e-02
2.779298e-02
