2.016598e-02
5.441100e-04
1.705503e-03
2.082926e-02
2.239370e-02
3.534979e-03
1.853437e-02
1.873662e-02
6.179339e-02
2.594189e-03
5.108023e-03
3.335085e-02
1.051027e-01
6.401535e-02
1.322947e-01
3.020313e-03
1.412639e-01
9.653052e-02
7.269125e-05
6.382181e-02
1.073528e-02
3.955059e-03
8.915168e-04
6.243322e-02
5.795298e-02
7.134512e-03
3.214894e-06
1.606419e-02
2.671919e-05
3.559806e-02
1.118837e-03
1.235498e-01
5.104516e-03
3.538905e-02
2.317364e-02
2.797536e-02
6.627161e-02
2.876853e-02
1.992210e-04
2.952973e-02
3.384375e-03
2.555138e-03
7.507592e-02
8.956633e-02
1.164285e-01
3.318322e-01
2.108161e-02
4.335767e-03
1.231154e-02
2.124909e-01
1.597598e-02
1.272460e-01
4.415621e-02
1.321886e-01
4.787574e-02
8.821966e-03
2.124756e-01
2.398487e-02
1.715870e-02
3.181215e-02
1.133474e-02
8.296266e-02
7.623149e-02
2.008492e-02
7.839426e-03
1.710264e-02
1.293826e-01
7.750251e-02
7.699732e-03
6.794401e-03
1.464385e-01
5.744620e-02
2.445186e-02
1.328069e-01
2.082703e-03
6.139924e-03
6.589426e-02
1.270091e-01
7.929527e-03
1.148335e-02
3.683751e-02
5.140948e-03
2.926984e-03
2.458466e-02
3.235403e-01
3.702196e-02
1.643844e-01
2.057180e-01
2.792149e-02
3.064642e-02
2.995080e-03
3.267842e-03
5.143567e-02
7.814286e-02
3.414808e-01
3.511338e-03
2.605566e-02
8.289104e-03
7.502557e-04
1.588763e-02
2.840480e-03
1.581028e-01
5.741693e-02
2.443682e-01
1.629707e-02
4.923271e-03
3.028632e-03
1.431900e-05
1.573568e-03
2.452640e-03
3.795444e-02
6.093067e-02
1.147333e-02
3.332492e-03
6.539775e-02
4.499551e-03
9.171007e-02
7.189070e-03
3.816382e-02
5.169225e-03
6.121394e-03
1.208740e-02
8.352672e-04
4.561517e-03
3.490081e-02
5.027051e-06
8.838825e-05
1.087125e-02
4.588845e-03
7.703120e-02
3.943196e-02
4.051868e-02
9.749285e-02
7.675000e-02
5.801096e-03
2.198293e-02
1.355624e-01
2.684389e-01
8.140800e-02
6.971414e-04
5.971028e-02
1.510183e-03
1.409631e-03
4.934626e-03
9.138960e-02
1.668445e-02
2.805074e-03
9.547870e-02
6.006413e-03
9.863627e-04
4.368079e-02
3.717271e-02
3.487697e-02
2.254026e-02
2.162145e-03
2.456675e-02
1.923343e-01
1.232876e-02
3.632328e-02
1.963613e-02
3.057932e-04
1.573036e-02
5.985559e-02
1.521557e-02
9.827972e-03
2.574147e-01
7.798749e-02
1.019243e-02
2.377320e-02
6.791718e-02
3.258835e-03
2.845781e-03
1.037811e-01
2.322250e-04
6.738269e-03
1.753347e-02
4.054797e-02
3.581725e-01
1.582231e-02
5.962951e-03
9.708183e-04
3.980987e-02
6.112753e-02
5.896160e-03
2.739347e-02
5.313158e-03
4.633063e-02
1.964309e-01
5.258166e-02
2.177022e-02
2.930157e-02
2.602783e-02
1.308646e-02
5.390161e-02
3.111725e-02
1.734847e-02
3.225793e-05
3.462521e-02
1.193517e-02
1.329919e-01
5.057895e-03
1.977299e-01
3.028582e-02
2.750217e-02
3.720813e-02
6.243548e-03
2.948353e-04
9.514699e-02
5.333445e-02
1.041324e-01
7.022939e-02
6.065859e-02
3.567599e-01
4.222359e-02
4.539516e-02
9.217692e-02
6.146255e-03
9.495022e-02
3.707467e-03
9.747308e-02
6.079447e-02
8.995966e-04
3.188345e-02
3.260008e-02
3.123788e-02
6.500545e-02
8.821587e-04
5.131569e-02
2.149108e-03
1.544428e-03
1.541223e-02
5.496681e-04
1.173586e-01
1.318355e-01
1.427266e-02
7.152797e-03
8.675344e-05
5.849415e-02
9.580566e-03
1.184798e-01
5.598128e-03
3.191773e-03
5.246365e-04
6.021421e-02
2.956579e-02
7.086366e-02
4.389257e-01
2.572996e-02
6.187454e-02
3.090573e-02
7.291603e-02
1.192371e-02
1.537964e-01
2.302366e-01
4.408466e-02
2.012389e-02
7.795551e-02
3.464224e-08
5.982815e-03
8.565276e-02
3.639716e-03
4.679997e-04
1.568017e-02
7.714068e-02
1.084522e-02
3.106886e-02
1.161034e-02
4.712123e-02
4.652926e-03
1.647532e-03
8.343091e-03
4.027900e-05
9.161286e-03
6.630870e-02
9.654435e-02
7.826508e-02
1.313826e-02
8.330777e-03
5.012843e-02
1.370195e-02
7.858311e-03
1.273863e-04
5.680427e-01
5.992156e-03
3.508148e-04
1.898961e-01
8.019471e-04
2.982266e-02
3.150989e-03
2.186152e-01
4.247900e-02
2.285180e-04
3.599623e-01
6.577666e-03
2.251310e-01
1.239247e-01
1.717699e-02
1.296162e-02
2.828598e-02
9.020494e-04
8.264443e-02
4.405719e-02
2.995992e-02
7.772418e-02
3.631781e-02
3.594021e-02
4.248076e-02
5.388000e-02
9.456469e-02
8.652525e-02
4.106990e-02
1.497535e-03
1.589340e-03
4.216463e-03
1.263500e-01
1.343629e-01
3.981668e-02
1.013208e-01
2.698619e-02
3.778631e-02
8.273277e-02
2.680732e-02
2.897015e-02
3.116353e-04
1.735200e-02
6.560021e-02
1.570512e-03
3.102054e-02
5.952159e-02
7.932254e-03
2.302735e-03
1.168643e-02
3.269335e-04
2.229468e-02
2.602013e-02
1.791187e-02
1.142878e-02
7.248071e-03
7.255445e-03
7.082792e-03
1.074259e-03
8.776113e-02
7.669435e-04
6.146039e-03
2.794989e-02
2.379218e-03
1.145309e-02
2.871168e-01
4.848007e-02
3.727447e-03
5.195936e-02
2.174248e-03
3.978169e-02
1.235422e-02
2.262750e-02
6.953928e-04
1.696906e-02
2.467542e-03
2.810437e-02
6.849162e-03
8.215888e-02
2.487125e-02
2.183381e-02
5.370012e-02
4.825608e-02
3.941045e-03
2.020809e-02
2.924298e-02
1.504061e-01
3.304137e-01
1.341627e-01
6.002291e-03
1.964640e-02
1.492515e-02
1.116309e-01
5.907841e-03
1.578994e-02
2.884657e-04
5.561964e-02
6.163127e-03
1.105696e-02
4.529021e-02
5.978935e-02
2.888051e-02
3.893876e-02
1.803721e-01
8.523930e-02
3.086923e-03
2.808435e-02
6.326063e-02
1.745796e-02
2.702320e-02
2.068602e-02
1.429862e-01
9.359572e-03
5.292116e-03
7.963333e-02
8.041403e-04
1.969499e-01
2.135703e-04
7.140646e-02
3.127562e-04
1.465553e-02
8.568238e-04
3.095848e-02
3.602183e-03
3.226442e-06
7.524167e-02
1.801771e-02
2.448478e-02
1.368986e-03
5.448711e-04
3.950349e-02
5.484045e-02
2.442586e-02
4.693146e-05
3.851291e-03
4.287166e-03
8.422406e-02
1.823420e-02
1.902973e-04
1.254892e-02
4.659967e-02
4.010363e-03
1.325305e-03
1.255080e-01
1.468397e-03
2.060697e-02
1.598508e-02
1.045877e-02
2.185622e-01
2.017452e-02
9.308086e-03
5.130959e-02
1.433465e-01
7.617896e-02
3.424767e-02
6.729942e-03
8.560528e-03
4.215888e-02
8.103225e-03
8.850764e-04
1.536943e-02
2.271877e-01
1.165295e-01
1.171258e-02
2.485677e-03
6.035541e-02
1.221693e-01
1.564411e-01
9.856064e-04
1.759862e-02
4.361920e-03
2.302009e-03
2.761832e-05
9.863029e-02
8.193009e-03
5.160303e-02
8.695046e-02
2.495344e-01
5.002641e-02
5.466097e-02
4.790710e-02
3.881066e-04
1.206510e-01
1.457583e-02
1.454205e-02
1.325239e-02
1.150529e-01
9.246332e-02
1.784748e-01
1.619312e-01
5.994441e-04
6.252702e-03
1.239049e-02
1.972505e-01
6.824424e-05
1.209967e-01
4.688849e-02
2.592096e-01
6.185225e-03
1.212593e-02
1.006005e-01
2.613354e-03
3.074041e-03
7.004614e-02
2.883050e-02
8.137998e-02
1.133953e-01
1.638017e-02
2.099551e-01
6.640023e-03
6.691798e-02
1.055959e-04
7.050282e-02
1.006899e-01
9.165040e-02
4.249786e-03
3.592598e-02
5.067078e-02
4.370186e-03
1.201592e-01
3.328746e-03
1.365005e-03
3.319150e-03
6.056854e-03
2.212631e-02
8.990431e-01
4.659404e-03
3.056668e-02
1.930526e-02
3.334128e-03
5.778441e-02
3.662257e-02
3.591931e-03
6.254940e-02
5.103841e-02
6.210707e-02
1.807556e-02
6.067390e-02
7.886674e-04
1.996672e-03
7.310922e-03
2.775521e-01
8.306367e-04
1.204077e-02
3.245518e-04
2.754900e-02
2.599009e-02
2.058780e-01
4.079890e-02
2.815117e-02
4.577368e-02
3.882643e-02
3.462450e-02
3.901461e-01
4.866559e-02
1.158663e-01
1.011459e-02
2.581536e-02
1.678002e-06
7.469025e-04
7.824602e-02
5.379312e-03
8.289936e-03
6.620817e-04
6.715778e-03
3.454314e-04
3.644506e-02
6.180690e-02
2.935811e-02
2.074040e-01
2.321826e-02
6.810928e-04
7.646951e-06
3.283171e-02
6.914445e-02
5.067230e-02
1.336371e-01
1.273926e-01
4.602982e-02
4.678214e-03
3.922664e-03
9.894889e-02
4.707453e-02
3.042975e-03
3.074414e-03
1.662912e-01
6.897293e-02
3.444594e-02
4.822787e-02
7.506190e-02
3.297570e-02
9.654067e-02
2.486041e-02
2.733323e-06
4.890942e-02
5.715037e-02
8.196617e-02
2.094390e-01
1.952521e-03
8.469557e-03
1.549553e-02
1.524687e-01
1.407270e-02
7.770679e-04
8.018207e-02
4.691611e-02
7.986102e-02
2.181094e-02
5.544834e-03
4.427570e-04
1.323721e-02
5.124958e-02
