2.513406e-01
3.741381e-03
2.135140e-02
5.156044e-01
1.494850e-02
2.025722e-02
5.284280e-02
1.312379e-02
5.362140e-02
9.182246e-04
1.266176e-01
2.507418e-01
2.357859e-03
4.913758e-02
6.062856e-03
1.951404e-03
4.613952e-04
5.220291e-05
5.688172e-06
8.544708e-07
1.680039e-01
5.703607e-06
3.094317e-04
9.499086e-02
3.089014e-02
7.116690e-02
4.110015e-02
3.814790e-02
1.622318e-01
1.001743e-02
4.712007e-02
1.727778e-02
1.942725e-02
5.394227e-03
1.606542e-02
4.270472e-02
9.928807e-04
9.551488e-02
3.054641e-01
5.689431e-05
3.720676e-02
4.803207e-02
3.786022e-01
1.252638e-03
2.099556e-02
7.408872e-04
7.807531e-02
3.139396e-02
3.984385e-03
5.390852e-03
2.190357e-02
2.371261e-03
3.609377e-02
6.844087e-02
1.622154e-02
2.553271e-01
4.287506e-02
8.343742e-02
2.906224e-03
2.668166e-01
1.697772e-01
1.841458e-01
2.405546e-03
9.074897e-02
2.114063e-02
1.232726e-01
2.210927e-04
2.919412e-03
1.412889e-03
9.001517e-03
3.123819e-02
3.803620e-02
1.447367e-01
1.585547e-02
3.384961e-02
7.583644e-03
7.743029e-03
4.263621e-02
1.994549e-02
1.522055e-02
4.146297e-03
6.078952e-04
4.733292e-02
5.949608e-03
6.992689e-05
9.436951e-02
1.760918e-01
6.762391e-02
7.896408e-02
1.819320e-02
1.565752e-03
1.326779e-01
1.087404e-01
9.223380e-02
9.127622e-02
8.589820e-02
1.656365e-01
3.854585e-02
6.858959e-03
1.728300e-02
1.338707e-01
1.500876e-04
1.583202e-01
6.741362e-05
8.980986e-03
1.288415e-01
6.473125e-02
1.312666e-02
5.603991e-04
2.177637e-03
7.806113e-02
3.561817e-01
9.138448e-04
3.435621e-02
2.879581e-02
3.299079e-03
1.442838e-01
1.131695e-02
5.635835e-04
1.329427e-02
7.119198e-03
4.215419e-04
3.001609e-01
2.442772e-02
3.013087e-02
3.326831e-02
1.366944e-01
8.919322e-03
5.839043e-03
8.098363e-02
4.077074e-03
6.743391e-02
3.175503e-03
2.940840e-02
2.393502e-03
4.049306e-02
3.492945e-01
1.903026e-02
5.119882e-02
7.527614e-02
1.180596e-02
7.123071e-04
1.178415e-02
6.492369e-02
1.477052e-02
1.418572e-02
4.076327e-02
1.884125e-03
3.281893e-02
1.496525e-02
7.442948e-02
5.880803e-02
3.806333e-03
1.956022e-02
6.123287e-04
7.055182e-02
1.024169e-03
8.160756e-03
6.320086e-03
6.714720e-02
2.101324e-02
5.926510e-02
7.494601e-05
9.604201e-06
3.816213e-04
3.252078e-01
7.643880e-02
2.126004e-02
4.329256e-02
7.290327e-03
1.867844e-04
2.642390e-03
1.319227e-01
4.755429e-04
1.622656e-02
2.775172e-02
6.404793e-03
1.316771e-01
2.083491e-04
2.652833e-02
2.558089e-02
3.328781e-02
2.878341e-02
9.272334e-02
4.811838e-02
1.076609e-02
2.891644e-02
1.046389e-02
1.404833e-01
2.432380e-03
2.764554e-02
3.270991e-03
5.306895e-02
1.145909e-02
1.156537e-01
9.170835e-04
3.153783e-04
1.427141e-03
9.645541e-03
5.397314e-03
1.573548e-01
1.714273e-03
1.104818e-02
1.063917e-01
1.310981e-01
1.386250e-01
4.082366e-02
5.875451e-03
2.709249e-02
1.365878e-04
1.262977e-02
1.529092e-06
1.405484e-02
2.908159e-02
1.024330e-03
9.962576e-03
4.358499e-02
3.885427e-02
9.211895e-03
1.102899e-02
6.794180e-03
1.863548e-03
5.006688e-02
4.529171e-02
5.065837e-02
1.715390e-02
1.316592e-03
6.165624e-02
1.692959e-05
9.930119e-02
1.301268e-01
1.818251e-01
2.694324e-01
4.039625e-02
3.624521e-04
3.367520e-02
1.768582e-03
6.612043e-07
1.382350e-02
1.431557e-03
3.447341e-03
1.188616e-02
8.634967e-03
6.918728e-02
7.318527e-03
2.117734e-02
6.083204e-02
1.628785e-02
1.645919e-02
3.620244e-02
1.633628e-01
1.689656e-02
9.299888e-04
5.081987e-03
3.801145e-03
2.760801e-02
1.152591e-01
9.452832e-03
9.304833e-03
1.874462e-01
1.099574e-01
3.445976e-02
1.024372e-04
3.870480e-02
7.815280e-02
1.793022e-03
1.732543e-01
1.834110e-01
3.243978e-02
7.157769e-02
1.051586e-01
1.547438e-03
8.246974e-02
8.886009e-02
1.438822e-03
3.606868e-05
1.276880e-01
1.452234e-01
3.774332e-01
6.013108e-03
3.969072e-04
1.030876e-02
2.909395e-02
3.498235e-04
1.121753e-02
3.787725e-02
8.893318e-02
7.921863e-03
1.368366e-01
3.583784e-03
1.689987e-01
1.814878e-01
1.517799e-02
7.313439e-02
1.791505e-03
4.641462e-02
3.011096e-02
1.417989e-02
4.134249e-03
1.479719e-03
6.254225e-03
3.992880e-02
1.002182e-06
1.911198e-02
8.097493e-03
2.166907e-02
8.003590e-02
7.274527e-02
1.279337e-01
1.349865e-02
6.113020e-02
5.751314e-02
1.325589e-01
6.883439e-03
1.625357e-02
2.746050e-02
1.424328e-01
3.968017e-03
1.412410e-02
3.616067e-02
3.401270e-02
1.102894e-02
5.169985e-04
3.989491e-02
7.765532e-04
9.834720e-03
6.422891e-03
1.703014e-02
2.452259e-02
6.448152e-03
1.316256e-01
4.858641e-03
1.005309e-01
1.397770e-04
2.667643e-03
9.816258e-02
1.184087e-01
4.345111e-05
7.576848e-03
2.971107e-02
1.594774e-01
1.751686e-02
3.181360e-02
7.693590e-02
1.755305e-01
1.457667e-02
3.295099e-01
3.901252e-02
1.008401e-01
5.731879e-04
1.908947e-03
1.757017e-01
6.508479e-02
7.573807e-02
2.184444e-03
9.370700e-02
2.701205e-02
1.470375e-02
6.833300e-03
9.279082e-03
5.054631e-03
9.677425e-03
1.527611e-02
2.783722e-02
9.195343e-03
1.252327e-02
2.188085e-02
4.866593e-02
4.723879e-02
5.551872e-03
2.290010e-03
1.215137e-01
2.616634e-03
4.005850e-05
2.479989e-03
4.009667e-02
1.591974e-01
4.563690e-04
9.448799e-03
4.296914e-02
3.250319e-02
3.614965e-02
1.124308e-01
5.200744e-02
2.519372e-02
6.958388e-04
2.299459e-01
2.516755e-02
8.354988e-02
1.229193e-01
9.269381e-02
2.637711e-02
4.493163e-03
2.305004e-03
5.757982e-02
5.912623e-03
2.955648e-01
2.183800e-03
5.185700e-02
8.371550e-08
4.335818e-02
4.155810e-03
1.260439e-02
2.058678e-02
1.946280e-01
3.258204e-03
2.070060e-01
8.317547e-03
7.335453e-02
5.187994e-02
8.678353e-03
1.872431e-01
4.358467e-05
1.257688e-06
4.099969e-03
2.592364e-05
6.861158e-04
2.423056e-02
2.278532e-02
7.672884e-02
9.775291e-03
2.052255e-02
4.772070e-02
2.034677e-02
4.137856e-02
1.777311e-02
2.959992e-02
4.943922e-02
5.066186e-02
2.066818e-02
1.568770e-01
5.262460e-02
3.956485e-03
4.959966e-03
2.119225e-01
5.075537e-04
7.552754e-02
8.881013e-02
3.595990e-02
9.568237e-04
2.418066e-02
5.431010e-04
3.449349e-02
1.815445e-01
1.778936e-02
3.455285e-02
1.293709e-02
1.260082e-01
9.533572e-02
9.978021e-02
8.220740e-03
3.580428e-02
2.193638e-02
6.681039e-04
4.383756e-02
1.120107e-04
3.405869e-02
1.577633e-01
3.016934e-02
5.969383e-03
1.572787e-02
4.050573e-03
8.889704e-02
3.196911e-02
6.886795e-04
1.128449e-01
1.035109e-02
9.832184e-03
6.506990e-02
6.268114e-04
1.276190e-03
7.514557e-02
1.835830e-01
8.787337e-02
2.716621e-02
6.679116e-02
4.399989e-02
1.663603e-02
4.061771e-02
2.676977e-02
9.098456e-02
2.543515e-03
2.283435e-02
2.042209e-03
9.872388e-02
1.894906e-02
3.605769e-02
4.963756e-03
1.309736e-02
8.134375e-04
3.574103e-02
9.474318e-02
2.797679e-02
6.470061e-02
2.768124e-02
2.346092e-03
3.042183e-02
1.256937e-02
1.237002e-02
2.527502e-02
3.426054e-02
1.948824e-02
4.827624e-03
5.090550e-01
8.814771e-02
9.466136e-05
5.204001e-02
9.369222e-03
4.135236e-02
8.450114e-03
1.621235e-01
7.273247e-02
1.341958e-02
1.375713e-03
1.237411e-01
2.863379e-02
6.352196e-02
1.357448e-04
4.476041e-03
1.035586e-03
3.206711e-03
2.124942e-02
2.572907e-03
1.211218e-03
1.249062e-01
1.720278e-01
4.761708e-03
6.760877e-03
2.180354e-04
2.426369e-02
4.510159e-02
7.350684e-02
1.823299e-04
1.947523e-03
2.604878e-01
9.144685e-02
1.353522e-02
5.788144e-02
4.477102e-02
1.264889e-01
6.229991e-02
1.647123e-01
9.876570e-03
1.688360e-02
3.612754e-02
1.175030e-01
3.257596e-03
1.885720e-02
4.059102e-02
2.074298e-02
3.926441e-02
2.044422e-02
5.237234e-03
1.082345e-01
9.171566e-02
1.659768e-03
1.325148e-01
2.899887e-02
2.114614e-02
3.531206e-04
5.755455e-03
2.242331e-03
7.167920e-03
5.656774e-02
1.303347e-02
9.615067e-04
2.371601e-03
6.943911e-03
8.788844e-03
5.653668e-03
5.632033e-02
3.890155e-03
7.257557e-02
6.836885e-02
5.158742e-04
7.050770e-02
3.546241e-03
3.630283e-03
1.843208e-02
2.592256e-02
6.940163e-05
4.377992e-03
1.459063e-03
8.754906e-02
6.480838e-02
2.664783e-02
1.163876e-01
5.070835e-02
3.213736e-03
4.168773e-02
1.044221e-01
5.961424e-02
4.242192e-02
3.249586e-02
