1.692686e-01
5.593209e-03
6.956854e-02
3.018604e-02
1.540781e-01
1.277304e-01
2.012055e-02
8.882892e-02
8.613994e-03
5.862936e-02
4.202683e-03
2.715108e-03
2.045919e-02
9.617400e-02
8.291500e-03
4.292403e-02
6.868004e-02
5.666976e-03
3.565080e-02
1.319230e-01
6.114211e-03
8.050123e-04
3.068221e-02
1.227747e-04
8.755990e-03
9.699612e-02
1.897969e-04
3.467522e-03
4.462586e-02
6.521572e-02
1.512029e-01
9.958326e-04
6.101568e-07
4.252472e-02
2.073568e-02
8.486535e-03
1.163926e-02
1.228834e-01
1.315431e-01
4.156562e-02
1.793355e-01
4.858762e-02
2.475656e-02
9.827051e-02
6.932134e-03
5.849546e-02
1.102549e-01
1.235265e-02
6.167488e-02
2.995402e-01
1.341189e-02
4.066166e-03
9.927487e-02
2.112882e-04
2.257515e-01
3.423271e-03
1.122382e-02
1.953333e-02
9.892767e-03
2.447230e-04
5.720188e-03
2.432569e-02
1.185509e-03
1.551680e-01
3.694293e-03
8.759783e-02
2.266283e-03
1.224014e-02
7.194990e-03
3.494823e-02
1.164146e-01
5.785779e-03
2.381860e-02
1.083127e-01
4.299106e-03
7.578098e-02
1.709095e-03
2.670678e-05
1.744106e-01
3.955815e-02
1.647113e-01
1.909083e-04
9.067428e-03
1.455801e-02
1.478336e-02
3.431238e-02
3.560726e-01
1.268450e-01
1.150891e-02
8.172871e-03
1.092267e-01
2.266500e-01
6.883750e-02
3.096044e-03
9.283226e-02
1.553096e-02
2.365741e-03
1.650597e-05
1.618682e-01
1.810073e-03
4.210027e-02
1.363220e-04
3.549596e-02
1.219121e-01
9.123723e-02
2.315133e-02
5.588551e-02
8.483616e-02
5.844315e-02
2.557089e-03
2.276675e-02
7.931699e-02
3.171084e-01
3.960791e-07
2.583514e-03
2.147628e-01
1.513124e-01
4.375990e-03
1.217038e-01
2.678620e-02
1.563035e-01
3.184837e-02
2.087212e-01
1.513195e-04
1.657314e-01
5.878711e-03
4.459573e-03
8.593823e-03
6.531014e-03
2.718825e-01
2.419027e-03
5.918089e-03
1.632600e-02
9.160554e-03
5.219538e-02
2.791287e-02
2.686398e-02
1.300534e-02
2.840802e-02
2.973644e-02
3.270695e-02
2.446448e-04
8.641172e-04
2.380370e-02
3.334020e-03
5.705584e-02
1.308133e-03
1.513621e-02
2.314664e-02
1.315815e-01
1.128059e-03
6.766145e-02
1.122651e-02
4.073634e-02
1.179806e-01
2.293366e-02
3.166304e-02
8.225810e-06
4.073289e-02
1.176025e-03
8.415234e-02
1.117648e-02
2.113751e-03
6.084779e-02
1.871777e-03
2.168999e-01
1.299591e-01
2.148466e-02
3.367688e-02
4.647491e-02
3.444217e-03
5.997462e-04
7.222680e-02
1.182093e-02
6.337909e-03
2.870652e-02
1.924819e-02
1.743921e-01
6.258164e-03
2.477396e-03
6.296254e-03
6.051484e-03
2.160120e-02
2.030145e-01
5.212816e-02
2.270260e-02
2.350311e-02
5.628622e-02
3.509652e-02
3.371541e-02
3.066163e-02
7.186781e-02
4.070414e-01
1.134215e-01
3.816783e-06
1.534021e-01
2.568469e-02
9.239671e-02
8.200458e-04
6.662050e-04
1.199090e-05
3.239475e-04
1.866939e-01
1.201852e-03
2.247300e-02
4.834199e-01
2.553546e-04
5.541970e-02
1.095818e-04
2.375639e-01
1.542803e-02
8.015558e-02
5.393359e-02
1.993568e-05
2.321368e-01
1.425327e-02
3.220924e-02
2.646032e-02
8.091576e-02
1.138964e-01
2.445191e-02
3.797755e-03
1.637914e-02
5.722453e-06
9.510969e-02
3.568761e-03
1.611103e-01
7.403123e-04
2.070622e-01
9.648755e-04
6.446427e-04
3.451299e-02
1.883174e-02
7.054874e-02
2.103505e-02
4.353570e-02
1.332181e-03
9.784942e-03
3.317429e-05
9.096451e-03
2.604869e-03
1.870406e-02
4.865210e-02
1.669485e-02
9.102659e-03
5.499957e-03
4.915814e-03
1.489967e-01
5.795373e-02
5.002639e-02
5.058791e-02
8.175130e-02
3.519786e-02
1.421843e-02
7.967560e-02
2.006389e-03
3.869258e-03
4.831703e-03
1.223389e-03
2.032776e-01
1.198508e-01
5.730983e-02
2.978003e-02
2.504346e-03
2.007750e-02
3.029959e-02
3.253268e-01
1.071801e-06
1.112829e-02
1.354528e-03
6.710542e-05
1.307241e-04
1.693716e-01
7.226894e-02
5.329144e-03
2.411218e-01
9.556521e-03
3.961270e-02
2.499075e-02
2.809991e-02
3.724417e-02
5.498517e-02
1.499436e-02
8.660827e-02
9.272773e-02
2.214691e-02
6.393197e-02
3.097944e-03
4.737849e-02
1.710094e-01
8.246188e-03
3.415742e-01
6.770660e-03
1.830756e-02
1.389207e-02
1.999724e-03
1.370307e-01
3.077416e-02
1.794204e-02
1.037842e-01
8.813915e-04
3.091897e-02
1.304633e-02
3.537299e-02
5.308757e-03
2.645790e-04
1.403000e-01
4.395103e-01
4.262476e-03
1.428578e-03
6.546194e-04
3.320485e-04
6.502336e-04
2.015109e-03
7.189335e-04
1.923766e-04
6.134730e-02
5.822228e-02
5.760864e-02
3.890884e-03
4.446088e-02
5.466455e-03
3.067730e-03
5.825954e-03
2.928314e-03
1.393232e-01
2.176156e-03
4.981769e-04
7.846240e-02
2.116576e-02
2.310833e-02
2.439358e-01
1.937612e-04
1.460211e-02
1.503834e-03
5.821358e-02
2.499964e-03
2.525711e-03
3.558046e-03
4.915125e-02
4.868362e-02
6.108893e-02
1.903676e-09
4.701665e-04
1.582294e-01
2.306844e-02
2.568444e-02
3.538442e-05
3.058669e-02
2.640192e-02
4.459585e-03
1.807370e-01
6.639513e-03
4.302011e-02
1.852504e-02
8.830252e-02
1.037583e-03
2.886730e-01
6.140659e-02
6.688359e-02
2.897024e-02
9.413640e-02
3.915562e-02
3.591331e-04
1.045295e-03
9.928037e-03
4.605836e-03
9.957634e-04
2.051377e-01
3.148746e-02
2.686068e-02
7.117843e-05
1.792248e-01
8.812341e-02
2.794809e-02
8.345488e-02
6.741731e-03
1.939966e-01
4.567014e-05
4.015687e-04
2.759092e-03
1.876204e-02
9.602487e-03
2.826822e-03
8.960041e-02
3.744411e-03
7.046202e-03
2.844988e-02
2.395663e-02
2.764624e-02
2.154202e-03
6.372479e-03
2.800631e-03
6.501890e-03
3.884257e-02
1.484187e-02
1.383886e-03
5.373710e-03
7.740608e-02
1.100699e-01
1.043713e-01
4.287097e-02
1.139120e-01
4.485761e-02
8.240269e-04
1.262825e-03
4.972363e-05
7.271280e-03
7.139925e-02
2.584769e-03
4.893418e-02
1.734516e-02
1.545090e-02
7.550508e-02
5.881169e-02
5.245915e-02
8.664022e-03
2.257005e-01
2.291263e-05
7.265910e-04
3.497500e-02
2.841899e-02
5.024819e-03
5.488082e-02
6.573654e-04
1.146712e-02
1.384441e-02
6.191474e-02
3.454240e-02
1.249705e-01
9.189225e-03
2.079508e-02
9.573615e-03
7.218483e-04
1.546440e-03
9.732539e-04
1.051436e-02
1.453289e-01
5.335761e-04
2.471103e-02
3.245674e-02
1.279259e-01
9.964174e-03
1.244847e-03
2.810777e-01
2.492103e-02
4.591021e-02
1.523329e-02
1.290651e-02
9.579961e-04
6.938595e-02
1.758799e-02
1.329494e-02
1.162436e-01
5.623802e-09
9.313966e-02
1.412592e-01
6.009443e-02
4.886733e-02
1.124616e-02
1.098742e-03
1.872929e-04
2.113971e-02
3.453478e-04
2.570151e-02
2.246698e-02
2.935844e-02
1.206703e-02
2.989055e-02
2.561991e-03
8.596108e-04
2.543120e-02
2.238087e-04
6.308269e-02
9.866890e-03
1.035692e-04
1.635359e-02
7.211427e-04
1.059521e-02
9.146098e-03
5.255290e-02
2.637665e-02
1.680572e-02
2.275042e-02
2.344346e-02
1.634321e-03
6.857565e-02
2.860940e-03
7.346210e-02
1.417349e-01
1.367270e-02
2.282454e-02
1.113055e-01
1.437635e-01
1.105372e-03
4.342275e-02
2.868344e-02
1.630320e-05
5.273379e-06
4.398790e-01
1.378327e-01
1.120093e-02
3.257928e-03
5.405677e-02
4.124527e-02
7.932887e-03
3.050327e-02
8.031717e-01
1.518702e-01
3.890153e-02
1.060437e-01
5.143606e-02
3.032572e-04
1.334123e-01
8.935181e-03
3.354968e-03
5.713318e-02
4.941693e-02
2.450578e-02
1.349224e-01
8.158616e-03
1.767818e-02
3.729324e-02
4.770342e-02
2.104462e-01
8.282001e-02
3.322525e-02
2.109105e-03
1.553369e-01
1.652431e-01
2.636226e-02
5.230054e-03
3.669289e-03
2.404480e-03
1.503082e-02
2.381962e-04
3.981004e-02
4.375924e-02
1.105732e-02
4.363402e-03
2.217305e-03
1.716517e-01
1.396108e-01
2.013617e-05
2.785652e-02
7.220258e-02
2.471554e-02
3.706371e-02
5.470264e-02
5.475177e-02
3.225916e-02
3.724858e-03
1.195217e-03
3.264841e-03
1.347939e-04
6.935753e-02
1.088112e-01
5.202160e-03
6.367421e-04
1.363733e-01
1.108699e-02
3.372965e-03
2.937065e-01
1.723790e-02
7.668816e-02
1.225797e-02
6.769868e-02
5.419226e-02
4.563333e-02
1.380681e-01
3.917356e-03
9.794261e-02
3.091272e-02
5.223462e-03
2.151684e-01
3.427143e-01
2.346869e-03
2.394596e-02
5.009386e-02
2.102041e-03
3.882247e-01
4.560893e-02
1.117563e-02
3.207844e-04
3.637347e-01
2.407150e-03
5.794097e-03
1.095714e-02
1.293200e-03
6.983957e-03
8.641955e-02
1.004125e-01
3.411837e-02
2.068615e-03
