6.902862e-02
6.893068e-02
3.565671e-02
1.100421e-01
7.728872e-04
1.322517e-01
3.162422e-01
4.527445e-02
1.831459e-02
2.297561e-05
2.330819e-03
1.278401e-01
2.114900e-03
7.896512e-04
1.321561e-01
7.780377e-05
3.999091e-03
4.726221e-02
2.548421e-02
3.260281e-03
4.782409e-02
4.505206e-02
7.467854e-02
4.358572e-02
6.187379e-02
2.378633e-02
1.470980e-04
1.773433e-01
2.407312e-02
2.914689e-01
3.251552e-02
1.050830e-03
1.318268e-02
2.908867e-02
1.109625e-03
1.255398e-02
1.236055e-01
7.179464e-02
2.243343e-02
5.315030e-01
2.284250e-02
1.930171e-03
7.345199e-02
1.811870e-01
3.288760e-02
5.644045e-02
4.952156e-02
2.422190e-02
1.875424e-01
3.018742e-05
1.009439e-01
1.939477e-02
7.800171e-02
5.833595e-03
1.654684e-02
4.272003e-04
4.647979e-04
1.820533e-03
1.260909e-01
1.670427e-01
1.042961e-01
6.156594e-02
2.181359e-02
4.482640e-02
1.226003e-02
1.501960e-02
2.853216e-03
3.379560e-02
1.986258e-01
1.704140e-01
4.739223e-02
6.763030e-03
1.276363e-01
7.556811e-03
1.030020e-02
1.576469e-03
2.223763e-01
6.359857e-02
6.169648e-06
3.337290e-02
1.032225e-02
6.973979e-02
5.205301e-04
5.701729e-02
1.789058e-02
7.360130e-02
3.486716e-02
7.789459e-04
7.921821e-03
7.593821e-02
2.482857e-03
1.972336e-01
7.384652e-03
2.550885e-02
6.696589e-02
1.054641e-03
3.013820e-03
1.166781e-02
1.396246e-03
7.363282e-02
1.332504e-01
8.659784e-02
6.627370e-04
1.539471e-03
7.983175e-02
2.224962e-01
5.146777e-04
1.077399e-01
4.689027e-03
2.470797e-02
4.439062e-02
1.626153e+00
1.826048e-04
2.196419e-02
1.069833e-04
3.037447e-02
2.722832e-02
4.307859e-02
4.519174e-02
7.002605e-01
1.330001e-01
2.851014e-02
9.352266e-03
1.978761e-02
1.654982e-02
5.700962e-02
5.136674e-02
5.528455e-05
1.649158e-03
8.195900e-04
4.203659e-02
6.237484e-02
4.807349e-02
3.777273e-03
3.113516e-03
1.115890e-02
2.442111e-01
4.552694e-02
4.102619e-05
2.405439e-03
1.150344e-02
3.883422e-03
7.705746e-03
5.546122e-02
7.088099e-02
2.262545e-03
2.057334e-03
6.235731e-04
1.231338e-01
9.515869e-02
1.173122e-01
4.093355e-02
3.204608e-02
5.313446e-03
5.135620e-02
2.269158e-04
1.336720e-01
2.105922e-02
9.830739e-03
6.908461e-03
5.477335e-04
4.355051e-02
3.151056e-03
5.992354e-02
7.887455e-04
6.039531e-01
8.805098e-02
5.144217e-02
1.254763e-01
8.731250e-02
1.372406e-02
7.461611e-03
1.321844e-01
8.129134e-02
3.188375e-04
5.178210e-02
1.212465e-02
1.911081e-01
5.113707e-02
1.110136e-04
2.428436e-03
3.663747e-02
4.435877e-03
2.841670e-02
7.131130e-02
2.562006e-02
3.804300e-03
7.120908e-03
6.206200e-05
3.810636e-02
7.259413e-02
8.965462e-02
1.044432e-01
1.756484e-01
5.874779e-02
5.904108e-02
7.791019e-03
2.822582e-02
3.024841e-02
7.885786e-03
6.599354e-03
1.949820e-02
2.892281e-04
3.849627e-02
2.996231e-02
6.200808e-03
3.270833e-02
4.723244e-04
2.053317e-02
7.182218e-02
4.236886e-02
2.523010e-02
6.949211e-04
2.917096e-03
3.606999e-01
1.417388e-02
2.489858e-02
9.080826e-03
2.496723e-04
2.011864e-02
1.111470e-01
1.796133e-03
1.606123e-02
1.083317e-01
8.397349e-03
2.826581e-04
6.307151e-02
3.631141e-02
2.585819e-02
1.007067e-03
5.710519e-02
2.315707e-01
7.722331e-02
1.749384e-02
2.908850e-05
4.316742e-05
2.241164e-06
2.820762e-02
5.227765e-04
1.660750e-01
1.918914e-02
7.273350e-02
5.248583e-02
1.365600e-04
9.516819e-02
1.249346e-04
4.166446e-03
1.083118e-03
2.345881e-04
1.723696e-03
5.430032e-02
3.547582e-03
3.592310e-02
1.413777e-01
1.931704e-02
2.553647e-04
7.202682e-04
1.229490e-04
1.346528e-01
4.055703e-02
7.380930e-04
2.071776e-01
6.578829e-03
7.007769e-02
6.226959e-03
2.024797e-02
1.800431e-02
1.705383e-01
2.573613e-03
9.406029e-02
2.478639e-02
2.724446e-02
8.376205e-01
3.430393e-02
1.491711e-01
5.361183e-02
1.190359e-02
2.344124e-03
2.800313e-02
1.667802e-01
2.023004e-02
4.868163e-02
5.187165e-05
2.637052e-03
2.789230e-02
1.134625e-01
1.542887e-01
4.017960e-03
1.483779e-02
6.614247e-01
3.653974e-02
4.208550e-02
1.368105e-01
8.301356e-03
6.927554e-02
4.512410e-04
5.068618e-01
1.462899e-02
3.816270e-02
1.031568e-01
1.449474e-01
3.691589e-01
2.376425e-02
2.855628e-02
2.067998e-02
1.850290e-01
5.234937e-02
3.784339e-03
1.768666e-02
1.915894e-01
9.276616e-03
5.369608e-02
4.862159e-03
6.260669e-02
9.758989e-03
1.277166e-02
1.612502e-04
3.081733e-04
4.695811e-03
4.839573e-02
2.788037e-01
8.085848e-04
1.721689e-02
1.378029e-02
1.003656e-03
4.426900e-04
1.109858e-02
9.271271e-03
1.019208e-02
4.702118e-04
2.274193e-02
8.111087e-02
1.239208e-01
8.236014e-04
1.137035e-04
3.407058e-02
9.859789e-03
1.971705e-01
1.274866e-01
3.417378e-04
3.651433e-02
2.054271e-01
1.367566e-01
1.482606e-02
1.539178e-02
1.315108e-04
2.438191e-03
2.550677e-02
4.681636e-02
2.685325e-02
2.532364e-02
1.391015e-01
5.867184e-02
2.141894e-02
1.693896e-01
3.510228e-02
1.253475e-03
2.053996e-04
4.138288e-02
1.612536e-01
6.107667e-03
6.026933e-02
5.536304e-02
2.061590e-03
1.784261e-01
1.035674e-01
6.138790e-02
1.213249e-01
1.762690e-02
1.830286e-02
6.157186e-03
9.125175e-04
1.388197e-02
7.593396e-01
5.924129e-03
9.987822e-02
2.111943e-03
8.062376e-02
6.076858e-02
1.195502e-02
3.555276e-04
1.887464e-04
8.811057e-03
9.467798e-02
5.288654e-02
4.668233e-02
2.499732e-01
5.203827e-02
1.225082e-04
2.295306e-03
3.574725e-02
1.126877e-03
1.062090e-02
1.398793e-01
1.113833e-03
7.058236e-03
2.696903e-01
9.531807e-03
2.535517e-02
4.631801e-02
3.256524e-02
1.765033e-02
3.987678e-02
2.415876e-02
6.991026e-03
1.530636e-02
6.468900e-03
7.294779e-02
8.970764e-03
1.000397e-02
1.516267e-04
2.488172e-03
1.849784e-01
5.563744e-02
8.125472e-03
1.090276e-01
9.299855e-02
1.354741e-02
2.048984e-02
1.064178e-01
9.733355e-02
7.487457e-02
1.499349e-03
5.054553e-04
1.532811e-05
6.395055e-03
1.182808e-04
6.692897e-02
1.111114e-01
1.166758e-01
2.492781e-03
2.798504e-02
6.883964e-03
2.182894e-03
2.866450e-03
1.281192e-03
4.240459e-02
3.239221e-03
8.131661e-05
7.384786e-02
4.879633e-03
9.104130e-04
2.166976e-03
1.588934e-03
1.129701e-01
1.064489e-02
1.457055e-03
5.925524e-03
1.189992e-03
3.184668e-03
2.502421e-03
1.143259e-04
2.677223e-02
4.763138e-03
1.324840e-02
8.135034e-02
4.119085e-04
3.381270e-02
7.656051e-02
1.405044e-02
1.217352e-01
1.510831e-02
2.293678e-04
1.983952e-02
1.023693e-01
4.214474e-02
9.273631e-03
1.695281e-03
1.440280e-03
1.958970e-03
2.566875e-03
2.203929e-01
1.350517e-01
3.289512e-02
7.052967e-02
3.606677e-04
2.420619e-02
2.242568e-02
4.982670e-02
4.984366e-02
1.162357e-07
6.622800e-02
2.595676e-01
3.633006e-02
5.289885e-03
8.874981e-02
4.195432e-02
3.989125e-02
3.090780e-03
7.686247e-02
3.116938e-01
1.419823e-01
5.216298e-02
7.727519e-02
7.754175e-06
2.583115e-02
6.044551e-02
3.583540e-02
8.486193e-02
1.354092e-02
9.872340e-02
1.145402e-02
1.070706e-04
1.097574e-01
8.014430e-03
1.533494e-02
3.999468e-02
3.498825e-01
3.046676e-02
8.554404e-02
4.136493e-04
3.202757e-03
1.358226e-02
6.837345e-02
5.511929e-04
5.055316e-04
6.257385e-02
3.719129e-02
3.502029e-03
2.787649e-01
2.046158e-03
9.087609e-02
8.512473e-03
6.355524e-02
1.021238e-01
7.354598e-02
3.349218e-02
3.496918e-02
4.657160e-03
1.991005e-01
1.815682e-02
1.307428e-02
8.114860e-06
1.061818e-02
8.360877e-03
1.710856e-02
2.415403e-04
1.679232e-03
4.461798e-03
1.549238e-01
4.232835e-02
9.489986e-02
5.003294e-02
7.774058e-05
1.829292e-02
5.977780e-03
1.657108e-02
5.967234e-02
2.665858e-03
3.125542e-02
2.009591e-01
4.526688e-02
8.315084e-03
1.668100e-01
3.021460e-02
2.143432e-02
3.798171e-02
3.342195e-02
4.481435e-03
8.929506e-05
1.986480e-02
2.481645e-02
1.044659e-02
3.003778e-03
1.366210e-01
1.195697e-01
4.365948e-02
3.726042e-02
2.555963e-02
2.871195e-04
1.811399e-02
9.677311e-06
3.801535e-01
3.097974e-01
4.550060e-02
1.744954e-01
6.647738e-03
1.528692e-02
3.151108e-01
5.567179e-02
6.825080e-02
1.945624e-02
7.530293e-03
3.376140e-02
6.497584e-03
1.391109e-02
5.390893e-02
9.816718e-03
1.208166e-01
7.234812e-02
1.256142e-03
5.696953e-03
2.796380e-02
4.805299e-02
