5.825973e-02
5.652846e-02
1.391073e-03
5.716674e-03
9.716222e-02
1.751643e-01
3.539846e-02
1.797065e-01
5.264595e-04
1.085835e-03
6.635073e-02
3.452501e-02
6.981511e-03
1.588784e-01
4.361064e-03
9.594195e-06
7.569432e-03
1.074489e-04
5.623502e-03
9.282270e-02
9.619924e-02
2.922790e-02
1.614125e-01
1.615237e-02
4.737738e-02
4.641209e-02
3.790049e-02
2.451756e-01
1.476006e-01
1.587210e-01
3.439378e-02
5.884313e-03
3.109738e-02
2.650564e-03
2.019817e-02
2.165374e-01
1.976566e-02
2.688411e-03
3.400535e-02
9.874218e-03
1.826941e-02
8.788900e-02
1.265214e-04
1.295915e-02
4.396636e-02
7.294025e-02
6.218825e-02
4.471054e-02
1.401390e-01
7.723638e-04
1.519173e-01
6.029809e-03
6.833942e-03
2.866778e-01
1.931080e-03
4.794241e-04
3.411765e-02
5.279076e-03
8.277859e-03
1.058604e-01
6.838572e-02
7.117246e-02
1.840973e-03
3.811923e-02
2.837119e-02
2.175929e-01
7.014067e-02
5.907686e-02
4.700611e-02
2.949567e-03
8.823920e-03
1.686701e-01
1.430448e-02
2.195958e-03
7.781039e-04
1.068634e-02
4.663664e-02
4.730692e-02
6.496207e-03
1.729331e-02
4.513211e-02
4.982556e-04
4.813191e-03
5.647503e-02
1.612781e-03
2.471714e-02
2.734879e-03
4.171275e-03
9.293149e-02
4.018192e-02
6.778895e-02
4.081917e-03
1.304125e-01
6.999854e-05
7.822269e-05
1.804173e-02
2.823273e-02
1.053786e-01
1.245817e-02
9.472737e-02
2.328059e-02
7.861120e-02
2.194913e-01
2.978893e-03
3.357095e-03
6.188425e-02
1.048819e-02
1.417650e-02
3.917353e-02
1.207104e-01
2.349937e-01
2.999953e-01
3.262718e-02
1.577745e-01
1.664510e-02
2.916856e-04
5.832508e-02
1.520988e-04
7.949380e-02
4.942784e-02
9.002481e-02
1.660163e-01
3.511432e-02
2.215611e-02
2.073610e-02
7.852974e-02
3.926990e-02
3.052844e-02
9.745252e-03
1.674844e-03
4.859497e-03
1.041882e-01
1.294434e-02
7.158375e-03
1.772772e-02
5.275240e-03
1.237929e-01
4.724212e-02
4.389885e-02
9.660918e-05
1.539339e-03
1.810125e-02
4.357801e-03
5.027563e-02
2.087331e-03
1.018571e-01
1.062932e-03
1.259563e-02
1.362668e-02
3.987692e-02
5.041273e-02
1.180394e-01
1.474006e-01
2.157246e-03
1.172454e-02
1.872004e-03
6.251257e-05
2.413987e-02
5.327307e-03
3.384636e-02
1.684222e-01
2.051479e-02
5.150738e-02
6.884812e-03
2.410540e-02
1.473602e-01
3.472972e-02
4.420846e-02
1.899196e-01
2.747932e-04
3.660211e-03
4.024645e-02
1.843218e-05
1.315760e-02
5.163997e-02
9.651392e-03
3.477680e-02
1.634879e-03
1.462832e-02
1.353345e-03
1.522763e-02
1.044037e-01
5.023930e-02
1.849693e-01
1.035340e-02
1.270713e-02
2.256206e-02
2.834446e-02
1.028651e-01
1.707844e-03
3.879126e-02
3.115321e-02
8.187801e-02
5.405040e-02
5.194200e-02
7.951584e-03
7.020755e-03
1.296790e-01
1.680599e-02
6.564280e-03
1.486291e-02
4.313574e-02
1.129057e-02
4.571241e-02
7.118669e-02
5.744532e-03
1.489643e-02
2.296664e-02
2.120064e-02
2.193294e-03
9.864443e-02
2.547934e-03
4.031584e-02
1.831603e-02
5.765417e-02
5.773231e-03
4.372899e-03
3.933453e-02
9.666874e-02
1.586663e-02
6.654972e-03
7.541523e-02
1.662016e-03
2.708938e-01
8.326106e-04
1.382606e-01
8.269106e-02
2.145459e-02
1.174561e-02
9.998539e-02
2.548908e-01
4.748701e-03
8.951772e-04
1.738647e-02
1.830147e-02
2.758372e-02
2.683544e-02
6.833499e-03
8.814886e-03
5.920337e-02
1.304330e-01
1.568692e-03
1.427424e-02
1.380888e-02
2.156414e-01
2.794905e-01
3.915941e-03
4.320101e-01
9.492226e-03
3.096503e-02
2.631319e-03
1.152948e-01
8.516948e-02
5.623284e-02
7.988502e-02
3.406110e-03
5.302407e-05
1.824537e-03
1.888180e-02
8.116094e-02
5.251779e-01
2.991197e-01
1.605548e-01
7.486466e-02
2.656927e-01
1.325586e-01
4.918408e-02
1.605714e-04
5.219311e-03
9.862117e-02
9.568312e-02
4.035869e-02
4.447446e-04
6.850327e-03
1.452778e-02
9.405351e-02
2.493528e-03
5.445227e-03
6.575241e-02
1.329392e-01
9.270936e-03
5.583238e-04
1.643692e-02
3.105038e-02
1.931258e-03
3.244662e-02
1.796777e-02
6.368454e-02
1.747372e-01
4.490287e-03
4.030536e-03
2.504017e-02
6.199372e-04
5.566566e-02
4.113941e-03
1.424131e-03
4.864123e-03
9.847426e-02
2.543310e-02
2.622926e-05
1.771332e-02
6.080268e-03
9.964825e-03
3.690687e-02
1.820722e-01
4.040669e-02
1.844405e-02
6.143466e-02
2.184410e-02
6.348538e-02
4.531086e-02
3.514756e-02
2.964844e-03
5.015644e-03
3.044583e-02
1.141844e-02
3.526408e-03
1.416233e-03
1.454154e-02
1.375780e-02
2.124077e-01
2.250669e-02
1.483456e-02
8.262507e-02
1.235384e-02
1.553541e-01
1.095559e-01
1.167034e-01
3.220813e-05
1.079831e-01
3.279527e-02
1.805127e-06
1.564003e-03
4.116835e-02
5.935696e-02
8.745735e-03
1.108349e-03
1.911003e-03
2.807277e-01
3.707699e-02
1.223546e-01
7.672186e-03
8.285497e-02
4.831829e-02
1.514896e-03
9.617040e-02
1.198203e-03
4.266456e-04
4.630992e-02
3.691122e-02
1.330306e-03
2.896626e-03
1.057332e-02
4.059462e-02
5.948288e-04
2.495158e-01
9.207923e-02
3.696065e-02
1.562881e-01
6.991568e-02
3.245534e-01
5.430123e-02
1.578605e-02
1.792466e-04
4.772467e-03
6.535591e-04
6.742137e-02
6.811251e-03
6.919490e-05
1.060914e-02
1.193944e-02
5.775691e-03
2.910354e-02
2.256607e-02
2.245561e-02
5.075941e-05
4.631620e-03
8.200811e-02
1.297582e-01
4.368710e-02
1.146686e-02
5.326366e-02
8.311511e-02
1.315162e-02
3.152958e-02
2.605580e-01
1.063719e-05
8.033856e-02
4.237329e-03
6.324447e-02
1.930434e-02
5.695553e-02
1.806392e-02
8.511970e-02
3.308154e-01
1.025857e-01
2.270955e-04
1.589433e-01
1.301291e-01
4.685234e-04
9.734919e-02
2.465931e-02
8.024984e-03
9.683253e-02
6.399401e-04
9.691330e-03
4.145796e-02
1.016340e-02
1.051291e-03
2.114485e-01
8.398795e-03
2.578674e-02
1.439067e-02
6.063484e-03
3.911212e-03
4.617207e-02
9.384344e-03
7.507528e-02
6.045325e-03
1.686801e-01
8.172110e-03
2.058591e-02
4.321308e-02
4.016932e-03
7.078416e-02
3.125865e-01
1.772322e-03
4.712969e-03
5.523104e-03
2.112255e-02
2.572906e-02
9.456972e-03
1.018168e-01
2.995693e-02
9.796772e-02
4.388830e-02
4.130556e-03
2.580720e-03
2.057703e-01
1.086715e-01
2.096222e-02
7.729860e-03
1.073129e-02
8.575088e-03
3.571130e-04
9.594167e-02
7.296161e-02
1.925653e-02
1.692337e-04
1.111351e-02
1.860339e-01
4.896382e-05
2.072541e-03
2.779238e-02
2.073572e-02
8.266455e-03
4.838390e-02
3.704889e-02
9.032631e-03
9.065970e-04
5.205706e-02
8.410982e-02
1.807399e-04
1.266810e-03
5.174488e-02
7.427909e-02
1.482161e-01
5.568981e-02
2.104508e-01
2.539397e-02
1.160963e-01
7.728436e-03
1.004265e-01
1.174711e-03
1.462039e-01
1.150991e-01
1.116707e-05
2.706666e-01
4.647265e-02
1.733816e-02
5.020760e-03
2.727701e-03
2.932017e-03
4.798035e-02
8.588429e-03
1.726594e-02
4.043866e-03
3.100081e-02
4.676595e-05
2.215797e-02
1.467074e-01
2.039080e-04
1.256741e-01
2.783970e-02
1.488970e-02
1.987520e-02
7.370812e-04
6.768705e-03
6.102990e-02
2.549527e-02
1.003045e-03
1.325284e-03
1.634994e-03
5.362995e-02
2.304465e-04
3.013579e-02
3.850737e-02
1.148487e-01
1.569796e-03
4.647780e-03
3.518143e-04
4.140139e-02
1.094775e-02
5.559973e-03
4.195093e-03
1.063084e-02
2.713888e-03
1.249256e-01
1.787828e-03
3.662288e-03
1.511434e-01
3.838582e-03
8.463783e-02
3.253718e-02
1.508618e-03
3.392187e-02
4.960688e-02
3.105823e-02
2.635463e-01
1.387248e-01
1.144555e-01
1.179554e-04
1.318372e-01
1.934380e-01
1.710384e-02
1.260831e-01
3.506569e-02
1.758379e-03
3.098045e-06
1.039309e-02
2.192100e-03
4.842741e-03
2.047272e-02
5.371429e-02
4.422173e-02
3.856195e-02
3.859082e-02
1.565436e-02
3.308286e-03
3.071227e-02
7.568910e-03
1.689467e-02
1.728832e-01
3.233311e-04
2.183431e-03
3.848722e-06
2.976782e-05
2.628235e-02
1.762581e-01
2.803819e-07
4.440391e-03
7.088694e-02
3.934925e-02
5.428281e-05
2.189337e-02
4.100038e-02
3.569752e-02
1.523677e-04
9.080967e-03
3.874959e-02
1.542707e-02
2.335060e-03
1.960084e-02
4.408831e-03
1.337742e-01
4.094770e-03
2.903026e-03
1.162833e-01
9.087336e-02
8.927132e-02
9.873747e-02
6.284480e-03
6.119950e-02
3.076028e-02
7.574709e-02
4.591611e-02
9.853613e-07
3.595398e-02
9.672710e-03
2.962644e-03
1.693704e-02
2.525562e-01
1.362497e-02
5.816688e-04
