4.788583e-05
1.117909e-01
2.895962e-03
8.509347e-05
6.461217e-02
6.456670e-03
1.099587e-01
1.190092e-02
3.895378e-02
5.486615e-02
8.453426e-04
1.102308e-01
4.275759e-02
1.009549e-02
4.227856e-02
3.217482e-02
4.722499e-03
4.714025e-02
2.009456e-04
1.092736e-01
8.622943e-03
5.146199e-02
2.283498e-02
1.774800e-01
2.921943e-02
4.652804e-02
2.173747e-02
5.565025e-05
2.248604e-02
1.503362e-01
2.122146e-01
1.252782e-02
5.821584e-02
1.322205e-03
1.202244e-02
2.536811e-02
7.281332e-03
2.052127e-01
3.292685e-02
1.156000e-01
2.151671e-02
5.482222e-02
2.452615e-03
1.642559e-02
7.043826e-03
1.061235e-02
4.882365e-02
1.044235e-02
1.591261e-01
1.374626e-05
5.988094e-03
1.421856e-03
5.359734e-02
5.692746e-02
3.410224e-02
1.298768e-02
7.812839e-03
6.124002e-05
1.257401e-01
2.404685e-02
5.748610e-02
1.947360e-02
1.003526e-01
1.656898e-01
7.874845e-02
1.558913e-01
2.087408e-04
8.923568e-02
1.043428e-02
9.115283e-02
3.605207e-03
5.869871e-02
2.489750e-05
3.456698e-02
6.613511e-02
6.262802e-02
4.284620e-04
1.649211e-01
1.122269e-02
1.022337e-01
9.437435e-04
8.207196e-02
1.701221e-02
5.247107e-02
3.503711e-04
1.524681e-02
2.033818e-02
1.429074e-02
5.493523e-02
4.543626e-03
5.535841e-02
1.674626e-03
2.296409e-01
1.758695e-02
5.029185e-02
1.889304e-02
8.878498e-04
9.098116e-03
1.292460e-03
1.767042e-01
1.676762e-01
7.443756e-04
3.543063e-02
2.438590e-02
7.676211e-02
1.775413e-02
8.014543e-04
9.022084e-02
2.453843e-02
4.680861e-03
1.496067e-03
1.499094e-02
2.136482e-02
3.555078e-03
1.204313e-02
9.785861e-02
1.945296e-02
2.035762e-02
2.918440e-02
2.387713e-02
1.361020e-04
3.947560e-03
5.379827e-03
3.292282e-02
1.373390e-02
1.075702e-01
6.244381e-03
6.759879e-03
2.222057e-02
2.149401e-01
2.913951e-02
8.577705e-02
3.756727e-03
1.836223e-02
3.204820e-02
1.380564e-02
9.115066e-01
3.261697e-02
1.215881e-01
4.421411e-03
6.122807e-03
1.162469e-02
3.338705e-08
1.488442e-02
1.540036e-02
3.190090e-02
9.539742e-03
6.716230e-02
1.045127e-01
1.936309e-01
1.323247e-01
1.534916e-02
1.779647e-02
4.972710e-03
2.408958e-01
1.131067e-01
1.323466e-03
3.724065e-02
2.898608e-02
3.104772e-02
8.467962e-02
1.738391e-01
3.045005e-01
9.518727e-02
1.116631e-03
4.086055e-01
2.723272e-02
5.989387e-02
6.884408e-02
8.529211e-03
2.517341e-01
1.783681e-12
4.522929e-03
3.806772e-02
5.151092e-02
8.308270e-02
6.434749e-04
4.277414e-03
1.865887e-02
3.209860e-02
8.895559e-02
4.234595e-02
1.657350e-02
5.887573e-02
2.753462e-02
3.385691e-02
6.685096e-02
1.232188e-02
9.324108e-03
4.671082e-02
1.742951e-02
3.400778e-03
3.871068e-02
4.406030e-02
6.963299e-02
6.884352e-02
8.404650e-03
6.079829e-03
5.411676e-03
5.069243e-04
1.840296e-02
7.316371e-02
1.376386e-02
1.326946e-03
3.322476e-03
1.058380e-02
1.586347e-06
7.584488e-02
1.814141e-02
1.616584e-06
4.871909e-04
1.772397e-02
6.555646e-02
2.870523e-04
3.485715e-02
7.188969e-04
8.489216e-02
1.122220e-02
1.275037e-04
8.478664e-02
1.226231e-02
9.436593e-02
2.516055e-03
2.837815e-02
8.976490e-03
8.151957e-02
7.193591e-03
3.343377e-03
9.572644e-04
2.741674e-04
1.421715e-01
8.488596e-03
5.742702e-02
4.171491e-02
1.401707e-01
3.164642e-02
2.094931e-03
4.206293e-02
1.234395e-01
1.167644e-02
5.016572e-02
8.292573e-02
2.336273e-01
1.802783e-02
3.910272e-02
3.799448e-02
3.288087e-01
1.611471e-02
2.563215e-01
7.668694e-06
3.023532e-01
3.099830e-04
4.707123e-02
8.125118e-03
1.763987e-05
6.899252e-05
2.925544e-03
1.942505e-01
1.251511e-03
1.379356e-03
1.864004e-01
1.046849e-01
1.907327e-01
6.411028e-02
2.781492e-02
1.730705e-02
6.932262e-04
7.311066e-03
9.207748e-02
7.623825e-04
1.990233e-01
4.359614e-03
4.319411e-02
1.970498e-03
4.533602e-02
3.123657e-01
6.033086e-02
2.050585e-02
1.414786e-01
6.316973e-03
4.076047e-03
2.933980e-02
7.114379e-03
3.164306e-04
3.321612e-03
3.223010e-02
5.928922e-06
9.206154e-02
2.897531e-02
8.742918e-04
2.302447e-01
1.379876e-01
4.392178e-02
4.382065e-02
1.305594e-01
8.167531e-04
2.661683e-03
1.065981e-01
2.066651e-02
4.346687e-04
4.951652e-02
8.258210e-02
2.231774e-02
3.000692e-03
2.503238e-02
2.176125e-03
6.047092e-02
1.948038e-02
4.349216e-02
5.127458e-02
6.341260e-02
1.412605e-02
5.361254e-03
1.210184e-04
1.840920e-03
1.430132e-02
8.012007e-02
1.949346e-01
1.248136e-01
1.695431e-03
2.514697e-05
2.570666e-04
8.734736e-02
3.479036e-03
1.040448e-01
4.106785e-02
8.678799e-06
2.929707e-02
8.250200e-02
1.759321e-04
6.009234e-03
2.469501e-01
2.061696e-01
9.971125e-03
1.193498e-01
1.039417e-02
6.398310e-03
1.412934e-04
4.043308e-02
1.188134e-06
4.657899e-03
2.293454e-02
1.238783e-01
2.000626e-02
7.462134e-04
4.602583e-02
2.302801e-02
2.169719e-01
7.607668e-04
3.617997e-03
3.695929e-03
1.011816e-01
3.617290e-02
5.305475e-02
4.527853e-02
4.294405e-02
3.234325e-02
2.518016e-03
1.004240e-02
7.749735e-04
2.066245e-03
1.268670e-01
2.548781e-02
8.382657e-02
1.016814e-02
2.867192e-02
4.180297e-02
7.439270e-02
9.919311e-02
1.191910e-01
2.457343e-02
3.293151e-01
1.018206e-02
3.381675e-02
3.493354e-04
6.821397e-03
1.206706e-01
1.653552e-03
5.222420e-02
1.335738e-02
3.651257e-02
4.532199e-05
3.206030e-02
1.639219e-02
2.827902e-02
5.358108e-03
9.656887e-02
6.065033e-06
2.422118e-04
3.397004e-02
9.081575e-03
8.061485e-03
1.390261e-03
2.092055e-02
2.201643e-01
2.650502e-04
4.862635e-02
3.366417e-04
3.335141e-02
1.046355e-01
2.594546e-01
6.452610e-03
1.104539e-01
5.097482e-02
4.429834e-02
1.307752e-02
1.523909e-02
8.480581e-02
8.836726e-04
4.691549e-02
4.732007e-02
5.026365e-02
6.375421e-04
5.500559e-02
1.241851e-02
1.051767e-01
1.367493e-02
6.392709e-03
1.052754e-02
1.820715e-02
5.919446e-02
5.294817e-03
1.224149e-01
3.548786e-06
2.356733e-02
5.253711e-02
9.515038e-02
2.519502e-01
1.326952e-02
1.397255e-02
3.371458e-02
1.046906e-02
1.658945e-03
5.013087e-02
1.584961e-01
1.350246e-02
1.207969e-02
1.053328e-01
1.522427e-02
3.705042e-03
2.671657e-02
9.089998e-04
8.124628e-03
4.377491e-01
1.050489e-01
1.771300e-02
1.792176e-02
8.727908e-02
2.017359e-02
3.423620e-02
6.363086e-02
7.057346e-04
1.880291e-03
6.361197e-03
4.935771e-02
1.501430e-01
7.784252e-03
7.502089e-02
1.760916e-04
1.677147e-03
5.090734e-03
1.586864e-01
3.763828e-02
1.776087e-01
2.471818e-03
2.695739e-02
1.518340e-04
7.726187e-02
2.053848e-01
4.816470e-04
2.941633e-02
3.286691e-01
3.345440e-01
3.746682e-02
4.979950e-04
3.295958e-02
4.856225e-02
3.052122e-02
1.299837e-03
1.255378e-01
7.306655e-02
4.226625e-02
5.226117e-03
2.211696e-02
1.127941e-01
4.040138e-02
3.373896e-03
6.231830e-02
4.572244e-02
2.936506e-02
3.776998e-06
9.527482e-04
5.975467e-04
6.631365e-02
2.064730e-02
2.117603e-02
2.264135e-02
2.445045e-02
1.608847e-01
1.408729e-02
9.631288e-04
2.373068e-03
8.744685e-02
1.011747e-03
9.558834e-03
4.072172e-02
1.450903e-03
1.186102e-02
1.441325e-01
1.522719e-01
4.494231e-04
2.314159e-03
2.276186e-02
4.177211e-03
2.330289e-02
3.281257e-03
3.630062e-03
5.617228e-04
6.783559e-02
1.408415e-02
5.916699e-03
1.622447e-03
1.651092e-02
4.926820e-03
7.125431e-02
3.768351e-02
3.527338e-03
6.396493e-04
6.770933e-03
2.724097e-02
3.306623e-02
1.062521e-02
3.552659e-02
9.028218e-03
1.008370e-03
1.030258e-02
4.201328e-05
5.139128e-02
1.410687e-01
7.272752e-03
6.444279e-02
6.685836e-02
4.280461e-02
8.339699e-03
5.031426e-03
4.667933e-02
1.106327e-04
2.078104e-02
1.258239e-03
9.985163e-03
3.440271e-02
6.214663e-03
9.124549e-02
3.204087e-02
1.059549e-01
2.231821e-01
4.220738e-02
4.326824e-03
1.550574e-02
1.683121e-02
2.736009e-02
1.648251e-01
8.886541e-04
2.311498e-03
9.144352e-02
7.748777e-02
2.863684e-02
2.588287e-07
3.333457e-02
4.179642e-02
1.387385e-01
9.552951e-03
3.401000e-02
6.466319e-02
8.313193e-02
3.342280e-03
1.851498e-02
7.512448e-03
3.730440e-04
1.099945e-01
9.634233e-03
5.007741e-03
8.195963e-02
3.594757e-02
1.256229e-02
1.358372e-01
4.829048e-02
3.252546e-02
1.950333e-01
4.374810e-02
2.898189e-02
2.867036e-02
4.026518e-01
6.086624e-04
