8.691002e-06
9.170057e-03
3.850088e-02
1.212157e-04
6.798876e-02
4.326051e-04
1.716705e-02
4.406338e-01
2.118222e-01
6.050637e-03
5.906739e-05
7.674806e-02
9.823094e-02
8.883800e-02
8.723267e-05
1.176322e-05
6.605619e-02
1.848289e-01
1.640729e-02
3.697743e-02
3.217024e-03
1.909445e-02
1.237119e-03
2.855982e-02
2.757302e-02
3.900838e-02
6.935010e-03
1.136115e-02
3.947089e-01
7.079992e-03
2.312206e-01
1.622999e-02
7.986841e-02
4.534299e-02
9.226622e-03
1.757280e-02
3.063248e-01
3.634342e-03
3.572544e-01
1.473116e-01
1.257099e-01
4.273354e-02
1.714042e-02
7.428714e-02
8.901953e-03
8.486507e-03
5.236365e-02
4.113655e-03
1.312107e-02
1.038978e-01
3.008322e-02
3.958932e-03
5.409994e-03
8.762637e-02
1.477416e-04
2.756451e-04
1.201781e-01
3.883848e-02
8.242155e-02
1.869083e-01
8.426706e-02
5.287818e-02
1.415201e-02
1.760635e-04
2.484793e-02
1.486027e-02
2.416075e-03
1.165301e-02
1.023452e-04
9.737525e-02
1.232947e-01
6.912370e-04
1.913581e-02
3.992253e-04
3.066715e-01
1.771454e-01
4.456483e-03
5.748875e-03
3.888387e-02
1.049188e-03
3.387180e-03
3.593015e-02
1.629638e-02
2.256308e-03
2.278123e-02
3.001405e-01
9.903288e-02
7.996132e-04
1.599100e-03
3.474059e-02
1.147656e-03
1.053073e-02
9.918929e-02
1.671725e-03
7.163502e-02
3.622676e-03
4.875735e-04
1.045468e-01
1.561552e-01
5.083528e-02
9.833251e-03
8.502340e-02
2.952255e-03
1.099858e-01
3.677262e-03
4.240980e-03
1.388735e-02
7.745299e-03
6.215698e-02
3.393303e-02
3.663165e-02
6.830108e-03
9.298499e-02
3.804118e-02
9.005328e-02
3.394320e-01
2.105867e-03
2.324459e-01
2.109017e-02
3.010044e-02
1.844058e-02
1.066315e-02
2.448082e-02
1.790040e-02
1.275765e-05
1.454091e-01
2.678613e-02
5.295934e-03
1.605549e-01
5.535574e-03
1.103850e-02
1.680106e-02
4.689845e-03
1.095456e-02
3.406213e-02
3.105589e-02
6.239145e-02
4.485823e-02
1.571803e-02
9.575285e-02
7.509540e-02
9.233187e-02
2.742780e-03
5.703213e-02
8.738148e-02
4.198350e-01
1.952635e-02
7.073756e-03
4.940037e-03
8.331283e-03
5.632896e-03
9.689880e-03
1.814840e-02
4.908028e-02
9.839409e-02
8.161102e-02
1.597388e-01
3.000771e-03
9.776469e-06
8.301268e-03
1.648925e-02
1.141580e-03
8.929725e-03
5.593989e-03
1.759308e-02
1.404879e-01
6.254491e-02
3.068325e-02
4.166693e-03
2.718911e-02
5.993982e-02
5.188852e-02
1.941393e-03
2.973128e-03
1.565425e-02
7.133781e-06
4.473576e-02
8.569824e-05
2.526256e-02
4.601676e-03
7.892758e-04
1.733732e-02
2.242736e-02
1.529414e-02
2.168170e-02
2.127025e-02
3.698445e-02
5.598618e-04
1.215985e-02
9.728466e-03
5.460789e-03
6.599566e-04
2.432347e-02
5.500837e-03
1.205541e-03
2.428377e-03
3.682260e-03
7.699138e-03
4.281476e-02
1.719880e-01
3.286170e-01
4.221684e-03
4.551017e-02
1.599103e-03
1.424533e-01
3.398051e-04
1.872442e-02
2.330315e-02
2.268596e-05
3.089960e-02
7.060345e-03
3.749559e-03
1.694172e-01
8.222228e-03
3.845211e-02
1.031172e-01
9.768916e-02
1.086952e-03
1.311939e-01
1.037401e-01
2.131856e-04
1.153287e-02
3.357146e-03
1.912065e-02
1.788756e-02
2.309158e-02
2.364666e-02
3.247716e-03
1.212223e-02
1.827014e-01
1.099088e-01
8.218499e-02
1.709986e-02
2.602133e-01
5.877933e-03
1.083651e-01
1.530267e-01
1.246003e-01
1.330640e-02
1.968736e-02
1.300549e-01
2.528284e-01
5.935455e-01
3.907808e-02
8.261868e-02
4.118337e-02
5.022575e-02
2.416580e-03
2.808457e-02
3.294407e-02
4.007084e-04
6.023973e-04
8.370599e-03
1.980330e-02
1.788266e-02
2.487339e-03
1.570916e-02
1.779955e-02
3.013000e-01
2.308601e-02
1.283655e-02
3.064069e-02
6.755571e-02
1.077295e-02
6.934158e-02
1.790994e-02
7.988919e-02
4.486026e-02
3.406471e-03
4.989134e-02
1.182770e-02
5.851819e-03
1.657007e-02
1.052606e-02
3.950151e-02
1.520456e-01
5.003191e-03
2.978335e-01
1.881789e-01
3.870089e-04
2.683216e-02
1.457723e-04
1.587363e-02
1.317779e-01
1.165602e-02
1.566435e-01
1.750894e-01
6.211721e-02
1.088135e-02
3.465575e-02
1.432000e-03
8.881831e-02
7.144604e-03
1.163549e-03
3.680243e-02
9.982894e-02
1.041773e-02
1.267193e-02
1.005460e-03
1.264972e-03
1.559123e-02
8.231228e-03
3.878638e-02
3.635814e-03
3.378805e-02
1.722246e-02
2.916336e-02
6.615857e-03
6.994533e-05
4.857540e-02
2.103598e-01
1.021887e-01
1.570451e-02
2.043913e-01
1.685199e-01
3.159688e-03
9.208381e-02
6.354559e-03
2.759693e-02
1.588294e-02
1.608268e-01
2.502851e-01
2.596555e-02
1.735338e-01
1.068384e-02
3.472683e-04
4.420772e-02
1.616670e-03
6.303946e-02
1.523005e-01
1.512696e-02
9.895490e-03
2.264026e-02
9.004867e-02
2.717331e-01
1.283941e-02
9.016001e-03
8.300015e-03
6.951532e-02
6.162352e-03
6.354239e-03
3.872582e-01
1.455068e-04
6.646648e-03
7.653116e-02
5.483353e-02
3.480616e-02
8.978277e-02
9.502880e-03
5.761046e-03
2.086819e-02
2.453949e-02
1.260239e-01
1.112273e-02
7.258603e-03
2.747110e-04
3.327573e-01
1.185330e-01
2.393755e-02
4.266089e-02
2.365533e-04
3.978981e-02
5.869139e-03
4.326099e-04
1.980522e-02
1.410241e-03
3.817763e-04
9.915645e-02
4.468342e-03
3.611814e-03
7.878167e-02
5.896337e-02
3.166582e-01
8.483569e-02
1.165550e-01
1.114547e-01
4.486327e-02
1.738859e-04
1.789060e-03
8.014487e-02
7.781977e-02
2.247865e-02
3.235679e-02
3.625632e-02
2.214785e-02
4.413609e-02
6.649589e-02
2.530670e-02
1.957864e-01
1.692429e-03
9.209716e-02
7.752751e-02
1.695532e-03
3.565922e-02
3.248601e-01
7.245339e-03
5.151742e-02
4.723409e-03
7.871124e-02
2.683242e-04
7.289537e-03
4.607750e-02
1.124951e-02
2.376425e-01
1.671486e-02
8.829203e-02
3.539858e-02
5.113917e-02
1.841231e-01
4.025246e-02
1.792414e-02
4.190808e-03
1.449088e-04
3.579320e-02
3.882784e-02
1.724850e-01
2.031266e-02
1.815250e-02
5.351426e-05
2.367026e-03
3.387745e-02
4.715670e-03
1.787207e-04
5.445550e-03
5.132763e-02
3.737234e-03
9.667204e-02
8.519030e-03
5.142919e-02
1.320197e-01
1.457471e-01
1.288657e-02
4.363648e-02
5.413160e-02
1.822669e-02
5.406092e-02
8.480237e-03
3.854532e-01
7.496190e-02
2.246473e-02
4.290964e-02
1.079496e-01
1.123922e-01
2.189795e-01
3.377311e-02
1.266027e-01
1.868384e-01
3.969513e-02
3.294798e-03
1.384115e-01
6.319910e-02
7.692285e-03
1.298663e-02
3.148425e-02
2.723670e-05
1.141342e-02
3.732877e-02
4.561995e-02
1.292667e-02
5.925843e-02
1.985474e-02
3.253588e-04
1.254454e-04
7.563739e-04
4.761902e-01
1.242080e-02
1.953735e-01
2.625978e-03
1.629700e-03
7.440406e-03
1.312604e-02
3.360552e-01
1.599571e-02
6.974975e-02
1.263442e-01
7.425599e-02
1.230168e-01
2.140061e-01
5.318729e-02
3.032918e-01
7.521759e-03
2.985999e-04
8.167336e-02
7.772238e-05
1.075745e-01
2.852567e-02
2.849037e-02
2.599845e-03
1.208842e-02
5.261115e-02
2.944360e-02
3.808944e-03
7.914660e-02
1.232925e-02
3.042524e-02
2.029589e-01
2.959710e-03
3.259310e-02
3.114082e-03
1.275448e-02
4.581633e-02
3.342165e-03
1.273983e-02
5.227972e-02
9.891784e-02
4.027771e-04
7.369359e-02
4.448337e-01
3.414064e-03
1.632756e-01
3.781696e-02
2.474601e-02
2.399199e-02
6.449373e-02
1.268691e-02
2.113280e-01
7.274113e-02
3.527658e-02
1.796505e-02
1.131844e-02
1.132038e-02
1.776015e-02
8.076693e-02
1.065718e-02
7.188609e-02
2.545097e-02
1.164513e-02
3.505947e-02
1.506584e-01
4.635707e-02
2.786350e-02
2.690981e-02
1.396361e-01
4.165530e-02
9.771368e-05
1.167481e-01
2.437914e-02
1.971322e-04
5.222473e-04
3.860782e-04
5.318268e-02
1.214712e-01
2.441419e-03
6.882023e-03
2.731592e-01
1.571788e-01
1.669387e-03
2.309459e-02
1.625910e-01
6.140739e-02
3.425111e-06
2.412325e-02
5.195571e-03
9.313670e-02
1.480900e-02
4.765756e-02
2.603807e-01
1.079556e-05
1.200872e-02
5.218746e-02
1.951626e-01
2.447663e-02
5.191712e-02
2.878634e-03
1.990218e-02
1.050018e-02
6.682275e-04
5.326822e-04
1.862500e-01
6.683412e-03
3.439205e-02
1.308595e-02
9.129413e-02
1.375461e-02
1.106328e-02
1.931008e-02
1.293894e-02
1.609854e-02
3.244175e-02
7.516581e-03
2.383279e-02
7.509082e-03
3.150251e-01
1.283098e-02
2.054101e-02
1.261450e-01
1.791482e-01
6.212104e-04
1.925356e-01
9.661661e-02
2.458694e-01
1.355857e-01
2.108924e-02
2.080023e-01
