4.492254e-02
4.043861e-02
2.030345e-01
3.947887e-02
6.105593e-03
4.991090e-02
8.409911e-04
1.435098e-02
1.461466e-02
4.417101e-02
1.353578e-02
3.511742e-02
4.698913e-03
2.332075e-02
7.268224e-02
2.427207e-01
2.249788e-01
5.129160e-03
7.063648e-02
5.646701e-03
8.965635e-02
2.336732e-02
1.677977e-03
1.719832e-01
1.126841e-02
2.761482e-02
3.252898e-03
2.683797e-01
1.744499e-02
5.774030e-02
2.015646e-01
1.048454e-02
1.509161e-01
1.308355e-02
1.905516e-02
1.788093e-01
1.592413e-01
3.837193e-06
4.014566e-02
4.915081e-02
2.373933e-03
6.985080e-02
1.926971e-02
5.876148e-03
2.172348e-02
1.239227e-02
8.540482e-04
4.314598e-02
2.506101e-02
2.501183e-02
9.052914e-02
9.889070e-02
2.343915e-02
6.914214e-02
1.494167e-01
1.847090e-01
1.744265e-03
1.004805e-02
3.443789e-04
2.142116e-02
3.682758e-03
5.406280e-03
2.304294e-01
1.286027e-01
1.458128e-01
4.806959e-03
1.506504e-01
1.401110e-02
7.870371e-04
4.722204e-02
5.604194e-02
6.003956e-02
2.991189e-02
2.169193e-03
2.292851e-02
1.697402e-01
9.824886e-03
3.261140e-04
3.637721e-03
3.512686e-02
2.804180e-03
1.813297e-02
6.239352e-02
5.712858e-04
1.117875e-01
1.735949e-02
1.636387e-02
9.292266e-03
4.995329e-03
2.289116e-02
3.270055e-01
7.880851e-02
6.617570e-02
2.077224e-03
1.110248e-02
1.349902e-02
2.668934e-03
8.772577e-02
7.873140e-02
7.609637e-03
4.224733e-03
3.127216e-02
5.541174e-03
1.500289e-02
1.338475e-05
3.886368e-02
1.958860e-03
2.605815e-03
1.484099e-02
1.005922e-01
2.434285e-02
1.178511e+00
1.159986e-01
1.999486e-01
1.141469e-02
1.489774e-02
1.445799e-01
1.549142e-01
4.632122e-03
1.788922e-01
1.380321e-02
6.061286e-03
1.233370e-01
5.361890e-02
2.064552e-04
1.904685e-02
3.736693e-03
2.295398e-02
4.260573e-02
1.445013e-02
2.958972e-02
2.613701e-02
1.856777e-01
1.195197e-04
2.335671e-02
9.654763e-05
5.978008e-02
7.705140e-04
2.290431e-02
1.738613e-01
4.486903e-02
3.871790e-02
5.502583e-03
8.762600e-04
2.661086e-02
7.432214e-02
7.349960e-02
8.152511e-02
8.793703e-02
1.806243e-01
5.077735e-06
2.715380e-02
3.560544e-02
1.594356e-02
8.239707e-04
5.028346e-02
1.695412e-01
3.037460e-02
7.158451e-03
2.112348e-01
1.400848e-01
2.220338e-02
3.848224e-02
7.959814e-02
1.394365e-06
8.504274e-04
1.514794e-01
8.771984e-03
4.625686e-02
9.792264e-02
1.894121e-04
1.815481e-01
1.880188e-03
1.656947e-02
3.086389e-02
9.250214e-02
2.022046e-02
2.007538e-03
1.643184e-03
7.258985e-02
7.372934e-05
1.807500e-02
7.330687e-02
1.248684e-01
6.789960e-02
4.505749e-03
2.243155e-02
2.647539e-03
7.415501e-02
6.082307e-02
1.406578e-02
3.846121e-02
7.908206e-06
2.503270e-03
1.644934e-03
5.439461e-04
4.413065e-03
2.265661e-02
1.400948e-03
1.195794e-02
2.894732e-03
8.437879e-04
6.752927e-02
2.212029e-02
1.279549e-01
3.481881e-02
1.088844e-03
4.748121e-02
9.778466e-02
1.365963e-02
2.492938e-02
4.726310e-03
4.035298e-02
4.805778e-02
5.502790e-02
8.768855e-02
1.954974e-03
2.263089e-03
1.152301e-01
2.859710e-03
3.248100e-01
5.986007e-03
4.658771e-02
5.265161e-05
2.588133e-02
3.018923e-02
6.440321e-02
6.921432e-04
1.277194e-02
1.078640e-03
2.328892e-01
1.436207e-03
1.738722e-04
8.243915e-02
3.154584e-04
3.318393e-02
8.223730e-02
1.560385e-01
6.970532e-03
6.023652e-03
1.404682e-03
1.150663e-02
1.435194e-02
3.294168e-02
1.132821e-01
3.431321e-04
2.945668e-01
2.230909e-04
2.974591e-03
1.502162e-01
9.320316e-02
2.744752e-02
5.690281e-02
1.094720e-02
1.311255e-01
3.927686e-03
8.587501e-02
5.566659e-02
8.061548e-02
9.375031e-02
1.167174e-01
1.081622e-01
5.626661e-03
2.471728e-02
7.996717e-02
7.236941e-03
5.042235e-01
1.078044e-01
1.210672e-02
1.464435e-02
7.451491e-02
1.026429e-01
3.102418e-01
1.640767e-02
2.887694e-03
1.091811e-02
4.718102e-05
9.797069e-02
1.182391e-02
6.064002e-02
1.942132e-04
3.263212e-03
1.829860e-02
4.759395e-03
1.243261e-02
3.835935e-02
1.234307e-02
4.052098e-02
1.116224e-02
7.175750e-03
3.985682e-02
3.423661e-02
1.370901e-02
7.005380e-03
1.881679e-02
1.907185e-02
2.682823e-02
1.651632e-02
1.189962e-03
5.500676e-02
3.092809e-04
2.198425e-03
5.174011e-03
3.390593e-02
3.208239e-02
4.414779e-03
8.525021e-03
2.372599e-04
1.674865e-02
9.977384e-04
6.364802e-02
3.888987e-02
1.809261e-03
5.128047e-02
1.902929e-02
4.695782e-02
1.567240e-02
1.985477e-02
3.036362e-04
1.489020e-01
3.072348e-04
2.108670e-02
4.809353e-02
4.371968e-04
6.056242e-05
2.240400e-01
9.125448e-02
6.751641e-02
2.632502e-04
5.895286e-02
4.815349e-03
2.416532e-02
2.280450e-02
1.867068e-02
2.287051e-02
3.173654e-01
5.131944e-02
8.649713e-02
1.459536e-02
1.616209e-01
5.343574e-02
3.641874e-02
1.533546e-01
1.007011e-03
3.829931e-02
6.553248e-02
4.992726e-04
1.582459e-03
5.275703e-04
2.397137e-01
9.513250e-02
4.687540e-02
7.867342e-05
5.922110e-03
4.271447e-04
3.094816e-05
5.700265e-05
2.188400e-02
3.882599e-02
1.634579e-02
1.094157e-02
6.306712e-02
8.511637e-03
6.958798e-02
6.034434e-02
3.068136e-02
5.099503e-01
1.158505e-01
3.706940e-02
8.429569e-02
8.013062e-04
1.503553e-02
3.406870e-02
1.112293e-02
1.957792e-01
2.168288e-02
2.794139e-05
7.443706e-02
3.460680e-03
2.537721e-06
1.475929e-02
1.271543e-01
7.024548e-03
1.727185e-02
6.161581e-04
6.195297e-03
5.089295e-02
2.231482e-03
1.247992e-02
1.415675e-01
3.589404e-03
9.588050e-02
2.246472e-02
1.488214e-02
3.082383e-03
9.902060e-03
5.644661e-03
7.547131e-03
1.329150e-02
3.097637e-02
2.405382e-01
6.594365e-02
2.509851e-01
2.353398e-03
9.071580e-05
1.057296e-03
3.196430e-02
8.814835e-02
9.556667e-02
1.191422e-03
2.512485e-01
2.837365e-02
2.285431e-01
9.264537e-02
1.646211e-02
2.801930e-03
1.114839e-01
9.490780e-02
6.816977e-02
5.628287e-02
6.137891e-02
8.501864e-02
1.089688e-01
1.591419e-03
7.872703e-02
8.009034e-03
2.802957e-01
1.550733e-01
4.607080e-04
2.650895e-03
5.996635e-03
2.193710e-03
4.431399e-03
1.097491e-01
1.499002e-03
5.032429e-02
5.693734e-02
5.520000e-02
2.292445e-02
5.641733e-03
3.786678e-02
6.166041e-03
7.338103e-03
4.375818e-02
5.156490e-02
1.280140e-02
5.392715e-02
9.346403e-02
1.928852e-01
2.122385e-02
5.084492e-02
3.145341e-01
4.452000e-03
6.201639e-02
1.695112e-02
8.893150e-04
1.892874e-04
1.551020e-01
6.999843e-04
2.088008e-04
1.388964e-02
9.304089e-03
1.827627e-02
4.102296e-02
5.382083e-03
4.897088e-03
7.985483e-03
2.008076e-02
6.086555e-04
4.794356e-02
5.892742e-03
2.599032e-01
5.818035e-01
9.285013e-03
1.846065e-01
6.048418e-05
2.073783e-02
8.151207e-04
1.713803e-01
8.905035e-02
3.466405e-03
3.406707e-02
9.645898e-05
1.238709e-01
3.831245e-03
2.408192e-05
2.629306e-01
7.554505e-05
2.637499e-02
1.285100e-02
5.491022e-03
1.082567e-02
5.865020e-03
1.823871e-01
5.271592e-03
1.604985e-01
5.697268e-03
1.953703e-02
1.233971e-01
6.112003e-02
5.108518e-02
2.113747e-02
1.920486e-04
5.677199e-03
3.828172e-02
4.224401e-02
1.312026e-01
3.254660e-01
1.799310e-02
7.495307e-02
1.426470e-05
8.352457e-03
9.651241e-02
6.416365e-03
6.244642e-03
1.708973e-02
2.746257e-02
1.494295e-01
4.767497e-03
1.117735e-05
9.504195e-02
1.511106e-01
3.499301e-02
1.822624e-03
1.925936e-02
6.985593e-02
2.106920e-02
4.596306e-03
8.889887e-03
2.241553e-01
2.617643e-02
1.146649e-02
3.744512e-03
2.456859e-01
2.633419e-03
3.313687e-02
8.725482e-02
1.793766e-02
1.265191e-02
4.435983e-02
8.845179e-03
8.864260e-02
3.929830e-02
1.315038e-02
4.102467e-03
1.958053e-02
2.124752e-01
3.424230e-02
9.404401e-02
5.055035e-02
4.490562e-02
9.377182e-05
1.804176e-01
1.677447e-01
5.120498e-02
5.868434e-02
1.764140e-01
4.389535e-02
6.234586e-03
5.468992e-04
1.350227e-02
8.987356e-05
5.501966e-02
1.173307e-02
7.697378e-05
1.626901e-03
4.600049e-03
9.510998e-04
1.772526e-03
4.419508e-02
8.793181e-04
9.979786e-03
4.200924e-02
2.549002e-03
5.991236e-02
2.475697e-04
5.909499e-02
6.216125e-02
9.008926e-03
9.369709e-02
1.809784e-02
1.089759e-02
9.426355e-03
1.347972e-06
4.530364e-02
3.027215e-03
2.838866e-02
6.195199e-02
1.451318e-01
4.348951e-02
1.205601e-02
1.562265e-01
2.176976e-03
1.310247e-04
