3.319393e-02
5.422895e-02
2.500365e-02
4.717609e-02
9.628389e-03
2.588479e-02
5.407421e-03
6.815280e-02
1.399939e-01
1.862575e-01
3.767693e-03
7.661042e-02
9.686581e-03
1.209071e-02
6.074692e-03
7.369173e-02
3.248437e-02
3.039109e-02
2.048696e-04
8.184677e-02
6.243630e-02
3.775476e-05
1.400804e-03
4.896191e-03
1.011794e-04
4.531175e-02
1.518999e-01
1.938065e-01
2.770102e-02
8.282977e-03
2.128482e-02
8.197972e-04
4.004441e-02
1.425673e-01
1.355124e-02
2.524663e-05
1.807117e-02
7.459997e-03
1.536642e-02
8.272211e-02
1.275296e-02
4.651880e-04
1.025253e-02
2.720305e-01
1.258294e-02
1.967069e-02
7.094298e-02
2.307199e-07
1.917650e-01
5.583292e-02
4.357875e-02
2.674436e-02
5.535955e-03
8.820505e-06
1.434399e-03
1.482103e-01
4.387566e-03
1.434391e-01
1.965211e-04
1.487368e-01
3.966893e-01
9.565289e-06
8.594608e-04
3.960982e-02
1.429463e-01
1.903837e-01
1.032230e-02
9.219698e-02
1.293427e-03
1.108616e-02
5.652191e-03
5.573795e-02
9.582590e-02
1.612791e-05
3.397939e-02
4.351165e-01
2.838228e-01
2.806140e-02
7.561486e-03
1.842990e-02
1.027235e-01
1.258398e-03
1.547723e-01
3.578887e-02
2.002932e-02
2.142798e-02
5.372801e-02
2.866553e-02
3.259055e-03
5.773908e-03
1.946886e-02
1.054421e-01
1.629434e-03
1.931923e-02
5.212485e-02
4.904156e-02
7.850241e-03
3.370459e-04
1.448679e-01
6.067590e-02
5.522575e-02
2.139637e-02
1.962880e-01
1.421656e-01
4.242731e-02
4.616721e-02
4.656623e-01
1.259458e-02
2.581133e-02
2.617237e-02
7.406794e-04
3.653928e-01
8.226441e-02
9.533303e-04
1.640065e-02
1.021808e-05
8.761646e-06
3.923961e-04
3.469598e-02
9.470615e-02
2.447691e-01
3.474512e-03
1.007803e-01
3.989715e-02
7.857377e-03
9.470519e-06
4.499278e-02
1.318231e-01
4.094005e-03
2.562042e-02
4.109969e-02
1.081916e-03
5.549307e-02
2.799671e-02
7.310415e-03
1.873970e-03
3.969416e-03
3.642785e-04
2.188683e-02
4.043521e-02
1.918253e-01
2.861940e-02
9.538252e-04
4.835182e-02
4.526552e-02
4.550117e-03
4.735140e-02
1.517741e-03
5.053268e-02
1.128852e-01
4.546814e-03
2.881694e-04
4.478645e-03
1.004284e-03
2.357773e-02
3.427144e-02
4.137090e-03
2.250061e-02
7.447382e-03
3.495761e-01
9.673618e-02
4.195465e-02
2.105783e-02
2.769035e-02
3.499383e-02
3.612564e-02
6.450579e-02
1.413728e-02
1.037330e-01
7.881648e-02
2.062277e-02
1.250189e-02
6.699534e-02
1.737971e-01
1.640436e-03
4.840855e-02
3.437129e-01
1.868882e-04
4.257029e-02
6.329202e-06
2.091811e-01
5.979714e-02
1.063853e-01
1.371773e-01
2.479404e-02
7.635086e-03
4.575965e-02
2.356738e-01
1.436020e-02
2.682013e-03
9.954482e-03
7.896676e-03
2.211206e-01
1.028033e-01
3.323426e-01
2.066196e-01
1.697241e-01
5.098740e-02
3.814580e-02
3.774483e-02
4.039643e-02
1.164197e-04
9.848654e-04
2.852575e-01
8.041766e-02
6.633284e-05
1.270166e-01
5.005465e-02
8.294304e-02
4.084844e-03
1.385175e-02
1.192814e-02
3.708928e-02
9.870220e-04
2.103853e-05
3.405445e-02
6.149198e-02
3.406185e-03
1.489230e-02
4.544904e-01
9.224420e-03
1.407840e-01
1.084460e-01
2.205825e-02
9.456016e-03
1.573614e-05
7.865825e-02
2.587339e-02
1.404936e-01
2.773270e-02
3.913142e-05
4.238271e-02
1.699038e-02
5.467327e-02
6.871846e-02
2.230451e-02
3.769132e-02
2.648229e-02
2.875760e-02
1.190178e-01
4.261087e-02
3.553877e-06
5.286649e-02
1.745720e-02
1.838372e-01
1.852740e-02
6.947745e-02
9.417019e-02
1.211572e-02
1.408583e-01
4.209434e-02
1.307461e-01
5.022315e-04
3.471392e-04
1.959750e-02
2.614261e-02
1.743711e-01
2.381835e-02
3.838495e-02
1.630113e-02
2.683289e-02
3.796927e-04
6.668330e-03
2.637388e-03
5.030338e-02
2.535675e-06
5.727611e-03
8.147234e-02
3.975963e-02
1.474464e-01
5.980595e-03
2.266608e-02
1.445408e-01
4.439206e-02
2.933547e-02
3.606560e-02
2.574435e-02
1.666915e-01
1.145901e-01
4.669778e-03
8.414874e-03
7.280253e-02
6.880552e-02
2.405668e-01
1.258061e-02
4.095674e-02
7.690667e-05
7.826548e-03
4.742490e-02
9.080487e-02
2.320140e-05
2.505094e-03
2.808888e-02
3.401896e-02
1.163302e-01
6.797201e-02
4.183888e-02
4.437375e-03
3.987257e-02
7.121971e-02
1.843755e-02
1.590896e-02
6.509409e-04
1.367580e-02
1.992496e-01
1.792695e-02
4.401446e-04
8.050220e-02
1.545372e-01
8.656581e-02
1.672185e-02
3.288667e-03
1.502886e-02
2.522465e-02
1.245779e-02
3.154547e-03
4.841427e-03
4.543329e-02
5.317281e-02
3.948279e-02
6.922214e-04
1.479514e-01
8.964566e-04
3.095802e-02
3.338556e-01
1.882312e-01
6.912488e-02
1.526094e-01
2.320807e-02
1.092545e-02
1.524421e-02
3.021127e-03
9.485360e-02
1.423223e-01
9.774398e-02
7.276204e-02
4.214768e-02
9.630562e-03
7.443010e-03
6.961136e-02
2.082307e-03
5.141821e-02
3.980972e-02
1.452600e-03
6.922506e-03
4.235950e-02
8.319275e-02
2.299735e-02
5.056006e-02
1.299544e-02
6.182009e-02
1.425344e-01
5.688539e-03
2.687955e-01
5.631318e-02
1.682383e-02
9.516733e-05
7.252101e-02
1.311084e-02
2.070161e-03
2.512409e-02
7.812226e-02
5.708701e-05
8.717452e-03
1.798597e-06
1.733017e-02
1.671868e-02
5.108297e-03
3.241466e-02
1.011468e-03
2.160691e-04
1.301226e-02
4.567910e-01
2.077937e-01
9.202212e-02
9.140404e-03
3.615109e-04
6.223975e-02
1.332352e-01
5.402649e-02
1.470424e-01
4.994220e-02
8.198349e-02
2.213851e-03
3.797580e-03
5.037177e-02
1.949891e-03
5.868915e-04
5.471530e-03
4.081353e-02
1.889563e-02
4.056247e-03
8.514818e-04
6.244110e-06
1.052563e-02
1.291244e-02
4.124800e-02
3.570150e-03
3.877565e-02
5.450947e-02
9.733343e-02
4.519559e-02
8.359018e-02
5.434269e-02
1.368693e-01
7.965047e-03
1.476593e-01
2.300421e-02
1.389334e-01
8.643788e-03
4.147611e-05
1.225456e-01
3.517174e-03
2.045936e-01
1.656687e-03
4.610234e-02
9.947102e-03
9.189358e-02
3.088384e-03
2.580789e-03
8.487719e-04
5.777753e-03
7.017183e-02
8.179036e-03
7.512516e-02
1.129240e-03
2.302329e-03
7.166742e-02
2.330467e-02
6.858471e-04
9.422186e-03
1.774650e-02
4.907271e-03
1.727022e-03
9.178106e-04
1.400301e-02
3.310006e-02
7.583783e-03
2.134143e-02
1.214073e-03
2.430690e-01
2.027097e-02
1.426346e-01
9.476869e-02
9.173183e-02
1.732826e-05
5.289076e-03
7.609053e-03
4.856911e-02
5.497742e-02
6.363858e-04
7.580163e-05
3.617434e-02
4.027131e-03
7.407474e-02
4.099245e-02
2.830020e-03
2.943293e-02
1.131213e-02
7.771987e-06
1.210780e-02
7.576037e-03
1.301153e-02
7.013514e-04
4.027814e-02
8.350532e-02
4.248998e-02
3.176945e-04
7.092404e-02
4.806292e-02
5.750374e-02
1.225374e-04
6.985068e-02
1.729375e-02
1.170701e-03
3.565648e-02
9.066281e-04
2.305064e-02
1.241146e-01
1.429933e-02
3.246881e-07
2.355473e-03
3.412252e-03
5.371865e-02
4.205540e-02
7.671478e-04
3.648245e-03
1.743724e-03
6.698026e-03
2.532589e-02
1.689531e-03
9.002094e-03
1.005782e-04
3.663103e-02
5.874432e-02
1.172579e-01
2.945040e-02
6.417713e-05
1.755377e-03
4.626483e-03
1.846452e-03
6.632680e-03
7.688887e-03
1.530961e-02
3.340738e-02
1.319214e-01
1.108090e-02
6.248012e-03
3.290160e-03
1.596540e-02
6.811758e-02
6.179907e-04
7.614037e-03
2.498414e-01
2.081578e-01
2.327965e-05
4.086763e-02
4.532251e-02
3.811726e-02
1.522067e-03
1.198224e-03
1.411695e-03
2.551930e-02
2.504777e-02
1.270590e-01
2.174118e-01
3.179283e-02
5.500813e-02
1.782804e-03
2.855907e-01
8.991639e-03
3.144644e-01
2.711416e-04
9.352310e-05
5.740104e-03
8.982441e-03
3.767542e-02
2.374844e-03
1.462120e-01
2.319271e-02
4.086961e-02
5.598559e-02
2.614305e-04
1.498670e-04
1.176436e-01
5.518535e-02
2.113468e-02
2.495903e-01
2.423587e-02
1.976098e-01
1.161458e-04
1.103329e-01
1.565661e-01
4.448015e-03
6.245430e-02
2.751642e-02
2.747760e-01
4.521989e-04
1.215182e-02
7.861604e-02
4.130578e-02
1.249569e-01
1.821271e-02
6.458711e-02
1.119570e-01
1.152247e-02
1.172268e-02
7.108947e-02
7.925926e-02
3.724458e-04
1.294992e-01
5.931847e-04
1.721788e-02
2.046179e-02
3.014493e-02
1.598289e-02
6.692589e-02
2.115781e-01
1.595599e-02
3.163709e-02
1.272790e-02
1.002829e-05
3.043318e-05
6.687056e-02
3.771059e-02
3.266936e-02
3.076694e-02
1.908674e-03
1.242836e-02
1.051720e-02
5.437915e-02
9.255639e-02
8.802698e-02
4.878792e-04
