1.015632e-04
3.790943e-02
2.103131e-03
5.292734e-02
1.870658e-02
3.199256e-02
2.074069e-02
1.717228e-02
8.665156e-02
6.297219e-02
3.407870e-03
4.869875e-03
6.362137e-03
1.284923e-01
1.090426e-01
3.759267e-03
5.011536e-04
1.946172e-04
2.091384e-01
1.095364e-01
1.332934e-01
2.495139e-03
2.108738e-02
3.878941e-02
5.344882e-03
2.382083e-02
8.736128e-03
4.137099e-02
2.471281e-02
5.512543e-02
1.160237e-02
1.133095e-02
7.009310e-03
4.625101e-03
7.910332e-03
4.081645e-02
2.143012e-01
7.751463e-02
2.444053e-04
5.149130e-03
2.914255e-03
7.497792e-05
1.244299e-02
8.835164e-04
9.300335e-04
4.371683e-02
1.108701e-01
5.735476e-03
8.258765e-02
3.273151e-03
1.977830e-02
8.455757e-03
1.183704e-01
6.471429e-02
4.555287e-03
6.548255e-02
4.934239e-02
1.655795e-01
1.330485e-01
6.573168e-03
3.530487e-02
1.996491e-04
8.424435e-03
3.719419e-05
8.358874e-02
3.985077e-03
2.138720e-02
2.735541e-02
1.604317e-02
5.206408e-02
1.571465e-01
6.278808e-02
5.045173e-03
1.731055e-03
9.660638e-03
2.263335e-02
1.150045e-02
2.129483e-02
1.026840e-01
3.799806e-02
8.317943e-03
9.383317e-04
1.690051e-01
4.729889e-02
5.140584e-02
5.101980e-02
3.992766e-03
1.872975e-01
4.547490e-03
3.830682e-03
7.976538e-05
1.771145e-03
1.400919e-01
1.678048e-02
1.141394e-02
3.954246e-03
7.779030e-02
8.432620e-04
2.977684e-01
8.100789e-03
4.941744e-02
1.178887e-02
5.419759e-03
3.755996e-02
9.932289e-03
1.293053e-02
1.443026e-02
1.106921e-02
4.350021e-02
2.997486e-02
1.645487e-02
9.261372e-02
4.787535e-03
2.591302e-04
2.783959e-01
2.113831e-01
1.644792e-03
1.539340e-01
2.200322e-04
4.325840e-02
4.530982e-03
1.470731e-03
1.400536e-03
1.129243e-01
9.622539e-03
5.324537e-04
1.027658e-03
6.116452e-02
1.598196e-02
1.248875e-01
1.886658e-02
1.481856e-01
8.452813e-03
1.758257e-02
1.207565e-01
2.258490e-02
7.966586e-02
1.031398e-01
1.061713e-02
6.762762e-04
1.733731e-02
1.525959e-01
5.431344e-03
1.166831e-03
4.946807e-02
1.740613e-02
7.113239e-05
5.324426e-02
2.649090e-01
3.433485e-02
7.845590e-04
1.337416e-02
2.213286e-02
9.403634e-03
5.348147e-03
1.979011e-04
9.182744e-02
1.434307e-02
1.122388e-02
9.886556e-01
9.129648e-02
1.359794e-01
2.195947e-02
6.828994e-02
3.617274e-01
9.663295e-02
5.999823e-02
2.090620e-03
1.155521e-03
1.590000e-01
8.359459e-02
2.327830e-01
3.410563e-02
1.512132e-01
3.414901e-02
1.371489e-02
8.260158e-02
1.717397e-01
2.046314e-02
5.829391e-02
1.241661e-01
2.590982e-02
1.894118e-02
9.995868e-04
1.238037e-01
3.276653e-03
4.854926e-03
2.027537e-02
2.213304e-02
2.659541e-02
1.802171e-03
3.533398e-01
2.447932e-03
8.529627e-03
1.712525e-01
8.444958e-05
6.506332e-03
7.296794e-03
6.418872e-02
1.263252e-03
1.923389e-01
1.865783e-03
4.204982e-02
4.033321e-03
1.847354e-03
5.746492e-04
2.021062e-02
3.835079e-02
1.093373e-01
2.482418e-02
1.944186e-01
1.857239e-01
1.297061e-02
2.809997e-02
2.005693e-03
2.287258e-03
3.200196e-02
7.035180e-04
2.626933e-03
1.928243e-05
9.258994e-02
7.468445e-02
1.060453e-04
1.354771e-03
6.186483e-02
2.447646e-02
1.880835e-06
1.282912e-02
1.290288e-02
2.644970e-04
2.147608e-01
3.723758e-03
5.426264e-03
8.212049e-02
6.422847e-03
8.227199e-04
2.426240e-01
1.555564e-01
1.122259e-01
2.066539e-03
1.462371e-01
1.134802e-01
4.451949e-04
6.940451e-04
8.456981e-03
2.102035e-03
7.219242e-03
5.900910e-03
4.372922e-04
1.397656e-03
3.432349e-03
1.479155e-02
1.351477e-01
3.292646e-02
8.879815e-02
7.292277e-03
1.545874e-02
5.539054e-03
4.246908e-02
5.482300e-03
1.080527e-01
2.328109e-03
9.725040e-02
2.400113e-02
6.402659e-02
4.220747e-02
2.685129e-02
8.052035e-02
2.166409e-02
1.851991e-02
7.636615e-03
3.986951e-06
7.077682e-02
3.390322e-06
7.889632e-03
1.599727e-02
7.831712e-02
8.141353e-02
1.210720e-02
1.898410e-03
2.971134e-04
3.956214e-02
3.602710e-02
6.704139e-04
3.749985e-03
1.447960e-02
6.295565e-03
6.053043e-03
1.684900e-02
1.642948e-02
1.928665e-02
2.016668e-02
1.242398e-01
7.683344e-04
5.750216e-02
3.013111e-02
1.636663e-03
1.060428e-02
9.669403e-02
5.092718e-02
1.449156e-02
1.085483e-04
1.089023e-04
9.125867e-04
6.119550e-03
6.524624e-02
3.197366e-03
5.499481e-02
5.222985e-04
1.174372e-01
1.021074e-01
1.180925e-03
2.626692e-02
1.732605e-03
3.061281e-03
1.609752e-02
2.031869e-02
6.911578e-07
1.480565e-02
1.209616e-02
6.302118e-03
1.306077e-02
7.291934e-03
3.327136e-02
3.979099e-02
5.509512e-02
3.293129e-02
8.183674e-03
5.543327e-05
5.886871e-02
1.862558e-02
2.401888e-04
4.191851e-04
3.570441e-02
1.544306e-02
1.229087e-01
2.148898e-01
1.975214e-02
2.313722e-01
5.382453e-04
7.905619e-04
8.894399e-02
8.063543e-02
8.004315e-04
8.671777e-02
4.660751e-02
5.973008e-03
1.261183e-02
1.103783e-04
2.406188e-02
9.729675e-03
1.125623e-03
3.582173e-02
1.206442e-02
6.451027e-02
4.408715e-05
1.043224e-01
2.601275e-01
1.023659e-02
8.202072e-02
7.908341e-02
2.234050e-01
7.402749e-02
1.557926e-02
2.667674e-04
5.462220e-02
7.977343e-05
7.175166e-02
2.277198e-02
2.057709e-02
3.068760e-02
8.853022e-04
3.269723e-03
1.875018e-02
3.029452e-03
8.432630e-03
9.946084e-02
4.662854e-02
2.624881e-03
2.279060e-02
1.446764e-01
8.353117e-04
1.746262e-02
1.504553e-02
1.641108e-01
3.253615e-03
3.734357e-02
2.329820e-03
1.060830e-02
1.787676e-01
7.513573e-02
1.501396e-02
9.266244e-03
3.930497e-03
3.263172e-02
5.964506e-03
1.555532e-02
1.509584e-01
1.477346e-02
2.725667e-02
1.124892e-01
2.485454e-02
6.040184e-02
3.030363e-05
7.096405e-02
4.342439e-03
2.097337e-02
1.061265e-03
2.144359e-02
9.532032e-02
9.482631e-02
1.055342e-01
7.337712e-02
2.213449e-02
9.211062e-02
8.776501e-03
6.520386e-02
2.021655e-02
1.179029e-01
6.766719e-04
1.731188e-01
6.975207e-02
2.432277e-01
2.535774e-03
3.709595e-03
5.871464e-03
2.386325e-01
9.905130e-03
8.182039e-02
7.064778e-04
1.826329e-02
2.511760e-02
5.564428e-03
4.092285e-05
1.236456e-03
5.787321e-02
3.581877e-02
5.719405e-03
7.884075e-02
4.392968e-02
1.225565e-03
2.482808e-02
1.309065e-02
8.120729e-03
2.333895e-02
6.191305e-02
1.236096e-03
9.708902e-04
1.265354e-03
2.143981e-01
5.678668e-02
1.082472e-01
6.239599e-02
1.030871e-01
2.964093e-04
4.203289e-02
7.831221e-02
1.051577e-02
1.286760e-03
4.634620e-07
2.181909e-02
1.272916e-02
8.481878e-03
1.351376e-01
9.853325e-04
6.316824e-03
3.197606e-03
9.099076e-03
3.404030e-04
1.099439e-02
2.916211e-03
1.800164e-01
8.242719e-02
7.827340e-03
1.066293e-01
3.064368e-02
1.353951e-01
1.150407e-02
1.841106e-01
5.201975e-02
6.672784e-05
2.250191e-03
1.528746e-02
2.722813e-02
1.806707e-01
5.190659e-02
2.558369e-02
3.119736e-03
1.690762e-02
2.549786e-02
2.978472e-03
2.204216e-02
7.435303e-03
1.221574e-01
6.197837e-03
3.066924e-03
2.031052e-02
6.939461e-03
1.388380e-01
3.227920e-02
5.828466e-02
1.100961e-01
3.220822e-03
9.131899e-03
3.738106e-04
1.537886e-01
2.178745e-02
2.429207e-01
3.621363e-03
4.230685e-02
3.578966e-04
7.589783e-02
3.868493e-01
3.759502e-02
2.744083e-02
1.505905e-03
2.587700e-03
3.895703e-02
1.324864e-02
3.734789e-02
2.644144e-04
4.540948e-04
1.723049e-01
1.504760e-02
3.011547e-02
4.930857e-04
8.494067e-02
6.269309e-06
1.914851e-01
1.676435e-04
3.003059e-01
1.854904e-01
1.876793e-04
2.196478e-03
1.692798e-01
1.001824e-03
6.024922e-03
1.380741e-01
3.223607e-02
1.495015e-01
2.166083e-01
4.911186e-01
1.760663e-01
1.233720e-03
1.142894e-02
3.334071e-02
6.194378e-03
4.207993e-03
2.110375e-03
4.380709e-02
1.724700e-02
1.086252e-01
4.291199e-01
5.714092e-03
6.721980e-02
5.732660e-02
3.017674e-02
4.213840e-02
2.860280e-02
3.469500e-02
1.374243e-02
1.100844e-01
1.337257e-03
1.674261e-01
7.557510e-03
4.501448e-04
5.222284e-02
4.233177e-03
4.984362e-03
1.232704e-04
4.132280e-02
8.462000e-02
8.062111e-04
4.432174e-03
6.592552e-03
1.449127e-02
3.374620e-02
3.114173e-02
3.574770e-02
1.832659e-01
2.298582e-02
7.008100e-04
1.373473e-03
3.920334e-02
6.028303e-04
1.127192e-01
4.661046e-02
4.428701e-03
7.605549e-02
2.659284e-02
2.294238e-02
1.515584e-03
7.239891e-03
8.544043e-03
