3.843271e-03
7.828156e-03
2.894522e-03
3.693428e-02
2.221012e-02
2.333321e-01
8.197679e-04
3.076526e-03
2.960139e-03
7.845971e-02
6.426487e-03
2.443682e-02
1.261714e-01
1.359259e-02
2.410260e-02
4.965771e-02
1.702925e-02
1.970158e-02
2.875911e-02
2.098226e-02
1.775822e-01
7.673078e-02
9.405373e-03
2.414153e-03
1.981340e-03
4.061805e-03
7.617283e-02
1.596058e-03
2.887426e-02
6.244701e-03
1.817210e-02
6.310668e-04
8.974013e-03
2.902395e-02
6.116042e-03
3.017748e-01
3.094867e-02
4.498182e-03
6.737378e-03
2.760820e-02
9.164934e-03
5.623185e-02
3.637377e-02
1.216671e-02
1.155678e-03
1.052501e-01
7.393036e-03
8.066172e-03
4.449017e-04
4.958589e-02
8.173337e-04
7.254773e-04
1.781868e-01
2.983573e-02
1.606820e-01
4.650798e-03
1.623808e-03
1.335600e-05
1.239182e-01
3.011407e-02
1.456460e-03
1.320593e-04
2.958901e-02
2.580838e-01
1.749725e-03
8.454803e-02
1.861358e-01
5.840739e-04
7.934676e-06
6.457708e-02
1.239881e-01
5.790900e-02
3.421214e-02
1.823356e-02
8.079764e-03
5.623389e-02
9.362421e-02
1.796896e-03
6.597188e-03
1.427748e-01
1.472466e-02
5.813134e-02
4.295714e-02
1.066942e-02
2.028530e-01
1.008292e-01
2.308191e-03
3.123352e-03
1.533226e-03
4.087546e-02
4.568085e-02
1.314983e-03
1.031063e-01
1.467000e-02
4.174993e-03
5.915056e-03
3.140632e-01
6.348495e-02
3.136193e-02
2.166478e-03
1.106064e-01
3.375823e-03
1.208048e-01
1.688236e-01
2.683259e-03
1.101661e-02
7.105344e-06
1.656463e-02
5.179676e-03
2.265905e-02
1.186370e-02
7.787312e-02
2.923906e-02
7.442552e-02
8.820690e-02
5.990954e-02
1.321855e-02
7.363571e-03
4.186841e-02
1.298269e-01
1.969618e-03
4.766991e-02
9.450318e-04
3.106822e-02
6.962830e-06
4.542736e-03
1.756692e-02
1.044004e-01
1.191741e-03
2.710030e-04
1.601750e-01
3.618252e-02
1.912458e-01
7.493214e-03
7.560964e-02
3.199404e-04
1.649464e-02
1.803985e-01
1.998961e-02
1.071934e-01
8.017394e-07
1.720095e-05
7.787859e-03
1.955760e-02
1.165337e-01
1.192706e-01
8.568439e-02
1.506503e-01
1.483029e-02
4.435239e-02
6.055248e-02
4.490736e-04
3.003663e-01
1.874357e-02
2.004669e-03
1.570815e-01
7.324004e-02
1.310395e-01
4.773167e-04
8.455718e-02
3.715859e-02
1.799189e-01
7.749638e-02
6.952531e-04
1.391621e-01
2.422645e-02
1.039238e-01
1.602089e-02
4.116373e-02
1.532410e-01
8.846566e-02
5.728709e-02
1.094023e-03
1.605035e-02
1.459424e-02
1.483302e-01
2.716262e-03
9.068240e-02
2.359066e-04
1.461657e-02
4.578020e-02
7.718496e-02
5.523473e-02
1.132882e-02
2.386521e-03
2.228619e-02
9.423708e-04
1.138576e-03
3.374297e-02
8.168643e-02
9.468546e-05
4.624874e-03
4.048782e-04
1.092754e-03
1.301673e-01
4.463740e-02
4.246352e-02
4.366102e-02
1.808295e-01
3.033139e-03
2.079949e-02
3.511716e-04
2.019306e-03
4.330685e-03
8.551378e-03
3.219932e-02
1.266731e-02
1.430436e-02
2.130530e-01
1.761669e-02
3.217988e-02
1.257446e-01
8.228987e-02
5.814130e-03
3.474917e-02
2.314459e-02
5.799663e-02
3.555761e-02
2.345551e-02
1.733473e-02
6.407533e-04
5.593001e-02
9.837104e-03
1.469068e-01
2.541311e-03
5.614198e-02
4.637998e-04
4.147906e-03
1.520296e-02
1.182829e-03
8.866699e-02
1.126895e-02
4.769617e-02
1.048866e-01
4.898912e-03
2.009958e-01
7.438540e-03
2.465100e-01
6.411655e-04
1.015073e-01
1.312436e-04
4.598413e-03
3.687020e-04
1.556558e-01
9.412081e-02
1.170015e-02
2.154723e-02
2.130314e-03
9.557054e-02
7.871567e-04
3.745237e-02
4.111692e-02
1.110385e-02
1.744873e-03
3.883656e-02
1.953191e-01
1.554041e-01
2.434172e-05
4.316008e-03
1.297888e-02
1.591824e-01
1.699230e-01
7.186468e-03
7.079535e-02
1.502427e-02
1.586427e-01
2.371060e-02
6.768778e-02
1.272745e-01
2.175420e-03
5.690314e-03
1.105746e-04
1.413597e-03
2.374098e-02
3.626169e-02
1.866164e-02
1.726295e-03
2.756688e-02
9.902698e-02
3.009020e-02
6.011166e-03
1.581845e-02
1.823133e-02
2.171184e-02
2.315360e-02
3.660987e-06
2.164642e-03
1.282604e-02
4.741927e-02
2.208289e-02
4.332428e-02
4.145548e-02
1.231835e-02
4.057106e-02
3.271047e-02
4.992755e-02
4.563834e-04
1.136397e-02
4.847785e-02
5.119267e-03
1.350847e-01
1.474039e-03
4.949337e-02
1.815400e-02
2.831852e-02
2.243531e-04
7.050437e-03
1.831118e-02
4.508195e-03
7.607993e-02
4.758109e-02
1.367085e-02
6.439403e-02
1.560547e-03
3.047427e-03
8.174587e-06
1.930750e-03
1.204582e-02
5.933998e-04
3.490343e-04
5.765144e-03
9.148890e-02
6.129426e-03
1.636933e-01
1.524408e-02
8.208926e-02
4.738370e-02
2.128043e-02
1.134668e-03
2.173832e-02
9.502885e-02
9.589241e-03
5.933686e-05
4.951871e-03
1.208566e-02
1.206642e-02
1.410018e-02
2.277364e-03
1.154121e-01
1.288530e-01
2.099074e-01
1.106769e-01
1.727756e-03
1.022647e-01
8.585371e-03
3.607312e-05
1.025668e-02
1.464179e-02
8.703410e-02
7.028124e-03
7.234974e-03
1.079808e-02
1.114899e-03
3.175371e-04
4.133600e-02
5.088459e-02
7.618228e-02
2.451529e-01
3.230555e-02
3.644131e-02
1.131401e-03
3.467162e-02
5.851814e-02
1.101886e-02
1.176339e-01
7.137115e-02
1.850308e-02
3.830881e-02
6.452630e-02
6.801937e-02
1.264430e-04
9.738484e-02
4.872022e-02
9.629609e-02
7.877489e-03
8.372105e-02
5.421552e-02
3.555754e-01
8.698043e-04
1.044016e-01
2.283751e-02
3.457386e-02
8.841296e-02
1.133262e-04
5.225723e-02
1.062746e-02
9.502694e-02
5.577920e-02
5.054209e-03
1.343772e-05
5.372810e-03
9.859755e-02
2.983745e-02
6.171975e-02
9.058652e-04
1.208685e-01
3.844346e-03
6.549574e-04
1.440370e-02
2.583010e-02
4.057431e-02
8.348942e-03
1.955829e-01
4.074219e-03
2.296561e-03
1.929676e-02
6.051329e-04
1.367575e-01
1.060480e-01
9.639323e-02
1.495759e-01
2.747441e-03
2.039399e-02
1.924021e-02
1.106714e-03
4.012756e-03
4.802321e-02
1.835782e-02
2.637704e-03
5.123688e-04
7.190579e-03
2.964782e-02
7.357761e-03
1.000885e-03
9.358016e-02
5.318487e-02
7.112957e-04
3.688454e-01
9.590179e-02
1.133368e-02
1.044325e-01
4.098772e-03
3.669139e-02
5.070005e-03
4.766422e-02
3.101755e-01
1.606762e-03
1.443303e-03
8.385488e-02
6.529090e-03
1.125317e-02
1.522790e-01
5.584613e-02
6.282813e-02
2.103054e-02
1.414569e-02
3.516938e-04
7.766411e-03
2.010883e-01
2.021340e-02
3.391193e-02
3.245881e-03
1.083762e-03
5.796865e-02
2.782443e-05
1.240228e-02
6.458106e-02
7.747110e-03
1.023824e-02
5.076397e-03
7.914512e-03
7.894633e-03
5.464247e-02
2.012422e-01
4.663176e-02
1.661292e-01
1.861866e-01
1.551788e-01
1.765863e+00
9.368972e-02
9.567653e-03
4.940369e-01
1.114000e-02
2.031285e-03
4.646194e-03
4.665276e-03
8.799470e-03
4.987102e-03
9.222531e-03
3.288018e-02
1.022780e-01
1.073023e-02
1.851825e-02
2.000682e-02
3.890787e-03
3.758357e-04
9.104924e-02
1.217707e-01
1.678831e-02
6.725350e-02
3.731540e-02
2.532232e-02
1.076849e-02
1.521418e-01
2.869105e-02
1.213445e-01
8.511163e-02
8.723858e-05
3.039117e-01
2.093440e-02
1.495722e-02
1.003824e-02
4.617298e-02
9.335105e-03
4.272001e-02
6.384169e-02
2.134061e-03
1.703684e-01
5.580469e-03
2.447600e-02
2.287297e-03
7.107558e-02
1.832177e-02
1.111158e-03
3.966160e-02
7.218358e-03
3.550412e-03
1.056447e-03
9.262659e-03
1.154786e-05
7.487125e-03
5.449587e-02
7.062686e-03
6.700988e-04
1.348919e-02
4.318391e-02
1.748626e-04
9.344877e-02
2.457458e-03
1.050196e-01
6.482935e-04
1.159490e-03
9.586654e-04
4.064638e-02
2.277672e-02
3.168254e-03
3.569381e-02
1.052300e-01
8.238771e-03
3.925500e-03
3.103587e-01
3.999892e-02
5.457934e-02
1.483986e-01
7.298965e-02
9.850766e-02
7.101960e-03
1.845674e-03
1.358981e-02
2.226507e-03
3.083085e-03
5.423211e-03
1.638193e-04
2.697934e-01
6.715778e-02
4.253566e-02
8.881629e-03
1.960062e-04
1.955005e-01
8.037576e-02
1.822563e-02
9.908706e-04
9.631277e-03
3.479556e-02
7.910426e-03
8.835637e-02
4.361691e-02
2.196237e-02
4.529873e-02
5.733379e-03
6.126678e-02
7.079264e-02
4.275445e-02
1.176957e-01
6.647062e-03
1.472425e-03
8.929502e-06
1.261848e-02
2.446991e-02
3.069682e-02
3.005895e-02
8.741820e-02
1.133629e-02
1.677145e-04
9.141865e-03
3.731525e-02
9.176163e-02
4.496183e-02
3.837824e-04
1.075834e-02
1.396774e-03
9.830880e-02
2.626167e-02
3.368236e-03
