5.473899e-03
4.979969e-02
3.236225e-02
8.002292e-02
7.896929e-02
3.314149e-02
2.385999e-02
6.773937e-02
1.000222e-04
9.374779e-03
9.664893e-04
3.121223e-05
6.325128e-02
7.854644e-02
1.098254e-02
4.207722e-03
1.038419e-02
3.176432e-02
4.873040e-03
1.315167e-03
7.682449e-03
4.920119e-03
3.453203e-02
5.993075e-03
1.347601e-02
2.325547e-01
1.350943e-02
2.427303e-03
7.990147e-03
6.927603e-03
2.749046e-02
1.737878e-01
2.916007e-02
1.822377e-01
7.459537e-05
6.777094e-03
1.656458e-02
3.163103e-02
1.165319e-01
2.729947e-03
1.442399e-02
2.968987e-01
1.240664e-03
3.405536e-02
1.014390e-01
5.211547e-02
6.002953e-02
5.423698e-02
1.546522e-04
5.362612e-03
1.818404e-03
3.356703e-03
1.959337e-01
1.668967e-02
7.493091e-02
9.804550e-03
5.006956e-03
3.558220e-04
3.022226e-03
1.379674e-02
2.577720e-01
9.174706e-02
1.987080e-02
1.084881e-01
3.458288e-03
4.353122e-02
2.251630e-02
1.069107e-03
9.399954e-02
2.950796e-03
9.681404e-03
5.003211e-03
4.488986e-02
1.147557e-06
6.052071e-03
1.151301e-01
7.649270e-02
2.738944e-03
2.761377e-02
1.932439e-01
5.854548e-02
5.415788e-05
6.953448e-02
7.695977e-05
4.945644e-04
8.626581e-03
2.716817e-03
2.462746e-03
1.275952e-02
3.342035e-03
9.084464e-04
3.649317e-02
1.452951e-01
1.990544e-02
9.503750e-02
8.511369e-06
1.487402e-01
1.282995e-01
3.290042e-02
3.596465e-02
3.778617e-02
4.576602e-03
3.020607e-01
1.161065e-01
1.089685e-01
6.724255e-03
1.019369e-02
2.144940e-01
8.766876e-04
3.077713e-01
9.955008e-02
3.592153e-01
1.660300e-01
5.847662e-02
1.446852e-02
6.784796e-02
1.319848e-04
4.848474e-02
7.716497e-02
4.985164e-02
2.762532e-02
5.868280e-03
1.339754e-03
1.663373e-03
2.776053e-02
4.269661e-03
7.029331e-05
1.343004e-03
1.587478e-02
2.906792e-02
5.561686e-03
1.832699e-01
1.621242e-03
5.875253e-02
6.460071e-03
1.627142e-03
8.189665e-02
9.479940e-04
4.542485e-02
1.084438e-01
1.053146e-01
1.167918e-01
9.754641e-04
2.519720e-01
2.217020e-02
7.449252e-01
2.048738e-03
5.493589e-02
3.401305e-02
1.947346e-02
5.801321e-03
6.195918e-02
3.307163e-02
6.963176e-02
1.802995e-01
4.618778e-03
5.207623e-03
1.251896e-02
1.573279e-03
1.323004e-01
2.342856e-02
2.719120e-03
1.644189e-02
1.476381e-02
1.306976e-01
4.875760e-02
9.186461e-06
7.871151e-02
1.487955e-01
4.309425e-02
1.227746e-02
3.256299e-05
2.793808e-02
5.392412e-02
2.281617e-02
1.324037e-02
4.430401e-02
1.310064e-01
1.981184e-02
1.200344e-03
7.410560e-03
7.415466e-04
1.088845e-02
3.889098e-02
4.850895e-02
4.298965e-02
1.754296e-01
2.728287e-02
1.236599e-02
1.130818e-01
3.859874e-03
1.090697e-03
3.418902e-02
2.050855e-02
2.330202e-02
4.452481e-03
1.532083e-01
8.457043e-03
4.698390e-02
2.654368e-01
1.805630e-03
1.402937e-01
5.218294e-02
7.889215e-04
2.917552e-03
8.748019e-02
1.333895e-01
2.086699e-02
6.847190e-02
1.680627e-01
3.878999e-02
1.807129e-03
3.627508e-03
6.331548e-02
2.603815e-03
1.344043e-03
2.097290e-02
1.005990e-01
2.756891e-02
6.450088e-02
5.932132e-02
1.567600e-02
2.302376e-02
2.926221e-02
8.754540e-03
3.480985e-02
4.997597e-02
1.266031e-02
4.917531e-03
2.418583e-02
4.487930e-03
2.380525e-03
1.932791e-02
1.671201e-02
1.454685e-01
1.839687e-03
1.150865e-02
9.499118e-02
4.078161e-03
3.421365e-02
1.642434e-02
2.824864e-02
1.526380e-02
6.263801e-02
1.885338e-02
6.268715e-02
8.415736e-02
9.008453e-02
9.422441e-03
1.806455e-02
1.176003e-01
5.389782e-02
3.054507e-02
6.459159e-02
2.386144e-02
8.756856e-03
1.603371e-01
1.184140e-01
1.039987e-01
2.335685e-01
2.419024e-03
5.270422e-05
3.623673e-02
1.506765e-02
3.669568e-04
1.511273e-02
2.373439e-02
7.050180e-04
2.247783e-03
2.390230e-01
2.623915e-01
2.022700e-02
1.183809e-01
2.364945e-01
8.404855e-02
1.207903e-03
1.386639e-01
1.578939e-03
2.123487e-04
3.707323e-03
6.264159e-02
2.155071e-02
1.030325e-03
8.781693e-02
3.133669e-04
4.378382e-02
1.569232e-02
9.884037e-03
8.631993e-03
1.619117e-02
5.419930e-02
1.836912e-01
3.883643e-02
6.242472e-02
9.592851e-03
4.775315e-04
1.630652e-02
2.168003e-03
1.473242e-01
4.029215e-03
1.551698e-01
7.449908e-03
8.533976e-03
1.727098e-01
2.272308e-03
4.725919e-02
8.982798e-02
2.995405e-02
3.735175e-03
5.353658e-02
1.107175e-01
2.706675e-01
4.116852e-02
1.603252e-02
7.753213e-03
1.557159e-01
6.557049e-03
1.025664e-01
7.911194e-02
8.858648e-02
3.592932e-02
3.839518e-02
5.138300e-03
1.428556e-03
9.993977e-03
1.231837e-02
4.485335e-03
5.373083e-01
1.109571e-01
5.233586e-02
1.913654e-03
8.809047e-02
1.131511e-02
5.430629e-02
8.604754e-07
2.405497e-03
3.599807e-02
1.248138e-01
1.084150e-02
5.308100e-02
2.228980e-01
1.831741e-02
5.927417e-02
1.271441e-02
5.667157e-04
8.028377e-03
9.967153e-02
2.220499e-02
2.335399e-02
3.003709e-02
1.920566e-01
9.443016e-03
2.014452e-01
6.852736e-02
6.405829e-04
1.006056e-02
5.046651e-02
7.591488e-03
1.791553e-01
7.765507e-02
1.318917e-03
2.714117e-02
1.827664e-04
2.762717e-02
1.932286e-02
5.660180e-02
3.484378e-03
1.493600e-02
1.602028e-02
6.939687e-02
2.986823e-02
7.929564e-03
2.200037e-02
4.243759e-03
4.634294e-02
5.085101e-04
5.377307e-07
3.484364e-01
8.522309e-02
2.412172e-03
3.112713e-02
4.323011e-02
2.339896e-02
8.785615e-04
2.842280e-02
2.420680e-04
7.943672e-02
3.006248e-02
2.464931e-02
6.925048e-02
1.114205e-02
1.402322e-03
1.306696e-02
8.502315e-02
4.172826e-03
1.663912e-02
8.144900e-03
1.491811e-02
7.995616e-04
6.063992e-02
3.506816e-02
4.454336e-02
7.905636e-02
4.241383e-02
1.687304e-03
2.284043e-01
5.635213e-05
2.228786e-02
8.669244e-02
2.466477e-01
4.978482e-02
1.222898e-02
1.248990e-02
1.753073e-05
2.793185e-02
6.001095e-03
4.220367e-02
3.685686e-03
1.572382e-02
1.103124e-02
1.555739e-01
2.658340e-02
1.597805e-02
8.811953e-04
6.492538e-02
1.252298e-01
1.733905e-02
8.355724e-02
1.065654e-02
2.843421e-03
1.658805e-01
6.916103e-04
1.310997e-02
3.804670e-02
1.421049e-01
1.442988e-03
2.074590e-03
4.237857e-02
8.948505e-02
6.546693e-02
3.973697e-02
1.209316e-01
1.493547e-02
5.193656e-04
1.816111e-04
2.233088e-02
1.832231e-01
7.284952e-03
1.747154e-02
3.417461e-02
1.067003e-01
6.703791e-04
1.710904e-03
1.431729e-03
2.766663e-02
8.781918e-03
7.422120e-03
5.260118e-02
3.911179e-02
3.030144e-02
5.673886e-05
1.372155e-03
3.438293e-02
2.444859e-02
1.618120e-03
2.212740e-02
4.158311e-02
5.670293e-02
2.093753e-01
1.845428e-02
6.058446e-03
3.183763e-01
1.740941e-01
3.039252e-03
1.601165e-01
1.953840e-02
6.948935e-02
7.258860e-04
8.893317e-03
1.417364e-01
3.568229e-01
1.030789e-01
3.945949e-04
2.921459e-02
4.725956e-02
4.880111e-01
5.136356e-02
8.900013e-02
2.772763e-04
1.634425e-03
9.385952e-02
3.918342e-05
1.672411e-01
7.894975e-02
8.147572e-03
9.014051e-03
2.376489e-01
5.353728e-02
8.939880e-03
5.735518e-02
4.771874e-02
3.061149e-04
1.013443e-01
2.137096e-03
6.605851e-02
2.509486e-02
2.363241e-02
5.151702e-01
1.121164e-01
1.004372e-01
2.411559e-01
1.272530e-02
7.035979e-05
1.397536e-01
4.556123e-03
4.720178e-02
5.041520e-03
7.885465e-02
9.410536e-02
1.561149e-02
5.514532e-02
1.021118e-02
1.077343e-02
6.530068e-03
1.939110e-03
2.242581e-02
1.556771e-02
1.532509e-02
1.097967e-01
1.174128e-01
3.000294e-06
3.207706e-02
9.481344e-03
2.662329e-01
1.136193e-01
2.584237e-02
6.121146e-02
3.436556e-02
3.022804e-02
2.052478e-02
1.585809e-01
7.377796e-04
9.310706e-03
1.116671e-03
1.266426e-03
8.235907e-03
8.880157e-03
1.558939e-01
6.110939e-02
4.956504e-02
1.018612e-02
2.302392e-02
1.580588e-01
4.209842e-02
8.332121e-02
1.532069e-02
4.810341e-02
7.651302e-02
1.188590e-03
3.237735e-02
1.558783e-03
1.543039e-02
4.040711e-04
3.941340e-02
1.005162e-02
1.537674e-02
5.857316e-02
2.967897e-02
3.774147e-03
6.536188e-02
4.217725e-03
1.616125e-02
1.503793e-03
8.463995e-02
7.771360e-02
1.600973e-03
9.021009e-02
2.276134e-03
1.806976e-02
9.594357e-03
4.880129e-03
4.886923e-03
4.510159e-02
1.483980e-02
9.709256e-02
1.979836e-01
9.707385e-02
1.090022e-02
1.361913e-01
3.178490e-03
3.938692e-03
2.277310e-02
1.783022e-03
9.282233e-03
