3.683500e-02
1.419447e-02
4.639009e-02
2.582823e-02
4.737787e-03
9.931225e-02
1.999536e-03
1.248692e-01
1.775307e-02
3.216659e-05
3.804340e-04
1.904496e-02
2.988692e-01
2.445273e-03
1.956320e-02
3.374980e-02
1.174693e-02
1.404356e-03
1.054689e-01
2.261492e-01
5.582597e-03
1.330757e-01
7.858530e-03
1.973876e-01
3.886506e-03
7.699032e-05
3.078687e-02
1.703142e-02
1.185184e-02
1.558415e-01
1.154844e-02
7.882189e-03
4.057242e-03
1.482817e-01
1.245673e-01
1.111477e-02
4.015291e-03
2.858170e-01
3.535506e-02
3.337309e-02
4.665922e-03
8.516151e-02
3.236554e-02
7.763961e-02
3.869999e-02
2.520104e-02
1.645727e-02
2.013144e-06
5.787706e-04
6.162753e-02
4.042225e-04
2.371103e-01
5.618874e-03
1.151467e-02
4.580024e-03
3.234488e-02
6.910522e-02
1.242013e-01
1.308714e-02
1.065844e-01
6.779696e-02
8.895408e-03
3.238254e-03
4.986060e-02
3.006709e-01
1.045029e-02
1.179710e-01
5.734135e-02
6.025573e-04
1.275230e-03
4.046257e-02
1.131891e-01
2.433024e-03
1.974306e-02
8.073412e-03
3.971517e-04
4.735383e-02
2.435560e-01
1.674736e-03
3.201748e-02
4.612050e-03
1.501124e-02
4.159966e-02
4.986255e-02
4.801214e-03
1.665849e-02
1.425953e-02
6.078722e-04
8.228473e-02
1.146824e-01
2.434557e-02
2.584955e-02
1.089712e-02
2.758716e-05
9.092495e-03
4.787978e-02
5.139112e-02
1.331857e-02
5.520609e-02
8.674529e-03
7.642446e-04
3.440455e-01
8.807970e-02
9.510450e-03
1.652528e-02
3.425227e-02
2.681628e-03
1.547644e-04
3.527335e-02
3.487394e-02
3.760082e-02
1.058914e-01
4.801305e-02
1.068612e-01
3.447583e-02
2.773778e-01
5.786694e-03
5.246028e-03
2.405159e-02
7.146741e-02
1.721631e-02
1.450342e-03
8.132718e-02
1.048940e-02
1.193826e-01
8.490974e-02
7.969589e-02
7.936317e-03
2.932012e-03
8.427945e-02
1.128016e-01
3.130585e-03
3.048783e-02
6.101028e-03
2.047189e-05
6.445724e-02
2.239566e-02
3.862018e-02
2.691545e-02
1.376487e-04
9.492079e-06
6.716942e-03
1.113629e-03
3.627928e-02
5.837326e-02
1.067066e-03
1.515561e-01
2.112001e-02
3.371046e-02
1.147546e-02
2.385860e-03
5.405165e-02
3.980797e-02
1.819890e-02
3.310547e-02
3.203177e-03
2.238856e-03
3.448839e-02
6.634744e-02
9.108923e-01
3.313431e-02
4.456815e-02
8.663742e-02
1.370247e-01
7.066537e-03
1.151484e-01
2.644412e-02
1.132423e-02
8.366729e-03
3.848622e-02
4.306414e-02
1.548492e-01
6.168595e-02
8.872544e-02
1.170412e-01
4.612208e-02
1.792013e-02
1.047011e-02
2.328463e-02
1.616068e-02
5.058938e-02
1.578233e-02
3.076927e-03
7.847884e-02
2.917744e-02
1.332134e-02
1.151564e-01
2.216692e-03
6.863126e-03
1.314778e-04
7.282264e-02
1.085668e-02
2.279735e-02
8.283843e-02
1.857623e-02
1.239952e-02
1.018801e-02
6.426828e-03
1.551283e-04
2.093436e-02
1.245795e-02
1.310094e-01
3.636994e-02
2.620673e-02
1.420052e-02
5.117401e-03
3.719953e-02
1.696547e-02
1.331906e-01
2.542041e-03
7.702653e-02
5.423683e-02
3.465775e-02
5.540660e-02
1.745495e-02
8.418635e-03
5.481570e-02
2.568314e-03
5.210995e-03
5.982882e-03
1.219401e-01
8.359951e-04
4.088306e-03
2.241381e-02
1.786352e-03
4.337951e-02
3.207610e-02
5.457460e-02
2.131902e-03
3.539892e-02
9.310058e-02
1.413812e-01
1.452942e-01
4.105584e-02
1.503168e-02
3.315655e-03
3.119744e-02
1.027828e-02
1.481461e-01
8.748981e-02
1.554991e-03
6.416869e-03
2.617364e-04
2.509383e-06
1.109213e-02
1.057980e-01
6.685616e-02
5.836866e-02
6.070115e-03
2.798445e-05
7.764285e-02
3.876099e-02
2.567369e-03
1.256331e-02
1.176959e-01
6.627923e-03
4.568182e-02
2.433130e-02
2.175089e-02
6.368257e-03
7.824625e-02
1.601249e-03
2.375592e-03
5.437214e-02
4.275733e-02
2.427764e-01
8.731413e-02
6.894509e-05
5.710984e-02
7.265279e-02
6.006145e-04
1.271509e-01
1.352147e-01
7.323735e-02
2.750697e-02
4.501030e-03
3.285543e-02
2.124713e-02
6.011617e-02
1.007467e-02
2.991942e-02
9.316851e-02
4.273523e-02
3.590466e-02
1.895061e-03
5.443431e-02
1.414913e-02
2.393525e-03
1.264071e-01
1.897752e-01
4.763888e-02
2.050918e-03
1.114397e-02
2.122834e-06
4.850406e-02
1.788106e-02
6.492214e-04
3.779601e-02
5.122421e-02
3.495558e-05
1.291601e-02
1.839873e-01
1.515149e-03
9.653575e-05
9.334108e-02
2.173649e-04
8.597589e-03
5.710300e-02
3.369438e-03
5.259876e-02
1.650794e-01
4.470768e-01
1.884030e-01
5.423031e-02
8.293005e-02
9.156853e-02
2.597368e-02
5.189445e-04
1.112911e-02
1.057562e-02
4.914587e-02
1.097373e-03
1.175282e-01
3.879757e-02
1.472199e-01
1.806671e-02
1.827496e-02
8.656722e-02
6.573867e-03
1.759207e-02
3.308318e-02
3.586775e-02
2.839445e-01
4.472309e-02
2.660060e-03
1.152922e-01
1.220009e-02
6.734910e-03
7.602008e-03
9.395075e-03
1.126570e-01
7.965402e-02
1.798804e-04
6.241556e-04
6.720060e-02
2.633811e-02
1.999176e-01
1.721918e-01
3.845855e-03
2.510528e-01
1.462465e-02
5.473769e-02
9.077948e-02
3.730864e-02
4.968730e-02
1.449587e-01
8.304860e-03
7.980418e-02
2.012659e-01
8.760679e-02
1.586239e-02
1.905184e-04
3.427114e-04
4.341149e-04
1.812437e-03
2.135000e-03
2.847164e-02
1.852291e-01
7.497021e-02
1.102161e-04
5.352387e-02
1.259569e-02
5.896635e-02
6.140282e-05
5.780049e-04
1.556924e-03
6.416241e-02
1.120219e-03
1.674118e-02
9.657839e-04
5.684642e-04
2.729019e-03
5.482711e-04
3.061143e-02
3.879056e-02
1.171305e-02
8.746472e-02
1.653276e-01
1.482506e-02
1.508680e-02
1.185444e-01
2.309554e-02
1.010341e-01
7.202281e-02
8.370969e-02
1.386384e-01
7.518588e-03
3.589570e-02
1.922920e-03
1.076078e-02
1.693523e-01
5.736639e-03
1.057270e-03
1.216284e-01
5.719137e-02
9.661542e-02
1.708363e-01
1.154124e-02
1.067754e-03
5.038336e-02
1.527634e-01
1.061381e-02
1.124672e-03
1.153438e-02
4.038637e-02
2.307515e-01
2.692479e-02
4.325716e-02
2.769747e-02
2.199673e-02
2.889707e-02
2.240717e-01
3.693849e-02
1.660001e-03
2.066390e-01
5.647589e-03
3.236622e-02
2.347764e-01
7.161218e-02
2.909284e-02
5.536331e-02
3.330061e-02
1.369484e-02
7.286485e-03
6.363289e-02
1.570579e-04
7.262080e-02
1.758161e-02
1.331435e-02
4.082147e-02
2.391999e-01
1.497572e-02
9.782882e-02
3.511183e-03
3.612026e-02
2.220759e-03
7.719282e-03
4.289850e-02
4.334647e-03
2.191954e-02
1.573483e-01
1.180662e-02
3.639234e-03
1.269162e-01
2.044505e-02
4.580435e-03
1.375008e-04
3.898678e-02
9.569651e-02
1.819045e-02
1.611205e-01
1.836281e-03
1.882271e-03
2.570681e-02
9.927195e-03
7.485300e-02
7.227569e-02
9.630908e-02
5.759162e-03
9.794665e-03
7.948164e-03
3.433848e-01
1.539960e-02
8.360253e-02
5.358113e-03
5.201503e-01
4.298119e-03
1.621600e-02
2.104172e-03
2.114823e-02
5.657336e-02
1.405027e-02
6.621235e-02
1.404795e-02
1.264885e-02
2.888508e-02
1.139891e-02
2.367297e-03
8.333060e-03
5.675073e-02
3.401151e-04
2.065307e-04
1.238298e-01
5.335426e-02
1.042065e-02
1.190340e-02
1.133837e-01
5.953075e-02
6.948562e-03
3.484008e-01
4.827009e-02
1.685374e-01
4.743184e-02
5.169265e-02
1.398310e-02
4.493869e-02
2.332972e-01
1.246741e-01
1.032014e-02
9.350351e-02
5.873461e-01
4.090366e-02
7.345582e-05
1.716494e-01
1.121260e-02
7.175938e-02
1.892618e-02
4.524724e-03
1.068185e-01
3.474812e-02
1.861300e-04
6.319056e-02
1.270919e-01
3.198141e-03
1.216975e-02
1.383388e-03
1.054127e-01
2.975282e-02
2.539797e-02
8.679174e-02
1.766793e-02
2.965872e-02
2.405717e-03
1.616808e-02
1.402431e-05
3.374579e-02
2.685318e-03
3.666380e-01
1.359073e-02
1.954796e-03
5.746634e-02
1.258664e-03
4.875925e-03
9.090799e-02
1.028364e-01
1.539362e-02
1.004482e-01
4.787904e-02
3.416349e-01
3.402705e-02
4.593163e-02
1.060367e-01
2.154767e-02
1.211371e-03
7.610411e-03
5.559095e-03
8.249376e-02
8.169971e-04
1.807148e-02
4.229571e-03
3.806213e-02
2.324052e-02
3.742567e-02
5.466560e-02
1.792146e-02
4.455982e-02
1.158435e-01
8.089102e-02
4.579743e-04
2.134022e-02
3.761736e-03
7.294446e-03
8.780069e-02
1.046921e-01
4.095398e-06
9.704897e-02
1.317267e-01
9.946782e-02
6.149368e-02
1.049343e-02
6.728524e-03
2.587662e-02
2.674666e-02
7.704995e-02
1.560991e-01
7.459787e-02
6.494794e-02
2.320501e-01
9.417153e-03
3.472138e-06
1.323760e-01
4.021893e-03
1.024060e-01
2.168963e-01
