7.861039e-02
3.037021e-04
1.039331e-02
5.417545e-04
2.234700e-02
3.025934e-02
2.040351e-01
2.337909e-01
9.082968e-02
2.528730e-03
8.612318e-02
1.853689e-03
3.126118e-02
1.320291e-02
9.149785e-02
5.197002e-03
1.290960e-01
8.267987e-02
3.809265e-03
2.666906e-02
1.010883e-02
7.027626e-02
5.167370e-04
5.620158e-03
2.936364e-05
2.030549e-02
1.846721e-02
1.339201e-01
1.404611e-01
7.072384e-02
8.775042e-04
3.616083e-03
8.436120e-04
5.911013e-04
8.322470e-04
2.304221e-02
3.964093e-02
1.760545e-02
2.459600e-02
8.358991e-02
3.220807e-02
2.362396e-02
7.082904e-02
1.030788e-01
5.462944e-03
6.394262e-03
1.309918e-01
5.318981e-02
1.896666e-02
5.105948e-01
6.728952e-02
7.557201e-03
2.700607e-03
1.051584e-02
3.708276e-02
2.192954e-01
5.156057e-02
1.858085e-05
2.216314e-03
6.032254e-03
1.121527e-01
1.757596e-03
1.007770e-02
1.334032e-01
6.029179e-02
8.658691e-02
1.860034e-01
9.781011e-02
4.083814e-02
6.076774e-03
1.737455e-03
1.879080e-02
1.822343e-02
5.478492e-03
5.238601e-02
3.050414e-02
3.194006e-02
1.449961e-02
6.875677e-02
6.609569e-02
2.783261e-02
3.745957e-02
2.190329e-03
9.016370e-03
3.702051e-02
1.278907e-01
3.267791e-03
9.473155e-03
1.568135e-02
8.070414e-02
9.832280e-04
2.675897e-01
4.660719e-02
3.442758e-02
3.093716e-03
2.919683e-01
1.721104e-02
8.193322e-02
2.687426e-01
1.100320e-01
2.285111e-03
1.188136e-01
2.934297e-02
3.847264e-02
1.986201e-01
9.860208e-03
6.427615e-02
6.736429e-02
9.609914e-02
6.313505e-03
9.195566e-06
4.730841e-02
1.031512e-01
3.640319e-02
1.144179e-03
1.427913e-01
1.200287e-03
1.246593e-01
1.753584e-01
3.962363e-02
2.153288e-03
1.158113e-02
9.367202e-02
8.268810e-02
6.015296e-02
8.542585e-04
1.368644e-04
4.469517e-02
7.345164e-02
2.333328e-01
1.355486e-02
1.760214e-01
9.594567e-03
2.105836e-02
4.946770e-02
1.998749e-02
1.312463e-01
3.563020e-02
3.053669e-02
2.965011e-02
3.104835e-03
9.311040e-07
4.228784e-04
7.243199e-03
9.045885e-02
8.064682e-03
7.674662e-02
1.462600e-02
1.984703e-01
1.729379e-02
7.111910e-02
1.042230e-01
3.467201e-01
2.162095e-02
1.244942e-02
1.277616e-01
2.063926e-02
4.604917e-02
8.857666e-02
4.492945e-02
7.086368e-02
4.438785e-03
2.470567e-02
3.800242e-02
5.401175e-02
3.180257e-02
3.696810e-03
8.409614e-02
2.223141e-01
9.264856e-03
1.781800e-01
1.612640e-02
1.162243e-02
1.682100e-03
3.593478e-02
3.067604e-02
3.138907e-02
3.166286e-04
7.323930e-02
6.507570e-02
9.846863e-05
4.021875e-01
4.374977e-01
1.137855e-02
4.913761e-03
6.878468e-02
3.327446e-02
2.123437e-02
3.189410e-03
2.112677e-02
9.114523e-04
1.521728e-01
3.166387e-03
1.104914e-01
1.198465e-02
2.561739e-03
6.235094e-02
1.331363e-03
1.529553e-02
1.785232e-01
2.244715e-03
2.360004e-02
1.146421e-01
2.383602e-03
1.480411e-03
1.086610e-02
9.140728e-02
2.496322e-02
3.305311e-03
8.807467e-04
9.885432e-03
1.717347e-02
1.506151e-01
1.529439e-03
1.821815e-03
1.325691e-02
1.477778e-01
1.792825e-01
1.114998e-01
1.092547e-03
1.010376e-02
3.592438e-02
6.216141e-02
5.252812e-02
3.414468e-03
1.296250e-02
1.121647e-03
8.323826e-02
2.437916e-02
6.856667e-02
3.123805e-01
1.181804e-01
7.130040e-02
5.177349e-04
8.702298e-03
9.653810e-02
2.846527e-02
9.042426e-03
3.588166e-01
3.122377e-03
5.966943e-05
1.042931e-01
1.207167e-02
5.769276e-03
6.374806e-03
1.629333e-01
2.469759e-02
6.229739e-02
1.279193e-03
1.493555e-01
7.832481e-02
1.429870e-02
1.034639e-05
1.053389e-01
7.340575e-03
2.181599e-01
1.706032e-05
1.086347e-01
6.185596e-02
2.685277e-02
6.498931e-02
1.135725e-03
8.397021e-03
1.472868e-03
1.700753e-01
3.126807e-03
8.271013e-03
7.021188e-03
8.285110e-03
1.922942e-01
4.914170e-02
8.000175e-02
1.055892e-01
3.558434e-02
8.218967e-03
8.571263e-02
2.613685e-03
4.774978e-03
1.322184e-03
6.926440e-02
1.166301e-02
1.557589e-02
1.445654e-01
3.045296e-03
1.778273e-02
1.102795e-02
1.336779e-04
7.942601e-02
2.503528e-02
1.533410e-01
2.462793e-01
4.113127e-02
1.425410e-01
3.603115e-02
5.482074e-03
1.042124e-01
2.126824e-01
4.523080e-02
2.498414e-02
2.254219e-05
1.464223e-04
8.822685e-02
1.910799e-01
2.073779e-02
4.535160e-03
2.119126e-02
3.521265e-02
4.407114e-03
9.104594e-05
9.990782e-02
8.007203e-02
2.226744e-02
1.001558e-01
6.708943e-03
1.217060e-03
4.386939e-02
7.902877e-04
2.315298e-02
8.591329e-02
4.305326e-03
1.028419e-02
2.086820e-02
4.079216e-03
4.521420e-02
1.226130e-02
1.491887e-03
1.260562e-01
2.617297e-02
4.818362e-02
6.825939e-02
5.196419e-01
3.074344e-02
1.018422e-02
2.458221e-01
2.856394e-01
2.220209e-01
8.943002e-03
2.679412e-02
2.357444e-02
2.952352e-02
6.592072e-03
5.016116e-02
5.015584e-02
7.808597e-04
1.200001e-01
3.511157e-02
1.529817e-02
5.453010e-02
1.230422e-02
4.200591e-02
9.739235e-04
6.324321e-03
8.385520e-02
1.669898e-02
6.561275e-02
6.618714e-02
5.363370e-02
9.405613e-03
1.243414e-01
6.188554e-04
3.680340e-02
2.931092e-02
7.792136e-02
2.037200e-03
4.961616e-02
8.889777e-03
2.193666e-02
2.865351e-05
1.081580e-01
3.069599e-02
1.288087e-03
1.012032e-01
2.556119e-02
7.141412e-07
1.128863e-01
4.278451e-02
3.369521e-01
3.584396e-03
1.565668e-02
2.411870e-03
1.279710e-01
8.114238e-03
1.023644e-01
3.851527e-03
2.285427e-02
8.934299e-04
1.335266e-02
5.355264e-02
7.250470e-03
2.441866e-02
3.037142e-02
6.311462e-03
1.235365e-01
8.400849e-05
5.357990e-03
1.327560e-03
1.600811e-03
5.108719e-04
9.365851e-03
4.316700e-02
1.195280e-02
1.512083e-01
2.719988e-02
5.469500e-02
1.248248e-02
4.488098e-03
5.356121e-02
2.512166e-02
2.391734e-02
2.792808e-01
4.807644e-03
1.719999e-01
8.908471e-04
5.369586e-02
1.721852e-02
8.793823e-02
4.489712e-02
7.703624e-03
5.340732e-03
5.031372e-03
1.778597e-04
7.091118e-02
4.292181e-02
6.261531e-04
4.612555e-03
2.840694e-02
3.483657e-02
5.821603e-02
4.531011e-02
4.880615e-02
6.810693e-03
3.929709e-02
7.096584e-02
1.568689e-01
1.600356e-01
3.304153e-01
7.107523e-03
3.032072e-03
9.426785e-03
1.560291e-02
1.931328e-02
6.137056e-02
5.556955e-02
2.923239e-02
5.222283e-03
1.957784e-01
6.764414e-02
3.527325e-03
8.570025e-03
7.925553e-02
2.178232e-02
2.129630e-02
3.702738e-02
1.291780e-02
5.269669e-02
1.450104e-02
7.361961e-02
2.091917e-02
6.212634e-03
3.572699e-03
5.027043e-02
2.336386e-02
5.108748e-01
2.077311e-02
4.671721e-03
1.214305e-02
5.763125e-02
4.032126e-04
2.545606e-04
7.154675e-04
2.012724e-02
1.054174e-02
1.945019e-02
1.186700e-02
1.950463e-02
3.892505e-03
3.058220e-03
5.139071e-03
6.209460e-04
7.115238e-02
5.016790e-03
3.945907e-02
1.357744e-02
7.286473e-02
2.927401e-02
7.758836e-07
3.353925e-02
1.067065e-03
2.543714e-03
1.393431e-02
1.107936e-02
9.235462e-03
1.005635e-02
4.091037e-04
1.788002e-02
3.684726e-02
2.029130e-02
1.395015e-01
1.007545e-01
3.564064e-04
4.822384e-03
3.703165e-04
4.180642e-01
9.566756e-02
4.950153e-03
3.549929e-01
3.444730e-02
4.259893e-01
7.980126e-03
9.381927e-02
1.275547e-01
4.749230e-02
1.499355e-01
4.398332e-02
7.241266e-02
1.622298e-01
3.037409e-02
9.611253e-02
8.170103e-02
4.812810e-02
7.938599e-04
3.586613e-02
7.412935e-04
3.327357e-01
4.210138e-04
1.726495e-01
2.724370e-02
4.808527e-02
2.268690e-01
2.129143e-04
7.637367e-03
7.158585e-03
1.419489e-01
4.132046e-03
1.438688e-02
1.504489e-02
1.847794e-02
3.862934e-03
3.988655e-03
2.228557e-02
1.681664e-01
2.770133e-02
8.261983e-03
2.903711e-02
2.985934e-01
8.064721e-02
2.269602e-04
1.071797e-02
5.661435e-05
7.777148e-03
3.139998e-02
9.592578e-02
5.834088e-03
5.830996e-02
1.063564e-01
6.568640e-03
1.796741e-02
8.990257e-02
9.859755e-02
2.927694e-03
6.258251e-04
1.819684e-01
6.267468e-03
9.592526e-02
6.234844e-02
1.850049e-02
1.474091e-01
1.200709e-02
1.230175e-01
9.403376e-02
3.123673e-04
1.278615e-01
1.524570e-02
4.016009e-02
8.929006e-02
3.884914e-03
7.801150e-03
1.184349e-03
4.036647e-02
3.869919e-02
7.655594e-03
2.063083e-01
4.010943e-02
2.368496e-02
3.697754e-03
4.808272e-05
1.990503e-02
3.046281e-03
4.289337e-03
5.029921e-03
5.200730e-02
2.539380e-03
1.345056e-02
3.569602e-02
