3.576008e-02
5.973823e-02
3.035375e-03
1.868520e-02
1.270091e-03
5.015075e-02
1.381503e-01
7.985319e-02
3.858320e-03
9.168031e-02
1.370412e-02
4.225881e-02
6.102127e-03
8.230941e-02
5.430455e-02
2.321833e-03
1.416352e-02
9.144328e-03
1.626005e-02
1.033109e-02
2.351630e-01
4.679939e-02
4.788998e-02
2.106022e-02
1.246051e-01
5.827605e-02
1.117433e-02
2.998710e-02
3.910391e-02
9.594476e-02
8.174088e-02
9.342181e-02
5.905699e-03
3.665504e-02
8.193781e-02
1.708868e-02
6.625410e-02
5.440565e-02
1.776029e-01
1.419460e-05
2.125308e-04
3.073876e-02
1.576426e-02
7.509740e-03
3.256789e-02
1.277198e-02
2.774930e-02
3.947152e-02
2.120680e-02
1.776424e-01
8.660191e-03
5.834419e-02
1.847786e-01
4.537171e-03
5.570850e-04
1.053846e-02
4.071891e-02
1.414449e-02
8.112948e-02
4.850282e-02
8.642731e-03
1.008572e-01
8.973078e-02
1.321958e-01
8.291247e-03
1.519648e-01
1.103599e-01
1.427068e-01
1.150722e-01
1.001428e-02
4.214542e-02
1.126978e-01
2.395621e-02
3.372709e-02
2.760689e-02
7.093909e-02
6.465150e-03
5.224978e-02
6.931699e-02
4.008753e-02
2.631914e-02
3.295974e-03
1.534417e-02
3.936094e-04
7.767641e-03
4.835921e-02
8.594528e-03
3.989300e-02
1.711965e-03
1.481643e-01
8.609718e-04
1.193661e-01
1.707297e-01
6.344431e-02
1.126728e-01
3.963149e-02
3.374375e-02
3.976491e-02
8.291138e-02
1.350609e-02
5.617145e-04
9.198433e-03
2.838900e-02
3.985554e-01
1.639148e-01
4.428922e-02
2.732266e-01
1.528800e-01
6.707269e-03
2.049594e-01
4.771211e-02
4.444310e-03
1.962308e-03
8.145506e-03
3.033962e-05
5.105125e-02
1.466596e-02
9.808959e-02
1.507826e-01
2.459298e-02
5.017975e-03
1.841499e-03
9.157844e-04
1.785566e-01
9.269451e-04
1.686239e-03
5.301715e-02
1.425162e-04
2.403132e-01
1.948692e-01
2.607013e-01
5.221510e-02
6.356948e-03
7.978044e-02
8.647147e-06
9.091868e-07
1.738392e-01
2.921703e-02
1.450554e-01
7.302224e-02
1.638693e-01
1.854755e-02
3.149233e-03
2.064803e-02
4.590130e-02
7.188278e-03
4.579159e-02
3.731661e-02
6.422771e-02
3.567911e-02
2.151245e-01
5.872007e-04
1.261049e-01
5.514868e-02
1.048274e-02
1.010636e-01
6.159357e-04
4.512841e-03
8.468085e-02
4.060609e-01
1.639658e-01
3.417841e-02
4.495007e-04
1.630896e-02
8.271088e-03
1.699694e-02
3.484711e-02
6.088711e-02
2.717255e-03
2.626485e-03
1.230823e-02
1.049243e-04
5.545540e-02
1.139841e-01
8.652609e-02
7.175184e-02
1.271424e-02
3.046759e-02
4.362077e-02
1.638355e-03
1.837020e-02
6.236258e-03
9.884220e-02
8.724819e-04
2.424140e-03
1.521423e-01
2.645818e-02
1.036711e-01
3.188319e-02
9.162491e-02
1.620910e-02
8.142962e-02
1.037416e-01
7.595342e-03
2.475402e-04
1.426493e-01
5.861201e-02
8.244802e-03
7.439024e-02
1.011164e-02
6.261957e-02
4.969133e-02
1.570718e-02
9.286350e-02
1.899265e-02
5.064880e-03
2.521590e-02
1.574063e-02
5.502370e-02
1.659479e-02
5.200664e-03
2.776635e-04
2.594273e-05
1.245790e-02
5.874980e-03
2.142175e-02
4.267127e-02
1.156133e-01
2.051213e-02
3.381244e-03
5.289136e-02
1.005079e-02
2.699762e-02
1.448606e-01
3.785436e-02
4.695543e-02
2.603063e-03
4.540999e-02
3.696529e-02
3.566033e-02
7.759426e-04
7.104034e-03
1.972815e-01
5.179500e-02
8.466123e-02
2.823168e-05
6.121284e-02
5.700207e-02
3.145293e-03
6.854336e-02
1.197533e-01
4.100226e-02
1.099085e-01
5.308301e-03
2.370922e-01
6.254867e-02
6.912764e-01
2.368532e-01
1.048076e-01
4.518027e-02
9.134402e-02
1.132725e-02
3.077797e-02
3.663257e-02
2.629150e-02
8.930147e-02
8.399829e-02
2.976379e-03
1.851671e-01
6.997794e-02
1.746256e-01
1.521928e-03
8.970523e-02
1.429055e-05
1.738789e-02
5.228231e-03
1.615572e-02
2.129229e-02
1.177291e-04
2.065506e-03
3.534128e-03
2.364218e-03
1.888421e-01
2.785082e-01
1.085564e-02
2.925694e-01
9.069802e-02
8.846797e-04
3.060572e-02
6.067126e-02
6.575682e-03
9.302783e-03
3.606549e-02
3.822944e-03
1.195094e-01
2.244389e-02
3.359609e-02
1.506731e-02
1.782698e-02
6.403162e-02
1.869059e-02
2.580279e-02
9.327299e-05
3.927431e-03
4.088975e-02
1.884137e-02
1.295396e-01
3.147748e-02
6.751367e-02
7.378853e-02
1.029188e-02
3.409370e-03
2.490962e-01
1.558426e-04
2.222055e-02
2.088524e-01
4.392255e-04
1.099010e-01
1.342781e-01
4.219812e-03
4.678699e-07
3.807906e-04
1.856129e-04
2.015493e-02
1.652479e-01
2.706746e-02
3.159762e-02
6.717074e-02
2.218129e-01
1.742098e-04
2.061558e-01
4.149858e-02
9.927937e-05
1.234700e-01
1.119313e-02
2.529235e-05
1.666428e-02
2.432988e-02
1.067259e-01
5.743530e-03
3.838823e-04
9.638265e-02
2.086375e-02
6.364744e-02
7.910612e-02
7.519800e-03
4.920548e-06
7.535027e-03
1.757038e-01
1.107340e-01
2.788810e-02
5.078406e-02
4.035487e-03
7.939341e-02
1.940753e-03
4.520268e-02
6.150410e-02
3.892999e-02
5.545490e-02
5.655576e-03
1.810954e-02
1.426101e-02
1.343482e-02
2.850933e-01
6.007890e-03
6.818480e-03
1.713337e-01
1.280637e-02
4.061210e-03
4.577583e-03
9.090934e-02
1.595286e-04
1.605532e-02
7.126312e-04
7.486269e-05
5.531824e-02
2.118827e-02
2.671922e-02
2.222819e-01
1.085728e-01
2.916805e-02
1.072681e-01
1.118876e-01
7.391947e-04
4.861457e-02
7.260127e-02
1.775204e-01
2.697980e-02
1.069287e-02
2.341197e-02
1.148029e-02
1.443307e-03
1.860068e-01
1.157291e-01
1.260692e-02
2.192845e-02
8.592449e-02
6.165734e-02
2.968244e-02
3.261763e-06
5.205141e-03
5.699702e-03
1.055289e-02
1.365444e-01
1.819420e-01
9.550192e-03
5.717842e-05
6.049502e-02
4.035538e-02
2.095520e-03
1.092947e-02
1.350136e-04
1.163341e-01
9.186733e-05
1.743946e-01
4.092430e-03
1.920897e-01
1.213917e-04
5.250865e-02
5.259374e-02
1.537202e-03
2.281787e-02
3.856701e-04
2.275937e-02
6.811742e-03
1.239919e-03
1.645024e-02
1.387050e-01
3.786203e-02
1.556225e-03
9.803065e-02
3.900465e-02
7.636826e-03
3.307362e-04
9.101034e-03
1.104081e-01
1.271270e-02
5.737534e-03
1.660613e-01
1.836180e-03
2.244235e-03
1.308420e-01
3.290446e-02
9.928623e-02
2.688562e-04
4.568066e-02
7.906517e-02
4.081958e-02
4.032032e-02
6.127038e-02
9.064271e-02
1.076296e-02
3.859605e-02
5.777845e-02
1.793206e-02
3.581154e-02
2.035784e-02
4.874738e-03
9.992792e-02
1.744115e-01
8.468374e-05
1.564858e-01
3.634060e-02
1.383678e-02
4.732262e-03
2.622663e-04
9.667985e-04
2.387041e-02
5.546845e-04
3.483997e-02
1.941482e-01
2.251420e-03
2.571909e-03
3.914023e-02
1.038062e-04
3.276185e-02
3.210150e-02
2.422917e-04
5.023324e-03
2.154698e-03
2.160711e-01
4.938803e-03
4.674120e-02
8.232003e-03
4.821769e-03
1.114550e-02
1.226784e-01
2.143748e-02
5.874525e-06
5.263712e-03
1.648498e-02
1.168031e-01
1.308391e-01
2.262275e-03
2.228266e-03
7.656679e-02
3.795600e-02
3.298220e-02
1.037511e-01
1.992016e-03
6.053320e-02
2.671858e-02
1.303166e-04
1.802818e-01
1.632552e-01
3.412594e-02
1.807537e-02
7.787136e-03
7.935068e-02
5.916763e-04
1.561555e-02
4.264224e-02
4.702645e-02
8.212772e-02
1.510054e-04
8.527644e-02
5.826211e-02
4.688000e-02
9.634781e-03
1.463564e-02
5.243504e-02
4.710949e-04
1.058129e-02
1.113810e-01
6.417695e-02
1.959195e-02
5.395922e-02
3.309299e-02
9.923267e-04
1.764434e-02
2.222782e-01
6.325725e-02
4.823021e-03
1.766701e-02
1.026952e-03
1.491120e-03
1.731625e-02
5.742845e-02
1.701728e-03
2.733344e-02
3.895076e-02
6.203016e-02
2.695258e-02
2.675114e-03
1.793569e-02
1.324324e-02
1.235374e-02
8.895731e-03
1.488865e-02
1.972864e-02
7.746630e-03
1.703229e-01
1.723755e-01
4.020827e-02
2.478811e-02
8.706157e-02
2.267085e-03
5.214577e-02
3.797394e-02
2.954400e-02
6.381771e-03
3.272047e-02
3.734188e-02
1.155621e-02
7.628638e-03
2.791612e-03
1.954494e-02
7.286023e-05
7.454216e-03
8.944587e-03
4.670088e-02
4.145845e-03
4.209234e-02
6.576583e-04
3.632904e-05
4.242919e-03
3.066544e-03
3.473043e-02
1.549292e-03
7.697353e-02
2.583389e-02
1.202605e-02
1.366685e-01
3.379175e-05
8.655132e-02
7.925174e-03
5.981210e-03
4.240210e-02
1.149465e-01
1.405744e-01
4.520193e-02
1.037145e-04
1.656750e-03
1.746154e-01
2.993590e-03
1.102005e-01
2.548104e-02
4.767114e-02
8.632206e-03
2.593364e-03
2.469921e-03
3.211599e-02
6.621664e-03
1.156000e-01
