2.162528e-02
4.751600e-03
1.748412e-02
1.263587e-01
3.652838e-02
3.894266e-01
1.009482e-01
1.336518e-02
3.485035e-02
5.017979e-02
4.769552e-02
1.145297e-01
2.292445e-02
7.560048e-04
5.241861e-02
2.785006e-03
3.033769e-03
4.138279e-02
1.952440e-02
3.433488e-02
1.273308e-02
4.382927e-02
8.568943e-03
1.335772e-01
1.798618e-03
4.429430e-04
5.751590e-04
6.468986e-02
6.732811e-02
1.534114e-02
8.065927e-04
8.483944e-03
2.790993e-02
1.010296e-02
4.236666e-02
6.643742e-02
2.057134e-01
3.884108e-02
4.818654e-03
2.506994e-02
9.521133e-02
1.606921e-03
6.214297e-04
1.464557e-02
9.013892e-03
8.157804e-03
6.215156e-02
8.161752e-02
5.146061e-02
2.601705e-03
2.056345e-03
2.583113e-03
3.928050e-04
1.737979e-03
2.816689e-02
2.247361e-03
1.170141e-03
1.685686e-01
6.985504e-03
1.182634e-02
2.448209e-03
4.852132e-02
1.408472e-02
1.099821e-02
1.028390e-02
1.077669e-01
4.667324e-02
1.249110e-01
2.385328e-04
3.456188e-02
1.030208e-02
9.654403e-02
9.528067e-03
1.278250e-01
4.187636e-03
2.566426e-01
3.901747e-03
2.776019e-01
1.731793e-02
1.097324e-03
2.613588e-03
4.594477e-02
3.741190e-02
1.163562e-01
3.212363e-02
5.934839e-02
1.454433e-01
1.554024e-01
1.724432e-02
1.377082e-01
4.927148e-01
3.495311e-02
1.573923e-04
3.333272e-03
8.862531e-02
1.996064e-02
9.882857e-04
8.548937e-02
4.426655e-03
1.697143e-01
2.124877e-02
3.864616e-03
4.494722e-01
3.061519e-02
1.961742e-01
1.419730e-01
2.890537e-02
1.258264e-04
4.186123e-02
8.173989e-02
2.172718e-02
1.079273e-01
1.929497e-04
1.302291e-01
8.252545e-04
4.751052e-02
4.586725e-02
1.588999e-03
3.916588e-02
1.757627e-03
8.836992e-05
2.259869e-02
8.600427e-02
4.407923e-02
1.021328e-01
3.947444e-02
6.552270e-02
2.025837e-02
2.464537e-03
1.842453e-02
9.709041e-02
1.146477e-01
2.046641e-02
3.843077e-02
6.529224e-02
4.447509e-02
1.476994e-01
1.151157e-01
7.264276e-04
4.960103e-02
9.892682e-05
4.242743e-02
1.402759e-03
6.721386e-02
1.502108e-01
1.280360e-02
1.299866e-01
9.069254e-02
3.135302e-02
7.246623e-02
8.755426e-03
1.598115e-03
4.911009e-01
2.378153e-04
1.262906e-01
2.826345e-03
1.536379e-01
1.423747e-01
2.602189e-02
3.068273e-01
2.320494e-02
1.162042e-01
4.952541e-03
1.204859e-03
4.501578e-03
8.299236e-03
2.106780e-02
9.300435e-04
1.085748e-02
1.414595e-02
7.370558e-02
3.861919e-02
1.117500e-01
6.539914e-03
8.869590e-02
4.807608e-02
1.512351e-02
8.090797e-03
8.820354e-03
7.010210e-04
3.641465e-03
4.741073e-02
2.676900e-02
8.692050e-03
1.904223e-01
6.175870e-02
7.531841e-03
2.390286e-04
1.570570e-02
3.569005e-03
2.267362e-03
1.221584e-01
3.404403e-02
1.440682e-01
2.113661e-03
1.137966e-02
9.109463e-02
5.686172e-04
4.380754e-02
7.489757e-02
9.053579e-03
1.793873e-04
4.951203e-02
2.812248e-02
6.605380e-03
9.217028e-04
2.306071e-03
4.937952e-02
5.779085e-02
5.150537e-02
1.983260e-02
5.663627e-02
3.815082e-02
3.761756e-02
9.606515e-03
4.068787e-01
4.577805e-03
2.084652e-02
2.422621e-04
2.519443e-03
7.218374e-02
3.153237e-02
6.687241e-04
1.852860e-03
6.127018e-03
2.743278e-01
5.547476e-03
8.724299e-02
3.881312e-02
4.559202e-03
4.566957e-02
1.315810e-01
3.811855e-02
1.025815e-02
5.230830e-02
8.903959e-04
1.791957e-03
1.240873e-01
6.393327e-02
9.875494e-04
9.761828e-02
8.731302e-03
4.943621e-02
3.179998e-02
2.017058e-01
9.890897e-02
2.181862e-02
3.082964e-02
9.354911e-04
1.431866e-02
4.519117e-02
2.548730e-02
2.153650e-02
4.066605e-02
6.318926e-03
7.269964e-05
7.083446e-03
2.845205e-02
1.009561e-04
8.120722e-02
6.069837e-01
3.340970e-04
6.739492e-03
1.462002e-02
2.734678e-02
7.332249e-03
1.076933e-01
7.224345e-02
3.741991e-03
1.340695e-01
5.350302e-02
1.797993e-03
3.736745e-01
5.900215e-05
6.937512e-03
2.253012e-01
6.358237e-02
1.797902e-01
4.866122e-02
4.070574e-02
5.837032e-02
1.699203e-02
8.411025e-02
2.043583e-02
2.406893e-01
6.213220e-04
1.666399e-02
2.484820e-02
1.650000e-03
1.016933e-02
8.905348e-02
4.217062e-03
1.133920e-01
6.766393e-03
5.893936e-02
2.002223e-04
2.891553e-02
4.393422e-02
3.450670e-03
2.788748e-02
1.655308e-02
4.652000e-03
5.228221e-02
6.447879e-02
1.355797e-02
1.499846e-01
2.379659e-02
2.771727e-01
2.335995e-03
5.288950e-02
5.100519e-01
1.685221e-01
1.084333e-03
1.441730e-02
4.705953e-02
8.555857e-02
4.142347e-02
1.284881e-02
9.961645e-02
3.189512e-04
2.644863e-02
1.753259e-03
1.238077e-01
2.287365e-02
8.976576e-02
4.096313e-03
5.776613e-02
2.374991e-02
6.918764e-02
1.943612e-01
3.405754e-02
9.083209e-04
6.387276e-02
4.983735e-02
2.013749e-01
1.628706e-02
1.978353e-01
2.026190e-01
3.007001e-02
1.033369e-01
2.832150e-02
1.757989e-02
5.447794e-03
4.584504e-04
3.117324e-03
9.614066e-02
1.278471e-01
3.334752e-02
5.855169e-04
1.699147e-02
1.047918e-02
4.296467e-02
1.212154e-01
1.074268e-01
1.640280e-01
5.659768e-02
6.750411e-02
2.888697e-02
2.022798e-03
3.183234e-02
3.006674e-02
1.544750e-02
4.993555e-05
9.992802e-03
4.742883e-02
7.625951e-02
4.192287e-02
1.766789e-03
5.787099e-03
9.239575e-02
1.003126e-02
6.066680e-02
1.124053e-04
1.453632e-01
1.125013e-01
2.705944e-02
2.039466e-02
1.875292e-02
5.840967e-02
7.765545e-03
9.811355e-02
1.211379e-01
1.235313e-03
2.985506e-02
4.743091e-02
5.424434e-04
2.599515e-02
8.179547e-02
3.866821e-02
3.154842e-02
5.910967e-02
3.876368e-02
1.993999e-01
1.183345e-02
4.650473e-02
6.631284e-02
3.970706e-04
1.335185e-01
6.538954e-03
2.340290e-04
1.503820e-02
1.200928e-02
5.498198e-06
5.267965e-03
5.184691e-02
3.339662e-02
2.970905e-05
5.998869e-03
3.106832e-02
1.317805e-02
4.634455e-02
5.598956e-03
4.269361e-02
2.797740e-01
1.310275e-01
9.954656e-03
2.196682e-01
2.260726e-02
1.477725e-02
1.009742e-03
4.043882e-04
1.550571e-02
6.081803e-03
6.586564e-03
9.175755e-02
8.318909e-03
2.348791e-02
5.814312e-02
8.109116e-02
4.010834e-03
3.780597e-02
1.870306e-02
2.618018e-03
3.213528e-02
5.479874e-02
5.867313e-03
1.552209e-01
2.804913e-04
7.959403e-02
2.326414e-01
1.379116e-01
2.510621e-02
1.843598e-02
9.394923e-02
5.056636e-02
2.638884e-02
3.997075e-02
1.277959e-02
9.878955e-02
1.103888e-01
1.313203e-02
4.855989e-02
1.391092e-03
4.133430e-04
8.615987e-02
1.397568e-05
5.753244e-02
2.204723e-02
1.085790e-02
1.192304e-04
1.797020e-01
7.289690e-02
3.703479e-02
1.311322e-01
5.987685e-02
1.568063e-01
1.928466e-04
8.489694e-02
2.435992e-01
8.511346e-02
8.359811e-03
8.455171e-02
8.692487e-02
3.304133e-03
1.871737e-01
5.183981e-02
5.662166e-02
2.321862e-01
5.646022e-03
7.359169e-05
5.786583e-04
1.046967e-02
4.676530e-02
1.987161e-02
4.718438e-04
1.697958e-02
8.373028e-02
1.261531e-03
2.233655e-03
3.770484e-02
1.010365e-05
1.144122e-01
1.782136e-03
1.270491e-03
2.127993e-02
5.378124e-02
1.088814e-03
7.795870e-03
2.749602e-02
6.029030e-03
2.996466e-02
2.740727e-03
8.273421e-02
1.035482e-04
6.598700e-06
1.367628e-02
3.500932e-03
1.147674e+00
1.203058e-01
6.264753e-03
1.197073e-05
8.680051e-02
3.777382e-03
2.567301e-03
9.601708e-02
7.424384e-02
4.002724e-02
2.185319e-02
2.784868e-05
2.565819e-02
9.181677e-04
1.390399e-04
1.986252e-03
6.884996e-02
2.988672e-02
1.787565e-03
4.814192e-02
2.016141e-02
2.462158e-02
9.221739e-04
2.090075e-03
8.076271e-02
3.769586e-02
1.577391e-02
3.270703e-02
1.252361e-01
7.610265e-02
2.045091e-02
5.480199e-02
2.690474e-03
1.564437e-02
1.172841e-03
4.858689e-03
6.922993e-02
9.106117e-02
5.158651e-03
1.875242e-02
2.378940e-03
6.441738e-03
1.092076e-04
8.816407e-03
3.641264e-01
1.221266e-02
4.786154e-02
5.987856e-04
1.497845e-03
2.257156e-03
1.470843e-02
1.300976e-03
3.390331e-02
3.494190e-02
4.912742e-03
1.851842e-02
3.898769e-02
1.925346e-02
1.222851e-02
2.303448e-04
9.474280e-02
2.001681e-01
2.371391e-03
5.219045e-03
7.551142e-03
7.542935e-03
3.120161e-03
5.997005e-01
2.388356e-03
1.557787e-01
3.347958e-02
4.980145e-02
6.941776e-02
2.181463e-02
1.087933e-02
6.323788e-02
2.536608e-02
2.674458e-02
1.905318e-03
2.176474e-02
3.677678e-03
3.569640e-02
7.632349e-05
3.120173e-02
4.572865e-03
4.484870e-02
1.176697e-02
