5.279421e-03
4.151302e-02
1.465557e-05
5.225977e-02
8.418060e-04
9.331432e-03
3.252758e-02
3.532167e-03
1.799706e-02
1.110766e-03
1.468615e-01
7.603168e-03
1.168554e-02
2.182070e-02
6.517791e-05
7.687258e-02
5.963871e-02
1.287315e-02
9.766117e-06
1.427482e-01
2.209382e-02
1.604781e-02
1.149026e-01
3.026468e-04
4.795054e-02
2.495840e-05
1.185301e-02
6.372605e-03
2.088386e-01
1.570529e-01
3.713452e-02
1.859666e-02
1.805892e-01
1.448586e-02
1.927553e-02
7.737943e-03
2.318249e-02
1.141704e-01
1.141291e-02
6.201776e-02
3.142931e-04
1.055766e-01
7.865094e-03
7.738109e-03
1.955848e-02
2.646034e-02
1.987815e-02
6.791803e-04
1.853535e-03
1.122278e-02
4.082648e-02
3.293438e-04
2.761186e-02
7.302596e-02
2.747916e-01
1.009577e-01
2.329231e-02
3.694388e-01
1.079390e-02
4.408433e-02
7.059879e-02
1.586065e-02
1.591803e-02
4.829803e-04
5.914230e-04
6.744078e-03
1.349708e-01
4.415897e-03
2.481370e-02
2.705369e-02
3.800462e-02
2.419322e-01
1.292874e-02
2.296517e-02
9.036592e-04
1.216102e-01
8.624137e-02
8.080902e-04
8.148094e-04
4.168075e-02
8.615610e-04
4.762229e-05
1.376618e-02
4.890722e-04
2.221875e-02
2.083162e-02
4.125463e-03
5.112032e-02
1.323349e-03
1.738314e-01
1.009033e-02
5.746897e-03
3.646647e-03
7.603723e-07
2.069866e-01
1.975664e-03
8.849527e-02
4.318546e-03
9.844549e-02
8.664008e-03
1.005261e-02
1.222665e-01
1.616326e-03
6.659946e-02
1.567968e-02
1.065824e-03
2.529358e-03
1.913206e-02
2.250171e-02
9.328802e-02
4.382221e-02
3.574738e-03
1.345253e-02
1.793573e-04
3.188688e-02
1.274693e-01
1.020296e-01
5.001741e-03
7.830072e-02
1.376150e-03
1.411458e-01
1.832340e-02
1.191222e-01
1.710879e-03
3.728492e-02
2.512888e-02
2.120825e-03
2.266896e-03
1.392154e-02
1.330547e-02
1.029565e-02
2.653221e-02
1.325863e-04
1.570879e-04
1.144245e-03
8.066927e-02
2.647259e-01
2.746175e-02
1.100595e-02
3.120292e-02
8.614380e-02
3.894560e-04
3.332116e-03
1.990195e-03
3.907885e-02
1.987162e-03
1.078881e-02
7.167875e-03
4.093435e-02
4.549194e-02
7.813021e-02
3.094397e-03
2.987903e-01
1.377105e-01
1.381983e-01
2.792066e-02
2.826241e-01
1.112933e-01
1.011035e-03
8.638562e-02
9.924586e-04
9.784806e-05
6.509727e-03
2.458085e-02
3.942821e-02
6.185540e-02
1.220750e-02
1.252282e-02
1.015696e-04
2.097071e-02
9.034044e-03
2.100120e-03
2.331721e-03
1.898660e-02
8.873158e-02
5.544029e-02
6.565156e-02
1.266241e-02
7.868430e-02
2.883391e-03
7.460784e-02
2.763975e-01
1.135665e-01
3.998556e-02
8.992767e-03
1.030576e-02
6.312292e-02
7.537540e-02
4.690916e-02
1.905109e-02
8.109872e-03
2.281584e-03
1.983439e-01
6.401074e-03
2.732154e-01
1.106798e-01
9.429120e-03
4.812954e-02
4.339188e-02
1.856276e-01
7.972199e-03
1.419353e-06
1.750654e-02
9.462898e-04
2.356310e-02
1.904679e-02
2.207592e-03
3.500823e-02
1.310771e-01
2.313168e-03
3.591295e-02
2.026451e-03
3.633594e-02
7.821323e-03
3.979783e-01
8.637944e-03
1.386620e-01
2.297032e-02
2.509976e-03
4.187098e-02
1.906190e-02
1.621846e-05
3.774202e-06
7.635108e-03
1.233791e-03
1.249203e-01
5.670122e-02
2.579769e-02
4.820827e-02
1.286522e-01
7.792664e-02
4.843126e-02
1.287910e-02
1.511742e-02
2.534396e-02
5.911620e-04
1.131414e-02
5.956200e-02
6.470986e-02
1.790105e-02
2.250357e-01
1.437401e-02
2.955480e-02
4.665116e-02
1.341436e-01
1.916333e-01
2.985368e-02
1.910419e-02
7.887510e-02
7.055936e-02
6.058826e-02
9.990319e-02
2.555945e-02
2.759427e-02
2.810538e-03
1.294337e-01
3.824898e-02
5.708497e-03
1.625290e-02
3.403965e-02
8.366496e-01
3.386854e-05
2.639588e-03
1.483842e-01
4.179861e-02
8.731879e-02
1.059447e-05
5.702870e-02
7.697743e-05
2.315588e-02
2.792094e-01
3.274304e-01
7.634918e-02
5.051048e-02
2.673971e-02
5.827385e-04
1.021725e-02
8.007333e-02
5.288211e-02
2.391815e-03
8.392076e-03
1.875872e-03
5.514158e-02
6.587413e-03
1.460192e-02
1.218122e-02
8.502825e-02
1.696871e-04
2.837549e-02
4.325947e-02
1.631915e-01
2.156441e-02
6.837519e-01
9.518638e-02
4.181975e-02
1.487025e-01
1.905704e-02
8.932326e-05
6.241634e-02
3.795999e-05
1.190045e-02
1.898505e-01
1.230462e-02
3.417135e-03
3.267155e-02
1.821192e-01
2.671631e-04
2.025594e-03
7.442077e-02
5.054085e-06
9.298394e-02
1.129343e-02
2.706048e-02
2.354786e-01
9.281589e-02
3.967554e-02
4.759567e-02
1.299686e-02
3.338648e-03
8.440011e-02
4.952779e-02
8.230727e-03
2.416957e-03
2.693666e-05
1.824064e-03
4.959987e-02
2.674074e-02
1.030305e-01
7.226167e-03
4.763441e-03
7.401632e-03
8.891833e-02
6.529986e-04
2.563272e-02
3.079162e-01
1.069530e-01
1.631856e-02
2.221279e-02
1.603233e-02
2.337835e-03
2.668989e-03
4.800316e-04
9.513796e-02
6.912492e-03
1.437839e-01
5.581070e-02
1.518640e-02
7.963137e-02
3.718709e-03
2.779604e-03
8.143007e-02
4.063876e-04
3.449883e-02
3.948754e-04
2.844302e-03
1.386957e-02
5.839990e-01
6.134304e-03
1.026036e-01
9.577963e-04
3.439968e-02
6.789106e-02
2.236451e-04
2.170152e-02
4.180474e-04
4.498729e-03
2.219456e-01
3.269654e-02
1.532078e-01
9.430936e-08
2.860135e-02
1.633326e-01
4.982117e-03
6.117158e-02
1.768313e-01
1.831234e-02
3.003995e-03
3.710709e-03
7.154809e-04
1.421159e-02
4.950479e-02
9.791396e-04
2.329018e-03
3.111815e-02
2.001218e-02
6.744507e-03
3.416087e-01
9.434122e-03
8.392645e-02
2.023599e-01
2.234674e-02
6.402634e-03
4.036342e-03
1.693036e-02
8.962299e-02
9.612711e-03
2.316159e-02
1.358456e-08
7.378102e-02
3.625549e-02
1.077637e-01
5.878449e-02
5.386603e-03
9.336312e-02
4.874285e-02
1.402609e-01
1.781961e-01
7.438836e-02
1.077216e-02
2.740039e-02
5.763093e-04
4.133377e-04
1.451233e-01
3.808255e-03
6.297291e-03
3.475809e-03
7.959168e-03
4.225533e-01
5.274560e-04
2.968020e-03
1.974104e-01
1.000646e-02
2.858680e-02
7.118894e-04
4.286497e-02
1.359050e-03
5.788605e-02
3.204845e-03
3.042379e-02
2.601320e-02
2.433231e-02
1.064071e-01
4.228231e-02
1.887994e-04
7.206618e-02
1.765882e-02
5.669449e-04
9.378731e-04
1.521984e-03
9.349727e-02
1.742290e-01
5.685504e-02
1.661470e-02
3.192983e-01
4.476519e-02
1.720515e-02
6.667144e-06
4.717788e-04
2.479742e-02
1.130984e-01
4.577234e-03
7.277608e-02
5.097004e-04
2.886486e-01
1.361283e-01
9.289984e-02
4.731469e-03
3.186040e-02
3.857596e-03
5.290908e-02
7.247869e-03
1.033117e-03
2.159454e-02
3.099072e-02
1.831748e-01
7.687091e-04
4.738280e-02
8.364681e-02
8.141883e-02
8.800055e-05
1.308125e-02
9.028667e-03
1.999164e-02
9.745601e-02
5.510476e-03
1.032313e-01
3.683633e-02
2.154941e-01
2.369059e-03
4.842687e-05
1.389948e-02
2.217844e-03
5.593971e-02
1.520250e-04
1.991612e-01
4.255683e-02
5.304830e-02
7.087978e-02
1.248645e-02
2.939869e-03
8.704632e-02
1.142050e-03
4.333886e-01
2.731798e-02
2.410740e-03
3.915149e-01
6.110273e-02
2.462118e-03
2.375459e-01
2.142718e-02
4.721618e-03
3.154510e-02
9.028034e-03
4.851507e-03
1.203692e-01
1.888229e-02
4.623162e-03
1.595359e-01
1.358958e-05
4.401159e-03
1.599510e-01
6.951213e-03
6.808529e-04
6.891516e-02
5.923533e-04
1.912695e-02
9.224850e-02
1.494914e-02
8.685935e-02
4.007809e-02
2.592883e-02
3.786589e-02
1.363491e-01
4.237246e-02
9.461208e-03
3.297761e-02
2.882500e-02
4.112452e-02
1.022247e-02
1.430871e-03
3.796161e-02
5.011514e-03
2.744107e-03
1.520879e-02
3.983051e-02
6.824532e-04
5.140888e-03
3.042577e-02
1.412960e-03
5.501622e-03
2.453644e-01
1.840830e-05
1.961215e-02
7.373281e-02
3.979985e-02
1.296820e-03
4.666000e-02
9.130235e-03
8.304843e-02
1.456824e-02
4.449663e-02
3.174100e-03
6.955489e-02
4.700164e-02
4.230932e-02
7.394550e-03
1.818376e-02
2.806524e-01
4.582111e-02
2.125595e-01
3.772913e-03
2.948219e-03
1.083323e-01
2.276018e-02
6.586625e-02
3.559283e-02
2.917421e-02
1.474085e-03
4.419750e-02
7.620972e-02
2.063640e-02
1.842422e-02
1.777641e-01
1.720834e-02
2.013783e-02
1.717352e-01
8.428564e-05
2.534944e-02
1.458520e-02
2.873855e-01
8.241206e-03
5.884756e-03
5.883909e-03
1.723592e-04
1.151729e-01
1.495523e-02
1.610249e-04
1.772649e-02
2.105749e-02
3.351795e-02
1.908930e-03
4.154692e-02
9.046971e-02
4.772369e-03
