1.897100e-01
1.659339e-02
8.141348e-03
5.467966e-03
4.865090e-02
5.213910e-03
2.719567e-02
8.811692e-02
1.093710e-01
1.019211e-02
7.984802e-03
5.288085e-02
4.898039e-03
2.671366e-02
1.025992e-02
1.761544e-02
1.047766e-01
1.939110e-01
3.629210e-02
3.021235e-02
1.010156e-01
1.536099e-04
2.873464e-02
4.422831e-03
4.501218e-02
3.682695e-02
3.864919e-02
2.941325e-01
4.426225e-02
6.425677e-03
2.493021e-02
2.832484e-02
3.946752e-02
1.974084e-02
1.423713e-01
2.525689e-02
4.891451e-02
4.908879e-02
3.108224e-01
5.721817e-02
3.200438e-05
9.400090e-02
1.025553e-01
1.651643e-02
1.441461e-02
2.536146e-05
5.800460e-02
1.350837e-03
2.847959e-03
8.981611e-02
1.288444e-03
8.652357e-03
3.205879e-01
2.457744e-02
1.437390e-02
1.101797e-02
3.632181e-03
5.413644e-02
4.890778e-03
2.839591e-02
5.763255e-03
1.384864e-03
1.002136e-02
8.289599e-03
3.341282e-02
4.228377e-02
1.617832e-02
1.514892e-01
8.891460e-03
9.231275e-02
8.602051e-02
9.823866e-03
1.066333e-04
4.390941e-05
1.197581e-02
2.756661e-01
5.822682e-03
1.222119e-01
8.827617e-02
2.813463e-02
1.665645e-02
3.288651e-05
1.771584e-01
6.316284e-04
8.371114e-02
1.805781e-02
7.663495e-04
8.759479e-02
8.002385e-03
7.417145e-03
4.160426e-03
4.438604e-02
2.861357e-02
6.589317e-02
3.436896e-02
2.776150e-02
1.999031e-02
6.266139e-03
2.066192e-02
5.138497e-02
9.730713e-02
5.136110e-03
6.210644e-05
8.138842e-02
8.492066e-06
1.302782e-01
3.292660e-02
1.354637e-03
5.317789e-03
1.927986e-01
1.189405e-02
4.656933e-01
2.612220e-02
1.198357e-01
1.248048e-02
1.372539e-03
4.154513e-02
1.284418e-02
1.272554e-01
4.085407e-03
1.443146e-01
9.476148e-02
7.334108e-02
2.028625e-05
1.412495e-02
7.140173e-02
3.279606e-02
5.777296e-03
6.873461e-02
4.814625e-04
1.455649e-02
1.652070e-01
2.498517e-02
7.012357e-02
1.601678e-02
4.973569e-02
1.585597e-01
3.613628e-02
1.022594e-01
5.132359e-03
3.281886e-02
1.125408e-01
5.598319e-03
1.479348e-01
2.655036e-02
3.347646e-03
1.299955e-02
1.273282e-02
2.703715e-02
1.014269e-01
6.739894e-07
1.765908e-02
1.695014e-03
1.773989e-01
3.330309e-02
5.874255e-02
4.438379e-03
6.968948e-04
9.560732e-03
2.351287e-02
6.917482e-02
6.591395e-02
8.991399e-02
7.648006e-03
2.225967e-03
3.254576e-01
1.977237e-02
1.157054e-02
5.882892e-04
3.165492e-03
9.368887e-02
4.098452e-02
2.045294e-01
2.346589e-03
2.906309e-03
8.137591e-02
8.002589e-05
2.914825e-03
8.380559e-02
3.127979e-02
6.177759e-02
8.176298e-02
2.102784e-02
4.737979e-08
1.096593e-01
2.841005e-02
1.132286e-02
1.328440e-02
1.365056e-02
3.796291e-03
9.918921e-02
3.868348e-04
3.899893e-02
9.772066e-04
1.110762e-02
1.573155e-03
4.892214e-02
2.425638e-02
3.857827e-02
5.770765e-02
8.857690e-03
1.950290e-03
2.256800e-02
4.831999e-02
7.906556e-02
5.059217e-02
9.520764e-04
1.160165e-01
3.562830e-01
4.958394e-02
1.968465e-01
3.481570e-03
3.281822e-02
8.699708e-09
2.461420e-04
3.401447e-02
2.894836e-02
2.177078e-01
1.980550e-01
3.406148e-03
1.092476e-01
4.684726e-02
3.166573e-01
9.021468e-03
4.032293e-02
5.574962e-02
7.567619e-02
5.244660e-04
2.696296e-02
9.944693e-02
3.753233e-03
1.159359e-02
4.906657e-02
1.609660e-02
1.838702e-01
4.957223e-02
1.891758e-03
1.616575e-02
1.242527e-03
2.887746e-03
1.175290e-01
5.656560e-02
1.159748e-02
9.665029e-05
1.220408e-03
2.789561e-07
8.193454e-05
8.042069e-05
3.113140e-02
4.748786e-03
3.377268e-03
5.224155e-05
4.319023e-03
5.980085e-02
4.412936e-02
4.431691e-02
2.099822e-03
2.105298e-02
2.178669e-04
2.114194e-03
4.871450e-02
2.149902e-03
3.797124e-03
4.687161e-02
1.740058e-01
3.206250e-04
1.083789e-01
5.543969e-04
5.927084e-02
1.311715e-02
9.301240e-02
6.705479e-03
1.548881e-01
3.747625e-03
5.920888e-03
7.784608e-05
6.036635e-02
3.451075e-02
1.322929e-01
2.884194e-02
5.696319e-02
9.117213e-02
1.310658e-02
2.136979e-02
3.034896e-03
1.947945e-02
1.313548e-01
4.329448e-03
5.397473e-02
4.226605e-03
3.131523e-02
4.524030e-03
2.675324e-01
6.377803e-03
1.342015e-01
1.107290e-02
2.103021e-02
2.391503e-02
3.375747e-02
3.866874e-04
3.662117e-01
1.652181e-01
4.215349e-02
3.563360e-02
8.648552e-02
1.880403e-01
1.318543e-01
2.598932e-02
7.240685e-04
3.364935e-02
4.945357e-02
2.809932e-04
2.727877e-05
7.033371e-04
6.189381e-03
1.311957e-02
7.819261e-03
9.403893e-02
1.400156e-01
8.439574e-03
6.908142e-02
1.866232e-05
6.385258e-03
6.937669e-02
2.124499e-02
4.133452e-02
4.074412e-01
6.864392e-02
5.945545e-02
3.192083e-03
6.954718e-02
7.634889e-03
5.286304e-03
8.386197e-04
1.737733e-02
2.874911e-02
3.917363e-01
3.434925e-02
1.431262e-02
2.053893e-02
4.184034e-04
1.879126e-02
2.242033e-01
1.010521e-01
1.509973e-01
2.336386e-02
7.473068e-03
1.205118e-01
2.833796e-04
1.618255e-03
1.428963e-02
5.529490e-03
1.943646e-02
1.968356e-02
2.694446e-04
3.300473e-04
1.236299e-01
4.811699e-02
1.111972e-02
2.659839e-04
4.397661e-03
1.368285e-01
3.106635e-01
1.353620e-03
8.270255e-02
3.110283e-03
2.276750e-02
4.026855e-03
5.721240e-03
3.727542e-01
6.628232e-03
5.225959e-02
3.735892e-04
9.242932e-02
8.378481e-02
1.006858e-02
9.826681e-03
1.016327e-01
4.396195e-02
8.828224e-03
2.366876e-02
1.149746e-03
1.058549e-01
3.896074e-02
1.292023e-01
6.829917e-03
1.564587e-01
4.737471e-02
1.633102e-02
1.167255e-02
1.826880e-02
1.615593e-01
4.401405e-03
1.442521e-01
3.543593e-02
1.486135e-02
3.509836e-03
6.483076e-03
2.229850e-01
1.685615e-03
7.379883e-02
5.136688e-02
3.632428e-03
1.487837e-01
4.025091e-02
9.724397e-02
6.243986e-02
2.747422e-02
7.829284e-04
3.987519e-02
1.725980e-02
1.710894e-03
1.008484e-01
1.298082e-01
3.794765e-05
4.922649e-02
6.254988e-03
1.734544e-01
2.037007e-02
9.700818e-02
1.888058e-02
5.743928e-03
4.191771e-03
9.186557e-04
1.912013e-01
9.320244e-02
6.276469e-02
4.729950e-02
1.860777e-02
3.444970e-01
6.809956e-02
6.044738e-02
5.630300e-02
4.894563e-03
1.055337e-01
1.696936e-01
2.939668e-02
2.705068e-04
3.608034e-03
1.191097e-02
2.278018e-05
1.618627e-03
5.433172e-02
4.133148e-01
2.937933e-01
9.013877e-03
8.894557e-02
6.658110e-02
1.880728e-02
5.194281e-04
5.452719e-04
4.041976e-03
7.564135e-03
4.668190e-02
1.123623e-01
2.810759e-04
4.149930e-02
2.198858e-03
1.694410e-02
2.135972e-02
2.421490e-02
5.704837e-02
3.583710e-02
4.679463e-03
1.417158e-01
3.298827e-02
6.568995e-02
3.048370e-03
4.644739e-01
2.724805e-02
1.264283e-01
3.468978e-02
2.056452e-02
3.066354e-04
1.057382e-01
4.356419e-02
3.066492e-03
2.556823e-02
1.394710e-01
5.256413e-02
2.426191e-02
2.505892e-03
9.398780e-02
2.380496e-02
4.539110e-02
1.930445e-04
4.018416e-02
3.399400e-03
1.736427e-01
3.695376e-03
6.615726e-03
1.550738e-01
9.713893e-02
7.198089e-03
7.110020e-04
1.032943e-02
6.821208e-02
3.070528e-02
6.878452e-02
2.284927e-03
1.539951e-01
3.555650e-02
2.432263e-02
1.365901e-01
3.851684e-04
3.560216e-02
7.183930e-02
4.513524e-02
1.293874e-01
7.762622e-02
2.633973e-01
2.017934e-02
2.168692e-02
2.516201e-01
3.297340e-03
1.517035e-02
9.061849e-03
2.051439e-05
3.839048e-02
1.004942e-01
2.608389e-02
1.678536e-01
1.051002e-01
1.261713e-01
3.196615e-02
1.819656e-01
4.026162e-02
8.789065e-02
2.311276e-02
5.558050e-03
1.020926e-02
1.609278e-01
1.792296e-02
2.171483e-05
1.213743e-04
7.821118e-03
2.817424e-02
1.814105e-02
2.885902e-04
4.841647e-02
1.297981e-01
3.014362e-02
9.434007e-02
5.679536e-02
1.869823e-02
9.693707e-02
1.936878e-01
2.076792e-03
3.035792e-03
4.244592e-03
2.205456e-01
9.663367e-02
3.055792e-02
9.021879e-02
2.438683e-03
3.692537e-03
6.706198e-02
5.829615e-02
1.322217e-01
6.254514e-02
1.699365e-03
3.064282e-02
1.539987e-03
1.372387e-03
7.757266e-02
2.199168e-03
3.975654e-02
4.016938e-04
6.654359e-02
1.357699e-01
5.431984e-02
2.261730e-03
2.585682e-03
1.104592e-02
3.109687e-03
2.424227e-02
3.543896e-03
4.757191e-03
2.337306e-02
1.924757e-01
6.917223e-03
1.950094e-03
1.606508e-02
6.656688e-02
1.199814e-03
3.613495e-02
9.282526e-02
4.039136e-03
2.837547e-02
4.043811e-02
4.107494e-01
6.974340e-02
7.859264e-02
1.343549e-01
