1.162629e-01
1.321848e-03
1.530075e-03
8.319334e-02
1.377305e-02
1.833409e-03
3.541386e-02
2.222421e-01
1.964728e-02
5.466953e-02
1.229456e-02
5.791430e-04
1.478948e-02
5.206425e-04
1.313063e-01
8.556521e-03
4.233669e-02
6.109793e-03
2.236817e-03
2.856249e-02
2.383074e-03
9.248904e-02
7.246341e-03
2.981086e-02
7.458834e-03
2.828223e-01
3.151443e-04
7.899188e-02
8.856925e-02
2.222708e-01
2.301861e-02
8.117567e-02
1.057190e-02
1.774783e-02
8.449467e-02
1.007906e-01
2.250114e-02
1.297261e-02
4.007725e-02
2.311049e-04
6.616182e-03
1.748612e-03
1.245306e-01
6.675678e-02
4.131751e-03
7.642032e-02
4.404550e-02
1.180176e-02
3.282516e-02
3.562521e-02
6.839082e-02
2.249274e-03
1.338834e-02
4.697579e-02
4.608081e-03
6.322130e-03
2.803996e-03
1.072377e-01
1.100123e-02
2.383719e-02
1.859253e-02
2.681731e-01
1.690724e-03
2.110480e-03
8.406675e-02
1.476881e-02
2.970710e-03
3.653058e-02
2.021791e-04
3.631926e-03
1.381376e-01
5.386016e-02
3.901129e-03
4.473457e-02
1.396961e-02
1.554781e-01
3.372370e-01
4.933212e-02
7.893213e-02
3.374956e-03
2.820211e-02
2.132834e-02
1.494078e-02
1.565994e-02
3.498138e-02
3.952368e-02
7.336710e-02
3.529446e-01
2.926097e-02
2.918179e-02
4.350406e-03
3.858735e-02
5.207186e-03
3.431884e-02
1.961997e-04
4.657491e-02
1.150191e-01
7.583838e-02
1.783071e-01
1.138412e-04
3.007820e-02
1.271363e-01
6.799240e-02
7.291039e-04
2.441122e-02
3.358199e-02
1.060812e-01
1.912090e-02
2.022690e-01
4.878438e-03
3.958531e-02
1.008915e-02
3.057615e-02
3.224106e-02
1.088000e-03
1.425581e-02
3.591041e-03
6.451292e-02
3.207261e-02
6.703312e-03
8.076124e-04
1.009079e-02
7.531530e-02
5.604924e-03
1.806256e-02
3.640087e-03
6.818689e-02
2.607580e-02
4.506918e-02
1.268424e-03
3.308100e-03
4.456025e-02
2.342301e-03
1.527111e-02
1.739993e-02
5.052163e-02
3.426003e-01
3.561160e-01
3.309070e-02
2.352731e-01
9.164988e-03
4.751388e-04
1.219778e-03
1.820189e-02
2.034859e-04
3.502467e-02
5.402904e-02
6.717496e-02
1.459388e-01
4.214096e-03
2.219029e-02
2.153039e-01
9.922992e-02
1.238455e-01
1.020634e-01
1.977436e-02
5.089109e-02
1.388146e-06
1.037993e-03
5.431907e-01
1.899029e-04
2.267073e-02
8.680950e-02
2.915898e-03
3.384098e-01
1.048299e-04
3.637096e-02
1.905432e-03
3.145571e-03
1.089378e-02
3.689391e-02
1.552385e-01
7.130802e-03
1.898436e-02
9.825250e-02
1.434633e-02
3.642468e-02
1.013162e-02
1.089296e-01
1.202706e-02
1.087121e-01
6.089687e-02
2.169108e-02
1.235215e-01
2.246559e-02
9.158622e-03
2.306168e-02
6.326364e-02
1.461599e-01
1.798661e-02
1.388876e-03
2.998145e-03
3.873708e-03
9.132067e-03
6.910928e-02
4.447889e-03
6.347398e-02
4.227194e-02
1.216299e-01
2.775830e-02
3.878493e-01
1.456637e-01
4.288192e-02
5.858406e-04
2.146940e-03
2.689124e-02
9.353872e-03
9.877236e-02
1.497242e-01
2.490538e-03
3.508361e-02
5.701716e-02
1.102936e-02
2.900263e-02
9.253483e-03
8.803433e-04
1.971062e-01
3.849098e-02
1.292278e-02
7.938618e-03
1.411965e-02
2.363612e-02
2.390108e-01
1.643962e-05
1.058402e-01
4.371981e-02
4.318570e-02
5.133046e-02
1.152507e-02
4.253863e-04
5.680432e-02
5.173352e-03
3.052602e-01
2.529951e-02
8.162456e-02
1.481437e-01
3.349563e-02
7.396945e-03
2.047154e-04
7.607473e-02
1.934123e-02
2.665991e-04
2.618785e-02
4.582625e-02
5.304365e-03
2.371667e-02
1.134904e-02
6.947418e-02
2.252263e-03
2.570093e-03
3.432423e-03
8.797693e-02
1.649039e-03
8.140736e-04
9.422140e-04
5.484922e-02
7.777571e-02
2.793544e-03
6.375828e-02
2.846918e-03
1.094069e-01
4.072940e-02
8.137904e-02
2.472973e-03
1.416306e-01
3.195209e-04
2.029324e-01
1.798541e-02
1.315125e-03
2.379498e-02
5.550953e-03
7.217970e-03
2.318818e-01
2.001373e-02
5.306679e-02
6.150378e-03
6.030252e-03
8.851386e-03
1.587009e-01
1.084108e-02
1.802477e-02
4.583154e-02
4.923815e-02
1.834367e-02
2.714700e-02
1.979838e-02
3.145851e-02
7.977190e-03
3.587196e-02
3.301222e-01
1.148245e-02
6.234942e-02
8.308141e-02
3.840120e-02
1.939318e-01
1.316850e-02
3.136106e-03
2.189222e-03
5.181667e-02
2.545183e-02
3.576577e-03
2.611506e-02
5.288903e-04
3.654679e-04
3.784607e-02
5.341078e-04
1.016492e-01
8.355424e-02
1.050786e-02
2.797580e-05
3.084966e-03
2.650572e-03
2.269889e-02
6.439003e-02
4.611078e-02
7.407755e-02
7.179844e-03
4.389154e-02
2.172999e-01
1.596621e-01
1.037690e-01
3.957640e-02
2.864576e-03
1.249790e-04
3.815671e-02
2.381282e-02
3.857563e-02
9.983708e-03
1.413217e-01
5.921681e-02
1.916072e-01
6.170621e-02
8.872904e-02
1.354746e-01
5.840458e-02
1.145328e-02
1.926738e-02
8.843468e-03
2.007635e-02
6.271428e-02
2.198234e-01
9.405710e-02
1.048999e-01
8.760348e-04
6.132532e-03
5.192621e-03
1.024402e-02
1.059637e-01
1.238669e-01
4.011538e-03
7.075586e-02
1.865715e-02
9.640942e-03
6.056554e-07
5.269664e-03
6.677442e-04
3.531001e-02
1.414230e-02
3.481753e-02
1.825094e-03
8.740504e-02
3.154211e-03
6.726905e-04
5.200272e-04
4.489664e-02
1.010637e-01
2.164501e-03
1.086092e-01
3.924383e-02
3.284275e-01
2.347777e-02
6.459404e-02
1.278962e-03
3.901647e-02
1.556965e-02
1.863073e-03
2.276637e-01
6.280136e-03
1.102425e-02
1.226868e-02
4.582190e-02
5.874354e-04
6.244960e-03
3.505223e-02
8.464393e-04
3.471128e-02
1.140878e-02
3.232735e-02
7.317987e-04
2.897895e-02
2.757809e-02
2.846031e-04
3.540093e-02
1.091872e-01
1.305538e-02
1.848890e-01
1.787995e-01
1.357663e-01
1.140320e-03
1.483959e-03
2.677606e-03
5.120454e-02
1.614249e-01
3.211294e-02
1.845223e-01
3.845217e-02
2.618767e-04
3.169536e-03
1.078881e-02
1.794933e-01
1.252421e-01
5.563871e-03
8.127723e-02
1.454812e-01
7.663357e-02
2.317672e-03
4.435944e-01
1.429171e-02
4.777631e-03
9.658253e-03
2.056723e-03
2.845438e-03
1.449309e-02
8.233348e-04
1.370694e-03
1.730074e-04
1.086334e-04
2.134771e-02
6.015595e-02
3.285854e-02
8.793707e-05
6.185028e-02
1.668605e-04
1.497429e-02
7.026208e-02
4.477747e-03
3.703080e-02
1.013912e-02
4.810498e-01
2.308689e-02
1.462024e-01
6.534734e-03
1.209258e-02
3.780136e-03
3.950597e-02
1.583366e-02
1.554438e-02
5.664726e-02
2.143637e-03
4.509441e-02
1.609309e-01
6.410284e-02
4.386333e-02
7.866169e-03
9.290063e-02
9.822608e-02
8.348473e-04
3.028108e-03
4.931647e-04
2.170908e-01
1.040870e-01
1.960814e-01
9.501820e-04
3.979623e-03
3.770959e-02
1.094433e-03
2.343464e-01
2.899133e-02
1.053759e-02
1.754051e-02
4.759558e-03
4.514301e-03
1.185181e-01
1.253520e-02
3.846690e-04
3.872184e-03
2.823095e-02
1.368936e-06
7.107168e-02
6.584910e-02
4.889627e-02
6.976721e-03
1.954935e-03
3.470920e-02
1.462623e-01
1.340100e-03
7.456425e-03
3.964580e-02
7.468036e-02
8.243553e-02
4.758122e-02
2.723256e-02
3.192056e-03
1.035876e-01
2.355790e-02
1.517707e-01
9.404390e-02
1.719044e-01
8.214893e-03
1.533451e-03
1.015342e-04
1.265578e-02
7.217901e-02
1.352191e-01
3.826849e-02
6.480609e-02
1.283505e-01
1.199606e+00
4.016059e-02
3.531562e-02
6.230554e-02
2.694019e-01
2.097722e-02
3.952687e-03
1.547076e-02
3.501013e-02
3.509965e-03
4.462035e-02
6.109158e-03
1.490274e-03
1.108311e-02
2.435572e-02
3.624096e-02
1.695880e-02
5.168883e-02
2.354832e-03
5.849541e-02
3.824409e-03
1.473854e-02
1.190614e-04
9.088373e-02
6.823940e-02
1.350535e-01
1.679188e-02
2.179872e-02
3.883885e-02
3.463039e-01
2.771941e-01
2.621776e-03
1.567930e-01
8.320624e-08
7.481042e-02
1.157420e-03
6.071590e-03
1.026168e-01
6.106568e-02
1.996304e-01
1.945598e-01
7.884552e-02
8.449678e-02
4.688837e-02
1.007896e-02
2.332245e-02
3.714185e-03
1.410145e-01
1.678655e-01
3.847227e-02
1.311491e-02
3.605484e-02
6.896627e-03
3.225072e-02
3.324063e-02
3.446000e-03
1.050007e-02
1.114048e-01
2.317162e-01
7.897059e-02
1.160127e-01
1.017701e-02
2.644952e-03
3.004002e-02
7.454283e-02
4.953439e-03
5.762084e-02
1.266201e-01
2.281936e-02
1.223530e-01
4.292650e-02
3.083660e-02
2.356514e-02
9.268738e-03
3.207083e-02
1.926825e-02
6.262818e-03
1.405143e-01
8.512141e-03
2.248528e-04
2.599482e-03
1.973314e-01
1.891337e-03
9.358113e-04
9.290087e-02
3.265441e-02
5.697340e-03
