6.054718e-04
6.518725e-02
1.116946e-01
1.196671e-02
2.845521e-02
4.015171e-02
4.156896e-03
2.554452e-01
1.623700e-01
7.500000e-03
3.023611e-01
1.217430e-02
1.725287e-02
2.791807e-05
3.377320e-02
2.413324e-01
1.387158e-01
3.317361e-04
4.291038e-03
1.876441e-02
1.944260e-02
3.413369e-05
1.222173e-02
1.332523e-04
2.870437e-03
2.563302e-02
1.096942e-02
4.360155e-03
2.330501e-01
8.680404e-02
8.013544e-03
4.877038e-02
1.031054e-02
8.639802e-02
3.130270e-04
1.398507e-01
1.593963e-03
6.631016e-03
1.167220e-02
4.399199e-02
1.160007e-02
3.310266e-02
6.689152e-04
2.152414e-03
2.625751e-01
6.366683e-03
5.161757e-04
5.451958e-02
1.671608e-03
7.069295e-02
2.866771e-04
2.090609e-01
4.621543e-02
1.370676e-01
1.324511e-02
1.259511e-02
1.342841e-02
3.250333e-05
7.784323e-02
4.874767e-03
2.381543e-01
4.465185e-02
2.095468e-02
6.161578e-02
6.009848e-03
2.498618e-01
8.436431e-02
4.267288e-02
5.933300e-02
2.188223e-01
4.731158e-02
1.494510e-01
2.438004e-02
1.012840e-02
9.049085e-02
1.060732e-01
7.607188e-06
5.282872e-02
1.148340e-02
1.557502e-04
1.082839e-03
2.796177e-02
1.576160e-02
8.057393e-03
2.582066e-04
5.434097e-04
3.264088e-02
8.700369e-03
1.244096e-01
5.633466e-02
8.635078e-02
8.569912e-03
4.399305e-02
1.734029e-03
1.563354e-02
7.873730e-02
1.248238e-03
5.240033e-02
2.508153e-01
1.138979e-03
2.324729e-02
1.606608e-04
2.380102e-01
1.706718e-03
8.232499e-02
7.118147e-03
4.013933e-02
2.146826e-02
5.473216e-02
4.728257e-01
7.575044e-02
1.860191e-01
6.056654e-02
1.943369e-03
2.055496e-02
1.159310e-02
4.014099e-02
1.971010e-01
5.625193e-03
8.070463e-02
1.880609e-02
3.460859e-02
1.079750e-01
1.026010e-03
9.899493e-03
6.204586e-06
9.999016e-02
1.500257e-02
2.842025e-02
2.103742e-01
5.491243e-03
3.717253e-03
1.136028e-02
4.209176e-02
1.733887e-03
1.613146e-02
9.884455e-02
8.485102e-02
5.703880e-02
1.413231e-03
3.363544e-01
1.064930e-04
6.803224e-03
1.145887e-03
1.534999e-02
2.421868e-06
1.864711e-02
2.739628e-03
4.104495e-03
3.389796e-02
1.834505e-04
2.996980e-03
3.625310e-02
5.070436e-02
2.057163e-02
8.446980e-02
1.856719e-01
2.281517e-02
2.521419e-02
4.907347e-01
3.684270e-02
6.636522e-02
2.745489e-02
9.342782e-02
5.820557e-04
1.921891e-01
3.545892e-03
2.403795e-02
1.713574e-01
3.185521e-05
1.580262e-02
6.140546e-02
2.069144e-02
1.806122e-02
9.417030e-04
9.723911e-02
1.751475e-02
7.205656e-04
5.752965e-02
1.853619e-03
2.300630e-03
6.838535e-02
6.161978e-02
5.097105e-02
4.783020e-02
7.621259e-02
1.014098e-01
1.118433e-03
4.118132e-05
1.484896e-02
9.734024e-02
1.414655e-02
2.333228e-01
8.916520e-03
2.568876e-03
3.980698e-05
7.359089e-02
4.351573e-02
5.249129e-03
8.395720e-02
3.709704e-02
9.115115e-03
2.823053e-01
3.474566e-03
1.021180e-01
1.495206e-01
3.084401e-02
4.872820e-04
1.005074e-02
5.405558e-03
3.694290e-02
2.537272e-03
3.111032e-02
7.433315e-04
1.244290e-01
3.953849e-02
1.201853e-01
5.998780e-03
6.443082e-04
1.881159e-02
3.775547e-02
1.525081e-02
3.252538e-03
1.829816e-02
7.272223e-02
6.204108e-02
3.990653e-02
7.589792e-04
7.573936e-02
6.640235e-03
1.259501e-02
2.393021e-03
2.258708e-02
1.966866e-03
4.272918e-05
8.332899e-03
1.228406e-02
2.500506e-02
5.967527e-03
1.005884e-02
5.756981e-03
4.839825e-02
4.107144e-02
1.345352e-01
1.088605e-01
1.584858e-04
1.818940e-02
5.102177e-03
4.026884e-02
9.141282e-02
3.810442e-03
1.863281e-02
1.889858e-02
3.243912e-02
3.896184e-02
2.494479e-02
4.055949e-01
1.241679e-03
1.092467e-02
2.440036e-04
1.496280e-01
1.175337e-01
2.171842e-03
1.419429e-01
5.353143e-04
1.945344e-03
6.101520e-01
3.327625e-02
2.488476e-03
4.279592e-02
2.401781e-02
5.402224e-03
1.264825e-02
3.068928e-02
1.907879e-02
9.568592e-02
1.075509e-02
1.156626e-01
6.151924e-02
5.236307e-02
6.027192e-04
7.804596e-02
2.555125e-03
2.351404e-02
2.461268e-02
5.244379e-03
1.613562e-02
1.976464e-02
1.596445e-03
3.892568e-04
1.974682e-02
6.783047e-03
1.412025e-06
9.136414e-04
4.139280e-03
1.213775e-02
3.039548e-02
5.926898e-04
2.469647e-01
3.048381e-03
4.591092e-02
1.789135e-01
9.862138e-02
1.024285e-04
3.111808e-03
2.157662e-02
2.468131e-01
2.198614e-02
2.051904e-01
5.422589e-02
4.366807e-03
2.915672e-01
1.846629e-03
4.374429e-03
1.576174e-02
4.552579e-02
1.011142e-02
1.582013e-05
3.500256e-02
9.071150e-03
4.823632e-02
1.221333e-01
6.850801e-04
2.364273e-03
3.272976e-04
8.228236e-02
2.114814e-02
8.435731e-02
1.713200e-02
2.328811e-03
3.682154e-06
2.923166e-02
3.444766e-01
4.401031e-03
1.014447e-01
3.812016e-02
6.283753e-02
2.315252e-02
3.497044e-05
7.095163e-02
1.015163e-04
1.931759e-02
7.814373e-04
4.369472e-03
1.630223e-01
7.032941e-03
1.734071e-01
1.063312e-02
3.916052e-01
7.213709e-02
5.434290e-01
2.595386e-02
4.973974e-02
6.398528e-03
4.804467e-03
1.979815e-01
1.476608e-02
5.612131e-03
8.990351e-03
1.298198e-03
1.925473e-01
3.869153e-02
2.410184e-03
7.422564e-03
1.924280e-04
8.530220e-02
1.236058e-01
3.419587e-02
8.786963e-04
3.605813e-04
1.155614e-03
2.467827e-03
8.682330e-03
7.826225e-02
8.429016e-02
1.191805e-02
4.139572e-03
7.470516e-03
8.593678e-04
4.758073e-02
3.292310e-02
4.373862e-04
3.017567e-03
2.003687e-02
2.161216e-02
2.203757e-03
1.228204e-01
3.696018e-01
6.157456e-03
1.681902e-03
1.537811e-04
6.861634e-02
1.538392e-02
3.634160e-04
1.091900e-02
1.943106e-02
1.051863e-05
2.217297e-01
7.644259e-04
2.048725e-02
2.262892e-01
3.749250e-02
9.457036e-02
6.171509e-03
2.259769e-02
2.683210e-03
2.734257e-02
1.662740e-01
3.144371e-05
2.614771e-03
2.973119e-01
1.061873e-02
5.467176e-02
3.964928e-03
1.145413e-02
3.591914e-02
8.085036e-02
2.001297e-02
1.315630e-02
2.476535e-04
1.290912e-01
6.053268e-03
3.176664e-04
5.210306e-03
2.397891e-02
1.254532e-02
1.592515e-01
9.917513e-02
6.383998e-02
3.879535e-02
4.552670e-03
1.896700e-05
4.977010e-04
2.752520e-01
6.636118e-02
1.664302e-03
1.490188e-04
3.947905e-03
5.818885e-03
1.015347e-02
3.238455e-02
2.213587e-02
1.052094e-01
2.268744e-01
1.269507e-01
6.797167e-02
6.595472e-02
4.425814e-02
2.346092e-03
3.369005e-03
1.663521e-01
1.545567e-02
4.699077e-03
7.092876e-02
9.559440e-03
4.169795e-02
3.613881e-02
1.671152e-02
1.169844e-02
9.201987e-02
2.443627e-02
2.134737e-03
9.382659e-02
1.240142e-01
2.553892e-01
1.003446e-01
9.313205e-03
1.163284e-02
6.803807e-02
8.188949e-02
2.001306e-02
5.836394e-02
1.719570e-02
1.454316e-01
6.322798e-02
1.378394e-04
1.555109e-03
4.490243e-02
5.526186e-02
4.468401e-05
1.857897e-02
2.367221e-01
2.785409e-03
2.756918e-02
1.430982e-01
5.226748e-04
2.459596e-02
8.804612e-02
1.501360e-01
5.055074e-03
2.767581e-02
6.558868e-04
1.382990e-01
3.289741e-02
2.773823e-04
3.256618e-02
5.022926e-02
9.694191e-02
2.979615e-02
1.078162e-02
1.756047e-05
6.672725e-02
4.585968e-02
1.557591e-01
4.682897e-04
4.836559e-02
2.686954e-05
2.602416e-01
1.360587e-01
1.921121e-01
1.161319e-01
1.078805e-01
1.986295e-03
2.570979e-01
5.657657e-04
3.021037e-03
8.313370e-02
1.210416e-01
2.025702e-02
7.444991e-03
2.196280e-03
1.473974e-02
2.383299e-02
5.117789e-02
9.536081e-03
1.010497e-01
1.008536e-02
2.038567e-01
2.277621e-02
2.863393e-04
2.654332e-02
8.297130e-03
9.014126e-03
1.048579e-01
7.889430e-03
4.519256e-02
2.326129e-02
1.203098e-02
6.842306e-02
3.517194e-02
6.863528e-02
3.062175e-04
1.680888e-02
8.396630e-03
1.048487e-02
5.224849e-05
2.173137e-03
7.529461e-04
7.066538e-02
1.326248e-02
2.505279e-02
1.293947e-02
1.329569e-02
8.837985e-03
8.253085e-02
1.497432e-02
4.470039e-02
3.884624e-04
7.975018e-02
5.004752e-02
1.323463e-01
1.388632e-02
3.240198e-02
3.791683e-02
7.589848e-03
5.697344e-03
8.347762e-04
7.380212e-03
5.490438e-02
1.408753e-03
3.881519e-02
8.629292e-02
2.858610e-03
1.502615e-02
5.199395e-03
9.431872e-03
5.677033e-02
4.694982e-03
1.076331e-01
5.387567e-03
1.381874e-01
1.220885e-01
1.553884e-04
1.486109e-01
2.152732e-02
1.041929e-02
1.145890e-02
9.159920e-02
2.842340e-01
1.485997e-01
1.062127e-01
2.031661e-03
3.325377e-01
1.888956e-03
