4.769658e-02
3.914019e-02
9.641781e-03
1.734092e-02
8.084890e-05
1.005746e-03
1.457059e-03
1.144835e-01
1.748268e-02
7.803782e-02
6.443721e-03
3.691373e-03
1.019000e-04
2.899395e-02
8.303386e-04
2.361365e-02
4.252608e-02
4.745773e-03
3.522613e-02
8.754682e-03
2.767137e-02
3.895940e-04
2.289292e-01
2.873194e-02
1.700712e-03
1.877708e-02
4.936156e-02
5.874582e-03
4.392194e-03
5.981592e-02
1.099400e-01
2.484764e-02
6.930541e-03
8.960819e-03
1.776698e-01
6.038091e-02
4.014390e-02
1.718451e-01
1.674841e-01
1.735078e-02
5.127458e-02
6.196272e-02
4.710625e-02
4.848221e-02
2.224674e-01
8.411346e-02
5.801889e-03
3.282513e-02
6.343066e-02
2.757129e-05
1.169576e-01
1.970713e-02
9.927738e-03
1.019697e-02
1.876434e-01
3.872287e-04
5.507999e-02
7.526975e-02
1.017480e-01
3.001852e-03
1.162733e-01
9.463623e-05
6.293571e-06
3.480038e-02
2.607838e-01
7.839152e-02
3.820395e-02
1.793031e-02
9.949279e-04
8.724909e-04
4.998574e-02
3.593681e-01
6.507400e-02
4.529412e-02
1.926371e-02
1.403216e-04
6.089421e-02
1.474856e-02
2.458612e-03
2.100045e-03
5.030673e-02
9.527448e-03
1.430653e-02
3.000141e-02
1.756271e-02
3.780467e-02
1.316476e-02
7.421281e-03
2.275781e-03
1.377376e-01
1.084000e-01
4.746399e-02
3.390698e-02
4.154832e-03
1.200329e-01
2.987172e-01
1.000954e-01
3.706896e-02
5.098659e-02
2.376683e-05
1.079641e-01
5.150825e-02
1.760389e-02
2.417302e-01
1.121230e-01
1.423335e-02
3.233640e-02
9.502831e-02
1.519431e-02
6.457538e-03
9.348792e-02
2.150504e-01
6.202271e-02
1.020261e-01
3.428079e-02
4.406530e-03
6.426219e-02
4.433761e-04
5.577645e-02
1.243305e-01
7.932061e-02
1.890479e-02
1.036906e-01
1.094627e-03
1.126022e-02
4.688427e-04
1.109893e-01
1.447343e-02
2.641145e-01
3.208773e-01
4.907837e-04
1.208456e-01
7.008504e-02
1.073068e-01
5.906740e-02
2.693657e-02
4.130690e-01
9.769377e-02
3.558103e-02
2.149111e-02
1.300277e-01
3.149584e-02
1.050393e-03
1.542614e-01
7.066408e-02
3.611992e-02
3.438932e-03
4.198884e-02
3.201149e-02
3.691338e-02
1.378575e-02
1.921072e-03
1.632098e-01
1.804463e-04
1.704558e-01
1.454221e-02
8.155257e-03
6.361977e-03
3.762068e-01
3.940476e-03
2.448554e-02
3.254175e-02
7.910527e-03
5.668356e-02
7.366481e-04
1.049245e-02
4.427040e-03
2.661429e-01
9.457655e-02
2.212516e-02
2.789001e-01
4.436825e-02
1.232884e-02
2.121553e-03
1.217655e-04
1.810035e-02
1.777036e-03
9.704490e-02
2.934587e-02
3.197390e-03
2.484532e-01
3.748413e-04
4.192640e-05
3.300849e-03
4.680655e-03
4.944193e-02
1.594672e-03
2.682151e-01
2.472086e-03
9.775391e-04
4.681014e-04
1.761282e-03
7.717881e-02
2.490808e-02
7.801091e-02
8.506504e-03
5.217237e-03
2.191718e-01
3.146845e-02
6.074563e-02
6.877187e-02
5.248594e-04
2.377311e-02
1.484246e-01
5.647860e-03
1.690126e-02
2.311743e-01
3.627067e-01
8.574693e-02
1.085475e-01
2.029127e-03
3.845517e-02
5.768576e-05
1.623991e-03
5.070699e-02
1.381702e-02
3.133790e-02
2.698512e-01
1.020709e-02
2.458544e-03
2.692226e-01
1.490615e-01
3.869278e-06
1.599140e-01
3.735607e-02
2.394375e-02
7.842596e-03
3.408456e-02
5.250145e-02
2.894143e-03
1.541004e-02
6.968162e-02
2.330971e-01
1.772691e-02
5.583361e-02
4.239655e-03
1.367839e-02
4.761287e-04
5.650464e-02
9.977020e-02
4.468127e-02
3.146763e-02
1.454370e-01
1.173680e-03
1.555329e-04
2.508179e-01
1.645148e-02
3.901110e-02
1.186144e-04
1.427036e-05
4.602243e-01
6.816081e-02
7.489927e-03
1.232517e-01
2.015047e-03
4.396712e-02
8.713116e-02
1.978575e-05
2.877306e-02
5.090236e-02
4.172828e-02
2.635739e-03
2.921807e-01
4.961867e-03
7.262758e-02
1.213572e-02
3.023459e-03
1.741445e-04
1.009936e-01
1.408210e-02
9.155967e-02
2.175926e-02
9.888483e-02
5.448929e-02
3.443462e-05
7.828303e-02
8.293416e-02
3.121691e-03
4.114777e-02
1.583522e-03
2.502513e-02
8.069592e-02
1.161642e-02
6.583357e-03
7.805357e-02
1.859405e-02
1.488030e-03
2.355168e-04
5.329873e-02
1.807088e-01
1.114267e-02
8.720659e-02
8.561911e-05
1.156924e-02
1.973586e-02
1.172813e-03
8.222939e-03
3.213973e-04
1.914585e-03
3.192993e-02
6.107401e-03
4.951603e-02
1.363494e-01
1.545003e-01
2.809702e-02
2.489623e-01
5.624410e-01
3.151514e-02
1.090902e-03
4.095992e-02
2.795651e-02
8.207372e-04
3.432773e-01
1.201516e-01
2.977692e-04
3.976061e-01
3.438182e-03
1.152179e-02
2.157056e-03
1.280473e-01
1.128761e-01
3.055880e-02
6.713369e-02
6.058646e-02
6.245563e-02
2.953917e-03
5.820517e-04
2.395326e-02
1.988472e-02
8.723758e-03
1.871679e-03
1.826781e-01
1.725693e-02
1.424144e-02
4.355630e-04
3.755286e-02
1.518563e-02
5.784524e-01
5.800767e-03
2.579478e-02
1.512999e-01
1.207371e-02
2.250558e-02
2.835427e-01
4.963410e-03
6.937616e-02
2.526955e-03
1.541911e-02
1.319977e-01
2.017132e-03
8.611347e-02
3.514710e-03
8.350588e-04
1.648351e-03
4.954399e-03
3.481464e-03
2.452496e-02
1.444856e-02
4.063907e-02
4.653900e-02
4.387660e-02
2.543956e-02
1.912777e-01
7.129008e-03
2.956566e-02
3.006042e-01
1.018859e-01
2.571135e-04
1.063488e-01
2.266726e-03
6.244052e-03
1.414978e-02
3.931480e-04
2.882943e-02
1.967683e-02
1.359595e-03
4.535444e-02
2.797685e-02
1.916456e-02
4.085405e-02
3.158376e-02
3.348898e-02
2.644558e-02
5.436186e-03
1.400273e-01
1.151369e-01
9.469618e-02
2.466701e-02
8.848183e-02
2.090298e-05
3.277080e-02
2.398382e-03
1.603524e-03
2.059722e-02
9.366234e-02
3.281623e-03
4.181142e-03
6.891767e-03
2.337810e-02
3.629986e-02
3.766047e-06
1.412011e-02
3.845368e-02
2.005221e-03
2.003611e-02
5.791427e-02
1.741236e-02
6.419651e-03
3.475707e-04
6.840450e-03
5.294245e-02
1.094789e-02
3.762361e-03
1.997475e-02
1.960685e-03
1.325726e-01
1.258751e-02
4.055289e-02
1.185795e-02
1.183492e-02
5.933034e-02
6.184871e-03
4.087965e-02
3.358965e-03
1.134709e-02
8.269407e-04
1.054983e-02
8.103580e-02
9.287147e-02
1.701653e-02
4.162544e-01
8.288587e-03
2.719207e-02
5.703018e-02
5.716298e-03
6.253563e-02
4.284728e-02
1.671236e-02
1.445218e-01
7.206461e-06
7.316885e-02
1.100854e-01
1.380479e-05
9.162752e-03
1.727181e-02
8.309609e-02
2.103219e-02
1.784215e-02
1.443938e-01
3.995303e-02
9.997952e-03
2.529420e-02
3.478704e-02
3.780039e-04
1.887543e-01
3.694047e-02
4.145241e-02
3.004053e-02
1.146098e-03
6.521626e-04
4.277852e-02
4.621458e-02
2.364826e-01
3.949985e-02
1.120218e-01
9.200859e-04
1.792044e-04
4.368728e-02
3.113963e-01
3.364006e-03
9.846718e-04
1.066067e-01
7.125414e-05
1.120775e-01
3.016579e-02
1.991511e-01
1.955570e-02
7.638972e-02
4.770142e-05
1.021100e-01
8.503540e-03
2.808505e-02
2.510546e-02
1.546560e-04
4.030310e-02
8.373004e-02
2.789450e-02
1.042398e-02
5.463443e-03
6.469940e-03
1.505539e-02
4.603930e-03
4.786410e-02
2.213185e-01
1.480911e-02
4.477856e-03
1.145233e-03
2.832224e-03
9.613587e-02
4.237174e-04
2.583194e-03
1.220305e-01
3.968187e-02
4.413020e-02
3.449282e-02
3.367441e-01
5.479019e-02
7.906549e-02
2.982752e-01
2.600335e-04
6.653788e-02
1.627767e-01
5.346825e-03
1.524762e-01
2.390549e-02
1.931123e-02
8.286173e-02
3.462351e-02
1.455364e-02
5.743917e-02
6.460663e-03
2.106877e-03
3.153327e-04
5.758681e-04
4.897586e-04
1.451603e-01
1.965287e-01
5.113027e-02
2.422585e-01
3.359601e-02
1.907409e-01
1.208780e-02
7.133118e-02
1.370653e-01
2.198274e-02
8.843041e-02
4.768757e-02
4.078186e-04
7.973088e-02
1.814135e-01
8.433466e-02
1.439662e-01
7.090844e-05
8.673729e-04
1.178591e-01
3.233756e-02
7.033267e-02
6.388357e-03
8.415475e-02
7.694718e-02
1.393802e-04
7.346102e-02
2.341453e-05
1.495183e-03
6.593001e-05
2.692638e-04
4.778698e-03
2.366822e-02
6.506316e-03
5.798134e-02
1.147836e-01
1.543322e-01
1.385774e-01
2.556401e-03
5.869546e-03
1.757016e-01
2.779965e-02
9.806169e-02
9.458407e-03
1.432706e-01
3.447932e-05
1.095066e-01
3.796357e-05
4.428205e-03
4.654999e-02
1.464210e-04
3.321378e-03
6.340535e-04
3.506738e-02
1.371223e-02
1.282114e-01
3.418600e-02
3.063890e-02
2.047954e-01
2.959365e-03
4.206761e-03
7.625791e-02
3.582209e-01
3.030569e-03
3.583568e-02
9.720800e-03
1.657588e-01
5.489575e-03
5.048882e-02
