1.766493e-02
4.140423e-04
1.167745e-03
2.440702e-02
6.999421e-03
1.046670e-02
8.124233e-04
7.367182e-02
5.706602e-03
1.279861e-01
3.707746e-03
1.334266e-02
2.608845e-02
4.339203e-02
1.849533e-02
1.907782e-02
9.089214e-04
9.827451e-03
2.140771e-02
7.548616e-04
2.209997e-02
1.329728e-01
6.693466e-03
1.674395e-01
1.069581e-01
9.631002e-02
5.869747e-02
6.609966e-02
1.132430e-04
3.373224e-04
5.963121e-03
1.738302e-01
7.718570e-02
5.179199e-04
1.618014e-02
8.045157e-02
2.004469e-01
7.059749e-05
3.798502e-07
3.034824e-02
3.690283e-02
1.553308e-03
2.422161e-03
1.713266e-02
9.784393e-03
5.044390e-02
5.914712e-03
4.917371e-02
6.471406e-02
2.737814e-02
3.190497e-01
8.451909e-02
1.039248e-02
2.484606e-02
4.916963e-02
4.390017e-02
9.245519e-02
5.129019e-03
1.710509e-02
1.109450e-03
1.421102e-01
4.280446e-02
9.770729e-03
5.083847e-02
1.211464e-01
2.714509e-02
3.786612e-03
8.487131e-02
1.434683e-01
1.010287e-02
6.680877e-02
2.147324e-03
9.451709e-02
5.765708e-02
2.806335e-04
3.710597e-03
8.338868e-03
2.755559e-03
5.618563e-02
3.342701e-02
3.261275e-02
2.642405e-03
1.202916e-01
1.125432e-01
1.145588e-02
2.204455e-01
2.725748e-01
3.186431e-03
1.394771e-02
9.115598e-02
5.817243e-02
1.090250e-03
1.623184e-02
3.645743e-03
7.826768e-04
7.818309e-02
7.934471e-02
1.780616e-03
1.932818e-01
1.573711e-02
2.634993e-03
5.380179e-03
9.122355e-03
4.252736e-01
2.004373e-02
2.390609e-03
3.394619e-02
1.469934e-01
2.096307e-02
3.159499e-02
1.583933e-01
3.986933e-01
2.994742e-01
9.549286e-03
3.074630e-04
1.587083e-02
1.144959e-01
1.234925e-02
4.485555e-03
2.768542e-01
2.509727e-03
5.613411e-03
4.459165e-02
8.662625e-02
2.183909e-02
4.947908e-03
1.184597e-05
7.670512e-03
5.054231e-02
3.051522e-02
1.861018e-01
1.689323e-01
1.636683e-02
1.329851e-02
4.377345e-02
3.792259e-03
2.728717e-02
1.076271e-01
2.661778e-04
8.328664e-02
1.116924e-02
1.107566e-02
2.644482e-03
5.558226e-04
3.263409e-02
2.193487e-04
2.516126e-03
1.165453e-02
6.199216e-02
2.408661e-03
1.406270e-03
1.170311e-07
2.038392e-02
4.801267e-03
4.237714e-04
1.166263e-02
1.169271e-03
3.414797e-01
1.093062e-02
1.060498e+00
1.573781e-01
1.044230e-03
9.002046e-02
1.235588e-03
1.011943e-01
2.118406e-02
3.766463e-05
1.536341e-02
1.468883e-02
1.180653e-01
1.458439e-03
5.052351e-02
8.328236e-02
2.800012e-04
1.198229e-01
2.084220e-01
1.224219e-01
1.155138e-03
8.078700e-02
7.970993e-02
4.683984e-02
4.790978e-02
5.225695e-03
5.881020e-03
2.516333e-02
9.711226e-04
1.096287e-02
4.050040e-02
2.808708e-02
5.310878e-03
9.248764e-05
3.834730e-02
1.863524e-02
1.170576e-01
4.960705e-02
2.210221e-03
4.897528e-02
5.731726e-02
3.612169e-02
4.869674e-06
2.502639e-02
1.257707e-01
3.165185e-03
9.305992e-03
5.256114e-03
5.411083e-02
3.614208e-02
1.681089e-02
8.007960e-03
6.443196e-02
1.096472e-02
1.049632e-01
3.873293e-02
3.266003e-03
6.469680e-03
2.855787e-03
8.210558e-03
1.921719e-04
5.835936e-03
1.514869e-01
3.021536e-03
3.627774e-02
1.306307e-01
4.628863e-02
7.780494e-04
7.891769e-03
2.239311e-04
1.789225e-02
1.661685e-01
1.099074e-01
2.686583e-02
2.978034e-02
6.400220e-03
3.502109e-02
1.807776e-03
6.445925e-02
4.763021e-02
3.059491e-02
4.464340e-02
6.944084e-03
9.401674e-03
1.679014e-02
1.657780e-01
1.367783e-02
2.227521e-02
1.517332e-04
9.117844e-02
4.206852e-02
8.102129e-02
4.511761e-02
7.517106e-03
1.748885e-02
1.362858e-02
1.736998e-01
8.343681e-02
2.627532e-02
9.114521e-03
3.850361e-04
3.990050e-03
3.413266e-01
6.697888e-02
5.140036e-02
7.399017e-03
1.425906e-02
7.927230e-02
7.373203e-03
1.064271e-02
1.081395e-01
2.532650e-01
7.337108e-02
1.699796e-01
1.356936e-01
9.208680e-02
3.296487e-03
2.680172e-02
1.860088e-03
1.285379e-02
7.776555e-07
5.836287e-03
1.543759e-03
1.504640e-01
8.106194e-02
1.518603e-03
1.210539e-02
9.516568e-06
5.557079e-02
4.979693e-03
1.327997e-02
8.598720e-03
2.042353e-01
1.284698e-01
6.015094e-02
8.756462e-02
1.886941e-02
5.612343e-02
1.209301e-02
1.741110e-03
2.220414e-01
1.128299e-01
9.465342e-03
4.908742e-02
2.311931e-03
8.383068e-03
1.033926e-03
1.632676e-02
1.007461e-01
3.095049e-01
1.055757e-02
8.356462e-04
2.250295e-03
1.100020e-01
1.187487e-01
1.144148e-01
5.526003e-02
8.303154e-06
4.801126e-02
1.893146e-02
6.394363e-02
1.143881e-02
1.458911e-02
2.785460e-03
3.718617e-05
1.277886e-01
2.432918e-02
2.167081e-04
2.529859e-03
3.369218e-02
9.291942e-02
3.020835e-02
5.050679e-03
1.883445e-02
3.173587e-03
3.963708e-03
2.572917e-02
1.502188e-02
1.655230e-01
6.132905e-04
9.307998e-02
4.670669e-02
6.525170e-02
5.108647e-03
7.951149e-02
4.622924e-02
9.543501e-04
7.950728e-03
1.971257e-02
7.534669e-02
1.319589e-01
1.308266e-01
7.313796e-03
6.219163e-02
7.039733e-03
3.443261e-02
2.227492e-02
4.384965e-03
1.742037e-02
7.432162e-02
1.357605e-02
3.043354e-02
1.625655e-01
2.996237e-02
6.913520e-02
3.462441e-04
3.713913e-04
6.082157e-03
3.862633e-02
1.082550e-03
1.948372e-01
2.964151e-03
3.397945e-02
2.741125e-03
7.149241e-02
4.569753e-03
1.722213e-03
9.160018e-04
1.187713e-02
3.258669e-02
1.255771e-01
5.054923e-02
3.549053e-02
6.016630e-02
2.243020e-03
3.119610e-02
1.700604e-02
6.218302e-03
2.816965e-03
9.776642e-02
6.772584e-02
1.736273e-04
2.407372e-03
4.504553e-01
3.179076e-02
5.713605e-03
1.497696e-02
1.535561e-02
1.830968e-03
4.649864e-02
2.981503e-03
4.547026e-01
6.122062e-03
1.404678e-01
1.010189e-02
8.643954e-02
6.963175e-03
5.120264e-03
2.619721e-02
2.857771e-02
1.961479e-02
1.619718e-01
9.746817e-02
1.207458e-02
4.795648e-04
5.582151e-02
3.264691e-02
1.185586e-01
3.891308e-04
2.788427e-02
1.343691e-02
8.814633e-03
3.988468e-04
8.982725e-02
4.897220e-03
4.262062e-03
6.053739e-03
5.718442e-04
2.132024e-02
3.190666e-02
4.120511e-03
3.726115e-02
1.062772e-02
2.721680e-02
1.798736e-01
2.386499e-02
9.120674e-02
3.295113e-02
3.968787e-01
1.354001e-01
2.673890e-03
1.257926e-01
6.387255e-02
1.115084e-02
1.415857e-02
6.664449e-03
3.607915e-02
2.167098e-02
1.483074e-02
3.175836e-02
1.686111e-02
7.595006e-02
2.277032e-04
5.970849e-02
5.061462e-03
8.774570e-03
3.287948e-03
5.736371e-03
4.395060e-03
1.546289e-02
1.303027e-01
5.859961e-02
4.682454e-03
4.742551e-02
5.027840e-01
8.166374e-02
1.629704e-02
9.705350e-05
1.660398e-03
1.639514e-02
3.062510e-04
2.876416e-02
2.584886e-01
1.464365e-01
3.129614e-03
3.362730e-02
2.017250e-02
2.710133e-01
7.123463e-03
2.665142e-03
1.494486e-02
1.756067e-03
1.057706e-02
1.126343e-01
3.057231e-02
9.794796e-02
2.081601e-02
4.285336e-02
1.214133e-01
8.048169e-05
1.730204e-02
4.845798e-02
4.001725e-02
8.207159e-06
1.781449e-02
6.574761e-04
5.171605e-03
2.339726e-02
4.989824e-03
4.146460e-02
2.077378e-01
5.837723e-03
1.878618e-02
6.663731e-02
7.115610e-02
8.114230e-04
7.953511e-02
5.251252e-02
3.059143e-02
2.354781e-03
2.128971e-01
3.945653e-02
4.765948e-02
9.368931e-02
1.636410e-02
4.657102e-02
6.435134e-02
9.695898e-02
6.592821e-02
2.813656e-03
2.044057e-02
4.105577e-02
8.876490e-03
2.503047e-02
6.144409e-02
2.390919e-01
4.930649e-02
1.950956e-02
5.263771e-02
7.181473e-02
2.079731e-02
1.057282e-01
2.773994e-03
2.883457e-03
7.043547e-02
1.212146e-01
2.299590e-01
1.183340e-01
3.938783e-05
1.324184e-03
2.855012e-01
2.124234e-01
3.948253e-02
1.689081e-02
1.249925e-02
1.388575e-02
1.324402e-02
2.090811e-02
2.880875e-02
8.384538e-04
2.985736e-02
9.343700e-03
1.124313e-03
2.044332e-02
1.183980e-01
9.184677e-03
1.454659e-02
6.357748e-03
5.280341e-03
1.817241e-05
5.863735e-02
5.199844e-03
1.436744e-03
1.438483e-02
1.474209e-01
1.089548e-03
3.681259e-02
4.892841e-02
1.089471e-02
1.941503e-03
5.181696e-02
6.064604e-03
3.257070e-02
4.431274e-03
9.356419e-02
6.708472e-02
1.040906e-01
9.541594e-03
1.176660e-01
1.241525e-03
2.089287e-02
1.207691e-01
3.703245e-02
6.713929e-02
8.200207e-05
1.101408e-02
2.212459e-02
4.574298e-03
1.712158e-05
1.772947e-03
9.670599e-03
2.702511e-02
1.912499e-03
5.505887e-03
1.446980e-02
1.573418e-05
5.117926e-02
