1.773345e-03
7.865323e-05
1.121879e-02
1.856719e-01
7.844804e-03
1.909937e-03
2.820639e-02
4.175471e-02
1.099396e-03
2.929275e-02
1.172137e-02
1.196215e-02
3.093749e-03
3.534036e-02
1.187878e-02
1.248234e-01
2.207904e-01
6.904630e-02
1.493586e-02
9.414143e-02
1.135379e-01
1.649662e-02
1.212504e-02
2.031691e-03
8.003264e-02
8.726212e-03
1.278780e-01
1.816747e-04
2.647520e-03
5.133353e-02
2.365370e-03
1.132010e-01
9.912293e-02
1.634616e-02
1.115233e-02
4.588550e-02
1.115626e-02
3.354036e-02
8.742317e-03
2.388612e-02
2.703347e-02
1.095270e-03
1.896861e-01
4.634233e-03
3.281964e-02
1.172699e-01
2.444345e-02
6.272389e-02
6.448703e-02
4.220566e-03
3.463615e-02
8.361098e-02
1.303609e-01
1.044213e-02
3.131042e-02
1.993245e-03
3.146608e-02
2.690945e-01
1.351019e-02
2.260750e-02
1.289635e-01
2.656736e-01
5.411184e-02
1.445452e-04
4.175138e-02
1.583469e-01
1.508060e-02
2.261415e-02
2.834404e-02
3.044438e-05
2.125074e-02
1.712102e-02
5.373440e-02
5.947670e-02
7.401919e-03
1.698275e-01
1.667611e-02
1.827841e-02
7.868866e-04
2.550761e-03
8.633581e-03
1.131744e-04
1.860570e-04
6.368255e-03
1.674806e-02
1.146501e-01
6.885127e-05
4.203949e-04
4.860733e-03
1.452567e-03
1.525100e-02
1.504742e-03
5.921537e-02
8.651703e-04
6.310892e-02
4.204298e-02
1.121682e-02
2.014367e-02
1.583510e-01
1.045669e-01
9.891955e-04
1.616645e-01
7.764649e-02
9.422794e-02
1.060798e-01
6.347595e-02
2.766839e-04
1.701021e-02
9.044940e-02
1.226096e-03
3.770664e-02
7.246955e-04
9.224596e-02
1.215717e-03
1.702203e-02
2.383380e-02
4.586754e-02
1.984158e-01
5.686302e-04
6.762276e-02
4.032604e-03
2.939544e-02
5.400817e-02
4.370212e-03
7.258785e-03
9.451575e-03
6.170767e-04
4.611952e-03
4.352356e-03
7.523173e-02
6.863701e-02
1.452181e-01
1.105218e-01
2.028583e-03
6.553314e-02
2.838596e-02
5.738463e-02
1.140540e-01
1.346268e-02
2.099591e-01
1.667729e-04
9.519226e-03
1.125479e-02
1.089854e-01
2.857238e-03
1.770668e-02
4.170195e-01
1.183287e-01
1.210497e-02
5.635426e-03
2.106537e-02
2.424328e-02
9.719519e-04
1.735796e-01
8.965469e-02
7.624821e-03
2.989301e-03
1.307924e-02
3.268478e-02
1.088697e+00
4.410663e-04
7.785298e-03
5.886523e-04
3.821401e-02
5.605581e-02
9.494750e-01
4.214657e-02
2.394264e-04
3.104475e-02
8.835802e-02
3.733439e-02
1.283826e-02
2.697895e-02
1.611637e-02
1.098033e-01
4.337317e-02
4.450508e-02
6.585506e-02
1.829722e-02
1.366863e-02
1.333019e-02
1.561626e-03
2.493979e-03
3.164040e-02
5.572381e-02
1.553817e-01
2.740182e-02
1.668069e-08
9.310411e-02
2.059427e-03
1.049745e-01
5.334097e-03
1.061136e-01
1.863883e-03
1.843249e-02
1.495240e-02
2.428136e-02
7.093444e-02
1.389234e-02
8.028905e-04
8.690807e-04
4.170096e-02
5.912296e-03
6.521724e-03
1.076957e-02
2.808977e-02
8.247807e-02
1.784698e-02
3.808347e-02
1.350844e-01
4.131800e-02
1.571687e-01
7.052849e-02
6.979951e-02
1.922532e-01
1.277573e-01
2.267193e-02
3.425324e-03
2.513627e-01
1.804839e-02
1.176727e-01
5.189044e-02
7.924501e-03
2.050425e-02
1.855892e-03
5.653547e-02
2.990663e-01
1.596855e-01
1.230031e-03
1.196078e-02
1.912726e-01
2.639307e-02
1.397499e-01
2.807755e-03
1.536340e-01
1.770078e-02
1.208826e-02
8.650539e-02
1.762103e-01
8.209590e-04
2.784393e-03
5.934274e-03
1.042475e-02
4.389418e-02
9.333265e-02
1.121502e-04
3.463626e-03
3.542797e-04
4.385100e-02
7.054306e-03
2.494320e-03
1.472184e-01
6.482678e-03
5.448734e-03
2.073787e-03
1.804348e-01
2.338590e-03
7.037802e-02
7.347343e-04
5.596934e-02
4.652424e-01
1.728916e-02
3.080660e-02
4.756252e-02
5.186963e-04
1.673924e-02
3.473095e-02
7.519328e-02
1.391747e-02
2.220527e-03
9.599071e-02
9.604643e-02
2.719469e-02
1.788879e-02
1.601290e-02
1.154607e-01
2.649436e-02
4.390894e-02
3.618038e-03
9.030557e-03
2.555736e-02
3.710977e-02
1.724510e-02
1.685803e-02
1.136920e-03
2.367380e-02
1.097758e-01
1.081043e-05
6.421728e-02
6.089880e-02
1.537097e-01
2.106894e-01
8.444171e-02
1.364924e-01
1.329406e-01
4.323513e-03
4.823608e-02
1.987684e-02
1.350705e-02
2.864360e-02
5.266594e-02
1.285929e-01
3.878450e-02
1.282656e-04
2.402186e-02
1.282991e-01
2.968001e-02
5.694058e-03
1.601910e-02
1.251143e-01
1.848589e-02
2.537809e-02
2.714107e-02
1.696294e-02
2.942972e-02
2.644162e-03
4.268240e-02
4.285500e-03
1.477555e-01
1.444946e-02
6.395473e-04
1.782861e-02
1.080984e-01
1.124394e-01
2.152414e-01
1.682339e-01
3.771785e-03
1.129681e-01
1.884536e-04
7.492377e-03
4.072997e-03
7.752596e-03
2.236951e-02
4.301971e-02
1.980431e-02
6.931112e-03
5.740450e-02
3.724551e-02
8.673595e-05
4.481704e-02
1.152148e-04
1.312243e-05
2.012709e-01
1.335719e-01
1.697106e-02
8.123137e-03
3.317865e-03
7.519870e-03
4.723542e-03
7.524000e-05
2.110789e-02
2.047934e-02
4.111072e-02
4.030159e-02
6.248026e-02
4.297472e-02
6.522345e-02
4.469986e-02
7.643082e-03
1.266255e-03
5.143537e-02
2.132826e-03
4.429185e-03
3.999916e-01
2.107739e-01
6.864355e-02
1.716863e-01
9.658484e-03
4.307038e-02
6.211461e-04
1.428638e-02
7.689300e-02
6.380702e-02
1.773162e-02
1.141664e-01
2.906360e-02
2.027148e-02
2.506428e-03
7.076459e-02
1.673878e-05
1.624685e-01
1.021218e-01
4.748854e-02
4.099174e-02
4.927301e-02
5.202172e-02
1.208218e-01
4.734086e-06
4.921339e-03
4.401935e-02
1.506722e-04
9.624344e-03
9.684640e-02
1.916149e-03
4.207870e-02
8.375659e-02
6.969924e-02
2.091934e-01
1.318856e-03
1.126884e-04
2.508273e-02
3.860383e-02
2.799752e-02
3.803462e-02
5.980901e-03
1.069072e-01
2.282580e-02
1.850129e-02
7.745380e-05
9.176443e-02
5.996659e-03
4.794274e-03
2.039108e-02
4.157631e-02
4.487786e-02
1.292175e-02
7.990527e-02
1.123957e-02
1.286860e-01
3.456468e-05
1.343550e-01
2.031715e-02
8.179829e-03
1.229904e-02
1.263671e-04
1.029622e-03
2.165118e-02
2.926833e-02
2.070673e-02
2.064368e-01
1.522305e-03
3.501366e-03
1.749716e-04
1.270507e-01
1.421070e-02
1.135559e-01
3.788714e-02
7.578473e-03
6.344635e-02
4.478252e-04
4.347365e-02
5.970233e-02
7.110822e-03
2.099761e-02
2.142656e-03
5.371030e-02
3.260810e-01
6.511211e-02
6.390942e-04
7.548270e-02
7.040619e-02
4.114735e-03
1.930349e-02
2.628391e-02
3.080885e-02
4.048747e-03
2.428527e-02
3.047359e-03
4.398263e-02
5.443743e-03
7.243176e-03
1.557822e-02
4.020597e-02
6.607023e-02
9.765337e-03
2.124180e-04
1.071487e-01
1.147478e-02
4.297289e-02
8.121322e-03
6.686275e-02
2.231140e-02
3.661068e-02
7.048841e-02
4.649762e-06
7.220799e-03
1.083156e-01
5.167406e-02
6.617228e-04
2.248798e-01
9.314202e-04
1.924316e-01
1.678982e-02
6.959293e-01
1.747864e-01
2.446722e-01
2.665499e-02
2.511156e-02
5.420468e-02
7.093489e-02
4.460019e-03
1.343810e-02
1.696025e-04
1.478394e-02
1.485827e-01
2.102108e-04
7.307419e-02
1.439280e-01
5.397031e-04
4.193777e-03
3.024342e-02
5.016956e-02
4.722239e-02
4.071203e-04
1.264021e-01
1.129660e-01
9.225528e-05
1.007302e+00
1.166219e-02
2.559103e-01
2.398731e-01
8.841133e-03
2.642098e-02
8.937017e-03
2.927531e-02
6.795059e-02
1.299041e-03
4.312538e-02
2.205824e-02
1.472536e-01
5.129081e-02
1.241121e-02
5.311210e-02
2.764592e-02
9.725256e-02
7.764019e-02
1.211782e-01
1.333463e-02
2.155344e-02
8.282453e-02
1.773402e-02
2.238419e-02
1.982674e-01
1.945679e-02
2.596918e-02
2.610402e-02
1.199797e-02
9.135965e-06
1.957970e-02
1.380833e-01
3.660362e-01
3.627497e-02
8.610721e-04
9.844738e-05
4.440400e-02
6.072246e-02
5.922369e-02
5.028018e-02
5.123478e-02
6.885799e-03
2.242787e-02
3.656917e-02
7.279937e-02
2.359806e-03
1.158383e-04
1.575709e-01
3.002695e-02
4.132520e-02
5.166971e-03
2.035301e-01
1.653208e-02
8.759611e-02
2.203607e-02
4.709788e-02
7.494352e-02
5.323079e-02
2.886688e-04
6.213838e-05
1.412753e-02
4.001080e-02
7.234718e-03
3.630174e-02
1.728567e-02
2.553997e-01
2.203774e-02
3.309047e-02
2.756002e-02
4.416063e-02
6.248713e-03
1.954745e-01
4.214214e-03
1.793552e-04
7.646006e-03
1.623309e-03
2.963989e-03
9.269951e-04
3.094584e-03
5.895704e-03
2.171706e-01
1.042510e-01
8.004104e-02
2.046527e-01
1.632439e-02
2.808098e-02
