5.773964e-04
2.101995e-04
3.677964e-04
7.712582e-03
4.830778e-02
5.402622e-02
2.114774e-01
1.185701e-02
3.555876e-02
8.551868e-03
3.435707e-02
9.111408e-05
1.104580e-02
6.417615e-03
1.082882e-01
2.117242e-02
7.240788e-02
2.002910e-02
3.935263e-02
1.204498e-01
1.891558e-02
9.786542e-05
6.296276e-02
1.319313e-01
3.006263e-03
1.510961e-01
4.132096e-02
3.667113e-01
3.552910e-03
1.287425e-01
1.625922e-02
8.873709e-02
6.134124e-02
1.169683e-03
1.663338e-02
1.697955e-02
5.024796e-02
1.459283e-01
7.064896e-03
5.870389e-02
3.357586e-02
1.078392e-01
1.763627e-01
3.685307e-03
2.228874e-02
2.172147e-03
1.518294e-01
6.696767e-02
1.748306e-02
3.717172e-02
5.498289e-04
1.981877e-02
1.465224e-02
9.777068e-03
5.170801e-02
1.285564e-03
1.743578e-03
4.470710e-02
1.142138e-01
2.953465e-03
2.766071e-03
3.562049e-03
7.029825e-02
4.471011e-02
2.418615e-03
8.511349e-06
1.758157e-01
2.174223e-02
4.530856e-02
1.678838e-01
8.968360e-03
3.120335e-03
5.178636e-02
8.405044e-05
1.101189e-01
8.234310e-02
5.596799e-02
4.008423e-03
3.345422e-01
2.219488e-02
6.476033e-02
4.294178e-02
1.664631e-03
5.193686e-02
3.706918e-03
6.021523e-02
2.641155e-01
1.251352e-02
5.399212e-02
4.979919e-02
3.728152e-02
2.485821e-03
3.002238e-02
2.758183e-06
9.670919e-03
2.227270e-07
4.127430e-05
2.268648e-03
8.371090e-01
2.301624e-04
8.792570e-02
1.956622e-01
1.083905e-03
4.067558e-02
9.400372e-02
3.384529e-03
4.002836e-02
2.979972e-02
6.723681e-04
3.330548e-03
9.051006e-04
3.273659e-01
6.962079e-02
2.578247e-02
8.562027e-04
4.966771e-02
4.009072e-02
6.569569e-03
4.734135e-03
1.363392e-02
8.038944e-02
7.342915e-03
3.380051e-01
4.628417e-03
2.612463e-04
8.082722e-02
3.560509e-04
3.804426e-01
1.536650e-01
1.376341e-02
1.744804e-02
4.972399e-02
3.791431e-04
1.431813e-02
3.443869e-03
1.579195e-01
1.917575e-01
5.939898e-03
7.951498e-02
1.532794e-05
6.891088e-03
4.847665e-03
9.309732e-04
7.106840e-02
2.370259e-03
3.135449e-02
2.343840e-02
5.097128e-03
2.795631e-02
4.980574e-07
5.970427e-02
9.558238e-02
1.721313e-04
1.117637e-03
9.937612e-02
2.380426e-03
2.334593e-02
6.432195e-04
3.534058e-02
3.189181e-01
1.030592e-02
2.892430e-02
2.210334e-02
5.822694e-02
5.426717e-02
2.834382e-01
2.252412e-01
1.907849e-03
6.906884e-03
1.228003e-02
1.022466e-01
1.513100e-02
2.642213e-02
5.504643e-02
2.469151e-03
9.221089e-03
2.578975e-02
1.201302e-01
3.596127e-02
6.159295e-03
8.094769e-02
6.013673e-03
3.902386e-02
9.897758e-02
4.261212e-03
1.360897e-02
5.583435e-03
1.023284e-03
2.636304e-01
3.085048e-02
4.306232e-02
1.862934e-02
6.379172e-01
3.112066e-02
4.717897e-02
6.154835e-03
1.545645e-02
9.779053e-02
3.570458e-02
4.090096e-03
4.372612e-03
1.847724e-03
5.525294e-02
1.067199e-01
1.998022e-01
3.761741e-02
8.613382e-03
3.324049e-01
3.258749e-02
2.055328e-02
1.051439e-01
1.028435e-03
4.250304e-03
6.354618e-02
8.165025e-04
1.949424e-02
6.681361e-02
6.755745e-02
3.020673e-02
1.318597e-02
1.639166e-01
1.652639e-01
3.785151e-02
1.337404e-02
7.832441e-02
4.367630e-02
8.712656e-02
5.058972e-03
5.086615e-03
7.610514e-02
4.758852e-02
3.108943e-01
1.497290e-02
7.916469e-04
8.337757e-02
1.660134e-01
3.852277e-04
4.313682e-01
2.969734e-02
7.092243e-03
2.943297e-01
5.391233e-03
6.115453e-02
5.475707e-02
5.693036e-02
9.116751e-02
4.434623e-02
2.199670e-02
3.171146e-02
3.062702e-02
4.366227e-03
8.670228e-02
3.632863e-03
2.954291e-03
5.387878e-03
5.249601e-02
1.951392e-02
6.177983e-04
8.142626e-02
2.323884e-01
3.073678e-04
1.797688e-01
9.211284e-03
1.204723e-01
7.965473e-03
3.750237e-02
1.907283e-01
9.069881e-02
1.139812e-02
1.169631e-04
1.653745e-02
3.025398e-03
9.505045e-02
4.559408e-03
2.732984e-02
2.842358e-03
1.082926e-03
2.457672e-01
4.319826e-02
5.848483e-03
4.287244e-02
4.015094e-04
7.610679e-06
2.527554e-02
1.736645e-01
1.102465e-03
7.762484e-02
4.790223e-02
9.672244e-03
2.525635e-01
2.871144e-02
2.403341e-01
1.545075e-03
8.234614e-02
3.115337e-02
4.760060e-02
7.290041e-05
5.890804e-02
2.808525e-03
2.446318e-02
1.675556e-02
1.214209e-01
1.353859e-01
4.486186e-01
6.192565e-04
4.609215e-02
1.183059e-02
2.226306e-02
5.788206e-02
1.328706e-01
4.670723e-02
2.788992e-02
9.305185e-03
5.618750e-03
4.440260e-02
4.033858e-04
3.238704e-02
3.729611e-02
2.427641e-01
1.465165e-03
3.150358e-07
3.175400e-02
3.896123e-02
2.213042e-02
3.234545e-02
1.885875e-01
1.237909e-01
2.204385e-02
2.766773e-03
1.199562e-02
2.486988e-02
7.507836e-04
2.175720e-02
1.131504e-03
6.024005e-03
3.552848e-02
3.563349e-04
2.745983e-07
1.094677e-02
7.258565e-05
2.727024e-01
1.118274e-01
1.262297e-01
1.388672e-02
1.121457e-02
2.510003e-03
8.985945e-02
2.748063e-04
3.310755e-03
3.503751e-03
4.380508e-02
2.164706e-06
1.330406e-03
2.110119e-01
7.837892e-02
7.052178e-03
9.314277e-02
2.826881e-03
1.402593e-02
1.688240e-01
1.264681e-03
1.824798e-02
1.009989e-02
4.716936e-02
1.704929e-09
1.748133e-04
4.320537e-02
1.633748e-02
4.366401e-02
2.166819e-02
6.521824e-04
7.598703e-02
1.085163e-07
1.587212e-02
3.089224e-03
5.618528e-02
1.230442e-01
2.195538e-02
4.666439e-03
1.419977e-01
9.972957e-02
3.668897e-05
1.672531e-01
3.043154e-04
7.112331e-03
3.988616e-02
1.421043e-03
1.570186e-02
6.277475e-02
2.260278e-03
2.837456e-03
6.659111e-02
8.342636e-04
3.073467e-01
4.951616e-02
1.437358e-02
1.701064e-01
1.276888e-01
1.777083e-01
4.887784e-04
2.747364e-05
9.224071e-03
3.033431e-02
9.124907e-02
3.025626e-03
3.341517e-03
2.409877e-03
1.596852e-01
9.741049e-03
1.242805e-02
2.172365e-03
2.551238e-03
4.211875e-02
4.484529e-02
2.749716e-03
8.426829e-05
2.101734e-04
6.773394e-03
5.867838e-04
1.287512e-02
7.821359e-02
2.911550e-01
2.223708e-01
1.388930e-05
4.057523e-02
3.226567e-02
2.594901e-01
6.834841e-03
2.929615e-02
3.154690e-02
2.614372e-02
1.947711e-02
9.576049e-03
7.128486e-02
6.388781e-03
2.008205e-02
5.620091e-02
2.146852e-03
6.601802e-03
4.783863e-05
9.404722e-02
6.062627e-03
1.387628e-02
8.089068e-02
1.639217e-02
2.913467e-02
2.626047e-02
7.289817e-02
9.989849e-02
2.083715e-02
3.094959e-02
2.088966e-01
1.451077e-03
6.690656e-02
1.151510e-01
1.352563e-03
3.307692e-03
7.841184e-02
2.668058e-02
5.563542e-05
1.073641e-03
3.467444e-02
2.677488e-02
1.748772e-02
4.828645e-03
4.587200e-02
5.765216e-02
2.238648e-02
5.557963e-01
9.340758e-10
8.761237e-02
3.272247e-01
9.656863e-02
2.391769e-02
1.873343e-01
5.281395e-02
1.076186e-01
4.648969e-03
2.794259e-03
7.886891e-02
4.839743e-03
3.258788e-03
1.643288e-02
1.253297e-02
4.980623e-03
2.129234e-01
3.546918e-03
6.567612e-02
1.471434e-02
6.228370e-02
3.307953e-02
2.410278e-01
4.963884e-03
5.343713e-02
1.536550e-04
9.810653e-03
1.815449e-02
4.219973e-02
2.143739e-03
2.323160e-01
2.766615e-02
3.784319e-02
1.614541e-02
5.715227e-03
7.294646e-03
7.433840e-03
1.752542e-01
6.270118e-01
1.077992e-01
8.855300e-02
1.391871e-02
1.746418e-01
1.050219e-02
2.664810e-05
1.904090e-01
4.180874e-02
1.423358e-01
2.145107e-03
1.580314e-01
1.165117e-02
4.713426e-02
7.154488e-03
5.283830e-02
6.308191e-05
6.216065e-04
1.503015e-02
2.866966e-02
6.927889e-05
6.034609e-02
8.670742e-02
1.830785e-02
5.237250e-04
4.854970e-03
2.623658e-02
1.527397e-03
4.635542e-02
4.440562e-02
3.107378e-02
1.723437e-01
2.360409e-03
1.005310e+00
1.223509e-02
8.836640e-03
2.127256e-01
6.296534e-04
3.764096e-02
2.031528e-02
1.849696e-02
6.790203e-02
1.238866e-01
1.842758e-03
5.050389e-02
6.358936e-02
5.858729e-03
2.260915e-03
1.661249e-05
5.080954e-03
1.501231e-01
3.679164e-01
2.978556e-02
5.572410e-03
4.985351e-03
9.440000e-03
2.141350e-02
1.144135e-01
3.792096e-02
2.445938e-03
1.993103e-02
6.419395e-03
2.026413e-02
4.244188e-02
4.152673e-02
4.919576e-03
6.145821e-05
1.874115e-02
5.033309e-02
9.060440e-02
1.022547e-01
1.252848e-01
7.004477e-03
1.566419e-02
2.016891e-01
1.081350e-01
4.088259e-02
3.771885e-03
1.689866e-02
2.593224e-03
2.693595e-02
7.685972e-02
6.564794e-06
9.066594e-02
3.185706e-02
5.101909e-04
1.282826e-01
