1.143566e-01
1.693298e-03
2.470345e-02
2.274982e-02
3.538495e-02
4.838352e-03
4.804868e-02
2.463517e-02
1.832529e-03
1.412891e-02
1.012846e-01
4.595346e-05
6.905290e-04
8.377953e-03
3.245683e-02
4.213491e-02
1.048255e-01
1.775420e-01
9.466327e-02
1.397877e-01
4.081494e-02
1.677981e-01
4.028744e-02
3.151257e-02
7.157466e-03
1.785810e-01
2.875104e-04
6.055842e-02
5.752556e-02
6.725503e-02
6.307670e-04
6.739879e-02
1.692157e-01
3.220806e-02
8.171869e-02
1.507965e-01
3.696147e-02
2.964043e-02
3.263663e-03
2.066265e-01
4.035555e-02
4.648980e-02
5.332691e-02
1.110609e-02
9.963197e-03
5.451204e-03
1.317164e-02
8.894266e-02
5.508594e-03
1.708509e-02
7.115671e-02
6.904329e-04
5.506870e-03
1.987890e-01
2.242932e-02
4.347465e-04
1.482534e-03
2.179381e-01
1.069311e-02
2.965810e-02
5.030097e-02
2.605065e-03
5.463123e-02
8.395006e-03
2.526076e-01
1.421467e-07
1.655689e-04
2.155969e-02
4.223758e-02
1.609910e-04
3.065546e-04
2.603308e-02
5.183148e-02
1.646544e-01
2.564094e-04
1.625915e-01
4.905688e-02
1.992490e-03
1.122581e-02
1.386760e-01
5.428561e-03
3.298230e-01
2.430560e-02
3.880763e-02
4.284741e-02
1.718002e-02
5.986563e-03
2.342270e-02
3.835492e-01
7.628485e-02
3.365024e-02
7.879912e-03
1.450360e-02
3.274192e-02
4.371078e-02
1.131188e-02
9.809938e-02
2.461393e-01
1.730435e-03
7.404505e-02
4.812924e-02
2.549676e-02
2.039773e-01
8.599653e-05
4.186479e-03
6.316209e-02
5.063936e-02
9.142406e-02
1.012447e-02
4.277030e-04
1.442554e-04
3.498466e-02
1.038595e-01
2.272965e-02
3.592749e-03
1.073054e-01
7.077542e-03
1.871741e-02
4.653188e-04
1.509621e-01
1.542513e-03
2.799707e-01
1.270544e-02
4.584714e-02
2.459242e-02
3.650427e-02
6.721787e-02
8.195136e-03
2.746048e-02
2.438268e-02
1.960457e-03
4.543724e-02
6.724177e-02
7.237752e-02
6.231200e-03
4.443135e-01
2.125364e-01
1.622373e-01
3.500803e-02
5.951477e-02
1.990985e-01
4.786670e-02
1.577863e-02
4.149394e-04
2.911996e-02
1.727400e-03
1.854609e-02
1.121770e-02
9.766576e-02
1.437217e-02
7.521031e-02
9.338836e-02
2.569122e-02
5.861985e-02
1.444117e-03
1.356688e-03
9.364123e-02
4.349208e-03
1.414789e-01
1.622131e-01
4.186474e-03
1.321698e-03
1.983639e-01
4.867690e-02
5.185680e-02
9.929381e-03
1.275589e-03
2.246142e-01
1.409768e-04
9.684766e-05
6.152305e-02
7.459504e-02
4.403489e-02
6.582776e-03
4.190052e-03
3.393676e-03
2.473857e-03
2.544907e-03
2.037587e-03
5.169432e-02
8.780384e-02
4.625834e-02
5.636153e-02
4.225500e-02
3.451470e-03
5.348058e-02
2.338152e-02
1.537325e-01
6.069184e-03
6.013895e-02
5.380000e-04
4.302505e-02
3.756098e-02
3.612390e-02
1.032090e-01
3.559735e-03
1.697436e-01
3.165463e-06
3.527583e-02
9.101385e-02
1.404503e-01
1.167186e-05
3.921713e-02
9.251843e-03
5.491014e-02
2.495280e-03
1.176510e-01
1.359395e-03
1.056353e-02
7.897708e-02
1.619394e-02
1.229005e-02
1.494429e-02
1.226542e-01
2.608807e-02
2.927863e-01
2.058159e-01
2.400725e-04
3.572121e-02
6.312229e-05
4.164124e-02
1.957602e-02
1.109514e-02
1.007074e-02
5.442191e-02
3.816983e-03
1.382496e-02
1.134209e-02
2.936998e-02
2.770306e-03
6.297072e-02
3.877106e-03
1.023186e-02
1.024965e-01
3.002721e-02
4.220928e-02
2.654166e-02
2.979244e-03
1.286935e-02
1.088970e-02
7.122074e-03
5.571918e-03
1.186104e-03
7.963881e-02
6.649563e-04
2.387739e-02
2.852680e-02
1.205600e-05
1.512409e-01
7.152360e-03
4.496544e-03
1.227387e-01
4.733977e-03
1.257775e-03
3.040502e-02
5.912497e-02
1.534923e-01
2.010167e-01
2.275281e-02
1.810699e-02
3.751146e-02
5.022520e-02
2.702492e-03
7.674731e-03
9.761752e-03
8.735741e-03
2.479526e-02
2.841183e-02
8.751258e-02
7.827392e-03
1.107940e-01
7.350807e-02
7.527202e-02
1.583226e-01
8.540348e-02
8.759463e-04
5.395335e-03
2.675433e-03
3.126469e-02
1.011415e-01
9.321718e-05
2.738789e-02
1.456942e-01
5.764956e-02
8.930839e-02
3.699338e-03
6.089367e-04
1.261393e-01
5.919692e-07
1.065330e-01
2.714756e-03
7.242023e-02
2.129624e-02
5.069357e-02
1.016235e-06
3.429145e-04
7.421062e-03
1.021636e-02
2.638524e-03
9.675370e-02
7.276710e-02
4.136473e-02
2.596158e-03
4.879887e-02
9.545910e-04
3.674585e-01
9.148082e-02
9.068843e-03
3.777025e-03
1.267458e-02
6.137336e-03
5.463335e-02
7.082104e-02
1.961854e-03
1.447928e-03
3.662698e-02
5.405290e-02
3.078870e-03
4.138452e-02
2.308431e-02
1.970979e-03
3.295737e-03
1.611799e-02
2.338768e-02
2.389795e-02
1.366867e-02
1.829565e-02
8.911490e-05
5.346832e-03
3.837974e-01
8.882774e-07
9.760187e-03
5.757123e-05
1.079756e-02
1.270196e-02
8.092218e-03
3.133279e-02
8.193754e-04
2.081960e-03
6.531020e-02
5.378177e-02
8.616109e-02
5.462996e-02
7.917753e-03
1.063508e-02
1.575344e-01
4.665047e-02
3.901711e-02
1.165741e-04
1.109627e-01
4.154229e-02
1.140984e-01
2.809842e-02
8.641580e-03
2.073426e-02
1.100900e-02
9.574568e-03
6.999780e-02
2.650486e-05
3.808745e-03
1.061434e-03
2.564671e-01
1.108349e-03
4.737720e-03
4.004922e-02
6.232638e-02
1.254379e-02
6.937585e-02
6.884965e-02
7.146324e-05
2.384431e-02
5.942599e-05
1.498618e-03
1.263480e-01
3.111703e-02
2.845079e-02
1.442194e-02
1.739305e-03
1.486749e-02
2.860608e-02
6.407182e-02
7.416731e-02
6.268573e-05
4.854490e-02
3.970081e-02
1.271793e-03
2.642504e-02
1.721580e-01
7.883487e-02
1.649741e-02
3.837163e-02
3.410696e-01
2.500671e-02
2.666092e-02
1.131553e-01
5.230858e-02
1.294197e-02
1.918454e-02
8.776991e-04
6.043244e-02
1.774612e-02
2.069242e-03
6.100129e-03
6.541591e-03
2.542038e-03
2.196159e-03
1.252621e-02
1.903949e-02
8.801374e-02
7.287458e-02
1.024424e-01
3.843340e-03
8.199299e-02
4.506436e-02
1.120034e-04
7.505881e-03
1.117614e-02
9.429774e-03
6.786213e-02
3.877359e-04
1.230136e-04
3.279144e-02
3.548120e-02
1.078703e-04
1.173823e-01
3.718331e-04
5.598390e-02
2.686020e-02
2.271283e-02
1.374086e-02
4.697801e-02
2.581379e-03
2.378956e-01
2.144060e-01
6.976225e-02
2.686622e-03
1.543299e-01
4.099715e-02
1.134363e-03
5.456898e-02
1.164460e-01
6.499945e-02
8.885613e-02
3.207086e-01
1.836242e-02
5.579068e-02
2.144717e-01
1.191221e-02
2.862354e-02
6.318174e-03
4.556766e-02
1.516985e-02
3.693911e-02
6.824459e-04
7.072363e-02
5.139814e-02
1.275513e-02
5.362927e-03
9.365383e-02
4.370789e-02
6.173588e-02
1.693299e-02
1.843546e-03
1.804281e-02
1.029500e-02
4.354248e-02
3.246854e-02
1.005135e-02
1.885396e-01
9.588867e-03
9.794015e-02
1.691020e-01
1.847984e-01
2.418855e-02
1.299554e-01
5.996837e-02
2.037335e-02
5.893952e-02
2.842131e-02
2.654724e-07
7.565638e-03
3.411859e-05
4.052601e-02
2.786373e-02
8.283979e-02
1.659414e-01
1.098596e-02
3.986567e-04
2.440029e-02
1.938290e-03
5.022260e-04
3.382011e-03
2.127992e-02
1.592264e-03
6.381101e-03
2.140175e-02
6.185687e-03
1.048166e-04
4.199823e-02
2.442486e-02
5.589989e-04
3.154527e-01
6.636654e-04
9.138459e-03
1.314546e-01
1.026864e-01
2.068868e-03
7.269117e-04
4.578286e-06
1.594995e-02
2.869423e-02
1.793920e-02
2.186658e-01
1.602147e-01
9.381110e-03
3.820154e-02
3.838986e-02
1.003898e-01
7.950989e-03
7.088003e-02
4.590540e-04
1.984353e-02
2.631657e-03
1.676212e-02
1.678635e-01
1.067481e-02
2.463308e-02
1.605063e-01
6.406886e-03
7.008005e-02
7.865156e-03
2.441577e-02
8.345277e-07
5.154230e-02
9.892375e-03
1.817529e-02
3.726941e-02
6.146683e-03
2.512675e-02
1.404825e-01
4.247818e-05
1.296243e-03
4.837701e-03
4.411926e-05
3.189740e-03
2.296735e-02
7.302352e-02
1.314401e-01
7.601800e-02
1.520548e-02
4.215079e-03
1.638959e-01
5.673143e-02
3.202894e-03
1.069434e-01
1.577800e-02
8.643405e-02
2.064288e-02
1.315040e-02
4.009404e-02
2.033518e-03
1.634958e-04
6.566065e-03
7.205848e-02
1.258087e-04
8.116134e-02
2.841462e-05
6.739948e-02
9.304607e-04
8.795199e-02
2.841136e-02
2.690773e-02
1.426925e-02
6.400081e-02
7.899805e-02
7.889637e-02
1.331051e-02
3.821120e-02
2.253633e-02
8.486409e-03
3.699996e-02
2.099130e-02
1.947170e-03
6.142656e-02
2.371917e-03
4.907354e-04
1.062362e-02
1.339934e-01
1.971777e-01
3.724780e-02
8.365629e-03
2.447761e-02
3.115269e-02
7.020879e-02
