5.444961e-03
1.388171e-01
1.806245e-03
3.380155e-03
5.127844e-02
7.133046e-04
6.009952e-02
2.557259e-03
5.893589e-02
2.834206e-02
6.278585e-02
4.443599e-05
7.393104e-02
2.579720e-02
1.724281e-02
1.882657e-01
3.697819e-02
4.664216e-05
2.649817e-02
8.409610e-02
1.490837e-02
1.439841e-02
5.671631e-02
5.414264e-02
8.771756e-02
7.191729e-03
1.086411e-01
1.343206e-03
8.867717e-02
8.125062e-02
4.488177e-02
7.982657e-02
1.263909e-03
8.796568e-04
5.705235e-03
2.866970e-02
8.637818e-03
1.035058e-01
1.667862e-03
5.377286e-02
4.658266e-02
8.280812e-02
1.260978e-03
7.251954e-03
2.641489e-02
1.008969e-02
8.057951e-03
1.710946e-02
2.991072e-02
2.114843e-01
1.650596e-02
2.062555e-01
9.726360e-03
3.372366e-04
1.558243e-03
1.771897e-01
1.901183e-02
5.890275e-03
1.328164e-02
6.292957e-05
4.835940e-03
3.311983e-02
3.225713e-02
1.923562e-03
3.147419e-03
3.457201e-02
1.575959e-02
1.422563e-02
1.063173e-03
3.986115e-02
1.577046e-02
5.908115e-03
7.796884e-02
2.254185e-01
1.571502e-02
2.414918e-03
2.573073e-02
1.498773e-03
3.556359e-05
1.667598e-03
2.147615e-02
4.715801e-02
1.748372e-01
1.397013e-03
5.851240e-03
6.748800e-02
4.909934e-03
1.432489e-01
7.204187e-02
3.883466e-03
1.828440e-02
1.988404e-02
2.205844e-02
3.306565e-02
3.022130e-01
5.677770e-05
4.151205e-02
1.042704e-01
1.057205e-01
3.255412e-01
1.093681e-03
5.050214e-03
1.099284e-05
1.113936e-01
4.805998e-02
2.023825e-02
1.803595e-02
4.478319e-02
8.718438e-02
3.031482e-03
8.242944e-02
8.804744e-03
4.209386e-03
8.793180e-05
4.933722e-03
2.980130e-01
8.375492e-02
6.697057e-02
2.011983e-03
8.743669e-03
6.671442e-02
1.097201e-01
6.981421e-02
7.626832e-04
7.965110e-03
5.108182e-02
5.990739e-03
3.850690e-03
5.824676e-02
6.336033e-02
6.558143e-02
8.859932e-02
2.667114e-02
4.922329e-02
1.803344e-03
2.084069e-02
1.576456e-01
2.948912e-01
1.130702e-03
1.724748e-03
2.272556e-02
9.884924e-05
3.201588e-03
1.208432e-01
1.114397e-01
4.171236e-03
6.865671e-02
3.312164e-02
5.248355e-02
1.799524e-01
2.068690e-01
7.929748e-02
5.210799e-02
1.714186e-01
6.910255e-02
4.079444e-02
1.721343e-02
1.267664e-05
9.206368e-03
3.666607e-01
6.855271e-03
9.635023e-03
8.797530e-05
2.636559e-01
4.021772e-06
1.195998e-02
9.481246e-03
1.678483e-04
5.936602e-03
1.273297e-02
6.079439e-04
1.021214e-02
3.978291e-04
7.917288e-03
1.113484e-02
2.315472e-02
4.631977e-02
4.349535e-02
1.820490e-02
7.635621e-02
6.747309e-04
1.388389e-01
2.176314e-02
3.458376e-03
1.856285e-02
5.524528e-04
2.538989e-02
3.101741e-02
6.480429e-03
6.206615e-03
6.205699e-03
4.556885e-03
8.056641e-03
2.462964e-01
5.460580e-03
1.624945e-02
1.536022e-02
9.520085e-02
4.528326e-03
3.060429e-04
4.633204e-01
4.271917e-02
2.374994e-01
3.852512e-03
7.162820e-02
1.036349e-02
1.538706e-03
9.535103e-04
3.654352e-03
1.238502e-01
3.542872e-03
3.566840e-03
6.077460e-02
3.434006e-02
2.689508e-03
1.003110e-02
1.252914e-01
2.343764e-02
2.438680e-03
4.540648e-02
5.718038e-03
9.113074e-02
7.152859e-02
7.520399e-02
4.581333e-02
6.601201e-03
6.674855e-02
1.758209e-01
9.742056e-02
9.854863e-03
1.076036e-01
2.216175e-03
6.472752e-02
1.521952e-02
5.785383e-02
9.236534e-02
2.720772e-02
2.655590e-02
7.086909e-03
1.092623e-02
2.624098e-02
4.093148e-02
9.236872e-03
1.802861e-01
1.503356e-01
4.940581e-03
2.051492e-02
4.738965e-03
1.227405e-02
1.365953e-03
5.602739e-02
6.425405e-03
2.794680e-03
1.818215e-02
5.123116e-02
9.804899e-02
8.517151e-04
4.554081e-03
5.679535e-02
5.929463e-02
2.773343e-01
7.246739e-02
1.264537e-03
3.021025e-02
1.191215e-04
2.804895e-02
4.734886e-02
1.193198e-01
2.782410e-02
5.487383e-02
1.356271e-02
2.076814e-01
3.159681e-02
1.837924e-03
7.396737e-02
1.516782e-03
1.457938e-02
6.566797e-03
6.944466e-03
6.746135e-02
1.327923e-02
1.540868e-03
5.591784e-02
1.351114e-01
1.319393e-01
1.517185e-03
5.401623e-03
3.380861e-01
5.459210e-02
1.328001e-03
1.305480e-03
1.300033e-04
9.726941e-02
2.204359e-02
1.311051e-02
5.430140e-02
3.515232e-02
8.505594e-02
4.714380e-01
1.479514e-02
5.766950e-02
6.209590e-03
1.531436e-01
2.523899e-03
7.972952e-02
6.081809e-02
4.745113e-03
1.694638e-01
3.403357e-02
2.188561e-02
6.859941e-02
2.548620e-01
2.896835e-02
2.009849e-03
8.985410e-03
1.144915e-02
1.025746e-01
1.677899e-01
5.886753e-02
1.014578e-01
1.240200e-02
1.443485e-02
2.014765e-03
4.505233e-01
8.176068e-02
7.546167e-03
1.914508e-01
1.727359e-05
1.166421e-02
1.692594e-02
6.219666e-03
2.103103e-01
3.114757e-02
4.280097e-02
3.581926e-01
5.387149e-02
5.543465e-03
2.503361e-02
1.132171e-02
1.140298e-01
2.254266e-03
1.184380e-01
9.535658e-04
2.468769e-02
2.555177e-04
2.893101e-03
1.306227e-01
2.287652e-02
2.299234e-02
7.671275e-05
2.023814e-05
3.091733e-04
8.274189e-03
9.818811e-02
3.285662e-03
1.909552e-02
2.475697e-01
7.097680e-03
1.571067e-01
6.522040e-04
3.256765e-02
2.025555e-04
1.029069e-01
7.706337e-02
6.247485e-02
2.483005e-01
2.477012e-04
6.062114e-03
2.037352e-02
1.313979e-01
2.463084e-04
3.974141e-03
1.370052e-01
7.353458e-04
6.646054e-03
2.634510e-03
1.779711e-01
5.431997e-03
3.087482e-01
3.800407e-02
3.861314e-02
5.484150e-03
4.516436e-02
9.665163e-04
8.113763e-03
1.297168e-02
1.851462e-01
1.863359e-02
9.637302e-03
1.082550e-02
9.451831e-02
5.815095e-03
1.905797e-03
1.778421e-04
2.247507e-01
1.479258e-01
1.248548e-03
9.054229e-02
1.295245e-05
1.046208e-01
1.127265e-01
1.662641e-02
2.972094e-04
1.347850e-03
7.385391e-02
7.583469e-03
3.688411e-06
3.541147e-02
2.772097e-02
2.466300e-02
8.182839e-02
3.221184e-02
1.163299e-03
3.939799e-02
1.100686e-01
2.463267e-04
1.969769e-02
8.987847e-01
8.723121e-02
3.609987e-04
2.110398e-02
1.880055e-01
4.213580e-03
5.994837e-03
6.477479e-02
4.354298e-03
3.916684e-03
1.534403e-04
3.949585e-02
5.692745e-03
1.867278e-01
1.415534e-04
5.762172e-03
9.255781e-03
2.327478e-04
2.976316e-02
4.716033e-02
2.284445e-02
4.644644e-02
1.066308e-01
2.002172e-02
3.178444e-04
1.238692e-01
3.530423e-01
2.318496e-02
1.171992e-03
7.298943e-03
2.849014e-03
5.230178e-04
1.655946e-01
1.271567e-02
1.897981e-02
3.680252e-02
1.473212e-01
2.555656e-02
1.754507e-03
1.089486e-03
3.367354e-02
1.898274e-01
1.718242e-03
9.362013e-04
2.227269e-02
2.350517e-03
1.317229e-04
2.224130e-02
1.017857e-02
4.632457e-01
6.073316e-03
1.483577e-02
1.948778e-02
1.158580e-03
1.759759e-02
7.482789e-05
6.965842e-02
1.258974e-01
1.749420e-02
4.135446e-02
4.658784e-02
4.855502e-03
6.681963e-03
8.035215e-03
1.959887e-03
4.665390e-03
7.510340e-03
1.329881e-01
8.529086e-02
7.118251e-03
2.859969e-02
2.586141e-03
9.910824e-02
1.606382e-01
7.675912e-04
2.220881e-02
3.371154e-03
8.425816e-03
3.152170e-04
2.412812e-02
9.053206e-02
3.122448e-03
5.486594e-01
2.402062e-04
4.140914e-05
1.257302e-01
8.333418e-03
5.657766e-06
9.295879e-03
8.203748e-03
1.574282e-02
3.089727e-01
2.085009e-08
3.346279e-01
7.697179e-04
2.780610e-06
1.397007e-02
4.542557e-03
3.606366e-02
2.616888e-01
4.761494e-02
8.284345e-04
1.992690e-02
3.471820e-02
2.511790e-02
5.701103e-04
2.766471e-02
5.487034e-02
4.096100e-01
1.207685e-02
2.605767e-03
9.327513e-02
3.037045e-02
4.461565e-02
3.285582e-02
3.494763e-04
1.094789e-01
1.912853e-01
4.167842e-03
1.499293e-03
7.821305e-02
4.815072e-02
7.453542e-02
3.718343e-02
1.290924e-02
1.549122e-02
4.761208e-02
2.077009e-03
6.665193e-02
7.671299e-02
9.042797e-03
4.517616e-02
2.081883e-02
2.514893e-02
3.925650e-01
2.793940e-03
2.655493e-03
7.793769e-02
1.740703e-01
2.367779e-04
5.342367e-03
1.763968e-02
1.835658e-04
2.903897e-02
2.897166e-03
7.885217e-02
3.218535e-04
9.769959e-02
8.204309e-04
4.572697e-02
3.095046e-03
3.003723e-02
2.879473e-02
7.386748e-02
2.331939e-02
1.315444e-02
1.807402e-01
4.731626e-02
1.839821e-04
9.680711e-02
1.260828e-02
3.502839e-02
1.637640e-02
3.759208e-02
2.097653e-04
7.870688e-03
1.341143e-02
1.247391e-01
2.041258e-02
5.414091e-02
4.567524e-02
3.881551e-02
2.039238e-02
4.892692e-02
1.072071e-02
2.395054e-02
2.792468e-02
