6.012983e-02
1.314247e-02
9.597145e-02
1.178109e-01
1.006142e-03
7.309202e-03
5.151192e-02
1.166441e-02
4.814180e-04
2.330009e-04
1.323173e-02
1.510398e-01
2.756218e-02
2.953129e-03
1.660164e-02
2.074077e-03
2.092462e-02
5.339707e-04
1.147056e-01
1.436651e-03
9.844139e-02
2.352494e-01
1.273532e-02
3.313361e-02
1.844161e-02
2.144391e-01
1.353235e-02
2.214161e-02
7.808189e-02
1.931221e-01
5.992821e-02
4.842746e-02
2.225544e-02
4.338933e-07
6.227666e-02
7.968493e-02
1.395319e-02
7.151749e-02
7.011767e-02
1.041976e-01
8.083121e-06
1.660642e-02
8.566357e-03
1.585992e-01
1.039959e-01
2.210911e-02
3.103229e-02
6.610879e-04
1.930527e-01
1.736240e-01
2.251747e-01
2.038463e-03
3.497075e-02
4.938195e-02
1.897691e-02
2.524631e-02
9.385163e-02
4.882469e-03
7.132809e-04
8.678413e-02
1.780476e-01
1.810911e-02
1.684362e-01
9.545129e-05
2.415213e-03
3.181265e-02
5.793383e-03
2.828360e-02
1.056348e-01
5.921492e-02
7.465938e-04
2.405697e-04
1.844256e-03
9.059386e-03
7.895123e-03
3.517797e-04
1.098645e-01
5.044548e-02
1.112189e-02
7.113206e-02
9.085386e-02
1.827108e-04
6.782456e-02
4.159746e-02
5.087931e-02
6.630622e-03
2.622076e-02
1.146743e-01
1.449079e-02
1.015401e-02
2.686780e-03
1.275581e-02
2.099344e-01
2.912490e-02
1.075215e-02
2.986489e-02
1.712693e-01
5.428815e-02
5.314411e-02
3.409154e-04
3.606076e-02
6.058364e-04
4.241295e-02
3.354159e-01
1.956097e-03
8.956556e-02
5.071802e-04
6.791863e-02
1.202228e-01
4.412672e-06
1.221867e-02
2.540179e-01
9.055428e-02
3.364396e-03
3.932727e-03
7.761994e-02
2.592775e-02
1.106471e-01
5.971300e-03
1.471520e-02
1.101909e-02
2.367287e-06
1.462338e-06
2.224705e-03
9.309682e-03
1.751577e-02
3.983855e-02
4.683599e-02
1.461730e-03
9.148028e-02
4.687632e-02
2.543388e-01
5.067005e-02
3.642030e-02
3.835510e-02
9.579383e-02
2.432785e-01
3.697844e-03
4.604911e-03
4.344037e-03
8.341298e-02
7.812280e-02
6.553326e-04
7.637147e-02
2.784475e-02
3.809025e-03
1.573293e-01
3.683993e-03
1.870873e-02
2.090957e-02
2.395862e-02
3.107553e-05
7.572431e-02
9.738952e-03
3.124802e-02
1.816727e-02
3.656642e-03
1.893507e-01
2.576557e-09
1.359588e-01
1.667083e-02
3.388138e-05
1.018120e-02
2.178320e-02
7.669457e-02
4.144552e-01
1.796637e-04
5.673333e-02
2.907346e-02
4.776922e-02
3.084027e-02
2.692355e-02
3.068658e-04
1.813676e-02
2.010350e-01
1.425897e-04
3.060327e-01
1.981605e-02
1.102513e-01
1.556085e-03
1.704444e-01
1.477628e-04
1.791108e-03
1.579394e-03
5.764110e-03
1.684056e-04
2.445104e-07
2.195413e-02
3.075964e-02
4.614286e-02
2.715301e-02
5.461996e-06
3.902398e-01
1.037606e-02
7.333418e-02
7.002433e-03
1.000972e-01
9.266224e-02
2.905409e-02
6.844469e-03
8.980780e-02
2.540759e-02
1.204512e-01
1.837147e-02
1.003604e-01
4.269996e-04
2.928289e-02
3.080622e-02
8.377694e-03
1.117655e-03
2.825706e-04
2.726884e-04
6.858228e-02
1.469886e-02
3.879566e-03
3.344298e-02
1.812717e-03
1.642331e-02
3.763484e-02
1.911637e-02
1.871377e-02
2.168988e-03
1.120215e-01
2.908592e-02
7.048622e-02
1.849503e-02
1.090492e-02
1.493697e-01
1.418306e-01
1.067549e-03
1.999260e-03
9.318511e-04
3.515412e-03
3.111784e-02
8.727173e-03
2.086560e-01
2.985578e-03
8.226859e-03
3.546479e-03
4.885428e-02
5.065889e-03
7.377348e-02
1.073837e-03
1.024277e-02
6.604684e-04
1.505522e-02
7.261312e-02
4.412466e-03
4.336583e-03
9.055963e-03
7.723230e-02
3.930583e-02
3.923719e-03
2.180693e-01
4.429084e-02
3.361739e-02
7.868948e-02
8.129352e-03
5.217731e-02
4.607128e-02
5.157531e-02
4.725857e-03
3.749766e-03
4.495549e-01
7.657526e-02
2.763276e-02
3.140951e-01
1.326607e-02
1.185476e-03
1.517396e-02
1.141744e-02
1.002231e-02
2.707782e-02
3.626024e-02
3.355494e-02
2.005202e-02
2.981316e-02
1.721005e-02
1.196247e-02
1.808484e-05
1.688101e-02
1.577000e-01
4.483027e-02
1.329542e-01
1.265150e-02
1.044744e-03
2.013477e-02
7.185815e-02
1.353482e-03
1.028754e-01
1.187866e-01
1.701543e-05
1.370543e-01
6.639580e-02
1.798973e-01
2.779540e-01
4.508369e-02
1.186824e-01
1.000451e-02
7.569770e-08
5.515112e-02
1.672935e-01
8.350258e-03
1.160818e-02
9.214124e-02
7.356218e-02
4.235136e-02
1.000105e-02
6.801054e-02
3.332217e-02
2.585853e-02
5.315846e-02
6.296002e-02
3.275145e-02
1.429882e-01
2.239539e-01
4.026007e-02
1.501555e-02
3.369329e-05
1.775070e-02
2.358021e-05
2.952000e-03
8.819889e-03
1.924232e-02
4.893758e-03
1.606896e-02
5.175035e-03
6.049870e-02
1.063477e-02
3.497765e-02
7.063136e-04
2.047109e-02
8.543572e-05
1.050876e-03
1.078607e-02
2.289528e-04
7.465130e-05
3.727974e-02
8.331610e-02
7.055835e-02
2.608561e-06
3.257296e-03
3.513199e-05
1.981636e-02
2.806418e-04
1.594192e-03
1.179654e-02
5.061592e-02
4.918942e-02
2.455044e-03
6.746658e-02
1.718293e-01
1.923634e-02
7.635975e-02
1.660635e-02
1.123406e-03
1.964260e-01
9.198219e-02
1.393042e-01
3.332796e-04
1.069710e-02
2.337119e-01
8.041857e-04
5.844244e-03
8.872716e-03
8.422924e-02
8.506092e-04
2.734726e-02
4.050392e-04
6.184221e-02
1.110504e-02
3.664204e-02
5.090786e-02
1.830519e-01
3.031092e-02
9.165132e-02
1.454067e-02
6.816963e-02
2.862423e-02
1.342520e-02
6.141024e-01
2.626444e-02
8.970996e-03
3.757045e-03
1.811323e-01
9.218283e-02
1.157738e-01
3.738332e-02
3.513442e-03
6.085147e-02
1.241434e-02
4.520047e-03
6.623348e-04
8.821937e-03
4.378656e-02
1.243497e-01
7.877568e-03
7.896834e-02
1.932973e-04
9.772836e-02
7.758224e-02
4.104461e-02
2.289677e-01
3.759032e-02
4.304112e-03
2.560055e-02
4.587103e-02
1.020493e-01
9.758652e-03
7.993637e-02
3.080977e-01
1.194116e-02
1.256632e-01
2.196686e-02
1.927516e-01
4.950876e-04
2.567826e-02
3.025991e-01
4.838493e-02
6.981917e-04
2.684594e-02
1.021418e-01
1.849828e-02
1.982851e-02
1.537700e-02
1.794101e-01
1.656793e-04
1.792499e-01
1.049779e-04
3.501248e-02
2.682108e-01
1.749768e-01
2.288097e-01
1.422740e-02
1.245766e-02
3.474587e-02
4.517602e-02
2.322621e-02
6.101263e-02
4.477152e-03
1.831984e-01
6.773603e-02
4.826232e-03
5.163657e-01
2.782005e-05
5.771865e-02
8.555021e-02
8.438192e-03
1.232305e-01
1.279778e-01
4.479849e-02
1.784467e-03
1.723584e-04
4.051256e-03
7.846307e-02
1.136269e-02
1.074197e-01
2.829563e-03
7.652348e-03
1.759442e-02
3.588601e-01
9.975715e-02
1.161500e-01
2.047707e-02
7.592988e-02
9.043887e-03
5.705779e-02
1.943300e-02
5.235178e-02
5.675875e-03
5.475440e-04
5.518186e-01
8.155348e-01
2.366459e-02
1.765328e-01
1.041654e-02
2.938466e-02
2.140386e-05
2.421575e-02
1.360185e-02
7.967011e-02
1.996349e-03
7.165071e-02
1.505375e-02
5.084051e-04
6.309942e-02
1.701502e-02
3.355494e-02
9.119535e-03
7.527799e-02
8.014799e-03
2.403860e-02
2.713196e-02
2.907935e-04
1.203447e-01
5.947053e-02
2.760098e-02
6.610957e-02
4.973407e-02
1.137761e-03
3.761163e-01
5.152670e-05
4.464595e-02
6.675922e-03
1.042809e-02
3.217642e-02
3.251110e-03
2.924457e-01
1.994878e-03
6.162760e-02
2.331625e-02
8.017102e-02
4.412296e-03
2.201631e-02
1.729875e-02
3.501258e-02
8.095169e-04
1.739701e-02
1.574931e-01
1.111506e-01
1.532591e-05
4.768617e-04
8.141406e-04
2.555658e-01
2.126797e-02
2.669699e-02
6.806615e-03
2.155788e-01
1.127320e-02
7.632117e-02
4.736221e-02
2.092029e-02
1.840904e-01
1.355927e-03
1.846001e-02
1.775296e-01
9.813878e-02
6.455615e-02
1.666471e-03
1.438977e-01
5.214594e-01
1.958005e-05
4.598447e-03
1.631103e-02
1.220915e-03
1.442636e-01
1.009323e-02
2.001194e-01
2.265331e-01
1.157495e-01
1.397045e-01
1.416003e-03
1.563340e-02
4.193886e-02
1.155164e-01
5.013377e-03
3.927102e-07
3.293424e-02
5.502410e-02
1.413597e-03
3.913801e-02
2.691080e-02
1.450991e-04
1.405702e-02
6.405741e-02
4.383049e-03
1.826815e-02
9.473024e-02
4.640986e-03
1.075633e-03
3.249741e-02
1.601511e-02
1.228476e-02
6.853405e-02
1.318349e-02
5.124466e-02
4.141559e-02
6.703727e-02
2.150966e-01
1.250014e-01
2.128063e-03
1.592826e-01
7.491357e-02
1.870089e-02
4.591453e-02
2.295923e-02
7.745110e-02
2.709497e-02
1.172403e-03
2.366230e-03
1.551917e-02
3.438780e-05
8.362864e-05
5.229098e-03
