2.919249e-03
1.391633e-02
3.477759e-02
2.612690e-02
3.156211e-02
2.046396e-01
1.038551e-03
6.599367e-03
9.564922e-04
1.321621e-02
2.289701e-02
1.135602e-02
2.257867e-02
5.842784e-02
3.308844e-02
2.832246e-02
5.497868e-05
3.576919e-02
8.791178e-03
6.914172e-02
2.394512e-03
1.393547e-01
5.186967e-04
2.083826e-03
9.288126e-03
3.944816e-02
2.662012e-01
6.293361e-02
1.369870e-01
1.459276e-01
7.169704e-07
1.040942e-02
1.830850e-01
7.158518e-02
6.787603e-03
3.518271e-02
3.803518e-02
2.777144e-01
1.568954e-01
1.108024e-01
1.180342e-01
1.054627e-01
6.309507e-02
5.167658e-03
1.442499e-02
5.046776e-02
4.980996e-02
5.642595e-04
1.926775e-01
1.843701e-03
7.330711e-02
2.188480e-03
6.909655e-02
4.508067e-04
2.458029e-02
3.206032e-01
1.244830e-01
3.716750e-02
1.620615e-01
3.371401e-03
2.180288e-07
3.022601e-03
1.188658e-01
1.539637e-02
2.454696e-03
2.258759e-02
3.733496e-02
3.944000e-03
1.575260e-02
6.413099e-03
2.152941e-03
1.107634e-01
1.009684e-02
1.154914e-01
3.996496e-02
9.423318e-03
1.465011e-01
4.633149e-02
2.444079e-01
1.110589e-04
2.503556e-02
7.797445e-03
3.781770e-02
1.387809e-01
4.779713e-02
5.612115e-02
3.613754e-03
5.410732e-02
3.393359e-02
5.543894e-02
6.465301e-02
1.645700e-03
8.243666e-03
2.408881e-02
3.542695e-03
8.111105e-02
3.060391e-03
1.834371e-03
5.492139e-02
4.075552e-02
5.847117e-04
8.609052e-03
2.775061e-03
6.576734e-02
1.393904e-01
3.786660e-02
8.517628e-03
4.510294e-03
1.015281e-02
1.520209e-02
1.029461e-02
5.576472e-03
2.557258e-02
4.689847e-02
1.690296e-02
2.744106e-02
6.002008e-02
1.436020e-02
1.150501e-01
4.838238e-03
6.626944e-03
1.489385e-02
1.299627e-02
2.484149e-02
3.832767e-03
2.693363e-02
2.196786e-02
3.628725e-02
7.084177e-05
1.420843e-01
1.191100e-02
8.330683e-03
6.841303e-03
2.665315e-02
7.816233e-03
2.627100e-02
1.073496e-01
8.015669e-02
4.768232e-02
1.243529e-02
4.198408e-03
1.060830e-02
3.221750e-03
8.829388e-05
1.269174e-02
8.767295e-05
7.223365e-02
1.001792e-03
7.312526e-02
1.137057e-01
1.557559e-05
4.046626e-03
8.274674e-03
4.665093e-04
1.019810e-03
2.470687e-02
1.119005e-02
2.129357e-01
8.383091e-03
1.015724e+00
3.255330e-02
1.482699e-02
2.736595e-02
1.857459e-02
6.930615e-04
2.780462e-01
2.425404e-02
5.359199e-02
1.723746e-02
5.427400e-02
8.671804e-02
2.005198e-01
1.229981e-01
1.927949e-02
8.235415e-02
4.442143e-02
7.017677e-02
2.862890e-03
1.133655e-02
1.318870e-01
3.140939e-03
1.417031e-02
3.456158e-02
3.006199e-02
2.080191e-03
5.642627e-04
1.773852e-01
1.094027e-01
1.268718e-02
1.350252e-02
1.633954e-01
1.932573e-02
2.750412e-04
1.782400e-06
3.823116e-02
2.641798e-02
3.750784e-02
1.501961e-02
2.010514e-02
1.902178e-03
1.966980e-03
3.858044e-06
6.850329e-03
1.198205e-04
1.660955e-02
4.131638e-03
4.970280e-02
4.705547e-04
1.822865e-03
1.117550e-02
4.727912e-02
4.162566e-03
4.181809e-02
5.690557e-02
4.637900e-02
1.916494e-02
2.037792e-04
5.044378e-05
4.660838e-01
5.611772e-02
7.217135e-03
2.011137e-01
2.514357e-01
8.321897e-04
3.487867e-02
5.576075e-02
5.633834e-02
1.144597e-01
3.044441e-02
1.658031e-01
4.986571e-02
7.384547e-04
7.527563e-04
7.457776e-03
1.672319e-03
2.887122e-02
4.660840e-04
3.171385e-02
2.907031e-01
1.307074e-03
3.661667e-03
6.648071e-03
7.550890e-02
4.141816e-04
1.591537e-02
3.380249e-03
2.802578e-02
1.490839e-01
1.394645e-03
5.460046e-04
4.282908e-02
2.022421e-02
3.788249e-02
3.110127e-02
9.300808e-04
1.349728e-01
1.197069e-01
1.500484e-02
4.388810e-03
7.440314e-02
5.955481e-02
4.788351e-03
2.901636e-04
1.373860e-03
4.008717e-02
5.275050e-02
9.657175e-02
6.379327e-02
9.119163e-04
1.751528e-03
2.107294e-02
6.411257e-02
1.330541e-01
3.651243e-02
7.006205e-02
5.613201e-04
3.192326e-02
5.236410e-02
2.392697e-02
6.441463e-04
2.288237e-01
4.747039e-03
1.843784e-02
1.782755e-03
4.821886e-04
2.201620e-02
1.639439e-03
2.528983e-01
6.315575e-02
2.784742e-01
4.612237e-03
3.380194e-02
1.321536e-01
1.992289e-02
1.025592e-01
7.420255e-02
2.339002e-01
2.853585e-04
7.017939e-04
2.977289e-02
2.970286e-01
3.363053e-02
1.902284e-01
8.541548e-03
8.207724e-02
2.378378e-02
2.263096e-02
1.083384e-01
3.942298e-04
6.691652e-02
2.197403e-05
1.984817e-03
1.886585e-01
1.383552e-02
2.259775e-02
8.765788e-02
4.044010e-03
4.330955e-02
8.065453e-03
9.609991e-03
1.663712e-01
7.697451e-02
1.578653e-02
1.218496e-02
7.322513e-03
9.248436e-02
1.202460e-01
4.855896e-03
2.669355e-03
2.675133e-03
1.229555e-03
4.934147e-03
1.982278e-03
1.131378e-01
2.553086e-03
5.817474e-03
9.568291e-03
3.387089e-03
3.285694e-04
6.438823e-02
4.147662e-02
8.298794e-02
1.072612e-02
1.500137e-02
9.466428e-05
1.182602e-03
2.564506e-02
1.100669e-05
1.210338e-02
1.090045e-02
2.746992e-02
3.930600e-02
9.316541e-03
2.228498e-06
3.691894e-04
4.400249e-02
1.368513e-01
1.013571e-02
4.751220e-02
8.006496e-02
8.444738e-02
5.074161e-02
9.232519e-04
3.108673e-02
3.841980e-02
9.595719e-02
1.629239e-01
4.917935e-03
1.387729e-04
1.233886e-02
1.919581e-04
8.904712e-02
1.324866e-02
4.343115e-02
3.860038e-03
8.906563e-03
1.188718e-01
1.898061e-03
1.012756e-01
9.928152e-03
1.748150e-04
3.291271e-02
8.887679e-04
9.041960e-02
1.354003e-02
8.376014e-05
8.939864e-02
3.662557e-03
1.966030e-02
1.183713e-02
1.559326e-02
3.941408e-02
5.986699e-04
2.087687e-01
1.729269e-02
1.160139e-01
2.832038e-02
1.512057e-01
2.087164e-03
4.919534e-02
2.668047e-02
1.825890e-02
3.540703e-03
3.924693e-03
2.096656e-02
5.616715e-02
7.332002e-03
6.843596e-03
5.863336e-05
2.648665e-02
2.288917e-02
2.212369e-02
8.228442e-03
1.884998e-02
7.870320e-02
2.586151e-02
8.826070e-04
1.293708e-01
1.205829e-01
2.083350e-02
1.353308e-01
4.525987e-02
1.207715e-01
6.023084e-04
2.475782e-03
2.357900e-06
3.634378e-02
9.841691e-02
1.215381e-02
4.327461e-02
2.935918e-02
1.486901e-01
8.366921e-05
4.901330e-02
2.725209e-02
4.050932e-02
6.604526e-03
1.147214e-01
2.433729e-04
2.723580e-02
1.784727e-03
3.652650e-02
4.997219e-02
1.056893e-01
2.889809e-02
1.952512e-02
3.714438e-02
2.261674e-02
5.096967e-03
7.574530e-03
1.049105e-04
3.620531e-03
9.473034e-03
4.690141e-02
3.827386e-02
7.064124e-02
5.806219e-02
5.138636e-04
1.566653e-02
3.376795e-02
1.076624e-01
2.540163e-02
8.654284e-02
5.649897e-03
3.176045e-02
5.092374e-02
4.341223e-03
1.004262e-01
6.030682e-04
1.375843e-01
9.707643e-04
3.499208e-04
3.751350e-02
1.551994e-01
1.785454e-01
2.313603e-02
6.030108e-05
3.340233e-02
2.625860e-02
5.595132e-02
1.247137e-02
2.056715e-04
1.754738e-02
1.015724e-02
6.270438e-04
1.530643e-02
2.053483e-02
1.056232e-01
5.414934e-02
4.781340e-04
6.258871e-03
3.080964e-02
1.002762e-01
3.581925e-02
2.776719e-02
4.114308e-03
5.529519e-03
6.498017e-02
7.668726e-04
2.698176e-01
1.384335e-01
1.984873e-02
6.964923e-02
5.854560e-02
1.134059e-01
2.667894e-03
2.132798e-02
6.790826e-02
6.063413e-04
6.084310e-02
7.565186e-03
4.134790e-03
1.232898e-02
4.919953e-03
4.560185e-03
7.796761e-02
5.864029e-02
2.488003e-04
3.729860e-03
3.183108e-04
1.468406e-02
3.668481e-01
9.073759e-02
1.161480e-01
9.945111e-02
5.406962e-02
1.625870e-03
4.274346e-02
1.477602e-03
1.334516e-01
9.902410e-02
2.307742e-02
9.338993e-02
2.907590e-02
3.715675e-02
3.198224e-02
2.648525e-02
1.152475e-02
2.277705e-02
7.256323e-02
1.460786e-02
2.599717e-02
6.053788e-02
1.723452e-02
2.804389e-02
1.277744e-02
3.871222e-05
5.837105e-02
1.152169e-01
5.590872e-02
2.396707e-02
1.843822e-03
7.937122e-03
1.522128e-01
5.942172e-02
1.897192e-03
6.688054e-02
1.050843e-01
5.329585e-03
1.181700e-03
5.642792e-02
2.493853e-03
1.179953e-01
2.090062e-02
2.165113e-03
2.365522e-05
2.443941e-02
3.384756e-02
1.397120e-02
4.975022e-02
1.657040e-01
2.877089e-02
1.748010e-01
1.194640e-01
1.593710e-02
1.506644e-01
1.367773e-02
2.648726e-02
1.127152e-02
1.113501e-02
5.392422e-07
1.336116e-03
4.482204e-02
2.330111e-03
3.534636e-02
1.099382e-02
2.092252e-02
5.442672e-02
5.988010e-02
3.726364e-02
1.124572e-01
1.851598e-02
3.427083e-02
1.216063e-02
