2.305764e-01
2.056860e-02
4.870965e-03
2.461390e-01
6.616138e-02
5.862639e-03
6.162149e-05
5.540031e-02
1.124903e-01
3.615211e-05
5.430490e-05
3.821797e-02
1.336288e-02
1.578993e-01
1.669363e-02
4.468408e-02
6.850456e-02
4.572960e-04
1.635438e-02
3.295131e-02
1.767761e-02
3.593760e-01
1.259707e-02
6.683979e-02
1.209937e-01
9.605709e-04
2.563607e-02
1.731789e-02
5.153623e-03
7.065952e-02
5.310150e-02
8.055380e-03
1.955557e-02
6.558057e-06
1.970853e-02
2.575570e-04
1.049987e-01
2.765410e-02
5.032140e-02
2.418102e-05
1.668528e-03
2.297155e-02
8.074089e-02
4.319208e-02
6.433240e-03
2.842890e-01
4.393250e-03
2.355640e-02
3.910641e-02
4.143099e-02
5.882870e-03
2.521436e-02
2.100900e-03
3.660142e-02
1.313008e-01
4.790380e-03
1.684072e-03
1.100274e-01
5.629930e-02
1.576149e-02
2.922635e-01
3.848552e-03
4.562115e-02
2.371320e-02
1.156471e-03
4.090929e-02
1.670383e-02
3.528105e-02
3.092008e-02
8.041608e-02
3.225934e-02
2.571892e-01
7.577997e-02
2.739575e-02
2.771127e-04
8.339511e-04
9.355454e-02
1.650058e-01
1.260250e-02
5.687341e-03
2.129384e-03
7.565415e-04
1.323895e-03
3.406975e-01
4.006848e-02
4.076328e-02
1.537409e-01
3.180283e-02
1.843683e-02
4.006593e-02
6.056100e-02
5.734064e-02
8.555815e-03
2.045339e-02
2.631446e-02
1.985233e-02
2.568912e-02
8.133871e-02
2.836167e-02
2.358509e-02
2.705717e-01
5.223507e-02
6.407531e-02
1.689910e-01
3.473364e-02
1.320832e-03
1.572703e-02
3.560711e-02
7.045837e-02
2.806908e-02
1.062998e-01
5.469639e-02
7.670576e-03
5.019754e-01
1.303070e-01
5.435116e-02
1.212140e-01
1.852559e-04
2.896181e-02
1.342975e-01
1.612289e-01
4.882539e-02
1.950412e-02
9.397076e-02
2.078362e-01
1.719174e-01
2.869609e-03
8.604408e-03
2.535539e-02
2.307027e-02
1.228979e-02
1.258833e-02
1.283238e-03
2.149552e-01
6.494744e-02
1.933970e-05
2.392815e-03
1.560453e-02
6.703201e-02
7.689328e-02
2.493061e-02
3.285969e-02
1.232892e-02
2.273292e-03
3.921136e-03
1.717422e-02
4.382272e-03
6.350442e-03
3.891688e-03
6.227322e-03
3.841145e-05
1.390143e-02
4.155241e-03
6.449352e-04
3.691019e-03
1.686038e-03
2.344682e-06
1.821676e-02
3.751366e-02
7.173425e-01
5.589688e-03
6.415730e-03
3.161794e-02
1.441275e-02
3.577590e-02
7.041849e-02
4.640400e-02
1.537261e-01
6.707806e-02
3.973168e-02
6.576265e-03
3.471982e-02
1.063341e-02
4.878890e-02
2.284467e-02
4.475870e-02
9.609671e-02
6.985041e-03
8.178063e-02
6.099255e-02
1.124012e-01
2.168783e-02
2.668451e-03
7.214519e-03
6.967600e-04
1.659890e-02
6.474286e-02
5.249957e-02
5.870291e-03
9.834877e-03
1.144023e-03
1.893852e-02
1.489247e-01
1.163694e-02
6.666036e-02
2.514141e-04
5.742453e-03
1.429585e-05
3.268942e-02
5.876612e-02
2.022159e-02
3.007862e-02
2.896770e-03
2.867078e-02
4.200955e-02
1.811734e-01
4.732542e-02
1.137673e-01
4.244461e-04
1.023198e-01
5.248181e-02
2.799293e-03
1.340776e-03
1.055650e-02
5.598571e-03
3.303123e-04
3.733140e-03
4.304085e-02
2.597814e-04
1.544043e-01
2.395371e-02
4.063173e-03
1.553526e-02
2.188878e-02
5.058165e-03
9.296189e-06
7.045085e-04
2.185439e-02
6.768158e-04
8.656742e-04
4.485280e-02
5.729541e-02
2.318711e-02
1.049984e-03
3.891636e-02
1.093863e-01
8.530546e-02
1.180580e-01
4.327120e-02
2.497443e-02
3.908589e-02
8.368231e-02
3.475419e-02
4.366231e-03
6.023849e-02
1.833716e-02
1.534499e-02
4.308432e-01
1.195709e-01
1.655125e-03
1.898980e-02
4.602683e-03
1.693568e-01
2.428968e-02
2.341209e-02
3.177634e-02
8.173445e-03
8.365296e-03
1.099759e-01
1.997501e-03
6.314989e-04
9.876510e-04
3.927077e-03
4.291259e-04
8.260939e-02
6.928143e-02
2.321528e-01
3.987824e-02
2.237865e-02
2.677137e-02
1.582070e-03
3.997363e-02
1.092811e-01
1.189875e-02
1.006390e-01
4.269699e-02
8.715142e-02
8.243363e-04
6.886223e-02
4.596377e-03
1.153820e-01
7.752299e-03
2.845021e-02
5.126889e-02
2.722673e-02
4.446587e-02
2.466647e-02
2.274614e-03
4.176301e-03
3.766595e-05
1.441793e-02
5.343040e-02
3.169100e-01
1.872297e-02
8.564656e-02
2.920966e-02
7.533125e-02
9.849968e-04
1.867086e-02
1.201748e-03
1.539449e-04
3.435960e-03
3.476989e-02
5.938022e-02
1.312197e-03
2.537328e-02
1.896505e-02
7.933671e-03
6.415391e-02
3.982712e-03
1.258611e-02
4.337714e-02
4.855261e-02
5.481832e-02
1.283138e-01
8.904795e-02
1.930256e-03
2.777505e-02
1.347116e-03
4.886574e-02
7.635246e-02
2.524442e-03
2.337760e-02
7.936938e-04
8.412900e-03
1.070250e-01
9.012901e-02
2.588643e-02
6.526718e-03
1.507860e-03
3.734613e-02
6.482707e-03
1.024569e-02
1.391627e-01
6.102613e-02
7.369697e-03
1.533622e-02
4.368482e-02
3.050975e-02
2.148531e-02
7.273639e-02
3.126179e-03
1.793509e-04
3.581676e-02
1.327778e-01
7.282796e-04
1.926326e-01
1.170238e-01
2.543844e-01
5.591616e-02
3.051934e-01
4.409024e-03
9.718300e-04
2.752461e-02
8.755036e-02
3.192647e-03
4.340093e-02
3.986598e-02
1.506193e-02
1.036197e-01
8.914215e-02
1.762811e-01
5.813221e-04
5.544989e-02
4.164086e-02
2.436631e-02
1.205484e-01
1.053691e-02
1.286938e-01
8.784387e-02
1.207911e-02
4.835320e-02
1.636708e-01
5.464594e-02
2.595447e-02
7.373930e-04
3.075394e-04
1.056279e-01
3.483172e-02
7.116812e-04
3.115790e-02
1.791854e-05
8.553328e-02
6.414880e-02
6.032314e-02
2.536492e-02
6.506037e-03
7.249968e-02
8.564133e-05
2.220621e-02
1.299989e-05
8.306296e-02
4.139841e-03
4.365808e-03
6.926047e-02
1.067203e-01
1.910751e-01
4.885756e-01
3.074586e-03
9.121570e-04
2.977628e-04
6.797599e-02
8.256352e-03
1.332857e-03
1.179441e-03
3.963720e-02
9.899912e-03
3.186290e-02
1.484524e-01
2.592266e-02
1.798672e-03
1.198777e-01
7.816128e-02
3.436271e-02
7.115488e-03
1.999857e-02
2.236747e-04
1.565987e-01
6.358612e-03
3.348448e-02
1.610965e-02
2.058321e-02
3.394137e-02
3.522839e-05
1.118381e-01
2.954469e-02
5.711358e-03
1.638823e-03
1.169158e-02
5.171235e-02
2.638241e-03
1.245165e-02
1.504063e-01
3.080079e-02
2.665680e-03
3.509126e-01
5.270412e-02
1.150594e-01
2.389194e-03
3.871617e-03
2.503722e-03
4.043521e-03
1.342636e-03
1.819115e-02
6.324668e-04
1.862197e-02
7.506832e-03
4.519221e-02
1.836186e-02
4.468279e-02
1.862078e-02
3.117612e-01
7.898085e-02
2.490010e-03
3.219708e-03
9.411669e-02
7.997349e-05
2.683055e-02
2.190398e-02
4.681059e-03
4.192676e-01
4.282248e-02
2.706032e-02
4.448233e-02
4.688572e-02
2.533702e-02
1.159861e-02
6.952042e-03
1.335540e-01
1.058761e-02
2.610082e-02
6.160749e-01
4.357659e-04
3.334906e-02
3.073074e-02
6.405062e-03
2.269750e-01
1.535310e-02
1.004728e-01
2.225118e-01
2.418851e-01
9.148447e-03
5.127755e-04
8.323062e-02
5.318901e-02
9.973050e-02
3.283216e-02
2.497606e-01
8.907247e-03
5.077846e-05
4.038375e-04
3.009386e-02
6.401660e-02
2.545554e-03
4.394218e-02
1.638845e-02
1.553140e-01
9.031907e-03
2.171900e-02
1.761948e-01
2.252700e-01
3.465176e-02
5.236152e-03
5.520283e-02
5.297330e-02
3.053151e-02
6.531798e-02
1.829636e-03
1.202140e-01
2.097264e-01
5.258736e-03
4.422371e-02
2.034192e-01
9.023816e-03
1.147924e-01
7.711705e-02
2.209748e-01
7.409410e-03
1.626938e-01
2.529786e-01
4.044031e-03
1.404138e-01
2.015162e-03
1.599058e-01
2.150596e-01
6.143415e-04
7.228854e-03
2.978143e-02
2.096500e-03
4.493050e-03
4.178639e-03
7.057414e-04
1.660251e-02
1.203885e-02
4.170821e-03
1.963133e-02
8.666918e-02
2.592567e-02
1.309721e-02
2.633590e-01
6.800430e-02
8.802987e-02
8.258079e-03
4.960909e-02
4.851937e-02
7.977739e-02
9.662032e-02
4.842065e-02
2.517720e-03
2.741964e-03
1.063278e-01
1.516619e-03
7.151896e-04
1.977488e-04
7.061643e-02
1.768298e-01
1.806240e-02
4.134308e-02
1.825228e-02
4.008506e-03
1.607309e-03
1.833385e-02
8.689901e-02
1.755509e-03
2.990105e-03
6.324713e-03
2.857854e-02
2.894655e-03
7.127281e-02
3.197344e-02
1.349579e-01
4.906521e-04
3.193859e-01
3.647753e-02
9.738894e-03
6.263300e-02
8.637944e-03
4.415856e-04
3.219148e-04
7.734077e-03
7.409679e-02
6.622674e-03
4.239443e-03
9.034206e-03
3.509463e-02
4.405150e-02
2.455672e-02
2.364566e-02
8.846364e-02
8.578504e-02
2.005828e-01
3.073535e-02
1.472414e-02
2.874644e-03
