1.324893e-02
3.764892e-05
2.727920e-02
9.345342e-03
8.068637e-02
2.016926e-03
1.728507e-04
1.475267e-02
1.259448e-01
3.516001e-04
1.089420e-01
1.572651e-02
3.118257e-02
2.644904e-03
2.487693e-02
8.685665e-02
4.666026e-03
1.398764e-02
2.096862e-02
7.941127e-02
8.131415e-03
5.040230e-02
2.082635e-02
3.956811e-02
6.331924e-03
4.784467e-02
1.236816e-02
1.087252e-01
9.157541e-02
1.607885e-02
1.008305e-02
4.140202e-02
3.998240e-03
1.575675e-02
2.874469e-01
7.064773e-03
2.993476e-03
1.756095e-02
4.797913e-02
5.049619e-02
7.669867e-02
2.495079e-02
2.252679e-04
1.666322e-01
7.312185e-04
4.319260e-02
2.182156e-03
1.109663e-02
3.706688e-02
8.574703e-04
4.675001e-01
3.153377e-02
1.159319e-02
5.857408e-02
1.773497e-02
1.321057e-03
4.774890e-03
2.604214e-01
9.881864e-02
1.791949e-03
2.970859e-03
6.479660e-02
8.911627e-03
6.925642e-03
2.959178e-04
2.416370e-02
3.613403e-02
1.043871e-01
1.101194e-09
1.061927e-02
2.164992e-02
5.471756e-03
2.462253e-02
1.299058e-04
2.390818e-02
6.395963e-03
1.256078e-01
6.652099e-02
2.023603e-01
7.467205e-03
6.744101e-02
6.425734e-03
5.818621e-02
1.478984e-02
5.398955e-03
3.129446e-03
1.830042e-03
1.940298e-01
2.994642e-03
2.975221e-02
3.624342e-02
6.117266e-04
4.828400e-03
4.203008e-04
2.495193e-03
2.301183e-02
2.988900e-04
8.441404e-02
7.411165e-03
1.038066e-02
1.886484e-01
4.118086e-01
5.567628e-02
5.177580e-02
1.636429e-02
7.190042e-03
2.141049e-02
6.815109e-06
7.998830e-03
4.463988e-02
7.209627e-02
1.315194e-01
4.528587e-03
6.742809e-03
1.471578e-01
1.304816e-01
2.262007e-01
4.043543e-03
9.221086e-04
1.813232e-02
4.949485e-02
2.535330e-02
9.172731e-02
3.787613e-02
1.376204e-01
3.132347e-03
1.769850e-02
1.126439e-01
4.409357e-01
8.154740e-03
4.131082e-02
1.215973e-03
1.067680e-02
4.221418e-02
4.371125e-02
1.253023e-02
2.055186e-02
1.135342e-01
6.622625e-03
1.035537e-01
6.512360e-02
3.304948e-02
2.983318e-03
2.294038e-02
1.443810e-02
5.091602e-03
1.754116e-02
7.808085e-02
7.389100e-02
5.802570e-04
3.978154e-03
1.152774e-01
2.167381e-01
1.204562e-02
4.031444e-02
5.728052e-02
1.083923e-03
9.456248e-04
3.339461e-02
7.590721e-01
4.275790e-02
2.492921e-03
1.322700e-02
8.031294e-02
6.927089e-02
1.114740e-02
2.307223e-02
1.992299e-02
1.378565e-04
6.503603e-03
7.497349e-04
4.643749e-02
1.486326e-03
1.604757e-03
2.582021e-01
5.955910e-02
8.110840e-03
4.088425e-03
5.287010e-02
3.457412e-03
3.035547e-02
3.678237e-02
9.019160e-02
1.728375e-02
3.591666e-03
6.120633e-03
5.587260e-02
1.032137e-02
2.898566e-02
2.711862e-04
3.320279e-02
2.610768e-01
1.953838e-02
7.475363e-02
1.146945e-04
4.676489e-03
1.086704e-02
1.575129e-03
6.752056e-02
1.041686e-01
4.234674e-03
9.187967e-03
3.991162e-05
6.873274e-01
2.137917e-03
6.393375e-02
1.513860e-02
4.630708e-02
4.920752e-02
1.949844e-02
4.251666e-02
2.808261e-02
1.922238e-02
1.992422e-01
9.688176e-04
2.648070e-02
1.590993e-01
5.233007e-02
2.316141e-02
8.105215e-02
1.500541e-02
4.329791e-03
5.942464e-02
5.702051e-03
6.784152e-03
1.399103e-01
7.234701e-03
2.121717e-02
5.471244e-02
1.641509e-01
1.547623e-02
1.526173e-01
1.291226e-02
2.037435e-03
1.059832e-02
1.297969e-03
2.793715e-03
4.148982e-02
6.002017e-02
5.641002e-02
1.754434e-03
3.129527e-02
1.343417e-02
5.516854e-02
2.672640e-02
1.071705e-03
4.924615e-02
4.549053e-02
2.102628e-02
7.526900e-02
2.536211e-03
4.418609e-02
1.749872e-01
4.550193e-04
5.091105e-03
3.915606e-02
3.530914e-02
1.591914e-03
3.537137e-02
7.325645e-02
4.656797e-02
4.701200e-03
8.211867e-03
1.513893e-02
1.481728e-03
6.492755e-02
1.776974e-02
5.129917e-03
4.384979e-05
2.684987e-02
9.540605e-05
2.372858e-01
2.598311e-03
1.790066e-04
1.681583e-01
4.997881e-02
7.557064e-02
4.179796e-02
1.595601e-01
5.398719e-02
1.645239e-04
4.888753e-03
3.280039e-02
5.453243e-03
4.379449e-02
3.476369e-03
6.246914e-02
1.371114e-02
6.308231e-03
3.881564e-02
3.435686e-01
1.037160e-01
6.055188e-03
6.758752e-01
3.744596e-05
1.578110e-02
6.665138e-02
2.831719e-02
3.976004e-03
3.740877e-02
1.421957e-04
8.864868e-04
3.356250e-02
1.250280e-01
1.471446e-01
2.490307e-02
1.187158e-03
1.713001e-01
7.448342e-02
8.020356e-02
3.923600e-03
2.147293e-02
4.200309e-03
1.638540e-01
9.476488e-02
7.030743e-02
1.336464e-01
5.030065e-03
4.972472e-02
1.399142e-01
1.820182e-05
3.287105e-01
2.068082e-01
1.120460e-01
4.762383e-04
1.773166e-03
7.282274e-02
2.052254e-04
1.910541e-01
4.568224e-02
1.175940e-02
3.992317e-02
3.998002e-02
2.631530e-04
2.478007e-01
6.716631e-02
7.912017e-03
3.165285e-04
8.391727e-05
1.347446e-01
1.579873e-02
1.920224e-01
1.144290e-01
5.175987e-04
1.617104e-02
7.292319e-02
5.129202e-03
8.820988e-03
1.145837e-02
8.582145e-02
2.678814e-03
1.058059e-02
1.358155e-03
2.907168e-04
9.573189e-02
2.274349e-02
4.605533e-02
1.559506e-02
3.350940e-01
5.365647e-02
2.159850e-03
2.217359e-02
1.413501e-02
1.019248e-01
7.228077e-03
1.120218e-06
1.105722e-01
4.075104e-05
9.798742e-02
6.245621e-04
2.535814e-02
1.520148e-01
3.997740e-02
7.914182e-03
7.701762e-02
1.506220e-01
4.031456e-05
1.480379e-02
4.857529e-02
1.032418e-01
2.868722e-01
1.021524e-01
2.229846e-03
3.342182e-01
4.507449e-02
5.392331e-02
1.524485e-01
1.107137e-01
3.665150e-02
5.034154e-02
1.411849e-01
3.343485e-02
3.716234e-02
1.233579e-03
1.284973e-03
3.213610e-05
2.407095e-02
3.077943e-02
4.544166e-03
4.331520e-04
6.790075e-02
2.856335e-02
3.084539e-02
5.761021e-05
3.480865e-02
7.598295e-02
4.083771e-02
9.629592e-02
2.520874e-03
6.226761e-02
1.133775e-01
2.566134e-04
1.932285e-02
9.663677e-03
4.310372e-02
1.050693e-01
3.956393e-02
8.893897e-02
5.757474e-02
1.342601e-03
8.711736e-04
4.337394e-02
7.035475e-02
3.988632e-02
1.176246e-05
2.965225e-02
4.904276e-02
4.077280e-03
1.216457e-04
1.144173e-03
1.108425e-02
3.858090e-02
4.956980e-03
1.680168e-02
1.179432e-01
2.452269e-03
1.024609e-01
9.389663e-02
3.835091e-02
6.687041e-02
3.882356e-02
1.044305e-01
1.241193e-02
2.752929e-02
1.254294e-01
3.346353e-01
5.175201e-01
3.974062e-03
6.807752e-04
5.935968e-03
1.010468e-01
4.226530e-03
8.686252e-02
3.071344e-02
8.742146e-02
3.574713e-03
1.813753e-04
5.453293e-02
7.621696e-02
2.522906e-01
4.832372e-04
4.073026e-02
6.776440e-04
2.358928e-02
5.128051e-06
3.624431e-02
1.283728e-01
9.599111e-03
3.691209e-02
3.564308e-04
5.473256e-04
3.998609e-04
4.902540e-02
1.486384e-01
1.495347e-01
2.516156e-02
1.660307e-03
1.241767e-01
2.755869e-02
1.561501e-07
5.656676e-03
5.780777e-05
1.718855e-04
7.860377e-02
9.821156e-03
1.297662e-01
4.965379e-02
1.277202e-01
3.017902e-02
3.405607e-02
1.274833e-03
1.040051e-03
6.823341e-02
3.310449e-02
4.242551e-02
3.729552e-02
1.487461e-02
6.444583e-02
6.101822e-02
1.796335e-03
2.228561e-01
4.203517e-02
5.070365e-02
6.355599e-05
5.413526e-02
1.010405e-01
1.272705e-02
3.827193e-01
7.266323e-02
3.221751e-02
4.041411e-01
1.463308e-03
7.978429e-02
5.511960e-02
5.877963e-02
5.355245e-04
3.683098e-03
7.917944e-02
2.748078e-02
1.204599e-01
2.221604e-01
3.612601e-02
4.223833e-02
2.223184e-01
7.296829e-02
8.029928e-02
6.106036e-02
1.465910e-02
1.483779e-02
1.208720e-01
2.323808e-02
1.432144e-03
1.150921e-01
2.552783e-03
2.159135e-04
2.465933e-02
3.352400e-02
1.803024e-02
3.047351e-03
5.174834e-02
9.165666e-02
3.245947e-01
2.130482e-02
7.308645e-03
2.788131e-01
9.626813e-04
8.604660e-02
2.013704e-02
3.726270e-02
1.661261e-01
3.101722e-02
6.866836e-02
9.904160e-04
1.338323e-01
9.927000e-04
1.776841e-02
6.737034e-03
7.775599e-02
1.662587e-02
1.029071e-02
1.571765e-02
2.304492e-02
1.416527e-02
9.664641e-05
1.415406e-03
4.272800e-02
6.857083e-03
8.432948e-02
1.504318e-02
4.944968e-02
9.706937e-02
1.199143e-02
3.372973e-03
1.145262e-01
1.629678e-02
7.977833e-03
2.859599e-02
5.605340e-03
6.154051e-03
1.207487e-02
6.473179e-02
4.108256e-02
2.287666e-02
1.488150e-03
2.725604e-02
7.394736e-03
2.787961e-01
1.726725e-05
1.381692e-02
1.596793e-01
6.295985e-02
1.948453e-01
2.818296e-03
4.345456e-05
