2.039936e-03
1.989385e-02
1.236899e-03
4.297105e-02
3.882280e-02
2.571656e-02
6.411035e-02
1.481573e-01
1.224644e-02
1.328524e-01
8.760204e-03
3.585311e-03
1.618885e-02
2.991492e-03
1.226041e-01
1.647087e-01
3.861601e-02
1.114634e-01
1.140358e-02
9.581040e-02
7.053329e-04
2.348650e-02
1.021849e-01
3.838653e-03
1.481723e-01
2.905143e-05
1.425098e-01
1.856768e-03
4.773535e-02
1.010212e-01
6.783748e-02
1.649915e-02
1.901804e-01
6.263754e-03
6.361522e-02
1.080800e-04
3.096829e-02
4.912639e-04
6.207926e-02
2.151097e-02
3.531894e-02
5.212319e-02
2.157813e-03
6.866421e-02
2.471608e-03
3.003451e-02
2.005135e-01
2.330844e-03
7.375197e-03
3.939588e-04
3.183772e-07
9.855546e-02
2.272949e-02
5.921352e-02
6.991542e-02
6.802719e-03
2.550955e-03
6.178564e-04
9.316277e-04
2.253803e-01
5.434981e-03
3.720979e-03
3.752808e-02
1.972357e-01
1.287807e-01
1.514523e-01
2.219665e-03
4.838670e-02
5.506259e-04
8.785255e-02
1.566427e-02
1.437565e-02
4.723642e-02
1.931735e-02
3.426082e-01
1.496175e-02
8.272961e-03
8.092523e-02
3.434789e-02
8.602309e-02
2.790710e-02
1.022735e-01
3.840094e-05
7.898999e-02
3.790061e-02
8.046685e-02
6.768475e-03
1.286845e-01
5.076468e-03
3.466555e-02
1.224623e-01
1.584773e-02
1.526308e-01
4.835372e-02
2.047612e-02
1.322321e-02
2.059333e-02
5.946430e-05
9.730612e-02
1.999942e-01
1.166559e-06
7.053834e-02
8.780373e-02
1.522584e-01
2.183497e-02
7.237454e-03
1.655137e-01
1.174649e-02
1.768547e-05
1.350250e-02
9.010897e-02
4.587592e-01
1.473085e-02
2.732792e-03
5.844731e-03
2.587271e-08
2.602994e-01
3.191249e-02
2.361648e-03
1.229816e-01
4.859526e-02
1.416861e-04
1.499675e-02
3.311705e-03
1.666040e-02
1.917625e-02
2.298211e-02
3.591783e-03
2.438955e-02
1.627534e-03
9.412020e-03
5.793536e-04
9.762605e-02
4.997544e-03
2.947622e-02
2.756428e-02
1.583720e-01
6.008889e-02
4.043311e-03
1.221212e-01
1.014509e-03
6.917063e-03
2.819533e-04
3.506630e-03
6.520552e-02
3.067423e-02
8.350939e-02
3.065077e-02
7.571955e-04
2.534251e-02
6.725049e-02
2.295043e-02
3.147300e-02
8.033899e-02
6.754601e-02
1.057653e-01
4.724378e-06
1.235580e-01
7.650466e-02
1.348857e-01
3.285235e-02
1.400544e-01
3.652204e-02
1.548363e-01
1.733581e-02
1.035840e-01
9.034768e-02
4.110318e-02
1.999064e-01
7.352010e-03
2.456111e-03
6.400266e-02
5.400471e-02
1.343259e-02
9.860746e-02
4.535529e-04
2.562436e-02
2.772486e-02
2.896503e-03
3.736134e-04
1.559760e-03
2.910427e-04
2.071211e-02
1.072118e-02
3.214643e-01
9.112519e-02
4.424893e-02
2.867177e-02
8.913371e-02
1.068623e-02
1.556774e-02
9.529513e-03
6.029197e-02
6.780557e-03
5.838621e-01
3.563052e-02
9.721531e-02
2.993230e-02
2.082866e-05
6.392206e-03
5.927298e-02
1.058261e-02
1.331787e-02
3.387881e-03
6.227279e-03
1.506843e-01
5.707352e-03
2.552567e-03
1.049343e-03
6.097346e-03
8.366568e-04
3.557866e-02
5.190496e-05
1.925626e-04
1.362469e-03
2.564062e-01
2.076164e-02
7.860698e-04
1.930828e-02
1.526638e-01
1.162803e-01
5.504798e-03
8.602577e-02
3.867356e-02
1.868841e-05
8.291001e-02
7.937796e-02
2.490004e-03
8.000598e-03
1.520389e-02
1.068043e-01
3.223486e-02
2.551582e-01
2.861083e-02
3.291274e-03
1.726365e-02
1.586414e-02
4.717530e-02
9.158706e-02
4.091851e-02
3.016721e-02
1.970807e-02
1.523690e-01
9.954740e-04
1.395228e-02
5.261534e-02
8.392716e-03
1.891021e-02
6.277779e-04
3.265304e-02
2.794841e-01
3.051047e-03
2.606869e-03
3.840889e-02
1.628578e-01
5.621799e-02
1.013015e-01
3.088189e-03
8.866193e-03
2.385675e-01
1.729361e-02
2.630362e-02
6.951083e-02
1.156818e-03
9.053768e-03
9.433735e-03
4.654870e-02
1.560777e-01
1.209310e-01
5.211073e-02
4.481214e-04
5.293250e-04
7.840828e-02
7.114135e-02
3.209065e-02
4.886566e-02
9.772626e-02
1.783310e-04
1.823456e-02
2.147245e-01
5.794661e-02
4.307644e-02
1.177387e-02
1.009886e-01
2.751615e-03
6.934655e-03
1.090261e-03
6.177487e-02
2.237893e-03
2.755042e-02
2.558646e-02
5.295961e-02
3.024437e-03
3.674507e-02
1.637652e-02
2.595401e-02
5.825128e-02
5.460485e-03
6.201974e-02
1.416102e-02
1.378737e-03
4.207464e-04
5.210888e-02
9.242914e-03
2.014600e-02
6.420410e-02
8.249135e-02
1.066220e-01
1.550385e-01
3.379545e-03
3.268542e-02
5.458100e-02
1.638538e-02
3.011446e-03
7.639884e-02
6.962308e-03
7.615808e-03
1.873856e-01
1.748954e-02
2.837092e-02
4.380814e-02
8.049853e-06
2.109987e-03
1.807527e-03
4.214301e-03
3.688049e-02
1.883802e-02
1.804029e-02
3.266447e-02
2.311030e-02
2.526615e-02
1.356313e-02
1.699966e-02
8.876657e-04
5.100746e-02
9.810984e-02
4.227177e-02
5.930248e-02
1.782997e-02
1.222754e-02
5.891259e-03
1.353708e-05
1.128622e-01
4.603684e-02
1.368373e-02
3.216504e-04
5.300504e-02
9.372056e-02
1.232374e-01
1.314371e-04
1.512969e-02
1.008337e-01
2.707912e-01
4.917601e-03
7.092721e-02
1.357520e-02
4.395350e-03
1.393153e-02
6.258674e-03
1.825466e-01
3.550882e-03
1.235836e-03
5.557908e-02
4.650103e-04
8.049077e-03
1.641438e-02
8.113965e-02
1.341202e-04
1.548190e-02
1.337060e-03
1.069416e-02
1.924163e-03
3.080821e-03
1.105712e-01
2.402118e-02
1.839759e-02
2.516850e-03
3.563355e-03
1.321512e-03
5.683234e-03
1.257274e-03
2.490458e-02
5.823222e-01
1.085578e-01
3.646018e-03
1.991297e-06
3.718290e-02
1.006487e-01
1.334225e-02
9.014906e-03
4.350763e-04
1.023680e-01
3.904841e-03
5.993486e-02
5.466704e-02
9.578304e-02
1.518732e-02
4.578064e-03
9.455450e-02
1.989071e-01
2.548601e-04
3.345599e-02
5.882252e-01
1.266393e-02
2.016301e-01
9.634803e-02
8.623753e-02
2.950512e-02
3.499616e-03
4.276784e-02
2.683474e-02
1.712845e-02
3.444062e-04
1.035242e-01
2.912318e-02
1.434083e-01
6.797811e-02
8.580021e-02
7.719890e-04
2.310529e-03
1.706888e-02
5.441976e-03
1.154739e-04
3.253687e-03
5.289763e-03
1.122116e-01
2.099483e-04
1.056476e-01
5.824608e-04
1.813250e-02
1.536081e-01
1.715288e-05
3.885761e-02
2.457041e-03
7.989661e-02
8.941294e-02
9.249616e-03
1.954575e-01
2.333326e-02
6.935696e-02
4.041715e-02
1.688626e-03
1.822970e-02
2.670010e-02
9.167576e-02
5.778890e-04
3.370703e-02
2.444387e-01
1.448084e-02
4.065662e-02
1.555469e-02
7.463529e-03
1.062320e-01
4.813289e-02
2.193283e-01
3.015554e-01
1.705869e-01
1.543464e-02
1.771806e-02
1.502384e-06
5.311480e-02
8.977700e-02
1.444875e-01
1.286121e-02
2.803861e-03
5.042306e-02
3.658395e-02
4.082974e-02
1.009630e-02
1.671848e-04
2.537538e-02
1.684891e+00
4.857549e-01
3.127704e-03
1.828894e-02
1.691366e-01
7.722379e-02
1.965859e-02
3.010939e-02
5.539253e-02
2.582920e-02
4.080063e-02
5.825816e-03
7.104033e-02
7.355654e-02
2.759895e-04
3.974122e-02
6.161919e-02
3.747692e-04
7.883882e-02
6.747525e-01
1.065849e-02
6.548921e-02
3.738348e-03
5.730999e-02
2.088600e-02
1.354550e-01
1.551888e-02
1.951283e-02
7.747087e-04
5.857551e-02
1.918792e-02
3.736056e-02
6.807451e-03
6.388918e-03
2.895840e-02
4.930325e-03
4.840073e-01
1.190091e-02
8.994077e-02
2.755393e-02
1.441250e-02
2.181516e-02
1.894402e-01
2.106558e-03
4.177212e-03
3.853557e-02
1.042559e-01
3.852999e-02
9.712565e-02
1.753924e-01
1.464186e-03
1.658887e-02
5.115280e-02
2.432227e-01
2.967965e-02
2.703648e-02
2.865892e-03
2.012877e-03
2.159069e-02
3.265014e-03
1.434466e-02
1.013528e-02
1.555351e-03
3.974492e-03
6.795781e-02
3.929463e-02
4.490168e-03
5.565784e-02
6.646965e-02
1.457611e+00
8.078956e-04
6.587881e-03
6.868421e-02
1.433700e-03
1.009226e-01
4.331105e-02
1.428649e-02
7.462902e-02
6.093327e-04
1.659608e-02
9.648683e-03
2.502126e-02
2.194623e-02
5.164492e-03
5.169366e-02
3.402542e-02
4.463722e-05
2.008707e-05
1.215881e-02
1.316703e-03
1.719028e-02
3.031652e-02
3.198192e-02
1.424424e-01
2.003907e-01
7.681259e-02
1.982541e-03
4.889469e-02
2.401200e-03
1.455799e-01
7.260768e-02
1.163790e-02
3.310342e-02
1.319680e-02
7.018293e-05
1.077283e-03
1.279427e-02
1.994713e-02
1.334009e-03
6.386620e-06
2.842248e-02
1.044328e-02
1.950234e-03
6.986446e-03
2.004409e-03
8.767596e-02
9.041231e-02
7.757647e-02
1.485391e-02
1.026947e-02
6.148602e-03
4.776479e-02
3.555703e-03
