1.946063e-01
6.611352e-02
6.260380e-06
6.197420e-03
4.992457e-02
1.456141e-02
1.598875e-01
4.499686e-02
4.458931e-02
2.841923e-02
2.028374e-02
1.474814e-03
1.279990e-01
2.758572e-05
2.546879e-01
1.630439e-01
6.583014e-02
1.174765e-01
2.136292e-02
3.854893e-02
2.523243e-02
3.916645e-02
1.315425e-01
9.329258e-02
3.041429e-03
4.775140e-03
1.572553e-01
3.992755e-02
1.669511e-02
8.664878e-02
2.835954e-02
1.825980e-01
2.543140e-04
8.486151e-02
1.232498e-01
6.811658e-02
5.965837e-02
3.068151e-03
2.907858e-02
9.684495e-04
3.874932e-03
6.712335e-02
2.782744e-03
2.466619e-02
2.430984e-03
3.456934e-03
3.762318e-02
1.719902e-02
1.153413e-02
5.168623e-09
1.327903e-02
1.521212e-01
8.633850e-02
1.075290e-02
7.435960e-03
1.147482e-02
9.312627e-02
4.343004e-02
5.249046e-05
5.592591e-02
8.626018e-02
8.173077e-02
2.535855e-01
4.078079e-02
4.657493e-02
2.071192e-07
5.592889e-04
1.336651e-02
8.001548e-03
9.946347e-03
5.429844e-03
8.729936e-02
4.588371e-03
6.251495e-03
8.069953e-02
4.036007e-02
1.155497e-01
9.000147e-03
3.164221e-02
5.875715e-03
1.322796e-02
6.300097e-02
4.965005e-02
4.093163e-04
7.078369e-02
2.826027e-01
2.704456e-02
4.462010e-02
1.756498e-02
1.789419e-02
1.888554e-01
1.123625e-02
1.969797e-02
3.002080e-02
8.379390e-02
9.407896e-04
1.611060e-06
2.238887e-01
4.031193e-01
1.055966e-03
2.664732e-03
3.079748e-02
1.874759e-03
3.614178e-04
2.558738e-02
3.882349e-07
9.418256e-02
7.131550e-02
1.659494e-02
2.509122e-02
1.089500e-01
8.815106e-02
2.184970e-05
2.029878e-02
1.208421e-02
5.919876e-02
9.387817e-02
2.519129e-02
6.524134e-02
6.817682e-02
4.913924e-02
6.392426e-02
2.406456e-02
2.289881e-04
1.404294e-02
3.006429e-02
1.281090e-01
9.843562e-03
4.194865e-02
6.741654e-02
2.810348e-02
1.169562e-01
4.029887e-02
4.557071e-03
1.061358e-01
1.025069e-04
3.159717e-01
3.535369e-03
1.444723e-05
5.874145e-02
2.407308e-02
1.205351e-01
5.642334e-03
1.295265e-02
5.252967e-02
3.386351e-03
7.615732e-02
5.292554e-02
1.476076e-04
2.373873e-02
1.406721e-02
7.745373e-02
7.204737e-02
1.032685e-01
5.686000e-02
5.359089e-04
1.365819e-02
2.340947e-03
1.337594e-01
1.741501e+00
5.315205e-02
3.357407e-02
3.749643e-02
8.230592e-02
4.206309e-03
8.759393e-03
1.681804e-02
1.443569e-01
1.002246e-02
9.674860e-03
4.163476e-03
7.548658e-02
7.553639e-03
1.070105e-02
2.482231e-02
1.717489e-02
2.559712e-02
3.561722e-02
6.250923e-02
6.490025e-03
1.749395e-02
1.341346e-02
1.038049e-01
9.617826e-03
5.614954e-02
1.310559e-01
7.612209e-02
9.097703e-03
6.498492e-02
3.751430e-02
1.344926e-02
1.243528e-03
3.611612e-02
1.820998e-02
5.795245e-03
1.861881e-02
2.453568e-01
1.472042e-06
2.026511e-02
5.397126e-02
2.756466e-03
3.339885e-03
1.053932e-03
5.997585e-02
4.702975e-02
4.306925e-02
5.846724e-02
1.417649e-01
3.656200e-03
7.464493e-05
9.455696e-03
5.291937e-02
5.764215e-02
4.369087e-02
8.090193e-03
1.174879e-01
1.524567e-03
7.324073e-07
2.450933e-01
5.309239e-03
2.063873e-02
6.774838e-02
4.368371e-02
1.250404e-01
3.360729e-05
7.835786e-02
2.312765e-02
1.101257e-01
4.796925e-02
3.352823e-02
1.514161e-02
2.823745e-04
1.418174e-01
5.432765e-02
5.843083e-02
2.981729e-03
8.832292e-06
3.352544e-02
8.618080e-03
9.404899e-02
9.057704e-06
4.266189e-02
1.241319e-01
8.528568e-02
2.091025e-01
6.955025e-02
1.971905e-02
4.119147e-02
4.393137e-02
2.432204e-04
9.376382e-02
1.213090e-02
3.075948e-02
3.229977e-03
8.892754e-03
2.315653e-01
2.288671e-02
7.259718e-02
6.324147e-02
7.238031e-04
3.112027e-02
9.866150e-02
3.867962e-03
6.790397e-03
1.755974e-02
8.764696e-03
1.854981e-02
6.692705e-02
1.920720e-02
1.217487e-01
1.917437e-02
2.542689e-01
4.660162e-01
4.074380e-03
1.953933e-03
1.164661e-02
4.673020e-02
8.298294e-03
2.260960e-03
3.589557e-04
1.746011e-03
3.504498e-02
1.425429e-01
1.927985e-01
2.119797e-04
3.638676e-02
6.557791e-02
1.183268e-01
2.588719e-01
7.916190e-03
5.643272e-03
2.745253e-03
5.733872e-02
1.748795e-03
1.180040e-03
3.689918e-02
3.500038e-02
2.014642e-02
3.413804e-01
3.924485e-03
1.242444e-01
8.966520e-03
2.390272e-02
7.609771e-02
6.238798e-03
2.449242e-02
5.745879e-02
2.996839e-01
1.343788e-01
1.506794e-02
2.759811e-03
4.619406e-03
2.129560e-03
1.548213e-02
2.157714e-01
2.612150e-02
7.716759e-03
8.255302e-02
1.059928e-01
7.587177e-02
4.722332e-02
1.484683e-01
8.948709e-02
3.978639e-04
5.951081e-05
8.025731e-02
1.043410e-01
6.628939e-03
9.849936e-03
1.148286e-04
4.144750e-02
2.726102e-02
1.290803e-01
6.891779e-04
3.579942e-05
2.463600e-01
3.102942e-02
9.083579e-02
3.816544e-02
1.983080e-02
2.436945e-03
9.859694e-03
6.912219e-03
2.819998e-02
1.164728e-02
1.342947e-01
1.626915e-04
5.619556e-04
5.074999e-02
4.027376e-02
5.996790e-02
1.018560e-01
4.122088e-03
5.940732e-03
3.600485e-02
4.728336e-02
2.265365e-02
1.143396e-02
1.817479e-02
7.544684e-02
1.213304e-04
1.354833e-02
5.450491e-02
1.827603e-02
1.192344e-01
3.781875e-04
6.680607e-03
2.378245e-02
4.852385e-02
6.882896e-03
2.035765e-02
1.786381e-04
1.950657e-01
4.955019e-01
8.494518e-02
6.619355e-02
4.104634e-03
1.420185e-02
2.678734e-04
4.136504e-02
6.821150e-02
9.977147e-04
1.161856e-01
3.257132e-03
4.242571e-02
7.594518e-02
2.010266e-02
2.422845e-01
1.042902e-04
1.087237e-02
3.380134e-02
4.475892e-02
2.200555e-02
3.490102e-02
2.536355e-02
9.228903e-02
4.414150e-03
5.585971e-02
9.947343e-03
1.432557e-01
3.246169e-03
4.225024e-02
7.259957e-02
1.919198e-01
1.863809e-02
2.388440e-02
2.963330e-02
9.173173e-02
1.825406e-01
2.768598e-01
6.460505e-02
1.399500e-01
1.900683e-02
5.090085e-03
2.302380e-01
1.266377e-02
5.643185e-02
4.651166e-03
6.901027e-03
4.708448e-04
1.158067e-05
8.358774e-03
1.381688e-01
1.711947e-02
3.137590e-02
1.720200e-02
1.393571e-01
2.597601e-03
6.498574e-02
1.052664e-01
1.290962e-01
2.162005e-04
1.117023e-02
9.649732e-04
8.012528e-03
1.419186e-01
4.552323e-02
1.805708e-05
2.019190e-02
2.753996e-03
7.945271e-02
5.933627e-03
5.276871e-02
3.298569e-03
2.944035e-04
6.561796e-03
6.150422e-02
1.038605e-02
2.544081e-03
3.449330e-03
2.789157e-02
9.020492e-02
1.109661e-02
5.014198e-04
1.778232e-03
1.195435e-01
7.343580e-02
1.326979e-05
8.403797e-02
1.511186e-01
1.457539e-02
1.160986e-02
1.432451e-03
5.469622e-02
1.791925e-01
5.425266e-03
3.131644e-01
3.235421e-01
2.243500e-02
3.702440e-03
2.022550e-02
3.018482e-02
5.209102e-04
5.156755e-03
1.208872e-03
1.987072e-04
8.656139e-02
6.534058e-02
1.212190e-02
7.110470e-02
2.499915e-02
5.010209e-02
4.596225e-03
1.463283e-01
2.875170e-02
3.858672e-03
7.265446e-02
9.572682e-02
1.561133e-02
1.392349e-01
3.031582e-02
1.124424e-02
6.668132e-03
2.579488e-05
1.471199e-01
1.499463e-01
2.771934e-02
1.047948e-02
5.278621e-03
5.047133e-02
1.669020e-08
4.854445e-03
1.046010e-02
5.563611e-02
9.248182e-02
6.322236e-02
1.927742e-02
8.636840e-08
2.013562e-03
7.333724e-02
5.006610e-02
1.195621e-02
1.769456e-02
2.255783e-02
8.803353e-02
3.978025e-03
2.385774e-02
1.044284e-02
5.219008e-03
9.796306e-02
2.668057e-01
1.477890e-02
5.274681e-01
1.444055e-02
5.690986e-02
3.036537e-02
6.936067e-04
1.176770e-03
1.032280e-01
2.934230e-06
2.697490e-02
9.225400e-03
2.176923e-02
2.534518e-02
1.568906e-02
4.408388e-02
8.913726e-02
4.442104e-01
3.460981e-06
1.772209e-03
1.880094e-01
2.302211e-02
4.613677e-01
3.110196e-01
8.660877e-02
4.182860e-03
1.262588e-03
1.002086e-02
3.562080e-05
4.450807e-03
7.875914e-03
7.884589e-02
8.779008e-06
1.224693e-01
1.266345e-01
2.514548e-04
5.402212e-03
2.894613e-04
2.309486e-02
3.308886e-02
6.893939e-02
4.353800e-03
4.723074e-02
4.364924e-02
8.592802e-02
6.851575e-03
9.115567e-02
5.540794e-03
2.507632e-02
3.204562e-04
6.168025e-03
1.447643e-02
1.136191e-02
8.035650e-02
9.815706e-05
3.336836e-01
1.951765e-02
1.449439e-01
2.234195e-02
6.237216e-02
5.478967e-02
9.454988e-04
5.475591e-03
1.536614e-02
6.340130e-02
8.396593e-04
3.651415e-02
1.063969e-01
5.095900e-03
3.010847e-02
3.748250e-02
1.065719e-04
7.836141e-02
2.649304e-03
