2.143907e-02
8.681859e-03
1.043840e-02
3.542284e-02
1.133457e-05
3.060429e-03
1.397722e-01
4.512648e-04
4.401324e-02
8.251860e-02
1.619501e-02
2.101792e-02
7.058458e-02
9.623732e-02
9.243223e-02
1.894611e-05
4.646399e-02
2.665691e-01
2.701741e-01
3.170705e-03
1.387909e-03
6.589608e-04
1.779380e-02
2.827399e-03
2.451645e-01
6.977124e-02
5.671514e-02
9.803308e-02
5.919100e-02
7.914065e-03
1.404567e-01
7.307784e-02
2.083895e-02
2.114465e-01
9.062395e-02
6.682666e-03
1.713845e-01
6.180518e-02
7.505560e-05
1.222201e-03
1.285496e-03
1.252866e-02
6.354211e-03
3.548591e-02
1.300146e-02
4.342544e-03
2.558224e-02
1.092831e-01
4.374204e-02
3.323436e-03
3.130528e-03
2.640741e-04
3.894477e-02
2.297389e-02
2.065257e-02
1.729261e-02
8.301938e-04
1.505865e-03
1.002177e-02
7.192002e-02
9.391938e-04
4.139098e-02
1.411501e-04
4.575067e-02
2.100979e-02
4.011930e-03
5.896064e-02
4.602712e-02
6.000328e-02
1.098446e-05
1.537942e-03
8.088499e-03
1.035893e-01
1.927126e-03
3.342193e-02
9.497890e-02
9.841578e-04
1.962053e-02
9.331434e-03
1.816462e-02
2.145206e-03
2.634841e-02
2.343479e-03
4.121679e-02
2.764412e-02
1.304525e-03
3.056898e-02
2.419385e-02
5.882483e-03
3.046066e-03
1.767485e-04
3.180594e-02
1.696239e-04
2.591620e-03
8.405219e-03
4.362033e-03
1.245307e-01
3.402561e-03
6.783265e-05
5.068179e-06
1.548461e-01
8.852691e-02
1.796372e-03
2.044136e-02
2.080476e-01
4.732996e-05
9.790198e-03
1.434141e-01
6.064381e-02
2.846400e-02
9.183242e-02
1.665766e-01
1.578480e-02
7.069365e-02
3.045894e-02
1.346953e-03
1.670893e-03
3.111062e-03
1.554904e-02
2.068912e-02
1.581562e-04
1.345692e-02
4.138009e-02
2.283323e-02
1.992921e-01
1.898956e-01
2.110595e-02
4.174808e-02
7.008283e-02
1.313605e-01
5.574157e-06
2.085332e-02
2.874649e-02
6.531783e-03
4.669359e-03
4.921209e-04
1.257943e-01
3.640350e-02
1.083011e-01
2.414857e-03
3.637480e-02
7.615010e-04
6.356027e-04
9.276890e-02
2.422829e-03
6.826645e-04
7.402388e-02
1.070635e-01
2.632807e-04
7.475115e-02
6.736907e-05
5.297996e-03
3.421599e-02
1.146973e-02
7.020555e-02
6.580746e-04
3.995067e-02
1.340159e-01
2.584786e-01
2.828008e-01
7.610229e-02
3.409223e-02
1.180414e-02
8.386607e-03
1.275785e-01
1.766057e-01
2.506617e-01
2.478482e-02
1.212668e-01
4.271309e-02
1.394189e-01
3.648863e-02
5.513824e-02
3.711719e-06
2.926759e-02
2.469281e-02
7.700290e-02
1.182312e-01
2.324990e-02
8.169932e-02
5.513337e-03
1.470859e-01
1.055146e-02
1.975557e-02
4.200823e-05
1.036095e-02
4.307593e-04
2.281044e-02
4.464227e-02
6.369721e-02
2.111215e-02
6.137726e-03
4.676041e-03
1.124100e-02
7.580056e-02
2.941355e-05
9.985540e-02
2.147852e-02
3.992229e-03
3.894114e-02
1.500758e-02
5.414838e-02
6.585970e-03
1.012474e-01
1.066712e-04
3.799207e-02
1.093072e-02
1.523916e-03
1.798112e-02
6.734398e-02
4.420173e-02
4.939084e-04
5.816576e-04
4.445784e-03
4.713745e-02
2.413135e-02
8.006727e-03
3.779128e-02
4.576408e-06
2.591384e-02
9.403400e-03
1.243815e-03
2.928634e-02
6.564156e-03
2.936588e-02
4.306270e-02
3.926961e-02
5.166434e-02
5.125024e-02
1.020628e-01
6.132162e-02
3.911182e-02
1.217914e-01
1.546390e-02
6.956487e-03
8.344131e-02
9.865288e-02
2.211777e-02
1.402698e-06
2.480457e-03
7.285763e-03
5.566863e-02
6.629920e-02
1.908384e-04
1.844817e-03
2.533629e-02
1.926695e-03
1.733131e-01
7.153060e-02
3.550552e-02
1.036732e-01
2.982115e-04
4.811207e-02
1.747283e-01
1.142500e-06
2.003239e-02
8.152769e-02
3.254773e-03
1.970308e-03
2.600838e-01
4.453331e-02
3.077351e-02
3.196458e-02
7.723810e-05
2.344665e-02
4.162880e-03
1.371929e-01
5.571263e-03
2.766264e-02
5.433212e-03
3.438878e-03
1.706441e-02
2.561965e-04
3.292142e-02
1.976847e-02
1.152582e-02
1.245761e-01
1.831575e-03
7.832295e-02
3.241192e-01
9.833704e-03
1.689711e-04
1.312005e-01
1.949482e-01
4.440419e-02
1.819081e-02
1.270795e-02
2.898173e-02
3.738535e-01
9.312460e-03
2.717205e-03
8.700268e-04
4.432303e-02
4.384437e-02
2.593831e-02
5.608578e-03
2.702708e-02
1.144492e-02
1.446847e-02
7.957258e-04
6.096756e-02
1.350834e-06
2.045127e-04
1.349876e-02
5.016460e-04
3.398707e-01
1.082741e-04
3.692403e-03
7.790558e-03
7.891620e-05
6.135378e-03
1.477129e-02
1.145072e-01
1.296411e-02
1.179377e-01
2.440215e-01
4.777619e-02
3.937930e-02
1.434034e-02
5.410570e-03
2.296068e-01
2.331272e-02
4.671616e-02
1.669288e-01
7.346744e-02
1.295821e-02
2.774523e-03
4.092748e-02
2.013416e-05
2.473694e-02
1.577098e-01
1.173110e-03
9.595817e-02
9.307960e-02
2.375462e-04
4.828980e-04
1.837757e-01
8.911623e-02
2.296841e-02
1.623828e-01
3.471885e-03
1.558777e-02
1.258625e-01
3.672355e-01
1.081511e-01
3.872602e-04
2.469800e-02
3.359418e-02
1.710231e-02
3.055397e-04
1.348695e-01
3.226580e-02
2.014695e-02
6.812946e-03
6.489089e-02
1.254863e-02
1.999479e-01
2.201584e-01
1.689753e-02
5.971808e-02
7.140837e-03
6.410636e-05
3.776326e-04
7.567884e-03
1.403141e-02
1.279515e-01
1.184011e-01
1.622602e-02
2.277809e-01
8.798557e-04
6.743268e-02
9.013863e-03
9.610701e-03
7.189629e-03
1.966499e-02
3.970720e-02
1.335104e-02
7.243789e-02
1.150555e-01
3.820391e-04
5.366379e-03
8.314262e-02
1.433811e-03
3.345886e-02
1.597487e-05
4.733289e-02
2.795875e-02
3.070075e-02
2.131925e-03
5.719285e-02
1.250309e-05
9.561164e-02
1.479998e-04
1.453573e-01
1.515485e-01
1.448706e-02
1.088797e-02
3.439693e-02
3.251260e-02
1.631569e-01
4.480699e-04
1.287187e-01
4.505596e-03
2.130841e-02
6.932590e-04
4.123939e-02
9.501350e-04
1.668278e-02
1.461484e-03
3.989682e-02
2.132588e-02
7.562030e-02
2.049520e-02
7.973998e-04
4.669508e-02
6.782530e-02
5.766140e-02
2.505068e-01
1.959114e-02
2.857856e-02
1.153608e-03
7.673355e-03
4.593985e-03
9.457572e-03
1.604042e-02
8.983343e-03
1.725399e-02
1.612300e-04
1.589971e-01
1.053006e-01
3.211952e-03
1.369171e-02
6.453295e-04
1.500189e-01
2.759079e-02
4.856040e-02
1.755507e-02
2.296993e-01
2.058712e-05
3.882567e-02
1.036819e-01
4.456497e-03
9.430754e-03
1.338043e-01
1.760052e-02
1.583854e-04
3.209471e-03
1.355148e-02
2.424330e-02
3.188785e-02
1.443590e-01
1.432564e-02
9.459435e-02
1.253492e-02
4.185687e-02
7.971096e-04
4.815717e-02
8.000499e-02
1.158947e-01
5.676560e-02
1.199892e-01
4.726097e-04
6.919215e-02
2.339304e-01
3.602768e-03
2.830913e-04
7.810894e-04
3.452662e-02
2.438044e-01
2.002761e-03
9.676692e-02
1.819580e-02
1.130569e-01
1.100743e-01
3.104043e-04
4.276449e-02
2.875318e-03
1.380309e-03
2.695562e-02
2.138015e-02
1.834308e-01
9.283502e-02
8.968999e-02
4.434783e-02
4.873130e-02
4.437232e-04
2.083410e-02
1.102922e-02
5.446557e-02
7.500526e-03
1.149113e-02
9.352041e-04
3.426014e-02
4.166623e-02
8.056794e-02
1.602608e-03
7.292662e-02
2.017397e-01
2.686928e-03
7.941814e-03
5.438468e-02
4.492477e-02
3.986319e-02
4.910449e-02
3.081919e-03
4.141819e-02
3.755686e-04
1.352723e-02
1.780502e-02
6.621267e-02
7.152781e-02
4.942597e-02
4.644467e-02
1.237439e-02
1.339419e-03
6.565033e-02
8.050347e-03
6.055773e-02
3.845098e-02
4.293331e-03
3.091558e-04
3.798903e-01
1.983139e-03
4.893247e-03
1.522423e-01
3.060345e-02
4.636045e-02
9.872839e-03
1.997208e-02
4.172877e-03
2.072138e-02
1.357207e-05
5.584096e-04
2.337090e-03
1.391970e-02
3.713157e-03
1.110175e-02
8.861904e-03
5.829628e-03
4.228201e-03
3.386203e-02
1.499920e-01
4.746776e-03
2.051157e-01
5.378217e-02
5.766380e-03
5.521485e-02
2.556469e-03
1.609850e-04
1.726655e-03
1.860405e-03
1.151754e-01
3.915238e-04
3.518025e-02
2.095572e-02
2.323253e-03
2.010412e-03
3.469677e-02
5.545008e-02
4.704003e-03
4.891940e-05
3.068700e-01
2.464927e-03
1.130191e-09
4.589784e-02
5.103113e-02
3.640172e-03
6.788131e-03
1.253703e-02
1.496899e-01
2.447797e-01
6.111946e-03
8.524008e-03
1.902554e-03
1.570407e-02
1.782870e-02
1.992373e-02
3.175158e-01
5.268241e-04
1.743687e-02
1.031958e-01
2.652920e-02
2.112356e-02
1.946519e-02
3.374168e-03
4.618850e-02
2.116044e-01
7.787459e-02
4.382010e-02
3.982921e-03
1.100204e-02
4.273382e-02
3.290158e-02
3.577895e-01
