2.203894e-06
1.488408e-02
3.479076e-02
5.505684e-03
5.559942e-04
2.993630e-02
2.401122e-02
1.278263e-02
3.112467e-01
2.511272e-03
3.989994e-06
4.595193e-01
5.960255e-02
8.059002e-03
5.518981e-02
6.283145e-03
7.400102e-03
1.137729e-01
2.621716e-02
2.020599e-02
8.784622e-02
1.345341e-02
3.250866e-05
2.198892e-01
2.917369e-02
8.899373e-03
7.453103e-03
1.017731e-04
2.072090e-01
7.212036e-02
1.859756e-03
5.686897e-02
9.124529e-02
5.324498e-02
1.346213e-02
3.078418e-05
3.902048e-02
5.095935e-03
7.154637e-02
9.749799e-02
1.544447e-02
1.377520e-02
6.168017e-04
2.367624e-02
6.281323e-02
1.382147e-02
1.673018e-01
1.510474e-01
1.507741e-02
2.256222e-02
3.586248e-03
1.076782e-02
4.581311e-04
1.438515e-02
1.993163e-02
1.317368e-02
4.350310e-03
1.540767e-01
2.219628e-05
6.138380e-03
1.360430e-02
1.929256e-01
1.877407e-02
3.112830e-03
2.730937e-02
9.176585e-03
3.793986e-03
8.650452e-03
1.177906e-01
2.644090e-02
3.036617e-02
3.213253e-04
4.160659e-02
1.541841e-04
9.242128e-02
5.281656e-03
6.858444e-03
6.547559e-03
2.341289e-02
7.832561e-02
6.502505e-03
1.069508e-01
4.612459e-02
1.328111e-02
5.319075e-02
1.031256e-02
1.540002e-03
1.471754e-02
3.815543e-02
8.649123e-02
1.507046e-02
1.705573e-02
1.025390e-02
2.727009e-02
6.333348e-02
8.175997e-04
1.489753e-02
1.351099e-01
1.487035e-02
1.043962e-01
4.256373e-03
4.069475e-02
1.443452e-02
2.077690e-02
3.923464e-02
2.978512e-03
5.550914e-02
1.509208e-09
4.088552e-02
7.090766e-02
3.276822e-03
7.216346e-02
1.943484e-01
1.695832e-01
1.429988e-02
7.415297e-04
1.919204e-03
6.801646e-06
8.502928e-02
5.842613e-02
1.905450e-02
5.916467e-03
5.311858e-02
3.325409e-04
3.060588e-02
6.972859e-03
1.901507e-03
1.552926e-01
1.271685e-02
1.924994e-01
6.488403e-02
1.270789e-01
7.356327e-04
6.158726e-02
1.476720e-01
2.274227e-01
2.330686e-02
6.351989e-02
2.610620e-02
7.023550e-03
4.097670e-02
4.303878e-02
3.071467e-05
7.860774e-02
1.047358e-01
3.199750e-02
2.122714e-03
1.070868e-01
3.796260e-03
8.722633e-02
6.384265e-02
6.738227e-02
8.943582e-02
2.650429e-01
2.161307e-01
6.341914e-06
2.334028e-05
3.325672e-03
3.421964e-02
1.111717e+00
1.222640e-01
2.892077e-02
3.675446e-02
3.472348e-01
6.266938e-05
1.489791e-01
9.232650e-02
1.086010e-02
4.178305e-04
1.772697e-01
8.880158e-03
2.961157e-01
9.216226e-03
5.952142e-04
1.222808e-01
3.076999e-03
1.820066e-02
1.429905e-02
4.063579e-02
3.918546e-02
3.046294e-02
2.443920e-02
5.078104e-02
9.926651e-03
4.154145e-02
7.667580e-03
5.117637e-02
8.088838e-02
3.063737e-03
1.415348e-01
2.347136e-02
9.729200e-03
6.027163e-02
9.413074e-02
9.021743e-03
1.126738e-01
2.654725e-02
9.144235e-03
7.416110e-02
2.996792e-01
1.789361e-02
2.220969e-02
1.004823e-01
2.676697e-04
1.740405e-01
6.345821e-02
3.612332e-02
5.971991e-02
1.604010e-01
9.261699e-03
3.061155e-05
1.064276e-01
2.346667e-03
8.714951e-03
3.046445e-02
1.809033e-01
1.957488e-02
6.276681e-02
2.207925e-04
5.237368e-02
1.035260e-01
9.291980e-04
2.839602e-02
1.130420e-01
4.608942e-04
5.695494e-02
1.558089e-01
1.652870e-02
2.101827e-02
2.367027e-02
1.566822e-01
4.372766e-03
6.168928e-05
2.118764e-04
1.172701e-01
2.217216e-02
1.097453e-02
7.542267e-02
5.920168e-04
9.725096e-02
9.518975e-03
1.324673e-01
1.092247e-02
3.942728e-02
7.078661e-01
1.726450e-02
3.782906e-02
2.274916e-02
6.183629e-02
9.194832e-04
4.042787e-03
2.657752e-04
9.729673e-05
4.339894e-02
1.865620e-06
3.711237e-02
1.833072e-01
3.647193e-02
1.003917e-02
5.693196e-01
5.147738e-04
1.860343e-01
4.071206e-02
1.059482e-01
7.696103e-02
1.077341e-03
1.550183e-01
5.044014e-03
7.261197e-02
8.942436e-04
4.277330e-03
3.272949e-02
1.991685e-02
5.103949e-03
2.219935e-03
3.748717e-01
8.222858e-03
8.838527e-03
1.034847e-01
1.440308e-02
5.620836e-02
3.081929e-02
5.119751e-04
6.433831e-02
8.105505e-03
1.697431e-02
7.549650e-02
5.126363e-02
8.470697e-03
1.984621e-03
4.382912e-03
5.192923e-03
2.977029e-03
6.092737e-02
9.943176e-03
5.929134e-03
1.798284e-01
8.253547e-04
1.731631e-02
5.203770e-02
1.226056e-02
2.166565e-02
4.612660e-04
1.737138e-01
1.044904e-02
1.365166e-02
9.357279e-03
3.691526e-04
5.684823e-03
3.333597e-02
4.501058e-02
2.365662e-03
4.673500e-03
7.979951e-02
5.048282e-02
2.308992e-02
8.320119e-03
2.464452e-01
1.842742e-01
1.043915e-04
1.397323e-02
6.071733e-02
2.797120e-03
1.262840e-02
2.315392e-02
3.037579e-03
4.955001e-03
2.039410e-02
1.257889e-02
1.532994e-03
1.062484e-02
8.344699e-02
1.157007e-01
1.217368e-02
1.716100e-02
4.522922e-03
8.581953e-02
5.418733e-04
9.732383e-03
1.651251e-01
1.057997e-02
1.654571e-01
1.104421e-02
3.761021e-03
1.369963e-03
1.074115e-01
5.623924e-04
1.807594e-02
2.436769e-02
2.340919e-02
1.471632e-01
1.969143e-01
5.744274e-03
4.102809e-02
2.226946e-03
2.039892e-01
1.229397e-01
8.906622e-02
4.273577e-03
4.797881e-01
2.649554e-01
7.013339e-02
2.753136e-01
2.201834e-01
8.653690e-03
6.175933e-05
5.500809e-02
4.362010e-02
1.675838e-01
4.863884e-03
1.250606e-02
6.884195e-02
4.323435e-02
5.196670e-02
1.274608e-02
1.417626e-03
2.372529e-01
1.130115e-01
9.891334e-02
3.421507e-02
5.276381e-02
2.682594e-02
4.294232e-02
6.965946e-02
1.066928e-02
9.993849e-02
7.262501e-03
5.287843e-02
1.176506e-02
9.479805e-02
2.343601e-03
1.384439e-01
1.726534e-01
1.422705e-01
5.939714e-04
3.486832e-02
5.187026e-02
2.956855e-02
9.189312e-02
1.157548e-02
2.115815e-02
3.329466e-02
1.407793e-01
1.338015e-01
2.458544e-02
7.174855e-03
1.096521e-01
1.556689e-01
1.130401e-02
1.310592e-02
8.363177e-02
8.036904e-03
4.084534e-02
2.205059e-01
3.958485e-02
7.783325e-02
2.900531e-02
4.962584e-03
1.213134e-01
1.474538e-01
3.955740e-02
2.627392e-02
1.793085e-02
7.612823e-03
2.194388e-02
1.749439e-04
3.084460e-03
1.248093e-02
3.766307e-02
4.616297e-02
3.737787e-02
4.387100e-03
2.484664e-02
9.181209e-02
7.124963e-03
3.093682e-01
3.308026e-01
1.660298e-02
1.586414e-01
9.584735e-04
6.103871e-02
9.576942e-02
7.767404e-03
4.579185e-04
4.720429e-03
4.754282e-02
2.298174e-01
3.965253e-02
1.733298e-05
4.001886e-02
2.170198e-01
8.292901e-03
1.304026e-01
2.543886e-03
7.737075e-02
3.799099e-02
6.612006e-03
6.923715e-05
8.210793e-04
1.740640e-02
1.187920e-02
1.425041e-01
2.042580e-01
4.594366e-02
3.699858e-02
8.993953e-02
6.919504e-03
1.965966e-03
6.285094e-03
3.983780e-02
5.875578e-02
2.239623e-01
3.530495e-03
6.411117e-02
1.389762e-01
1.471265e-01
1.244853e-01
2.034414e-02
2.732078e-02
1.009286e-02
2.114998e-02
9.643565e-03
3.440576e-02
3.439888e-03
1.771391e-02
9.219355e-05
6.661553e-03
4.460384e-02
1.828013e-01
3.611100e-02
2.942932e-03
5.329073e-02
6.214459e-02
1.437966e-03
9.163815e-02
7.009775e-02
5.684183e-04
1.728625e-03
1.349781e-01
1.694104e-03
4.825300e-04
4.555503e-02
3.859696e-04
1.742831e-01
9.021687e-06
1.449115e-02
1.333337e-03
2.574252e-03
6.097564e-03
3.463247e-03
8.002500e-03
2.908803e-04
8.020587e-02
3.661707e-03
1.987364e-03
2.548215e-01
6.930893e-04
1.918683e-02
3.385896e-02
6.430850e-02
1.267720e-01
3.496761e-03
1.968043e-02
1.754737e-02
4.696764e-02
2.701680e-04
1.463731e-01
1.948868e-02
3.375196e-02
5.839310e-02
9.807949e-03
1.120979e-02
1.852540e-03
2.275949e-02
3.345131e-02
5.644139e-02
5.424320e-02
1.177889e-01
2.228460e-01
2.836174e-02
6.261991e-01
2.039341e-02
5.409765e-02
7.490498e-03
1.217092e-04
1.441247e-01
1.426930e-01
1.273003e-02
3.349256e-04
3.593613e-02
6.708663e-05
7.256471e-03
2.796566e-02
2.164767e-02
9.743755e-04
1.361962e-01
4.207094e-02
1.656702e-01
1.756471e-03
9.593958e-03
7.040602e-03
3.713310e-02
2.833464e-02
2.686540e-03
1.676242e-02
4.836503e-02
2.412219e-03
1.499804e-01
7.840848e-02
1.304748e-01
1.465086e-01
6.089101e-02
5.967493e-04
8.132889e-02
1.588303e-01
3.787898e-02
5.493364e-03
2.630326e-01
4.324245e-02
4.649243e-02
1.041989e-01
1.319842e-02
8.256774e-04
5.037704e-02
4.362780e-02
2.775305e-01
6.095448e-02
3.653948e-02
3.762429e-04
1.905762e-01
6.473118e-02
3.555430e-02
5.113096e-02
8.669625e-02
