1.132313e-01
3.410139e-02
7.756305e-02
2.811223e-02
5.690819e-03
3.413988e-02
1.904128e-02
1.457429e-01
2.087413e-02
9.990843e-02
4.248360e-02
1.189532e-02
1.898406e-02
8.541013e-02
1.226964e-01
8.901969e-04
2.545050e-03
1.176423e-02
1.179658e-03
8.514089e-02
5.524756e-02
2.503267e-02
1.820828e-02
2.047825e-05
4.748989e-04
2.849457e-03
1.646841e-02
5.590990e-02
2.810549e-02
4.685022e-03
1.607499e-02
1.188779e-01
2.700968e-02
2.123852e-02
1.717332e-02
4.417078e-03
3.998548e-03
1.541407e-02
9.867957e-02
1.455650e-01
3.322343e-03
4.585192e-02
9.777321e-02
2.637100e-02
5.098161e-02
1.794414e-03
3.159148e-05
5.424930e-02
7.506635e-02
9.116039e-03
3.600680e-02
8.755683e-03
1.975937e-01
7.937257e-02
1.159388e-01
2.458852e-04
2.216054e-02
4.823696e-02
2.282283e-02
1.298436e-02
3.371630e-01
8.891317e-03
1.498566e-02
4.305148e-03
1.244712e-03
4.734341e-02
3.816237e-03
1.106340e-01
1.110504e-02
2.099680e-04
5.271513e-02
3.122946e-03
1.168685e-01
2.468570e-01
6.895796e-02
1.227813e-01
1.787160e-01
8.763951e-02
2.006107e-02
1.035553e-02
4.771669e-02
3.219626e-02
2.917837e-04
1.110907e-01
4.311481e-03
4.065975e-03
1.302491e-02
8.004430e-02
3.462789e-01
1.201556e-02
4.956969e-03
5.199081e-03
3.115147e-03
1.585201e-01
1.086913e-01
1.134145e-01
2.230472e-02
5.667951e-02
7.494425e-02
1.769021e-02
2.686322e-02
9.923834e-02
2.084698e-02
3.857224e-03
6.287667e-02
1.512949e-01
1.319224e-01
1.032797e-01
5.410684e-03
2.448038e-03
9.428361e-02
2.733799e-01
3.721085e-03
1.744539e-02
3.994085e-03
7.907059e-03
5.888343e-02
8.326938e-02
1.180682e-01
7.735434e-03
8.677808e-03
4.649765e-02
4.404375e-03
1.816085e-02
1.231917e-01
5.693710e-02
9.554725e-02
9.444110e-03
6.609133e-02
6.701183e-02
1.990214e-03
7.248570e-02
5.574879e-03
4.756214e-02
5.554484e-04
6.402841e-02
2.901759e-01
1.009352e-01
1.733655e-02
1.280997e-02
1.446051e-02
4.825698e-06
9.145102e-03
7.363544e-03
5.730415e-02
6.820057e-02
1.630389e-03
1.012221e-02
1.170137e-01
5.484492e-02
9.511346e-03
2.280379e-03
1.896733e-01
8.737655e-02
8.182409e-02
1.755651e-01
7.652997e-02
5.580215e-02
4.627725e-03
4.818254e-01
4.068810e-02
4.290718e-02
1.473275e-02
1.159600e-01
1.752136e-02
7.478752e-02
7.188243e-04
8.463171e-02
1.953938e-01
9.242516e-02
2.040006e-02
4.679978e-03
2.151655e-05
4.800179e-05
2.598323e-03
2.727915e-02
1.477946e-01
2.626323e-02
6.071838e-04
2.033653e-02
4.884486e-02
3.008457e-07
1.183886e-01
7.423667e-02
1.091705e-02
8.792064e-02
5.566599e-02
4.154663e-02
7.183810e-03
1.243685e-02
3.638164e-02
9.687703e-02
2.774632e-01
2.781866e-02
9.829165e-03
1.241201e-04
8.582088e-02
1.904663e-01
1.721813e-02
1.289550e-01
2.271307e-02
3.316293e-04
1.314844e-01
4.121869e-03
1.575709e-03
1.428273e-02
2.271832e-02
1.410193e-02
2.090126e-02
7.939316e-04
5.521655e-03
7.427872e-03
3.913539e-02
3.472219e-02
1.150609e-01
5.441683e-02
2.801717e-02
1.151963e-01
1.169893e-08
1.072203e-02
4.423797e-02
8.592113e-02
7.775440e-03
1.690929e-02
3.299884e-02
1.900540e-02
1.071568e-03
1.628450e-02
1.115706e-01
4.509952e-06
9.156054e-02
5.070864e-02
5.118080e-03
5.728062e-03
7.112363e-03
5.124877e-04
4.166140e-02
2.760775e-02
4.885532e-02
3.905103e-02
2.057623e-02
2.602458e-02
9.573036e-01
5.577466e-02
2.168549e-01
7.970772e-02
8.150421e-02
7.848879e-02
1.524522e-02
5.137754e-02
4.764474e-02
5.367384e-04
3.796426e-01
7.842386e-02
4.079561e-02
6.817810e-02
1.370720e-03
7.232309e-02
5.772528e-02
1.147974e-01
4.823317e-01
4.470650e-02
6.934313e-03
2.121564e-01
4.568847e-03
3.655909e-03
6.657768e-03
8.145005e-03
2.906268e-01
4.725026e-05
5.289901e-05
7.316529e-06
1.385056e-01
1.261181e-01
5.442968e-03
1.061204e-01
2.002836e-02
2.858503e-02
6.699246e-05
3.829488e-02
9.330438e-02
9.087040e-02
2.243962e-01
6.182795e-05
1.950304e-01
3.428108e-02
4.353666e-03
7.305045e-05
2.654584e-02
7.723910e-03
1.565433e-02
9.534628e-04
6.716946e-02
3.489260e-03
9.963244e-02
1.137465e-01
1.056628e-05
6.250940e-04
7.998816e-04
2.221816e-01
1.509059e-02
4.129590e-03
4.650854e-02
2.940122e-02
2.681129e-02
7.530196e-03
1.323963e-04
3.284926e-04
6.392379e-03
1.230357e-01
1.029768e-02
1.736635e-01
6.343886e-02
1.277958e-01
2.466904e-03
1.430072e-02
5.438534e-03
7.435347e-03
6.173211e-02
2.479941e-02
7.269125e-04
4.728767e-03
1.250827e-02
1.875089e-02
1.639716e-03
1.190499e-02
1.107418e-01
5.900819e-02
2.247845e-02
8.426098e-03
1.106417e-01
2.549865e-02
2.875998e-03
7.965613e-02
1.220222e-02
1.415442e-01
7.904270e-04
5.108138e-04
1.105250e-04
2.100361e-04
4.863007e-02
3.687061e-03
1.127372e-01
7.136106e-02
4.387756e-02
1.039815e-01
2.796101e-02
1.278925e-02
1.474696e-03
2.426637e-01
4.429316e-01
7.817440e-02
1.512329e-01
1.918093e-02
3.351624e-02
1.465677e-03
1.110351e-01
1.026886e-02
9.114602e-02
1.324399e-01
3.758225e-02
6.123597e-05
1.036877e-05
1.072254e-01
8.441617e-03
3.829533e-02
1.117587e-02
6.717045e-04
2.593729e-04
3.604569e-02
3.744618e-05
9.790186e-03
9.939945e-02
8.749661e-03
3.254420e-02
1.613606e-02
3.781975e-03
1.574870e-03
1.139246e-03
6.729343e-04
2.418414e-03
2.877900e-05
7.398758e-03
2.057183e-04
2.623977e-03
8.775452e-03
4.127133e-01
7.434544e-04
8.911969e-03
2.703169e-02
9.798548e-03
1.377151e-02
4.708921e-01
1.222872e-04
4.900351e-02
1.640451e-04
1.891801e-05
4.250264e-02
1.037568e-02
6.698783e-06
6.021635e-02
3.955201e-03
1.560183e-02
4.613035e-03
8.909364e-02
8.612559e-03
7.310166e-04
5.871239e-02
1.077193e-01
1.711917e-02
4.101315e-04
9.587096e-04
5.154150e-02
1.045604e-03
5.549784e-03
6.970596e-03
9.809771e-03
4.766643e-02
7.027942e-03
2.765845e-03
6.073040e-02
8.221486e-03
2.278361e-02
9.209569e-04
1.973179e-03
1.062995e-02
8.174214e-02
3.706372e-02
1.562255e-03
2.205885e-02
5.475045e-02
1.425448e-01
7.780993e-03
1.579635e-03
1.019074e-01
1.057651e-03
1.834122e-04
8.141619e-04
6.217440e-02
1.731769e-02
3.489580e-04
2.632730e-03
4.406377e-01
2.730904e-04
5.130866e-02
1.329297e-01
8.105638e-04
1.086373e-01
1.268675e-01
9.243485e-03
2.897500e-02
1.091623e-03
1.249319e-02
3.860121e-02
4.151178e-02
5.799955e-03
2.571550e-03
2.073202e-02
6.334653e-02
4.673009e-02
7.059875e-02
2.138079e-01
9.940587e-04
5.503716e-04
9.917857e-02
6.035480e-02
1.330454e-01
4.520313e-04
9.387935e-02
2.506908e-02
2.783387e-01
2.378107e-04
2.722479e-03
1.979757e-02
8.526162e-04
5.796258e-04
3.197209e-03
9.279081e-04
1.107347e-03
7.045407e-02
5.220346e-03
5.293886e-04
9.688363e-03
2.709444e-01
3.790513e-02
1.105261e-05
1.132276e-02
5.467977e-03
9.265548e-02
4.553851e-06
1.993695e-03
3.407524e-02
3.300881e-02
3.869517e-02
7.424064e-03
8.680700e-02
2.422667e-01
1.260265e-03
1.535156e-01
2.374127e-03
5.535825e-03
2.145421e-02
2.334708e-05
1.890493e-02
8.858112e-03
1.595115e-01
3.787193e-03
3.536832e-01
5.874234e-02
7.886547e-02
1.216941e-02
2.439673e-02
2.095435e-10
9.704394e-02
1.871923e-02
5.323245e-02
9.860873e-04
4.316332e-02
2.488023e-01
9.442239e-03
1.308367e-02
1.539109e-01
3.325890e-04
6.555034e-03
8.818321e-02
4.630144e-02
4.144632e-02
1.489567e-02
1.021719e-02
7.063204e-02
2.798370e-02
1.475131e-02
2.589926e-02
8.733279e-02
7.393363e-02
3.193933e-03
7.960517e-02
1.521378e-02
9.541107e-02
2.457994e-02
2.801363e-03
1.361874e-01
3.188283e-02
7.582097e-05
1.668996e-02
5.073104e-03
1.026105e-02
1.553277e-01
5.671673e-03
4.278797e-03
8.727392e-05
5.303392e-03
2.565184e-02
1.360911e-01
9.288084e-03
2.725757e-02
5.587148e-02
1.327010e-01
2.457311e-01
1.264607e-01
3.841788e-02
2.346932e-03
3.331287e-03
3.813202e-02
1.670627e-02
2.401608e-01
1.232247e-05
1.687025e-02
1.184124e-01
3.747694e-02
1.148069e-02
1.952711e-01
2.802114e-01
4.786408e-09
3.933607e-01
2.900722e-02
2.411096e-03
1.063101e-02
3.584595e-02
5.493645e-03
1.029838e-01
2.309782e-02
2.995338e-03
1.031091e-02
6.725143e-02
2.305473e-02
2.808662e-02
3.224582e-02
4.894256e-03
1.465578e-02
7.385571e-04
6.201751e-04
1.415663e-01
4.357132e-03
