2.702154e-04
1.583895e-01
6.858702e-03
1.856928e-01
2.092114e-02
2.736379e-03
1.200603e-01
2.113592e-02
6.604038e-02
4.390135e-02
1.285971e-02
3.025004e-02
1.429154e-03
3.887626e-02
2.179986e-02
5.707187e-02
1.294348e-03
1.240041e-01
5.547389e-04
1.809476e-01
4.239402e-02
4.472852e-02
2.621756e-04
5.490986e-03
1.505308e-02
2.617626e-02
6.108143e-03
1.599570e-02
6.483808e-03
3.418051e-02
1.931322e-02
7.405747e-02
8.297959e-02
2.358878e-01
6.930335e-05
1.873545e-02
8.029038e-05
1.716624e-03
4.355406e-02
5.529331e-02
5.523379e-04
7.395251e-03
5.279009e-02
7.967550e-02
8.338018e-04
5.942929e-04
1.007757e-01
6.212021e-02
4.893741e-03
8.992553e-02
2.418342e-02
1.290175e-03
6.678579e-02
5.804702e-02
1.744100e-04
5.183512e-02
4.121946e-03
3.381416e-02
1.153158e-02
1.906148e-02
2.567262e-02
4.871388e-02
4.934745e-03
4.860506e-03
9.329734e-02
1.658368e-01
4.343816e-01
7.355856e-03
2.243663e-02
4.690003e-02
6.029728e-03
6.874035e-04
5.812666e-02
1.746753e-01
1.040122e-01
5.566253e-02
1.475912e-01
2.581547e-02
1.142210e-02
9.790434e-02
3.492986e-03
4.073850e-02
2.347202e-02
5.920457e-02
4.344560e-05
1.017749e-03
2.139169e-01
3.839292e-03
3.201599e-02
4.028659e-02
2.692874e-02
1.487270e-04
2.473453e-02
3.362137e-03
6.687130e-02
5.389693e-05
5.947768e-03
6.923422e-03
2.825219e-02
4.216738e-05
6.029271e-02
1.540964e-02
4.639877e-02
2.487175e-03
2.240413e-02
1.139852e-04
7.129413e-02
6.125843e-03
5.996330e-02
1.293633e-02
8.380241e-04
4.193672e-04
2.247213e-01
3.323376e-03
9.784541e-03
1.928685e-02
6.207609e-03
2.482998e-02
2.597530e-02
5.576031e-02
3.206306e-03
3.370096e-02
3.005942e-02
2.036039e-01
9.366263e-04
1.668465e-04
5.996958e-03
2.247633e-01
7.942362e-02
7.360033e-03
1.752347e-02
1.452738e-02
6.712914e-02
1.217044e-01
4.326741e-07
2.558948e-02
1.401308e-01
1.334243e-01
4.129588e-02
6.679059e-02
2.680494e-03
5.794357e-02
8.063177e-04
5.545561e-04
2.917399e-02
1.323308e-01
3.045065e-04
3.785875e-04
1.491691e-04
1.297411e-01
2.441037e-01
1.462677e-04
8.996004e-02
1.017169e-03
2.162706e-02
2.120678e-03
1.848935e-03
5.880849e-05
4.862226e-02
5.056216e-02
5.456150e-04
1.401569e-02
2.287011e-01
2.152529e-01
4.294923e-02
2.645694e-02
1.790026e-02
3.667946e-02
7.525277e-02
1.534789e-03
9.152958e-02
1.826149e-01
1.652649e-01
2.566217e-04
1.845585e-02
1.648232e-01
2.666990e-03
8.756281e-03
6.500558e-02
3.273172e-02
9.450870e-02
4.991560e-02
1.628990e-01
2.569585e-02
5.748638e-03
1.704710e-01
7.365222e-04
2.959770e-04
1.140329e-01
5.772722e-02
3.418817e-02
1.284972e-02
8.341716e-02
4.084386e-03
9.325641e-05
5.308242e-02
1.627584e-02
2.585481e-02
1.112484e-02
3.803026e-02
7.091973e-02
8.976224e-03
3.094521e-02
3.249527e-02
6.899663e-03
1.068609e-02
2.814390e-03
3.628778e-02
1.109055e-03
1.012667e-01
9.454279e-02
6.290392e-03
1.218080e-01
8.669563e-02
6.313523e-03
1.867304e-01
2.192957e-03
1.885872e-01
1.098838e-03
2.165347e-02
2.324602e-04
7.937903e-02
1.137885e-01
2.962169e-02
2.192393e-02
7.407558e-02
2.036314e-01
1.039583e-02
1.487869e-01
1.107386e-03
3.496128e-02
4.915350e-02
4.010444e-02
1.498660e-01
1.464242e-02
2.776540e-03
5.812972e-02
9.778710e-02
2.301265e-02
3.299707e-06
1.151465e-02
1.746423e-01
7.461799e-03
1.932152e-01
3.889088e-03
9.592235e-04
2.556039e-02
1.607648e-02
3.095991e-02
4.789794e-02
5.192098e-02
7.498152e-04
3.242901e-03
2.317655e-02
1.575528e-03
3.889096e-02
1.042914e-02
6.475316e-02
1.486693e-02
9.482810e-02
2.345195e-02
6.898235e-03
1.704123e-02
1.546977e-01
6.205113e-02
5.298267e-03
1.431625e-01
7.529642e-02
2.160154e-02
2.216474e-04
7.517019e-02
8.883690e-02
3.135427e-01
7.122755e-03
1.729146e-01
7.832250e-02
7.367981e-02
4.597214e-02
1.435005e-01
2.751203e-01
1.834272e-02
7.653576e-03
5.735971e-03
1.932486e-01
4.082835e-02
2.249763e-02
1.403545e-06
5.524533e-02
9.703419e-03
1.918511e-01
1.152921e-04
5.889401e-02
3.198605e-01
6.034581e-02
2.041597e-02
5.211502e-02
1.463963e-03
1.570670e-02
2.970033e-03
2.692441e-07
3.621106e-02
1.413459e-03
3.296288e-01
8.314173e-02
1.365498e-02
8.283178e-02
9.724495e-03
1.366379e-02
7.723236e-03
2.441550e-02
1.088995e-02
3.249240e-02
1.493768e-03
5.515867e-02
2.851303e-01
1.926261e-03
1.104085e-02
1.150221e-01
4.100377e-03
5.690028e-02
1.447233e-01
3.781506e-01
1.813144e-02
9.505545e-02
4.704327e-02
4.993936e-02
6.602794e-02
3.800469e-03
3.616530e-03
3.527386e-01
1.563435e-01
6.104869e-02
9.303438e-02
1.165328e-01
5.697151e-04
1.739906e-01
1.279860e-01
2.341604e-02
9.102016e-04
2.309756e-02
7.307820e-04
1.629792e-01
8.318426e-02
6.015654e-02
3.498336e-02
1.870181e-02
1.221959e-01
2.911714e-03
3.073713e-03
1.365392e-01
3.913074e-02
1.031224e-03
2.175900e-02
1.105226e-03
2.071742e-02
1.195127e-01
4.300158e-03
7.381283e-02
4.331349e-02
6.462700e-03
2.355134e-02
2.138058e-03
1.358922e-02
7.098053e-02
1.792669e-05
1.077211e-01
2.615623e-02
5.872105e-02
1.776047e-02
6.193059e-02
5.733516e-02
2.105479e-02
4.305478e-02
6.089128e-02
4.628034e-02
1.378806e-03
6.070477e-02
1.441656e-01
4.391221e-03
2.746865e-07
1.028847e-01
5.186724e-02
1.011045e-05
4.026277e-02
1.510755e-02
3.241944e-02
1.606724e-04
6.159915e-03
1.673660e-01
6.376508e-05
5.670195e-03
6.786047e-02
1.400708e-03
8.660921e-03
1.842758e-02
2.736536e-03
5.565433e-02
4.087667e-02
1.729525e-01
5.397092e-02
4.013374e-01
1.331046e-03
2.275953e-02
5.749598e-02
1.376467e-02
1.293961e-02
1.943061e-03
5.244289e-02
4.525351e-02
1.286991e-03
1.192015e-01
1.289613e-03
5.999139e-03
2.434833e-01
1.452896e-02
3.881339e-02
2.888697e-03
1.244110e-03
1.284144e-01
2.441212e-03
2.044780e-02
3.886144e-03
1.233080e-01
1.636395e-03
2.510360e-02
7.572289e-02
1.733983e-01
2.377254e-02
7.353614e-03
2.411304e-04
3.545880e-03
5.427215e-04
1.069859e-01
1.804755e-02
9.421131e-04
4.948548e-06
7.834164e-04
2.225273e-04
1.775776e-02
2.901359e-01
4.887269e-02
7.619881e-02
8.954499e-06
9.892255e-03
1.196238e-01
1.733413e-01
2.200681e-02
5.170663e-02
1.776295e-03
2.474690e-02
3.824164e-02
9.476699e-02
3.615370e-03
5.808935e-03
2.111341e-02
6.316383e-02
1.214893e-02
8.064738e-02
2.248289e-01
5.682068e-04
5.874912e-02
9.659400e-05
1.644775e-02
2.457871e-01
1.849606e-03
2.240633e-02
1.046498e-01
3.302209e-03
3.018868e-02
8.933077e-02
7.942495e-03
2.695584e-03
2.906938e-02
1.759580e-01
4.266878e-02
3.067752e-03
4.378425e-02
3.575997e-03
9.595191e-03
6.629155e-05
4.906931e-04
7.512405e-04
4.548158e-02
5.392885e-02
4.539176e-02
2.496777e-02
1.262100e-01
4.327668e-03
3.634575e-04
1.374509e-01
9.693084e-02
7.004560e-03
3.934404e-02
1.352820e-03
1.211205e-02
2.387187e-02
1.592071e-02
9.084499e-02
7.643371e-04
8.166294e-02
4.088790e-02
1.922820e-01
1.421083e-01
5.121704e-03
1.118036e-01
2.151631e-02
2.353919e-02
6.737055e-01
5.317742e-02
1.324426e-02
2.187007e-02
1.707636e-03
1.275648e-02
1.116229e-02
4.646792e-02
5.125574e-02
4.450695e-02
1.372040e-01
1.464626e-07
2.138906e-03
2.089871e-01
6.311114e-02
3.852196e-03
8.518783e-02
4.733314e-03
2.048020e-03
6.647746e-02
1.395356e-02
5.215235e-03
5.018633e-03
4.549857e-02
3.678032e-02
2.779182e-02
1.719605e-02
6.189533e-03
1.799854e-02
6.014514e-02
1.310992e-02
1.790759e-01
1.263907e-01
1.451113e-03
8.001437e-04
2.017761e-01
8.565401e-02
2.010280e-03
2.000138e-01
3.454498e-02
9.039042e-03
5.375575e-02
7.277547e-02
1.240198e-02
7.485471e-04
2.473791e-02
3.644031e-02
1.195186e-01
3.161020e-02
1.232662e-03
1.837037e-04
3.945602e-02
2.451420e-04
1.837000e-03
1.665017e-01
8.462457e-02
2.416484e-02
6.591380e-03
1.333406e-01
9.232748e-05
9.038447e-03
8.122693e-02
3.455951e-02
1.188073e-04
9.372716e-03
1.670968e-02
1.420755e-02
8.803275e-03
5.106378e-02
1.799150e-02
8.921906e-03
4.786596e-03
2.286540e-03
4.930577e-04
2.438221e-03
1.434337e-04
1.667978e-01
1.330213e-03
4.511217e-06
2.279294e-05
3.906141e-02
2.819175e-03
6.066638e-03
3.137696e-05
1.335120e-01
5.251313e-03
7.468827e-07
