3.821639e-02
5.985376e-03
2.372835e-03
1.479108e-02
4.977781e-04
1.207675e-02
4.204633e-01
1.362500e-03
1.858836e-01
1.405007e-01
8.853492e-04
1.115328e-04
7.916633e-02
3.447744e-04
1.305667e-04
2.670413e-02
2.278065e-02
1.935893e-01
8.413279e-04
5.559467e-02
7.276984e-04
8.812751e-02
1.241977e-02
1.126805e-04
1.623639e-02
4.459870e-02
1.658685e-02
2.117518e-01
1.396098e-02
2.232468e-02
5.024894e-03
6.993334e-02
1.459883e-01
3.115974e-01
1.734092e-01
2.871308e-02
1.467539e-01
1.035564e-03
3.448475e-03
2.979807e-03
5.911771e-02
8.620391e-03
2.640056e-01
7.640200e-03
4.768623e-02
2.047532e-01
2.587875e-03
9.238330e-03
1.308520e-01
3.898391e-01
1.330259e-01
1.855128e-02
1.176080e-01
8.644817e-03
8.035858e-02
8.235108e-02
1.027314e-02
4.187769e-03
4.558154e-04
4.110887e-02
5.366351e-02
1.156620e-03
1.490621e-02
3.606037e-03
2.242166e-07
4.619608e-06
2.065613e-03
2.337565e-04
4.366006e-02
6.913264e-02
7.555584e-02
6.206033e-02
8.963888e-03
2.680640e-02
2.618076e-01
1.450851e-01
6.642138e-02
1.325662e-01
3.798764e-01
6.564913e-02
2.760347e-02
1.034420e-03
9.900084e-03
1.704514e-01
9.405155e-02
4.790927e-02
7.960647e-03
5.076806e-05
7.842318e-02
6.605241e-03
3.665267e-02
1.096870e-04
5.273299e-02
3.081595e-02
1.372966e-02
3.182313e-03
1.304004e-02
1.960867e-02
6.559088e-04
2.131164e-01
4.170448e-02
2.665087e-02
4.438543e-03
1.825616e-01
3.865511e-03
2.340171e-02
3.215064e-02
5.483349e-03
4.001614e-03
2.098745e-03
1.298263e-02
2.530996e-01
6.254061e-02
3.157035e-03
3.454127e-01
5.044603e-03
1.213158e-01
7.544043e-03
1.120012e-03
3.016790e-04
1.497939e-03
1.303259e-02
6.438744e-02
2.482885e-02
8.826385e-03
1.370111e-01
2.829501e-02
3.974290e-02
9.318781e-02
1.659760e-01
2.737791e-03
1.834411e-02
1.240133e-02
2.075796e-03
2.454816e-02
7.007215e-02
3.115916e-03
2.139661e-02
3.307516e-02
5.565432e-02
4.874188e-04
5.705243e-03
4.819241e-05
1.179956e-01
5.152073e-03
1.306794e-02
2.454917e-02
2.325954e-02
1.895730e-03
1.175860e-03
5.769475e-02
9.112508e-03
1.938631e-02
2.131158e-03
4.160607e-02
1.728229e-01
1.065862e-03
2.688631e-02
4.836442e-02
2.229111e-01
2.348020e-06
3.416181e-02
5.873061e-02
1.278253e-01
3.031822e-01
9.881296e-03
5.193238e-04
1.044509e-01
1.089678e-02
1.729048e-01
1.461754e-02
4.352517e-03
1.111711e-02
3.924017e-03
1.139706e-04
2.347338e-03
1.341306e-02
2.934917e-03
7.396363e-02
2.226649e-05
1.658863e-01
5.839752e-02
1.058035e-01
6.064172e-03
1.314031e-01
7.337728e-02
6.569095e-02
9.591257e-03
9.463679e-03
2.769124e-01
7.660337e-03
4.035776e-03
4.107633e-03
8.679642e-02
3.350455e-01
2.722528e-02
3.490459e-02
4.298854e-04
2.365789e-02
2.215487e-02
7.906189e-03
5.280519e-02
5.224847e-03
1.619787e-03
4.466766e-03
1.972322e-02
7.744873e-02
1.067714e-03
1.452422e-01
7.378963e-04
2.479694e-04
1.598354e-01
2.938798e-04
1.892628e-01
1.209120e-02
2.954596e-03
1.687172e-02
1.360850e-02
2.457624e-02
1.405938e-03
5.167089e-02
7.949685e-02
6.883815e-03
2.932580e-02
8.202868e-03
3.812348e-03
2.406873e-03
1.767278e-03
1.377158e-02
1.088774e-04
4.143294e-02
4.465425e-03
1.886524e-01
3.716158e-02
6.969087e-03
1.935874e-03
7.404492e-08
1.048685e-03
3.228286e-02
2.392732e-01
2.810468e-01
4.474130e-02
5.642476e-03
2.111388e-01
1.824953e-06
1.028589e-02
1.509777e-02
1.547522e-01
6.731120e-02
8.635029e-04
5.697316e-04
1.259644e-01
4.081205e-03
5.753787e-02
7.964069e-04
4.781496e-02
6.427611e-02
2.148492e-02
2.031702e-03
1.185750e-02
7.111641e-01
7.219663e-02
6.639751e-02
1.957159e-06
6.263083e-02
2.900044e-03
5.493490e-04
1.536790e-01
1.482123e-02
1.344729e-02
6.320623e-02
1.253820e-02
2.810943e-02
1.036928e-01
4.880071e-02
7.762851e-02
3.990650e-03
2.943355e-02
2.068336e-03
2.727708e-02
3.213566e-01
1.024466e-01
1.531139e-03
7.971542e-02
8.108581e-02
2.475727e-01
2.457361e-03
1.054598e-03
1.647953e-02
1.163633e-01
5.142973e-02
1.260466e-01
1.917937e-04
1.876396e-03
1.228204e-03
1.143381e-03
7.164424e-02
6.493946e-02
9.805190e-02
4.156691e-04
8.615466e-02
2.948476e-02
4.105604e-04
1.076175e-01
4.186184e-02
3.386941e-03
8.126343e-03
2.574336e-02
7.298126e-03
1.928213e-02
3.118159e-02
1.020204e-04
6.410212e-04
7.822749e-03
8.103681e-03
1.434873e-01
4.256720e-03
2.732884e-03
1.060576e-02
2.484952e-02
6.391462e-03
7.560222e-04
7.158385e-02
8.011032e-03
8.924592e-03
1.093481e-01
2.873257e-01
1.734144e-01
5.208029e-02
5.514352e-02
1.659241e-02
3.479852e-02
2.924754e-02
3.372263e-03
9.277577e-03
7.961550e-02
4.242783e-04
1.222782e-02
1.213998e-04
2.355286e-02
1.060829e-03
1.409159e-01
1.710080e-01
8.314515e-04
4.548564e-02
3.595208e-03
9.284725e-02
2.945105e-02
2.247500e-01
3.536811e-03
1.988896e-01
8.893627e-02
3.590589e-02
5.605841e-03
1.228473e-04
1.028713e-02
3.511688e-03
1.243499e-01
4.659566e-02
8.153319e-03
3.900234e-03
2.136381e-02
8.260550e-02
1.336545e-01
1.902765e-01
2.360775e-02
3.790679e-01
2.175121e-02
3.801477e-02
2.332660e-02
1.267634e-02
7.360088e-03
6.889796e-04
1.367669e-02
6.812956e-05
1.751111e-02
1.081984e-03
2.241311e-02
5.395384e-02
1.920321e-05
1.522359e-01
9.534704e-05
1.043249e-01
4.212412e-03
1.948242e-03
1.061065e-02
9.158627e-04
1.254393e-02
1.130299e-01
1.146582e-02
1.030089e-02
1.303698e-02
2.877158e-01
1.216295e-03
1.512934e-01
1.148006e-02
2.243730e-03
4.645163e-02
1.717053e-01
9.305956e-03
2.014129e-02
1.528113e-03
3.332686e-01
1.500069e-02
3.922617e-04
4.999425e-02
1.752182e-02
1.123764e-02
5.544376e-02
3.142234e-01
8.093257e-04
9.444258e-02
2.636795e-02
2.223287e-05
1.714076e-02
3.927277e-02
1.820315e-02
1.133482e-05
1.433817e-02
6.327046e-04
2.308424e-02
1.103298e-01
8.173655e-03
8.297139e-03
7.365253e-04
4.703264e-03
6.984886e-03
7.360030e-04
7.718763e-02
2.596683e-02
2.456530e-03
3.374924e-02
5.052706e-03
5.197171e-03
4.354175e-02
2.448850e-01
2.691982e-03
7.208151e-03
7.473889e-02
2.244067e-04
2.263559e-02
1.671178e-01
9.869277e-02
3.789931e-03
1.021486e-01
9.097635e-02
1.668532e-03
3.757067e-02
4.078932e-02
4.692807e-02
6.535836e-03
1.711231e-02
4.000794e-03
1.984415e-02
3.385445e-02
2.597868e-02
1.529632e-05
6.231472e-04
2.256919e-02
6.496412e-02
2.460301e-03
3.805037e-02
3.507702e-03
4.249139e-03
9.141275e-02
3.888340e-02
4.586695e-03
5.119155e-02
1.015177e-02
8.369839e-03
1.156708e-02
3.689516e-01
3.473448e-02
1.879657e-01
2.404351e-04
1.053831e-01
5.952350e-02
1.350413e-03
9.094649e-02
5.834843e-03
3.367327e-05
7.219501e-02
6.336087e-02
8.328631e-02
8.328544e-03
8.294693e-02
5.989372e-02
5.264656e-04
9.548690e-02
5.400357e-03
2.602564e-02
4.480991e-02
5.553598e-04
2.060884e-01
1.414968e-05
1.497143e-01
2.323741e-06
1.365360e-01
8.901686e-02
1.653102e-03
6.599170e-02
3.190195e-02
1.258292e-02
1.224962e-02
6.683879e-02
3.758599e-01
6.386400e-02
7.451240e-01
5.443012e-02
3.301498e-03
3.575062e-01
1.241274e-01
5.911198e-02
4.480665e-06
9.175130e-03
3.273290e-02
1.177267e-02
3.942861e-02
1.340884e-01
1.787759e-03
2.765545e-02
3.391664e-03
1.580461e-01
2.011837e-01
5.325895e-02
1.256615e-03
1.112938e-03
1.161848e-01
1.447665e-01
1.039303e-01
2.167154e-03
3.549006e-02
9.720331e-02
8.829651e-02
1.226791e-02
7.578201e-02
3.916308e-03
5.843518e-03
7.702810e-02
3.003873e-02
5.126157e-01
8.515359e-04
6.340722e-03
3.449101e-02
2.832711e-02
1.207503e-01
6.538030e-03
1.986321e-02
4.751146e-02
6.788784e-03
6.711695e-02
1.592932e-06
3.757031e-02
5.821838e-03
1.667581e-03
7.223026e-02
7.274301e-02
1.036812e-02
1.396010e-02
1.325233e-02
2.034053e-03
4.078898e-02
7.329561e-03
4.379694e-04
1.993336e-01
6.736845e-02
5.344640e-02
1.139956e-01
5.457211e-04
9.390402e-03
1.003446e-02
3.039339e-03
2.122087e-03
6.693314e-02
1.011490e-01
3.008826e-01
6.775635e-03
1.408824e-02
1.322569e-01
4.542684e-02
5.230240e-02
9.046123e-03
5.266919e-02
2.224584e-04
8.730641e-02
3.589214e-03
4.301817e-04
1.354463e-01
1.383633e-01
4.055958e-03
1.338629e-02
1.495800e-01
3.888377e-03
1.523582e-02
