2.099812e-02
5.256496e-06
1.687786e-01
5.254965e-02
2.732186e-01
2.611820e-02
1.851605e-02
1.340511e-02
2.546260e-01
1.001869e-02
1.461624e-01
5.769500e-02
9.424854e-02
5.569667e-02
1.308623e-02
1.162628e-03
1.540239e-02
3.321449e-03
6.111242e-04
3.729050e-02
2.998207e-01
2.049609e-02
6.307705e-03
1.276938e-03
2.629515e-02
5.886825e-02
1.191296e-02
1.426581e-01
1.990939e-03
4.514997e-02
7.041529e-03
7.449831e-02
3.324045e-02
1.466582e-02
5.440737e-03
4.726453e-03
2.732497e-02
8.099967e-02
1.449758e-02
6.624737e-04
6.307482e-02
1.741557e-02
5.521058e-04
6.434547e-02
6.315851e-02
1.096846e-02
5.939905e-03
5.173871e-04
3.293798e-03
9.483920e-03
9.618039e-03
6.730443e-03
2.037363e-02
4.791923e-03
2.355961e-02
1.327720e-02
6.320925e-02
1.010488e-01
1.091177e-01
2.000559e-03
4.643486e-02
2.945559e-02
8.797863e-02
1.672090e-02
8.196782e-02
1.412331e-02
3.982916e-03
3.559367e-02
6.274374e-05
4.837223e-03
3.582390e-02
1.796384e-03
7.217485e-03
5.310662e-02
9.981205e-03
5.146974e-02
6.272988e-01
2.237452e-02
8.831689e-04
1.004269e-01
3.062184e-01
5.051054e-03
5.219122e-04
1.017878e-01
2.918921e-02
2.077279e-02
8.870806e-03
1.283712e-01
1.430708e-02
3.368601e-03
3.133299e-02
1.781637e-02
7.300968e-03
8.536453e-02
2.174640e-02
3.639851e-02
1.919412e-02
4.621397e-01
3.646858e-02
5.772428e-02
1.126956e-01
2.329409e-02
1.529560e-05
2.098797e-03
3.328941e-01
2.332218e-03
2.637448e-02
8.995782e-02
2.709398e-03
2.244069e-02
1.169625e-01
1.123019e-01
1.214598e-02
1.773031e-02
4.088118e-02
4.966067e-04
1.193324e-02
9.695000e-02
1.184691e-02
2.059008e-03
1.031226e-01
1.589245e-01
2.930862e-02
1.088343e-01
2.140507e-03
2.575326e-02
1.914330e-02
2.472368e-02
1.520418e-01
8.197702e-04
4.338666e-03
1.158768e-02
9.151107e-04
6.993146e-02
1.701859e-01
1.839720e-01
2.215424e-01
1.537122e-04
9.291539e-03
3.366105e-02
7.031147e-04
3.712597e-02
6.982660e-03
2.654413e-02
2.248119e-01
1.137778e-02
1.369698e-01
2.118341e-01
1.194205e-02
2.350671e-02
6.410860e-05
1.210105e-01
2.530754e-03
2.461085e-02
5.469785e-02
1.335377e-03
2.106168e-05
4.758888e-03
1.181452e-02
1.332024e-02
2.655365e-02
8.622996e-03
1.109399e-02
1.111561e-02
1.083191e-01
3.310480e-04
4.666834e-02
2.587957e-02
5.797814e-03
9.556945e-05
1.243547e-02
7.190105e-04
6.391636e-02
1.756827e-02
2.282248e-02
3.340152e-03
1.746887e-02
1.062644e-04
2.887728e-02
2.027445e-03
4.232450e-03
1.300447e-01
6.817036e-02
6.090714e-03
5.543864e-03
8.521726e-02
1.062721e-01
1.009820e-02
3.806202e-01
4.158084e-03
3.157410e-02
5.509390e-02
2.405095e-03
5.885289e-02
8.501581e-03
2.164224e-01
8.424821e-03
1.528846e-02
7.395578e-04
4.709675e-04
2.623804e-01
4.485012e-02
2.855863e-01
7.895875e-04
1.551255e-01
6.904431e-02
5.652338e-04
9.493543e-02
1.024265e-04
3.061003e-03
8.218660e-02
1.129103e-02
1.831780e-01
1.031753e-01
1.564454e-02
1.610020e-02
2.154673e-02
3.431031e-04
1.054935e-02
6.042708e-03
2.431705e-01
5.674381e-03
2.376111e-02
1.180308e-03
1.035622e-01
1.022532e-01
1.023542e-02
1.623434e-02
7.222526e-02
8.624625e-02
8.798306e-03
1.794538e-02
3.433013e-02
1.381546e-01
1.005528e-01
2.748879e-02
2.413364e-03
5.431330e-02
3.080687e-02
3.720093e-02
4.150493e-02
3.367144e-02
8.459175e-03
8.411030e-02
9.433286e-03
2.696357e-02
2.162675e-03
2.663014e-03
2.232387e-03
1.040948e-02
1.887442e-02
1.098459e-01
1.150405e-03
3.618486e-02
4.335182e-02
4.404957e-02
9.067007e-02
3.713608e-02
6.140318e-02
5.579937e-03
1.433454e-01
3.427051e-02
1.506886e-01
1.407186e-01
4.438077e-03
2.741726e-01
6.030068e-02
1.611438e-04
1.708988e-01
5.167415e-03
4.785862e-04
4.214721e-03
3.452382e-03
1.517643e-04
2.250599e-03
5.707822e-02
2.447017e-03
6.277531e-03
6.664035e-03
4.938784e-03
3.209816e-02
1.142005e-02
1.434790e-01
1.980455e-01
5.144227e-02
4.828571e-04
7.877951e-04
2.000757e-02
9.040111e-02
2.194375e-02
1.166868e-01
1.852185e-03
9.987526e-02
1.099692e-03
6.290372e-02
3.567361e-03
3.084832e-03
6.838401e-03
7.562162e-03
2.395079e-03
5.005144e-03
4.597943e-02
1.456701e-02
2.665614e-03
8.736579e-03
1.496817e-01
1.883362e-04
9.494407e-05
5.137989e-02
2.387860e-01
2.020089e-02
3.395401e-03
1.267739e-01
1.106559e-02
5.248585e-03
9.088290e-03
6.462057e-02
1.300264e-03
1.075169e-01
3.044519e-02
1.232461e-02
3.330576e-03
2.861811e-02
1.317317e-01
8.701383e-02
6.405937e-02
1.820993e-03
2.827687e-01
3.557417e-02
9.619009e-02
5.052575e-03
1.197548e-02
3.605925e-02
9.400600e-03
6.296419e-03
2.184724e-03
3.841273e-03
2.437745e-03
5.354205e-03
5.881809e-02
6.154849e-04
5.556817e-03
1.002295e-01
8.409202e-03
4.061173e-02
3.037440e-02
2.246547e-01
7.953108e-02
3.715235e-02
7.564241e-02
5.205461e-02
3.713566e-02
8.246708e-02
5.749099e-04
7.003960e-02
2.111009e-03
2.693354e-01
1.664141e-01
1.444447e-02
9.386432e-02
3.403070e-04
4.004708e-03
4.270571e-02
1.187481e-02
2.349329e-02
3.108240e-02
8.788579e-03
3.557137e-01
1.036705e-02
9.971020e-04
3.499050e-03
1.185908e-01
3.907145e-03
2.182472e-03
5.402431e-03
9.184771e-02
1.360789e-01
7.695705e-02
5.159064e-01
2.741474e-02
9.679911e-03
4.797709e-02
1.838403e-02
1.160946e-02
5.183364e-02
1.878188e-03
2.294204e-02
7.612188e-03
1.979543e-02
2.083814e-02
1.342143e-01
1.037545e-02
4.872698e-03
1.647569e-03
3.101516e-02
5.505561e-02
9.051306e-04
1.297976e-02
1.491206e-03
5.920451e-03
1.434355e-02
1.632095e-02
7.393182e-02
9.578006e-03
7.130577e-02
6.192202e-03
6.980632e-02
1.266070e-01
5.245690e-02
1.064224e-01
6.669796e-02
2.541319e-03
4.035096e-02
2.549149e-03
2.672526e-02
9.265967e-02
9.819565e-07
3.203260e-02
1.453569e-02
1.281742e-01
3.086275e-04
1.035112e-02
7.178040e-02
7.647460e-04
2.377755e-02
2.946320e-03
5.839918e-02
2.211487e-05
3.882386e-02
5.426469e-02
1.806470e-02
3.779442e-02
3.783079e-02
1.242897e-02
2.443611e-02
1.193872e-01
2.557573e-02
1.766469e-01
9.512199e-02
1.172589e-02
6.453536e-04
5.028207e-03
3.333228e-01
2.869734e-03
5.737897e-05
1.855336e-02
6.780783e-02
1.867283e-02
1.457949e-01
2.418816e-02
2.703505e-03
3.584578e-02
1.727236e-03
8.705393e-02
3.649469e-02
1.079609e-01
1.889146e-01
6.275872e-03
1.385714e-02
5.746080e-03
1.387181e-02
3.561495e-03
9.103618e-03
2.063424e-02
6.781084e-02
5.333434e-03
3.154221e-03
6.973595e-03
1.544839e-01
3.154503e-02
9.107015e-04
6.123009e-02
3.620928e-03
3.839122e-02
1.051135e-01
2.526616e-08
1.541723e-01
1.732264e-02
6.541687e-02
1.580685e-01
9.691348e-02
4.833063e-02
4.572253e-02
1.027362e-03
7.890753e-03
8.364460e-03
9.088899e-02
3.842626e-02
4.948683e-03
3.574613e-03
4.694750e-03
2.726201e-04
7.289299e-02
1.767963e-01
6.792924e-03
1.074750e-02
7.726427e-03
2.752163e-04
6.312585e-03
1.326810e-02
7.903607e-02
6.963158e-03
5.771470e-02
2.587657e-02
3.308449e-02
8.817508e-03
1.661814e-02
3.637212e-01
2.693612e-02
3.732972e-02
9.212647e-02
7.235154e-02
6.697936e-02
1.802338e-01
6.764838e-02
7.380791e-03
3.870065e-02
1.001047e-02
7.371391e-04
2.931925e-03
3.650655e-02
1.178779e-02
2.179121e-02
1.036834e-02
2.917649e-03
4.548050e-03
7.720619e-05
4.878853e-02
2.339637e-02
1.919848e-02
1.048607e-01
2.148544e-02
6.063170e-03
1.603915e-01
1.069729e-01
4.116787e-04
7.010113e-03
7.569529e-04
5.582522e-02
3.371851e-05
2.274334e-01
1.993346e-01
5.048939e-02
2.595229e-03
2.896702e-03
3.815195e-02
4.297503e-03
3.922921e-03
6.269492e-02
2.333488e-01
1.330092e-02
3.026816e-02
1.258616e-01
1.240205e-02
1.116596e-02
3.242958e-02
9.768501e-02
7.148136e-03
3.773010e-03
2.884296e-04
1.398650e-03
9.498177e-03
1.876500e-02
4.902140e-02
3.145024e-05
2.653865e-02
1.422161e-01
3.326859e-02
1.625388e-02
4.731776e-03
7.197434e-03
3.297686e-02
2.523426e-02
1.574624e-02
1.952944e-04
2.189826e-03
5.080879e-03
8.673037e-02
1.315864e-01
4.524439e-02
2.102328e-03
3.640183e-03
2.903021e-02
1.600741e-02
4.826707e-04
2.854718e-02
1.194032e-01
7.896824e-02
2.564687e-02
2.453676e-02
6.467557e-02
5.940229e-02
8.763363e-02
3.212675e-03
