9.876473e-03
2.258651e-04
2.394736e-01
2.548587e-02
5.642816e-02
1.214758e-04
1.029472e-01
1.467292e-07
7.845494e-03
6.360955e-02
4.270438e-02
4.722210e-01
1.064468e-03
7.786390e-03
4.269203e-04
2.062387e-02
5.690249e-02
6.793193e-04
8.800249e-03
4.230796e-02
7.182042e-04
3.118886e-02
9.379897e-02
4.230716e-02
6.345624e-04
5.059002e-02
4.093759e-02
3.139043e-02
2.709461e-02
1.242318e-03
6.905015e-04
3.482749e-01
8.503386e-02
6.108961e-02
4.527264e-01
1.351926e-02
8.514591e-03
2.322557e-03
1.532148e-02
4.830810e-02
3.413561e-03
7.268928e-03
2.072868e-01
7.466911e-04
6.094881e-02
1.827330e-01
6.176598e-02
1.482084e-01
3.683705e-03
1.106468e-02
3.315716e-04
5.284626e-03
1.929064e-02
7.597483e-03
4.740521e-02
5.171380e-02
5.377094e-03
4.101469e-02
9.312698e-02
3.577139e-03
9.101646e-02
3.216660e-05
3.820374e-04
6.564212e-02
3.211047e-02
1.469746e-02
8.142156e-04
2.149296e-01
8.303247e-02
1.670015e-02
4.538404e-02
3.069149e-02
9.087079e-04
2.268945e-02
1.888444e-02
5.205652e-02
2.551706e-02
2.756021e-01
3.267715e-02
3.964192e-02
3.231945e-03
4.180213e-02
7.350905e-02
3.744526e-04
9.150070e-03
2.048444e-02
1.421630e-04
4.586173e-03
1.555230e-02
9.718895e-02
4.707360e-06
2.187024e-02
4.698835e-02
1.756040e-01
5.102103e-02
1.714922e-02
1.001402e-02
1.155945e-02
8.129291e-02
3.607352e-03
1.565448e-02
1.114348e-02
1.614212e-01
3.494551e-02
3.947955e-04
1.392509e-01
3.134915e-02
1.439292e-03
5.581709e-02
1.662944e-03
5.170338e-03
5.260261e-01
4.176027e-01
2.868463e-04
1.589842e-01
1.647963e-01
5.154950e-05
2.720014e-04
1.452263e-01
7.601839e-02
2.280123e-02
8.121408e-04
6.081087e-02
6.741223e-03
8.107231e-02
2.421700e-01
2.667599e-02
7.232943e-04
5.652480e-04
3.258107e-07
3.246970e-02
8.105747e-03
1.063858e-02
1.850402e-02
9.829112e-02
3.618695e-03
5.778452e-02
4.180035e-02
6.011127e-02
8.449152e-02
3.908390e-02
6.729367e-02
3.133826e-06
7.356758e-04
1.300866e-03
8.153712e-02
1.778253e-02
6.773034e-02
6.333832e-02
2.713928e-03
9.885908e-03
3.935870e-04
5.638811e-02
2.177012e-01
3.042960e-02
1.344717e-04
2.719733e-02
1.348976e-01
1.573619e-02
6.498695e-04
7.355216e-02
6.473994e-05
1.964147e-03
4.179797e-03
1.206552e-02
3.590488e-01
5.661139e-02
1.202412e-04
4.384776e-04
5.177021e-02
1.346263e-01
1.990734e-02
2.805428e-01
6.126588e-01
1.845837e-01
1.602431e-01
5.715412e-03
3.925352e-02
4.942910e-02
1.190421e-01
1.678135e-04
1.739833e-01
1.953313e-02
3.314324e-02
4.922043e-02
3.243079e-06
1.525447e-01
1.439022e-01
9.885747e-03
7.230527e-03
1.784133e-01
1.560415e-02
1.411211e-01
6.400337e-02
3.131519e-03
6.594412e-02
1.184133e-03
1.311528e-01
1.321354e-03
2.366562e-01
5.338418e-04
8.477473e-02
1.410674e-04
2.318695e-02
1.179940e-02
1.943804e-02
8.806794e-02
2.606453e-02
1.032647e-01
3.205838e-01
1.615751e-03
3.957886e-02
1.764428e-02
6.588856e-03
3.483490e-04
2.635335e-03
8.370385e-02
1.744856e-02
5.863053e-02
2.807271e-02
3.231589e-03
6.841859e-04
2.454405e-02
1.306303e-03
6.560884e-04
1.264840e-02
2.015367e-02
2.108391e-05
3.364385e-02
1.817502e-02
1.662247e-01
1.987131e-03
1.527189e-02
2.522735e-02
1.892387e-03
6.233496e-03
1.291946e-01
6.553501e-03
4.145098e-05
6.344393e-02
1.291646e-04
9.133427e-02
4.247989e-02
8.166281e-02
4.585036e-03
5.376624e-03
6.626799e-02
1.900429e-01
3.713441e-02
6.574471e-03
7.988491e-03
8.903303e-03
1.622294e-03
1.975535e-02
9.781223e-03
4.638016e-01
4.980045e-04
3.635130e-02
1.500000e-03
2.538452e-02
1.954367e-01
2.936626e-01
4.645366e-03
1.038812e-02
2.585445e-01
7.787657e-03
5.514911e-01
1.825046e-01
1.166048e-01
3.333489e-03
4.496177e-02
4.023985e-02
4.829764e-04
6.703757e-02
2.069336e-02
4.310478e-02
6.617821e-02
8.787502e-02
7.799612e-03
4.643245e-03
3.865078e-03
1.562209e-03
7.925626e-03
4.262883e-04
8.646926e-01
4.243982e-02
1.695413e-03
6.114963e-02
1.179588e-02
1.077776e-01
3.628364e-02
2.587348e-02
8.623741e-02
1.481580e-02
3.821989e-03
5.888050e-02
3.560995e-02
2.875895e-03
3.807267e-02
5.046410e-04
1.123094e-02
4.760858e-03
1.485284e-02
3.304394e-02
4.778852e-02
1.412434e-02
1.658350e-03
4.717620e-02
1.513109e-02
2.170522e-02
2.607549e-02
2.149627e-03
1.911790e-01
5.759948e-02
2.373618e-02
5.360123e-03
2.936772e-02
7.017312e-03
6.603220e-03
4.144771e-06
3.431522e-02
9.799624e-03
1.492383e-01
6.944883e-03
2.129096e-03
1.298918e-01
9.040329e-03
4.767283e-02
2.735452e-02
4.926967e-02
7.165505e-03
6.765496e-02
9.890996e-04
1.812044e-03
7.475662e-02
2.141504e-02
6.487843e-02
2.212359e-02
1.007103e-01
1.652135e-02
3.653965e-01
3.976062e-02
6.179704e-02
1.529847e-02
5.635899e-04
3.976224e-02
4.058045e-02
4.354732e-04
2.684232e-02
3.019409e-02
5.999782e-03
5.705832e-02
2.889198e-01
8.860947e-02
1.821210e-01
1.519359e-01
7.642394e-02
2.540262e-02
7.613205e-02
7.952600e-05
6.614079e-02
6.324119e-03
5.223959e-02
7.663370e-03
3.032341e-03
1.822392e-01
8.568559e-02
3.691560e-02
1.709375e-03
1.443411e-02
3.714856e-04
1.650921e-02
3.165766e-02
3.356667e-05
7.771327e-02
2.461395e-05
1.780467e-02
3.078277e-03
1.765755e-01
1.046716e-02
1.135367e-03
2.654488e-02
8.577589e-05
1.376376e-05
2.147827e-02
8.391119e-02
2.274320e-01
1.952310e-02
1.096142e-01
2.477989e-02
3.279249e-02
7.783224e-02
4.156742e-04
1.103089e-01
1.782345e-02
7.335033e-02
2.774360e-03
4.225109e-02
2.352079e-02
6.553458e-02
2.884089e-02
2.776567e-02
3.096129e-03
1.844905e-03
7.904614e-04
1.352249e-02
4.838376e-03
1.414251e-02
5.164673e-02
3.023642e-02
1.380341e-02
2.342177e-05
9.636578e-03
5.253652e-04
1.685678e-02
1.542778e-02
6.074165e-02
9.920399e-02
1.362530e-02
3.372026e-03
8.409973e-02
3.361441e-01
6.618441e-03
6.103517e-02
8.370936e-04
4.615081e-02
7.378858e-03
5.790868e-02
1.525798e-03
1.454537e-04
2.546527e-04
6.252686e-03
4.393052e-03
8.023485e-02
3.084922e-03
5.385091e-03
5.036439e-03
5.295041e-03
1.107685e-02
1.539692e-03
7.994994e-02
9.761663e-02
2.141893e-02
1.445770e-02
1.630312e-04
6.393789e-03
9.169238e-02
2.425271e-01
1.542204e-01
4.300365e-02
1.448926e-02
8.291428e-03
2.088167e-02
3.662043e-02
5.108863e-04
5.479936e-02
1.267460e-01
6.704999e-02
1.936742e-02
3.476145e-02
1.170673e-02
6.357954e-03
1.131027e-02
2.463571e-01
4.825687e-02
2.144375e-03
6.207135e-02
1.352063e-02
5.751547e-02
1.784105e-02
3.359266e-03
3.837405e-01
8.754455e-02
2.418626e-02
1.699478e-01
4.144929e-02
8.639287e-02
2.139431e-04
4.993663e-02
1.205911e-02
4.479256e-02
1.013781e-01
1.888322e-02
4.179660e-03
2.358027e-02
3.866723e-04
1.281742e-01
2.804861e-02
8.098208e-02
4.358480e-03
7.877882e-03
8.773963e-03
4.646666e-02
3.324642e-03
7.579160e-04
1.647765e-02
3.918732e-02
1.546890e-02
2.351755e-02
4.112138e-01
2.698222e-01
1.625414e-01
2.912954e-03
1.941506e-04
7.187177e-02
2.159861e-01
4.036021e-02
9.720642e-02
4.129425e-03
2.463799e-02
2.300875e-01
1.851978e-03
1.731996e-02
9.069750e-03
1.801298e-02
7.472370e-06
6.474579e-02
3.629996e-01
5.579361e-02
1.424864e-02
2.218233e-01
1.922703e-03
1.861189e-01
7.845988e-02
1.969459e-03
8.288831e-02
3.961092e-02
2.508580e-02
1.141630e-02
2.372815e-03
4.001734e-03
1.627739e-01
1.025965e-01
2.767443e-02
1.165906e-02
1.142425e-03
3.926638e-02
2.970187e-05
6.292761e-07
1.081301e-01
5.335041e-01
4.047006e-03
2.443287e-03
3.975475e-02
4.352293e-03
1.035507e-02
1.004065e-01
7.769828e-03
1.261239e-01
6.521342e-04
4.465188e-02
8.476627e-03
1.850100e-03
7.025653e-03
3.768718e-02
6.719481e-05
9.905458e-03
3.843563e-03
8.966560e-04
1.622961e-01
4.472736e-03
1.855579e-02
7.291626e-02
2.165738e-02
8.066501e-02
2.009063e-03
1.338297e-02
2.404398e-04
3.940314e-01
1.996079e-02
4.458144e-01
1.717347e-02
5.617510e-03
7.660584e-02
9.541919e-04
3.652353e-02
3.582341e-03
1.593693e-02
5.069828e-02
2.356421e-03
1.425299e-01
4.796265e-02
4.290894e-02
3.487592e-02
1.927338e-02
9.902443e-04
2.155190e-02
4.998786e-03
1.762476e-02
3.605631e-02
1.135722e-02
1.264318e-01
1.375272e-01
1.504959e-02
