6.359808e-02
5.449826e-03
1.954152e-02
1.405161e-03
5.766587e-02
6.178005e-02
5.278186e-02
8.352209e-02
5.079263e-02
1.061623e-05
1.900014e-02
5.060108e-02
3.580021e-02
3.112230e-05
6.147368e-03
5.762475e-03
1.366497e-02
1.718233e-01
2.789158e-03
2.350337e-02
1.039250e-02
3.058593e-02
3.173299e-02
3.993998e-01
4.091662e-02
3.700510e-03
1.652605e-01
4.558579e-02
6.530558e-02
1.563078e-01
5.014978e-03
4.996638e-02
1.540177e-03
6.605544e-03
2.822924e-02
2.023576e-02
6.616761e-02
2.580132e-03
1.211988e-02
4.278963e-02
1.597028e-02
1.204513e-04
1.355056e-02
4.694790e-02
1.257701e-01
2.885153e-03
1.021606e-01
5.747566e-02
4.482340e-02
1.579117e-02
5.172148e-02
1.884806e-02
6.348042e-02
5.838515e-02
5.628456e-02
1.631548e-02
3.649632e-02
7.137002e-02
4.116815e-02
2.970433e-02
3.125744e-02
4.390430e-02
1.045297e-01
2.772969e-02
1.697083e-03
9.132846e-04
9.086324e-02
2.608392e-01
2.847853e-01
7.206642e-03
8.784837e-02
1.166568e-01
9.714949e-05
2.205536e-04
1.369593e-03
2.469451e-01
3.031342e-02
2.948101e-03
7.811903e-03
9.481814e-02
1.273954e-02
2.633295e-03
6.029418e-02
2.784707e-03
1.194166e-01
6.121434e-04
4.943410e-02
2.768094e-02
2.458482e-03
3.038856e-02
5.965329e-03
8.757520e-02
1.328089e-02
1.907200e-01
2.034022e-02
6.726104e-02
2.320410e-03
8.240748e-03
7.050544e-02
2.653566e-06
1.337055e-01
1.183522e-05
2.448251e-02
1.535910e-02
4.886810e-03
1.412431e-02
6.627455e-02
9.323737e-03
5.252888e-03
3.433630e-04
1.260825e-02
2.786970e-01
3.063348e-04
4.488076e-04
2.474937e-01
9.675876e-05
1.100086e-03
1.375400e-03
5.823993e-02
4.364552e-05
7.927563e-03
8.094254e-03
2.580517e-05
5.300704e-06
4.151296e-02
5.075906e-02
1.148891e-02
3.445038e-02
3.146664e-02
4.362451e-02
7.597006e-04
4.721893e-02
4.340783e-03
2.207532e-02
5.040233e-03
1.406732e-03
4.273889e-02
4.927682e-02
4.676369e-03
3.032329e-03
5.914253e-03
1.492041e-02
2.976853e-03
3.339418e-03
7.710770e-02
1.011733e-03
1.765548e-03
6.571807e-02
1.510449e-02
3.656576e-05
7.671027e-02
8.019641e-02
1.186247e-01
1.311568e-01
1.974162e-02
3.586359e-03
1.938379e-02
9.732123e-04
2.993048e-02
4.677810e-02
1.061310e-02
1.325974e-03
1.089794e-01
1.287656e-02
1.549844e-03
4.140868e-02
3.200120e-03
2.820201e-05
2.118932e-03
5.827732e-03
4.336337e-04
6.128393e-03
1.269265e-02
6.672945e-03
4.578828e-02
7.021209e-03
3.071578e-01
8.933760e-02
6.789667e-02
3.287136e-03
1.906112e-02
1.317796e-01
5.390037e-02
2.160019e-02
1.911009e-02
2.056084e-02
1.136258e-01
4.215850e-05
1.952626e-04
1.406421e-01
2.475094e-02
7.687591e-02
5.218832e-02
2.100458e-02
7.866377e-02
1.675254e-03
1.689220e-02
9.500227e-03
1.794977e-01
1.349353e-03
2.167728e-03
2.316152e-02
8.875084e-02
1.802201e-03
5.300610e-03
8.814337e-05
1.004467e-01
2.214391e-02
3.485577e-02
3.098761e-06
1.518345e-02
2.521627e-02
5.332532e-02
8.200601e-02
1.901688e-03
1.412603e-03
6.758336e-02
3.025313e-02
9.650982e-03
1.254875e-02
1.263815e-02
1.291936e-02
3.213300e-02
7.268022e-03
1.402278e-01
8.176811e-03
1.423898e-03
1.440912e-03
8.428797e-03
5.359085e-02
3.265592e-02
1.031954e-02
1.304086e-02
1.160167e-05
2.020995e-02
1.743318e-01
2.012849e-04
2.064147e-03
5.726297e-02
1.052890e-02
7.785225e-02
1.198406e-01
8.768214e-02
1.147426e-02
2.645436e-02
6.421460e-02
1.305705e-02
3.052798e-02
3.000109e-03
7.102603e-03
1.057623e-01
6.303558e-03
5.749771e-04
4.701005e-02
1.315151e-03
5.059884e-02
4.792148e-02
1.030509e-02
3.830149e-03
4.509198e-02
4.572748e-02
3.849028e-02
7.308550e-02
1.641926e-02
1.366848e-03
2.232792e-01
1.446530e-01
4.584161e-02
2.725598e-02
1.579808e-02
3.502223e-03
1.439313e-02
1.064158e-01
1.061323e-03
1.152182e-02
1.777053e-01
3.847560e-03
2.756158e-05
5.430868e-02
1.117040e-01
1.278069e-01
5.433331e-02
1.021301e-01
7.662079e-04
1.102655e-01
6.169234e-02
2.402207e-02
1.638565e-01
2.163694e-03
1.434112e-02
4.654898e-03
9.951901e-02
1.527109e-01
2.504108e-02
1.521936e-02
1.388762e-01
1.329176e-01
6.267343e-02
3.970435e-02
1.177942e-02
5.279065e-03
7.704029e-02
6.088114e-04
4.869118e-03
9.416819e-02
1.210248e-01
4.952797e-02
1.248930e-02
1.990836e-04
2.945729e-04
1.753701e-02
5.720590e-03
1.631114e-02
1.357387e-01
4.773433e-02
1.037647e-04
6.610817e-05
5.461882e-03
7.072669e-02
1.333052e-01
9.187693e-02
2.985100e-03
7.626432e-02
1.767532e-04
1.135550e-02
3.796973e-02
1.921283e-02
3.571995e-02
4.844989e-02
3.071063e-03
4.882279e-02
9.719998e-03
3.886940e-02
4.921542e-02
2.753830e-02
5.712078e-02
1.010614e-02
4.475069e-04
7.661794e-05
2.844328e-04
3.987743e-03
1.692628e-02
1.591656e-01
1.164108e-01
1.452256e-02
1.731447e-01
3.586110e-02
3.138303e-04
2.663151e-01
7.055634e-04
8.233212e-02
5.088911e-03
7.371373e-02
1.211546e-02
2.873384e-02
4.496250e-03
1.450578e-01
2.553003e-02
2.450717e-03
4.740619e-02
7.403117e-03
9.376398e-02
3.236868e-03
2.178979e-04
4.142206e-02
2.760623e-04
1.906877e-02
1.431839e-01
2.679245e-03
6.439301e-02
5.381637e-02
6.292825e-04
7.464728e-02
2.264795e-01
2.012986e-02
1.551027e-01
4.843083e-03
2.899682e-02
9.062018e-03
7.089339e-03
1.264305e-04
6.302579e-03
8.350973e-04
3.148015e-02
1.576410e-02
4.416667e-02
1.771416e-01
4.078478e-03
8.351173e-02
8.803606e-02
1.360991e-02
3.719785e-02
4.896389e-02
1.081485e-02
1.497235e-04
1.598465e-05
6.742567e-02
1.647633e-01
3.875622e-02
1.446262e-03
7.772587e-02
7.381031e-04
3.402016e-02
1.378283e-02
3.267667e-03
1.185128e-01
1.684328e-01
3.183749e-02
1.508509e-08
1.321786e-01
4.110833e-02
6.406798e-04
4.654104e-03
2.013908e-05
1.070027e-01
3.734641e-03
1.306349e-02
7.189156e-02
1.176971e-02
2.011681e-01
2.004865e-02
7.546322e-03
1.114432e-01
8.061464e-04
4.596682e-03
1.274907e-01
3.307609e-01
2.715513e-02
1.260893e-02
3.958509e-03
1.015107e-03
2.433997e-02
8.926633e-03
8.331669e-04
1.416871e-02
1.226042e-02
8.692640e-05
2.715098e-05
1.957125e-01
9.395644e-02
7.341086e-02
3.827750e-03
1.113240e-02
3.662483e-02
1.908020e-03
1.754129e-01
1.019361e-02
3.708853e-03
1.248515e-02
2.174206e-02
4.535378e-02
7.811432e-03
7.318664e-02
3.279395e-04
1.230780e-01
1.195691e-01
1.772671e-01
5.149755e-02
1.679343e-05
3.327396e-02
1.059810e-02
3.126245e-03
5.706037e-02
1.277040e-03
2.597683e-03
4.010358e-04
7.972779e-03
2.206699e-03
1.605804e-01
5.424970e-02
1.548793e-02
2.724345e-02
6.277375e-03
1.681265e-02
1.646781e-01
4.584300e-02
1.395412e-04
1.577927e-02
2.761823e-01
1.161334e-01
6.970112e-02
5.908871e-02
2.091130e-02
1.674381e-01
2.109374e-01
3.909587e-03
1.606440e-01
3.412507e-03
9.971705e-03
4.536793e-03
2.077999e-02
9.756062e-03
4.297337e-03
1.337797e-04
1.623762e-03
1.178236e-02
2.511744e-04
3.795539e-02
1.240666e-01
7.728157e-03
1.503371e-02
8.100320e-03
7.392322e-04
4.270098e-03
3.863295e-04
1.561890e-01
5.817550e-02
6.525163e-01
2.179258e-02
4.830384e-02
3.302006e-02
8.112858e-03
3.228419e-03
7.943567e-02
3.151395e-03
2.262890e-02
4.008942e-03
3.570399e-01
1.390777e-01
1.890676e-04
2.400231e-03
3.546259e-02
5.256343e-02
8.503977e-03
3.361002e-02
2.028266e-01
2.771519e-01
4.001537e-02
8.738801e-03
2.979493e-03
3.726717e-02
2.609385e-01
3.336421e-02
1.698489e-01
5.691415e-03
9.295870e-02
7.757145e-02
2.827923e-03
4.833631e-03
8.665990e-04
1.649584e-01
1.278318e-01
1.054647e-01
8.528231e-02
2.351799e-05
8.637486e-03
8.210126e-02
2.411318e-03
1.617314e-01
1.546569e-02
2.649676e-02
3.443057e-02
8.924003e-02
5.605607e-03
6.067032e-02
1.738054e-01
3.813908e-03
7.021019e-02
5.030111e-03
6.298047e-02
1.101114e-01
1.125138e-02
3.669757e-01
6.458363e-03
7.262595e-02
2.656428e-02
2.224241e-02
8.921800e-03
1.209694e-03
5.638994e-03
5.625195e-02
4.590241e-02
7.125635e-02
2.884614e-01
7.459252e-04
2.483698e-01
5.733040e-02
1.108366e-02
5.100054e-04
3.322787e-01
1.481635e-02
7.303839e-03
1.602078e-02
1.667907e-02
7.349336e-02
3.280125e-01
1.979183e-01
4.662668e-04
9.867015e-04
2.055810e-03
7.698828e-02
2.115084e-01
2.348740e-02
4.541248e-04
