3.171099e-03
2.708969e-02
6.698984e-02
1.562877e-02
4.921720e-02
9.854153e-02
2.861478e-02
1.840647e-05
1.944550e-03
1.309822e-01
6.289835e-02
3.707066e-04
1.955583e-02
4.864024e-02
7.160721e-03
2.671195e-02
1.644321e-02
3.849661e-02
2.818453e-02
4.613585e-03
1.096520e-02
1.018453e-01
1.112573e-02
7.831672e-02
4.337639e-03
4.781742e-02
6.405675e-04
4.075370e-03
3.242457e-03
1.260081e-02
2.115253e-01
1.330682e-02
5.715788e-02
2.522301e-02
3.618505e-04
2.738733e-03
1.884316e-02
4.817917e-03
2.988749e-02
1.873843e-01
2.829514e-02
9.432296e-03
1.361729e-03
7.860733e-02
3.256907e-02
4.256287e-02
1.855527e-01
2.135804e-02
1.318721e-01
3.533129e-03
6.415929e-02
1.007158e-01
4.604871e-02
7.355628e-03
4.246240e-02
5.363604e-02
4.632024e-02
1.170984e-02
6.864888e-05
2.512144e-02
4.072966e-02
1.352166e-04
6.597480e-04
2.126848e-02
7.299162e-03
1.084517e-01
8.985402e-03
1.131207e-01
2.227069e-01
2.074606e-02
1.379558e-01
9.675412e-02
1.857844e-01
3.788055e-03
6.647474e-04
5.934571e-02
3.492030e-03
1.999542e-01
8.346020e-03
8.980000e-02
6.060349e-02
1.554784e-05
2.237982e-02
3.780588e-02
2.037154e-03
9.417008e-02
4.880212e-02
3.599200e-01
8.522177e-03
2.735128e-02
9.277322e-04
4.004851e-02
3.910742e-04
6.026701e-02
1.472337e-01
1.042493e-02
5.291435e-02
9.368251e-02
8.028758e-03
3.295215e-02
2.197891e-03
6.007595e-03
1.333299e-03
3.511376e-03
1.333051e-01
2.627670e-02
1.356041e-01
6.293867e-02
2.107447e-02
1.184637e-02
6.503872e-02
9.874402e-02
1.082590e-01
7.261195e-02
3.741448e-01
2.931310e-03
7.818886e-04
7.826481e-02
6.580975e-02
2.577797e-02
7.928366e-02
1.680451e-02
1.254188e-02
2.604539e-02
2.017042e-01
4.111758e-03
7.292149e-03
1.221598e-02
2.084814e-02
2.749643e-04
8.211431e-02
9.572191e-03
2.825885e-02
1.523418e-01
2.683425e-03
1.353112e-01
1.399073e-02
1.015891e-04
2.271421e-04
7.230381e-02
2.162979e-03
1.285440e-01
2.964504e-03
1.005375e-02
7.135506e-02
4.292046e-03
1.546738e-02
3.167684e-02
6.114769e-03
9.083910e-02
1.803335e-02
3.498314e-02
2.388656e-01
2.353960e-02
1.585393e-03
1.614245e-02
1.278228e-02
5.588345e-03
7.405051e-03
6.537278e-01
8.945612e-02
3.739759e-02
5.378667e-02
1.836350e-01
3.729245e-02
1.916346e-01
1.070375e-02
4.145645e-02
2.640652e-02
1.487373e-02
1.871144e-02
7.103327e-02
4.856971e-05
2.882875e-03
2.517975e-02
1.006068e-01
3.451881e-02
3.538693e-01
8.214812e-02
2.825492e-02
4.966142e-02
1.570671e-02
4.114533e-03
1.662843e-02
4.388078e-03
9.763704e-04
6.239884e-04
7.561107e-02
1.249554e-01
7.346034e-02
6.774315e-02
2.969408e-03
1.911510e-02
1.046812e-06
7.100652e-02
3.825925e-03
2.089144e-02
1.741400e-02
4.110795e-02
3.217525e-02
6.279559e-02
4.976122e-04
2.898359e-02
4.202556e-03
3.948216e-02
7.817392e-02
2.333287e-03
2.972995e-02
6.496054e-02
4.312261e-02
6.779583e-02
7.790479e-02
3.399864e-01
7.603515e-03
1.117203e-02
7.384780e-03
3.570867e-02
3.804994e-02
3.762552e-04
8.304791e-05
1.209131e-01
2.122947e-01
1.252051e-02
1.164826e-01
2.000031e-02
6.300966e-02
1.626748e-02
2.896140e-02
1.880538e-03
8.793742e-04
7.159556e-05
5.625901e-05
1.338093e-03
3.189029e-02
6.811429e-03
1.094104e-04
2.726653e-01
2.519866e-02
3.103646e-05
7.977530e-03
2.457067e-02
1.199252e-01
2.997962e-01
2.202537e-02
3.184111e-02
5.631309e-02
3.124519e-03
2.720305e-02
4.392687e-02
2.287820e-02
3.530870e-02
5.907576e-03
7.380678e-03
5.951108e-02
5.291241e-02
1.373952e-03
6.256580e-02
2.460582e-01
4.025627e-01
6.328732e-03
2.332097e-01
2.499942e-02
4.755484e-02
1.680538e-02
1.762026e-02
7.826593e-03
3.243431e-01
1.307948e-01
1.962511e-02
2.213049e-03
1.254717e-02
5.085605e-03
3.763336e-02
3.397813e-03
5.504088e-03
7.263237e-02
1.873901e-02
1.099044e-02
4.126019e-02
1.640404e-01
1.373244e-02
6.919945e-02
2.101485e-02
8.166877e-03
8.115365e-03
1.042013e-01
1.326186e-02
2.716006e-02
1.542829e-01
2.925207e-01
4.168505e-01
3.410881e-02
4.447579e-02
8.260428e-02
2.562856e-03
3.144238e-02
2.292956e-01
2.771604e-02
7.208417e-03
2.536565e-02
3.243138e-03
3.103446e-04
4.160766e-03
4.039065e-02
3.629177e-03
4.239091e-02
4.522862e-05
1.456622e-01
1.235237e-01
4.704862e-05
6.159945e-02
6.039529e-03
2.609760e-01
2.397334e-02
3.876733e-04
2.945148e-02
3.775764e-02
9.306817e-04
9.367993e-02
1.177789e-01
9.461194e-03
4.573435e-03
3.864574e-02
1.790999e-02
6.963351e-03
8.771063e-02
9.765523e-04
2.088269e-02
2.316614e-03
9.567894e-02
4.148623e-02
1.652011e-05
3.257936e-02
6.403441e-03
8.740828e-02
1.470244e-02
1.423574e-02
9.655109e-02
3.789196e-02
4.188036e-04
7.215951e-03
8.555449e-04
4.831826e-02
2.519666e-02
4.990634e-05
1.851949e-02
2.969146e-01
7.721436e-02
7.090177e-02
5.371358e-02
5.179199e-02
4.463607e-02
4.177108e-02
1.311964e-01
4.546683e-03
2.846650e-02
1.282606e-01
3.959826e-02
5.075030e-02
2.788900e-02
1.505125e-03
1.992747e-03
1.451800e-03
1.068986e-01
7.157713e-02
6.629089e-04
4.299428e-03
1.206309e-01
2.191070e-03
2.409527e-03
3.712709e-02
5.451799e-02
2.257361e-04
1.075033e-01
1.065009e-03
9.127121e-05
9.986490e-02
4.968512e-02
2.093619e-02
7.618457e-02
6.129611e-02
2.295280e-03
9.724633e-02
1.907647e-02
2.475099e-03
3.105652e-04
3.996562e-03
4.136331e-03
7.343812e-03
5.771362e-02
1.873097e-05
3.169177e-02
4.707281e-03
1.533705e-02
7.766073e-02
3.951420e-02
3.073147e-04
2.891044e-01
1.175058e-02
3.005615e-02
1.582111e-01
1.258474e-02
2.425862e-02
4.203179e-02
9.974987e-03
2.806999e-02
3.500363e-02
4.565193e-02
1.254181e-02
7.702650e-02
1.423504e-01
5.446160e-03
1.580559e-01
4.914080e-02
8.300292e-02
6.977241e-03
7.478938e-03
3.929502e-02
2.113490e-02
2.322437e-06
3.333854e-03
1.172352e-01
1.827978e-02
8.458041e-03
1.295268e-01
2.105021e-04
1.254121e-01
6.492385e-03
2.330493e-02
5.363195e-03
3.645776e-02
3.465733e-02
1.262846e-01
1.457054e-01
5.446925e-02
4.462285e-03
4.099365e-02
6.439714e-02
9.745463e-02
1.720631e-02
3.935397e-03
1.754718e-01
1.666441e-03
5.513185e-02
3.402886e-02
1.112892e-01
6.688968e-02
4.605358e-04
8.366091e-02
7.654489e-02
5.937788e-02
1.123926e-01
2.506459e-02
6.027547e-05
4.138853e-02
2.613762e-01
1.667552e-02
5.499170e-03
7.948875e-03
9.175862e-05
9.486338e-03
1.270231e-03
6.085125e-02
1.179311e-01
8.980521e-02
1.187149e-01
4.469533e-05
2.208445e-02
1.803073e-01
2.399148e-03
3.169456e-02
1.043588e+00
2.409354e-01
9.497181e-03
2.201515e-01
8.785292e-04
5.197264e-02
2.073273e-03
1.041818e-02
3.083966e-02
4.608442e-02
1.813313e-02
1.045463e-02
1.910192e-01
5.419426e-02
1.556885e-02
1.597374e-02
8.321007e-02
2.756015e-02
7.227409e-03
4.519318e-03
7.927811e-03
2.602555e-02
3.927477e-02
1.093955e-02
2.846069e-03
1.019525e-01
2.633108e-05
7.511164e-05
2.599179e-02
9.298862e-02
1.427672e-03
1.129362e-01
2.196097e-02
8.226146e-03
7.323108e-02
6.084411e-02
2.723607e-01
2.528970e-04
2.533632e-03
6.173567e-01
2.534050e-02
9.339331e-02
3.304914e-01
1.888975e-04
1.025206e-02
3.920926e-03
2.034147e-02
1.927964e-02
2.595980e-02
3.657228e-02
4.788371e-05
1.097734e-01
1.469220e-03
3.449884e-02
1.908969e-06
3.422917e-03
4.759723e-03
6.695347e-02
5.268132e-02
5.565677e-03
1.477646e-01
7.592240e-04
1.754938e-02
1.290178e-02
5.245940e-02
9.294695e-03
7.109267e-02
3.471829e-02
4.271865e-02
7.784863e-01
1.872873e-02
1.170646e-01
1.286128e-02
1.118308e-01
9.777374e-02
4.165800e-02
1.554240e-03
2.415522e-02
9.850401e-03
6.742097e-02
7.124855e-03
1.227510e-03
6.187593e-03
2.441381e-02
5.320179e-04
1.068743e-01
2.400295e-02
8.951823e-03
1.592368e-02
5.061296e-02
1.522559e-01
1.947822e-02
7.143180e-04
1.795857e-01
5.802208e-02
5.988467e-02
1.548831e-02
6.040232e-03
1.003744e-01
1.586773e-01
5.205859e-02
7.866646e-04
1.889868e-01
9.628965e-03
1.660564e-02
1.022246e-01
1.694155e-03
4.387969e-02
2.246752e-02
1.267017e-02
7.322462e-02
6.156886e-03
3.780723e-02
4.166480e-03
7.967584e-03
6.115298e-08
3.532784e-02
5.869891e-05
4.752798e-02
4.022161e-02
1.383795e-01
6.046234e-02
2.070705e-02
