4.813379e-02
4.752092e-02
1.931488e-04
5.814222e-03
1.192344e-02
1.492270e-03
1.004288e-02
3.504214e-03
6.972304e-02
3.937302e-03
1.492912e-01
1.130302e-02
6.065455e-03
3.042995e-02
1.837895e-01
1.429751e-03
7.698439e-03
2.114166e-01
2.860602e-02
4.544894e-02
2.691664e-03
2.061255e-03
3.525810e-02
4.668979e-05
2.485656e-04
1.098016e-03
4.971309e-02
7.065656e-02
1.112895e-02
4.293667e-05
7.907155e-02
2.597693e-02
1.821028e-01
1.362738e-01
9.726616e-02
1.514027e-01
1.409302e-02
1.386483e-02
2.018498e-02
4.961865e-03
4.520265e-03
4.477189e-04
1.322201e-01
1.998094e-02
2.863501e-02
1.119678e-01
1.805009e-03
1.308194e-01
6.503128e-03
5.648087e-03
1.353766e-03
2.373105e-03
1.184978e-03
1.096223e-01
3.544789e-02
1.480692e-03
1.892172e-03
8.058355e-03
2.299072e-01
1.815373e-01
1.796525e-01
9.103931e-02
6.329214e-03
8.483627e-03
7.933929e-02
5.416092e-02
2.583438e-02
2.676411e-02
5.080577e-02
4.140010e-04
4.955301e-02
2.896149e-03
2.864155e-06
1.750856e-03
1.387590e-03
3.528227e-04
2.282895e-02
8.139331e-02
1.437149e-01
2.738168e-02
1.958278e-02
1.937730e-03
3.596980e-02
3.233974e-01
9.696873e-03
6.032491e-03
8.935346e-03
4.185427e-02
2.688374e-02
1.512056e-02
6.767995e-04
6.371792e-04
5.034588e-02
1.789767e-02
2.342272e-02
3.373154e-02
6.698366e-03
1.164838e-04
2.697468e-02
5.460402e-04
2.570034e-02
1.177542e-04
1.324468e-03
6.815231e-03
1.086968e-01
5.961503e-03
3.303708e-02
2.765862e-03
3.408626e-02
8.607356e-02
8.117456e-02
5.012043e-01
2.034841e-03
4.777331e-02
1.128616e-04
1.846494e-02
2.663053e-03
3.349501e-06
1.719252e-01
2.177927e-02
6.952773e-04
7.424464e-02
2.204522e-02
1.717921e-02
2.001332e-02
6.489137e-03
3.646840e-03
4.758486e-05
1.096603e-01
6.487841e-02
1.071925e-02
1.801715e-03
1.881209e-01
6.004208e-02
1.527492e-02
1.928281e-02
1.755543e-01
6.651461e-04
2.567367e-04
1.090259e-04
2.019468e-02
2.005155e-01
5.238194e-03
2.931589e-02
2.654839e-02
2.667375e-02
3.564203e-02
5.885647e-02
2.247742e-02
8.492992e-03
2.550488e-02
3.173751e-02
2.342312e-03
3.738355e-02
2.650624e-03
9.406564e-02
4.246850e-02
1.416220e-02
2.274467e-02
8.301816e-02
8.239504e-02
3.228151e-02
5.215933e-03
1.889479e-04
1.204347e-01
1.310820e-01
9.166286e-03
1.522095e-01
1.345652e-01
4.034684e-02
1.375616e-01
2.297659e-02
9.901900e-02
7.247174e-02
1.726978e-02
1.932800e-02
1.418397e-02
8.630936e-02
2.485156e-02
3.514800e-02
1.167597e-01
3.075628e-02
8.700106e-02
1.255725e-01
1.271611e-02
1.616077e-02
7.450171e-02
2.117571e-01
8.812988e-02
6.131063e-03
3.112794e-04
1.177538e-01
9.880995e-05
8.433579e-02
2.753130e-03
2.710833e-02
5.593871e-03
6.396952e-04
2.187795e-02
1.186359e-02
1.826896e-02
4.179695e-03
9.584011e-03
2.567440e-01
5.549292e-02
2.676812e-01
1.021872e-02
1.986961e-01
1.954062e-01
9.871877e-03
2.856473e-02
6.207789e-05
4.053409e-03
5.160396e-03
4.160483e-03
1.226053e-04
1.579721e-02
1.655938e-01
9.847390e-02
2.984469e-02
9.977086e-02
1.098380e-01
1.036091e-01
5.028951e-02
2.203642e-03
8.849957e-03
3.195609e-02
5.638228e-04
1.641791e-03
3.646948e-05
2.494044e-02
1.176396e-01
2.185076e-01
3.838330e-02
1.362535e-01
8.139095e-03
5.563187e-05
3.030229e-03
2.062207e-03
3.811074e-02
8.044872e-03
2.255447e-01
2.115791e-02
9.110725e-03
9.016593e-03
2.300569e-03
5.413527e-02
7.840954e-02
1.070897e-01
4.298593e-04
1.325666e-02
8.863632e-02
2.820095e-03
7.563064e-02
2.585983e-02
1.886400e-03
1.536497e-02
2.836604e-01
3.278694e-05
5.863635e-01
1.740239e-01
1.874860e-02
4.805944e-02
4.827031e-03
5.177913e-02
7.543259e-02
4.429115e-01
6.898156e-01
2.139011e-02
6.720172e-02
1.104509e-01
8.215170e-04
2.491962e-01
5.303840e-02
8.465798e-02
8.623313e-02
5.649176e-03
3.810035e-02
1.059625e-02
1.107680e-02
4.638351e-03
8.073731e-03
7.835714e-02
1.515335e-03
3.079607e-02
4.678206e-02
6.643704e-02
9.307834e-02
1.589814e-01
2.219851e-02
8.037179e-05
1.157473e-01
8.387448e-03
3.280310e-03
6.446047e-02
3.292513e-02
8.209470e-02
4.751629e-02
5.413525e-02
4.434508e-02
3.023974e-03
2.370689e-02
1.106940e-02
8.473306e-03
7.384411e-04
8.563632e-04
2.327718e-01
1.116372e-01
2.201423e-02
2.032677e-01
5.569761e-02
5.849319e-02
3.990574e-02
2.224410e-03
4.330844e-02
3.225763e-02
6.436853e-01
3.954074e-04
3.376832e-05
2.599201e-05
5.658159e-02
3.740735e-02
1.890078e-01
4.917289e-02
3.251580e-03
8.076467e-02
3.908107e-03
9.068471e-03
2.991195e-02
3.241055e-05
6.401877e-02
7.050325e-03
1.779036e-01
6.989047e-02
4.548413e-03
3.006523e-01
1.559964e-02
5.240046e-02
3.908663e-02
9.591242e-04
1.712519e-01
7.585803e-02
1.305539e-02
4.488002e-02
4.486308e-02
2.798586e-02
7.865305e-02
4.749103e-02
8.247862e-04
1.642200e-03
1.204676e-02
1.039252e-02
4.246131e-02
5.360213e-03
8.699583e-02
1.230657e-01
2.696063e-04
2.585417e-03
1.939636e-05
1.010610e-01
1.856415e-02
4.922547e-04
1.488230e-03
2.108058e-02
3.397267e-02
1.050043e-02
1.397261e-01
4.795497e-02
5.964983e-02
9.372498e-02
6.407082e-02
1.052214e-02
1.934380e-04
8.213173e-02
2.424380e-02
1.089016e-03
5.559062e-02
4.603372e-02
2.381285e-03
2.099988e-01
1.795163e-06
1.337980e-02
2.735502e-02
1.497716e-02
7.633242e-02
9.739149e-03
9.450281e-02
1.183177e-01
1.681458e-02
1.428669e-03
2.445497e-03
6.081321e-02
6.797600e-02
8.966356e-05
9.467091e-03
1.000672e-01
1.084277e-01
6.470544e-03
1.565554e-04
3.439382e-01
5.256530e-02
1.396806e-04
2.890872e-01
1.085907e-02
3.441934e-02
1.898840e-03
1.477296e-01
4.634955e-02
4.412231e-03
3.669972e-02
3.605453e-03
2.110506e-02
3.490848e-02
1.334177e-03
4.382837e-01
1.046350e-01
2.699472e-01
1.214592e-01
3.171890e-02
1.295504e-01
7.212746e-03
7.137957e-02
2.330058e-01
7.185652e-03
7.999471e-02
2.171078e-02
4.420222e-02
5.831617e-03
8.206804e-02
7.640160e-02
3.640615e-02
1.074246e-02
1.074847e-02
3.005628e-02
1.568960e-01
1.251978e-03
4.017012e-02
2.487783e-04
1.225290e-01
2.712408e-03
1.600928e-01
3.664258e-02
9.367274e-04
5.118509e-01
5.320900e-02
7.962474e-03
1.151020e-01
5.931547e-05
1.151947e-02
5.905777e-02
7.447243e-02
1.623797e-01
2.686325e-02
1.027222e-04
1.659256e-02
6.539436e-04
1.309610e-03
4.247877e-02
3.519221e-02
5.321604e-02
4.873006e-02
1.485521e-01
1.153805e-01
2.121557e-02
5.688390e-02
5.154699e-04
1.016258e-01
2.136676e-02
2.209561e-01
5.680415e-02
3.956573e-02
6.150911e-01
5.838006e-01
1.068320e-02
4.808269e-03
5.255083e-02
2.815429e-04
5.814965e-03
2.220772e-02
1.643614e-01
6.882620e-05
5.523094e-02
2.046136e-03
9.724470e-06
2.789547e-02
1.015689e-02
1.636905e-03
4.316318e-02
7.400200e-02
7.358341e-04
1.453072e-01
1.869603e-03
1.440944e-01
5.675913e-04
4.650896e-03
2.417972e-01
1.156357e-01
2.984863e-03
6.628659e-03
1.595392e-02
4.500868e-02
9.000885e-03
3.636505e-02
5.796662e-02
1.949682e-02
6.220160e-03
5.748192e-03
8.790070e-01
2.301145e-01
4.972292e-04
2.364878e-02
3.886659e-02
2.213159e-02
1.883988e-02
3.973854e-02
3.335946e-03
5.619466e-02
3.514162e-02
2.221667e-04
5.437292e-02
1.217985e-03
7.355763e-02
6.635586e-02
5.841322e-03
5.154608e-04
1.249843e-01
1.601427e-02
3.572953e-02
1.350643e-01
3.660517e-02
2.124972e-02
7.979790e-02
1.902924e-03
9.182787e-02
7.074053e-03
5.437158e-02
5.932188e-03
3.124087e-02
2.119519e-02
1.211344e-01
1.256698e-01
2.229000e-02
1.997729e-01
5.244920e-03
5.379962e-03
2.949945e-03
2.023338e-02
6.869629e-02
1.614097e-01
2.691490e-02
2.398347e-01
1.855344e-03
5.125733e-02
1.965491e-01
5.392965e-02
6.264451e-03
1.398499e-03
5.901619e-04
1.606430e-02
2.278281e-02
3.099005e-03
5.629475e-02
1.958288e-02
1.712358e-02
1.025978e-01
1.059810e-01
5.357976e-02
5.178665e-04
1.006214e-01
2.389035e-02
4.569170e-02
3.998845e-02
1.919844e-02
2.393092e-03
2.180525e-04
5.226702e-02
2.294875e-03
5.104702e-03
4.902359e-02
1.396276e-02
1.336894e-01
1.607211e-02
1.896073e-02
1.558971e-02
5.710111e-05
8.628889e-03
9.921909e-02
1.152403e-02
9.000731e-02
2.925838e-02
8.580695e-02
6.419500e-03
2.457168e-01
4.889040e-03
