8.299441e-04
1.231125e-01
1.865288e-02
6.951470e-02
5.589286e-02
3.170795e-02
1.926214e-02
4.801204e-02
9.731053e-02
5.017785e-02
1.319303e-01
1.207508e-02
4.068866e-03
4.557220e-02
1.730797e-01
3.245545e-02
3.513796e-03
2.029997e-01
1.599866e-01
2.202545e-02
1.466039e-02
1.455094e-01
4.337929e-02
2.147549e-02
1.561777e-02
3.936359e-02
3.585841e-02
5.299600e-02
2.248725e-01
1.707096e-02
6.194776e-02
2.842532e-02
1.341654e-01
8.253382e-02
8.948648e-02
9.710075e-03
1.663117e-01
2.983491e-02
4.373079e-03
3.036343e-03
2.122128e-03
5.854546e-02
2.690601e-03
9.707477e-04
1.755439e-02
7.049642e-02
9.518705e-03
6.532753e-02
3.407981e-02
3.542026e-01
3.939021e-02
5.597570e-02
3.517283e-04
1.616611e-02
1.256220e-02
1.600709e-02
4.301032e-02
1.240045e-03
1.282153e-01
3.433772e-02
2.046412e-01
6.363903e-04
8.560718e-03
1.177914e-02
2.637271e-01
1.206493e-02
3.585581e-02
3.403995e-02
2.532245e-06
4.514980e-05
7.258562e-03
3.959049e-02
1.964155e-02
6.477629e-04
1.561489e-03
2.238707e-02
1.262242e-02
2.010956e-01
8.224045e-02
9.075691e-02
3.694789e-02
1.257006e-02
1.058636e-01
3.905538e-01
1.678245e-01
1.351362e-05
1.212988e-01
6.952238e-02
9.131882e-03
6.446097e-05
2.258407e-02
6.684702e-03
2.104120e-02
2.664809e-03
1.029012e-01
5.070371e-03
7.593971e-02
6.016450e-02
8.882283e-03
1.598621e-04
2.500133e-02
6.523719e-02
2.998816e-01
4.351732e-03
6.025499e-02
1.509133e-02
1.524224e-02
2.501912e-02
1.722630e-05
6.847057e-02
3.233598e-03
7.962406e-02
2.508692e-02
7.690573e-03
2.047059e-02
1.214493e-01
1.338731e-01
1.373592e-01
2.561659e-03
1.268342e-02
1.303395e-01
1.942325e-01
8.111940e-02
1.237450e-05
1.328712e-01
9.472831e-04
3.381756e-03
5.604204e-04
1.187623e-01
1.688431e-03
2.958663e-03
2.071923e-04
1.353307e-02
6.429742e-02
1.451909e-03
1.158418e-02
3.639542e-01
1.815998e-04
2.244945e-03
4.761424e-03
2.864769e-02
2.040906e-02
1.438422e-03
1.344102e-01
1.139110e-04
7.524752e-03
4.493105e-02
6.824275e-03
2.024156e-03
3.268552e-02
4.205098e-02
8.095202e-02
1.254764e-02
3.748245e-02
8.985366e-03
6.159127e-02
1.570850e-02
6.528991e-03
1.606177e-02
5.191020e-02
9.113646e-02
3.654058e-03
3.800808e-01
4.707459e-02
2.678214e-02
1.716942e-02
1.370007e-01
1.972429e-02
8.091957e-02
8.513756e-02
5.156105e-03
2.613206e-06
3.424040e-02
5.283266e-02
1.899693e-01
4.362081e-02
6.327589e-02
1.441684e-01
2.969355e-03
3.590329e-02
2.554376e-03
2.014619e-02
5.026446e-02
7.489248e-02
4.546847e-02
3.368632e-03
2.714708e-02
1.480270e-02
2.432805e-02
3.067871e-02
2.072107e-02
4.291422e-03
3.880116e-02
5.333965e-02
1.855726e-02
6.452246e-02
9.755959e-03
6.349611e-03
5.510334e-03
1.539669e-04
1.653072e-03
7.236835e-02
1.273596e-02
5.334930e-01
2.245878e-02
1.638643e-01
9.892093e-02
2.010728e-02
2.178086e-02
8.626688e-02
9.395063e-02
5.206685e-02
1.859129e-02
2.102831e-05
6.418732e-03
1.483216e-02
4.097809e-03
2.355473e-02
1.156800e-01
2.021585e-02
2.177441e-04
3.045064e-02
1.965542e-02
1.916084e-01
3.809504e-03
6.427746e-04
3.341919e-03
7.024277e-03
2.565011e-02
9.547701e-03
2.302480e-02
1.100346e-06
1.504619e-04
2.010292e-03
8.239321e-03
4.096540e-02
1.061555e-01
3.547124e-03
1.354523e-02
1.976299e-02
3.666064e-05
8.143589e-02
2.032440e-02
5.593746e-02
1.628667e-01
4.951665e-03
5.308430e-04
1.221303e-01
1.544962e-03
1.489741e-02
2.828506e-04
2.413227e-02
2.951791e-02
1.088272e-01
8.044488e-02
2.240719e-02
1.720508e-02
8.433652e-04
6.278835e-02
2.162962e-05
5.757536e-01
7.219916e-02
1.165191e-02
1.373671e-01
7.104177e-03
2.932898e-02
6.697547e-02
6.441033e-03
4.256291e-02
6.443254e-03
9.510298e-03
2.535417e-02
9.033429e-07
1.124173e-01
4.258259e-02
3.297416e-05
2.300813e-02
6.724033e-02
3.506928e-04
1.626358e-02
5.141028e-02
2.072710e-03
2.212834e-02
5.599182e-02
1.540647e-01
1.402410e-01
6.955630e-03
2.380932e-02
1.538823e-02
1.456854e-02
7.560368e-03
1.330792e-04
1.267229e-01
9.745155e-02
9.109996e-02
4.935452e-02
1.416419e-01
7.314542e-02
9.410642e-02
4.680490e-02
4.462643e-03
8.881152e-03
2.622009e-05
4.937972e-01
5.953458e-02
6.667940e-02
5.880138e-03
1.815810e-09
1.575233e-02
5.280131e-02
8.415641e-04
6.637244e-02
7.301373e-02
1.871770e-02
3.985607e-01
1.715414e-03
3.579170e-03
1.029093e-01
7.115995e-02
2.649544e-01
2.796468e-04
5.559651e-03
1.470188e-02
2.947335e-02
5.728546e-03
8.165389e-02
5.194326e-02
3.591619e-02
1.831874e-02
1.609122e-02
2.281491e-02
5.318716e-04
1.842933e-03
7.941358e-02
1.424270e-02
1.101538e-01
4.197080e-04
1.177852e-01
6.660762e-02
7.797345e-03
6.155429e-04
1.744709e-05
1.287065e-01
4.689017e-02
4.848688e-03
7.873720e-02
8.167384e-02
2.351354e-01
7.525783e-02
1.027212e-02
1.279780e-02
5.135651e-03
9.832035e-08
5.008391e-04
4.107539e-02
5.637882e-02
1.328696e-02
1.448683e-02
3.021228e-02
1.169126e-02
2.801594e-03
5.454964e-03
1.321535e-01
2.756417e-03
1.277885e-02
2.571200e-02
5.270932e-02
4.864058e-02
2.031654e-04
1.999512e-03
4.840739e-04
2.431894e-02
3.997143e-02
1.512338e-01
3.070963e-02
4.326209e-04
9.752382e-05
2.488926e-03
6.137014e-03
6.670817e-02
1.281096e-02
5.859571e-05
7.937142e-03
3.452850e-03
2.664742e-02
9.688629e-03
1.838189e-01
3.606639e-04
3.222314e-02
5.493279e-02
6.618522e-02
1.422008e-02
8.075194e-02
1.878397e-03
3.794548e-02
3.170081e-02
6.132167e-02
2.981598e-04
3.691716e-03
1.780772e-01
1.031966e-02
1.244975e-02
1.691673e-03
3.108945e-02
2.466398e-01
1.817264e-01
4.716344e-04
1.040800e-01
4.691707e-03
2.615527e-02
7.118152e-04
6.317542e-02
6.023879e-03
8.766125e-04
2.349463e-01
1.666705e-02
1.474798e-04
7.119498e-02
9.226757e-03
3.621751e-04
2.632143e-02
3.369521e-03
2.177267e-03
1.835817e-02
1.439290e-03
3.913594e-04
1.833233e-02
1.630659e-01
4.073627e-02
1.892038e-02
5.872239e-04
1.369105e-01
1.671919e-02
5.170620e-02
6.675839e-02
1.302109e-01
2.544986e-03
6.414526e-02
3.809614e-02
3.717360e-03
2.503206e-03
1.683887e-03
4.132664e-02
9.748026e-02
6.238020e-03
1.543353e-01
1.679486e-03
1.051692e-01
2.082053e-01
9.690707e-02
3.338275e-04
3.096029e-05
1.235792e-05
5.058330e-07
2.959574e-03
7.167116e-02
4.824831e-03
1.282699e-01
2.121354e-02
1.206455e-01
2.604946e-02
3.946568e-02
6.513538e-02
5.669654e-04
4.450044e-03
2.562662e-02
2.985163e-01
2.066023e-02
7.056738e-02
1.225219e-02
8.869716e-03
5.481435e-01
1.674328e-02
1.521048e-02
4.150122e-02
3.461411e-01
2.763707e-02
1.496531e-03
7.880783e-02
3.224947e-03
6.975450e-03
2.370019e-02
6.596927e-03
1.019836e-03
1.458695e-01
6.596530e-02
1.681049e-03
2.540128e-02
7.653198e-04
2.195179e-03
1.645855e-01
2.002032e-01
5.143220e-02
5.325041e-02
1.747398e-02
1.736934e-01
5.351172e-03
1.335006e-01
3.243799e-02
1.598809e-01
7.392488e-03
8.067884e-02
6.653492e-03
2.160648e-02
2.285429e-04
1.304506e-02
4.967159e-03
6.878580e-02
3.039483e-02
2.039865e-01
1.217865e-02
4.838388e-04
4.145304e-04
1.077256e-01
3.583528e-03
7.419215e-03
3.027040e-02
8.579273e-02
1.880168e-01
5.295491e-03
3.830080e-02
1.838086e-02
1.100333e-03
1.308515e-01
6.808407e-02
1.794946e-01
5.999294e-02
9.547139e-02
6.972220e-04
9.212721e-02
5.872489e-02
3.302741e-01
5.691215e-02
4.425768e-03
1.142619e-03
9.592301e-03
4.191046e-04
3.167933e-02
1.871789e-02
1.144378e-02
2.339980e-01
1.501978e-02
7.752837e-02
4.132848e-05
2.222223e-02
1.034904e-02
4.889289e-02
1.106575e-02
3.583428e-02
4.346529e-03
1.071910e-02
3.317300e-02
2.027633e-02
4.832074e-02
4.344094e-02
4.724147e-03
1.059977e-02
6.506146e-03
3.203194e-02
6.566851e-04
8.223440e-03
1.329418e-01
4.104752e-02
7.454595e-02
1.364779e-01
5.167878e-02
3.349428e-01
9.211363e-02
6.568306e-03
2.039197e-02
6.213239e-02
1.297810e-04
5.409545e-02
6.001684e-02
8.656895e-04
1.386525e-01
8.674869e-02
3.276131e-03
2.449937e-02
5.204178e-03
1.651715e-02
1.696814e-01
3.656998e-02
2.484540e-02
5.355299e-02
3.867256e-03
4.598932e-02
6.083256e-02
1.130093e-01
1.185169e-02
3.560816e-02
9.208158e-03
1.227811e-01
4.587127e-03
