8.334788e-02
8.080437e-02
1.032021e-02
2.209490e-02
1.269113e-02
6.461177e-02
2.028718e-02
1.345112e-02
4.379011e-02
2.537038e-05
9.953432e-03
2.115713e-02
3.194093e-02
5.631763e-02
7.752719e-03
2.254068e-03
5.672053e-02
1.999532e-04
5.148370e-03
9.374851e-02
1.449555e-01
7.545225e-03
4.936704e-04
2.899447e-03
7.533531e-02
3.110752e-02
2.545421e-01
1.073604e-01
3.570111e-01
5.864096e-02
3.100838e-02
1.219731e-02
7.773916e-03
2.102569e-03
1.381422e-01
1.564949e-02
1.260192e-01
6.322522e-02
1.102450e-01
1.948821e-02
5.422264e-02
1.870233e-03
1.600218e-02
1.257743e-01
2.201428e-03
1.446781e-02
6.327643e-02
3.117958e-02
4.972806e-02
1.025572e-03
3.186014e-02
9.727071e-03
4.167256e-02
3.271233e-02
4.015943e-02
4.124634e-03
5.413231e-03
2.172040e-05
1.999268e-02
1.716449e-01
7.094450e-02
1.425132e-01
4.755871e-02
2.034158e-03
2.147553e-01
8.779818e-04
1.595449e-02
1.747420e-02
4.293420e-02
8.010209e-04
3.060995e-03
1.120281e-02
9.231846e-03
5.423413e-02
1.268888e-01
3.083953e-02
1.800370e-04
2.695856e-03
4.490950e-03
3.456223e-03
6.418571e-02
7.798513e-03
8.307437e-02
1.140863e-02
2.844954e-02
3.088356e-03
1.329301e-02
3.680074e-02
4.016408e-01
3.145382e-02
1.286765e-01
5.951805e-02
2.759273e-02
9.480011e-03
3.105220e-05
3.208382e-02
5.023377e-02
2.027984e-04
1.628329e-01
1.777909e-01
2.525029e-02
1.957695e-02
1.041717e-01
6.269394e-03
2.251902e-01
2.015030e-02
7.282291e-03
2.607042e-03
7.290899e-05
1.807540e-01
2.021441e-02
1.079973e-01
2.543131e-02
7.882905e-05
5.048740e-03
8.437137e-05
3.772195e-02
1.162101e-01
2.674119e-03
3.346354e-02
9.480892e-07
7.383216e-02
1.012606e-01
9.708697e-03
7.914068e-04
3.987584e-03
4.024245e-02
4.589760e-03
1.920354e-02
1.115371e-02
4.959839e-02
1.036187e-03
1.087045e-02
3.562849e-02
1.067302e-01
5.650912e-02
8.418174e-02
8.522354e-02
2.163367e-02
1.940630e-04
3.645462e-03
7.302353e-05
2.476829e-02
4.998551e-02
2.064412e-04
1.561686e-05
2.931669e-02
1.953715e-02
1.117235e-02
2.395831e-02
7.900031e-02
4.419992e-05
3.396066e-02
2.839384e-02
1.373234e-01
2.452909e-02
2.047675e-02
9.530311e-02
1.488474e-02
4.630081e-01
4.614669e-02
3.876743e-02
1.285809e-02
7.405668e-02
1.095045e-01
3.825089e-01
3.140353e-02
1.079793e-02
3.130133e-06
5.543681e-02
3.862601e-02
2.327607e-03
1.841846e-04
9.877309e-04
1.022946e-01
8.657769e-02
9.437210e-02
7.537914e-02
1.150525e-01
5.370342e-02
3.538988e-02
1.130106e-04
7.660048e-02
9.496183e-05
2.607094e-02
5.450002e-03
8.359378e-04
5.361629e-03
9.574442e-02
1.932718e-02
2.246597e-02
5.770992e-02
1.894835e-02
1.324393e-03
2.382516e-02
4.477307e-03
1.392913e-02
8.368719e-02
2.286231e-04
4.076134e-02
5.134998e-02
8.354122e-03
1.605782e-01
5.247666e-03
4.426433e-02
1.405148e-01
1.479606e-02
2.647907e-02
5.419538e-02
5.028641e-02
1.807410e-01
9.574113e-02
9.738458e-02
1.888640e-01
9.824098e-02
3.960335e-03
1.429217e-01
1.077855e-05
3.597049e-02
7.370166e-03
1.880642e-03
2.085039e-04
1.684205e-01
1.973670e-01
2.070586e-03
1.455265e-01
5.484687e-02
1.136790e-01
5.966184e-04
1.017137e-02
9.187773e-04
1.839374e-01
1.931089e-03
1.522923e-02
2.441620e-02
8.835890e-02
7.932383e-03
1.874280e-02
1.471340e-05
1.165198e-02
1.929620e-02
9.761931e-05
1.141186e+00
1.645597e-02
1.027737e-04
1.089628e-01
1.034144e-02
4.259313e-03
3.680841e-02
1.080399e-03
5.326334e-04
1.434053e-01
4.482766e-03
1.384512e-01
1.880539e-02
7.244612e-04
1.324370e-02
3.093417e-04
2.493860e-04
1.196087e-03
8.091913e-04
6.975654e-02
1.153724e-01
1.138926e-02
1.281867e-02
8.201088e-02
1.754903e-01
2.621081e-02
6.365666e-04
2.689627e-03
1.462598e-04
4.131576e-02
4.544953e-02
1.167455e-01
8.129122e-02
3.253511e-01
1.876962e-01
2.878516e-03
1.111810e-01
1.139489e-02
1.221373e-02
2.106772e-03
1.975144e-01
5.478702e-03
1.619824e-03
4.346265e-03
5.069621e-02
6.472840e-04
6.726112e-03
1.170967e-01
5.893441e-02
5.781503e-03
2.525976e-02
2.442698e-02
1.267386e-01
3.188061e-02
4.227015e-02
1.070068e-01
5.351630e-03
8.677113e-02
9.179342e-02
4.337757e-02
4.248462e-02
4.425960e-03
2.419129e-02
4.153511e-03
1.271209e-03
1.094921e-02
7.746830e-04
2.778014e-04
1.058150e-03
9.187248e-02
7.505150e-02
3.903273e-03
2.583948e-02
2.167401e-03
1.488021e-02
1.283723e-03
4.300100e-02
1.700146e-03
4.123418e-03
2.451165e-03
3.769833e-02
8.682776e-03
8.190922e-03
1.606732e-02
1.581827e-02
2.344891e-02
9.779725e-04
4.682215e-03
1.989138e-02
4.103512e-03
1.065330e-01
5.188694e-05
2.780829e-02
2.363757e-03
3.801362e-02
2.329741e-01
5.972605e-03
3.335345e-03
2.722959e-02
3.161074e-02
2.195350e-01
1.680596e-02
2.942420e-01
1.494227e-01
5.046671e-03
1.824291e-02
1.714232e-02
1.302750e-02
1.562910e-03
8.220191e-03
8.054167e-02
7.476435e-03
2.948088e-02
8.245348e-04
3.280882e-03
1.784033e-02
6.442558e-05
3.529162e-03
8.686607e-03
4.082060e-03
2.408913e-02
3.711428e-02
4.399326e-02
8.387820e-03
7.503398e-02
2.067542e-04
2.699077e-02
1.053522e-02
5.760576e-03
2.208112e-01
4.253470e-04
2.463967e-04
1.273940e-01
1.973891e-02
2.312109e-02
2.392855e-02
2.445503e-01
2.378017e-02
4.209436e-02
8.744074e-02
9.870824e-03
2.081247e-03
1.411107e-01
2.865835e-03
3.709991e-03
5.334761e-03
2.160963e-03
3.332066e-02
2.792756e-02
7.799143e-05
3.154459e-02
7.665629e-02
1.830120e-01
1.269639e-01
1.277663e-02
2.619617e-02
4.861221e-02
4.270853e-02
5.408527e-02
6.875868e-03
4.841538e-03
1.359738e-02
2.644581e-01
8.511582e-02
2.616396e-05
2.827450e-02
1.203344e-03
4.091269e-02
1.472632e-01
7.961199e-03
3.543549e-04
6.182604e-03
1.248538e-02
6.794668e-02
1.346483e-03
2.384906e-02
2.548163e-03
3.571528e-05
1.020045e-03
2.351893e-03
2.355074e-05
1.824488e-03
5.571349e-02
1.499137e-02
7.054453e-04
8.956588e-03
3.639423e-03
9.032254e-03
4.925992e-03
1.931455e-01
1.348437e-05
9.901012e-04
1.012874e-02
1.026658e-03
3.255132e-01
1.924652e-02
5.697241e-03
1.552080e-03
7.477100e-07
8.936681e-02
1.077605e-03
1.394047e-02
8.689458e-03
2.117683e-03
4.376631e-02
6.223759e-02
8.414035e-02
1.447300e-03
7.939774e-04
4.291829e-03
3.481181e-01
2.129783e-03
2.839568e-06
1.484297e-02
1.138457e-02
1.062418e-02
1.222422e-02
1.303203e-02
3.233927e-03
1.916903e-02
9.467284e-02
2.297187e-03
7.869516e-05
1.861003e-02
4.644168e-02
3.414744e-02
9.559968e-02
7.849863e-02
3.190976e-02
1.730766e+00
1.258269e-01
2.358419e-03
3.728376e-02
1.048879e-01
6.665712e-04
1.342433e-03
7.247247e-02
8.501606e-02
2.717513e-02
1.309153e-02
6.360215e-02
2.049608e-02
3.389504e-02
2.594066e-02
2.162973e-02
1.215143e-03
3.921121e-02
1.479724e-03
1.311422e-01
2.801290e-02
2.835953e-03
4.627884e-02
2.963662e-03
6.339379e-02
1.457266e-02
1.080493e-02
9.063048e-05
2.719800e-01
5.855244e-05
1.956516e-02
3.019224e-01
1.230421e-02
9.390702e-03
5.664119e-02
3.337369e-03
1.133892e+00
1.296309e-02
2.253826e-02
4.180701e-02
1.707340e-01
1.355728e-02
5.108809e-03
7.994071e-03
5.909620e-02
6.037519e-03
2.128328e-02
7.689131e-02
3.468996e-01
6.809120e-03
1.115569e-02
1.247925e-01
1.418651e-02
1.209454e-01
6.508054e-02
1.187702e-02
1.635854e-01
6.400652e-02
7.084665e-02
7.471978e-03
5.264580e-03
6.188477e-02
1.285079e-02
8.637019e-02
7.343445e-05
2.517194e-02
8.439523e-03
9.185117e-04
1.565306e-01
4.359647e-01
2.530204e-02
2.703487e-02
1.913964e-02
1.010609e-01
1.914400e-02
9.664509e-03
1.420765e-03
2.255802e-02
2.245856e-02
7.364522e-02
6.767012e-02
7.019513e-03
2.113838e-02
8.173090e-02
7.527468e-03
1.654327e-02
4.810994e-02
4.025763e-03
2.126549e-02
3.919874e-01
9.468124e-02
1.198603e-03
2.271891e-01
4.184910e-03
1.058070e-01
1.962574e-02
1.031737e-01
4.766526e-02
4.312965e-02
4.898546e-03
1.695557e-01
2.723937e-02
4.616112e-04
1.051324e-01
7.342328e-02
2.754085e-02
7.170004e-02
1.684949e-02
1.044157e-01
2.443884e-01
6.623637e-02
4.451491e-02
1.021287e-03
1.526237e-01
2.807796e-01
3.070596e-04
7.107242e-02
2.582983e-02
5.539253e-02
7.988843e-04
2.028072e-02
6.722919e-02
7.943418e-03
