9.434702e-02
1.323067e-02
9.104015e-03
6.730034e-02
1.206832e-02
7.700005e-02
1.144890e-02
1.793274e-02
4.275618e-02
3.855734e-02
7.811156e-03
1.801689e-02
1.452848e-01
8.299925e-02
6.804804e-05
6.059284e-03
3.730193e-02
1.192381e-02
1.204310e-01
1.396510e-01
2.584280e-02
2.383596e-03
1.814161e-02
7.299553e-02
2.438482e-02
1.344480e-01
5.474204e-04
8.728185e-02
1.368282e-01
3.325239e-04
3.643923e-03
4.905821e-02
5.157831e-02
5.470673e-02
2.481766e-01
8.739902e-02
2.085909e-01
3.831232e-03
1.770104e-02
1.796444e-02
8.310648e-03
1.941607e-03
1.159455e-03
1.652905e-01
1.399875e-02
3.992768e-03
5.842470e-03
1.011856e-02
3.676433e-05
4.443710e-01
2.585544e-03
5.945026e-04
2.109069e-02
1.796795e-02
7.454634e-02
1.327614e-03
3.988136e-05
1.054581e-02
2.174517e-02
2.071411e-02
2.427033e-01
1.397041e-01
7.282458e-02
1.385434e-01
5.653897e-02
6.847519e-03
2.122734e-01
1.783560e-02
9.622885e-02
1.599328e-03
9.373396e-02
1.430418e-03
3.116092e-02
8.680586e-02
5.591525e-02
1.973190e-01
1.875620e-03
9.922115e-03
1.930414e-03
4.766338e-03
2.729009e-02
1.333797e-02
8.966267e-04
2.241075e-02
3.019384e-02
1.458771e-01
6.247742e-02
7.400431e-02
3.139406e-03
9.816314e-02
1.284369e-01
1.640861e-02
9.992664e-02
1.083736e-01
3.782310e-04
2.052006e-03
8.315392e-03
2.775651e-04
3.479022e-01
7.221186e-02
5.232930e-02
1.724750e-01
1.265708e-01
1.863429e-02
1.949140e-01
3.064913e-04
8.707487e-02
9.499434e-05
9.500263e-03
1.324108e-03
1.173971e-01
1.376493e-02
9.744484e-03
6.369914e-02
6.926598e-03
3.216606e-01
2.307204e-02
5.750422e-02
1.923540e-03
2.933118e-02
1.055886e-02
5.969967e-04
2.782769e-01
5.462652e-02
8.359754e-02
1.174948e-01
2.460853e-01
2.508207e-02
1.743208e-04
1.409136e-02
5.233230e-02
8.912517e-03
1.093806e-02
8.234239e-02
3.890561e-02
1.125109e-01
2.510196e-02
5.086798e-04
8.712654e-02
1.437741e-03
2.107140e-02
3.821217e-03
4.855370e-03
9.326769e-02
1.224164e-01
7.242993e-02
8.860923e-02
2.019833e-01
8.446329e-04
4.693898e-02
1.114592e-01
9.129879e-02
5.332432e-05
1.201188e-01
9.324648e-04
2.363436e-02
4.893809e-02
1.690677e-01
2.296679e-02
4.932511e-02
6.945264e-02
2.797505e-04
3.108375e-03
1.333908e-01
8.161135e-02
1.084692e-02
7.408393e-02
3.468371e-03
1.030972e-04
4.465660e-02
4.069820e-02
2.294945e-02
1.270672e-02
1.038129e-02
9.124211e-02
2.521433e-02
5.586489e-02
1.382918e-01
9.015230e-02
6.899213e-02
4.520400e-03
5.955739e-02
7.895081e-02
3.833793e-02
2.116552e-02
3.439651e-02
2.343452e-04
4.133234e-03
2.330641e-02
2.051320e-02
1.622486e-02
7.795961e-02
8.435344e-03
1.320011e-01
5.205373e-02
7.304875e-02
3.214874e-02
6.957042e-02
5.643650e-04
2.109543e-02
8.213697e-02
5.132824e-02
4.070752e-02
3.921296e-04
2.045105e-02
5.733862e-02
5.707712e-03
3.656547e-03
1.949066e-01
9.176133e-02
1.314484e-01
1.134470e-01
3.952303e-02
9.398086e-02
6.553927e-03
3.024411e-02
8.053579e-02
1.154837e-02
8.890221e-03
1.834968e-02
5.582452e-02
1.991993e-04
2.037559e-03
2.519130e-03
3.728112e-02
3.851381e-03
1.166618e-02
1.400168e-02
2.438131e-02
4.563069e-02
4.392598e-02
1.040940e-02
1.204498e-02
2.310581e-02
1.149730e-03
1.546992e-02
1.384119e-03
2.166497e-02
1.118225e-01
4.031585e-02
3.197903e-03
4.214457e-02
3.626177e-02
3.929094e-03
1.226558e-02
1.539381e-01
1.660805e-03
1.740319e-04
3.044047e-03
2.424934e-02
1.243633e-02
6.468288e-02
1.597335e-02
2.414567e-01
2.618260e-03
4.119065e-02
4.348146e-04
8.653679e-02
8.735702e-04
1.314692e-01
1.013944e-01
9.171120e-03
2.054304e-01
1.023063e-01
1.160472e-02
3.359033e-02
1.210095e-01
8.745424e-02
6.199139e-03
1.494821e-02
7.059251e-03
6.601485e-02
1.286303e-02
5.857036e-02
1.598534e-01
1.274437e-01
2.187575e-03
3.058202e-02
2.937294e-02
4.261159e-02
8.584308e-02
2.308636e-03
4.175641e-02
1.240069e-02
1.223921e-03
3.216659e-02
3.459823e-02
8.120237e-03
5.201071e-02
2.992442e-02
2.225164e-02
6.398823e-03
6.691370e-02
9.800488e-03
1.252560e-01
3.235602e-03
3.880320e-05
7.438510e-04
2.891799e-02
2.781454e-03
5.058643e-04
4.149354e-02
1.879699e-01
7.505923e-05
1.816236e-03
8.198705e-03
7.032810e-03
1.237671e-01
4.636350e-02
1.364253e-03
1.249366e-02
4.069649e-03
4.660519e-02
2.110852e-01
8.049834e-03
1.437525e-03
2.787879e-02
9.538074e-02
1.719566e-02
5.589117e-02
8.545536e-02
1.343463e-01
4.059339e-02
8.795451e-02
5.047680e-03
2.710079e-02
5.488402e-02
1.625507e-03
2.732243e-03
5.742614e-02
9.550360e-03
5.653021e-02
1.892980e-02
1.906870e-01
1.132265e-02
6.093312e-05
2.393278e-03
2.549216e-02
1.444961e-06
3.937718e-02
9.287334e-03
2.151331e-02
6.386692e-02
7.511056e-03
1.738212e-02
1.465341e-01
5.508997e-02
4.322792e-02
1.464426e-01
7.512270e-04
2.824425e-03
3.933323e-01
3.817147e-03
6.668940e-04
2.058748e-03
5.016733e-03
1.995883e-01
4.842649e-02
1.816426e-02
1.117764e-01
1.555501e-01
1.583124e-02
7.669431e-03
8.237404e-03
1.183979e-03
4.469571e-02
5.583686e-02
1.115076e-02
1.359993e-03
1.562351e-02
5.927528e-03
1.453983e-02
5.177145e-02
1.530502e-02
7.238055e-04
9.142620e-03
5.290121e-02
1.799755e-03
7.185865e-02
8.369345e-03
1.561434e-01
1.657851e-02
1.135790e-02
4.795881e-02
5.414384e-02
2.008107e-02
3.706500e-02
8.894240e-06
1.598927e-02
2.353678e-04
1.541871e-03
7.836568e-03
9.413179e-03
1.618701e-02
8.348772e-02
3.828438e-03
1.172016e-02
1.887168e-02
8.524995e-04
5.502552e-04
1.196387e-02
1.136568e-01
6.411416e-01
4.326741e-02
4.413254e-02
2.561594e-02
1.211326e-02
3.108097e-02
9.765319e-03
3.026267e-02
1.469104e-02
6.365402e-03
2.934754e-02
1.584887e-01
8.628434e-03
4.562987e-02
5.064266e-03
1.092111e-01
7.591755e-02
1.212451e-02
4.872129e-02
4.517508e-02
4.981392e-02
1.203756e-02
2.417558e-01
8.756169e-02
2.675504e-05
5.476487e-03
8.027039e-03
6.992190e-02
5.440846e-03
1.381885e-02
3.110432e-03
7.851081e-02
3.005917e-02
3.620155e-01
3.251351e-03
4.616250e-03
3.561963e-03
1.578020e-03
8.570491e-03
2.105308e-01
3.072170e-04
1.287913e-02
9.179910e-02
1.020711e-02
6.794188e-03
3.631140e-02
3.315742e-02
1.444521e-03
4.298403e-03
4.086845e-02
1.706502e-03
7.609551e-02
1.211952e-01
9.058227e-05
1.109692e-01
1.559731e-01
2.566397e-02
7.115393e-03
1.219769e-01
4.643763e-02
3.816859e-02
1.215949e-03
8.049061e-03
8.988564e-02
1.845462e-03
7.967890e-02
1.001458e-01
3.321343e-02
8.245390e-03
2.205982e-02
9.355882e-04
9.564902e-03
4.182133e-02
1.063583e-02
2.016558e-03
4.615983e-02
1.164087e-01
7.267830e-01
1.645923e-03
1.127189e-03
2.195785e-02
4.065114e-02
2.231185e-01
1.870668e-01
2.606819e-02
8.136874e-03
3.067065e-03
1.337682e-02
8.292443e-02
1.101074e-02
2.340904e-03
2.326471e-02
3.115451e-02
1.821309e-02
5.741500e-02
9.634495e-02
3.182749e-01
8.940906e-02
3.026924e-03
2.859707e-03
7.399133e-03
1.670563e-03
3.399130e-03
1.116542e-02
1.435814e-04
1.214739e+00
1.678050e-03
7.122953e-02
7.166709e-02
4.339162e-02
8.546547e-04
2.598517e-04
2.027661e-03
1.182129e-01
2.904298e-02
1.737145e-02
9.047501e-03
1.078342e-01
5.761595e-02
2.399770e-02
3.810057e-03
1.157995e-02
1.975030e-03
6.758960e-04
4.044622e-03
5.786118e-02
2.280650e-02
3.756903e-03
2.109943e-01
1.769435e-02
2.801541e-03
2.028703e-03
2.533523e-02
1.360578e-01
1.357257e-03
4.524474e-05
4.761096e-02
5.233686e-02
5.944775e-02
2.613727e-02
1.862571e-01
5.690587e-04
2.978995e-02
9.055706e-02
9.673144e-04
3.762993e-02
4.120482e-03
6.400506e-02
3.714689e-02
9.551178e-02
1.119927e-02
3.609498e-03
2.075950e-02
2.139015e-01
2.691803e-01
7.895302e-03
1.999472e-01
4.638292e-02
9.421152e-02
1.222246e-02
6.515305e-02
4.820086e-02
6.695925e-02
4.556975e-04
2.538916e-01
1.031873e-01
1.190704e-02
1.476301e-02
7.659209e-02
8.765496e-03
4.516532e-02
2.147764e-03
2.121459e-02
3.164135e-03
4.590288e-03
1.516482e-02
1.253937e-01
3.609728e-01
7.514217e-02
5.778912e-03
1.541101e-02
1.151175e-01
4.971287e-02
3.523889e-04
3.522334e-02
6.133847e-04
4.572944e-03
8.470052e-04
3.473800e-02
1.950057e-01
5.027799e-03
2.015321e-02
