1.878711e-02
8.519516e-02
1.245991e-04
7.236237e-02
8.970396e-03
1.212961e-01
2.636982e-04
3.310225e-04
1.903390e-01
1.869155e-02
1.073535e-02
4.224459e-02
1.378561e-04
7.998362e-04
6.470902e-05
3.177406e-02
3.219391e-02
8.914607e-02
2.991097e-02
1.367945e-01
5.270585e-03
3.876299e-02
4.211493e-02
1.507882e-02
1.235704e-02
2.836680e-01
1.760323e-03
1.082526e-03
1.194109e-01
9.394042e-02
1.121145e-01
1.085523e-01
5.585970e-02
1.309968e-01
8.233526e-02
1.599997e-02
7.513322e-03
2.091247e-02
8.428933e-03
8.612645e-02
1.955198e-02
2.413305e-03
2.457535e-02
5.576230e-02
7.412083e-03
7.728910e-03
6.325543e-02
4.301483e-03
2.231067e-02
2.772156e-01
8.287424e-03
4.433694e-02
1.530451e-01
3.589647e-03
4.767290e-03
1.596915e-02
3.997229e-02
4.078573e-05
4.895991e-03
3.136243e-02
2.628425e-01
1.934497e-01
4.856199e-03
2.556616e-03
1.732809e-01
7.405511e-02
7.702994e-02
4.728112e-02
7.250421e-03
7.883659e-02
1.066196e-01
5.919928e-02
3.245317e-03
3.081729e-02
3.084201e-02
2.915055e-02
6.237463e-03
9.397586e-03
3.547001e-06
3.205213e-03
2.019742e-02
4.565982e-05
1.655701e-02
6.733770e-03
4.753004e-02
2.569424e-02
2.467751e-02
1.937340e-02
1.591841e-02
3.933939e-05
2.552249e-03
5.528116e-03
7.766348e-02
2.541435e-02
5.855729e-05
9.496831e-05
1.321985e-01
2.006107e-03
2.859668e-04
7.447678e-03
8.959121e-04
5.267333e-03
1.453211e-02
7.696571e-05
2.181397e-02
8.966492e-02
2.925595e-02
5.741286e-02
3.349938e-02
2.722564e-01
2.375172e-02
8.171335e-02
1.750150e-02
1.249800e-01
1.321497e-03
6.629370e-02
4.033633e-04
8.566432e-02
1.789148e-01
5.916459e-04
2.437247e-03
6.588440e-02
2.357971e-03
4.259426e-03
1.372524e-01
8.449299e-04
2.990558e-02
6.024961e-03
1.895273e-02
5.113091e-02
2.106520e-03
6.189833e-02
3.332754e-02
4.308034e-02
2.730337e-02
4.767009e-02
3.500713e-02
3.737247e-03
1.153331e-02
6.085632e-04
1.300840e-01
6.321714e-03
1.031368e-03
5.607878e-03
8.783598e-02
9.552497e-02
3.192938e-03
4.015863e-01
7.256918e-02
9.554964e-02
7.056487e-03
7.835086e-02
1.568765e-02
1.619323e-01
1.823061e-01
5.062558e-02
1.025113e-04
1.166879e-02
4.115502e-02
1.923302e-01
6.589394e-02
1.997792e-02
4.107186e-05
5.493712e-04
5.281745e-03
3.447357e-01
3.002063e-02
6.622826e-03
1.003470e-01
3.012838e-01
1.805814e-03
6.733010e-03
2.295377e-02
5.824658e-03
1.738851e-02
1.155102e-03
9.499956e-04
1.572165e-03
1.428861e-03
8.185348e-04
2.609874e-02
2.710619e-04
7.216282e-03
6.133905e-02
3.433437e-02
3.328905e-02
3.423237e-02
2.287732e-03
1.434812e-01
5.843358e-03
1.141513e-02
3.635186e-02
8.315234e-02
1.236960e-01
2.493587e-02
5.915629e-02
1.140143e-02
1.750724e-01
5.680432e-03
2.388789e-03
7.649861e-02
4.730634e-02
2.692241e-02
5.072270e-01
1.501849e-01
8.240795e-02
1.699787e-03
7.501126e-04
8.045985e-04
3.724391e-02
1.842342e-02
1.495405e-03
2.283722e-01
3.396705e-02
2.843651e-03
1.476453e-03
2.271797e-02
1.494593e-01
1.268712e-02
8.358001e-03
2.877205e-02
4.016694e-02
6.921247e-05
1.156234e-02
9.692535e-02
5.938140e-02
3.904076e-03
4.772850e-02
1.475370e-02
8.728898e-02
1.026283e-01
8.518369e-02
1.889999e-02
4.774490e-03
6.472033e-02
6.197612e-02
4.214812e-03
3.624013e-02
9.685335e-02
1.434985e-02
5.754473e-02
8.257676e-04
1.229947e-01
1.392501e-02
4.700873e-02
4.216428e-02
2.714160e-02
3.471966e-02
1.586355e-01
4.772985e-04
6.491784e-02
1.307192e-01
2.551377e-02
2.166908e-03
1.272977e-03
8.189257e-02
1.429525e-01
7.717034e-02
1.042456e-01
2.645937e-01
3.019526e-02
1.319523e-02
5.068039e-03
1.218300e-01
1.359414e-05
3.519099e-02
2.592995e-01
5.118010e-03
8.693325e-02
7.114322e-02
3.514674e-02
6.607085e-03
3.058122e-02
1.199783e-02
2.322515e-03
1.553747e-01
5.982556e-04
9.981594e-05
3.249974e-03
7.491276e-03
6.913499e-02
8.699476e-02
4.927086e-04
1.679238e-03
2.413141e-02
1.780584e-01
8.958642e-02
3.073933e-02
2.295071e-02
1.131137e-01
7.263739e-02
1.042494e-01
2.806233e-02
3.920675e-04
6.278709e-02
7.477662e-04
9.791366e-02
1.681440e-04
5.368600e-03
5.159088e-02
1.338829e-03
1.058711e-01
1.510250e-01
3.038469e-02
7.479622e-03
4.743678e-02
3.641180e-03
4.328892e-03
9.137609e-02
5.657812e-03
1.081580e-02
1.775290e-02
3.621594e-02
3.703119e-03
1.456342e-01
7.943150e-02
7.283763e-02
3.198103e-02
5.354413e-03
1.794049e-02
6.984419e-02
5.083349e-04
2.085091e-02
1.037502e-01
1.258666e-02
5.748288e-02
3.632756e-02
1.958103e-02
4.333188e-03
8.721564e-02
6.698883e-04
3.517464e-05
9.113150e-04
2.554655e-02
6.677492e-02
1.798171e-02
5.075647e-04
2.138991e-02
9.101121e-04
1.467564e-02
1.111724e-02
6.008098e-03
5.259296e-02
1.427567e-01
2.916693e-02
2.901628e-03
7.416742e-04
6.675267e-03
1.771233e-05
1.277619e-02
2.646802e-01
7.892263e-02
4.361222e-02
1.055679e-03
2.918934e-03
4.438896e-02
5.239492e-03
6.489619e-02
2.332720e-03
9.484712e-07
2.128584e-04
2.119277e-02
2.203355e-02
1.416180e-03
6.294872e-02
2.342229e-02
2.152575e-01
3.772284e-03
5.796400e-02
4.138068e-02
5.266677e-02
5.944062e-02
1.666792e-05
8.564870e-02
4.661182e-04
4.730743e-02
6.658958e-03
4.036946e-02
7.633928e-03
7.851998e-02
9.100828e-02
2.816550e-02
7.336710e-03
3.011589e-03
1.800813e-02
1.082649e-03
2.872215e-03
8.599868e-03
3.530384e-03
5.210560e-02
6.882822e-04
5.151965e-03
2.967007e-03
1.165558e-02
7.116845e-04
5.706195e-02
1.242049e-03
1.762363e-01
1.549784e-03
3.181009e-02
5.897626e-03
5.632932e-03
1.799254e-03
1.775612e-04
6.258632e-02
3.468844e-03
9.351794e-03
2.209269e-02
2.155836e-02
8.504266e-02
1.618823e-03
7.743833e-03
3.678726e-02
2.659429e-02
1.007037e-02
4.900589e-03
7.066880e-03
6.164381e-02
2.525856e-02
7.240534e-03
8.218846e-03
4.952479e-02
2.330630e-01
3.872987e-02
3.842695e-02
4.900568e-02
2.762975e-02
2.904718e-02
1.102565e-03
1.546241e-01
4.358909e-05
2.477064e-03
2.016974e-02
2.074603e-01
7.569294e-02
2.057150e-03
5.863536e-02
2.921724e-01
1.606664e-02
5.965562e-02
6.317518e-02
1.061953e-01
1.472047e-01
1.678409e-01
8.455952e-02
9.973102e-04
3.131634e-03
5.085099e-03
1.886934e-04
4.201536e-02
1.607952e-03
5.130851e-04
1.134949e-01
5.774841e-02
6.965504e-02
7.931114e-03
2.851348e-02
1.845464e-01
1.073462e-02
8.213862e-03
3.085037e-02
1.708525e-01
2.604681e-01
6.489910e-02
9.062344e-03
6.182712e-02
2.124538e-03
2.657279e-03
1.431754e-02
6.928568e-03
1.139795e-01
3.738790e-02
2.219097e-01
5.327606e-03
2.085558e-01
6.474319e-03
2.527574e-02
9.626279e-03
3.210112e-02
1.557171e-02
7.064153e-05
5.627129e-02
7.072352e-02
8.391069e-03
4.463636e-02
1.905668e-01
2.310945e-02
3.196060e-03
1.890559e-01
1.668042e-01
2.549297e-02
1.077417e-01
7.217489e-02
1.393490e-01
1.711961e-03
5.983475e-02
6.017219e-04
7.613854e-04
1.770329e-02
1.920574e-03
2.109381e-03
1.069630e-01
3.205390e-03
1.631825e-02
1.151219e-02
5.570980e-02
1.139654e-03
2.122777e-04
1.035118e-01
2.444723e-02
1.932424e-03
6.223948e-02
2.229875e-01
7.464644e-02
2.425377e-04
1.438001e-01
2.122999e-02
1.627664e-02
1.041573e-01
2.605805e-01
5.215587e-03
8.981034e-05
1.442146e-02
9.878229e-04
1.915580e-03
2.200000e-02
3.729965e-02
2.357286e-06
3.282305e-01
4.820439e-02
6.780839e-03
1.114708e-01
1.518601e-04
3.923469e-02
7.060303e-02
1.456916e-01
6.788556e-06
2.954774e-05
3.054029e-02
3.629802e-01
1.007214e-01
4.407029e-02
3.160886e-01
9.675972e-02
1.638268e-02
2.131960e-02
1.897453e-02
1.829024e-02
3.857891e-02
4.379741e-03
1.672408e-02
5.048288e-02
2.464737e-01
1.318507e-03
4.189591e-06
1.159418e-01
7.015383e-03
9.604837e-02
1.865529e-02
4.198587e-03
4.928581e-02
4.120713e-02
1.952364e-01
5.537748e-02
5.919904e-02
6.111775e-03
8.115783e-02
2.003684e-01
1.662999e-04
5.455039e-02
1.057479e-02
9.560944e-03
4.122833e-02
1.020063e-03
6.873012e-02
1.191122e-03
1.682165e-01
8.668966e-02
2.662674e-03
1.193606e-01
1.729580e-01
9.866446e-03
1.420124e-01
6.979235e-02
1.276514e-02
3.763171e-02
1.615192e-01
1.020553e-02
1.178491e-02
1.676178e-04
2.144865e-02
1.517253e-02
3.451739e-02
1.744484e-02
