7.040305e-02
9.408835e-02
9.661718e-02
5.619261e-02
3.882096e-03
1.003484e-02
1.212470e-01
1.622689e-02
7.052387e-02
1.782364e-02
1.966779e-01
1.519221e-01
6.974643e-03
5.791763e-03
9.819148e-04
5.294348e-03
8.453369e-06
9.721274e-04
4.560788e-04
1.306802e-01
5.557467e-02
1.979412e-02
4.049995e-04
6.770679e-02
3.080100e-02
1.113924e-01
4.052047e-02
1.318186e-01
1.738119e-02
5.179254e-02
1.682722e-01
8.114295e-03
5.781865e-03
8.692457e-03
1.250946e-04
6.236797e-03
7.625354e-02
4.493794e-02
4.506700e-02
3.094809e-05
2.285219e-03
5.498156e-03
1.397857e-02
3.053394e-02
1.235696e-02
1.008116e-03
2.966518e-02
3.817247e-02
1.913309e-01
5.721021e-04
8.230854e-02
1.183833e-01
1.836270e-02
2.636459e-03
1.103923e-02
6.458679e-03
1.527250e-02
3.120872e-02
2.839706e-02
2.105748e-01
3.769157e-02
4.726936e-03
2.698908e-02
1.020633e-01
1.163708e-02
1.698801e-04
6.231269e-02
2.242999e-01
1.394518e-02
1.670788e-01
1.143803e-01
4.978332e-03
2.721831e-04
7.503293e-02
2.674264e-02
9.909342e-04
5.243968e-03
4.061159e-03
2.054502e-05
1.618691e-03
9.420398e-05
2.510361e-02
3.222942e-03
3.972342e-04
4.196046e-02
1.029220e-01
1.146365e-03
1.971470e-02
1.221653e-03
4.790842e-03
1.466602e-01
7.450144e-02
1.023927e-02
7.445659e-03
7.088551e-02
1.635946e-01
1.350557e-02
6.146251e-03
2.895542e-04
9.943439e-04
5.351943e-04
8.844802e-02
4.885355e-02
4.983567e-02
3.540313e-03
2.310481e-02
4.241818e-02
7.748289e-02
1.356052e-04
1.170078e-01
8.699099e-03
2.972891e-02
1.540888e-01
5.994814e-02
5.466133e-04
2.522023e-03
2.346876e-02
7.224241e-02
6.733256e-02
1.690066e-02
1.177711e-01
3.952427e-03
6.386501e-03
4.263977e-02
1.915837e-04
6.627730e-04
2.704959e-02
4.933551e-02
1.238411e-02
7.884541e-03
3.054448e-03
1.249659e-01
3.651430e-04
4.188325e-02
1.716452e-01
2.284796e-03
2.399186e-02
1.038383e-03
8.943507e-03
1.442791e-01
4.511016e-01
9.445938e-02
4.054147e-03
1.287557e-01
6.420956e-05
1.583997e-01
8.616570e-03
2.548383e-04
1.601494e-02
1.695817e-02
2.488716e-02
2.625046e-02
2.859417e-01
2.974786e-02
6.937572e-03
3.060876e-02
2.283540e-02
3.885960e-02
5.112300e-02
6.217869e-02
8.978530e-03
2.842618e-02
1.090905e-02
7.525720e-02
7.376179e-02
1.225344e-02
2.064533e-02
1.487800e-02
6.779143e-03
2.734083e-02
1.519992e-01
9.263988e-04
7.023304e-02
3.669030e-02
7.329697e-02
1.443958e-02
1.329321e-03
6.713870e-04
6.665073e-05
1.155146e-01
5.332317e-04
1.153940e-03
1.324901e-02
5.508270e-03
1.694030e-02
3.467134e-02
5.778600e-02
2.847297e-02
2.409366e-02
1.174796e-01
6.723119e-02
1.412791e-01
1.371696e-02
2.115787e-02
1.094083e-01
1.223659e-01
3.475373e-02
1.133814e-01
1.523341e-03
2.581083e-02
4.396349e-06
1.026702e-01
3.262254e-01
1.848323e-03
6.980702e-04
1.166681e-06
8.378753e-03
7.301651e-04
7.524468e-02
1.417362e-01
1.924081e-02
6.430295e-02
3.057448e-02
2.918405e-02
1.855817e-03
1.967336e-02
8.261611e-02
1.659844e-01
3.471747e-02
1.277215e-03
4.427515e-02
1.919500e-02
3.513025e-01
1.860045e-02
2.806473e-03
1.460065e-02
1.474421e-01
8.582941e-02
4.377418e-02
3.329884e-02
8.229166e-02
1.263636e-02
1.557156e-02
3.756088e-02
4.143854e-02
4.080933e-02
8.920219e-02
9.281137e-02
8.146253e-03
1.089216e-01
1.664174e-03
6.378090e-02
9.129749e-02
2.348144e-03
3.346672e-01
6.535521e-03
1.898275e-02
1.438924e-03
4.672532e-02
7.602727e-02
1.542904e-02
2.228367e-02
1.852102e-02
2.413900e-01
3.567758e-02
1.663116e-03
2.860991e-01
9.450534e-03
2.245914e-03
1.923145e-02
4.128609e-01
4.439886e-02
2.564861e-02
1.898754e-01
1.190584e-01
1.032691e-03
2.163148e-02
4.390217e-02
4.496923e-02
5.003031e-02
3.666089e-02
2.706102e-04
8.712424e-05
1.357598e-01
1.835524e-02
1.209846e-01
3.954567e-04
2.252691e-03
6.896830e-03
1.549580e-01
2.645203e-02
1.955975e-02
1.295663e-02
3.549997e-02
1.364492e-02
4.336203e-02
1.046615e-01
1.446519e-02
2.132861e-03
1.207172e-02
9.695676e-03
2.061721e-02
3.866217e-01
2.833444e-02
8.227039e-02
1.188430e-02
1.073292e-02
2.393983e-02
9.312022e-03
5.912906e-02
2.876654e-04
1.196264e-02
4.442899e-02
2.487253e-03
1.344526e-01
2.633466e-03
1.854879e-02
6.205375e-02
1.202656e-05
1.611064e-02
4.054656e-02
3.230187e-02
3.861195e-02
1.155599e-01
1.427389e-04
1.100696e-01
1.031566e-01
7.501111e-03
2.340712e-02
1.957229e-04
2.103051e-01
2.266402e-02
2.518668e-04
6.875099e-02
1.477653e-02
1.826240e-03
9.482815e-04
3.229345e-04
7.237635e-03
2.297371e-02
8.247301e-03
5.908474e-03
3.018751e-04
1.494315e-03
2.439845e-03
9.795364e-05
9.663687e-02
1.545042e-01
8.166743e-02
1.976376e-02
2.293214e-02
8.726340e-06
1.360970e-01
1.401889e-02
4.919601e-02
2.161522e-04
1.175547e-05
2.237099e-02
1.497417e-03
2.306034e-02
4.760908e-02
2.207427e-03
4.273652e-02
2.613993e-02
4.383952e-04
1.068560e-01
6.585374e-03
8.348074e-03
1.011415e-01
1.598769e-03
2.930065e-02
5.478367e-04
7.505207e-03
5.623277e-03
7.035904e-03
1.672803e-03
8.098979e-03
1.168327e-01
1.026491e-01
3.442288e-02
4.049266e-03
2.284513e-01
2.113885e-03
2.959397e-02
4.625640e-02
2.892378e-03
2.003213e-04
8.593396e-04
1.869737e-02
8.013790e-03
1.727826e-03
5.198031e-02
4.388521e-02
5.853600e-02
1.315884e-02
3.093007e-02
2.972168e-01
1.363906e-02
2.959922e-01
1.035004e-02
1.536834e-01
1.808895e-02
6.091475e-03
5.046400e-03
2.956305e-03
1.083378e-02
8.815069e-02
9.547960e-02
5.170117e-05
2.297162e-03
1.533117e-01
1.676031e-02
5.318671e-03
4.109455e-02
2.641360e-03
1.797347e-01
5.256244e-02
1.651076e-02
5.792846e-02
3.622349e-02
1.256430e-01
7.568147e-02
6.592792e-05
2.327576e-01
8.693569e-03
7.393059e-03
9.855036e-02
5.389866e-03
5.120205e-05
2.040921e-01
3.242827e-02
2.138086e-01
2.736570e-03
1.640822e-07
2.877799e-02
2.589070e-01
6.299138e-04
2.023549e-01
1.797129e-04
1.176936e-01
7.180866e-02
5.270231e-03
1.482876e-02
9.023217e-03
3.644764e-02
2.235697e-02
6.892757e-02
2.490407e-03
1.414930e-03
1.031876e-01
7.632636e-02
6.517260e-02
7.930908e-03
4.291756e-02
1.308261e-02
5.432845e-02
2.711384e-01
5.933855e-02
1.337333e-01
6.174541e-04
8.912831e-04
1.116641e-03
2.441838e-03
1.415828e-02
2.252098e-01
5.025050e-02
1.576952e-04
9.995828e-02
1.275821e-01
2.454749e-02
1.581845e-01
8.195128e-02
6.398054e-02
4.690668e-05
2.333535e-03
3.397640e-03
2.097600e-04
1.305002e-02
7.928390e-03
5.799161e-03
7.350647e-02
9.707069e-06
1.977098e-01
1.765777e-05
8.234153e-03
1.363227e-02
2.913377e-03
1.704074e-01
9.746089e-02
3.363437e-03
4.407230e-02
9.464196e-03
1.663294e-01
8.494839e-02
1.401080e-02
7.449946e-02
1.250624e-01
1.630158e-01
1.033023e-03
1.279619e-02
1.938061e-03
6.703030e-02
4.776036e-02
7.170170e-02
2.886241e-02
3.577022e-03
3.322258e-05
5.852716e-02
2.067121e-01
5.600350e-02
8.127082e-02
5.829761e-03
9.025776e-02
3.949313e-01
1.899195e-01
9.792966e-05
1.150371e-02
3.527613e-02
6.108351e-06
2.628468e-02
9.803213e-02
2.914329e-03
1.421142e-02
4.304804e-02
1.481667e-02
1.548186e-02
2.913432e-02
8.090958e-02
4.487001e-02
2.846006e-02
2.919593e-05
5.989906e-03
7.289272e-02
1.092981e-01
1.268701e-01
5.137254e-05
1.050292e-02
1.809979e-02
1.957625e-01
6.299076e-03
2.743916e-02
2.328966e-02
1.610930e-02
6.187970e-03
6.025261e-02
2.392542e-03
1.359485e-03
2.925446e-02
1.050004e-02
2.921308e-03
7.732688e-04
5.023884e-02
1.088202e-03
8.788759e-04
1.013481e-03
2.460671e-02
1.671461e-02
7.865103e-04
8.337735e-02
6.818567e-02
1.786314e-01
8.059080e-02
7.330083e-04
4.557160e-02
8.096209e-02
6.320520e-02
6.929642e-03
3.327748e-02
5.813438e-04
3.621667e-02
2.445074e-02
1.361630e-02
1.136357e-01
4.936607e-02
6.224075e-04
4.355950e-02
5.325738e-02
9.446126e-04
5.845696e-04
4.977949e-02
1.371846e-01
1.188558e-02
2.526114e-04
1.745833e-02
1.278310e-02
4.606136e-02
1.908563e-02
2.901232e-03
4.678465e-04
1.958757e-01
3.082499e-02
2.914906e-05
8.841392e-03
7.296129e-03
2.693641e-02
9.858398e-02
1.958463e-03
2.136292e-03
1.947430e-02
1.210386e-01
4.970766e-03
1.257279e-02
1.060535e-01
7.039392e-02
