6.653264e-03
1.612902e-03
3.678736e-02
3.100598e-03
3.570963e-01
6.986397e-02
8.073053e-02
4.811811e-02
8.855104e-03
9.111915e-03
7.702286e-02
7.758298e-02
9.793801e-02
1.759663e-03
2.871951e-04
2.054582e-03
2.809877e-02
1.350532e-02
1.330411e-03
1.637697e-04
2.040183e-03
1.742445e-07
6.846621e-02
8.140049e-03
2.377890e-03
4.575941e-03
3.443047e-01
1.051472e-02
1.001352e-02
5.827057e-02
2.354096e-01
2.925290e-02
1.274942e-01
5.310190e-03
1.989033e-01
1.630929e-02
1.897529e-02
2.149060e-01
1.565880e-02
2.485621e-01
1.286821e-01
1.482578e-01
5.346932e-03
4.370249e-04
2.307992e-01
4.276825e-03
1.908898e-02
3.139320e-03
8.695263e-04
2.792101e-02
7.147246e-02
2.655064e-03
1.395581e-01
1.245194e-02
1.218537e-01
1.982670e-01
1.691677e-03
5.205004e-02
2.395823e-02
1.847461e-02
4.631503e-02
1.457605e-03
1.486022e-03
3.079236e-01
2.168275e-02
2.388048e-04
2.880200e-02
1.830630e-03
6.089150e-02
4.713218e-02
2.987778e-02
3.466723e-02
3.783216e-04
2.189086e-02
1.267882e-01
3.986796e-03
3.017021e-02
2.843217e-02
8.297364e-02
2.993130e-02
2.307705e-02
1.818846e-01
1.797247e-01
1.788904e-03
2.741575e-02
1.831752e-03
1.564540e-01
5.367838e-03
1.204233e-02
2.927217e-01
8.735523e-03
2.360634e-02
1.123160e-02
1.030207e-02
3.074420e-02
1.188562e-03
5.335301e-03
2.481557e-01
1.499753e-02
2.542945e-02
3.885746e-04
1.489824e-04
3.639215e-04
2.454481e-02
1.179200e-02
2.233891e-01
2.672672e-02
1.469602e-03
1.792778e-02
1.842158e-02
2.620784e-03
3.497728e-02
2.371215e-02
1.445238e-02
6.592920e-02
1.880604e-01
6.813626e-03
1.510216e-01
5.254822e-02
6.743532e-04
1.374627e-03
2.120239e-02
7.052223e-03
2.022242e-01
6.354107e-03
3.355580e-02
9.995791e-02
1.754894e-01
6.223287e-02
2.476929e-02
9.955243e-02
7.807017e-05
2.055011e-02
2.082010e-03
8.933097e-02
6.770503e-02
1.994894e-02
5.016373e-02
7.353698e-02
5.930393e-03
6.387210e-03
4.383829e-05
3.935967e-06
1.999822e-03
5.590374e-04
6.829397e-02
1.164377e-02
1.457281e-01
2.249187e-01
1.265409e-02
2.878099e-02
3.591895e-02
1.526070e-01
6.527710e-02
3.182108e-02
2.655407e-04
3.674978e-02
2.077649e-02
3.790536e-02
2.891651e-02
1.107826e-01
3.162738e-05
4.042109e-03
5.201725e-02
1.121904e-01
1.998290e-02
5.418938e-03
2.347261e-01
1.683461e-02
7.781395e-02
6.072072e-03
1.336165e-12
3.448912e-04
3.373488e-02
4.305462e-02
8.722456e-02
2.006650e-01
4.316139e-02
3.470975e-02
5.496610e-04
1.535512e-05
6.928454e-02
7.108348e-02
6.844541e-04
7.267567e-02
1.962678e-02
3.299176e-04
5.089690e-03
9.370529e-02
7.201386e-02
5.416348e-02
2.613633e-02
1.179538e-02
3.489066e-02
3.733828e-02
7.913118e-04
2.150391e-02
3.429214e-05
1.797857e-01
9.955803e-03
3.073469e-03
7.650965e-02
6.942799e-03
4.852812e-04
2.627165e-02
1.066055e-01
9.706472e-02
1.514290e-01
1.414856e-02
5.113168e-02
2.324068e-01
6.810454e-03
9.027531e-02
3.429814e-02
2.984056e-03
2.107510e-02
1.431377e-05
1.581127e-03
7.585992e-02
2.460281e-03
1.715059e-01
1.467834e-02
1.413520e-02
5.599933e-02
8.234382e-04
2.046410e-03
5.327702e-02
5.154328e-05
7.245238e-02
2.344149e-02
7.037343e-02
4.764115e-04
1.423017e-02
1.239947e-01
5.952651e-04
1.096577e-01
2.157748e-02
1.455262e-02
1.848870e-02
5.552709e-02
3.716533e-01
6.974935e-07
1.192486e-02
9.647060e-03
4.933972e-03
1.499759e-02
1.122058e-02
2.194118e-01
1.020792e-02
4.712815e-02
1.202575e-03
1.413436e-01
1.602274e-02
3.935256e-03
1.789019e-01
4.327814e-04
2.113070e-02
1.757695e-02
1.338019e-01
1.557394e-02
8.137150e-02
5.057985e-02
5.399953e-02
2.919435e-02
3.522080e-02
1.086621e-01
8.325232e-03
1.537699e-03
3.728931e-02
2.751434e-03
2.595792e-02
2.602822e-02
7.771265e-02
1.762949e-02
2.895971e-01
4.951301e-03
1.136554e-01
7.754963e-02
4.811017e-03
2.890383e-04
1.274861e-02
1.013483e-02
1.968433e-02
1.577141e-03
3.187792e-03
1.623204e-02
3.932728e-02
1.550364e-07
7.808921e-02
4.622949e-02
3.094062e-03
4.647027e-02
1.921348e-01
3.583986e-03
1.225205e-01
2.952220e-01
3.224699e-02
2.592442e-01
6.781514e-02
3.441255e-02
3.395701e-02
2.136928e-02
3.905661e-02
1.339509e-01
4.298858e-02
3.958359e-02
3.622453e-02
8.980056e-02
2.558441e-02
1.350653e-07
8.523223e-02
9.811190e-02
1.443010e-03
2.797845e-01
1.188824e-01
2.767317e-02
2.083755e-03
1.571910e-02
2.085780e-02
1.024196e-02
3.720011e-02
7.479030e-02
9.151694e-02
3.816835e-02
3.560435e-03
2.516946e-03
2.535110e-05
2.174023e-01
1.194273e-02
4.041442e-02
6.879152e-03
1.849111e-03
4.575668e-03
1.325479e-02
7.845639e-02
3.464470e-02
5.531132e-02
2.211531e-03
7.970057e-04
2.404132e-03
8.054241e-02
1.300914e-01
1.223473e-02
1.316115e-02
6.820936e-02
1.624227e-04
1.117692e-03
8.749384e-02
1.509467e-01
2.621873e-03
3.653116e-02
1.711456e-02
3.474776e-02
2.039868e-01
1.885233e-01
9.949315e-02
6.529218e-03
1.379069e-01
4.358649e-02
1.422023e-02
2.114621e-02
2.505716e-02
1.659856e-02
1.608454e-02
4.444273e-03
4.715220e-02
3.483877e-03
5.386113e-02
1.635221e-01
3.471678e-03
3.140173e-03
2.316118e-03
4.593936e-02
3.464330e-02
1.715161e-01
7.596114e-02
2.316860e-02
6.290389e-03
3.531452e-03
5.880724e-06
1.563593e-04
6.657324e-03
4.067810e-03
2.416839e-03
2.458640e-01
8.850544e-03
2.196700e-01
1.836695e-05
8.480354e-05
7.332382e-03
3.439905e-05
5.689366e-03
9.157588e-03
2.102392e-01
6.133061e-04
9.138939e-02
1.168971e-03
5.471800e-02
3.464329e-03
2.124725e-03
6.043871e-02
3.874083e-02
3.679140e-03
9.786340e-02
2.461448e-03
3.421248e-02
1.142347e-01
6.172532e-05
4.066261e-02
1.951981e-02
5.349043e-02
2.396601e-06
6.345346e-04
6.786103e-04
6.258199e-03
5.601165e-02
8.169824e-02
8.277313e-02
4.332736e-02
4.110484e-02
6.130841e-02
3.158848e-02
1.938306e-01
1.179641e-04
9.965292e-03
9.473060e-02
3.407717e-02
1.747520e-01
2.383631e-02
2.795112e-02
1.614554e-02
5.686576e-03
9.710904e-02
1.120324e-01
5.494124e-02
1.772505e-02
5.214757e-04
3.244989e-03
7.959158e-04
1.387632e-02
2.179081e-02
6.162007e-02
2.491066e-04
4.632812e-01
2.432716e-03
6.752026e-03
3.724868e-02
1.423087e-03
5.750857e-02
4.651444e-03
6.498460e-03
4.810097e-04
8.021308e-05
4.042929e-03
8.370387e-03
3.608488e-02
2.302832e-02
9.516506e-03
4.271330e-02
7.869530e-03
3.445506e-02
2.040966e-02
5.648425e-03
4.365376e-02
1.727916e-02
4.734017e-02
1.750340e-02
5.136644e-02
7.264088e-03
2.529023e-02
1.157153e-02
1.102386e-02
2.782928e-01
2.141735e-02
1.196808e-01
2.514368e-02
8.585069e-03
1.615531e-03
1.187432e-01
4.996392e-02
4.456661e-03
4.777487e-03
7.154864e-02
4.266811e-03
3.091937e-02
3.798166e-02
1.315082e-06
5.802107e-03
8.765848e-02
7.199117e-02
6.326254e-02
5.280227e-02
1.841250e-03
9.982675e-02
4.220451e-04
4.239157e-02
1.523011e-02
3.599490e-02
7.841538e-02
9.636197e-04
8.321589e-03
1.749464e-04
3.928498e-02
6.233178e-02
3.190613e-03
1.239144e-02
2.330022e-08
1.776781e-01
4.602219e-02
5.232395e-05
8.160929e-03
5.027197e-03
1.813591e-03
5.384792e-02
5.860671e-02
1.349031e-02
4.424444e-03
2.698397e-01
4.463014e-02
8.566042e-04
4.301246e-02
1.133451e-02
6.576602e-03
1.318877e-01
3.598209e-02
1.863414e-01
3.846969e-02
8.077559e-02
6.599320e-02
3.582622e-02
1.827720e-01
1.434834e-01
7.538233e-03
1.077359e-02
5.122192e-03
3.297295e-02
3.286339e-02
9.945328e-02
1.234068e-02
4.691233e-03
5.274430e-02
1.279653e-02
1.144326e-02
6.596567e-02
3.845061e-02
3.303365e-04
2.869069e-03
9.597755e-03
3.807384e-02
5.571881e-03
9.887129e-02
7.069058e-03
1.546743e-02
6.260319e-03
3.684469e-02
1.984768e-03
7.481837e-02
2.031603e-02
1.091915e-02
4.897788e-02
1.039158e-01
3.557383e-04
2.459867e-02
1.625925e-02
3.862616e-01
5.591387e-02
1.098163e-01
3.361071e-01
2.592880e-02
1.326365e-03
1.249465e-01
3.856166e-02
2.083826e-02
1.258737e-02
1.291894e-02
4.453318e-02
7.410729e-02
4.494432e-02
2.742873e-02
3.373794e-04
5.899099e-02
1.151642e-03
1.537174e-01
1.048680e-02
6.156885e-02
1.083692e-02
2.234206e-01
6.590827e-02
7.883553e-03
6.277502e-05
2.099384e-01
1.752632e-02
1.226978e-02
1.266971e-02
