1.047709e-02
1.226572e-03
4.050764e-02
2.533471e-02
2.650609e-02
1.676247e-03
2.640698e-02
4.107680e-03
2.577931e-05
7.912898e-02
8.214482e-06
1.161968e-01
1.574556e-01
4.668912e-03
3.459999e-04
3.915228e-02
8.132431e-03
1.365617e-01
7.583474e-04
2.337448e-03
1.410407e-02
2.889308e-03
9.740813e-02
1.002314e-01
4.293847e-02
1.266177e-02
1.657702e-02
2.438043e-01
6.647816e-03
2.903655e-02
4.482236e-07
2.925458e-01
1.773199e-02
1.081763e-01
1.048608e-01
2.119520e-02
2.479974e-02
7.131781e-02
4.762659e-03
3.327655e-04
1.634120e-02
6.041271e-03
3.818900e-02
3.137332e-02
5.940673e-04
2.921283e-02
1.278629e-01
6.489235e-03
1.452249e-02
1.017202e-02
3.977649e-02
1.432116e-03
1.442893e-01
9.601675e-03
1.243057e-01
1.955631e-02
1.298221e-01
6.815530e-04
1.327376e-02
1.299510e-02
7.122900e-03
3.368939e-04
7.689662e-04
2.538861e-02
1.354663e-01
7.876192e-03
2.619935e-03
2.532560e-02
1.354670e-01
1.200402e-01
6.656866e-02
2.748156e-02
2.408582e-04
5.296513e-02
7.249705e-04
4.109870e-05
9.553853e-02
4.049965e-02
1.603586e-01
6.521474e-05
4.248810e-02
2.273830e-01
3.678557e-03
1.338620e-02
9.711783e-03
8.951477e-03
4.436004e-03
6.249957e-02
1.380262e-03
2.890362e-03
9.042406e-02
2.312209e-01
3.057165e-02
6.057988e-02
1.032607e-03
3.066259e-02
5.120758e-02
3.810534e-03
1.367848e-01
1.319121e-01
4.980471e-01
1.289413e-01
1.271521e-02
4.856676e-02
7.894798e-02
2.556049e-02
6.318038e-05
2.473281e-02
7.449764e-02
1.176013e-01
1.473214e-02
5.578056e-02
2.565881e-04
2.781725e-02
5.368792e-03
9.517272e-03
1.056005e-01
2.038206e-02
3.254765e-02
1.091218e-02
7.489787e-03
1.178772e-05
6.783987e-04
7.907413e-03
5.017607e-03
6.859649e-02
1.176017e-01
1.397294e-01
2.764800e-02
1.332121e-03
2.936247e-03
1.357986e-02
1.244695e-03
1.090294e-03
1.447827e-02
1.440589e-01
1.213230e-01
7.537319e-02
2.183781e-01
6.473099e-02
5.677398e-03
4.116869e-04
7.915318e-04
1.209942e-03
1.348547e-01
3.466037e-02
1.051869e-02
8.736967e-03
2.044575e-01
3.705882e-02
9.348797e-03
3.091623e-02
2.545150e-02
1.977189e-03
2.151501e-01
6.958392e-02
1.050243e-02
4.565710e-06
1.282593e-01
1.236735e+00
7.115200e-06
3.219480e-03
1.398039e-02
1.569048e-02
2.269046e-02
2.144534e-01
7.778938e-03
2.067436e-02
6.031310e-03
5.470336e-02
2.209297e-02
1.485639e-02
9.639581e-04
2.057093e-02
3.992238e-01
3.524466e-03
8.976365e-03
1.613539e-01
2.632204e-02
1.143788e-02
1.038596e-02
2.074516e-01
1.376518e-05
1.021278e-01
1.282349e-01
1.028228e-02
9.205492e-02
2.212022e-03
1.361683e-02
9.479947e-03
1.500401e-02
1.887916e-02
1.222044e-01
3.744209e-02
7.390451e-02
2.217433e-01
1.271199e-02
2.715722e-03
1.649195e-01
1.351492e-01
3.124529e-04
7.746243e-04
3.692117e-04
1.907686e-02
3.134853e-02
2.353196e-01
4.506546e-03
4.512180e-02
1.254729e-01
2.717811e-03
2.862894e-03
7.706388e-02
4.305199e-04
2.576170e-02
3.776462e-03
2.431936e-01
7.943024e-03
8.981558e-04
7.946206e-03
1.999898e-03
7.944315e-02
1.681925e-03
2.444053e-02
7.394926e-02
1.739379e-04
9.692816e-03
1.208034e-01
4.932210e-02
8.106090e-03
4.348341e-02
8.688422e-02
2.963946e-02
2.248331e-01
9.776419e-03
1.579906e-02
1.034862e-02
2.659430e-02
1.060485e-02
3.060833e-02
3.122390e-01
6.637396e-02
5.700973e-03
4.736365e-02
1.315074e-01
2.459858e-02
2.335340e-04
3.722974e-03
8.571862e-04
1.339113e-02
3.896909e-02
8.652711e-03
3.312237e-02
2.199958e-01
6.853340e-02
7.474910e-02
1.126023e-01
1.073750e-01
4.399894e-02
9.547566e-02
1.536662e-01
5.375382e-01
1.357935e-03
6.146599e-03
2.348387e-03
1.438702e-01
5.947128e-03
1.116174e-02
1.857626e-02
1.376120e-02
1.200307e-02
2.562478e-02
6.478031e-02
6.999177e-01
3.135012e-03
8.361570e-03
3.307115e-02
1.306704e-02
2.177412e-02
1.264144e-02
2.245394e-02
2.105830e-02
3.232932e-02
5.819570e-02
8.534583e-04
3.765103e-02
6.788084e-02
3.243903e-03
2.095675e-05
5.080551e-02
2.896544e-02
5.971547e-03
2.705237e-02
2.061742e-03
5.286293e-02
2.113325e-02
5.454451e-03
1.181403e-01
3.635651e-04
7.325046e-06
3.454884e-03
8.500402e-02
2.643904e-03
5.620203e-03
3.410257e-02
7.393425e-02
2.752282e-06
2.149170e-03
5.030954e-02
6.255745e-02
8.015567e-03
2.808237e-02
8.220745e-03
2.309656e-01
1.403765e-03
3.009045e-03
5.936503e-04
6.789631e-02
2.380495e-01
5.778242e-04
9.567161e-03
3.658636e-02
7.534962e-02
1.551428e-02
5.700064e-02
1.302286e-01
2.935076e-03
2.393550e-02
6.246464e-03
2.589126e-05
1.883461e-01
1.796567e-01
1.305888e-02
7.060105e-02
1.958233e-04
1.842633e-03
5.228297e-02
1.580882e-02
2.995150e-02
3.162947e-02
2.265648e-02
1.086507e-02
1.797454e-01
9.238573e-02
1.932843e-01
1.524273e-03
4.371176e-02
6.765974e-03
1.971011e-02
4.886218e-03
9.133067e-02
1.594136e-01
9.461751e-03
5.445643e-02
5.669035e-03
1.542253e-03
1.889832e-03
5.335532e-02
1.504100e-03
2.727802e-03
2.042550e-02
1.614647e-02
6.034075e-01
1.651837e-02
1.171914e-03
9.640017e-03
1.489892e-04
1.296248e-04
3.440940e-02
9.291774e-06
3.691901e-04
1.241211e-02
7.078340e-02
2.248041e-03
2.511206e-01
1.443871e-03
1.392315e-02
7.195370e-04
5.263396e-02
7.260406e-02
7.035805e-05
1.346258e-02
2.945175e-02
1.237762e-02
3.017991e-02
6.514678e-04
1.153817e-01
1.350665e-02
7.410308e-02
3.220704e-03
1.038749e-02
1.234417e-01
6.881684e-02
2.526360e-02
1.437867e-02
4.661893e-03
1.537866e-03
1.908866e-04
1.678452e-03
6.198529e-02
5.567899e-02
1.115046e-02
1.159163e-01
2.989002e-02
3.741082e-01
9.547314e-02
1.541051e-02
4.244579e-02
1.652148e-03
6.305009e-03
3.618780e-01
1.164323e-02
6.387061e-03
3.428050e-02
1.083146e-02
2.759666e-02
5.949453e-02
2.294481e-02
3.021982e-04
2.565085e-04
1.368915e-01
2.705018e-02
4.130831e-02
1.147347e-02
4.899744e-06
2.378883e-02
4.063501e-02
9.069010e-03
2.275501e-03
2.596385e-01
2.115624e-03
2.894331e-02
2.144252e-02
3.574550e-02
1.120782e-02
1.160524e-03
5.479330e-02
4.021509e-01
1.952767e-02
1.108745e-02
2.070787e-01
5.055054e-07
1.521976e-02
2.830750e-03
7.298358e-02
7.999712e-02
2.126949e-03
2.723612e-02
6.102453e-02
8.906830e-04
8.593064e-02
1.140173e-01
8.387077e-02
1.643896e-02
6.468412e-03
1.826023e-02
2.836670e-02
6.621095e-02
3.075634e-03
2.149231e-01
8.049024e-02
4.560987e-02
3.968485e-03
5.532861e-03
1.618078e-02
1.336675e-01
4.080387e-02
2.472586e-01
8.626233e-02
1.932734e-02
2.977425e-02
2.890442e-02
6.769811e-02
7.547598e-02
1.963253e-02
1.058798e-02
1.309208e-01
2.685173e-02
5.266090e-01
1.478402e-01
1.145067e-03
1.223275e-01
6.819707e-02
2.506503e-03
1.670136e-02
9.967520e-02
1.569882e-01
3.141975e-02
1.166341e-01
1.033947e-01
5.275327e-05
1.973134e-01
8.666709e-02
1.406711e-01
4.827013e-02
1.374839e-01
2.993465e-02
2.514464e-02
3.352591e-02
1.438660e-02
1.994874e-02
6.775903e-03
1.291962e-02
1.008528e-02
1.259768e-02
1.454154e-03
1.745955e-02
1.967398e-02
6.259248e-03
1.886646e-02
5.151748e-03
2.463793e-02
2.496658e-01
3.972483e-03
2.008725e-04
4.553770e-03
2.199896e-05
9.238897e-05
1.869566e-03
7.330721e-07
1.426415e-01
7.403868e-03
5.236356e-03
4.283803e-02
6.461469e-04
1.793079e-03
2.034502e-01
5.014063e-04
2.974258e-02
9.899992e-02
6.769119e-02
5.709952e-04
2.686475e-02
6.277186e-02
1.541436e-01
1.725675e-01
7.411139e-03
1.075488e-02
3.723496e-03
7.054719e-02
2.001332e-02
2.719353e-01
1.381057e-02
3.704536e-01
1.973547e-02
2.377970e-01
4.391878e-03
3.219935e-02
1.052579e-02
5.004799e-03
1.397635e-02
3.193165e-03
9.747475e-02
6.220145e-02
9.823305e-03
6.120050e-02
5.231522e-02
4.152335e-02
1.152187e-01
2.832804e-04
2.233039e-03
2.674512e-02
1.261611e-02
1.463822e-02
7.072282e-02
1.106379e-01
9.775918e-02
3.819478e-02
1.286249e-01
7.586952e-03
1.491808e-02
9.250833e-03
2.528001e-01
5.983051e-04
1.135208e-03
1.032222e-01
1.304133e-04
1.592336e-02
2.394238e-04
1.442211e-02
9.539814e-02
6.878949e-02
1.334655e-02
5.549348e-02
3.772277e-03
1.273124e-03
1.768506e-02
1.718503e-04
2.401778e-01
2.054013e-04
3.684128e-02
6.500780e-03
1.088675e-02
6.454803e-02
2.211661e-04
