5.413087e-03
3.378481e-03
1.093662e-02
9.234987e-02
9.348556e-03
7.124972e-03
3.064784e-03
8.895930e-02
8.159320e-03
1.136672e-01
9.187859e-04
2.236756e-01
4.891046e-02
5.971965e-02
3.007367e-02
7.686814e-02
7.036062e-02
7.827634e-04
5.880947e-02
2.289077e-02
7.580184e-03
2.328996e-03
2.957286e-02
2.174888e-02
2.010692e-02
6.879998e-02
1.551232e-03
1.188405e-03
1.005381e-01
1.076078e-02
3.219992e-05
1.186174e-02
1.091582e-01
3.673236e-03
4.580160e-02
8.113388e-03
1.158729e-02
1.979021e-01
1.159565e-02
3.722467e-03
3.288248e-02
2.581332e-02
8.568976e-02
2.486715e-05
1.558734e-02
8.954159e-04
8.835448e-03
2.320664e-05
1.869022e-02
1.363169e-02
2.529130e-03
4.184978e-02
6.651203e-03
1.602676e-03
1.928309e-01
1.209652e-05
1.153189e-01
3.127049e-02
3.969082e-02
5.120532e-02
3.624089e-02
1.868041e-01
2.239287e-01
8.142556e-02
5.747750e-04
1.765016e-02
3.381841e-02
4.594240e-02
2.441854e-05
9.292769e-02
3.762558e-03
3.304504e-04
2.478708e-01
3.675692e-04
3.267399e-03
1.616203e-02
3.823783e-04
9.411198e-02
5.673958e-05
1.811423e-02
2.215195e-02
2.934869e-03
7.780930e-06
3.768912e-02
2.176208e-02
7.868491e-04
1.446474e-04
4.497628e-02
2.217335e-02
3.964519e-02
7.226975e-03
1.953947e-01
2.589986e-04
4.484489e-03
1.004982e-01
5.959636e-02
2.430009e-02
4.380555e-02
3.516212e-02
1.432481e-03
5.536535e-03
2.782944e-06
3.024508e-01
2.567586e-02
9.805244e-02
4.839803e-02
2.413386e-02
1.117863e-03
3.096560e-05
7.022242e-02
6.587616e-02
1.239170e-02
3.681391e-01
1.908858e-01
3.303240e-04
1.921683e-02
8.191744e-04
3.592851e-02
1.943472e-01
1.612577e-03
1.712479e-03
1.276736e-01
2.142378e-01
1.499141e-03
1.343453e-02
1.849695e-02
6.159724e-02
1.914273e-03
4.133395e-02
2.092495e-02
7.856970e-03
2.748405e-01
2.617143e-02
1.307503e-01
5.459825e-03
8.697006e-02
3.839536e-02
2.034999e-02
2.152042e-03
1.284520e-02
1.698084e-01
2.329883e-02
2.917485e-03
3.562895e-04
1.267731e-03
3.485897e-02
2.265821e-01
2.045248e-01
2.138987e-01
1.575613e-02
2.505121e-02
3.076719e-01
1.561961e-03
4.597724e-02
4.236752e-02
5.984618e-03
1.386763e-01
1.566510e-02
5.604173e-02
7.753071e-02
3.960624e-02
6.352825e-02
1.445916e-02
1.340444e-03
8.103532e-02
4.230892e-01
4.472433e-03
2.479930e-02
4.179289e-03
3.424012e-02
1.618531e-04
8.519091e-03
9.824384e-03
9.505734e-02
3.949013e-02
1.018594e-02
2.670751e-02
3.107610e-03
2.299161e-03
4.837837e-02
7.316361e-02
1.326743e-02
7.484146e-02
9.425779e-02
2.053033e-02
3.255950e-02
5.521117e-02
1.545737e-02
2.298792e-02
1.611269e-01
6.432749e-01
3.152234e-01
3.278724e-02
2.109353e-02
1.676922e-02
5.996619e-02
5.419267e-02
1.395893e-02
5.439265e-03
9.643730e-03
8.189695e-02
1.275860e-01
1.559046e-01
3.570874e-02
1.248312e-01
1.791089e-01
2.382118e-02
2.035246e-02
9.295941e-02
1.636714e-01
4.104887e-02
3.070302e-02
4.956994e-05
1.608281e-02
4.485376e-02
3.033859e-02
3.100681e-02
1.126895e-02
3.411689e-02
2.275680e-02
1.462106e-02
6.503406e-03
7.574676e-03
7.930176e-02
1.051222e-02
1.240806e-01
2.795041e-03
1.789303e-01
1.166654e-05
1.310317e-02
3.610211e-02
4.194845e-02
2.066603e-01
2.899026e-02
9.441805e-04
6.462437e-02
6.058885e-03
7.953377e-02
1.102449e-01
8.488711e-02
1.183859e-02
2.571052e-02
3.857050e-01
2.544204e-02
7.760651e-02
1.046507e-02
2.008642e-02
3.592508e-02
3.543485e-02
1.279334e-02
5.173026e-04
8.855351e-02
1.052840e-01
2.223627e-02
3.622513e-02
3.569928e-02
1.051907e-01
1.611958e-01
6.917511e-02
1.686806e-01
4.776030e-02
1.788822e-01
1.020138e-01
1.390094e-03
1.307447e-02
3.362511e-03
1.342823e-01
3.955058e-03
6.678661e-04
1.766223e-02
1.875329e-02
7.527635e-03
6.654706e-02
6.750156e-02
3.328185e-02
1.359098e-01
1.200033e-02
1.287635e-02
5.910733e-02
2.076520e-02
9.891247e-03
1.083169e-03
7.974286e-03
3.229276e-02
1.272635e-05
3.128076e-07
1.896090e-02
4.432173e-04
3.316610e-02
1.634841e-02
3.899335e-04
3.718845e-02
5.013881e-01
5.150391e-01
1.711890e-01
1.100551e-03
3.021134e-01
1.934816e-02
9.733022e-02
3.381756e-02
8.946131e-02
2.043357e-03
6.342709e-02
9.620620e-02
1.328656e-01
7.930127e-03
9.309993e-06
6.669205e-03
2.867238e-02
1.717543e-02
8.352254e-03
3.702945e-03
4.677085e-03
3.084494e-04
2.872506e-02
2.489982e-02
3.165475e-02
4.318602e-02
3.579393e-03
9.719203e-03
4.513557e-02
2.232185e-01
1.729147e-03
5.013238e-01
4.713297e-02
3.990250e-02
1.366870e-02
9.745803e-03
6.542167e-02
3.273119e-02
7.155036e-02
5.469298e-03
9.716172e-02
1.434145e-02
4.687675e-03
8.385393e-03
1.287349e-03
2.578234e-03
1.994043e-03
3.449006e-03
2.473244e-02
1.557777e-02
1.174046e-01
1.937485e-02
6.510579e-03
3.200883e-01
5.237836e-02
5.525582e-02
1.142867e-01
1.363494e-02
6.261939e-02
1.819909e-04
1.253101e-01
1.281693e-01
5.096944e-05
2.197072e-01
3.913673e-02
2.940387e-02
4.905073e-02
7.484705e-02
2.800520e-02
8.448857e-02
8.875496e-05
2.959085e-02
1.573049e-02
3.840231e-04
3.630216e-02
6.320599e-02
6.472607e-03
1.240496e-01
2.379861e-02
3.120885e-02
8.017950e-03
2.288148e-08
6.218582e-02
1.165839e-01
4.165403e-02
1.240650e-03
5.841395e-03
1.061951e-02
3.773329e-05
1.954090e-02
7.776644e-03
2.351472e-02
6.019977e-07
1.689020e-01
2.913448e-02
1.427743e-01
2.359091e-02
4.633148e-02
1.197510e-01
6.851548e-02
6.469706e-02
7.109388e-02
2.024883e-05
5.785623e-04
8.184454e-02
1.373249e-02
3.674018e-02
3.668833e-03
9.313373e-04
6.056485e-02
2.198209e-03
2.475118e-01
1.002525e-01
2.031329e-02
1.850144e-02
8.886089e-03
4.523745e-02
1.844622e-02
2.297922e-02
5.130222e-03
2.090593e-02
4.642268e-02
2.408747e-02
6.338276e-03
3.311708e-03
1.594177e-02
3.074379e-02
2.306596e-02
2.600219e-01
2.172659e-04
3.544897e-02
5.814806e-03
1.686493e-02
4.821540e-06
1.905963e-02
1.818126e-03
3.530896e-02
1.319536e-02
1.196427e-03
6.896047e-03
1.959672e-02
2.376774e-04
2.912782e-02
2.316989e-03
1.051696e-03
5.787805e-03
8.310956e-02
2.551700e-02
3.132726e-03
8.097145e-02
2.425470e-03
4.136568e-01
4.218596e-06
2.057897e-04
1.569799e-01
6.695637e-03
3.294210e-02
8.676016e-03
6.354389e-04
9.606777e-03
5.142590e-02
1.256392e-03
1.798577e-05
6.128388e-02
1.836788e-01
3.937001e-02
1.389529e-02
3.559841e-02
3.650110e-03
4.313026e-02
6.139081e-02
5.051142e-02
3.099592e-02
6.600208e-03
3.837759e-02
7.182584e-02
2.800421e-01
7.361949e-03
6.521567e-02
5.923197e-02
2.941115e-02
5.593323e-06
1.354966e-02
1.948820e-01
1.017771e-01
6.205250e-03
2.084213e-02
3.376792e-02
6.017480e-02
1.689919e-02
5.101370e-03
3.399350e-02
2.195096e-03
1.125064e-04
7.922124e-02
3.232694e-03
1.357313e-02
5.355557e-03
1.540478e-03
2.543876e-03
1.809657e-02
4.086643e-02
4.157163e-02
2.704518e-02
4.853007e-02
6.111423e-02
1.013850e-02
3.145891e-02
3.483039e-02
7.041615e-03
1.853965e-02
1.127505e-03
2.312606e-03
1.943323e-01
6.122777e-02
4.850627e-01
1.313928e-03
3.409271e-02
1.171224e-01
5.247247e-02
1.015224e-02
2.917187e-02
2.828519e-02
4.560331e-02
1.187760e-01
2.652042e-02
3.212889e-02
1.668072e-02
1.125489e-05
2.073617e-05
5.810050e-03
1.246428e-02
9.310143e-03
7.906221e-02
8.891495e-03
1.318777e-02
4.938818e-03
4.636010e-02
7.771267e-02
3.395815e-03
1.379943e-01
1.850124e-01
8.252244e-04
5.290577e-01
5.767917e-03
2.344020e-02
6.807671e-02
4.213344e-02
2.706294e-01
3.102707e-03
3.738584e-02
3.919901e-03
8.488099e-02
2.348662e-02
9.022523e-02
1.434587e-03
2.052889e-01
1.395118e-01
4.542319e-02
3.573276e-02
1.516114e-01
1.452304e-06
1.166928e-02
2.506513e-03
1.483982e-01
1.318790e-01
3.718261e-02
1.941915e-02
2.821401e-02
1.894042e-01
1.322596e-01
2.604587e-03
3.960690e-02
7.597057e-02
7.064841e-03
3.205140e-02
3.885608e-03
5.626970e-02
5.059252e-04
4.313203e-03
3.095880e-01
4.665643e-02
1.534568e-02
7.921532e-05
3.857019e-02
4.393276e-02
4.125950e-03
6.978456e-03
2.484271e-05
7.431565e-02
3.989546e-02
7.653185e-05
1.511554e-03
6.363150e-02
1.244820e-01
9.400517e-02
7.593918e-02
1.396995e-01
5.753941e-02
7.991471e-03
8.655137e-02
3.132142e-03
