5.490399e-03
5.721016e-03
1.288013e-03
5.561472e-02
1.596502e-02
2.592510e-02
1.591506e-03
2.161945e-03
9.331154e-03
2.270506e-02
1.148464e-02
4.550410e-06
1.271978e-01
1.065166e-01
9.648789e-04
2.486581e-01
2.030163e-02
1.070048e-02
4.426851e-03
1.042975e-02
1.338712e-01
7.233018e-02
2.696317e-03
3.615283e-01
1.030603e-01
1.269130e-02
1.376715e-03
1.864092e-02
3.431992e-02
2.348659e-03
3.235926e-03
2.613496e-02
2.199016e-02
2.642343e-02
2.939446e-04
2.622216e-02
3.247034e-03
1.085001e-01
5.715567e-02
4.053631e-02
1.020619e-01
9.277354e-03
4.172594e-02
8.547009e-03
1.314734e-03
4.576504e-02
5.691324e-05
2.065563e-03
5.533766e-02
1.040433e-02
3.088175e-02
1.481812e-04
4.675538e-02
8.179802e-04
3.108745e-02
2.266216e-01
3.266687e-04
3.241066e-03
1.424809e-02
5.376552e-02
1.006745e-02
3.052624e-02
1.707496e-04
4.138773e-02
7.777922e-02
7.442007e-03
5.455564e-02
4.534312e-02
3.611953e-01
7.670497e-02
2.409371e-01
7.610917e-02
4.006813e-04
6.439750e-03
7.609301e-04
1.680537e-01
5.935716e-06
2.696128e-01
7.364933e-02
4.334215e-02
3.085330e-02
6.728827e-03
1.800664e-01
6.296000e-02
4.868204e-02
9.543922e-03
3.416161e-02
1.634948e-02
8.206728e-03
2.065171e-03
3.061413e-02
6.299428e-02
5.314462e-03
5.602166e-02
2.012149e-02
1.065892e-02
1.685791e-03
7.081318e-04
1.288489e-02
6.368536e-02
5.492445e-02
6.530131e-02
2.498107e-03
7.829548e-04
4.098959e-02
9.723941e-04
9.383954e-02
3.730292e-03
3.718724e-02
2.259108e-03
9.474350e-03
5.639650e-01
4.212059e-02
2.201008e-02
2.959400e-02
8.301252e-04
5.737395e-02
1.529118e-02
1.236581e-03
8.456957e-03
8.478156e-02
7.108115e-04
1.562789e-02
2.065365e-02
8.367381e-02
1.730330e-01
1.061413e-02
7.882114e-02
1.606133e-01
1.521374e-02
4.102986e-03
2.408915e-03
4.216736e-04
1.859195e-02
1.512077e-02
1.280374e-02
1.738921e-02
8.874040e-02
8.072171e-04
8.495405e-02
1.186784e-02
8.455881e-03
8.520297e-03
5.831861e-02
2.381066e-02
1.042566e-02
1.297023e-02
4.475265e-02
9.071795e-03
1.309870e-01
4.226257e-02
6.598968e-03
1.743369e-03
5.660443e-02
6.274196e-02
4.012484e-02
1.761764e-05
2.736543e-03
6.768776e-03
2.266630e-01
6.783549e-03
3.217519e-01
1.375828e-03
2.571120e-03
1.199771e-02
7.949235e-02
1.905186e-02
2.407200e-03
2.497726e-02
2.259897e-02
8.009741e-03
4.742050e-02
4.772892e-02
1.715411e-02
1.617045e-01
2.223528e-04
5.702749e-03
1.788169e-04
3.309354e-02
7.784392e-04
5.027801e-02
2.720021e-01
8.122931e-02
6.801813e-02
1.612183e-01
1.134176e-01
2.424130e-02
1.715481e-01
7.268418e-02
2.144789e-02
4.733056e-02
6.976048e-02
4.637467e-02
2.212939e-02
1.454665e-02
1.337731e-04
1.560743e-01
1.425540e-01
1.101612e-01
9.552100e-04
1.376655e-02
1.475568e-01
1.495945e-02
2.082869e-02
1.194455e-01
1.003350e-03
1.233995e-02
3.912802e-04
1.668040e-04
3.600142e-04
1.903883e-02
7.732689e-06
6.195212e-02
6.793004e-03
1.951379e-01
6.513183e-03
4.951350e-03
8.204164e-04
1.979743e-01
3.510247e-04
1.524359e-02
9.043535e-02
8.408367e-03
7.664737e-02
2.576044e-03
2.956873e-02
3.157750e-03
1.430202e-01
1.351826e-02
1.186502e-02
4.379802e-03
2.437941e-01
3.007558e-03
1.681907e-02
6.254195e-04
1.883511e-02
6.500204e-02
5.127115e-03
3.572876e-02
2.191879e-02
1.453699e-02
3.016838e-02
3.926778e-02
5.212146e-03
5.556094e-03
3.655068e-02
1.035397e-03
3.849152e-02
5.438592e-02
2.284081e-01
4.805970e-02
2.137967e-01
1.527850e-01
3.157108e-01
1.286369e-01
1.364232e-02
1.126140e-03
1.390575e-01
1.128232e-01
5.472255e-02
4.631349e-02
4.139499e-02
6.390761e-02
2.320748e-02
4.124110e-03
8.718992e-02
4.429761e-01
2.284368e-02
8.961622e-03
1.390989e-01
9.979020e-06
9.751552e-03
1.319516e-01
2.447456e-02
1.165771e-02
6.510156e-04
1.683411e-02
1.424259e-01
6.467887e-02
2.064243e-01
1.151809e-02
7.034675e-02
2.252323e-02
1.275566e-01
1.052461e-02
1.105862e-03
6.433509e-02
9.014370e-02
5.954816e-01
2.859700e-03
4.962783e-03
6.223549e-02
7.179254e-02
1.730390e-01
7.650651e-02
1.751454e-03
3.276285e-04
2.404228e-03
1.309886e-02
4.281313e-02
4.598324e-02
1.029241e-03
6.903474e-02
1.063290e-02
5.675485e-02
3.023980e-02
3.082544e-02
1.326714e-01
2.471989e-01
3.361310e-03
8.239033e-02
2.811187e-02
8.086963e-03
7.463107e-03
2.940501e-02
1.760576e-02
7.954465e-02
2.022432e-02
1.774156e-02
1.796663e-01
3.331003e-01
3.941330e-02
6.395209e-02
7.898888e-02
7.995364e-03
1.132188e-01
2.412209e-03
7.725711e-02
6.966108e-03
2.841693e-03
3.946947e-03
8.552649e-01
8.333240e-03
3.814852e-03
4.218790e-04
7.090107e-02
1.361941e-02
1.943348e-02
1.086370e-03
2.168281e-02
3.019494e-02
1.182667e-03
9.281259e-06
3.546730e-02
1.806153e-02
3.794088e-03
1.314199e-03
1.893856e-02
2.388485e-02
1.407625e-02
1.763344e-03
3.517106e-01
3.308854e-02
4.498577e-02
7.734435e-02
3.356289e-01
4.567567e-01
3.969041e-03
1.639992e-01
3.795612e-03
4.648898e-04
3.162088e-03
8.474882e-02
1.423480e-04
6.763783e-02
5.451522e-02
1.282172e-02
5.152064e-02
1.464169e-02
2.542480e-02
3.140494e-02
3.523031e-02
8.612964e-02
2.147417e-03
1.219125e-02
2.374019e-03
1.311960e-01
7.556345e-03
1.265756e-02
6.321286e-03
1.747221e-01
2.044354e-05
6.891859e-03
1.380219e-04
4.201026e-03
2.632599e-02
5.136256e-02
1.064266e-01
6.532185e-02
1.981793e-04
1.113656e-02
2.303063e-03
4.104077e-02
3.193907e-02
7.034621e-02
2.884098e-03
1.372176e-01
8.272770e-02
2.192015e-03
1.513246e-01
2.943473e-01
9.895992e-02
2.970198e-03
9.856457e-02
1.642374e-04
7.618297e-03
1.292080e-02
2.077557e-02
5.680981e-03
1.074328e-03
1.948377e-01
5.784088e-02
4.418817e-02
6.871890e-02
2.107600e-04
9.078994e-05
2.594825e-02
4.700869e-02
3.214014e-03
1.636354e-02
4.477130e-01
8.046562e-02
5.038982e-02
8.256303e-02
7.171583e-03
3.980229e-02
3.999219e-02
1.292022e-03
3.147592e-02
1.425283e-01
2.222029e-03
1.104036e-01
6.386722e-02
7.029081e-02
1.296878e-01
1.407516e-01
5.855691e-04
5.335951e-02
2.183836e-02
1.822391e-01
1.927225e-03
1.190906e-01
9.528351e-03
5.355499e-03
4.091094e-02
2.235481e-01
9.115278e-03
7.082749e-02
6.563247e-03
3.618635e-03
2.800521e-03
6.691072e-02
1.690182e-03
1.943338e-03
8.871570e-02
2.358666e-03
9.875547e-02
5.833846e-03
1.071123e-03
7.174996e-03
2.607289e-01
5.392428e-02
2.046186e-04
5.766161e-02
6.021153e-05
1.121669e-01
1.487441e-02
6.778882e-03
1.049874e+00
4.389343e-02
5.579645e-02
8.106630e-02
7.178642e-03
2.660957e-03
1.050181e-01
1.470764e-01
9.727737e-03
1.600313e-02
2.121221e-01
8.299315e-02
3.821817e-01
9.817161e-02
6.912904e-02
9.560452e-03
1.965658e-03
1.461935e-01
3.647044e-02
8.776178e-03
3.328019e-02
1.085236e-02
6.047483e-03
5.457008e-03
1.586248e-02
6.754000e-02
1.719015e-02
3.519304e-02
2.372335e-03
2.340202e-03
2.310992e-03
2.465923e-02
1.855052e-02
2.983939e-01
3.098238e-02
5.826776e-04
2.834249e-04
7.004072e-05
8.991318e-04
7.400961e-02
2.321034e-02
2.660719e-04
9.711134e-02
7.828510e-04
1.042960e-01
5.298394e-02
1.262332e-02
1.471563e-03
8.852367e-02
9.949680e-02
1.513697e-02
1.585583e-01
6.491587e-02
1.116512e-01
4.396724e-06
4.472592e-02
1.697776e-01
1.326993e-01
9.973308e-02
1.752599e-02
9.644392e-02
5.985124e-02
2.420740e-02
6.697816e-03
7.599739e-03
2.599073e-03
5.845873e-03
3.716978e-04
5.183378e-02
1.668998e-01
3.387447e-03
1.528974e-03
2.591142e-01
6.698627e-02
4.515164e-02
8.503342e-03
1.798868e-02
4.810215e-03
5.462568e-02
1.667491e-01
1.072461e-01
1.772938e-02
1.355822e-02
6.773558e-02
1.218582e-02
7.467459e-02
2.388863e-02
2.395095e-03
1.512718e-01
3.827215e-03
1.116212e-01
2.445371e-02
7.767711e-03
9.996858e-03
4.467863e-02
5.456713e-02
5.040853e-04
3.420231e-02
3.567473e-06
1.288911e-02
1.101662e-02
1.125735e-03
1.186485e-01
1.011829e-01
9.226750e-03
1.341483e-01
3.720154e-03
1.741821e-02
1.032616e-01
6.095168e-02
1.070345e-02
3.765794e-03
6.979874e-04
8.385911e-02
3.235960e-03
8.692050e-03
1.402602e-02
3.054296e-02
1.633636e-02
2.202611e-01
7.772722e-03
4.129821e-02
2.325863e-01
4.817194e-02
1.178027e-02
3.045103e-02
