3.850116e-02
9.769918e-02
7.361939e-03
1.810124e-02
6.695677e-02
6.509096e-02
3.801755e-02
4.015311e-03
4.889942e-03
1.448248e-02
2.823755e-02
3.501854e-02
5.200073e-02
5.468914e-02
9.428706e-02
3.240260e-02
1.685433e-02
1.498397e-02
1.130275e-01
6.753397e-03
3.115050e-03
3.238892e-02
7.118183e-02
8.418885e-03
6.670937e-03
1.815805e-05
5.946306e-04
2.163246e-02
4.972248e-02
1.160201e-03
4.504654e-02
4.326537e-03
5.558838e-03
3.959424e-02
1.690016e-01
7.007314e-02
2.787234e-02
1.058506e-02
2.287198e-01
5.038077e-02
1.378970e-03
1.113169e-03
3.420990e-01
4.190531e-02
4.552250e-02
8.973500e-02
2.821193e-02
1.017962e-01
1.495620e-03
1.654453e-01
2.602092e-02
5.784963e-03
3.727960e-03
3.451561e-02
1.399987e-02
5.658485e-01
1.393549e-05
9.153148e-03
1.736223e-01
4.448780e-03
2.393772e-02
7.966880e-02
1.290715e-01
6.706214e-02
2.234033e-02
3.750258e-03
1.965465e-02
1.508779e-01
1.174531e-02
7.451606e-02
5.148376e-03
3.856600e-02
2.849084e-02
1.215334e-02
1.579600e-01
3.819762e-02
5.436674e-02
2.694932e-02
2.095608e-01
3.290645e-02
8.940022e-03
1.146104e-02
5.612983e-03
8.065843e-04
2.020453e-02
1.131935e-03
1.525710e-02
5.859627e-02
4.736717e-03
1.821509e-03
1.078141e-02
9.104835e-04
1.061513e-02
8.007812e-02
2.248179e-01
1.110726e-02
1.273457e-01
7.073094e-02
1.364122e-02
9.419815e-03
3.270952e-05
1.733006e-02
5.529845e-01
1.110565e-01
3.539447e-03
4.575954e-02
1.228719e-03
1.163868e-01
2.138763e-07
1.221260e-02
5.673691e-02
5.441226e-02
5.488239e-02
4.314612e-02
6.468142e-02
7.807480e-02
1.282578e-02
2.096452e-02
1.462424e-01
4.732830e-03
1.119458e-03
1.345709e-05
1.224410e-02
4.824743e-03
3.013975e-05
4.414466e-04
1.028629e-02
2.180617e-03
6.092363e-05
3.483703e-02
1.689081e-02
3.327368e-02
7.345146e-02
4.802931e-03
8.870208e-02
1.093732e-02
4.893576e-02
8.632162e-03
4.287946e-03
2.432615e-02
6.359460e-02
3.334843e-01
3.362929e-04
5.024224e-02
9.989453e-03
1.576640e-01
1.709006e-01
2.190268e-01
2.030575e-01
1.255117e-02
1.125824e-01
1.034086e-03
1.480712e-02
1.064847e-03
1.139021e-01
1.021710e-02
1.961327e-02
1.446644e-03
7.174029e-03
3.849428e-01
4.827572e-02
1.048989e-01
1.236750e-01
3.691822e-02
6.183693e-02
2.404233e-02
3.262898e-05
3.362036e-02
1.237627e-02
5.619532e-02
2.327379e-03
4.315443e-02
3.525358e-02
6.101234e-03
2.066240e-02
5.915029e-06
4.300403e-03
2.620031e-01
1.828058e-02
8.494955e-03
7.070606e-03
5.283107e-02
1.877051e-01
1.498166e-01
1.030036e-01
3.136204e-02
6.853131e-03
4.352123e-04
4.476220e-02
2.574158e-03
5.938665e-03
3.390045e-01
4.987478e-02
8.798852e-03
2.487370e-02
4.882498e-02
4.674401e-04
5.803737e-03
4.086072e-02
5.029797e-02
4.107956e-01
6.768125e-03
8.285650e-02
1.407650e-03
2.869483e-03
1.199526e-02
2.424420e-02
6.103970e-03
4.358227e-02
5.261861e-02
2.351503e-03
7.888917e-02
3.958839e-04
3.982235e-02
1.682401e-02
2.366305e-01
1.548205e-02
3.865949e-02
4.167473e-03
3.428759e-03
2.719920e-02
6.943523e-02
4.703005e-02
6.124556e-05
1.203566e-02
6.796912e-04
1.072343e-03
7.800295e-03
3.544276e-02
5.498267e-04
3.611920e-03
2.924853e-04
1.069138e-02
1.173824e-02
2.100604e-02
4.117940e-02
2.095758e-02
2.240294e-06
4.203565e-02
2.162330e-02
9.562621e-02
1.134080e-01
3.920675e-02
1.038563e-02
6.186008e-03
1.844799e-02
1.932108e-03
7.397329e-02
1.323703e-02
2.006566e-01
4.404971e-03
1.102509e-02
3.595315e-02
1.170362e-01
4.171570e-02
3.400005e-02
1.215849e-02
4.745269e-02
4.937326e-02
5.752393e-02
2.227816e-02
1.598797e-02
4.616415e-02
1.184426e-02
5.962464e-02
4.423029e-02
2.750831e-01
5.238019e-05
6.146399e-02
7.206119e-03
2.620242e-02
3.881682e-03
3.218660e-02
9.886396e-04
2.023843e-04
1.087287e-01
8.012446e-03
4.567280e-02
4.539998e-02
1.086387e-02
1.040316e-02
1.196448e-01
1.665107e-01
1.910060e-02
7.283808e-02
3.900635e-03
3.607226e-02
2.173521e-03
7.039446e-03
6.615662e-04
9.171384e-03
7.610499e-02
4.225936e-02
6.064293e-02
3.933957e-04
1.314493e-02
4.463724e-02
8.166946e-03
3.751600e-02
1.011460e-01
1.485097e-01
4.592514e-02
2.599999e-02
2.941358e-03
2.016787e-01
3.088425e-02
7.095152e-03
7.660558e-04
1.974854e-01
5.689115e-03
2.960058e-02
1.350810e-02
2.836776e-02
1.121705e-01
7.537126e-04
2.767281e-01
1.217073e-01
5.168240e-03
4.117138e-02
3.702815e-04
1.427358e-03
7.535720e-03
8.073979e-02
8.699546e-02
2.812620e-02
6.472395e-02
6.495811e-03
9.215610e-03
1.468418e-01
4.268876e-03
1.709272e-02
3.764991e-03
8.152287e-03
4.491009e-03
1.010900e-01
2.511589e-03
5.274488e-02
3.975542e-02
6.564869e-02
1.181544e-01
3.359116e-02
1.562675e-01
1.109325e-02
1.648652e-02
1.393633e-02
2.557127e-01
3.855446e-01
1.768926e-01
1.798990e-02
2.443929e-02
4.138469e-03
3.136520e-02
2.028761e-03
1.024884e-02
6.791766e-02
1.531677e-02
6.073900e-02
1.275550e-02
1.340891e-03
7.972764e-04
8.005827e-04
6.496939e-02
1.897109e-02
1.289241e-01
1.352504e-01
4.333708e-03
1.452870e-06
1.409762e-03
3.439678e-03
1.238566e-02
1.458798e-04
5.322825e-02
2.665248e-02
5.341737e-02
1.080278e-02
2.729879e-02
1.468161e-02
3.171841e-02
8.596083e-03
8.284230e-02
4.146472e-04
6.409497e-05
2.979040e-02
7.688263e-02
8.301602e-03
9.118235e-02
1.134544e-01
2.841135e-01
6.703676e-04
1.741999e-02
8.950617e-03
5.224966e-02
4.303500e-02
5.021320e-03
1.184600e-02
1.034134e-03
7.396536e-03
1.193466e-01
2.402726e-03
1.377960e-01
2.590574e-02
1.259988e-01
1.275960e-01
3.804752e-02
2.604948e-02
6.707749e-02
6.339136e-02
5.386697e-03
7.939108e-02
3.963406e-02
2.198656e-02
6.195271e-03
7.018151e-03
5.078155e-04
9.876563e-02
1.642743e-02
2.643819e-04
1.230773e-03
2.039595e-02
6.274559e-03
1.374806e-01
1.355229e-02
1.022863e-02
4.811768e-04
2.486973e-04
6.574890e-02
3.615274e-03
3.758957e-02
1.475219e-02
3.074396e-02
1.945141e-02
2.108684e-03
1.072552e-03
1.276516e-02
1.351280e-02
1.509474e-02
1.693413e-01
4.353888e-03
9.573261e-02
1.623544e-02
1.960054e-01
9.108078e-03
3.431400e-02
4.045001e-03
2.051087e-03
1.093162e-01
5.978265e-02
5.257093e-03
1.469645e-01
7.004457e-04
5.827656e-04
1.527142e-04
3.161027e-01
5.812055e-04
1.392891e-01
2.822582e-01
8.560694e-02
1.132747e-04
1.492172e-02
1.031893e-01
7.969849e-03
1.174419e-01
2.370094e-02
4.439643e-02
1.713801e-01
6.951178e-03
3.508228e-02
2.525326e-01
7.835229e-03
7.859090e-02
2.656785e-05
2.500525e-02
2.694752e-03
2.717696e-02
2.184693e-02
3.746671e-03
1.602242e-01
1.971581e-02
1.376929e-02
5.453139e-02
5.251851e-02
1.634017e-02
3.558318e-02
6.477239e-01
2.282695e-02
3.842003e-03
4.092609e-02
7.229363e-02
2.377135e-02
1.672141e-01
6.780425e-02
7.937056e-02
3.717636e-07
3.169275e-02
4.146776e-02
8.086434e-02
2.862293e-02
7.230698e-02
3.085886e-02
2.536395e-02
8.872925e-03
2.562518e-02
6.435081e-04
1.361018e-01
3.751925e-02
4.662891e-02
4.269348e-02
7.708174e-01
9.630129e-04
9.932425e-02
1.227280e-01
1.372161e-01
5.226586e-02
8.697197e-03
1.323378e-02
4.906994e-02
1.824379e-03
5.361765e-02
6.264133e-03
3.699218e-01
8.884275e-02
5.110071e-04
3.522021e-02
1.219721e-01
4.758255e-02
8.967556e-04
4.645950e-02
8.173813e-02
3.865597e-05
1.096071e-02
2.039244e-04
3.437337e-02
7.532376e-02
1.718687e-02
1.873616e-01
8.221401e-04
7.729733e-03
4.514180e-02
3.020644e-01
9.112218e-03
1.739635e-02
1.256066e-03
5.799735e-03
8.935680e-03
1.063355e-02
2.837458e-02
7.282660e-02
3.415946e-02
3.600324e-02
1.158542e-01
1.410254e-01
2.188751e-02
3.152636e-04
2.112684e-02
2.499250e-02
1.112946e-03
8.787775e-02
2.837148e-01
1.743220e-01
1.326281e-02
5.962271e-02
1.116719e-01
2.708561e-01
4.426746e-02
1.116139e-01
1.365068e-02
3.626823e-02
1.487251e-03
3.216720e-02
1.205008e-03
9.979101e-03
2.018390e-02
2.247624e-03
3.316776e-02
7.974740e-03
4.316265e-03
2.377797e-02
1.252604e-03
3.661104e-02
8.455023e-02
1.088706e-01
1.479548e-01
9.990317e-03
3.760982e-01
1.917177e-01
7.685021e-02
8.483051e-02
5.758853e-02
6.113411e-02
6.020578e-06
2.804255e-03
1.782187e-01
9.002989e-02
7.208415e-02
