5.542086e-02
2.198717e-01
1.782823e-02
1.031568e-02
3.430351e-03
3.854671e-02
1.659036e-03
8.437640e-03
8.892806e-02
1.166527e-03
4.103228e-02
1.024042e-02
1.933584e-03
5.639767e-02
2.850401e-02
6.127807e-02
3.903781e-01
3.086381e-03
1.256938e-01
8.936285e-03
8.214018e-02
4.255899e-02
1.774572e-03
8.192943e-02
3.349622e-02
9.531020e-02
1.699743e-02
4.673572e-02
2.864443e-02
4.056169e-04
2.005634e-03
5.011421e-02
1.020341e-02
2.054499e-02
3.871854e-04
1.092629e-06
4.029318e-05
1.039137e-01
2.606121e-02
8.293335e-03
1.146078e-03
3.592594e-03
1.527699e-02
1.191419e-02
5.039564e-03
2.997923e-03
2.861398e-02
3.294985e-02
3.115417e-03
9.379489e-04
3.403820e-02
6.956205e-02
7.714610e-02
1.365888e-01
5.668187e-02
6.789347e-04
3.679856e-02
7.432160e-04
2.658160e-04
4.418754e-02
4.463812e-02
1.496738e-02
7.056355e-06
2.239123e-01
3.029513e-04
2.874982e-02
6.111992e-02
5.315431e-02
9.387236e-03
4.177030e-02
8.194933e-02
5.448542e-04
1.397402e-02
1.027255e-02
7.520205e-03
1.036279e-01
6.913865e-02
4.880794e-02
8.223405e-03
6.717207e-03
4.319473e-03
2.476498e-01
1.351636e-02
6.884084e-02
1.454461e-04
4.182781e-02
3.391524e-03
2.716982e-03
2.689489e-03
9.056264e-02
1.449320e-02
9.328658e-04
1.176820e-01
1.211445e-04
2.428060e-02
9.933378e-05
4.621145e-02
4.197114e-02
2.479772e-02
2.344983e-02
1.598242e-02
2.423936e-02
4.259563e-01
9.114589e-02
8.999512e-02
8.420907e-04
6.635975e-03
7.255776e-02
2.632646e-02
7.036202e-03
1.322279e-03
1.658668e-04
1.376243e-02
2.971286e-02
1.275473e-02
3.118778e-02
1.804136e-02
2.259477e-02
1.667979e-02
9.043864e-03
1.422694e-03
2.284282e-03
3.085205e-02
2.188347e-06
5.259933e-03
1.893941e-02
9.121725e-02
4.337934e-06
3.152362e-03
2.964169e-02
1.202183e-05
8.573190e-03
3.028927e-02
1.045963e-02
2.052520e-03
4.501283e-04
9.222875e-02
1.137770e-02
2.702438e-02
1.495650e-01
2.907593e-02
3.342511e-02
5.418166e-05
1.666444e-01
1.338240e-01
2.562716e-02
3.845096e-02
5.121524e-04
4.272816e-02
2.846566e-03
8.580157e-03
1.358722e-01
2.046091e-02
3.751099e-02
8.006705e-04
5.918010e-02
2.170157e-03
1.841740e-02
1.383833e-02
2.893851e-03
1.462981e-03
1.059641e-02
5.864847e-02
1.156075e-04
3.032564e-02
3.170145e-02
3.380706e-02
9.846877e-02
7.260898e-02
6.728133e-02
5.128326e-01
2.033673e-02
6.646087e-02
4.107280e-04
5.280935e-04
8.445283e-03
2.311546e-02
4.029085e-02
6.427562e-03
5.538794e-02
1.681380e-02
1.695614e-03
6.078247e-02
2.803129e-04
4.838976e-02
1.345724e-02
7.852474e-03
1.178402e-04
3.337980e-02
1.135892e-01
2.079275e-04
3.149386e-04
1.020876e-03
8.792829e-03
1.186656e-01
3.220891e-03
2.043264e-02
3.254807e-03
2.507187e-01
1.303007e-02
2.593889e-01
7.065251e-03
9.147426e-02
2.677366e-03
1.851500e-01
3.060573e-01
5.429668e-02
6.452542e-02
9.823665e-03
1.749718e-05
1.237139e-01
1.046468e-02
1.809310e-02
1.461986e-01
5.174008e-02
1.825700e-01
3.547491e-02
2.530738e-02
2.811573e-03
5.657703e-03
6.626860e-03
4.106477e-02
1.651678e-01
3.372678e-03
7.826816e-02
1.581413e-04
6.347058e-03
2.986662e-03
8.834182e-02
1.348087e-02
5.923058e-02
3.062020e-04
3.401390e-02
9.335121e-04
1.767739e-02
2.068110e-02
2.189880e-02
1.278157e-02
8.648577e-04
4.618000e-02
5.645871e-02
1.169392e-01
8.182446e-03
8.597452e-03
1.480252e-02
4.138023e-03
8.087263e-02
2.963271e-03
4.487793e-04
4.105391e-01
5.897446e-03
7.654617e-03
4.622798e-02
8.991358e-04
3.166423e-02
5.177794e-03
5.441867e-02
5.380852e-04
1.945265e-01
1.671742e-01
8.979476e-03
2.019667e-02
6.581167e-02
3.263022e-03
1.922048e-02
2.348269e-02
7.176616e-03
3.118357e-02
2.850352e-02
3.491690e-05
4.784244e-03
9.559611e-02
1.558392e-01
1.339014e-02
2.487284e-02
1.883283e-02
1.581903e-01
2.368490e-02
7.304273e-03
2.426275e-03
2.449572e-02
5.552759e-02
9.144505e-02
2.112544e-02
5.398038e-02
3.563835e-02
3.001249e-02
1.710727e-03
7.177139e-02
2.505402e-02
3.033152e-02
2.967300e-01
8.721997e-02
2.381302e-02
5.626401e-02
1.752930e-01
1.330253e-02
4.604053e-02
9.869992e-04
4.436979e-02
9.490371e-03
1.454874e-01
2.072680e-02
1.761791e-05
7.176481e-02
5.953126e-02
1.038228e-02
2.479570e-02
4.535327e-02
5.144519e-02
2.038995e-01
1.380928e-01
3.372115e-04
1.026743e-02
6.128592e-03
1.559758e-01
4.703325e-02
3.374913e-01
2.404730e-02
3.607176e-02
7.155467e-02
1.250572e-01
4.404744e-05
1.176688e-05
9.915889e-04
1.723841e-04
1.847225e-02
4.171777e-03
7.795826e-02
6.322686e-03
1.966864e-02
5.900661e-02
2.771784e-02
8.706685e-02
1.646707e-02
5.825506e-03
6.265639e-02
2.067433e-02
4.574585e-02
7.897395e-02
1.947499e-01
1.787677e-02
3.100095e-03
2.832078e-02
1.195405e-03
2.698576e-02
1.397605e-01
2.356657e-03
6.298785e-02
1.025778e-02
1.469432e-03
1.054931e-02
1.806993e-01
1.648528e-01
6.172407e-04
4.132909e-03
2.032638e-03
1.234077e-02
1.538848e-01
4.902748e-03
8.271291e-05
2.903152e-01
4.801087e-03
3.822028e-03
1.134824e-02
1.383946e-04
1.762419e-02
3.652345e-03
8.315103e-03
6.739187e-02
1.490148e-02
1.935201e-03
2.471855e-02
5.416671e-05
1.639601e-01
5.015171e-03
3.576617e-02
5.495992e-02
6.143666e-02
1.281274e-03
1.519406e-01
7.193460e-03
5.647584e-03
3.100377e-03
3.422215e-03
3.664298e-02
2.149082e-02
1.866386e-02
1.728881e-01
6.468723e-02
2.916620e-01
7.335019e-02
2.815046e-02
8.378149e-02
2.296983e-03
5.577574e-03
3.706595e-02
8.630458e-02
1.807197e-01
7.655971e-03
6.820289e-02
1.656105e-02
2.489761e-03
1.854189e-04
1.857514e-04
1.592244e-02
8.152942e-02
3.119452e-01
7.005253e-02
1.169071e-01
4.401706e-02
2.608350e-02
1.230226e-03
1.115222e-01
1.667097e-02
4.554166e-02
1.856511e-03
1.928479e-01
4.891664e-05
1.147148e-02
1.611929e-01
1.970814e-03
1.404444e-01
9.001355e-03
5.660355e-02
1.930376e-01
6.138683e-03
4.323532e-02
4.091438e-02
4.566213e-02
9.005589e-02
8.078930e-06
1.082469e-02
3.255289e-04
2.754296e-02
5.115425e-05
3.111274e-03
1.231995e-03
5.565871e-04
3.026469e-02
5.657900e-03
4.368703e-02
1.669287e-02
1.579871e-01
4.573269e-02
2.126043e-01
2.173431e-02
1.715223e-01
6.008101e-02
5.115116e-02
6.898170e-03
1.646891e-02
7.122733e-02
2.169480e-01
4.352337e-03
8.865730e-02
1.535014e-01
6.028519e-02
5.785711e-04
3.448364e-04
7.485836e-02
1.297627e-04
3.125587e-01
5.852042e-02
5.520173e-03
1.022308e-02
7.900916e-02
8.771048e-03
3.815711e-01
1.519186e-02
2.340912e-01
3.892136e-03
2.478301e-02
5.308833e-02
7.606873e-03
5.951018e-03
4.469346e-02
1.386541e-04
1.715633e-01
4.416226e-02
3.436933e-02
2.452478e-03
6.890190e-04
1.581859e-02
2.739003e-02
6.412580e-02
1.862785e-02
1.454477e-02
9.093409e-04
5.603080e-02
1.843741e-02
6.176785e-02
3.315060e-01
7.697828e-02
8.667410e-02
8.776842e-02
1.761224e-02
5.980412e-02
2.820361e-02
5.017823e-02
6.049591e-02
1.285639e-01
1.369461e-01
3.439083e-03
2.149587e-02
1.907196e-02
1.587451e-01
1.295382e+00
1.311529e-03
1.254347e-02
1.209620e-01
6.624719e-02
4.735015e-02
2.962371e-01
8.729095e-03
1.777988e-01
2.472481e-02
7.733912e-02
3.390795e-02
1.000586e-03
2.688668e-02
1.271256e-02
5.439784e-02
3.779083e-03
1.571115e-01
2.274276e-01
3.609757e-05
3.127485e-02
2.493840e-02
6.393907e-02
9.954229e-02
3.171368e-04
8.761990e-03
9.965128e-04
2.185758e-02
3.206942e-02
1.106792e-03
1.560008e-01
3.394152e-02
1.006235e-02
3.685280e-03
1.454781e-01
4.312923e-02
3.588558e-02
2.478833e-01
1.257456e-01
4.526032e-02
6.645471e-03
1.194612e-02
2.779951e-03
1.576604e-02
1.781288e-03
2.844713e-01
2.976735e-02
2.846103e-01
1.776977e-03
1.009192e-02
5.751287e-02
2.206884e-03
1.218228e-01
2.623448e-03
4.704004e-03
5.839036e-02
1.501031e-01
1.570063e-01
1.364231e-01
1.301554e-02
5.392058e-03
1.389481e-02
4.245257e-02
8.351040e-02
2.593189e-04
5.935402e-02
3.993001e-02
2.011018e-02
3.809609e-04
2.827814e-07
4.273331e-02
6.732962e-02
5.502326e-04
4.231206e-02
6.495440e-03
3.093822e-04
1.745129e-03
2.427631e-05
1.949158e-01
5.845906e-02
6.936089e-02
4.667514e-02
1.651457e-01
1.340049e-01
1.014360e-03
1.969582e-01
1.504879e-02
