6.841462e-03
1.180497e-03
4.800477e-02
3.188292e-03
1.759882e-03
4.051472e-03
5.044642e-03
5.511256e-02
6.536044e-03
7.731136e-05
9.417084e-02
1.554457e-02
1.105849e-03
1.323162e-03
2.650936e-03
6.015431e-02
8.369838e-02
3.511887e-03
7.551172e-02
3.233968e-02
9.585808e-03
5.773236e-02
7.024279e-03
2.972785e-02
1.312864e-01
1.066741e-02
5.594577e-03
5.342487e-02
1.205405e-01
1.738971e-02
2.249173e-02
2.355991e-02
1.962542e-01
1.130242e-03
2.851147e-01
3.546561e-02
8.656454e-02
1.915956e-02
4.128063e-03
2.560551e-04
3.479370e-02
1.864285e-03
2.533929e-02
5.987414e-02
1.971253e-01
3.030484e-04
1.588174e-01
1.466003e-02
2.197372e-02
2.028183e-02
7.404876e-04
1.392735e-02
9.481768e-03
1.531585e-01
2.892326e-04
2.211794e-01
6.886986e-04
1.459213e-02
9.620955e-02
9.778350e-02
7.435998e-03
7.288903e-03
2.321428e-02
5.668965e-03
1.087335e-02
5.129230e-02
2.137981e-02
1.284000e-03
5.795714e-02
2.257987e-03
1.190759e-01
1.431056e-01
7.225448e-03
3.227926e-04
1.322409e-01
1.120074e+00
8.554137e-02
7.957391e-03
5.127611e-02
5.049144e-02
1.918712e-01
8.151390e-02
2.940201e-02
6.700062e-06
9.315501e-02
1.684267e-02
4.835162e-02
1.180063e-01
3.455609e-03
7.781321e-04
2.859984e-02
5.776933e-03
3.471089e-03
2.451295e-01
6.171396e-02
2.725253e-02
7.578460e-03
2.359137e-02
2.960531e-01
2.949725e-02
2.621618e-02
4.131097e-02
6.932441e-02
2.217999e-02
4.187666e-03
1.050226e-02
2.933438e-01
8.288781e-03
4.420626e-02
1.930115e-02
6.367202e-05
1.210490e-01
1.427074e-01
1.372122e-01
1.401299e-03
5.473671e-02
8.167060e-02
8.733610e-02
6.366770e-02
2.473933e-03
3.935251e-02
8.617256e-02
1.665360e-02
1.047346e-01
4.716807e-03
1.628166e-02
6.552155e-02
2.248403e-01
6.417783e-03
1.577163e-02
1.270808e-04
7.042900e-02
1.401491e-05
2.850289e-02
3.014807e-02
8.470833e-02
6.753569e-02
1.398553e-01
2.105888e-02
2.047516e-01
5.703497e-04
1.610445e-02
1.396917e-03
1.849531e-02
1.308358e-02
5.391206e-02
7.715647e-02
2.923555e-01
3.853317e-02
1.403197e-03
1.565047e-03
7.106433e-02
5.011136e-02
4.043084e-01
8.309238e-02
1.153255e-02
1.352766e-03
3.720542e-02
1.047631e-03
3.443013e-03
3.444946e-03
2.078696e-03
4.565809e-02
4.687628e-04
8.974640e-02
1.788883e-01
3.251349e-06
1.714820e-02
7.386679e-03
1.535449e-02
1.895395e-02
1.203587e-01
1.548840e-01
8.549632e-03
4.622178e-03
1.291247e-01
1.010253e-02
3.065396e-03
2.667587e-02
5.864388e-02
5.507002e-02
5.749847e-03
3.291221e-01
1.049550e-02
1.740155e-01
1.834666e-01
1.897694e-03
5.664571e-02
6.237317e-02
1.832977e-02
1.198085e-01
2.784701e-02
3.388866e-02
2.536481e-02
3.276428e-01
2.707793e-03
3.586768e-02
3.910605e-02
5.457028e-02
1.181656e-01
1.783418e-03
7.577637e-02
2.333715e-02
1.491099e-02
2.115630e-02
2.403483e-03
1.505494e-01
2.898475e-02
4.649606e-02
2.034448e-02
1.313666e-01
3.054855e-03
2.407823e-01
1.118487e-02
6.320051e-02
1.203740e-02
1.021612e-03
2.040950e-02
8.427701e-05
1.339124e-02
1.003910e-01
1.729987e-02
8.332279e-02
8.546959e-02
7.666000e-02
1.915619e-01
9.158625e-03
2.056178e-03
2.104265e-07
1.110922e-01
6.827900e-03
1.479332e-01
2.546849e-01
2.327512e-04
7.089344e-04
2.078851e-02
3.264939e-02
3.975427e-04
1.526889e-03
1.564660e-02
6.848667e-02
2.501094e-03
5.473300e-02
7.139488e-03
1.943625e-02
7.618385e-02
3.959715e-04
2.982054e-03
4.616094e-02
1.345873e-01
9.028426e-03
5.622641e-04
9.705145e-05
2.885840e-02
1.337637e-04
2.407348e-03
8.697559e-06
1.677157e-02
7.280060e-04
2.747018e-01
3.875178e-01
5.785106e-02
1.076810e-01
2.805126e-02
6.698627e-03
2.842959e-02
1.063165e-04
1.013552e-03
2.375490e-02
4.959922e-03
1.163712e-01
3.825038e-02
4.437089e-02
5.632398e-02
3.132159e-02
4.466238e-02
6.596486e-02
1.413816e-01
7.443245e-04
1.417531e-01
5.967485e-04
1.631235e-01
9.646295e-02
1.601993e-04
1.444474e-02
8.016400e-03
9.427261e-02
6.488616e-02
7.125742e-03
6.527965e-03
1.026157e-01
1.175667e-01
7.382956e-02
8.189645e-02
5.773771e-03
2.415377e-02
1.861583e-03
1.100958e-03
1.502865e-01
5.595355e-02
7.148932e-02
2.319412e-02
4.622538e-02
7.004586e-03
1.413013e-02
1.610115e-02
1.798847e-01
1.210972e-01
2.850447e-02
9.357659e-03
5.593508e-03
3.575006e-03
1.097800e-05
2.393338e-03
4.879608e-04
3.844545e-02
7.932691e-03
1.426629e-01
3.191233e-02
7.476868e-02
2.184802e-02
2.760137e-02
3.012644e-02
2.809664e-01
6.152618e-04
1.760400e-02
3.776725e-02
2.153367e-01
2.864736e-02
1.280936e-02
1.269517e-01
4.310658e-02
3.092883e-04
7.272429e-04
1.483580e-03
1.505550e-01
1.127017e-03
3.139883e-03
1.031550e-02
4.196335e-03
3.161551e-02
6.294512e-02
6.852881e-02
8.513918e-02
2.178390e-01
1.687474e-01
6.167302e-03
3.626620e-02
1.169894e-01
3.172876e-02
7.567429e-03
1.662479e-03
6.802000e-02
2.086645e-02
4.291736e-03
5.157839e-02
1.776169e-01
1.594197e-01
2.739021e-03
5.498000e-02
3.921492e-02
4.467594e-02
3.121275e-03
3.486968e-03
4.155434e-01
4.934383e-02
9.648795e-05
4.060829e-02
2.022145e-02
5.972786e-03
3.004260e-02
2.038209e-02
5.589503e-03
2.439929e-01
2.602216e-02
7.858656e-03
8.902512e-03
5.727549e-04
2.226503e-03
5.012247e-02
2.294679e-02
2.760699e-02
2.062702e-01
4.134503e-02
1.037079e-01
1.321091e-03
4.611447e-02
1.891149e-02
9.346531e-04
7.919530e-02
1.005308e-01
5.896072e-02
8.796957e-03
1.410692e-05
6.667918e-02
1.460413e-02
6.368821e-02
2.249531e-02
5.454622e-05
4.452285e-03
1.298334e-02
6.980950e-04
4.195191e-03
1.879568e-02
7.706228e-02
1.538414e-04
4.113583e-03
1.012982e-02
5.716137e-03
4.228651e-02
1.320769e-01
1.239303e-01
1.039457e-02
3.097488e-02
7.655610e-03
1.448487e-02
1.261426e-03
3.166529e-03
2.956153e-01
5.598629e-02
9.494398e-02
6.336804e-02
1.470592e-02
3.692293e-04
6.915996e-02
1.736706e-03
2.141846e-01
2.469251e-01
1.438160e-01
1.271373e-01
9.329943e-04
9.038221e-02
2.369166e-02
9.232908e-02
1.900945e-01
6.095509e-02
7.213120e-03
2.393016e-02
1.324388e-03
1.906699e-02
3.544867e-02
1.450246e-02
8.660490e-02
2.034120e-01
3.618666e-03
4.230019e-02
7.046941e-03
6.080885e-02
7.663339e-04
2.944221e-02
7.159950e-03
1.266548e-02
3.930179e-03
3.821202e-02
1.857928e-01
1.631307e-01
1.596049e-01
5.089882e-02
7.644004e-03
4.323382e-03
4.016221e-02
2.672721e-04
3.150023e-03
6.116506e-02
2.811558e-02
2.808390e-03
8.307916e-02
9.910563e-02
1.326814e-01
5.836224e-03
1.458496e-03
7.988644e-02
1.092077e-02
1.585169e-01
7.202586e-03
4.648966e-04
4.657354e-02
1.858496e-02
2.791018e-01
1.419122e-01
1.898700e-02
4.555260e-02
7.159358e-02
3.195997e-02
1.420121e-02
1.673652e-03
2.215323e-02
2.512424e-02
2.384021e-04
3.722407e-02
8.735783e-03
4.048548e-03
8.672069e-02
1.537645e-02
1.907004e-01
4.357725e-03
6.686870e-04
3.620444e-04
4.590895e-02
1.191828e-01
2.523806e-01
1.469492e-02
9.906985e-05
5.132444e-02
5.148233e-03
5.421409e-03
2.728179e-02
2.039519e+00
2.771089e-03
3.302503e-04
6.479955e-02
1.603483e-01
2.117086e-02
3.788638e-02
6.647953e-02
1.710014e-02
1.291592e-02
1.747799e-02
6.916839e-04
1.457132e-02
1.089929e-03
1.787565e-01
5.609888e-02
3.298774e-03
6.094954e-03
2.415074e-01
7.528597e-02
2.425726e-03
4.373581e-04
1.134824e-01
5.356015e-03
5.968473e-02
4.618633e-02
8.407252e-02
2.543808e-02
1.078843e-01
1.834735e-03
1.228978e-02
1.034494e-01
8.206096e-04
7.536153e-03
3.900065e-03
5.802100e-02
1.054447e-01
2.813511e-03
3.685019e-02
6.641976e-03
2.923211e-02
8.826191e-02
5.223767e-02
6.998359e-02
1.305301e-02
3.556173e-02
5.591297e-01
4.359436e-04
3.806541e-02
3.103358e-02
1.690869e-02
4.378536e-02
1.891449e-02
1.911325e-01
6.543848e-03
3.135991e-03
3.031323e-03
4.006050e-02
5.844660e-04
4.589598e-02
2.325547e-03
7.957029e-04
1.986485e-02
1.685123e-02
2.470435e-03
8.213016e-02
5.243873e-03
1.517390e-03
2.071547e-03
3.772266e-02
9.708192e-02
1.491345e-01
7.008086e-03
1.171066e-03
4.954061e-02
1.774852e-03
4.463255e-03
4.905297e-02
1.227594e-01
7.352218e-03
2.696510e-01
4.175186e-03
9.062507e-02
6.376757e-03
1.091204e-02
4.874387e-03
1.761719e-02
