3.723517e-02
7.107610e-02
2.796516e-03
3.346621e-02
1.430792e-04
8.388594e-02
1.486858e-02
4.871726e-04
1.144831e-02
9.894173e-03
2.012158e-02
4.322352e-01
6.425240e-02
5.283068e-02
2.265367e-01
5.794753e-04
3.403763e-02
2.069325e-02
1.779133e-01
1.284233e-02
1.044837e-01
2.224018e-03
6.962768e-03
1.015427e-01
9.074055e-03
2.234538e-02
3.218044e-02
5.427535e-02
4.511704e-04
1.880144e-02
1.171504e-01
4.143928e-03
1.617396e-01
3.719413e-02
2.947780e-06
9.069696e-02
9.669322e-03
1.858589e-03
1.764927e-02
1.766368e-03
3.589495e-04
1.283232e-02
4.731665e-02
1.460857e-02
4.908425e-02
1.036102e-01
1.072996e-01
1.980279e-02
2.745444e-02
3.062479e-01
8.562759e-03
1.687681e-02
1.862883e-01
1.294183e-02
1.986815e-01
1.527972e-02
3.264198e-02
1.624190e-03
4.401044e-03
9.416823e-02
2.409843e-01
3.969021e-03
3.327292e-01
2.977204e-01
8.008677e-02
4.987304e-03
7.223091e-05
1.757424e-02
1.212421e-02
1.100958e-02
4.671037e-02
4.872538e-02
8.297069e-02
9.520459e-02
5.642318e-02
2.146371e-02
2.264043e-02
1.877156e-01
1.170813e-01
2.778614e-02
2.094481e-02
5.421111e-03
1.634524e-02
8.209310e-02
5.074069e-03
9.248711e-04
6.651020e-04
7.581613e-03
2.534255e-02
1.277786e-02
3.255409e-03
7.480243e-02
1.166662e-03
7.917425e-02
1.077080e-01
1.295437e-02
4.657517e-03
1.137286e-03
4.791286e-02
5.842920e-04
3.110464e-04
8.715341e-03
6.849618e-02
1.446050e-02
2.592201e-02
1.245547e-02
2.107928e-02
1.735748e-02
2.313087e-02
9.245336e-03
2.296993e-03
1.850901e-01
3.323839e-01
8.915255e-02
1.164426e-02
3.666184e-03
4.237070e-03
9.675142e-02
3.562634e-02
6.161289e-03
4.133776e-02
9.998203e-03
1.430542e-02
5.549298e-03
6.114721e-03
1.407331e-02
2.408844e-02
4.020520e-02
3.921340e-02
1.301654e-01
4.891160e-02
1.111106e-02
1.542205e-02
3.666548e-02
4.315882e-02
1.268690e-02
1.444225e-01
3.193881e-03
1.635691e-01
6.102921e-03
5.299298e-04
1.636360e-01
9.243008e-04
1.534112e-02
6.809034e-03
9.714883e-02
9.611739e-05
3.441161e-02
1.754361e-02
1.350583e-02
4.396741e-02
7.732895e-02
8.046431e-03
8.668719e-02
1.325610e-02
1.305351e-04
3.527618e-03
2.418413e-03
2.459028e-03
1.349190e-01
3.018650e-03
2.754897e-02
6.951420e-04
3.091434e-03
1.318814e-01
3.622083e-03
9.497438e-03
1.132197e-01
8.025688e-02
8.541393e-04
9.038736e-02
2.905229e-02
3.870888e-03
5.373817e-02
1.212530e-01
1.361993e-02
1.335500e-01
6.179059e-03
1.158517e-03
3.798089e-02
1.418240e-01
3.534051e-02
2.783539e-02
4.085687e-03
7.603409e-03
3.047537e-02
3.616226e-02
8.254309e-06
1.421603e-02
3.172989e-02
7.053309e-02
9.549762e-03
7.229916e-02
1.606307e-02
1.427201e-01
4.169896e-02
1.398537e-03
8.654357e-03
3.644058e-02
2.555235e-01
1.491049e-02
2.184004e-04
1.147248e-01
2.435944e-02
7.301950e-02
2.517206e-03
2.780835e-02
6.566269e-03
1.173812e-01
5.714812e-02
7.793462e-02
1.050221e-02
6.401191e-02
2.787899e-02
1.961788e-01
5.710252e-02
1.161982e-01
4.233862e-02
4.768411e-03
1.967892e-02
3.443203e-01
1.433770e-02
3.026292e-02
6.300384e-03
7.140869e-03
2.985210e-02
6.743686e-02
1.092481e-01
1.815348e-02
4.142555e-02
1.132754e-01
1.018056e-01
2.926747e-02
6.108306e-02
1.214297e-04
8.315634e-03
4.759361e-02
8.812171e-02
3.000652e-03
5.850494e-02
3.666045e-02
9.741518e-06
2.924603e-03
1.540472e-03
2.925290e-02
8.295174e-02
5.497504e-02
6.682814e-02
2.073698e-03
1.084283e-02
2.209769e-03
4.148872e-02
3.149897e-02
3.158620e-04
5.304135e-07
1.260810e-03
1.476433e-02
2.241434e-02
2.557787e-02
1.488711e-02
5.216699e-02
1.079874e-01
9.941941e-05
2.303860e-02
1.611259e-01
8.483974e-03
4.609217e-05
1.622766e-02
2.648991e-06
1.747536e-01
1.330699e-01
7.801596e-03
5.717666e-02
4.505600e-03
8.714336e-03
1.452735e-04
8.640436e-03
3.582600e-02
2.759478e-02
5.606000e-02
7.729496e-02
7.499962e-02
1.083272e-02
1.386861e-01
4.199174e-03
1.517988e-02
6.577438e-03
7.851836e-04
1.841307e-02
4.195025e-02
2.615516e-01
3.736117e-03
9.207894e-02
6.814576e-02
5.673416e-04
1.449376e-01
2.881509e-01
7.118120e-04
2.395513e-01
1.642163e-02
1.296067e-02
4.794436e-02
9.066934e-02
2.083065e-02
8.722499e-03
9.985007e-04
2.205892e-03
8.356194e-02
3.573605e-03
1.206355e-02
1.530664e-02
4.924496e-03
7.430040e-03
1.317378e-04
2.460973e-03
3.777293e-03
4.471524e-02
1.772338e-02
4.373980e-04
7.834526e-03
2.981952e-04
3.688301e-03
4.535447e-04
9.421473e-02
4.446318e-04
7.699374e-03
1.797767e-02
4.441247e-04
1.575953e-03
3.707267e-02
2.511501e-01
1.034799e-01
1.610839e-01
1.857066e-02
2.581030e-02
7.636455e-04
5.949371e-02
6.653333e-03
1.218387e-02
2.326730e-02
1.648515e-03
5.840703e-03
2.796364e-02
6.952132e-02
7.424551e-03
1.162796e-02
3.191271e-03
9.102261e-02
6.737977e-04
3.046785e-02
3.336019e-04
9.587686e-02
8.822455e-04
6.997312e-03
1.142191e-04
1.950706e-02
3.496914e-02
1.908188e-02
4.587865e-02
1.160668e-02
5.816714e-02
1.016532e-02
1.018107e-02
2.536718e-02
2.028028e-02
9.998173e-04
3.699823e-02
5.683573e-03
4.278395e-02
2.780394e-06
3.009299e-03
1.528050e-02
5.543028e-02
1.078760e-02
8.826729e-02
8.756404e-02
2.301677e-02
3.341537e-02
7.798413e-02
9.375263e-03
9.757814e-02
2.384816e-05
1.902728e-03
7.088795e-03
2.069655e-02
9.020494e-06
3.029398e-03
1.501531e-01
1.215698e-01
1.180474e-02
1.856981e-01
7.788335e-02
1.272233e-01
1.044979e-01
1.473535e-01
5.702265e-02
9.872654e-02
3.486940e-02
1.410770e-01
3.532640e-02
4.569692e-02
1.528620e-02
1.465208e-02
1.535386e-01
1.036286e-02
4.063762e-02
1.195028e-01
2.501807e-02
2.782118e-02
4.338982e-03
6.540239e-02
9.396392e-03
1.510003e-04
1.674778e-02
1.081467e-02
2.018811e-03
3.649901e-03
3.156208e-02
6.924144e-03
9.536310e-02
7.898648e-04
4.275226e-02
1.087278e-02
5.091864e-04
7.167045e-03
1.223036e-02
4.050040e-03
7.681269e-02
5.898522e-02
1.221882e-02
8.322507e-02
1.557583e-02
4.173533e-02
2.916372e-03
9.857025e-05
1.905863e-01
6.467534e-04
4.708249e-03
2.274242e-02
2.029479e-02
2.631983e-03
4.370962e-02
1.126181e-01
4.276523e-02
1.298132e-01
4.256160e-02
3.473330e-02
6.259151e-02
8.150883e-03
4.456998e-02
9.496486e-02
1.947883e-02
4.875852e-02
2.858013e-02
5.140745e-03
1.845939e-03
8.372374e-04
3.360316e-03
1.865640e-02
1.569584e-01
3.221805e-06
6.738261e-03
8.259312e-02
2.409881e-02
1.391915e-01
3.765430e-02
1.510244e-01
3.509924e-02
3.056816e-02
3.416537e-02
2.226887e-01
2.523665e-01
1.831509e-02
7.230999e-02
1.782847e-02
2.441683e-03
8.595603e-04
1.504907e-02
1.451054e-01
3.864983e-01
3.362769e-02
3.017967e-02
3.551044e-02
2.658669e-03
1.391189e-01
1.336086e-02
9.521079e-02
6.118005e-03
1.149666e-01
1.062862e-03
6.761283e-06
2.826377e-04
1.070767e-02
1.096430e-01
4.302983e-03
4.559763e-02
7.444328e-02
7.198301e-08
9.710040e-02
1.045496e-01
8.259678e-03
2.226021e-03
1.801613e-01
2.971498e-03
2.005386e-03
1.320752e-01
2.872965e-03
4.258231e-01
3.418886e-03
1.127716e-02
2.519396e-03
1.869170e-02
2.127317e-02
4.212353e-02
4.075141e-01
7.617948e-02
5.648877e-02
4.471655e-06
1.129635e-01
1.102168e-02
2.592213e-03
5.070933e-02
1.134379e-02
1.045450e-02
4.298029e-02
5.765986e-02
8.962006e-03
6.122705e-03
2.009431e-02
9.249994e-02
2.771801e-02
3.456595e-03
3.893162e-02
1.922835e-02
5.040287e-02
1.634036e-03
3.871079e-04
8.299261e-02
1.381721e-02
1.530642e-05
7.593187e-01
6.612412e-02
2.077520e-02
4.533223e-03
3.935376e-02
3.003344e-02
1.094924e-02
3.738675e-02
1.432758e-03
6.923183e-03
2.034325e-01
1.261198e-02
4.288380e-02
1.072694e-03
1.251178e-02
2.373008e-03
4.766564e-05
2.453897e-02
1.609786e-02
1.173581e-01
1.218018e-01
7.693074e-02
2.124453e-03
1.639780e-01
4.658847e-02
1.399187e-03
5.987340e-03
6.318028e-02
5.742519e-02
3.767759e-02
2.142865e-01
4.288258e-02
3.453055e-02
1.115891e-01
1.884945e-03
5.100155e-02
6.016531e-02
1.597331e-01
2.092114e-02
9.149298e-02
5.416641e-02
3.636974e-03
7.813015e-03
4.364406e-01
6.320594e-03
8.579937e-02
1.667582e-01
4.812487e-04
1.183577e-01
6.407031e-03
4.371880e-02
5.412627e-03
1.158461e-02
5.119723e-05
