4.778980e-02
1.406625e-02
2.406459e-02
8.957953e-03
5.328345e-02
5.254867e-02
1.584301e-02
6.736398e-05
2.062871e-01
7.728210e-02
3.200122e-04
2.931448e-02
2.583455e-02
1.556771e-01
1.463169e-02
1.143510e-02
1.318278e-02
7.774739e-02
9.517942e-03
8.698751e-02
1.086548e-01
5.159777e-03
3.924076e-03
3.196032e-03
3.827330e-02
6.363599e-04
1.237911e-04
1.894743e-01
1.253416e-02
2.037139e-03
2.294144e-03
3.630276e-01
6.362728e-03
6.136922e-04
9.960204e-03
4.662885e-03
1.045401e-01
2.430785e-01
1.092872e-03
6.928494e-03
9.312785e-02
3.534371e-02
5.135086e-02
6.718479e-02
2.324429e-02
3.489773e-09
7.783525e-02
3.891321e-02
2.707245e-02
3.236635e-02
1.781435e-01
7.124197e-03
6.355678e-02
9.065730e-03
2.522189e-01
2.088904e-03
8.959785e-02
1.625678e-01
1.870599e-01
2.681087e-03
2.009146e-01
6.830499e-03
2.202777e-02
1.457985e-02
4.097130e-03
2.274951e-01
1.081966e-01
4.361837e-03
7.278742e-02
2.095499e-03
1.333307e-01
3.719615e-02
2.400395e-03
9.448150e-02
1.052629e-01
1.956060e-03
4.228255e-02
8.761456e-04
1.861186e-02
8.023688e-02
7.149814e-03
4.362018e-03
1.552382e-01
1.198633e-02
5.290765e-02
1.330364e-02
1.875632e-02
7.393819e-02
3.951317e-02
1.055415e-02
5.695192e-02
8.353608e-03
1.685447e-02
6.089475e-03
6.497471e-03
6.729581e-04
2.346974e-01
2.368176e-04
4.168798e-03
9.420034e-02
4.896448e-02
1.540139e-02
4.889526e-04
1.713859e-01
1.533008e-02
1.084977e-02
2.320848e-02
9.053742e-04
2.774251e-01
5.436078e-02
4.088650e-03
7.119220e-02
5.284423e-03
1.442720e-01
1.497474e-02
1.015064e-02
1.446017e-02
1.011707e-02
2.758058e-03
5.683287e-03
1.027962e-01
8.093100e-02
6.219421e-02
2.363580e-02
2.444379e-05
9.263286e-07
1.199721e-03
1.403797e-02
1.203573e-01
1.731123e-03
1.201254e-03
3.257953e-03
9.514528e-02
2.163714e-02
6.770319e-03
1.626100e-03
4.726966e-01
5.553981e-03
3.239451e-01
5.823607e-04
5.080553e-03
3.618162e-03
2.954244e-03
9.353343e-02
2.424482e-02
6.636978e-02
3.308895e-02
9.630173e-04
3.391000e-02
1.372345e-01
2.019021e-04
1.083123e-04
1.088225e-01
9.971353e-02
4.702730e-02
2.374687e-02
1.893789e-02
1.089123e-01
1.975856e-02
1.664606e-02
1.753024e-02
9.723165e-03
1.306717e-02
2.768212e-02
6.283685e-02
1.146339e-02
1.577902e-03
5.692553e-06
4.307812e-02
2.080624e-04
4.361544e-02
1.632723e-01
2.119079e-02
1.284725e-02
1.120614e-01
7.736709e-03
2.949072e-02
9.501501e-02
1.296264e-01
5.624139e-04
2.548567e-02
4.291226e-04
9.801464e-04
7.679128e-02
1.487640e-01
1.276401e-02
4.332137e-02
5.521076e-02
8.974781e-03
2.768729e-04
5.007465e-02
3.740319e-03
1.429544e-01
2.138620e-02
1.032905e-01
3.082210e-01
4.907262e-05
9.436591e-02
1.075576e-01
3.427824e-02
1.967655e-02
9.628329e-03
1.393057e-04
2.746016e-02
2.080540e-02
7.546569e-02
3.120845e-02
1.640958e-01
1.409410e-02
1.004509e-02
1.297948e-01
3.552199e-03
3.650383e-02
1.554087e-03
7.699826e-02
4.118392e-02
1.275469e-03
1.658084e-01
5.569626e-03
8.379820e-02
3.093899e-03
1.583965e-02
9.100987e-02
3.896957e-02
1.104289e-02
1.350992e-02
3.066243e-02
4.536209e-02
9.848534e-02
1.071771e-01
1.001064e-05
4.264650e-02
5.392965e-02
2.508986e-03
1.286494e-03
7.237405e-04
2.542582e-02
5.009878e-02
9.679969e-02
2.002871e-02
2.777599e-02
1.025894e-02
2.934510e-02
2.117982e-02
8.925383e-03
1.408574e-02
3.580960e-02
1.103652e-02
1.154778e-02
4.121820e-02
3.624278e-02
2.647370e-02
4.063881e-03
1.388636e-01
2.322463e-01
4.109953e-02
2.429079e-01
5.240394e-02
6.666042e-03
1.732289e-01
3.609793e-01
1.100497e-02
9.111557e-02
1.995912e-02
4.809643e-02
2.557944e-02
5.387602e-01
1.050250e-01
3.811386e-02
1.675732e-02
1.872004e-01
4.601753e-02
8.303228e-03
4.581726e-02
2.719116e-02
2.061230e-02
2.328366e-02
9.934040e-04
4.810956e-02
1.055418e-03
6.406115e-02
4.872386e-02
2.070470e-01
5.690525e-04
6.662800e-03
8.900924e-02
6.622189e-02
1.460721e-02
2.405474e-01
1.917926e-02
6.420744e-03
7.883165e-02
1.032429e-03
1.597106e-03
2.552960e-03
3.356534e-03
3.998866e-03
1.659377e-01
2.380076e-02
1.151601e-02
5.922425e-02
2.898301e-02
8.423146e-03
8.621465e-04
6.162460e-03
6.458955e-03
1.246191e-02
8.496034e-02
7.040210e-04
6.278188e-02
8.062326e-03
1.705697e-01
4.491904e-02
2.059553e-03
1.820851e-01
4.604468e-02
1.432082e-01
3.844121e-06
7.680359e-05
3.361691e-03
1.070509e-01
5.604081e-01
2.002497e-03
1.332603e-02
1.794872e-03
6.194671e-02
7.057170e-02
1.753797e-03
6.013498e-05
5.114492e-02
2.452229e-03
9.206143e-02
3.062193e-03
4.784259e-05
2.430655e-01
6.513015e-02
4.873999e-02
8.229701e-02
1.351844e-02
4.271370e-02
1.734462e-02
1.938603e-01
1.229684e-01
6.243739e-03
1.006466e-03
1.071942e-04
2.429123e-02
6.163492e-03
6.065482e-04
4.415770e-02
2.241788e-02
7.340272e-03
5.531669e-02
1.200921e-03
8.364425e-02
1.818825e-02
4.227266e-01
5.733535e-02
1.836725e-02
5.159986e-02
1.671221e-02
6.318221e-02
1.956417e-01
1.020978e-01
1.533922e-02
2.509644e-02
6.578916e-03
2.892271e-02
8.798172e-03
1.784434e-01
1.390738e-02
5.355263e-02
1.020476e-01
7.914927e-02
1.159694e-02
2.798577e-02
7.332403e-02
1.292296e-02
4.285777e-05
5.694412e-02
1.220420e-02
1.838016e-03
4.884959e-04
2.491561e-05
5.945156e-02
7.335467e-03
2.419006e-03
1.387258e-03
4.609304e-02
6.563324e-02
3.026780e-03
4.680739e-02
1.463802e-02
2.432897e-02
6.787560e-03
1.421763e-02
4.425877e-02
3.881318e-02
3.543647e-01
5.088685e-03
1.048017e-02
5.014641e-03
9.014295e-03
6.961571e-04
1.907734e-03
6.007463e-03
8.994800e-04
2.214070e-03
7.718367e-03
5.553253e-02
1.100053e-01
1.065536e-02
1.207472e-03
5.712126e-04
5.814745e-02
2.100682e-02
1.010368e-02
2.461267e-01
5.931563e-02
2.561844e-02
4.705317e-02
1.269144e-02
1.919041e-02
5.094277e-03
1.233377e-02
2.323299e-03
2.376044e-01
5.658737e-02
1.407883e-01
5.087601e-03
1.569157e-02
3.121670e-03
3.375729e-03
1.891647e-01
1.092116e-01
2.612809e-02
4.433134e-02
1.174969e-03
4.219772e-06
2.056422e-01
2.084964e-03
5.526245e-04
6.825602e-03
2.389703e-01
5.629142e-02
1.033829e-01
5.500003e-03
2.965511e-01
7.174359e-03
5.183863e-04
1.389034e-02
5.288543e-02
3.919385e-02
4.800275e-03
6.100245e-02
8.155366e-04
5.858861e-02
3.359985e-02
1.786926e-01
6.632063e-03
1.082249e-01
1.035447e-02
2.660906e-01
1.839629e-03
8.342246e-02
7.991526e-03
1.465496e-02
9.467791e-02
2.217159e-01
2.622922e-02
5.009786e-02
2.009486e-02
5.063016e-04
9.381460e-02
8.243441e-02
5.663204e-02
6.763293e-02
1.730951e-02
4.447738e-02
2.971677e-02
5.640051e-02
1.341382e-01
1.210979e-02
3.846667e-02
2.395367e-02
1.272574e-03
1.561881e-01
2.241896e-02
2.637998e-02
5.480386e-02
3.899357e-02
6.302235e-02
2.564294e-02
2.846520e-01
1.519792e-02
2.059837e-01
9.274199e-03
6.651322e-02
1.371898e-01
1.503873e-02
2.319585e-02
3.129467e-02
8.216185e-03
1.235459e-03
6.638775e-03
1.951189e-01
4.908245e-04
2.671861e-02
1.015068e-01
1.000020e-01
1.974384e-01
5.042224e-02
1.820895e-02
4.376078e-03
2.634219e-03
4.772583e-08
1.097390e-02
7.254176e-02
2.831503e-03
1.275353e-02
2.229157e-03
4.373149e-02
1.539524e-03
4.520736e-02
1.819262e-02
1.955525e-02
2.613376e-02
7.563606e-04
5.517215e-04
1.137773e-01
3.202490e-02
1.362956e-01
1.253919e-01
9.226478e-02
4.875486e-03
9.945964e-03
4.036566e-03
6.364217e-03
1.063689e-02
1.595214e-04
3.811807e-02
1.879551e-04
4.122928e-04
9.937814e-02
1.941048e-01
1.697167e-03
5.746429e-02
1.338688e-01
1.259479e-02
2.005003e-02
5.310600e-02
5.899017e-02
4.155595e-02
1.165969e-01
9.969361e-03
1.962502e-01
6.849204e-02
1.180608e-02
1.333199e-02
1.091327e-01
9.675673e-02
9.659769e-03
1.587390e-02
1.324380e-01
5.187882e-02
1.358879e-01
1.091734e-02
1.071801e-01
1.137177e-02
4.596592e-03
4.706852e-03
4.565398e-04
1.642121e-01
5.227532e-02
4.242263e-02
3.780488e-02
1.047727e-01
2.984089e-03
4.686627e-02
2.144865e-03
1.403987e-01
1.922702e-02
1.663761e-03
2.190710e-01
1.296721e-01
4.466517e-04
3.153208e-02
1.095251e-03
1.123727e-01
4.388802e-02
2.117637e-02
1.766225e-01
7.195264e-02
5.526782e-02
