5.347713e-03
2.274753e-01
1.174373e-02
8.293240e-02
6.965291e-04
4.193546e-03
5.249595e-02
1.688147e-02
1.351348e-02
3.982641e-03
3.421800e-02
1.595304e-05
2.204869e-03
2.144000e-05
3.490556e-02
2.646623e-03
2.110572e-04
1.089250e-02
1.147637e-02
8.735672e-02
1.654884e-02
7.382274e-02
2.925288e-02
1.207696e-01
4.278034e-02
1.695480e-02
3.493900e-02
1.321751e-01
2.401697e-03
1.287392e-03
7.598142e-02
5.435830e-02
1.360064e-02
7.759456e-02
9.599738e-03
1.649170e-01
2.225719e-04
3.243828e-01
3.702501e-03
1.262555e-03
6.835466e-05
1.714157e-03
1.596454e-02
1.314447e-03
1.025333e-01
8.783553e-07
1.998597e-01
1.481936e-02
6.054692e-02
1.137947e-02
1.453857e-04
7.682227e-03
1.394917e-02
2.740981e-02
9.054945e-03
8.923818e-02
6.660307e-03
3.088836e-03
2.834563e-04
1.062253e-02
1.695482e-02
1.141119e-02
3.430596e-03
8.472653e-04
1.166336e-02
8.350542e-03
5.017075e-02
1.448988e-03
3.938313e-01
6.818445e-02
4.945896e-02
4.534239e-02
6.405004e-02
4.210342e-05
1.169801e-05
2.146851e-01
2.046511e-04
7.555848e-03
1.285987e-03
4.099552e-02
3.566179e-03
7.278988e-02
2.689040e-05
1.045523e-02
4.155004e-03
1.233029e-01
1.508451e-02
6.992973e-03
7.730473e-02
7.883103e-03
6.688309e-02
6.394389e-03
1.240639e-02
2.585188e-03
5.723068e-03
1.544803e-01
1.188468e-02
2.829239e-02
2.489258e-02
1.408716e-01
3.356203e-02
7.473301e-02
9.194016e-02
1.131414e-02
2.750571e-03
4.416787e-02
2.369192e-02
4.653955e-03
7.209839e-02
6.213996e-03
4.187863e-02
3.913988e-01
2.790831e-02
6.181974e-02
3.909855e-02
1.307680e-02
4.094144e-02
4.586001e-03
6.635532e-02
3.405996e-03
1.291751e-02
3.660114e-02
6.252432e-03
7.268981e-02
3.928390e-02
5.005320e-02
8.279270e-02
1.175958e-04
9.337647e-02
3.610636e-04
6.938680e-03
6.206731e-02
1.350620e-01
9.076565e-02
9.193234e-04
1.768105e-01
9.129883e-02
7.050601e-02
3.054557e-04
5.605008e-02
3.166683e-03
5.661278e-02
5.372807e-04
4.279984e-02
1.047333e-01
1.681601e-02
1.226940e-01
3.130552e-01
1.491501e-01
1.578640e-02
9.428459e-02
1.704437e-03
6.543734e-02
8.437496e-02
1.182851e-02
1.193460e-03
7.749189e-02
2.971301e-02
1.011375e-02
5.017374e-02
1.524877e-02
1.417842e-03
1.726806e-02
1.745134e-04
1.111290e-03
6.101055e-02
3.669218e-01
2.451151e-02
3.253825e-03
1.151000e-01
1.206580e-01
5.770746e-02
1.540972e-02
7.430843e-02
1.612865e-02
3.719743e-03
2.377065e-02
7.751626e-03
5.825889e-02
4.530097e-02
1.088237e-03
2.244884e-01
5.780953e-02
2.363102e-02
1.018360e-02
1.343518e-02
1.033854e-03
9.797628e-04
4.579642e-02
1.394662e-05
5.967975e-02
3.374352e-04
6.692817e-02
8.059230e-03
9.029862e-02
3.187647e-02
3.792264e-02
2.178425e-02
2.810295e-02
1.582222e-02
1.375722e-01
7.563945e-02
3.199924e-02
9.508701e-02
3.212082e-01
1.011188e-01
3.877806e-02
3.373240e-02
5.526200e-02
4.475720e-02
3.350606e-02
1.277693e-01
7.693315e-03
1.098545e-02
3.384038e-02
2.187066e-01
1.718053e-01
1.260585e-01
4.159506e-03
1.934208e-03
3.335019e-04
4.032529e-04
2.754351e-02
9.820885e-06
3.552284e-02
1.068793e-03
9.451940e-03
9.677379e-03
1.518022e-01
5.558641e-02
8.433919e-02
1.441419e-03
9.415725e-03
9.717416e-02
5.049644e-02
4.472924e-02
3.353370e-01
1.675842e-01
6.362798e-03
4.376480e-03
1.382446e-01
8.826364e-05
5.255533e-01
4.368660e-04
8.984221e-02
1.941373e-02
2.555838e-02
1.925787e-02
5.218081e-03
5.206780e-02
9.375625e-02
2.255569e-01
2.876181e-02
1.083253e-01
5.147957e-03
1.093146e-02
1.708255e-03
4.400872e-02
1.331827e-01
1.066627e-02
6.162130e-02
5.663976e-05
1.855544e-02
1.161733e-01
1.931880e-02
3.456355e-03
2.364067e-01
3.179763e-03
3.013622e-04
9.720540e-03
4.374006e-02
2.238857e-02
3.083841e-01
3.651107e-02
3.314251e-02
3.377109e-02
5.340053e-02
3.627588e-03
1.893145e-03
2.347415e-02
1.952544e-03
1.269371e-02
5.813975e-04
1.870706e-02
1.427779e-02
1.108466e-02
4.582903e-02
2.916310e-03
3.185132e-03
1.314966e-03
2.779006e-02
4.960676e-02
3.579187e-02
1.875560e-03
2.986189e-03
1.323485e-01
1.491926e-01
3.111703e-02
3.069205e-02
3.559940e-02
2.243966e-03
2.203376e-01
1.431565e-01
2.850174e-01
4.294108e-04
7.138808e-03
1.107056e-01
2.822699e-02
6.433860e-02
1.156405e-01
3.148581e-03
8.626165e-02
9.708982e-04
5.729053e-03
2.250305e-02
9.284190e-03
2.862840e-02
4.963167e-03
7.984915e-02
8.617145e-05
9.261938e-02
5.794777e-03
3.608383e-02
3.884861e-03
1.816970e-01
2.487218e-04
9.202157e-02
2.858727e-01
2.008271e-01
1.103915e-02
1.431000e-02
2.715843e-03
3.504983e-03
1.905778e-01
2.465899e-02
1.502733e-02
7.558262e-04
1.316248e-01
7.593734e-05
4.810459e-02
3.983703e-02
3.195051e-03
1.641659e-01
6.804381e-03
5.586040e-02
1.394653e-02
4.779378e-02
8.083448e-02
9.734653e-03
1.105626e-03
4.324266e-06
1.437371e-01
5.339305e-02
2.745365e-02
2.703353e-02
2.367034e-02
1.246020e-01
1.813331e-02
1.104597e-02
1.505827e-03
9.265397e-02
1.165486e-02
4.014727e-04
4.620751e-02
1.892799e-01
9.980446e-02
1.565447e-01
3.760717e-03
1.047267e-01
5.776027e-02
1.573974e-02
8.188646e-02
7.738035e-03
6.657946e-02
3.985399e-02
1.253526e-03
5.889738e-02
9.084819e-04
2.080527e-02
2.011400e-02
1.614529e-01
2.309874e-01
4.140868e-02
1.191146e-02
7.804301e-03
2.496041e-03
3.845218e-02
2.123399e-02
7.263434e-03
3.455833e-01
2.632666e-01
1.786219e-01
1.823472e-01
4.109241e-02
5.215254e-02
4.191629e-02
7.853560e-04
2.204926e-02
3.081005e-02
2.824484e-02
1.932137e-01
2.245251e-02
2.021565e-06
3.390558e-02
6.357044e-03
3.813207e-02
1.193473e-04
2.180984e-02
3.841620e-02
4.786649e-02
7.343854e-03
1.354443e-01
1.901233e-02
1.766686e-01
8.385514e-03
2.360363e-02
7.251473e-05
6.618280e-01
3.804878e-02
1.060156e-01
3.847973e-02
1.444447e-02
3.860507e-03
7.176805e-04
5.869258e-02
9.953229e-03
1.211644e-01
1.063197e-02
2.813670e-01
3.631259e-02
9.426341e-02
8.157584e-03
9.566138e-03
1.456197e-02
3.878229e-03
2.722579e-03
3.651528e-03
2.473963e-02
1.644330e-01
2.561963e-03
7.040124e-02
2.890606e-02
6.998882e-02
3.336108e-01
4.300982e-02
4.407859e-03
8.724070e-02
7.151680e-02
1.818794e-04
4.152436e-02
1.068028e-02
6.107191e-02
1.512640e-01
4.447964e-02
3.738553e-02
7.499270e-03
2.031911e-01
5.815850e-03
1.379709e-02
5.077101e-02
1.143898e-02
8.122300e-03
4.529995e-04
2.832491e-02
4.710688e-02
3.178144e-01
2.002424e-01
1.631250e-01
5.046682e-02
5.422830e-03
2.545778e-02
1.009758e-02
8.807883e-02
1.778565e-01
8.035941e-05
3.972096e-02
1.225678e-01
2.985222e-03
6.494963e-02
3.904618e-02
5.043814e-02
1.557318e-02
4.353741e-02
1.620000e-01
2.401015e-02
9.471709e-02
8.502459e-03
3.341978e-02
5.324063e-02
6.628453e-02
5.427289e-03
3.113183e-03
7.540196e-02
8.633921e-02
2.407960e-02
1.154569e-01
3.619581e-02
6.535013e-03
1.415077e-02
1.754343e-02
5.088261e-05
9.284634e-02
6.912123e-03
3.842076e-04
8.394078e-03
2.596167e-03
2.145768e-01
4.143947e-02
8.975016e-02
1.767966e-01
9.670799e-02
8.942463e-03
1.448172e-01
7.148112e-08
1.181485e-02
6.108639e-03
2.044526e-02
1.011925e-02
3.983122e-03
4.755336e-03
3.672600e-02
1.613350e-02
9.852946e-02
2.356508e-05
1.199708e-02
1.014467e-02
4.335094e-02
1.305326e-02
1.642965e-03
3.317490e-02
9.180347e-03
4.742354e-02
3.637612e-02
7.679034e-05
8.889066e-03
1.649297e-01
7.642844e-03
3.002823e-04
1.528488e-02
1.482605e-02
1.596178e-02
1.098052e-05
8.116328e-02
7.837801e-03
5.756646e-03
3.321431e-02
6.097220e-03
3.311976e-02
2.761681e-02
1.348230e-03
1.858704e-03
5.735089e-03
1.178598e-02
2.590012e-02
1.995727e-02
5.667700e-02
4.336448e-03
8.396116e-02
6.771324e-05
1.196646e-02
5.510883e-02
1.088995e-01
9.473728e-02
1.632142e-02
5.430343e-02
2.169676e-03
2.801378e-02
9.055299e-02
1.986292e-01
2.696450e-02
1.215390e-03
6.306430e-02
1.510383e-01
1.077867e-01
6.575830e-02
3.727178e-05
2.839683e-02
3.431686e-02
1.842532e-03
1.837605e-01
2.347375e-01
2.375388e-03
6.752554e-02
4.253268e-03
1.484673e-01
1.582506e-01
2.242731e-02
7.546413e-03
4.298197e-05
4.443603e-03
8.066245e-02
1.888908e-02
2.107475e-03
2.449910e-03
