6.024444e-03
1.653526e-02
3.117112e-02
1.477885e-03
2.496045e-02
7.470492e-02
4.759367e-02
1.465670e-01
1.538731e-02
2.466985e-02
6.403925e-02
6.500411e-03
1.577421e-01
3.532669e-04
4.296432e-02
1.303557e-03
5.219709e-02
1.185689e-02
1.001396e-01
1.525605e-01
2.028786e-02
1.320619e-01
2.005532e-03
4.442093e-03
1.595454e-02
3.305258e-02
7.031174e-02
1.708571e-01
3.529049e-02
3.546547e-03
1.279822e-01
1.132569e-03
3.151167e-04
2.292873e-01
2.399167e-02
6.563520e-02
1.329075e-01
1.148105e-01
5.221717e-03
1.413813e-02
3.418795e-02
2.922570e-02
5.486574e-03
2.331659e-02
2.109022e-03
4.653813e-06
1.067084e-01
5.125909e-02
3.093380e-01
3.293679e-03
2.513626e-02
3.180105e-02
1.167958e-01
8.569620e-02
1.595929e-03
2.604156e-06
2.515398e-03
2.692632e-02
5.113422e-02
5.255920e-06
1.156157e-01
4.922008e-04
1.786823e-02
9.763671e-02
1.176016e-02
1.146067e-02
1.154107e-01
1.782428e-02
5.132686e-02
1.053956e-02
1.012340e-02
1.555779e-01
1.878348e-01
4.348173e-02
1.469710e-03
1.932468e-03
1.171391e-01
6.863063e-07
1.721032e-01
6.336195e-02
1.925660e-03
1.473433e-01
2.172659e-02
3.262835e-02
2.116520e-01
2.574122e-02
1.409729e-01
9.190501e-03
6.236778e-02
2.006517e-02
4.647329e-02
1.942564e-01
8.436691e-02
9.452589e-02
2.300390e-01
5.168872e-02
1.075235e-01
5.664913e-05
3.204592e-03
7.241332e-02
2.550602e-02
1.275044e-01
3.654380e-02
9.254296e-04
1.073560e-02
8.562409e-03
6.117540e-04
8.338861e-03
9.592584e-02
5.617935e-01
1.161640e-03
7.689677e-01
1.377954e-02
6.068761e-04
6.109502e-03
2.517645e-04
3.931221e-03
9.912472e-02
3.399368e-02
3.325752e-02
1.348126e-01
1.145991e-02
6.766639e-02
1.112145e-03
1.126281e-02
7.633300e-02
1.475597e-02
1.258892e-01
1.575967e-03
1.415753e-04
2.474272e-01
5.223313e-02
5.136479e-02
1.797453e-02
1.010751e-02
1.750555e-01
1.453127e-03
1.680967e-02
1.308495e-01
2.150875e-02
5.902841e-04
4.408785e-03
5.082681e-04
1.368955e-02
4.986756e-03
8.250906e-02
4.466284e-02
1.830806e-01
2.593932e-02
4.261409e-03
2.186742e-03
9.249506e-03
2.327613e-02
6.123248e-03
1.407762e-01
6.767441e-02
2.418417e-01
3.454421e-03
1.892390e-01
1.280372e+00
6.448802e-02
8.138102e-04
1.153970e-01
1.047552e-01
1.267385e-02
2.692432e-01
5.580600e-05
3.148037e-02
2.447236e-02
9.565703e-03
2.249050e-01
2.836419e-05
3.773169e-03
4.057073e-03
2.280238e-01
4.515717e-03
5.422720e-02
6.074271e-03
2.972496e-02
2.593507e-02
3.082873e-01
2.522158e-02
3.369057e-02
4.139170e-02
2.146105e-01
1.502788e-03
6.241232e-03
9.098724e-02
1.945330e-02
2.004973e-03
1.781516e-02
7.253969e-02
2.895424e-02
1.498728e-04
3.285824e-02
6.751499e-02
4.626084e-04
1.226530e-03
4.327260e-02
5.585004e-04
5.058055e-02
5.474238e-02
4.676087e-02
1.241288e-02
6.953805e-03
1.343732e-01
1.403451e-01
2.757026e-02
3.717217e-02
1.884603e-02
1.482431e-01
4.613907e-02
7.769165e-04
3.360246e-02
1.142989e-02
2.267847e-03
6.709614e-03
1.983388e-01
2.799039e-01
3.383445e-02
6.094311e-04
2.488315e-04
6.441162e-04
2.926917e-02
8.701134e-02
5.845237e-02
1.477896e-02
1.251438e-02
2.174835e-02
7.766430e-05
2.639873e-02
7.054474e-02
1.026478e-02
1.413526e-01
1.245707e-01
1.781918e-02
3.501210e-01
1.551016e-03
5.449207e-02
1.304965e-01
1.178306e-01
2.075404e-01
4.562791e-02
1.653269e-02
3.171652e-02
2.183607e-01
5.348970e-03
2.783560e-02
3.488476e-04
5.559160e-07
2.597453e-03
2.268218e-02
2.022032e-02
7.706453e-03
8.754704e-03
1.031715e-01
1.199180e-01
1.020440e-01
1.608360e-01
1.506406e-02
8.932282e-02
6.476855e-02
2.861230e-02
9.231176e-03
2.749406e-02
1.089135e-02
2.932368e-01
2.719117e-02
8.508105e-03
4.364620e-02
1.664891e-02
6.610023e-02
3.708716e-01
1.265843e-02
4.630369e-02
6.291993e-04
1.101080e-02
9.656650e-04
1.633087e-03
2.498942e-02
2.968666e-05
3.565431e-02
1.064649e-01
1.634212e-03
4.840204e-04
5.717049e-03
3.601490e-02
1.966661e-02
2.448339e-02
9.350252e-05
6.604898e-03
6.516726e-02
1.000386e-02
4.900404e-03
2.897816e-02
3.453882e-04
5.173944e-02
7.158792e-02
1.096369e-01
3.015714e-03
3.364559e-02
3.552468e-04
9.888746e-02
6.511330e-04
2.159888e-01
7.580519e-03
2.594473e-02
1.635505e-03
6.403474e-05
1.530933e-03
4.690911e-02
4.047683e-02
8.009738e-02
2.962710e-02
1.356098e-02
1.096606e-02
8.729793e-02
1.364020e-01
4.612194e-02
4.114505e-03
2.007209e-02
1.831112e-01
1.429770e-02
3.081473e-02
9.736343e-02
2.597919e-02
9.556345e-02
8.947497e-02
6.478341e-02
9.026007e-02
2.407533e-01
1.667470e-02
1.211738e-02
3.100545e-02
7.357156e-02
3.016042e-02
1.220659e-03
9.135367e-02
5.919939e-02
1.078699e-01
8.357236e-02
8.941877e-02
1.575972e-01
2.465408e-01
3.533165e-02
2.205556e-02
5.980680e-04
1.245275e-02
7.091780e-05
1.026184e-02
3.180037e-02
1.775594e-01
1.748765e-01
2.126514e-02
1.256736e-03
2.137531e-01
8.397783e-05
3.630659e-03
2.804460e-01
2.363189e-02
3.362473e-02
1.561961e-02
2.956693e-02
3.028603e-02
1.674883e-03
2.745095e-02
6.552133e-02
4.420690e-02
7.522017e-02
1.480541e-01
8.805919e-04
9.650243e-03
7.248944e-04
4.851631e-04
1.811745e-02
2.939306e-03
2.181401e-03
7.159896e-02
2.108805e-02
2.132848e-02
1.313513e-02
9.067663e-02
2.118302e-01
1.714484e-05
9.139697e-02
4.005413e-02
4.028743e-03
3.592015e-02
1.884073e-02
3.989356e-03
3.261582e-02
1.147176e-02
6.371038e-05
1.636970e-04
1.261592e-02
3.945456e-03
3.194252e-03
6.514263e-02
2.444494e-02
8.886551e-03
2.569437e-03
5.091908e-03
1.916704e-03
1.587093e-03
2.760948e-02
1.342243e-01
2.303261e-01
1.575175e-02
8.088388e-02
6.937871e-02
5.673712e-02
3.828204e-02
6.130872e-03
1.086000e-01
3.088690e-01
4.547476e-02
1.609642e-02
1.065056e-02
1.205377e-02
8.889564e-02
3.215890e-02
2.183575e-02
8.880902e-03
6.011683e-05
3.097576e-04
9.955242e-03
4.138829e-03
4.381948e-02
3.001602e-02
7.201203e-03
6.360076e-03
6.518313e-03
1.492835e-02
6.870213e-02
1.899674e-01
2.779944e-03
1.618863e-01
1.071963e-01
1.481075e-03
3.133850e-02
8.294539e-05
2.112634e-02
3.891806e-03
7.134635e-02
9.676141e-03
1.392611e-04
1.330868e-02
2.340698e-01
1.138811e-01
8.020436e-02
3.669743e-02
3.821285e-02
3.306252e-02
8.069690e-02
2.812653e-05
8.139465e-02
1.202912e-01
3.162168e-02
1.220805e-03
2.757268e-02
2.688290e-03
1.139258e-01
1.527248e-02
1.055496e-01
2.030664e-02
2.204970e-02
8.234159e-02
2.225413e-01
5.730192e-02
2.290557e-03
1.373922e-01
3.721021e-01
3.236058e-01
1.455042e-03
1.448334e-01
9.622487e-02
1.115710e-01
2.538191e-03
4.225419e-02
2.690758e-02
9.650049e-03
1.489672e-02
1.100255e-01
3.894668e-02
2.234878e-02
2.223683e-02
4.299508e-03
4.614207e-01
9.419135e-02
2.002874e-01
3.142837e-03
1.688359e-02
3.458243e-02
6.953285e-03
6.313120e-03
4.093868e-03
1.178232e-02
5.599262e-02
3.519211e-06
4.849178e-03
1.117886e-02
4.212461e-03
6.411303e-02
3.115133e-04
3.841893e-02
2.967683e-02
1.099570e-02
4.275267e-01
1.646235e-01
2.674459e-02
2.846275e-05
2.077099e-02
5.934592e-03
4.071031e-04
1.060025e-03
2.545382e-02
3.644668e-04
1.237716e-02
3.418717e-02
5.653000e-02
1.502908e-02
2.822505e-02
7.945751e-03
3.307748e-02
3.466097e-03
7.853032e-03
1.293265e-02
9.756066e-02
4.178083e-02
1.345345e-02
3.801772e-04
3.099294e-02
3.557073e-03
8.406453e-03
1.430056e-02
3.029240e-02
4.475101e-03
4.005381e-04
8.752521e-02
2.954413e-02
1.963972e-01
2.343505e-02
2.072852e-02
1.033752e-02
5.299937e-02
8.684886e-02
2.344891e-02
5.228406e-02
2.215722e-05
2.643382e-02
1.102271e-01
6.195497e-03
1.482309e-02
3.019299e-02
8.857703e-05
7.227303e-02
1.025319e-01
5.175665e-02
8.451538e-02
1.883540e-01
1.000306e-02
8.152506e-05
1.308800e-02
1.218872e-02
8.513833e-02
8.807965e-03
5.373746e-02
6.176746e-03
6.720851e-03
3.620091e-03
1.627888e-01
2.058289e-05
7.824122e-02
1.022467e-02
7.613209e-02
4.144127e-02
3.425312e-02
4.404796e-04
6.796820e-02
1.101643e-01
1.493949e-02
6.509545e-02
6.631559e-03
1.732118e-02
2.675296e-04
1.276834e-01
5.046102e-02
3.072276e-04
5.529893e-01
6.614407e-05
6.154835e-02
2.097979e-04
2.044523e-02
3.815662e-03
