3.672412e-03
5.587517e-03
1.371199e-02
1.130383e-02
2.910489e-03
5.756862e-03
2.443315e-05
2.151184e-03
1.101927e-01
5.878751e-05
3.608643e-03
1.252672e-01
1.847282e-03
2.771136e-02
4.403135e-02
2.530826e-02
5.223881e-02
5.783316e-03
1.411461e-03
3.054651e-02
4.151543e-02
6.842339e-02
2.274888e-04
9.798166e-02
1.606475e-02
7.145243e-02
1.363024e-03
2.319288e-01
9.496454e-02
5.595582e-02
7.168013e-02
1.247526e-03
1.129416e-02
6.336794e-03
5.917703e-04
1.407655e-01
7.548038e-02
4.394345e-02
3.621794e-03
5.532329e-04
2.653935e-02
1.249276e-01
1.069449e-02
1.169371e-01
1.233885e-01
4.378283e-03
2.316232e-02
2.846815e-02
2.671323e-02
2.501746e-02
8.349274e-02
7.965940e-03
2.605102e-01
1.918833e-02
1.129748e-01
1.531531e-02
2.996829e-02
7.426323e-04
6.071266e-02
1.825010e-01
6.015867e-02
1.286275e-01
2.444691e-02
3.027097e-03
3.035330e-03
1.045255e-01
1.513395e-03
2.326999e-01
3.137725e-02
2.011280e-01
7.257847e-02
4.193112e-02
3.336617e-02
8.522380e-02
4.236316e-03
3.198757e-02
1.799326e-02
7.934615e-03
7.008156e-03
3.314281e-02
2.570595e-02
2.507046e-03
2.560587e-03
3.567388e-03
1.101517e-01
3.322173e-03
7.269139e-04
2.945256e-03
1.483435e-02
1.097678e-01
2.064256e-02
4.222493e-02
3.120656e-02
1.045609e-02
8.654261e-02
2.699421e-02
1.523140e-01
7.501082e-02
1.139750e-02
8.049678e-03
3.173566e-02
3.266282e-02
1.823074e-02
1.038504e-03
3.618607e-04
1.340827e-02
1.801383e-01
5.461999e-02
1.728607e-02
3.680129e-02
2.986440e-02
1.211262e-01
5.800581e-03
4.409718e-02
4.035563e-02
3.463644e-02
1.433998e-03
2.182265e-01
7.826587e-03
1.320432e-02
4.571823e-02
2.269811e-02
4.349726e-02
2.085797e-03
1.731420e-02
5.147108e-02
3.315356e-03
2.556566e-03
7.809264e-04
1.551916e-02
1.963925e-01
2.980517e-03
2.952946e-02
6.319000e-02
5.337711e-02
2.794647e-02
4.344067e-01
3.025041e-02
2.631222e-01
1.475600e-03
2.510778e-03
1.545686e-01
7.829716e-03
2.427135e-01
2.561274e-02
2.862765e-02
1.085832e-02
2.300838e-02
4.992068e-03
2.235780e-03
2.712241e-01
5.544990e-03
9.940895e-04
6.891573e-02
8.622412e-03
2.740305e-01
5.918376e-02
2.542959e-02
8.227192e-02
2.555162e-02
1.338764e-04
1.060353e-01
4.490321e-03
5.361812e-02
7.676206e-03
3.317281e-03
2.163678e-01
1.104524e-02
1.927641e-01
1.640466e-01
1.873531e-02
6.558414e-03
1.541783e-03
4.134406e-02
4.117210e-02
1.837401e-02
2.694831e-04
9.927775e-04
2.342105e-01
8.435715e-03
1.896026e-03
1.637284e-03
7.083482e-02
1.542168e-02
4.296204e-02
1.796134e-01
1.469671e-03
1.103090e-01
7.042302e-04
4.763719e-02
1.785502e-02
1.492726e-02
7.028920e-02
9.342747e-02
6.693133e-03
2.559067e-02
2.291916e-02
1.508950e-03
3.537500e-02
1.096283e-01
6.590871e-02
5.805111e-03
7.938608e-02
1.618230e-02
5.352447e-02
2.703549e-02
7.979022e-02
1.905348e-01
2.342179e-04
1.558254e-02
5.508947e-02
1.451505e-01
3.152027e-04
7.358622e-03
8.752019e-02
1.861626e-02
3.440449e-03
2.967848e-02
3.997965e-02
1.093895e-01
2.191226e-02
9.685821e-02
6.420879e-02
9.974882e-05
1.317493e-01
4.490094e-03
5.894344e-02
3.157412e-03
2.016290e-01
4.803827e-03
3.396519e-01
9.273991e-03
1.592032e-03
2.321301e-02
4.906108e-02
3.679892e-04
1.699691e-01
2.191080e-02
1.291550e-03
2.519354e-03
2.697075e-01
2.696902e-02
5.437205e-01
7.213426e-02
8.732398e-06
2.927458e-04
1.966674e-01
5.103036e-02
1.024519e-03
3.290850e-02
1.547219e-02
1.109897e-01
6.980696e-02
9.906746e-02
5.012769e-02
4.027931e-02
6.159104e-02
2.560198e-01
6.486923e-03
1.413533e-01
1.052546e-01
3.409499e-02
1.611092e-01
3.150904e-04
2.064074e-02
6.871762e-06
1.627644e-02
1.549445e-02
1.969873e-02
1.408141e-01
7.719228e-02
1.197359e-02
1.527948e-01
5.159190e-02
6.196683e-03
1.478965e-02
2.503279e-01
1.798769e-03
1.663294e-01
8.361647e-02
9.195115e-02
1.501889e-01
1.270073e-01
4.226060e-02
7.091981e-02
4.450566e-02
7.124085e-02
4.861039e-04
4.200365e-03
1.702213e-01
9.128449e-03
1.550674e-02
8.677542e-03
1.537556e-03
2.337823e-02
4.387538e-02
1.471300e-03
2.479262e-03
1.608202e-01
7.500376e-03
7.128190e-03
6.015873e-03
5.079406e-04
3.954978e-03
3.152388e-02
1.748828e-03
1.246372e-02
2.427166e-01
1.218713e-02
5.252006e-03
3.916876e-02
3.580736e-02
2.403158e-02
3.760150e-02
1.936582e-01
2.034253e-03
2.392053e-02
1.295601e-03
1.659540e-01
1.464161e-02
5.646085e-03
2.030776e-01
2.544620e-04
4.320487e-02
4.351245e-02
2.657016e-02
3.679227e-02
1.017094e-02
3.931909e-03
2.240854e-02
6.370336e-02
9.779033e-03
4.349585e-02
1.696318e-02
1.659666e-03
4.564986e-02
7.742324e-04
2.273574e-03
4.085488e-04
4.479368e-03
1.667195e-02
2.400779e-02
1.486264e-01
6.201863e-02
9.117605e-03
4.290982e-02
4.312410e-03
8.945758e-02
4.049287e-02
1.740005e-03
4.774465e-02
5.104528e-02
3.956199e-02
3.471190e-02
1.533266e-01
1.865798e-03
8.001716e-03
1.208770e-01
2.050822e-01
1.167170e-02
2.187414e-02
2.308776e-01
4.691897e-02
5.950039e-03
3.028615e-02
1.794399e-01
9.390202e-03
2.747075e-02
5.749076e-02
1.795281e-01
1.113762e-06
1.509035e-02
1.138058e-02
3.303499e-01
3.839380e-03
1.408077e-02
3.448590e-02
1.985689e-01
1.033806e-02
1.143839e-03
1.612548e-01
4.633583e-02
3.533833e-03
1.475237e-01
2.495526e-02
3.816131e-03
3.447543e-02
9.479445e-02
1.381303e-02
5.289323e-04
2.528805e-01
1.945474e-02
1.138953e-01
1.783249e-02
2.703833e-04
1.360019e-01
1.818333e-04
6.963269e-03
3.015440e-03
2.958398e-02
2.420888e-02
7.363909e-03
1.693890e-02
2.291370e-04
1.500589e-01
1.005678e-01
2.250509e-02
1.658313e-02
2.173586e-02
4.408021e-03
2.871283e-03
2.131713e-02
3.052285e-02
5.030830e-03
3.977033e-02
1.930356e-02
2.156070e-02
4.319721e-02
4.761204e-03
2.139707e-03
3.050726e-04
2.307895e-02
8.885635e-03
1.550854e-03
2.415409e-03
6.442727e-02
7.503210e-02
1.204759e-02
2.450624e-01
7.304950e-02
9.068621e-02
1.373218e-01
2.187372e-01
1.166776e-01
4.954485e-02
7.484294e-02
3.438032e-02
6.682227e-02
2.365559e-02
1.230415e-02
6.920386e-03
2.007631e-02
2.981556e-04
1.528762e-01
3.368512e-02
9.286760e-02
4.374243e-03
2.291767e-02
1.185552e-02
2.397325e-01
2.096972e-02
2.286906e-02
1.135602e-01
1.250079e-02
3.100244e-04
3.558185e-02
2.068789e-02
1.481634e-03
2.838772e-02
2.868975e-02
8.676042e-02
7.823827e-03
2.569184e-02
1.048067e-03
5.646553e-03
5.964617e-03
2.323535e-02
1.087353e-03
3.756038e-01
1.495049e-02
1.318311e-02
2.035731e-01
5.631050e-04
4.979540e-02
4.789618e-03
4.826027e-02
5.550214e-02
2.387661e-02
5.520197e-02
1.495995e-02
1.458139e-01
7.169740e-02
8.230574e-02
3.717504e-02
1.324583e-02
1.453190e-02
3.397773e-02
4.655640e-05
3.277971e-02
8.963607e-02
3.750150e-02
8.290101e-05
3.564384e-02
4.202443e-02
4.419597e-02
1.548274e-02
2.268814e-01
3.731050e-02
1.085459e-01
3.585313e-02
1.953740e-02
2.427796e-03
1.420314e-02
6.950422e-02
2.236318e-04
8.740083e-03
1.658224e-03
2.712871e+00
3.333065e-02
1.173679e-01
2.992289e-02
2.993107e-01
8.455112e-02
4.349482e-02
3.406248e-04
7.537008e-02
1.978639e-01
5.378167e-03
3.644358e-03
5.076717e-02
2.665534e-04
2.212157e-03
1.539100e-06
5.943733e-02
1.806119e-01
1.167599e-01
1.139279e-03
1.964821e-03
5.437137e-03
4.941267e-02
9.811988e-03
3.804303e-02
3.778051e-02
4.739564e-03
1.381499e-03
1.502862e-02
2.437230e-03
1.255469e-02
4.441259e-02
1.724520e-01
1.651918e-01
2.668102e-02
3.526312e-02
1.212220e-05
7.284605e-03
7.018494e-02
1.125962e-03
4.469787e-04
3.340715e-02
2.223615e-02
1.845447e-02
1.937215e-02
2.063172e-02
3.491872e-03
3.450161e-04
2.477913e-02
8.186055e-03
6.188470e-02
4.064898e-01
5.092441e-02
1.220579e-01
1.085248e-01
5.102693e-02
2.899677e-02
1.610606e-02
1.819336e-04
2.073165e-01
5.467274e-02
4.690698e-02
3.828352e-02
1.145230e-04
1.282610e-01
5.331398e-02
1.114259e-02
4.723216e-03
8.554759e-02
8.126317e-02
1.290593e-03
5.170898e-02
3.699712e-06
1.396188e-05
1.932489e-01
8.115045e-03
1.287994e-01
4.639913e-02
1.924472e-01
2.527665e-03
4.732862e-02
4.299553e-02
1.189215e-02
1.854483e-02
3.486574e-02
1.062116e-01
4.077486e-03
