5.542410e-02
5.978150e-04
1.781068e-01
4.003693e-02
2.598794e-02
1.686477e-02
2.092404e-01
1.051481e-01
6.615623e-02
1.338019e-01
6.313895e-06
5.388611e-02
1.472429e-02
5.131302e-02
1.565534e-02
4.734882e-02
2.737286e-05
9.856527e-03
1.358924e-01
1.207315e-03
5.591546e-02
1.753236e-02
1.548452e-02
3.328594e-02
3.332183e-04
1.144185e-03
6.599221e-02
3.820356e-02
1.906248e-01
2.731100e-02
1.060131e-03
4.591759e-04
1.399425e-02
1.685910e-02
1.693935e-01
2.377062e-02
6.795831e-03
3.539089e-01
1.223073e-03
3.785314e-05
1.681683e-04
4.412409e-02
4.934529e-03
1.146523e-01
3.359638e-04
1.524909e-01
1.848654e-01
9.722606e-02
3.737103e-02
2.527234e-02
1.474571e-03
5.248395e-02
1.782536e-03
2.109353e-02
1.304643e-01
2.072719e-01
6.587261e-03
1.266478e-02
7.038266e-03
4.653366e-05
5.493627e-02
8.163547e-03
2.587005e-01
4.609282e-02
1.405361e-03
2.741326e-02
7.090631e-03
6.074836e-01
1.479090e-01
1.506946e-02
4.292454e-03
1.247857e-01
1.922271e-03
1.987978e-04
7.228596e-02
3.287844e-02
3.242966e-02
7.495026e-02
2.817638e-03
3.368470e-02
2.165125e-02
2.340241e-02
1.848118e-02
7.776513e-02
2.101540e-03
3.625449e-02
4.026786e-02
2.839680e-03
1.492821e-01
8.052322e-02
1.042113e-01
1.473329e-02
2.865145e-02
8.453910e-02
2.441026e-04
5.981911e-02
1.250727e-02
1.574597e-02
1.412623e-01
3.353169e-02
1.031662e-03
4.529373e-02
6.682840e-04
9.073298e-03
8.680980e-02
8.432931e-03
5.514090e-03
7.541027e-02
1.894823e-02
1.798795e-04
7.277650e-02
5.485999e-02
3.767634e-03
2.023499e-02
2.040217e-04
1.910683e-02
3.037460e-02
1.225220e-02
1.306718e-02
1.150025e-01
2.381999e-02
3.902731e-03
2.075721e-03
2.375299e-02
7.006712e-03
4.721094e-04
9.029679e-03
5.478827e-02
3.850742e-02
3.493896e-02
2.569984e-02
1.368110e-02
6.112828e-04
2.519410e-02
6.049111e-03
9.986418e-04
7.825398e-02
1.821335e-01
1.292061e-01
1.116633e-01
2.832949e-02
7.735334e-03
1.152638e-02
1.397316e-02
5.233883e-02
5.607350e-02
4.082488e-02
1.987511e-01
1.311096e-02
8.749957e-02
1.158185e-01
1.323289e-03
6.839588e-02
1.094589e-03
3.417306e-02
2.958932e-04
4.168475e-02
6.576246e-03
1.907129e-02
9.972750e-01
4.665747e-03
2.438405e-05
7.304948e-02
2.678624e-04
1.295970e-01
3.923287e-02
2.346798e-02
3.496479e-04
2.787509e-01
2.766985e-02
1.993138e-01
8.227535e-04
1.534447e-03
1.037510e-01
6.839814e-02
9.504588e-02
1.828238e-02
7.990824e-04
1.054801e-02
9.466319e-03
1.936588e-02
1.275256e-02
2.974373e-02
1.457036e-02
6.033424e-02
7.099992e-02
3.027716e-01
6.323778e-02
2.295360e-04
2.610480e-02
3.580535e-02
5.694889e-03
1.346076e-02
5.252978e-02
2.307486e-01
3.032556e-02
3.443078e-03
1.813104e-02
4.344816e-03
1.891599e-01
1.950628e-05
3.953203e-02
3.029758e-03
1.763511e-03
4.441878e-02
2.233102e-02
3.615385e-02
5.079299e-01
2.848328e-02
4.803175e-02
7.147700e-02
9.456786e-03
1.465517e-02
6.153854e-03
4.480332e-03
2.112363e-03
1.322574e-01
1.158264e-01
1.284665e-01
1.123402e-01
1.601378e-02
5.751882e-02
2.233822e-03
8.998658e-03
7.701578e-02
1.970788e-02
1.070781e-02
2.077202e-03
3.288107e-04
1.403624e-02
2.179821e-02
1.534675e-02
3.517109e-04
3.320593e-02
1.867781e-02
8.388084e-02
9.669492e-03
1.271175e-02
2.367098e-02
3.194307e-02
9.893485e-03
3.601414e-06
1.103936e+00
1.702297e-01
9.116805e-03
9.890213e-03
6.434761e-02
8.528643e-03
2.999254e-04
1.277080e-01
1.361486e-01
8.490684e-03
1.105303e-03
1.279435e-01
4.163765e-03
7.812526e-03
3.022545e-02
1.159498e-01
3.999798e-02
3.724180e-03
1.158576e-02
5.385001e-03
5.578668e-02
9.938184e-04
1.643427e-04
2.170239e-02
3.449499e-01
1.546552e-02
1.769391e-02
9.508444e-03
8.566007e-03
9.845192e-03
7.663517e-02
3.115051e-02
1.268543e-01
1.115517e-01
8.680742e-02
1.588003e-02
4.736854e-01
9.842382e-02
1.119357e-01
1.790309e-02
3.712017e-03
6.950108e-05
9.102521e-03
9.928401e-03
1.535926e-01
8.121279e-04
2.791929e-01
7.689325e-02
1.384594e-03
1.062356e-01
5.184837e-02
5.745494e-02
1.028701e-02
6.726832e-02
5.901886e-03
3.345372e-02
1.803019e-04
2.566911e-02
2.813075e-01
1.632766e-02
2.815275e-05
1.115412e-03
5.360749e-02
1.976271e-02
5.086880e-02
3.580129e-02
1.679674e-04
6.597764e-03
2.141009e-02
1.267960e-01
1.612592e-02
8.084064e-02
1.481684e-01
8.778285e-02
3.472036e-02
1.917538e-02
1.595396e-02
3.305501e-02
1.167337e-01
4.747115e-02
3.086926e-02
1.960992e-02
3.221833e-02
1.441710e-04
1.523610e-04
2.819378e-02
1.438972e-03
1.121460e-02
1.541367e-01
6.335306e-02
1.598448e-02
1.672307e-03
1.034941e-01
1.660677e-02
6.507051e-03
1.725192e-02
2.308904e-03
8.765750e-04
6.417328e-04
8.515012e-03
3.663460e-02
1.440024e-01
4.803353e-02
2.075710e-02
3.933662e-03
2.315800e-01
1.363079e-03
3.238936e-02
1.634145e-02
1.622162e-01
1.829389e-06
3.864665e-03
3.867487e-03
4.847824e-02
2.762786e-02
3.661511e-01
2.212148e-02
6.523576e-02
2.176799e-02
3.247696e-06
2.395626e-03
1.974185e-02
2.818773e-04
1.607270e-01
4.531538e-02
4.577777e-03
5.216844e-02
6.812394e-02
1.993465e-02
6.984313e-04
2.876131e-02
1.606603e-01
1.446912e-03
4.003433e-02
2.016351e-02
3.425880e-02
1.658936e-01
2.396447e-02
3.938442e-02
9.925943e-03
4.341684e-02
1.370962e-01
2.254877e-03
1.877140e-01
4.832345e-02
2.782147e-03
1.027880e-02
4.398328e-02
3.564243e-03
3.247564e-03
5.575587e-02
2.699393e-02
2.576189e-04
8.876218e-06
7.930660e-03
2.157884e-02
9.093365e-02
1.203480e-02
2.752685e-02
5.343132e-03
9.323560e-02
5.424621e-02
5.465938e-03
7.799137e-02
5.588360e-02
1.469327e-01
1.204151e-01
1.981347e-02
2.628247e-02
1.177094e-01
5.299824e-02
9.413552e-02
6.221687e-02
4.966281e-04
7.854808e-03
5.793311e-02
1.342696e-02
7.427426e-02
1.518437e-01
7.449215e-02
4.560598e-03
1.913090e-03
3.077150e-02
7.815657e-03
2.490219e-03
2.260522e-02
2.005605e-03
6.525714e-02
8.662677e-03
1.415113e-02
1.699673e-01
7.912662e-02
1.068323e-02
3.363646e-03
4.970958e-03
9.776469e-02
6.428862e-04
2.960239e-02
1.128659e-01
1.508442e-03
4.008970e-02
1.925375e-03
6.157969e-02
1.111221e-02
1.062112e-02
1.193660e-02
1.327493e-02
5.325355e-02
2.703377e-02
1.800461e-02
2.623577e-02
4.029017e-03
1.317214e-01
9.106403e-02
1.785373e-02
2.140169e-01
8.288275e-03
3.452379e-03
7.188793e-03
2.395565e-04
2.042379e-01
1.669152e-02
9.377650e-02
2.760159e-03
2.510230e-02
7.352586e-02
4.564087e-04
1.649302e-02
5.878488e-02
1.575836e-02
2.152665e-03
4.310845e-02
1.542164e-03
4.748062e-02
4.013718e-02
1.153535e-02
7.545486e-02
1.319139e-03
2.693578e-01
1.420513e-01
7.245470e-03
6.984279e-02
1.091959e-01
2.045361e-02
1.230833e-03
2.052522e-02
1.661162e-01
2.559438e-05
6.735537e-02
1.851396e-01
2.583964e-02
3.537785e-01
5.856590e-03
9.852843e-02
1.719712e-01
1.939187e-02
4.730659e-04
2.889655e-02
8.914609e-02
4.462148e-03
1.609265e-01
2.261941e-02
5.420960e-02
9.860012e-02
6.988083e-02
7.409937e-03
3.287984e-02
2.710857e-05
1.980467e-02
1.046315e-03
1.549561e-01
2.367801e-03
4.677206e-02
7.479889e-04
2.498492e-02
1.023241e-01
1.687179e-03
2.044428e-03
7.959141e-02
3.127819e-03
2.991900e-02
2.323402e-01
1.246921e-03
7.559288e-02
1.187502e-01
1.064224e-01
6.754494e-03
9.637459e-04
1.300956e-03
1.659054e-01
5.216724e-03
4.291987e-02
1.025527e-03
4.201537e-02
9.627608e-03
6.481519e-05
1.256523e-02
1.845097e-01
2.883288e-04
6.419655e-03
8.788243e-02
1.137632e-02
4.139141e-02
3.593561e-01
5.247447e-02
2.588438e-01
1.122106e-03
2.873987e-02
4.184440e-04
7.821675e-03
1.707120e-03
4.531014e-01
2.112616e-04
1.546892e-03
1.020842e-01
5.682269e-02
1.573131e-03
6.105959e-03
1.161175e-01
8.184694e-02
5.905989e-02
5.904267e-02
1.002602e-03
9.839966e-02
1.698837e-03
1.647850e-02
6.723699e-02
3.172606e-04
1.900347e-02
8.742735e-02
7.654332e-03
2.730664e-02
3.158672e-01
8.742972e-02
7.247431e-03
8.623877e-02
6.749239e-04
7.806882e-03
4.585269e-04
3.298809e-02
1.041756e-01
1.498138e-02
4.141484e-02
4.054411e-02
5.298731e-02
5.583765e-05
1.535261e-02
4.766564e-02
1.813943e-02
3.469370e-01
1.511896e-01
9.975218e-02
