2.454156e-03
3.157136e-01
2.358564e-03
2.766470e-02
1.102305e-03
7.196736e-03
1.571394e-02
8.717638e-03
2.017004e-02
1.824472e-02
1.178881e-01
1.569152e-02
3.197888e-02
3.481673e-04
9.828088e-02
2.157300e-02
5.214915e-03
5.885850e-02
6.991049e-03
1.132697e-02
4.224272e-02
3.113072e-03
2.104495e-02
2.763300e-03
8.155460e-02
6.366844e-02
2.053443e-03
1.307414e-02
1.171794e-03
5.841858e-02
6.679186e-02
1.427007e-01
3.675682e-03
3.122894e-03
1.962876e-02
5.841897e-04
5.493916e-02
4.725556e-03
3.535616e-02
5.590376e-02
1.404574e-01
7.245626e-02
2.331897e-02
2.174861e-03
2.873937e-02
1.170804e-03
2.418203e-02
3.502416e-03
5.089955e-03
1.053903e-01
1.990067e-03
1.743018e-02
3.952227e-02
1.617967e-02
2.590510e-03
1.031281e-01
1.820589e-01
2.427408e-02
3.577923e-02
2.451608e-02
7.745316e-02
1.431079e-02
1.325501e-02
3.072191e-02
1.215131e-01
3.254207e-02
2.392819e-01
1.391616e-04
3.886135e-02
1.562500e-01
5.556494e-02
2.134925e-03
8.839736e-02
1.357985e-02
4.095620e-02
4.956063e-04
2.866209e-02
2.967329e-02
2.300063e-02
6.865963e-02
9.041968e-02
6.470743e-02
2.471309e-02
2.998391e-03
6.891883e-05
7.713022e-03
9.182709e-03
2.177523e-02
1.030892e-02
7.073798e-02
5.665103e-02
8.638229e-02
2.669542e-02
1.704698e-02
1.016743e-01
6.158438e-02
1.642081e-01
1.291382e-02
1.460656e-01
2.445917e-02
4.249733e-02
7.741256e-03
3.051980e-01
2.311724e-05
8.836981e-02
1.494787e-02
1.395303e-05
8.223442e-04
9.968842e-03
2.475338e-01
4.798171e-03
3.555246e-01
1.181625e-03
8.200716e-03
2.889441e-03
1.355741e-02
1.418592e-03
9.191950e-03
7.003424e-03
1.716226e-02
3.727210e-02
3.121269e-02
1.039599e-02
4.760538e-02
6.856187e-03
1.217749e-02
2.598203e-02
3.924740e-02
6.503507e-03
7.809514e-02
2.882176e-02
2.013584e-03
4.716172e-01
9.108781e-03
4.855031e-02
2.478621e-02
1.524725e-01
1.053120e-02
2.987594e-03
3.818508e-05
1.179956e-01
1.428099e-02
1.584941e-03
1.397267e-03
2.306794e-03
2.857640e-02
1.800416e-02
5.452290e-04
2.355551e-03
3.071985e-02
5.570058e-02
5.902278e-02
3.283943e-03
1.250408e-02
2.459366e-03
2.987042e-04
2.669449e-04
8.727166e-03
1.123828e-01
7.254057e-02
8.196851e-03
1.770183e-01
4.673285e-02
1.163472e-01
4.313238e-02
2.735253e-02
1.992130e-01
3.724756e-02
1.052419e-01
6.013490e-03
3.093261e-03
4.453970e-02
6.135744e-02
6.365122e-03
7.464128e-03
2.515367e-02
4.269535e-04
4.329778e-02
2.958699e-02
1.414268e-02
2.710801e-02
4.586251e-02
2.035172e-03
6.474496e-02
1.346866e-02
7.265409e-03
1.588313e-02
1.452662e-01
4.354609e-03
1.086661e-01
1.276884e-03
2.460910e-03
5.673370e-02
2.011041e-02
2.392117e-04
1.829430e-04
3.024689e-03
2.048467e-02
3.314443e-03
3.483388e-02
1.639795e-02
1.270105e-02
6.766523e-04
2.389420e-02
4.739168e-02
3.194650e-02
6.507107e-02
1.418790e-02
2.004167e-04
1.207136e-01
2.096360e-02
6.142840e-03
2.785300e-02
1.763737e-03
1.002731e-03
8.992682e-03
3.069324e-01
1.351582e-01
9.899273e-02
8.475353e-02
5.579938e-02
1.830685e-01
1.426003e-02
1.400601e-01
4.252810e-03
1.795513e-02
1.824078e-01
2.787320e-03
2.213187e-02
1.483618e-03
5.327384e-02
2.118455e-02
6.558190e-02
1.927512e-01
1.219472e-01
3.943502e-02
2.450844e-03
1.023494e-01
1.479762e-03
4.843126e-02
1.089109e-02
3.699064e-02
6.342809e-03
4.097610e-02
2.796364e-02
2.001754e-02
3.215815e-02
2.791019e-02
3.043181e-02
1.957777e-03
1.244445e-01
3.058609e-04
2.624819e-01
4.067507e-03
2.231610e-03
1.325091e-01
3.968331e-02
2.048922e-01
1.538092e-02
3.277117e-03
1.065059e-02
1.239342e-02
4.605561e-02
2.552488e-02
4.310719e-03
1.179739e-02
2.789350e-02
1.326929e-01
1.006288e-02
5.506144e-03
1.237742e-03
3.580715e-02
6.005722e-03
5.022941e-03
5.808350e-02
1.136049e-02
2.788617e-02
6.748592e-04
4.182762e-02
9.506864e-02
7.251629e-02
6.818631e-03
1.848609e-03
1.168605e-03
1.585594e-02
2.141249e-01
7.867408e-06
3.378944e-03
4.662108e-04
5.942586e-04
5.920178e-02
4.119508e-02
7.098522e-02
8.848156e-02
1.386498e-02
1.076038e-02
1.446632e-02
2.778580e-02
6.324899e-03
4.987914e-02
1.272457e-01
1.403079e-01
1.247713e-03
2.318972e-01
1.037634e-02
1.774070e-01
2.802699e-02
9.083620e-03
9.046198e-03
2.350595e-02
2.787467e-02
1.168855e-04
9.170466e-02
2.903344e-02
3.530429e-02
8.276616e-03
3.854685e-03
3.925377e-02
1.159145e-02
8.796997e-02
1.772627e-03
9.704524e-02
1.283032e-01
3.640868e-04
3.566369e-02
1.129330e-03
9.747743e-04
4.782461e-02
3.070471e-02
1.990700e-02
5.707160e-02
8.790235e-03
1.207561e-02
1.128751e-01
1.244370e-02
1.892220e-04
8.469932e-03
4.846305e-02
1.188584e-01
2.380000e-04
4.683649e-03
5.748538e-03
1.679777e-01
8.790097e-03
2.129744e-02
4.569238e-02
5.805414e-03
9.382737e-02
3.600099e-02
5.775675e-02
2.117312e-02
2.523424e-03
2.703493e-04
8.122045e-03
7.566930e-02
2.964244e-02
1.491813e-03
9.343343e-03
4.865361e-03
3.455808e-02
4.386285e-02
2.597667e-02
5.991860e-02
1.530357e-04
1.297847e-03
4.177007e-02
4.813058e-02
1.989546e-03
1.831726e-02
1.417862e-01
8.254817e-03
6.314710e-02
4.714390e-02
4.379099e-04
5.762755e-02
1.726543e-02
1.519110e-01
2.139064e-01
6.191230e-02
8.326268e-04
1.971042e-02
1.091437e-03
9.046335e-04
5.549816e-02
6.770178e-05
1.025293e-02
2.386092e-02
1.020484e-01
9.163433e-04
1.549397e-01
9.920701e-03
3.629421e-02
2.931024e-03
2.678825e-02
1.066598e-05
9.612468e-03
3.065122e-02
3.270694e-03
1.024298e-02
3.450279e-02
6.304133e-02
3.897176e-02
9.772888e-04
1.181788e-02
1.358115e-02
2.006203e-04
4.111690e-02
2.740898e-02
4.765472e-03
3.260773e-02
8.911516e-03
1.384717e-02
1.486829e-01
6.739405e-02
6.637710e-02
6.131288e-02
7.754603e-02
4.204249e-02
1.242495e-01
4.758830e-02
4.263071e-05
4.167480e-03
6.759264e-02
3.522793e-02
1.341801e-02
2.755763e-02
1.211868e-01
8.878292e-02
8.258437e-02
8.931453e-03
6.873579e-03
2.463289e-01
1.594391e-01
5.306950e-01
6.189347e-02
8.428263e-02
2.351225e-03
3.235047e-03
5.585838e-02
4.134464e-03
1.295327e-02
2.936711e-02
2.848082e-03
2.264117e-03
6.972095e-02
1.969056e-02
8.087639e-02
3.574445e-02
6.902578e-03
2.648088e-03
4.480457e-03
8.238307e-02
1.614034e-02
8.390345e-02
1.870792e-01
3.553746e-03
1.270208e-01
3.009221e-02
1.529066e-01
2.070420e-02
3.561576e-07
2.684930e-02
4.767246e-02
2.418255e-02
2.251719e-02
1.807385e-02
5.476943e-03
1.807870e-03
3.322646e-01
2.489500e-02
6.851738e-04
2.252566e-01
2.360873e-01
1.503717e-02
8.037760e-04
9.037521e-03
1.790745e-02
4.105294e-02
1.575116e-02
2.576814e-02
4.466748e-03
2.086414e-02
5.179176e-04
1.829953e-02
2.293206e-02
1.063663e-01
9.389251e-03
2.898958e-02
1.672854e-01
3.529000e-02
1.006085e-01
2.103950e-02
3.143218e-01
5.078014e-02
1.948332e-01
5.290542e-02
1.437588e-02
4.097167e-01
9.328164e-04
1.567054e-03
6.960031e-03
2.388152e-01
1.298527e-01
1.184017e-02
7.248258e-03
1.838275e-04
6.218438e-02
7.205322e-01
3.254717e-03
9.119403e-02
2.869951e-02
9.034149e-03
1.795913e-02
6.856946e-05
1.066296e-01
1.580953e-01
5.727185e-03
1.997959e-02
1.786874e-02
1.289207e-01
2.886359e-02
4.937087e-02
4.477989e-02
1.644005e-01
5.444723e-02
1.750484e-01
1.058259e-02
5.740349e-03
7.646148e-03
8.142194e-04
7.383426e-03
1.204927e-01
5.569022e-02
1.329485e-01
3.641513e-01
4.053327e-02
4.714785e-03
2.034558e-02
2.453969e-05
7.218204e-02
6.940848e-04
4.242341e-02
3.673753e-02
1.328350e-01
2.626461e-02
1.231563e-02
1.429250e-01
2.624210e-02
8.752217e-02
1.090144e-01
5.242318e-09
4.351812e-01
1.833017e-02
9.608515e-02
8.480392e-02
3.238726e-02
1.102283e-01
3.973241e-03
1.808408e-01
3.746013e-03
1.590817e-04
2.118540e-02
1.694863e-03
2.190393e-05
1.479317e-05
2.168139e-02
4.332810e-03
2.629931e-02
3.643909e-02
4.539074e-02
2.801657e-03
1.048292e-01
4.691222e-03
1.692422e-04
1.708638e-01
8.755404e-05
1.192202e-02
1.965708e-03
1.328812e-03
6.770108e-03
2.551336e-03
1.009772e-02
2.297502e-02
1.117993e-01
7.852341e-04
7.702329e-03
3.811791e-02
2.532932e-02
1.798888e-01
7.382726e-02
6.489513e-03
1.048107e-02
5.812546e-02
3.994343e-02
