1.412156e-02
1.369358e-01
3.469788e-02
2.699365e-04
4.356787e-01
8.673300e-04
8.395586e-02
8.492854e-03
1.140147e-04
6.029916e-06
3.988343e-02
2.969051e-02
3.404501e-03
2.400876e-02
1.048696e-02
7.409100e-02
3.122174e-02
1.827441e-01
7.451504e-03
1.170508e-02
7.612811e-03
8.745928e-03
1.424282e-05
7.960135e-02
1.268911e-02
1.017499e-01
2.984918e-05
4.135207e-02
2.193047e-03
1.716927e-01
1.267835e-01
1.132116e-01
2.055181e-03
9.095543e-02
8.269097e-04
5.059874e-03
6.759466e-02
1.192693e-03
7.202633e-05
8.751987e-03
7.814719e-03
6.450873e-03
3.298725e-03
1.881620e-01
1.007658e-01
4.867087e-02
1.796094e-02
7.170861e-03
1.897460e-01
5.097214e-02
3.961253e-02
1.483215e-06
8.437516e-03
7.637889e-03
2.232996e-02
9.711563e-02
2.792725e-02
3.038719e-02
3.388489e-03
3.961080e-02
1.350015e-03
3.650803e-02
2.953509e-03
2.158429e-03
4.489942e-02
5.212083e-03
4.399319e-02
6.261790e-02
1.743126e-02
2.465110e-02
5.586915e-02
4.331586e-03
6.316469e-03
3.818704e-02
2.329769e-01
4.888903e-03
1.683959e-02
4.330942e-02
2.117819e-02
2.551846e-01
3.013382e-02
1.256239e-01
8.971580e-02
5.047042e-02
1.054816e-01
1.462985e-02
4.668639e-02
1.141866e-01
2.419697e-02
3.797070e-03
2.032086e-04
1.062583e-03
6.849324e-03
1.173548e-02
4.331310e-02
3.013152e-02
7.997493e-03
8.514263e-03
8.152745e-07
4.336929e-03
1.197662e-02
1.842171e-03
1.851815e-02
8.840818e-02
3.645858e-02
1.506734e-03
1.437071e-01
2.528765e-01
1.123486e-03
6.580530e-02
1.053755e-02
1.766295e-02
2.572141e-02
2.230092e-03
1.321208e-01
2.125792e-02
1.394518e-04
8.368986e-03
1.352797e-01
2.122374e-02
1.838947e-02
3.393570e-02
6.972305e-02
3.628889e-02
1.261572e-02
9.938410e-02
1.527240e-02
6.237220e-05
3.001519e-02
1.524746e-04
7.538413e-04
1.277252e-01
2.470725e-02
2.600097e-02
1.050862e-01
4.145451e-02
6.124296e-01
4.833619e-03
1.209632e-02
3.802219e-03
2.360554e-01
1.349351e-01
3.172245e-03
9.626589e-05
6.652323e-03
5.739196e-02
5.148949e-02
1.151016e-01
4.715960e-02
3.369476e-03
1.355302e-02
1.442964e-01
6.751514e-02
3.426697e-01
1.028412e-02
3.715192e-02
2.871627e-04
2.577686e-02
1.040310e-01
1.802806e-01
1.662792e-03
2.103446e-02
2.850255e-04
2.493171e-02
7.756589e-02
9.436515e-01
1.233621e-02
2.150601e-02
2.284363e-02
2.362098e-06
8.269029e-03
2.984933e-02
8.608313e-04
2.033080e-01
1.281518e-01
3.086850e-02
4.976195e-03
2.986918e-01
8.993386e-04
3.083556e-03
6.516900e-02
2.549633e-02
5.686531e-03
1.014032e-02
3.341006e-02
3.488347e-02
3.699268e-01
9.624855e-05
1.169981e-02
1.393647e-01
5.411386e-02
4.917029e-02
6.812586e-03
4.251039e-02
2.883367e-01
1.994609e-02
8.054695e-02
3.743017e-02
1.102259e-01
3.675076e-04
2.533162e-02
3.401013e-02
2.642925e-02
1.084910e-01
7.836995e-02
4.304223e-02
1.432776e-01
3.915668e-02
3.439015e-03
4.197095e-04
1.460182e-02
2.807277e-05
2.899485e-03
1.958536e-03
4.256239e-03
2.688677e-04
4.174866e-02
1.646416e-05
3.583332e-02
4.160637e-02
2.479073e-02
4.620830e-02
5.764613e-02
6.209992e-02
2.565002e-01
1.394664e-03
4.448526e-02
1.722671e-02
1.781025e-02
1.131721e-02
1.088190e-01
1.511938e-01
1.583648e-03
1.191040e-01
1.181366e-02
1.961034e-04
4.119503e-03
1.103963e-01
7.274056e-03
1.401875e-01
1.749335e-02
4.876074e-02
1.815664e-02
7.406703e-02
1.074180e-02
1.921769e-01
3.399921e-03
1.315795e-01
2.208882e-01
6.082164e-02
3.252810e-04
1.474840e-02
1.740736e-02
1.934048e-01
3.223386e-02
2.243755e-05
1.036858e-02
3.325466e-03
7.328030e-03
1.299647e-01
4.288192e-01
1.901499e-03
1.269304e-02
8.948107e-03
1.693841e-01
3.021572e-03
1.037212e-01
1.912214e-02
2.046621e-02
2.257459e-03
1.234854e-02
1.939025e-02
1.651671e-03
2.592850e-01
3.048859e-01
2.647289e-02
4.676952e-03
1.351313e-01
8.130787e-04
8.552902e-02
9.575434e-03
2.861960e-01
7.504213e-04
1.588457e-02
1.561567e-01
1.216657e-05
4.176620e-02
3.122472e-02
6.930723e-03
5.553764e-02
7.262882e-06
1.495437e-05
7.123389e-02
1.529687e-01
1.320705e-01
2.881560e-02
9.245485e-03
8.899703e-05
8.519754e-02
4.446604e-03
6.036578e-03
4.966297e-02
3.234290e-02
1.993232e-02
1.153921e-01
2.292893e-03
1.488402e-02
5.352587e-02
8.143850e-02
1.804278e-03
7.850196e-02
1.413022e-04
2.989609e-03
3.410871e-02
1.033219e-02
6.325476e-02
7.193804e-06
1.611608e-04
6.205777e-04
1.253460e-02
2.632749e-02
3.582056e-03
7.939488e-02
5.337884e-03
1.951160e-02
1.434612e-02
4.244545e-02
1.041648e-04
5.002174e-02
1.205942e-02
1.401856e-01
1.308940e-02
6.552731e-03
1.332794e-02
6.936609e-02
1.972054e-03
6.827740e-05
3.256844e-02
1.219336e-01
1.951687e-03
6.762009e-04
1.575532e-02
3.173717e-03
3.308379e-02
2.975499e-01
1.322077e-02
1.745072e-02
1.575557e-03
1.338746e-01
2.741791e-02
2.121283e-02
4.371726e-03
1.584692e-02
1.180111e-03
4.011426e-03
1.271716e-02
1.134932e-01
1.127907e-02
1.039256e-03
1.780616e-02
2.178156e-03
3.767298e-03
7.254548e-04
2.732671e-02
1.571618e-02
2.062535e-02
1.680184e-03
5.977150e-02
3.473486e-02
1.904944e-02
8.505105e-02
4.584660e-04
6.283882e-02
2.142803e-03
2.346799e-02
5.047557e-02
4.189575e-03
2.115430e-02
2.949290e-02
2.710993e-03
6.680195e-02
5.154958e-02
1.899704e-04
2.166673e-02
1.707118e-02
3.778128e-02
3.913989e-02
1.260829e-02
2.212764e-02
2.703957e-01
1.221175e-01
1.545299e-04
1.278046e-02
2.107829e-03
6.943634e-02
1.908665e-02
9.390683e-02
2.338112e-02
1.076680e-01
6.108222e-02
3.076936e-02
8.070179e-03
1.097625e-01
1.138879e-01
3.590307e-03
9.898308e-02
8.141305e-03
1.646194e-02
5.168457e-04
2.316624e-04
9.785598e-02
6.810709e-03
1.553222e-01
6.298724e-02
1.505654e-02
2.450791e-02
7.935491e-03
1.560751e-05
5.808627e-02
1.621756e-02
1.363195e-01
9.868887e-02
7.338570e-03
5.182856e-03
4.083467e-02
2.220300e-04
2.446268e-04
2.057408e-01
1.379435e-02
2.709641e-03
1.301662e-02
2.358094e-02
2.133017e-01
3.335796e-05
7.902297e-04
3.379866e-02
7.538053e-02
3.244704e-02
2.601301e-02
1.963275e-01
1.728080e-01
6.474034e-03
3.610491e-04
1.379747e-01
5.900655e-06
8.737607e-03
1.500644e-01
4.391823e-02
1.825292e-02
9.043176e-02
2.122145e-02
5.934483e-04
3.867716e-04
3.122649e-03
7.866292e-02
1.291486e-02
1.939680e-01
3.170238e-02
1.427717e-07
1.838372e-02
5.882628e-03
2.591397e-03
3.057084e-02
3.916021e-03
1.278887e-01
1.846782e-04
1.871801e-02
1.721845e-01
3.549455e-03
3.067896e-05
6.473169e-02
3.157441e-02
1.657998e-01
6.216570e-02
9.257328e-02
1.117952e-01
2.362676e-02
5.441705e-02
2.016302e-04
1.651135e-01
1.440438e-03
2.550061e-02
1.124340e-02
5.909858e-02
4.307625e-03
3.129444e-02
4.565038e-02
9.695524e-02
4.935108e-03
4.011365e-02
9.024057e-02
8.930924e-04
3.079081e-02
1.659430e-06
4.383180e-04
2.243990e-03
5.447971e-02
2.965411e-02
2.285708e-03
8.943682e-03
4.543956e-02
1.175262e-01
1.044423e-02
5.464620e-01
1.595194e-03
8.675684e-04
9.114263e-03
2.995397e-04
1.465703e-02
1.650839e-02
7.553556e-02
2.162959e-04
8.662712e-03
7.900617e-02
1.026954e-01
5.364780e-02
1.002941e-03
2.089486e-04
5.174531e-03
1.420923e-03
2.140715e-02
7.171829e-04
6.030240e-02
5.316879e-02
1.497875e-02
1.009209e-01
1.441384e-02
3.954519e-03
4.814386e-03
4.936205e-03
1.235637e-01
1.866385e-02
5.288971e-02
1.454153e-01
2.356047e-01
9.293762e-05
5.135911e-02
7.693942e-02
1.735249e-02
9.382670e-03
8.269752e-03
3.048739e-03
4.883245e-03
2.433223e-03
8.044618e-02
5.781410e-02
1.790473e-03
2.722578e-03
2.824093e-01
2.369788e-02
1.321862e-02
2.962923e-02
1.056503e-03
5.614778e-04
2.773977e-02
8.319481e-03
2.421558e-02
5.418336e-03
1.276277e-04
7.177660e-03
3.152427e-03
1.540984e-02
6.133609e-02
2.469424e-02
2.560890e-02
5.584233e-02
1.810899e-03
5.480831e-02
7.375700e-02
1.384520e-05
3.079875e-03
5.662349e-03
1.448822e-01
1.769295e-01
1.133105e-02
5.504399e-02
1.104689e-01
2.474732e-02
9.439926e-02
8.699153e-04
4.666377e-02
5.431122e-04
3.777730e-01
2.619629e-01
9.445523e-02
7.501750e-02
2.840694e-04
8.549914e-05
4.741827e-03
1.012661e-01
3.373528e-02
1.023174e-03
4.270319e-03
4.162416e-02
