1.182608e-02
1.207375e-01
1.510519e-01
3.255810e-02
9.035350e-03
5.677353e-02
7.375551e-03
1.372032e-02
9.342799e-02
2.004786e-01
1.709314e-03
3.581231e-03
7.879535e-02
3.165731e-02
3.127145e-03
6.621106e-02
3.544918e-03
7.981372e-02
3.284654e-02
1.370989e-01
2.643588e-02
3.181295e-03
5.805725e-05
1.039537e-01
8.768010e-03
2.825339e-02
2.917478e-03
6.187984e-02
2.159229e-04
1.109668e-01
7.292909e-02
1.798071e-01
1.452948e-02
1.426528e-02
2.791929e-02
2.303912e-02
5.243024e-03
1.808520e-02
1.465207e-01
1.923084e-02
3.674780e-03
2.257104e-02
1.344272e-01
7.864021e-02
4.430508e-02
2.757293e-02
5.373111e-05
1.303746e-02
7.356740e-03
4.085547e-02
7.195048e-02
5.333284e-03
5.012718e-04
4.695291e-03
4.288354e-04
1.226593e-02
3.339186e-01
1.551654e-03
1.411843e-03
1.339614e-02
5.657358e-02
1.052756e-02
6.589701e-03
7.685040e-02
4.152256e-04
2.644203e-02
5.523054e-02
5.072557e-04
6.103180e-02
1.408277e-01
2.853204e-06
2.865053e-02
2.183411e-01
7.594593e-03
3.273378e-02
6.146836e-02
2.215837e-02
4.014793e-04
2.329390e-02
3.973726e-02
1.074748e-01
3.718591e-02
5.818836e-03
3.126908e-03
3.555937e-02
1.173105e-01
2.136551e-02
1.402529e-01
6.300203e-03
1.872003e-02
6.465836e-02
1.000932e-01
1.789015e-02
6.686915e-02
1.460437e-01
1.550441e-01
1.839172e-04
1.601852e-02
7.367975e-02
6.611243e-04
4.234020e-03
5.547445e-03
3.360307e-02
1.800942e-02
5.354042e-02
5.630064e-03
1.127255e-04
3.622477e-02
4.079779e-02
9.283367e-02
6.849362e-02
2.325462e-02
3.107999e-02
7.980147e-03
5.537299e-02
2.322231e-02
1.449214e-01
3.935162e-03
4.101426e-02
5.407212e-02
2.527057e-03
4.245429e-02
4.187603e-02
3.720629e-02
3.939491e-02
2.907273e-04
1.266666e-02
3.745520e-02
8.694934e-08
8.496788e-02
7.432105e-03
1.656020e-02
1.447745e-02
1.234118e-04
3.562766e-02
9.317612e-02
9.452270e-02
1.114440e-01
2.611762e-02
8.800451e-02
2.625192e-03
1.905273e-01
1.192886e-06
2.666176e-01
5.558494e-07
1.690628e-02
1.871973e-02
1.570189e-01
2.712831e-03
4.651518e-03
6.463812e-03
6.858054e-01
3.496350e-01
4.369062e-02
1.260830e-02
1.221762e-01
1.004754e-01
1.281406e-05
4.873604e-03
1.549629e-01
4.530716e-04
1.139354e-02
8.006514e-03
1.203174e-01
9.339480e-02
6.493681e-02
1.445905e-02
9.368748e-05
9.573211e-03
2.226815e-03
1.178169e-04
9.537002e-02
3.657678e-02
2.645412e-04
2.775562e-01
3.623374e-03
1.178929e-02
1.863116e-01
4.037667e-02
1.609505e-02
3.599048e-04
8.306795e-02
2.164888e-02
1.085251e-03
7.450406e-02
2.356511e-02
5.687152e-03
9.672367e-02
8.973591e-05
3.745008e-03
1.453119e-01
1.671073e-02
9.522801e-03
1.552424e-06
8.221160e-05
4.994286e-04
1.096076e-02
9.931894e-04
6.254852e-03
4.454625e-03
2.311168e-03
2.081982e-03
5.419420e-03
1.125184e-02
1.920788e-01
6.501048e-03
7.947377e-02
3.696641e-02
1.708749e-02
8.073302e-02
5.430212e-04
3.027307e-02
8.390562e-04
1.319919e-01
1.093542e-03
1.350913e-03
8.345824e-03
1.168631e-02
1.261534e-04
4.338839e-02
4.397784e-02
1.487045e-02
1.549598e-03
3.413066e-02
6.082794e-02
4.678377e-05
1.456595e-02
8.421948e-03
3.335011e-02
5.055669e-03
8.878587e-02
5.564123e-02
6.095500e-05
9.482528e-04
5.260041e-04
2.047928e-03
3.406378e-01
9.973944e-02
7.094018e-02
1.955860e-02
6.212815e-02
3.062123e-03
5.670113e-02
3.495806e-03
6.595126e-02
3.449309e-01
4.043586e-03
9.639156e-04
8.895559e-02
7.849042e-03
2.360300e-02
3.228885e-07
3.381171e-04
8.150529e-03
7.678457e-03
3.882219e-04
6.416514e-02
1.409876e-02
9.486511e-04
7.465150e-02
1.949672e-01
6.183993e-02
4.948380e-02
1.350724e-02
1.032109e-01
1.050001e-02
1.704222e-01
4.556846e-02
7.310777e-02
7.945859e-03
1.021393e-01
5.141981e-03
5.753701e-02
1.714260e-03
3.010897e-01
1.393668e-03
1.789717e-01
2.258553e-06
1.389048e-02
7.428676e-04
6.352201e-02
1.028748e-02
1.248119e-01
6.388632e-02
4.267913e-02
2.812659e-02
1.729527e-01
7.707205e-04
1.783522e-02
5.565949e-02
2.895346e-03
1.079904e-03
1.568677e-02
9.234754e-03
2.405038e-02
2.063728e-02
5.278441e-03
2.234139e-01
8.569894e-03
3.440672e-02
6.947732e-02
7.517140e-03
1.171776e-03
5.466839e-02
1.408249e-05
4.159683e-03
5.503168e-03
1.032698e-01
7.829453e-02
2.535956e-05
2.735812e-04
1.756748e-03
7.441557e-05
5.856671e-03
1.217732e-02
3.957430e-02
1.301133e-01
1.092674e-01
5.925164e-02
5.417256e-02
8.782279e-03
2.626341e-04
7.283224e-02
1.990793e-02
1.981532e-02
9.405612e-02
1.782882e-01
1.973703e-03
2.453217e-01
1.936507e-02
9.897792e-02
7.201562e-02
1.048381e-01
4.120943e-02
3.957501e-02
1.322358e-02
1.087245e-02
4.065657e-03
2.242457e-04
1.490022e-04
9.979702e-02
8.737990e-03
9.874629e-02
5.685878e-02
2.025176e-02
2.905457e-03
9.400355e-03
8.536597e-02
4.202077e-02
3.615405e-02
4.489439e-02
4.203030e-02
1.305674e-02
2.584683e-02
6.689430e-02
5.904825e-03
5.457342e-02
7.381701e-03
4.889071e-01
7.073288e-03
4.823144e-02
6.095996e-02
8.641439e-03
1.671484e-02
4.956173e-03
8.106291e-03
9.406345e-02
3.163354e-03
1.071057e-01
1.634985e-02
2.485612e-02
1.617454e-02
1.556179e-01
4.616916e-02
4.851693e-02
3.204622e-04
2.417067e-01
6.181554e-03
1.783201e-03
4.260238e-02
4.372153e-02
1.958763e-02
1.280766e-01
8.891244e-03
1.121759e-01
1.139403e-02
9.994819e-02
4.964922e-03
3.727365e-03
6.444906e-04
1.758022e-01
1.693453e-04
8.687196e-04
1.262076e-01
2.359680e-03
2.095991e-03
2.710643e-02
4.581362e-03
6.569229e-03
6.691954e-02
8.991527e-04
6.135017e-02
4.484713e-02
2.124572e-03
3.956537e-04
6.968829e-03
6.145768e-03
4.750541e-02
1.074853e-01
8.206473e-02
1.381961e-02
1.097095e-03
6.689896e-02
1.226232e-01
2.197788e-03
1.294844e-01
7.144738e-02
1.037651e-02
3.910815e-05
2.617266e-01
2.248275e-02
1.130060e-03
2.662605e-04
1.123085e-02
3.115871e-02
2.605300e-02
5.163386e-04
6.505652e-02
4.598081e-03
1.036602e-02
2.403076e-02
4.346420e-02
3.702670e-02
2.057807e-03
9.578310e-02
6.259429e-02
7.271748e-03
9.463839e-02
2.634888e-03
1.352710e-01
3.854744e-03
3.075554e-03
1.863027e-02
7.464244e-02
4.200121e-02
4.228638e-02
5.254846e-02
3.585105e-02
2.617244e-03
1.813232e-02
6.483201e-03
9.932023e-02
6.801728e-02
5.744675e-02
7.867845e-02
2.464502e-02
2.334284e-02
2.115107e-01
1.002738e-04
5.826781e-03
1.087502e-02
2.030634e-02
1.020895e-02
1.681608e-03
1.054206e-01
2.279677e-02
1.335979e-03
7.804682e-04
6.145420e-02
8.228751e-02
9.227393e-03
1.169870e-01
1.768070e-04
9.921306e-02
6.436646e-02
6.242171e-02
3.198477e-02
1.797248e-01
1.350162e-01
1.117292e-04
3.250546e-02
6.224720e-03
2.816603e-02
5.547431e-04
2.450213e-02
8.791034e-02
8.009390e-04
3.510480e-02
3.933127e-04
3.403358e-03
3.062650e-03
5.172350e-02
9.049343e-02
4.059259e-03
3.281014e-05
1.196390e-02
5.382891e-03
2.939141e-03
4.302172e-03
1.232751e-02
1.283203e-02
5.617968e-02
5.401444e-02
3.447121e-06
4.290759e-02
1.845082e-01
1.751244e-02
1.795473e-02
8.686207e-03
2.932577e-04
1.106659e-01
4.182990e-02
5.583337e-03
1.006883e-01
6.194548e-04
7.307476e-03
7.111119e-02
1.927866e-02
1.005353e-03
5.268097e-02
3.774886e-02
3.826847e-02
6.011660e-03
4.398059e-02
6.918189e-02
2.053945e-03
1.904364e-03
1.247971e-02
9.235720e-04
1.115963e-01
1.706314e-02
3.837901e-03
2.290178e-02
2.683819e-03
1.785276e-01
4.115721e-02
1.359772e-01
4.527031e-03
8.594361e-03
5.417293e-06
3.383860e-01
1.505239e-02
3.047683e-03
8.506557e-03
7.677032e-02
2.287195e-02
3.481220e-01
3.142487e-01
1.634864e-02
1.595284e-02
4.714958e-02
9.615104e-02
2.133277e-02
2.931533e-02
2.653038e-02
2.001191e-01
1.933854e-02
1.473548e-01
1.882124e-02
5.998636e-02
1.019227e-02
8.767771e-02
7.381152e-03
8.185856e-03
1.728637e-02
1.824403e-04
5.567512e-03
4.501280e-03
4.928829e-02
1.973848e-01
2.806955e-02
8.617853e-02
9.994370e-04
1.570026e-02
8.311575e-03
1.127690e-02
7.725906e-03
1.257556e-04
2.448449e-03
5.033841e-02
8.615678e-02
1.471853e-02
2.887274e-03
1.093377e-01
6.466833e-02
6.597489e-02
3.903911e-02
6.670203e-02
1.746068e-02
1.489315e-05
1.254636e-01
1.658719e-02
1.832743e-03
4.773137e-02
