1.404226e-02
1.899163e-02
4.209322e-03
9.984494e-02
4.325707e-03
2.557492e-02
2.128643e-02
2.198036e-03
1.314548e-04
1.958067e-01
6.675070e-04
1.124192e-02
4.533074e-03
1.236336e-02
1.640347e-03
1.131700e-01
6.160133e-02
1.101432e-01
1.695479e-01
2.025688e-02
1.239096e-01
5.557727e-04
2.781037e-02
1.581442e-02
6.035245e-04
2.011282e-03
6.408062e-02
6.690480e-04
1.134360e-02
4.454021e-03
2.735120e-02
2.033830e-02
4.243613e-02
1.274750e-03
4.317049e-03
9.250066e-02
7.050498e-04
9.587313e-02
8.825569e-07
1.274335e-02
3.519914e-02
7.919663e-02
3.445867e-03
6.527879e-03
1.844451e-02
7.331527e-03
7.734912e-02
4.321134e-02
6.299355e-03
1.246871e-01
4.332390e-02
1.115489e-06
1.057621e-01
5.117917e-02
3.138964e-02
3.416930e-02
4.484085e-06
1.434643e-03
3.025965e-02
2.827495e-03
7.796724e-02
1.202752e-02
6.555078e-02
4.756648e-04
1.725263e-02
1.775465e-04
2.216442e-04
3.794731e-02
1.735430e-03
6.540521e-03
4.474424e-02
1.093900e-02
4.933450e-04
1.001167e-01
4.966788e-02
3.070226e-03
1.645366e-03
1.247233e-02
7.642119e-03
3.183944e-02
3.609969e-02
1.810664e-02
3.955644e-02
7.659871e-03
1.805122e-04
1.742862e-02
1.973868e-01
1.323227e-01
5.136034e-02
1.280207e-03
4.971096e-02
1.811452e-02
1.362218e-02
2.672828e-02
7.214983e-02
2.140042e-03
9.785758e-03
1.254864e-01
4.105340e-02
1.099358e-01
1.612019e-02
5.141873e-03
6.085241e-02
1.474449e-01
6.192041e-02
6.661908e-02
1.243515e-02
4.710266e-01
9.594921e-03
1.707361e-02
1.850814e-01
5.294614e-01
2.112722e-03
9.712471e-04
6.315653e-03
7.566587e-02
7.937328e-02
2.036860e-03
5.536535e-05
1.010610e-01
4.630387e-04
3.908343e-02
5.250829e-02
6.090181e-06
6.871830e-02
4.831373e-02
9.050224e-05
3.005518e-05
2.804625e-02
1.185369e-02
3.759452e-03
2.088759e-02
3.490425e-06
1.869596e-04
3.489765e-03
2.013681e-06
1.866266e-01
4.712353e-04
4.360301e-02
6.728219e-02
1.145114e-01
1.521792e-01
1.755610e-02
8.144591e-02
1.200736e-01
1.090332e-01
1.254553e-01
6.186087e-03
3.135259e-02
7.518977e-02
1.449947e-02
1.024671e-02
2.748303e-01
2.443024e-02
2.025502e-02
6.968191e-02
5.218234e-04
7.811651e-04
3.449429e-03
6.310414e-01
9.421641e-03
8.740617e-02
8.467184e-04
1.382602e-03
6.917544e-02
2.996385e-01
2.299780e-01
1.379475e-02
9.071953e-04
8.941055e-03
9.692914e-03
1.444493e-01
2.712562e-02
2.149818e-03
3.251406e-01
9.139424e-02
8.818510e-02
5.542873e-02
2.447824e-05
1.105184e-01
5.568079e-03
5.494748e-03
7.678900e-04
9.728350e-02
8.696649e-03
1.631595e-01
1.486615e-02
4.530404e-02
3.051666e-01
8.164960e-02
9.120386e-03
3.586194e-05
1.204992e-01
7.780896e-02
2.051363e-03
3.447561e-02
1.383617e-03
3.081525e-02
1.928008e-03
1.632182e-02
1.877857e-02
1.784423e-01
2.010727e-02
1.129048e-07
4.883605e-02
1.657384e-01
1.313127e-03
9.559942e-03
4.411655e-02
4.233929e-02
4.160420e-02
1.459015e-01
1.401136e-01
4.724636e-03
1.487806e-03
3.583511e-03
3.644569e-03
4.932554e-03
7.211746e-02
1.126957e-01
2.578610e-01
1.823979e-04
1.538735e-02
3.686201e-02
7.268646e-02
1.208264e-01
2.662490e-01
9.444646e-03
3.132709e-02
6.434417e-02
2.400505e-02
4.835515e-03
4.869830e-02
8.630989e-02
1.043438e-01
9.242629e-02
3.309828e-02
6.398019e-02
2.280345e-03
1.117973e-01
3.014675e-03
1.344137e-01
5.200289e-03
4.845992e-02
6.518326e-02
2.581173e-01
2.731097e-02
2.824143e-02
1.606306e-01
4.365871e-02
2.278308e-02
3.001022e-02
2.087767e-02
5.000343e-02
8.616726e-02
3.008608e-04
8.588133e-03
1.208692e-01
1.805871e-01
2.805543e-02
7.591468e-02
3.477032e-02
1.136462e-02
8.494716e-02
1.438292e-03
9.471288e-05
2.169668e-04
3.844293e-03
2.716029e-02
6.495894e-03
1.919427e-02
1.789415e-02
1.076316e-02
4.958676e-02
2.679460e-01
5.791872e-02
1.204213e-02
2.917187e-02
1.462525e-01
1.538701e-02
8.641123e-02
4.586171e-03
9.528273e-02
5.341040e-02
1.795612e-02
1.201541e-02
2.002132e-03
4.565932e-06
1.656949e-03
1.378893e-02
6.305935e-03
8.533880e-04
1.286080e-01
7.640268e-03
1.872104e-02
4.299281e-02
4.557208e-02
1.632232e-02
7.911308e-02
3.703501e-02
2.893817e-01
5.604010e-03
1.450806e-02
1.413795e-01
3.433569e-02
6.102390e-02
3.712992e-02
4.136861e-02
5.636867e-04
4.160895e-02
1.917411e-01
5.809497e-02
3.371230e-02
1.783723e-02
1.238410e-03
1.295602e-02
3.355585e-03
6.572390e-04
3.509291e-03
1.276053e-01
9.738766e-03
2.798763e-02
7.080963e-02
1.953730e-02
1.226459e-02
2.854004e-02
1.255054e-02
7.846541e-02
9.674347e-02
7.535020e-03
1.111536e-01
8.292650e-03
9.306169e-03
1.196205e-01
2.377130e-02
2.132912e-03
5.246141e-03
8.245683e-04
1.845381e-03
2.761152e-02
3.842371e-01
2.292532e-04
7.386017e-04
3.184633e-03
1.651937e-01
2.186136e-02
1.413517e-04
5.641643e-02
1.591071e-01
1.993303e-04
8.482508e-02
6.072801e-02
2.811930e-02
1.449830e-01
1.068853e-01
2.773381e-03
1.719765e-02
4.145779e-02
4.244362e-02
1.110655e-01
2.025167e-02
1.443671e-02
6.837362e-04
5.602582e-03
3.929912e-02
1.868173e-01
3.207641e-01
9.486331e-02
1.398295e-01
2.398812e-04
1.645177e-01
2.767287e-02
1.129856e-03
1.735248e-01
1.054053e-01
2.440869e-02
5.825173e-02
5.245232e-02
5.957572e-02
1.171255e-03
2.251385e-01
1.798127e-03
1.161383e-02
1.955216e-01
3.085610e-02
8.722829e-03
3.737820e-01
6.349504e-02
7.480564e-02
4.281767e-02
8.574771e-04
3.129580e-01
2.650546e-02
2.008925e-01
9.391162e-05
2.185094e-04
2.116211e-01
1.508717e-02
4.622931e-02
1.190477e-02
1.379236e-01
3.334985e-02
1.000577e-01
7.474517e-04
6.125227e-02
1.501902e-04
1.517428e-02
2.030331e-01
4.799774e-02
1.809332e-02
4.863996e-02
1.457225e-01
1.403212e-04
4.679231e-03
9.340220e-02
1.090763e-01
1.022857e-02
2.901176e-01
9.362056e-02
3.497776e-01
2.117300e-03
1.978603e-04
4.043833e-02
7.076180e-03
6.285764e-02
5.682326e-03
7.633291e-02
1.804427e-01
1.350042e-02
4.770771e-02
1.124683e-02
7.229466e-02
1.238170e-01
2.200895e-03
3.970581e-03
2.397791e-04
9.904564e-02
2.873857e-02
3.966210e-01
1.411830e-02
7.394474e-02
2.176754e-02
2.814012e-02
3.331898e-01
4.337074e-02
5.616149e-02
1.300091e-03
1.103702e-03
2.914537e-03
4.067660e-02
8.797394e-02
8.305219e-03
1.878767e-02
6.282273e-02
3.844479e-05
5.299618e-03
2.677034e-06
6.009213e-03
5.689773e-02
1.015356e-02
1.946181e-02
1.425194e-02
1.268352e-02
1.376601e-01
6.331806e-02
7.559804e-03
2.902014e-03
4.463824e-03
5.503417e-03
3.958412e-04
3.100878e-03
1.380231e-02
2.256214e-02
3.300518e-01
7.875648e-02
1.290719e-02
1.494973e-01
4.737376e-03
5.101127e-03
5.589296e-02
4.154258e-03
6.519396e-03
8.902379e-03
1.362900e-02
2.474108e-03
6.109156e-03
2.692090e-01
4.832631e-04
3.061066e-01
1.286965e-01
3.141379e-01
2.079813e-02
5.284023e-02
6.938801e-04
1.507818e-02
1.150273e-02
1.204133e-02
4.724761e-02
7.355436e-02
6.912463e-02
5.127023e-03
4.784618e-02
3.459525e-03
1.514800e-02
3.233302e-02
1.101988e-03
2.907162e-03
3.628581e-02
1.230936e-02
5.514180e-03
2.662866e-01
2.170715e-02
2.993388e-02
2.179924e-01
3.122891e-02
2.897855e-02
2.485787e-03
3.190810e-03
5.538641e-03
2.192472e-01
5.124590e-03
1.460713e-02
1.024273e-01
2.569536e-02
5.361299e-02
9.128914e-03
2.073434e-02
8.082583e-02
2.476316e-02
4.980128e-02
9.424333e-02
1.050366e-01
1.491780e-02
2.637158e-02
7.737140e-02
6.927517e-03
3.424339e-03
2.043856e-02
6.843129e-07
3.858117e-04
3.015701e-02
6.592636e-02
3.551856e-02
6.307325e-02
1.696509e-03
2.349308e-03
2.938307e-03
6.246430e-02
1.026253e-02
1.938722e-01
1.658015e-01
5.050981e-02
9.308242e-03
9.155041e-04
1.889938e-01
8.987527e-03
6.215811e-03
8.388268e-02
9.896511e-02
7.076767e-02
1.910119e-06
9.295585e-03
1.149152e-02
1.261326e-03
1.962267e-02
2.321625e-01
8.076647e-04
4.273429e-03
1.435569e-02
4.834526e-01
2.752107e-02
6.730399e-03
3.022384e-04
2.282658e-02
1.065263e-01
1.917375e-04
2.045366e-01
1.723664e-02
3.187106e-02
1.436287e-02
1.109368e-01
2.094634e-02
1.706186e-05
2.834077e-02
9.673710e-02
2.003454e-01
4.658196e-02
3.085654e-02
2.060445e-02
7.279651e-03
1.886782e-02
5.233752e-02
4.358922e-02
1.779368e-02
