1.365767e-03
1.199292e-01
1.166198e-02
2.852399e-04
7.933872e-02
4.129378e-02
5.770903e-02
6.067878e-03
1.542944e-01
9.093422e-06
1.673577e-03
4.107261e-05
2.108724e-02
1.706598e-02
1.037348e-02
6.389786e-02
2.756264e-02
7.935890e-03
2.220607e-01
3.147823e-03
1.068249e-01
4.433362e-03
2.198838e-02
5.744726e-02
1.653138e-04
1.620722e-02
7.401358e-04
1.053253e-02
1.271748e-01
1.003218e-01
6.746197e-02
9.516488e-03
1.180795e-01
2.247980e-01
1.635102e-01
2.819843e-02
1.942023e-03
3.656000e-02
1.191238e-01
6.536337e-04
4.314860e-03
6.275856e-02
1.830414e-01
8.841156e-02
9.447349e-02
4.117664e-02
3.794275e-03
8.588665e-02
6.094291e-02
2.979605e-03
4.244148e-02
2.474929e-01
1.501843e-01
2.200902e-01
3.163542e-02
2.038665e-04
8.531759e-03
6.314796e-03
1.090378e-01
1.653031e-04
2.868924e-01
2.171313e-01
5.835020e-02
2.772097e-02
1.051724e-01
1.302524e-02
1.613572e-04
1.065947e-02
3.762208e-05
6.384420e-02
1.282904e-02
7.444246e-02
1.477392e-02
2.075054e-03
9.413522e-02
7.517811e-02
4.803544e-02
2.154860e-03
1.205125e-01
8.448585e-08
4.191589e-02
2.782640e-01
1.047010e-01
9.582677e-03
9.863862e-04
1.141234e-05
2.744020e-02
7.071353e-02
1.932917e-01
1.908918e-04
3.900672e-03
2.645998e-01
8.656542e-02
8.770052e-02
3.383958e-01
3.728939e-02
1.101565e-01
9.151532e-03
1.949965e-01
1.437377e-02
2.047530e-02
2.619371e-02
4.274238e-02
4.218763e-02
1.191938e-02
1.438013e-02
9.034098e-02
9.606523e-02
9.678402e-03
1.057087e-02
1.915202e-01
3.980688e-03
4.300004e-02
1.976775e-01
4.694632e-03
7.514552e-03
8.177822e-07
1.169495e-04
3.730777e-02
9.253175e-02
7.810603e-04
1.545670e-02
1.528439e-03
2.268212e-02
3.286184e-02
6.829252e-04
2.501592e-02
7.971067e-03
1.363573e-03
4.691288e-04
1.278006e-03
3.580367e-03
5.293762e-03
2.943769e-04
1.169186e-02
1.363653e-01
1.221513e-01
5.603585e-02
6.552051e-02
1.535213e-01
5.116889e-02
8.316001e-04
1.441867e-02
1.319758e-01
7.692536e-02
2.258907e-03
4.204630e-02
3.662759e-01
9.213822e-03
1.049384e-01
9.804098e-03
2.284011e-02
1.529302e-01
2.746277e-01
7.827658e-03
5.081642e-03
9.845756e-03
2.324616e-02
5.039381e-03
7.916260e-01
3.996871e-03
9.290290e-03
2.187918e-03
3.060493e-02
6.384903e-02
1.979081e-01
1.720899e-02
1.775581e-02
3.312698e-02
5.320739e-02
7.980501e-02
7.348745e-02
2.257332e-02
2.554603e-04
1.254257e-03
9.698983e-03
1.056875e-01
3.837832e-05
5.341133e-02
6.317961e-04
7.628145e-02
3.712211e-02
2.068682e-01
9.771533e-03
5.380505e-03
6.349590e-02
6.866891e-02
4.171969e-02
1.353485e-01
2.182783e-02
4.430317e-04
5.722707e-02
8.270958e-03
5.052342e-04
1.041800e-02
1.252718e-01
2.214237e-02
4.849015e-02
9.719620e-02
1.478205e-01
6.977871e-03
2.924368e-02
3.745649e-02
4.884503e-03
9.104261e-02
3.105680e-03
1.962784e-02
1.013665e-02
9.599297e-02
2.897766e-02
1.184288e-03
2.075801e-02
2.494093e-01
1.424393e-02
4.101101e-03
6.785253e-02
1.146854e-01
1.844901e-02
7.251312e-02
3.237109e-02
4.432671e-03
2.997548e-02
3.606656e-02
1.538241e-03
1.279218e-01
4.919390e-03
1.084646e-02
6.597504e-02
7.813896e-02
2.082100e-02
4.031994e-02
1.302868e-03
2.214665e-02
1.118129e-04
1.409042e-02
5.014379e-02
5.243222e-02
5.181822e-03
6.221444e-03
1.298745e-02
9.674801e-02
2.433906e-02
2.100539e-03
2.665431e-02
1.086411e-02
5.468616e-02
1.161497e-01
1.142564e-01
4.397977e-02
6.216662e-04
1.088655e-01
8.019578e-02
9.076112e-02
1.111606e-04
2.044707e-03
6.590012e-04
8.176208e-02
4.739445e-02
6.734047e-03
9.308180e-02
2.797378e-02
1.888111e-02
1.145755e-02
1.282534e-02
3.404910e-02
5.048051e-02
1.405332e-01
2.491635e-01
1.653925e-02
5.525638e-03
1.789470e-02
7.848081e-03
1.479815e-02
1.507635e-01
4.019969e-02
1.302183e-02
3.148273e-02
5.647760e-04
3.916299e-02
9.703787e-03
6.880340e-02
1.171953e-01
3.222369e-02
3.153036e-02
2.604445e-03
1.210250e-01
8.064657e-02
1.015941e-01
4.384201e-03
2.270477e-05
2.260631e-03
7.338155e-02
1.068996e-02
5.574737e-03
7.082064e-03
2.575915e-02
8.975835e-03
6.412628e-03
9.487464e-02
6.815542e-02
6.640074e-03
6.604158e-02
3.125661e-02
1.196793e-01
4.262378e-03
2.463771e-01
3.230813e-01
1.040142e-01
4.077200e-03
5.549307e-02
2.414528e-02
1.094117e-01
1.826154e-04
2.672825e-01
1.168229e-04
1.234812e-02
1.647791e-04
1.266043e-01
7.261864e-02
3.901808e-06
2.616772e-02
8.238826e-02
1.885614e-02
2.354009e-03
4.510382e-02
1.073006e-01
4.035027e-02
1.684853e-01
7.959854e-04
6.011894e-02
2.667213e-03
1.013860e-01
1.722386e-02
2.284793e-02
2.017471e-02
8.129675e-02
1.727911e-02
2.819221e-02
1.132414e-01
4.446651e-02
9.902857e-02
1.095365e-03
3.920744e-03
1.096027e-03
1.305634e-02
6.373660e-03
1.183630e-02
3.653281e-02
2.399315e-02
1.029488e-02
4.668205e-02
9.725998e-04
7.622826e-03
1.343674e-04
3.641830e-02
4.538603e-02
1.387991e-03
1.677089e-01
1.896327e-01
3.706356e-02
2.509067e-03
2.503422e-02
4.935154e-02
2.631578e-02
2.264197e-02
6.690175e-02
3.963063e-04
1.851985e-01
6.087550e-02
1.059470e-02
2.125040e-02
2.203282e-02
3.877517e-02
3.133263e-01
7.745886e-02
3.839894e-03
2.516871e-02
4.732806e-03
1.456854e-01
1.353023e-02
8.977269e-03
6.565134e-02
3.308640e-02
5.910471e-02
7.471533e-04
9.509151e-03
2.718453e-02
2.858041e-02
6.647606e-04
1.224902e-01
4.319207e-03
3.674917e-02
9.632144e-03
2.450131e-02
4.538829e-03
4.459233e-02
1.385276e-01
7.854000e-03
9.423036e-02
2.529241e-01
2.899406e-02
2.960861e-03
1.908001e-02
4.605231e-03
2.117952e-01
2.564140e-02
4.411005e-02
9.395702e-03
1.372198e-01
2.016737e-03
2.145820e-02
7.349452e-03
1.426447e-04
1.760785e-02
5.244163e-03
4.107270e-02
8.476630e-03
3.001102e-02
3.491985e-02
1.514939e-01
2.197186e-01
9.134179e-02
1.253146e-05
2.158429e-02
5.049922e-03
2.054015e-02
2.287421e-02
1.034290e-01
3.441461e-04
5.021711e-04
3.870994e-02
6.065442e-02
1.049915e-03
9.850172e-02
1.046482e-01
2.161296e-01
4.808069e-02
3.886825e-02
1.138484e-04
5.247673e-02
4.482101e-03
1.119922e-02
2.985812e-02
6.286051e-03
1.153663e-02
4.602056e-03
7.666665e-02
6.289968e-03
9.622931e-03
2.293837e-02
7.029796e-04
1.786010e-03
2.011124e-02
8.798843e-03
1.122613e-02
7.031330e-03
8.493525e-02
1.146639e-01
5.611813e-02
4.340357e-03
5.155032e-03
9.169490e-03
3.891704e-02
1.216810e-01
1.069302e-02
1.870331e-02
1.224947e-04
4.929155e-05
3.269248e-01
3.512429e-02
3.899020e-03
6.883180e-04
6.683015e-04
8.291626e-02
6.734063e-03
7.670022e-02
2.593617e-02
9.483361e-03
4.955964e-02
4.334887e-05
2.569060e-02
3.540721e-02
9.738880e-03
7.705151e-02
5.377592e-03
4.101935e-03
9.955674e-02
2.417415e-02
5.665607e-02
1.367274e-01
4.804391e-02
1.657031e-02
2.790653e-02
2.414299e-02
3.074817e-02
6.738871e-04
2.346306e-03
7.025338e-02
2.269733e-03
3.048213e-02
1.606860e-04
7.624230e-04
2.734681e-02
3.381709e-01
3.919398e-02
4.429619e-03
5.633977e-03
3.635658e-01
2.360849e-02
6.665837e-02
2.425786e-05
1.223682e-02
1.962682e-03
8.930687e-03
2.595138e-02
5.166892e-05
2.560372e-01
6.497623e-03
5.526387e-03
2.682371e-02
6.341286e-03
1.651292e-04
2.052780e-03
3.159976e-02
3.534963e-02
4.614094e-04
5.817370e-02
4.080827e-02
1.701652e-03
6.135394e-02
7.258028e-02
5.223624e-02
1.916349e-01
1.167296e-01
1.792015e-03
3.695974e-03
6.694764e-02
6.615280e-04
2.531706e-02
8.892770e-02
1.441826e-01
1.155695e-02
1.518966e-03
1.271653e-03
6.290959e-02
1.747843e-02
1.166601e-01
8.958705e-05
8.786944e-04
1.442397e-02
4.179204e-03
9.425990e-05
1.702550e-01
1.600883e-03
1.592609e-01
7.317080e-02
9.116993e-02
3.578712e-04
1.387315e-01
1.411601e-01
1.260409e-05
1.362883e-03
1.851813e-04
2.130641e-01
2.958177e-02
1.087068e-02
1.506574e-02
3.038529e-02
3.595830e-02
5.813847e-02
7.745561e-03
1.944418e-01
1.947402e-02
8.717975e-03
3.271131e-02
1.594740e-01
1.042688e-01
4.073799e-03
7.338167e-02
3.890587e-04
5.931438e-02
8.058298e-02
5.045634e-03
3.098657e-02
1.028889e-02
1.478735e-03
6.884343e-02
3.492862e-04
9.870474e-04
4.442684e-02
2.334760e-02
6.316170e-05
8.930964e-02
3.741433e-03
