5.236913e-02
3.906349e-03
4.202694e-02
6.555952e-04
7.457424e-03
9.515928e-02
7.729096e-02
1.728946e-02
1.119916e-01
1.007612e-02
3.914202e-02
1.225787e-01
2.399130e-02
1.658195e-03
3.379663e-02
4.626738e-05
7.801035e-02
3.879015e-02
1.755165e-02
5.204212e-02
1.077534e-02
2.501438e-02
1.305115e-04
1.145756e-01
3.573219e-03
3.771140e-04
4.369634e-04
2.620124e-02
2.540861e-04
5.810144e-02
5.809776e-02
1.270069e-02
8.983268e-03
7.912871e-03
1.651898e-03
8.131609e-02
1.306431e-02
2.775721e-03
1.323961e-03
2.420688e-02
7.830338e-02
1.702777e-02
1.867699e-02
1.761904e-02
1.943356e-02
3.786208e-02
1.076934e-03
3.007630e-02
1.456066e-01
5.905358e-02
1.119701e-01
2.777654e-02
2.914498e-02
5.136665e-02
1.926031e-02
4.884079e-02
5.409043e-02
9.803659e-03
1.130780e-02
3.672256e-03
1.978206e-01
4.532232e-02
6.173512e-02
1.200177e-01
1.926957e-03
1.777769e-02
2.847959e-03
3.122563e-03
5.954166e-03
2.105197e-01
4.103638e-02
1.137767e-02
7.189142e-03
1.031196e-02
6.249358e-02
8.779228e-02
5.787857e-02
1.959061e-02
9.454645e-03
7.167161e-03
2.428473e-02
9.775827e-03
5.701555e-02
3.683129e-03
3.976696e-04
7.235067e-03
3.404872e-03
2.955414e-04
1.538019e-02
1.674122e-03
5.765743e-02
9.252053e-03
8.013290e-02
1.012124e-01
3.169037e-02
1.701871e-03
1.200858e-02
4.163863e-04
7.687656e-02
2.152734e-02
1.511064e-02
3.678439e-06
9.194064e-02
9.092527e-04
3.886308e-01
1.400874e-02
1.797457e-02
8.147895e-03
1.489365e-01
1.111931e-02
4.983262e-02
5.018993e-01
8.833606e-03
3.611238e-03
5.919324e-04
8.359668e-02
1.896256e-02
1.495555e-03
1.380620e-02
8.682239e-02
1.022229e-01
4.098709e-02
6.671964e-03
1.462600e-02
9.747820e-02
3.656024e-04
1.777508e-03
2.096252e-01
7.388484e-03
4.195179e-02
1.493445e-02
1.131310e-01
1.207782e-02
3.494446e-02
9.104640e-05
9.194723e-03
5.163972e-02
1.264710e-01
1.480899e-02
5.066354e-02
7.072532e-04
1.333964e-04
2.668221e-03
2.927109e-02
6.859415e-03
2.651567e-02
7.549002e-03
2.677958e-03
8.184550e-02
1.698232e-01
6.972305e-02
1.373055e-02
1.411515e-02
5.187741e-02
3.267590e-02
4.340598e-02
2.027105e-04
4.702750e-02
4.597439e-02
1.045370e-01
5.182940e-03
3.899956e-03
1.473255e-02
5.437753e-02
1.114924e-01
4.232664e-04
7.818086e-02
1.304133e-02
3.611463e-02
4.655305e-02
1.499549e-01
1.255222e-02
1.550117e-01
6.375347e-08
1.454775e-04
1.045568e-01
1.265360e-03
8.637444e-03
1.114019e-02
3.529015e-02
1.788613e-02
6.822701e-02
2.831044e-02
1.714066e-02
4.972268e-03
2.521970e-02
1.975503e-03
6.998841e-03
3.399453e-02
1.056968e-01
3.426783e-02
1.777493e-04
2.327628e-01
2.505429e-02
2.116237e-02
3.807268e-02
1.179642e-01
2.836203e-02
1.720605e-01
1.034269e-02
4.176677e-03
2.460020e-02
6.628029e-02
7.698337e-02
1.043764e-03
5.122092e-02
2.793058e-02
2.724798e-02
4.539034e-05
2.892429e-02
1.700898e-02
1.883053e-02
1.557988e-02
4.405389e-04
2.857502e-03
4.381326e-02
5.644639e-03
2.526185e-02
1.520721e-03
8.463055e-02
1.207133e-01
2.425992e-02
4.959495e-02
2.999514e-03
1.188787e-01
8.166154e-03
1.614942e-05
1.146009e-02
4.582917e-02
1.078808e-02
2.659182e-03
2.141317e-02
4.559355e-04
4.526300e-03
1.075307e-06
5.208851e-03
1.193303e-02
1.971798e-01
1.792205e-02
7.846280e-02
5.056805e-02
1.924698e-01
5.413058e-01
1.504384e-02
1.035006e-02
5.042471e-03
1.930674e-04
1.963431e-02
2.035142e-02
8.848412e-03
1.199962e-02
3.006602e-02
7.703814e-03
6.218101e-02
1.834328e-01
2.339675e-01
1.303048e-01
7.956239e-03
1.225247e-04
1.685285e-02
1.932351e-01
3.722824e-02
7.624023e-03
5.205668e-04
3.316688e-03
1.341706e-01
1.972453e-01
4.281322e-03
4.346467e-03
1.252888e-02
3.128800e-03
3.365572e-06
1.487977e-02
9.084519e-05
9.702557e-03
3.647922e-02
1.027566e-05
1.143368e-01
2.562109e-03
3.317977e-03
3.363330e-04
1.795276e-02
1.865893e-02
3.083653e-02
6.125380e-02
9.597006e-02
9.130148e-04
9.832926e-03
2.991952e-01
5.317679e-02
1.313499e-02
2.265604e-03
1.327177e-02
2.841639e-02
5.843272e-03
2.177021e-01
1.520507e-02
1.343840e-02
1.466975e-05
5.819737e-03
1.445678e-02
2.736789e-02
6.573178e-03
6.672114e-05
2.198430e-01
8.808299e-04
7.168923e-02
2.992183e-02
8.396466e-03
3.334527e-04
5.128406e-03
1.201018e-03
2.558728e-01
3.236054e-02
6.173504e-03
9.027179e-03
5.820423e-04
1.648641e-01
1.555294e-02
5.173768e-04
7.144262e-03
1.074856e-01
3.236992e-02
3.566947e-04
3.932505e-03
1.063140e-01
8.051642e-03
1.366837e-03
3.521489e-04
2.753550e-02
1.091677e-01
5.429831e-03
9.030805e-03
1.454216e-03
4.138879e-02
1.302633e-01
4.205065e-02
1.181405e-01
4.135438e-02
5.391880e-02
1.418771e-02
5.330177e-03
1.344558e-01
6.742696e-02
2.995139e-02
2.237200e-02
3.250107e-01
1.490723e-03
7.091452e-03
2.296624e-03
1.033453e-02
3.144683e-02
7.630839e-03
9.426166e-03
7.907178e-03
1.035127e-03
2.274691e-02
1.069198e-01
1.120829e-02
4.352640e-03
7.059365e-02
2.672684e-03
1.344392e-04
2.075252e-02
2.018279e-03
2.388334e-02
1.160238e-01
7.417202e-02
8.644836e-02
8.612479e-02
1.005495e-01
2.647531e-01
5.924740e-03
7.104730e-03
3.858867e-02
3.310695e-02
5.572628e-03
1.804137e-04
6.655637e-02
1.464133e-01
8.676281e-03
1.590986e-03
1.039879e-01
8.368344e-03
1.983687e-02
1.911038e-01
6.962877e-02
6.828418e-03
1.016710e-02
5.235697e-02
1.048896e-01
2.050880e-01
1.503412e-01
3.487196e-02
6.845578e-02
3.685775e-02
5.023118e-03
2.527880e-02
2.967040e-02
5.021791e-03
2.368725e-02
2.050185e-02
8.197838e-03
4.869327e-02
3.097559e-03
5.432945e-04
5.740266e-02
2.799746e-04
1.196239e-01
1.557302e-05
1.150720e-01
4.211031e-03
1.433456e-02
1.971057e-01
3.786115e-02
4.740012e-02
4.259119e-02
5.857026e-01
7.000568e-02
2.148517e-02
3.677467e-02
8.050758e-03
4.058286e-02
6.318982e-02
5.035819e-03
5.589762e-02
7.404177e-02
1.948824e-02
9.679638e-04
2.141515e-03
6.420091e-03
7.557086e-02
3.302085e-02
3.041010e-02
2.787176e-03
8.969600e-02
1.044092e-01
5.116284e-03
5.312036e-02
1.241880e-02
3.175193e-03
9.104571e-04
1.061680e-02
4.698924e-02
1.280661e-02
1.483489e-02
2.895938e-04
4.876654e-04
4.431212e-04
2.632727e-05
3.147660e-03
8.213636e-02
2.516502e-02
1.146127e-01
9.501382e-02
4.719559e-03
2.659146e-02
2.544279e-03
1.481393e-02
1.566825e-03
1.361560e-02
2.013308e-02
9.233466e-04
2.873060e-02
1.134578e-01
1.596741e-02
7.248054e-02
6.509586e-04
9.522211e-02
1.001540e-04
5.525421e-03
5.032521e-01
2.169417e-01
9.281791e-02
1.827996e-01
3.579060e-02
5.863253e-04
1.070148e-01
2.147129e-01
5.834028e-03
3.760688e-02
7.954802e-06
9.703313e-03
1.370381e-02
4.840200e-03
2.901946e-02
3.744510e-03
1.232818e-01
1.118840e-01
6.160112e-04
5.532354e-02
5.621565e-02
3.839395e-02
5.224930e-02
2.654609e-01
1.710007e-01
2.172559e-02
1.581139e-01
1.772138e-01
6.859419e-04
1.208270e-01
8.322026e-03
2.040469e-02
1.672830e-03
4.663119e-02
2.416933e-02
2.407184e-02
1.344258e-02
1.022742e-01
9.102252e-02
2.095628e-02
1.618474e-01
1.208324e-01
8.969371e-02
2.572801e-02
1.344371e-02
1.107867e-02
6.311766e-03
1.873823e-02
4.291311e-03
8.116011e-03
2.070133e-02
1.496746e-03
7.383295e-03
1.722357e-02
2.479224e-03
4.645736e-02
3.031419e-03
7.215489e-02
9.872361e-02
1.317602e-01
2.036717e-01
5.290885e-02
1.692082e-04
4.744771e-04
4.192739e-02
1.568621e-02
1.081491e-02
1.736176e-02
5.894453e-03
8.894982e-01
4.826475e-03
2.995825e-02
2.577173e-01
2.349380e-01
1.994076e-04
3.233660e-02
5.843175e-02
4.736751e-01
1.115711e-04
2.646868e-02
6.078933e-02
2.683157e-02
2.466540e-02
2.952994e-01
2.327634e-02
2.053680e-02
9.627298e-04
7.990434e-03
1.779006e-02
7.393643e-02
1.015604e-01
1.149444e-02
1.288576e-04
4.633326e-03
1.454309e-02
3.135559e-03
1.215298e-02
5.756209e-03
2.013291e-01
1.920276e-02
1.124114e-02
1.542821e-01
1.215263e-02
2.987572e-02
1.242615e-01
9.382673e-02
5.496012e-02
1.124310e-03
2.847244e-01
3.958623e-02
1.529224e-02
9.235699e-02
1.345069e-02
2.315612e-02
5.868717e-02
4.000775e-02
3.513387e-02
5.567765e-02
7.410614e-03
2.636140e-01
8.894044e-04
1.497749e-05
1.742024e-01
