1.388344e-05
1.063581e-04
4.140660e-02
2.264641e-02
4.308163e-02
2.532363e-02
1.343639e-01
9.030048e-03
1.238022e-04
5.490214e-02
2.909318e-02
4.650587e-02
4.053266e-02
1.420309e-01
6.759657e-02
6.776167e-07
7.753668e-02
1.198632e-01
4.825675e-03
1.331179e-01
4.828485e-02
4.331785e-03
6.645569e-05
3.803355e-03
5.769010e-04
2.506015e-02
2.804150e-03
4.532406e-02
5.403436e-03
7.737107e-02
7.743886e-03
1.483147e-01
1.009212e-03
9.622392e-02
7.510362e-02
2.227892e-02
7.538350e-02
6.960014e-06
1.975395e-01
6.680456e-02
1.175748e-03
1.247028e-04
2.695869e-02
1.112764e-03
7.984994e-05
5.496515e-03
3.400260e-02
1.056022e-03
8.429412e-03
2.361495e-01
2.350021e-01
6.274612e-02
2.886589e-02
1.162311e-03
6.297322e-02
7.491781e-02
4.992879e-02
1.815150e-02
7.808485e-03
1.430732e-01
1.132939e-03
5.931924e-03
7.868587e-03
9.362623e-03
2.741996e-03
3.872467e-02
3.121901e-02
3.605310e-02
2.014118e-01
1.621596e-02
6.218280e-02
1.044369e-01
1.314003e-02
1.356126e-01
2.289606e-02
7.819536e-02
9.968163e-02
3.055430e-03
8.084852e-02
4.364998e-06
9.137248e-06
5.107126e-02
4.349324e-02
8.133219e-02
4.679888e-02
2.111409e-02
6.412898e-04
8.003792e-02
3.572009e-04
3.842045e-02
6.617886e-02
7.016400e-03
5.891019e-03
7.572119e-03
2.807711e-02
1.358513e-03
4.973709e-02
1.025988e-01
3.478302e-02
4.871779e-02
4.087636e-02
5.156911e-03
1.609273e-02
7.778970e-03
1.358350e-01
4.005180e-04
7.182031e-03
6.409815e-02
6.349151e-03
3.294295e-02
6.023248e-02
8.159201e-01
3.123766e-02
1.969705e-03
3.703896e-02
3.876909e-02
4.106804e-02
1.745362e-03
1.499869e-04
1.962080e-02
8.955082e-02
1.125772e-01
1.642547e-04
3.621858e-02
3.687382e-03
1.421793e-01
2.244046e-02
1.044743e-01
2.225174e-02
7.464039e-02
2.304644e-03
1.220422e-02
3.248601e-03
2.332217e-04
1.009409e-02
1.983489e-03
5.437572e-02
1.441103e-04
3.291715e-09
1.119939e-02
5.197068e-03
1.153806e-02
3.775632e-05
2.025381e-01
1.360140e-02
1.323329e-02
2.487921e-06
1.173132e-02
1.694756e-02
1.198440e-02
1.922358e-04
8.718042e-03
7.091258e-02
1.526714e-02
5.634465e-02
8.968495e-02
4.341442e-03
9.686248e-04
5.759944e-03
1.298914e-02
1.070104e-01
9.106833e-03
2.577990e-03
3.805329e-02
2.552278e-03
3.564726e-01
1.571251e-05
9.738912e-02
3.970693e-02
7.214654e-02
1.645761e-01
1.329196e-02
1.121955e-01
9.273365e-02
1.284629e-02
1.132054e-02
4.427528e-02
2.896834e-01
3.084253e-02
3.572334e-02
1.361956e-03
2.533143e-02
2.414710e-02
3.658966e-03
4.457618e-01
9.134305e-03
1.711220e-02
3.624111e-02
1.265597e-02
6.806145e-03
2.322491e-02
6.374136e-02
6.870684e-02
2.950096e-01
2.667443e-02
2.320296e-01
1.438164e-02
9.041681e-02
3.128080e-02
1.131603e-04
4.995021e-03
6.729199e-02
2.757565e-03
2.750704e-05
2.840328e-02
2.165775e-01
2.841521e-02
1.551788e-01
4.807910e-02
9.410500e-02
5.743692e-02
2.581266e-04
7.407760e-02
5.790485e-02
2.093461e-03
3.203757e-02
1.700817e-02
1.909242e-04
2.036893e-04
6.442705e-03
8.460789e-02
1.047834e-01
1.725480e-01
3.650646e-02
1.065128e-03
3.777391e-05
9.915601e-03
1.320556e-01
9.035939e-02
4.372732e-03
8.026535e-02
1.043009e-01
1.822395e-04
6.019167e-02
9.224494e-04
9.188604e-02
1.287400e-03
4.011372e-03
3.366381e-03
2.523015e-02
1.730115e-03
5.699044e-06
3.669711e-02
1.146214e-03
1.679313e-01
2.314470e-05
1.520243e-02
8.563909e-04
5.000418e-03
1.045840e-03
5.495329e-02
1.009142e-03
8.010269e-03
3.480971e-08
2.351077e-02
1.706375e-05
2.694890e-03
1.259701e-03
1.754477e-01
1.759616e-02
2.047705e-01
2.732722e-02
1.360720e-02
1.125724e-01
3.647927e-02
6.289082e-02
1.059696e-03
8.869013e-03
6.002534e-02
5.933418e-02
4.126759e-02
2.624605e-01
7.415511e-02
4.846191e-01
9.056116e-02
4.264678e-02
1.339264e-01
1.103299e-02
5.281282e-02
5.013059e-02
4.502380e-03
4.816933e-03
1.514231e-02
2.634478e-05
4.767234e-02
9.148980e-03
1.170588e-02
3.059809e-02
7.118301e-04
4.541785e-02
1.036058e-01
3.019356e-03
7.343641e-02
8.355136e-05
6.729072e-02
2.927984e-06
5.625976e-02
6.442416e-03
5.612613e-06
7.797744e-02
2.068679e-03
2.483652e-03
1.148194e-02
3.072304e-01
2.730609e-05
1.888576e-02
4.015619e-02
1.065312e-01
1.284844e-02
6.002993e-02
1.756445e-01
6.466323e-03
3.419505e-02
1.410002e-02
1.159365e-01
5.968639e-04
1.840469e-01
1.489694e-03
9.066026e-03
2.511032e-06
7.961370e-03
2.055835e-02
4.836493e-04
5.418355e-03
2.210982e-04
8.953698e-02
2.052176e-03
3.508427e-02
6.338433e-02
9.233175e-02
7.339656e-02
5.863669e-03
6.945830e-02
3.748295e-02
2.606983e-02
3.680606e-05
8.928906e-02
1.733508e-02
6.692466e-04
2.767112e-01
1.479586e-02
1.685937e-01
5.392826e-03
5.913870e-04
4.601637e-02
1.730297e-02
1.594411e-01
7.555368e-03
1.172398e-02
1.010106e-01
5.593778e-04
3.771840e-02
9.695170e-03
3.150661e-02
2.463975e-04
9.533348e-02
1.676520e-01
4.575452e-03
1.995024e-02
3.161669e-02
6.114008e-03
4.017739e-02
2.710799e-03
1.763197e-01
3.807524e-02
1.063479e-01
3.858884e-03
2.744612e-01
1.059614e-01
5.731861e-03
3.191710e-02
6.896362e-04
6.469526e-02
8.743220e-03
1.420567e-01
1.244333e-03
2.599727e-01
7.986621e-02
3.677406e-01
3.538691e-03
9.523664e-02
5.048901e-02
8.616050e-02
5.025156e-02
4.512708e-03
2.270905e-01
1.309416e-02
6.437603e-02
6.880299e-04
2.584256e-01
1.730289e-02
1.379682e-01
7.929496e-02
1.251445e-02
1.531857e-03
1.490145e-01
5.381184e-02
1.592668e-01
9.730890e-03
8.910579e-04
1.497297e-01
4.777361e-04
1.180967e-01
3.268522e-02
9.840458e-03
4.820277e-03
2.124233e-02
9.180178e-03
3.652831e-03
6.954687e-02
4.107630e-02
9.685028e-05
1.637505e-01
8.226387e-03
1.309244e-01
3.244279e-02
4.947116e-02
1.585763e-02
6.906023e-02
8.883144e-02
1.777192e-04
7.827537e-03
8.702802e-02
8.175105e-03
5.242185e-03
9.463240e-05
1.869961e-02
1.238165e-02
1.516566e-02
6.579667e-02
4.661462e-02
5.175816e-02
5.982185e-03
2.283638e-02
4.921996e-04
2.889267e-02
5.234030e-02
4.255958e-02
1.031331e-02
1.991273e-02
1.535608e-01
9.225008e-04
2.033703e-02
1.580455e-03
3.809069e-02
2.523677e-01
5.295860e-03
1.436722e-02
2.821611e-02
2.835381e-02
2.044871e-01
2.711726e-03
4.265916e-02
2.614741e-02
6.400393e-02
1.274889e-04
4.248945e-02
5.367134e-02
4.489900e-02
2.262153e-01
1.297999e-01
5.217339e-03
2.127752e-01
1.239523e-01
3.489799e-02
1.287480e-02
2.749244e-03
2.533350e-02
1.090144e-02
9.161367e-02
8.126380e-03
6.154711e-02
4.697411e-02
1.805170e-01
6.323883e-02
1.956504e-04
1.183693e-01
1.325928e-02
1.364389e-01
1.407257e-02
2.901672e-02
2.180702e-02
2.154272e-03
8.357408e-02
6.266340e-02
1.486487e-04
1.350252e-02
8.747037e-03
6.693949e-02
7.215212e-03
1.925630e-01
1.136514e-01
8.578347e-05
3.290565e-01
2.050826e-03
3.678550e-05
1.071963e-01
9.178588e-03
6.734500e-02
5.202350e-02
1.332944e-01
2.801468e-01
7.846980e-02
4.741517e-03
6.459017e-02
6.072885e-02
3.559977e-04
2.849214e-01
3.402287e-02
3.363128e-02
9.226211e-02
8.896796e-02
1.581187e-02
2.341457e-02
5.382429e-03
7.517854e-03
1.399917e-02
8.171030e-02
1.450938e-02
2.804890e-01
1.011160e-01
4.170561e-03
1.282060e-01
2.359470e-02
1.966445e-02
2.868136e-02
2.825752e-05
8.490663e-02
4.643432e-05
1.618430e-02
9.461132e-04
1.321634e-01
6.841086e-02
2.296655e-03
1.140695e-01
1.248882e-02
3.424189e-01
2.204995e-02
1.715516e-02
4.925414e-02
1.097177e-01
1.063031e-02
1.877063e-01
9.106008e-02
3.255235e-02
3.125302e-02
1.709757e-02
1.291429e-02
3.026047e-02
6.540867e-02
8.527556e-02
1.968618e-02
3.041225e-03
4.044286e-02
7.122739e-03
1.929172e-01
1.043278e-02
3.781449e-02
1.403212e-01
1.592203e-01
2.488620e-01
2.661924e-02
1.602794e-01
7.244513e-03
5.844055e-02
2.274384e-02
1.026389e-01
5.546159e-03
1.473149e-01
4.654273e-01
2.163782e-01
8.932881e-02
7.502717e-03
2.389152e-02
3.228806e-02
1.270593e-02
2.019558e-02
8.904184e-04
8.608358e-02
2.293917e-01
1.270135e-03
1.223748e-01
3.590421e-02
7.943695e-04
4.519396e-02
1.788310e-02
2.676116e-02
2.683181e-02
5.848785e-02
3.439391e-02
8.763018e-02
1.178029e-01
2.415653e-02
1.608732e-02
