4.214429e-03
1.273538e-01
6.195569e-02
5.329295e-03
4.926850e-02
4.450860e-03
9.491631e-03
1.036577e-03
4.428346e-02
1.857281e-03
4.245652e-02
8.546410e-03
2.815395e-04
1.231838e-01
1.388187e-01
2.087899e-02
2.839030e-02
2.266712e-04
3.588585e-02
7.126710e-03
2.684152e-03
1.301091e-02
4.178822e-02
1.616758e-02
3.580801e-02
1.087663e-01
1.564498e-02
6.589506e-04
6.447801e-03
9.973447e-03
1.000133e-01
6.172527e-04
9.141330e-03
1.167321e-03
1.318309e-02
1.555207e-02
1.986987e-02
6.548841e-02
3.807754e-03
2.697737e-05
2.464694e-01
1.580366e-04
6.760224e-02
5.727479e-03
2.234096e-02
2.594864e-02
1.129061e-03
4.589209e-02
3.332645e-02
1.484763e-05
9.392750e-03
2.174675e-02
5.015416e-03
1.743337e-02
2.673168e-04
3.903455e-02
1.167127e-03
8.696198e-03
2.260923e-02
9.819582e-06
6.020403e-02
1.605988e-02
8.004385e-03
2.871107e-04
1.177919e-02
8.752129e-02
2.405222e-02
1.452458e-04
6.279510e-03
2.947810e-01
9.390237e-04
2.800423e-05
1.022094e-04
4.018085e-02
1.279579e-02
7.328174e-02
9.701326e-02
1.483087e-02
3.660117e-02
3.006324e-03
4.927801e-03
3.922856e-02
1.470836e-05
6.046911e-03
1.885532e-02
3.523668e-03
1.965047e-01
1.560398e-02
1.181400e-01
6.730664e-02
7.038872e-03
7.334840e-03
1.117205e-02
6.589577e-02
4.835002e-03
1.010851e-02
2.122321e-02
1.120246e-02
3.888451e-01
4.356512e-02
9.065286e-03
1.283522e-01
6.877553e-02
1.187390e-02
6.681074e-04
2.407130e-02
7.222279e-03
5.916967e-04
1.150950e-01
3.100906e-02
4.289471e-02
9.133966e-02
1.165336e-01
1.893619e-01
1.689895e-03
4.576638e-04
2.936811e-03
1.358724e-01
1.242713e-02
9.369976e-04
4.488384e-03
1.722791e-01
4.609921e-02
1.558232e-02
7.032774e-02
1.119690e-01
8.147607e-03
4.477680e-03
7.211124e-02
5.691655e-04
1.887351e-01
9.837179e-02
3.138758e-04
3.331583e-01
8.735037e-02
1.200186e-03
1.473154e-01
2.102345e-02
1.114887e-01
2.637007e-01
5.304515e-02
2.350340e-02
1.368667e-03
2.178868e-02
1.002573e-02
3.094290e-02
1.184008e-02
6.189278e-03
9.142926e-02
6.065409e-02
1.958784e-03
1.039843e-03
1.308864e-02
7.094695e-03
2.928383e-02
1.526145e-03
2.371709e-02
5.924932e-02
2.624430e-03
3.375142e-01
3.665960e-04
1.301104e-02
1.653036e-02
6.150038e-06
9.130494e-04
9.873445e-01
1.357366e-02
7.809974e-02
4.166465e-02
3.154216e-02
7.056880e-02
5.158548e-02
3.797261e-02
1.621187e-01
3.116543e-02
1.073639e-01
4.368956e-04
3.597914e-02
1.711402e-03
1.235766e-03
2.128863e-01
5.482639e-02
8.692000e-02
8.697102e-02
2.213397e-02
2.441629e-03
1.117202e-02
3.555481e-02
5.528010e-01
7.700229e-02
2.372478e-01
2.634675e-02
1.415354e-01
9.092985e-05
5.083897e-03
9.259830e-02
1.700885e-01
6.107197e-05
2.518512e-02
4.339540e-03
2.440707e-03
7.893556e-03
1.720447e-02
3.627832e-06
3.669388e-02
1.754108e-01
1.185999e-01
2.468061e-03
1.859258e-02
1.287522e-01
1.300793e-02
1.579846e-02
1.754235e-02
1.159909e-04
7.393275e-03
5.005314e-05
3.835299e-02
2.258622e-03
1.797260e-04
2.481909e-04
4.564600e-03
6.654331e-07
1.815666e-03
3.830468e-04
1.225639e-03
5.921777e-02
5.791338e-02
1.225681e-02
1.020770e-01
7.995291e-03
4.611911e-02
1.358950e-03
5.672243e-02
5.514422e-04
4.153631e-08
3.577805e-03
1.501735e-02
3.447828e-02
4.050694e-04
9.275760e-04
1.024919e-05
7.657777e-02
1.631682e-02
2.871206e-03
2.151574e-02
2.109496e-02
1.829375e-02
2.184452e-03
5.540808e-02
2.089869e-03
5.107984e-02
5.987705e-02
9.371270e-04
7.563636e-03
6.989874e-02
1.727146e-01
1.449214e-01
6.165276e-03
2.439162e-02
1.856092e-01
7.808868e-01
8.988062e-02
7.039124e-02
1.104993e-01
5.491066e-03
9.676402e-02
8.221430e-03
9.396560e-04
3.745294e-02
6.626807e-02
5.202505e-03
3.046681e-04
6.998688e-02
9.762839e-02
6.894054e-03
1.361986e-03
4.337557e-02
3.104863e-02
3.231741e-02
1.046058e-02
2.826414e-02
7.860164e-02
1.754041e-01
2.746789e-02
1.213029e-02
1.112971e-02
8.963933e-03
3.449441e-02
7.071094e-04
1.453470e-01
2.931999e-02
5.000370e-02
3.568673e-03
1.874947e-03
3.539341e-02
3.518990e-02
1.246013e-01
1.857573e-02
4.904505e-02
1.350514e-02
5.064264e-04
4.095844e-02
4.577116e-02
2.908819e-03
1.087731e-01
1.651814e-11
1.183451e-04
3.584893e-03
3.749254e-05
8.407335e-02
2.474133e-03
5.213525e-02
4.908009e-02
3.677656e-05
1.871828e-02
2.809606e-02
8.966089e-02
1.300863e-03
3.677728e-02
8.455692e-03
7.195552e-02
2.495337e-03
2.559047e-03
4.432466e-03
3.618235e-03
2.103131e-04
1.875156e-02
1.175768e-01
2.247708e-04
1.171751e-01
1.964684e-02
2.019971e-03
3.638900e-02
3.842502e-02
8.639266e-02
6.765272e-05
9.301921e-04
5.473737e-02
7.759420e-02
1.557960e-02
1.223862e-03
3.416204e-02
1.401462e-01
3.924251e-02
2.296559e-01
4.315032e-03
6.409901e-02
2.253965e-02
8.652056e-02
2.475950e-03
2.622872e-02
7.299673e-02
4.243565e-02
4.397521e-02
3.212703e-02
3.136432e-02
3.173795e-02
2.082167e-02
1.982961e-01
6.896371e-02
3.145296e-02
1.011392e-01
5.529145e-04
2.004387e-02
2.166437e-02
3.347090e-02
2.898008e-01
1.004750e-02
1.135046e-02
6.644540e-03
1.779578e-04
2.330312e-02
2.767436e-02
8.603019e-02
2.361257e-02
1.250486e-01
4.778928e-03
1.167043e-01
3.135585e-04
3.361146e-03
2.322329e-02
1.373945e-02
6.289660e-02
9.494208e-02
1.723924e-02
9.101356e-02
3.088903e-02
7.257395e-04
1.780534e-03
1.201840e-01
1.230049e-03
5.814476e-02
2.126853e-02
4.865451e-02
1.709556e-01
2.369777e-02
1.212296e-02
1.711598e-02
4.401913e-02
1.740152e-02
2.085423e-01
3.737753e-02
7.124951e-02
4.951190e-03
1.498743e-03
7.486834e-02
6.685295e-04
7.325700e-02
6.967277e-02
3.336231e-02
1.098343e-02
2.528513e-03
7.367229e-03
1.082092e-02
3.355827e-01
8.099346e-02
5.601791e-02
8.109047e-02
5.315631e-02
7.273869e-03
1.659618e-01
3.229454e-02
1.125497e-02
1.012651e-03
1.753000e-02
1.472604e-02
1.366166e-01
2.841052e-03
1.837903e-01
7.030913e-03
8.276883e-02
1.920508e-03
1.954276e-03
1.545007e-04
8.778932e-03
1.355852e-05
4.795754e-02
1.851817e-02
6.233400e-02
1.050421e-02
2.640222e-01
2.938338e-03
1.388226e-01
2.322642e-01
1.237802e-03
1.500148e-02
9.033374e-03
3.928146e-04
4.438181e-03
2.845901e-02
1.231559e-01
7.570582e-02
1.613566e-01
3.604820e-02
2.444519e-02
6.118184e-02
1.589534e-02
5.378513e-02
1.451905e-01
1.014896e-01
2.660372e-02
3.377581e-02
3.548662e-03
7.640796e-02
1.511925e-01
4.346816e-03
1.024562e-01
2.685510e-02
6.334012e-02
2.450314e-02
8.996147e-03
5.403618e-02
1.478392e-02
6.611419e-02
3.085132e-02
5.482552e-02
1.286869e-02
2.480964e-03
8.258327e-02
7.880142e-02
5.416301e-02
3.426785e-03
8.133859e-03
1.492393e-01
8.068801e-03
9.574028e-04
5.025169e-01
1.267283e-02
1.971488e-02
2.148425e-02
9.942683e-03
1.430505e-03
2.520159e-02
5.149545e-02
5.483523e-02
2.137935e-02
2.918852e-02
9.338094e-03
5.284840e-04
8.556746e-02
7.116533e-03
7.456043e-02
3.024966e-02
9.551531e-03
1.109704e-01
9.578159e-03
3.938714e-02
5.520120e-02
1.571725e-03
5.233437e-02
1.397023e-01
6.947522e-02
1.704168e-02
7.162099e-03
3.329563e-02
3.837396e-02
5.630130e-02
2.322711e-02
2.677950e-01
4.091816e-01
2.057870e-02
1.494802e-03
5.442136e-02
2.518147e-04
2.761357e-02
4.347665e-03
4.127200e-02
6.623627e-04
3.565129e-02
6.972341e-02
4.116136e-02
5.351473e-02
2.379503e-03
9.751451e-04
8.714107e-02
9.284410e-02
5.443514e-02
3.105347e-03
2.002354e-02
1.366786e-01
4.904535e-02
9.141614e-04
1.465853e-02
3.629840e-02
3.415172e-03
2.833568e-02
6.213431e-04
3.514557e-03
9.230254e-03
1.991447e-02
1.774155e-01
2.313267e-02
8.002913e-02
3.495963e-02
3.953085e-02
3.393064e-02
7.925722e-02
6.962096e-02
8.701223e-03
3.556411e-02
4.132070e-03
5.925714e-03
1.366615e-02
3.937895e-03
1.089815e-01
1.034158e-02
8.223460e-02
6.762784e-02
1.159800e-01
4.487200e-02
2.388219e-02
9.172332e-02
2.011436e-02
7.909511e-02
4.957802e-02
2.474372e-02
1.139576e-01
2.022102e-03
4.858344e-04
6.034970e-02
6.988117e-04
1.241263e-03
4.646684e-02
5.566179e-02
3.635439e-03
7.908474e-03
5.016784e-04
4.986883e-02
1.043418e-03
3.141045e-02
1.625873e-02
4.662798e-02
6.525235e-02
2.325636e-02
