3.568737e-01
7.526096e-02
1.948488e-02
2.397725e-02
5.491063e-03
1.484016e-02
1.419431e-01
4.251813e-02
1.119547e-01
4.233077e-02
2.184461e-02
2.059595e-01
3.244201e-06
2.049567e-02
3.538231e-02
2.488287e-02
2.316754e-02
1.916652e-01
2.199524e-03
3.798852e-02
4.419543e-03
4.288650e-02
5.970972e-02
3.092858e-02
1.429480e-01
1.296666e-01
8.364425e-02
1.955655e-01
4.670514e-03
1.474902e-03
9.354730e-02
5.746695e-02
2.637075e-05
5.371583e-03
2.774350e-01
2.551536e-02
1.005388e-01
4.965261e-02
4.954983e-02
4.722997e-02
2.089646e-02
7.326813e-05
1.240919e-01
3.120761e-02
1.549220e-02
1.284669e-03
8.935639e-04
9.224253e-02
8.550348e-03
1.418151e-02
7.967842e-02
2.570114e-02
1.426765e-01
1.399788e-02
6.806809e-03
1.914662e-02
2.147893e-02
1.196904e-01
1.657766e-01
4.260596e-02
7.593811e-02
6.590541e-02
1.126340e-01
5.891221e-02
8.916504e-02
2.944458e-02
9.753081e-02
1.369288e-01
8.089293e-02
4.686824e-01
4.948516e-02
1.130327e-01
4.814153e-04
7.477004e-05
1.611353e-01
1.077105e-01
1.001580e-01
1.654475e-02
1.283813e-01
4.111992e-03
6.482603e-03
4.055545e-05
6.314006e-02
3.015425e-02
1.192521e-01
2.739493e-03
1.801407e-03
1.621540e-02
3.978678e-02
1.189444e-01
5.061168e-03
4.276485e-02
7.168448e-02
1.884868e-04
8.976718e-02
9.474754e-02
3.498073e-02
2.102635e-02
1.207231e-05
2.458413e-02
6.799855e-04
5.407798e-02
3.219882e-03
5.241370e-03
2.771184e-04
6.214455e-04
9.012229e-03
2.990209e-02
9.330124e-03
3.820338e-03
4.080904e-02
2.519038e-02
3.621507e-08
9.956819e-02
4.758936e-03
1.055052e-02
3.590350e-02
1.160867e-03
4.151373e-02
4.762018e-02
3.771381e-03
4.496604e-04
4.007109e-01
9.588683e-03
4.137959e-01
3.196063e-02
1.284350e-03
1.810314e-02
1.320445e-01
2.323640e-06
7.306786e-03
4.586168e-02
1.182486e-03
1.781168e-02
1.149956e-01
1.553649e-01
2.878714e-01
2.539109e-01
6.590467e-05
1.400601e-02
3.220262e-02
2.062548e-01
3.914698e-05
3.893773e-03
5.229312e-05
2.608974e-03
5.494265e-03
6.519825e-02
5.942801e-05
5.672111e-04
1.356072e-01
1.247846e-02
2.093156e-04
2.477870e-01
6.498976e-03
9.574829e-03
2.729065e-02
2.718966e-02
1.989552e-02
9.480752e-02
4.746735e-06
6.287325e-02
2.949557e-02
3.372163e-02
1.373788e-02
3.692438e-02
5.989811e-02
7.416369e-03
7.288020e-02
1.077996e-02
9.299257e-02
9.653616e-03
2.248461e-01
7.004880e-02
2.699253e-03
2.413471e-02
8.478536e-03
2.251343e-03
1.254928e-02
2.142866e-02
4.114384e-02
1.788296e-02
2.554320e-03
3.451208e-02
3.916994e-03
8.066268e-03
4.808295e-04
3.010919e-02
2.057097e-01
1.448119e-02
3.182069e-03
1.486364e-01
9.046555e-03
7.172783e-03
5.481571e-02
3.018252e-04
1.569093e-01
2.131257e-02
1.497123e-01
1.779890e-01
8.574861e-02
5.219491e-04
1.122251e-01
7.699944e-02
5.329816e-03
2.543969e-02
7.837637e-02
5.434632e-04
2.421535e-02
1.506868e-02
2.352895e-01
5.501800e-02
1.332223e-02
2.030748e-02
2.875043e-02
2.932274e-02
4.545972e-02
9.881885e-04
1.451854e-02
1.123041e-02
6.717471e-02
7.637826e-03
1.788118e-04
1.481669e-02
6.661794e-02
2.986752e-02
3.767833e-02
2.350780e-02
1.455093e-02
1.139065e-02
7.994265e-03
7.076001e-03
3.553429e-03
2.548940e-02
3.919494e-03
5.068924e-04
1.152730e-01
2.931636e-02
2.180349e-01
3.166850e-03
1.111067e-01
2.646250e-03
6.805859e-03
7.848323e-02
2.678636e-03
9.173368e-03
1.886139e-02
5.374926e-03
4.888312e-04
5.028643e-03
3.606051e-02
2.501853e-05
2.847722e-01
5.482997e-02
2.220025e-01
2.369145e-01
1.026466e-01
1.220666e-02
4.251960e-02
9.700418e-02
3.682703e-02
3.684610e-02
4.138651e-03
2.694749e-02
8.276512e-03
7.336160e-04
3.038892e-03
2.826148e-02
6.487136e-03
1.418152e-01
5.144717e-02
5.435048e-02
7.078069e-03
2.229649e-05
1.073823e-01
1.278392e-02
2.508363e-04
8.647571e-02
8.556161e-02
1.871605e-03
1.911679e-02
4.667515e-03
6.604205e-05
1.389640e-01
7.905604e-02
8.295798e-02
4.088954e-03
5.570281e-03
1.500146e-02
3.504643e-02
1.646745e-05
5.848951e-02
8.998314e-02
1.028775e-02
7.132553e-02
1.608660e-02
1.824885e-02
1.089120e-04
4.439562e-03
6.886390e-04
5.191921e-03
2.839957e-02
3.172784e-02
4.691330e-02
7.934836e-02
1.217252e-01
1.638148e-02
8.464456e-02
1.836317e-02
7.297842e-02
2.357632e-02
2.066942e-02
8.305502e-02
3.342521e-02
1.702288e-02
1.766329e-01
1.528611e-03
1.098047e-01
9.612907e-02
1.031806e-03
4.114913e-05
1.153437e-01
1.165215e-02
2.225277e-02
7.405569e-04
4.761293e-03
4.934142e-04
2.447619e-03
1.737683e-02
4.456974e-02
2.372981e-01
1.667545e-01
4.949972e-02
2.389962e-03
7.022200e-03
3.117209e-02
6.239658e-02
9.781790e-02
4.716598e-04
7.998327e-02
6.895655e-02
1.660025e-02
1.792307e-01
1.202188e-04
6.956904e-03
6.228983e-03
6.390532e-02
9.157249e-02
2.618306e-03
9.171907e-02
3.852086e-03
2.133363e-01
4.429750e-02
1.579831e-03
2.570840e-02
5.115843e-03
4.800702e-02
7.067170e-05
2.744536e-02
4.550424e-03
6.000705e-02
2.893859e-02
1.325690e-02
2.384950e-02
5.905260e-03
1.055402e-01
9.824830e-03
3.258844e-02
2.476920e-04
6.664979e-03
7.825541e-02
2.059400e-01
1.485875e-03
2.373276e-03
1.048737e-01
2.920366e-01
1.677080e-02
3.486807e-03
2.835659e-01
1.017616e-03
9.621654e-03
3.375269e-02
1.342657e-01
4.417211e-04
2.981171e-06
3.544052e-02
2.677281e-02
4.444168e-02
2.230582e-01
6.041910e-02
7.595217e-03
7.299831e-03
5.888232e-03
1.074041e-01
1.192046e-01
2.520404e-02
4.172181e-03
2.049821e-03
7.379175e-02
1.178487e-01
1.072785e-01
1.883917e-02
4.066028e-02
7.918904e-03
2.345170e-02
4.346777e-02
1.072684e-01
2.504416e-03
4.360456e-02
3.820842e-03
5.590621e-03
1.698890e-01
1.601661e-02
1.201416e-04
5.109206e-02
1.639427e-02
2.033455e-02
9.452255e-02
7.198679e-03
4.926287e-02
1.804130e-02
1.247818e-02
1.464584e-02
2.320893e-06
4.679060e-02
3.643854e-05
5.919992e-03
2.966102e-02
3.432619e-02
5.366705e-02
4.645607e-03
9.134807e-02
9.754514e-02
1.908413e-02
3.852353e-02
2.176504e-01
2.516099e-02
1.486957e-02
2.864414e-02
5.603257e-02
9.283098e-04
4.755103e-03
3.187706e-03
1.673353e-02
1.804081e-02
2.232144e-02
4.648172e-02
8.671501e-02
1.179172e-02
6.932513e-02
1.265335e-02
3.355982e-01
1.964413e-02
3.404599e-03
1.455088e-04
1.317478e-05
1.744020e-04
2.454913e-02
1.254141e-03
4.838650e-02
1.066519e-01
4.706171e-03
8.715149e-02
2.843324e-02
8.495253e-03
1.858588e-02
1.968004e-02
3.145053e-03
1.477143e-01
9.555759e-02
5.263955e-02
2.817785e-03
2.370625e-03
2.298725e-02
1.272185e-01
2.372635e-05
8.897482e-02
4.612545e-02
1.953916e-02
6.131433e-02
1.511326e-05
2.820674e-02
4.402120e-02
7.635557e-04
1.676635e-02
4.415012e-06
4.516533e-02
1.448212e-02
5.532945e-02
5.627398e-02
1.310968e-01
1.072715e-01
9.831770e-02
4.079837e-03
4.640244e-02
6.720484e-03
2.930754e-01
1.014597e-01
6.387524e-02
8.451179e-02
1.766185e-01
4.796868e-02
6.207289e-02
2.948634e-03
3.558456e-05
2.932410e-01
1.400990e-01
2.948169e-03
1.696638e-04
6.297234e-03
5.794209e-02
6.102715e-02
9.604227e-05
9.731971e-06
3.521034e-04
1.843804e-02
1.394751e-01
1.304076e-02
3.850609e-02
2.138631e-01
1.378947e-02
1.607341e-01
8.064415e-04
6.656698e-03
1.125420e-02
3.530012e-02
7.076833e-03
3.957796e-02
3.857789e-02
6.366979e-02
1.362372e-02
3.471722e-03
5.063945e-02
5.630191e-04
2.370489e-03
4.989517e-03
2.126609e-03
1.699811e-02
4.985288e-02
4.504571e-03
5.412656e-04
1.108829e-04
2.803987e-03
2.957577e-03
8.075754e-04
3.678840e-02
2.371254e-02
8.061206e-02
3.718277e-02
5.555119e-02
3.222433e-02
5.104059e-02
1.306134e-03
1.218361e-02
1.594433e-01
1.849639e-02
7.159041e-02
3.228529e-03
3.246182e-02
2.809434e-02
1.171547e-01
1.054895e-01
2.210068e-01
1.287580e-02
1.996465e-03
9.314679e-03
3.451830e-04
1.055124e-01
7.419863e-02
3.768327e-04
2.518952e-02
5.557661e-03
3.341033e-03
9.644077e-02
8.801551e-02
1.420322e-02
1.331274e-02
3.605734e-03
1.342653e-03
1.588584e-03
1.239434e-02
5.530873e-02
2.722508e-07
9.581408e-02
7.824664e-02
7.871036e-02
2.081718e-03
1.600237e-01
8.068495e-03
2.517904e-02
4.779359e-02
7.633882e-03
3.160584e-01
2.966083e-02
