8.194105e-02
2.432606e-02
5.367951e-02
6.910080e-02
1.750249e-01
3.668680e-02
9.446667e-02
1.586043e-02
9.449900e-04
3.231080e-02
6.950053e-04
8.021246e-03
1.039782e-01
8.462198e-02
1.288444e-02
6.604872e-04
8.062134e-03
1.806205e-02
2.288493e-03
2.044391e-02
7.013066e-03
1.031030e-02
4.506936e-02
2.106874e-02
1.152381e-04
9.215384e-03
3.110887e-03
6.588487e-02
4.037518e-02
1.345425e-02
6.443503e-02
6.842874e-03
6.165061e-02
5.060311e-02
5.112614e-02
2.125434e-02
1.298680e-01
1.722829e-03
2.014387e-01
8.855294e-03
1.918473e-02
3.198101e-03
4.708981e-02
5.446753e-04
5.403952e-02
3.097222e-02
3.780896e-02
2.233997e-02
4.872534e-02
1.100243e-04
4.841413e-02
8.567176e-02
3.859538e-02
1.795309e-02
1.821416e-02
2.080843e-01
4.201260e-02
1.085949e-02
4.972200e-02
1.310766e-01
1.379966e-02
4.558631e-02
3.861849e-01
2.134599e-02
9.620994e-04
3.259927e-01
2.847780e-02
6.518430e-02
3.138484e-02
7.487055e-02
7.752408e-03
1.748312e-03
3.605595e-02
1.339259e-01
1.316457e-01
2.402965e-01
1.240558e-02
1.301605e-02
5.593415e-03
1.987323e-03
5.839474e-03
1.354726e-01
7.785352e-02
5.828107e-02
1.345929e-01
4.995500e-03
5.504716e-02
3.169475e-03
4.656486e-04
1.259293e-02
6.847756e-03
8.112558e-03
2.069111e-02
2.148685e-03
1.304522e-02
2.647353e-02
6.978664e-03
1.531647e-02
4.307181e-02
7.617894e-02
1.015424e-01
1.394075e-02
6.060964e-02
2.197081e-01
5.290822e-02
1.371332e-02
1.496861e-01
6.579325e-03
9.535032e-03
1.312601e-01
9.341188e-03
3.065811e-01
5.215986e-02
5.652045e-02
1.385963e-01
2.056788e-02
1.528149e-02
5.542829e-02
2.181689e-01
3.530408e-03
1.842295e-02
8.498713e-03
7.557719e-03
3.424118e-04
9.209880e-04
1.375571e-03
2.703430e-02
3.384091e-02
8.165778e-03
1.601524e-04
1.029603e-01
6.911896e-02
6.021984e-02
2.347494e-01
1.290702e-01
6.739304e-02
1.099128e-01
1.238603e-03
2.917774e-01
4.290680e-02
2.459814e-03
1.414781e-02
8.090696e-05
4.794479e-02
2.174110e-02
8.983097e-03
1.517895e-01
7.020465e-02
2.529378e-02
2.289058e-03
1.941874e-01
5.745644e-03
1.037214e-02
1.695022e-04
4.973105e-03
2.159048e-03
3.992806e-02
2.602402e-01
1.701429e-02
6.829198e-01
9.549260e-02
4.129434e-02
6.415928e-02
3.534251e-02
1.482403e-02
5.188526e-01
1.719387e-02
1.661356e-02
5.502570e-02
1.244736e-02
9.263645e-03
1.223588e-02
2.205259e-01
2.914645e-02
7.618191e-04
6.105309e-03
4.983843e-02
1.159129e-01
1.778730e-01
1.811160e-02
2.408453e-02
1.410004e-02
2.939558e-01
2.302840e-05
6.424408e-02
8.884555e-02
3.242187e-04
1.584790e-02
4.272438e-03
2.496747e-01
4.148908e-02
1.974395e-02
2.972584e-01
4.884278e-03
4.978802e-01
7.522379e-02
2.065577e-01
2.358612e-02
1.753117e-03
6.494552e-03
6.797299e-03
1.675245e-01
2.571914e-03
1.365690e-04
7.656406e-04
5.810063e-02
2.954434e-02
3.348568e-02
4.143266e-02
5.699812e-01
6.283749e-03
1.739531e-02
1.422201e-02
4.346139e-03
8.252910e-03
5.165166e-03
1.732710e-01
4.069956e-01
1.973271e-04
3.411888e-03
2.941053e-02
1.760628e-02
1.746601e-02
3.190212e-02
8.422122e-03
8.631174e-02
3.556104e-03
3.684691e-02
3.394140e-01
2.532712e-02
3.151715e-03
4.190047e-03
6.297555e-03
2.066835e-03
1.489479e-02
1.670753e-04
1.119091e-01
1.986425e-03
5.740782e-02
7.118015e-02
2.745765e-06
1.747349e-04
6.601385e-02
2.526179e-02
2.387224e-02
4.064517e-02
3.170421e-01
1.532977e-04
6.940312e-02
8.840149e-03
3.730167e-02
6.208641e-02
6.329279e-04
4.864912e-03
9.308280e-04
1.555141e-01
4.640659e-06
5.284000e-03
1.285121e-02
7.071970e-02
2.039239e-02
9.521214e-03
2.193634e-02
1.202679e-02
1.086790e-01
8.539309e-03
5.044136e-02
8.525848e-04
1.580156e-01
7.157436e-02
2.471166e-03
1.461485e-02
7.986169e-04
4.538199e-02
1.112749e-01
1.584535e-01
1.558797e-02
1.891233e-01
3.105004e-02
8.494223e-02
4.977068e-02
4.792186e-02
1.252576e-02
3.423927e-03
2.232501e-04
5.755636e-02
1.556202e-01
3.835526e-03
9.981102e-02
2.359830e-02
1.526274e-01
5.763366e-05
6.499727e-03
5.217680e-02
1.124519e-02
1.154262e-05
1.069287e-01
8.147351e-02
1.354784e-03
1.317817e-04
5.393716e-04
2.489431e-02
5.965935e-02
1.159264e-02
1.683834e-02
3.308194e-03
1.891921e-03
2.287897e-02
1.011363e-02
3.248458e-01
6.715284e-03
1.475323e-03
2.392477e-02
4.892542e-02
2.189098e-04
4.840074e-02
3.346108e-01
1.246533e-02
3.449911e-02
2.620368e-02
1.222166e-01
7.032364e-05
5.445812e-02
6.173554e-02
1.993981e-03
1.247013e-02
2.496018e-02
3.886379e-03
4.041650e-02
8.275484e-02
1.939132e-02
2.180852e-01
9.707973e-03
2.279045e-04
3.695996e-02
5.935616e-04
2.336562e-01
2.528629e-04
9.060672e-02
2.472035e-02
6.135163e-03
6.495503e-03
8.185328e-02
2.651675e-02
2.239582e-03
2.376158e-03
9.707936e-02
2.751696e-01
1.451488e-01
1.879741e-02
8.769562e-02
2.219821e-02
6.653880e-02
6.963114e-04
1.372516e-02
7.216030e-02
1.195699e-01
2.544347e-01
1.071713e-03
1.944248e-03
2.061785e-02
2.078277e-01
3.919748e-02
7.585262e-02
1.039764e-01
1.882779e-01
4.280531e-02
1.106272e-03
1.245414e-01
4.020239e-05
1.185314e-01
7.239869e-03
1.711567e-02
1.090956e-01
1.160310e-01
3.401696e-02
1.593103e-02
5.720560e-03
4.136305e-03
1.059859e-01
4.646478e-02
7.287419e-05
5.774496e-02
2.651453e-02
5.738418e-06
1.287896e-02
2.297657e-01
1.261392e-03
1.112477e-01
2.174806e-01
9.616814e-04
7.733375e-03
1.707255e-01
5.611073e-03
9.234174e-03
9.030690e-02
2.172611e-02
1.191487e-02
1.355454e-02
2.294051e-02
8.442744e-02
1.030396e-02
1.867459e-02
2.335527e-03
1.065870e-03
3.899679e-03
3.205410e-03
3.924896e-03
3.009796e-02
3.451539e-03
1.742744e-03
6.304837e-03
1.912396e-01
1.160981e-03
1.177099e-01
1.681993e-02
2.328432e-02
1.284000e-02
8.707442e-04
3.464712e-02
4.231143e-02
2.174545e-04
2.671315e-02
1.154760e-02
6.083102e-03
8.827560e-02
6.544531e-03
2.333422e-02
2.856142e-03
3.518427e-03
2.566756e-05
2.991075e-02
2.263298e-01
4.816387e-05
2.832599e-03
1.070159e-02
5.707231e-02
2.126569e-02
2.211490e-01
4.001420e-03
5.653744e-02
2.188553e-01
2.264460e-03
1.905335e-02
4.139286e-05
5.212418e-02
2.142823e-01
1.134081e-02
1.261778e-01
1.020458e-03
7.371865e-02
1.039239e-02
4.388586e-02
2.043449e-02
1.659954e-03
1.686308e-02
2.415450e-02
1.756227e-02
1.425284e-02
9.150170e-02
4.011910e-03
6.657051e-03
5.035225e-02
2.891217e-04
1.394731e-02
2.865139e-02
4.619939e-02
3.053790e-02
1.942605e-03
9.480104e-03
2.128940e-01
6.939499e-01
3.668269e-05
2.070030e-01
1.043605e-02
8.134668e-02
8.744936e-04
1.432413e-02
1.615088e-02
3.570169e-02
1.004384e-01
5.421852e-03
3.404947e-02
7.854765e-02
2.330178e-01
7.486520e-03
2.455452e-03
3.783624e-03
9.022679e-02
4.258308e-05
1.859934e-01
2.839862e-02
2.298629e-02
7.561677e-05
1.041409e-01
1.521555e-02
4.859123e-03
3.018580e-03
2.768550e-04
7.131885e-02
1.500780e-01
2.365242e-04
4.390644e-02
1.261918e-02
7.285514e-04
1.400578e-01
2.872949e-01
4.549123e-01
3.385299e-04
6.842748e-02
8.391957e-03
4.321812e-03
6.560465e-03
9.411907e-03
1.822825e-02
1.728208e-03
9.301939e-02
1.691948e-03
2.977985e-02
2.800685e-03
1.367486e-01
5.052453e-02
1.177489e-02
1.995724e-01
6.704115e-03
4.067818e-03
1.892709e-03
2.231369e-02
3.209278e-03
6.104298e-02
6.374914e-06
5.063556e-02
2.312549e-02
1.191995e-02
4.460644e-02
1.614257e-02
7.872189e-03
3.334689e-02
2.283312e-04
3.897388e-04
5.434131e-01
1.385351e-01
1.856973e-01
2.544904e-02
9.682944e-04
5.895131e-03
4.652628e-03
5.652105e-02
3.004357e-02
3.818632e-02
9.898991e-03
6.911654e-03
5.848192e-04
3.327011e-03
2.601964e-01
2.439529e-03
2.124411e-03
9.547958e-02
5.781318e-05
4.085848e-02
1.100895e-06
6.147408e-02
6.737678e-02
1.276980e-02
3.129408e-03
8.022014e-04
9.193451e-02
8.802269e-03
6.135859e-02
4.058931e-01
1.737317e-02
1.050816e-02
2.498692e-03
6.989879e-03
1.327582e-02
4.148674e-02
8.225132e-03
1.907355e-01
8.982841e-04
3.716967e-02
6.329661e-03
1.940353e-02
2.400556e-03
9.992109e-04
3.555343e-03
2.115165e-02
3.863015e-05
1.717012e-01
9.081367e-03
1.324377e-03
2.067546e-01
3.872733e-03
6.811770e-03
1.546176e-01
