7.473607e-03
2.910287e-04
4.573718e-02
4.051641e-03
1.291072e-02
5.576888e-02
5.125166e-02
2.689781e-02
1.235129e-02
1.229989e-01
1.152418e-04
1.939069e-02
7.578656e-02
2.153500e-03
1.314361e-02
1.885651e-02
5.193435e-05
2.357824e-01
1.141290e-01
1.411217e-03
1.436060e-02
1.164581e-02
8.525953e-02
1.343746e-01
2.875902e-05
2.660283e-02
1.541120e-02
1.895003e-02
5.834850e-02
1.950800e-02
8.995920e-04
4.268362e-03
1.552099e-02
2.117844e-01
3.768072e-02
2.758106e-02
3.611257e-02
3.351089e-01
6.121369e-02
3.823231e-04
5.343119e-05
2.078979e-02
4.530792e-03
4.129796e-02
2.722498e-05
1.783230e-02
1.412833e-02
3.937114e-02
5.682649e-02
1.010191e-01
1.322208e-03
3.535309e-02
1.057602e-01
3.172272e-03
4.685133e-02
7.146718e-02
3.129563e-03
1.111414e-04
4.488154e-03
1.113376e-05
6.373466e-03
9.822344e-03
1.679621e-01
2.067165e-02
7.156745e-02
1.216159e-03
8.554178e-02
4.707134e-02
1.424394e-02
1.604904e-03
5.225180e-04
2.601162e-01
1.008988e-01
3.700444e-02
1.074998e-02
1.409010e-02
9.132553e-03
4.680182e-02
4.008170e-03
6.695976e-03
2.733681e-03
1.513487e-01
4.644218e-03
6.399219e-03
1.133270e-02
1.770948e-02
1.211487e-02
7.948313e-03
1.083244e-01
5.351605e-02
5.743230e-02
3.618042e-04
3.428518e-03
1.111124e-02
2.671001e-02
4.701588e-02
7.345524e-03
6.624847e-02
2.162406e-01
6.759132e-02
2.173802e-04
3.033627e-01
2.139938e-04
2.438407e-03
8.262851e-03
1.790238e-01
5.256404e-03
7.732795e-03
1.420513e-02
1.091876e-04
2.046639e-01
2.099957e-01
9.462817e-04
5.963142e-02
1.992185e-01
2.645738e-02
5.922331e-02
5.749977e-03
1.292867e-02
8.827944e-02
2.164288e-03
7.784028e-02
3.809660e-02
2.246212e-02
1.332093e-03
7.984967e-04
2.916902e-02
1.435268e-01
3.284663e-02
4.080676e-02
1.266926e-03
2.729643e-02
1.066043e-04
7.241733e-03
4.355360e-02
3.639922e-03
3.110477e-01
1.268452e-02
1.106157e-02
4.269415e-02
6.419381e-04
2.101630e-02
4.955755e-03
7.138166e-03
1.300178e-02
3.291749e-02
2.893134e-03
1.447670e-01
2.553438e-01
7.031981e-03
2.417718e-01
3.483949e-04
1.342846e-01
8.042549e-04
9.323246e-02
5.697962e-05
5.498336e-03
5.001190e-03
3.747729e-03
3.802480e-01
3.146944e-04
1.780869e-06
2.337972e-02
8.758530e-02
2.451122e-02
6.448847e-02
1.896462e-02
1.357518e-01
7.615886e-02
2.891681e-01
2.767947e-02
3.178930e-03
8.677683e-05
1.050466e-01
9.444881e-02
4.051773e-02
1.818662e-01
3.948159e-02
2.819743e-02
4.026719e-03
6.838948e-03
5.714412e-03
4.956136e-04
1.489367e-01
1.387924e-02
9.195067e-02
2.069211e-02
1.351498e-01
1.172660e-05
8.820992e-03
7.344264e-02
1.088368e-04
8.033339e-04
6.042584e-02
8.326111e-02
2.711783e-05
1.578245e-03
9.041567e-03
9.521353e-02
2.547186e-02
1.162022e-01
7.720977e-02
8.123950e-03
5.456946e-02
2.918532e-02
2.455431e-03
1.385902e-01
4.900747e-01
7.220522e-02
2.139753e-02
2.603352e-02
1.688768e-02
4.131313e-03
2.979641e-05
2.347397e-02
1.116409e-01
1.282971e-02
1.751303e-01
6.062767e-02
6.272365e-02
1.304036e-03
2.271121e-03
4.189059e-02
4.508539e-04
2.543498e-02
2.610096e-03
1.036391e-03
6.563297e-04
6.917919e-04
7.196776e-03
5.923326e-03
9.949200e-02
1.000977e-03
5.699991e-02
1.749940e-01
4.654415e-03
6.064726e-04
1.407495e-02
1.273430e-02
5.966335e-02
2.643038e-01
2.329598e-02
1.053187e-01
1.470938e-02
1.327368e-01
2.188592e-02
3.017235e-03
3.474793e-02
4.500664e-05
8.545456e-03
1.794331e-02
5.407641e-02
2.861924e-04
5.143479e-02
3.331535e-03
1.405485e-01
1.223445e-02
3.267718e-02
4.442112e-03
1.284036e-01
3.681671e-01
2.113820e-02
2.185257e-01
1.853721e-04
2.531464e-04
4.447676e-02
5.131696e-02
5.671294e-02
1.678954e-02
2.844082e-03
1.039642e-02
3.177741e-04
2.750043e-02
5.574941e-03
4.029393e-02
2.271954e-02
2.351824e-02
1.762974e-03
2.417215e-01
1.404372e-02
6.332125e-02
3.579924e-02
2.182480e-03
3.615948e-01
2.600254e-02
9.935901e-05
7.060625e-02
1.332568e-03
7.064522e-02
3.922737e-02
4.344683e-03
6.488021e-02
2.020717e-01
5.493206e-03
2.797081e-04
8.622347e-03
1.408563e-03
2.075815e-02
4.573787e-03
6.685247e-02
3.890815e-01
1.024767e-02
1.086896e-01
6.727631e-02
7.112708e-03
3.401689e-03
4.738251e-04
8.585550e-02
5.799694e-04
5.649538e-06
2.064157e-02
1.081593e-02
9.983840e-03
3.087641e-04
7.399995e-03
5.104672e-03
7.710381e-02
5.916869e-03
4.216182e-03
4.503044e-02
9.242775e-02
6.269218e-02
9.076226e-02
5.686454e-03
2.901047e-01
6.320642e-04
5.983425e-02
4.730359e-02
2.691767e-03
8.575759e-02
1.580152e-02
2.121748e-03
1.046421e-01
2.918503e-02
1.190314e-02
4.569025e-02
2.717491e-04
2.556290e-02
1.799150e-02
1.390794e-02
1.984321e-02
3.368255e-02
5.069257e-02
1.764917e-02
8.837718e-03
5.736200e-03
1.213253e-02
1.981657e-02
1.780447e-02
1.222311e-02
2.784986e-02
2.856089e-02
1.630837e-04
6.178735e-03
1.510536e-02
1.104141e-01
5.324634e-03
4.405582e-02
1.051756e-02
2.854834e-01
2.713637e-02
8.298901e-03
1.962474e-03
3.797373e-02
3.832309e-02
1.039565e-02
4.690864e-02
4.488626e-03
1.188674e-02
1.298656e-01
1.171028e-02
8.366062e-07
3.677410e-02
1.372219e-01
1.363887e-02
6.193662e-02
6.634781e-03
1.421718e-03
1.742352e-01
2.344141e-04
6.594157e-02
3.544545e-02
3.466375e-02
5.381063e-02
1.498507e-01
1.065653e-01
9.026274e-02
8.798214e-02
5.153009e-04
3.950960e-02
1.679484e-01
1.158080e-02
1.368357e-02
3.473705e-07
1.908989e-01
5.379755e-02
2.101571e-02
1.555038e-02
1.434440e-02
4.232477e-01
4.037862e-04
7.343593e-04
4.325334e-02
1.495011e-01
9.112666e-04
1.474011e-01
8.248473e-02
1.076687e-01
2.057093e-02
1.001771e-02
2.706797e-04
1.414733e-02
8.815089e-02
4.170720e-02
1.859197e-02
8.901824e-02
1.144768e-02
4.305015e-02
2.406069e-02
1.696395e-02
8.882792e-02
2.434550e-01
3.542065e-03
5.989706e-04
3.389769e-02
1.873965e-02
3.708745e-02
6.192874e-04
4.582761e-03
1.568679e-01
4.777165e-02
2.701316e-03
4.379537e-02
5.156336e-02
1.270557e-04
1.985135e-03
7.060362e-01
1.541854e-01
3.752691e-02
2.343691e-01
4.348221e-01
3.049011e-02
6.802693e-02
5.135262e-02
5.296695e-02
1.519820e-03
1.026573e-01
2.536097e-01
6.722220e-03
3.911165e-02
3.080694e-02
1.079308e-01
9.722266e-03
4.214074e-03
1.288095e-01
2.621210e-02
4.689923e-02
2.694037e-02
8.319560e-02
2.021529e-03
4.396199e-04
6.137260e-03
6.996301e-02
7.971749e-03
4.856608e-03
1.324697e-01
4.858913e-02
8.002368e-02
4.398061e-02
1.248377e-02
4.152227e-02
1.077013e-01
3.011623e-04
1.267788e-02
1.877622e-05
7.302782e-02
1.005302e-02
1.465571e-02
4.164199e-03
1.595027e-03
6.373588e-02
1.113864e-02
8.150256e-02
2.302360e-01
5.126001e-02
1.824787e-02
5.220001e-02
3.741569e-03
1.606113e-01
2.442538e-03
6.783143e-02
5.793587e-02
1.620718e-02
1.669683e-01
2.091039e-02
1.151202e-01
5.911466e-03
2.888531e-02
6.855882e-04
2.520062e-03
2.780033e-02
2.831807e-03
1.204426e-01
6.907217e-02
1.460413e-01
5.004920e-02
8.461214e-02
6.144184e-02
5.409575e-02
5.598694e-02
1.469153e-01
1.657722e-02
6.468369e-02
3.553892e-02
2.173156e-02
1.240913e-05
3.586886e-02
1.380973e-02
3.911548e-02
4.550771e-03
4.224825e-02
9.341758e-02
5.079716e-03
5.698064e-02
4.385342e-02
5.386025e-02
3.575820e-02
4.055028e-02
4.301906e-01
1.340767e-04
6.069028e-04
5.400488e-03
8.820129e-03
3.579643e-02
4.684191e-02
7.544043e-02
1.447360e-01
4.403884e-04
4.669310e-02
2.880343e-05
8.218098e-02
2.183433e-02
1.773383e-01
1.281788e-01
3.378172e-04
2.400629e-02
7.393059e-02
3.125717e-03
3.403690e-05
7.578752e-03
1.242482e-04
1.920141e-01
4.815085e-02
3.343814e-02
5.116527e-03
9.964041e-03
7.761976e-04
1.348032e-01
3.270828e-02
4.523357e-02
6.080536e-02
3.299861e-02
1.110138e-01
4.447263e-02
5.210987e-02
1.638420e-02
1.092665e-01
5.011955e-03
1.893352e-02
7.569297e-02
1.085077e-07
1.641015e-02
7.648053e-02
1.289859e-05
3.681209e-02
1.970018e-01
1.211867e-01
2.498503e-02
8.754528e-04
2.041356e-02
3.324673e-05
9.160535e-03
7.848364e-03
6.732221e-03
4.891256e-02
2.653313e-02
8.459139e-02
6.292765e-02
1.722450e-01
8.604895e-02
5.469774e-03
2.685486e-01
2.232072e-02
6.329618e-02
