3.614943e-04
1.189363e-01
5.233621e-03
4.024896e-03
1.946278e-01
1.715917e-03
4.570581e-04
5.935213e-02
4.477329e-03
3.076012e-02
1.757980e-03
1.310516e-01
1.732135e-06
2.541711e-02
4.422641e-04
5.437215e-03
3.509552e-02
2.461580e-02
1.027585e-02
8.604479e-04
1.242171e-01
1.357455e-01
2.842190e-02
3.749681e-03
2.027568e-04
4.053195e-03
2.210614e-01
1.751748e-02
1.191806e-02
5.641204e-02
3.490122e-02
1.764453e-01
4.900964e-02
4.587811e-02
1.971321e-04
7.620052e-02
1.525248e-01
7.251112e-02
8.684617e-02
1.948167e-02
1.263776e-01
1.793194e-03
2.900728e-02
1.676965e-02
4.501926e-02
4.511786e-03
1.528337e-01
3.315484e-03
1.112051e-05
1.762082e-02
7.271099e-03
6.347512e-02
1.429659e-01
1.688047e-01
5.256413e-02
1.201053e-02
9.603227e-06
4.564399e-03
8.550502e-02
8.640178e-03
5.331276e-02
2.164306e-02
2.319543e-02
3.088376e-02
1.050132e-01
3.340581e-02
3.245759e-02
5.308592e-04
4.176727e-04
7.178126e-03
2.492269e-01
2.582949e-03
2.563846e-02
1.348285e-01
3.436883e-02
2.675336e-03
1.660057e-01
6.274220e-02
1.579012e-01
1.270927e-01
6.379080e-02
7.353986e-04
9.182809e-02
7.002991e-06
1.260883e-02
1.840538e-02
1.067465e-02
9.725126e-03
1.027244e-01
1.191895e-01
2.840622e-04
3.918993e-04
3.509524e-04
4.254300e-05
4.143475e-02
1.289670e-04
8.461190e-02
4.127134e-05
1.181039e-02
4.245124e-03
1.476187e-03
4.278530e-02
8.199076e-03
2.469917e-03
5.818326e-02
2.704540e-03
7.324334e-03
3.941177e-01
1.844961e-02
3.724400e-02
4.378725e-02
1.411728e-03
5.766087e-02
3.340234e-03
7.090647e-03
2.398389e-02
1.009041e-03
1.302412e-02
5.206137e-03
2.393305e-02
9.495042e-03
7.146402e-04
9.315982e-03
7.306766e-04
8.992096e-03
1.305080e-03
3.172093e-01
2.879887e-02
3.970304e-03
1.948201e-02
1.836855e-01
6.556469e-02
3.214170e-01
1.196291e-05
1.091888e-01
2.616152e-01
1.815847e-03
5.978902e-02
1.166395e-03
2.444567e-02
1.327857e-02
9.474305e-02
1.258581e-02
6.271602e-02
1.940272e-01
1.484933e-03
2.245450e-02
5.056137e-02
8.014145e-04
1.976102e-02
1.631194e-02
4.732367e-02
6.228667e-03
5.787506e-02
1.265467e-01
7.320760e-03
5.238919e-05
3.249596e-03
3.952813e-02
6.312496e-01
1.780722e-02
4.010420e-02
1.144490e-02
1.355639e-02
1.025981e-01
1.543468e-01
1.032849e-03
1.558016e-02
2.777841e-01
1.332472e-03
1.647155e-03
1.673246e-02
6.744404e-02
1.463492e-02
6.565249e-02
3.895811e-04
1.800318e-03
3.292678e-02
6.800218e-03
1.683051e-02
6.509058e-02
1.024996e-02
5.087122e-04
1.893923e-02
4.134086e-02
2.046449e-02
2.165464e-02
1.609075e-04
3.970562e-02
4.438677e-04
1.307807e-04
1.080110e-02
6.178803e-03
5.946281e-03
4.585351e-02
1.134644e-02
1.195979e-02
1.303167e-01
2.425805e-03
5.089044e-02
5.196096e-02
3.583827e-01
3.951452e-03
5.387105e-01
8.332902e-04
7.158757e-03
9.507024e-02
4.947949e-04
5.085743e-04
5.225691e-02
1.240589e-01
3.041492e-03
1.234292e-01
1.706786e-03
8.561955e-03
2.245616e-01
2.121831e-02
6.519722e-02
1.053676e-01
1.954569e-03
3.125576e-02
1.163682e-04
8.100352e-02
2.347673e-03
8.162425e-04
2.399079e-02
1.314941e-02
4.234368e-04
6.479403e-02
2.043359e-03
1.350017e-05
8.431139e-02
1.740827e-04
7.994774e-04
1.478961e-02
8.024960e-02
1.175687e-02
1.426398e-01
1.180685e-01
3.638746e-03
2.700372e-01
1.309306e-02
4.872745e-02
1.563748e-01
1.309850e-02
2.102949e-02
2.983079e-03
1.174774e-01
1.792854e-01
1.760604e-01
9.627812e-03
6.814145e-02
9.314772e-03
8.102612e-04
2.035846e-02
1.612958e-04
7.233950e-04
1.067474e-02
1.568739e-02
1.640745e-03
1.233026e-02
2.119383e-01
6.452959e-01
1.207118e-02
1.658429e-02
3.808445e-03
1.253290e-01
3.177046e-02
1.756761e-02
7.850513e-02
7.883672e-02
3.583061e-02
1.603418e-01
1.504254e-01
1.852647e-02
2.062132e-01
3.321438e-02
6.968894e-03
3.214478e-02
4.884235e-02
2.513671e-02
9.432416e-03
2.998392e-02
7.123894e-03
1.262592e-03
5.823948e-02
4.614803e-02
9.092034e-02
9.411660e-02
7.447871e-02
8.074174e-02
1.374444e-01
3.586343e-04
7.259000e-03
1.713748e-06
2.202654e-02
7.204698e-03
2.013244e-02
2.597694e-03
3.384670e-03
8.537522e-03
3.571557e-02
4.061958e-03
1.663423e-01
5.728381e-02
1.938831e-03
1.251651e-03
7.349856e-02
3.400587e-03
1.269044e-02
1.601372e-01
1.165913e-01
1.045846e-02
2.639069e-01
1.846472e-02
1.109987e-02
3.472413e-02
3.180347e-02
8.679650e-03
1.696075e-03
5.790996e-02
1.060719e-02
1.867372e-03
7.107308e-04
4.268857e-02
8.085149e-05
1.736731e-02
1.179266e-03
7.939214e-02
2.683070e-03
1.780903e-02
4.852928e-02
7.087941e-04
7.862102e-02
6.607343e-02
4.738225e-02
3.255528e-02
4.392684e-07
5.080713e-03
3.155998e-02
2.671152e-01
8.737002e-02
3.993526e-02
1.323222e-01
3.419460e-02
1.236073e-01
1.739677e-02
1.457884e-02
4.843599e-05
1.112852e-02
9.700709e-04
8.663139e-03
4.353304e-03
2.334668e-03
2.028350e-01
3.370201e-01
1.222091e-02
3.913323e-02
9.160628e-02
8.184124e-02
2.587848e-07
4.847806e-02
2.687036e-03
5.170766e-02
2.813266e-02
1.648449e-02
1.749672e-02
3.918906e-03
8.468921e-04
2.348481e-02
1.935657e-02
8.992899e-05
1.814876e-03
8.636852e-02
2.208473e-01
1.680132e-02
1.697619e-02
3.228118e-02
4.285363e-04
1.782015e-03
1.111897e-01
1.514869e-01
1.973229e-02
1.073344e-01
4.181574e-02
1.301038e-02
2.047749e-02
1.901626e-02
5.906887e-03
6.969663e-02
1.044856e-02
8.070767e-02
3.511063e-02
3.533833e-02
6.732712e-02
7.914236e-03
7.864698e-03
3.060217e-02
8.069544e-03
1.098805e-03
1.316507e-02
1.947860e-02
3.480469e-02
4.023788e-03
5.777573e-03
8.271094e-02
4.719169e-02
1.052464e-02
4.924163e-03
6.476055e-03
9.910176e-05
7.907000e-02
9.742752e-02
3.708424e-03
5.539109e-03
1.552574e-01
7.369696e-02
2.799514e-01
1.194173e-04
1.181706e-03
3.370790e-04
1.125174e-02
9.058182e-02
2.692870e-02
9.293131e-03
2.588236e-02
5.169454e-04
4.364855e-02
4.007174e-02
1.328514e-01
5.620867e-06
6.933083e-02
2.119001e-05
4.446475e-03
2.382578e-02
6.336974e-02
1.068658e-02
2.043152e-02
9.299581e-02
8.019689e-02
7.113068e-02
1.358379e-01
2.085371e-02
2.799692e-02
1.286371e-03
6.652009e-03
4.596626e-02
7.726358e-02
1.400620e-01
1.468957e-03
3.707855e-02
3.481375e-03
2.010373e-01
7.694400e-03
4.460800e-02
2.360853e-02
1.618397e-02
6.774125e-02
2.467605e-02
2.466009e-03
2.779464e-03
6.612176e-02
8.405549e-05
1.194679e-02
2.387150e-02
1.729300e-02
2.185833e-02
3.441812e-03
7.856009e-02
1.143854e-03
1.030759e-02
7.386429e-03
6.494944e-02
9.914998e-02
1.433364e-05
1.335625e-02
2.506150e-02
1.150938e-01
1.935745e-02
1.967839e-01
2.501150e-02
9.484270e-02
1.478893e-02
1.226816e-01
2.320938e-05
1.368316e-01
6.965040e-05
1.881256e-03
2.227309e-04
2.272727e-01
5.641508e-02
2.037015e-01
7.948683e-03
1.150012e-01
4.995942e-02
1.567182e-05
7.003260e-03
4.316763e-02
8.978723e-03
1.925269e-02
9.691714e-03
3.076411e-03
5.178748e-03
8.262811e-02
4.974862e-04
7.227462e-03
1.918172e-02
5.272994e-01
1.487723e-02
4.461504e-02
9.936011e-03
3.338612e-01
3.524604e-02
3.164919e-01
2.204693e-02
3.859259e-02
2.088420e-03
4.015267e-03
9.229832e-05
1.024563e-02
2.185458e-03
1.956283e-01
4.315426e-02
7.017522e-02
3.039685e-02
3.915515e-02
3.136530e-03
9.161554e-02
9.242547e-02
7.513786e-02
6.876495e-02
7.546441e-02
2.910327e-01
1.662407e-01
1.339464e-01
3.631151e-01
4.158401e-02
4.913728e-03
1.527165e-02
4.793308e-02
4.984528e-02
1.397481e-02
1.155322e-03
5.117833e-02
3.693087e-03
1.606203e-02
7.485326e-02
8.463550e-04
4.912369e-02
1.466047e-02
4.632437e-03
4.603395e-03
4.949742e-03
1.817024e-01
2.012843e-02
7.602627e-02
7.766579e-03
1.518498e-03
1.435690e-01
3.698859e-02
3.799807e-02
5.588945e-02
3.059950e-04
6.942813e-02
8.785485e-02
2.325482e-03
6.663660e-02
9.368142e-03
1.313447e-01
2.240000e-03
1.618902e-01
4.871861e-02
3.287014e-03
8.459584e-03
3.569609e-03
1.445994e-01
2.592360e-02
1.952827e-02
5.357429e-04
3.783377e-03
7.119503e-03
1.132994e-02
1.878134e-02
9.201127e-03
1.525292e-01
2.536604e-02
3.484316e-02
7.036127e-02
6.126158e-02
4.737130e-02
1.043959e-01
4.686704e-02
5.682407e-03
1.511530e-03
