1.413599e-01
1.369693e-02
4.271526e-02
1.240003e-01
1.375728e-02
2.315259e-03
7.809227e-02
2.083049e-03
2.368117e-02
1.051880e-02
8.457946e-03
1.024373e-03
4.117792e-02
4.418749e-02
1.009394e-02
7.557944e-02
1.702569e-01
5.146090e-02
3.847760e-03
5.357830e-02
1.462797e-02
2.644368e-02
2.435865e-02
7.102985e-02
8.168457e-03
4.779987e-02
2.401706e-02
9.361907e-03
9.689153e-02
9.814480e-05
1.199653e-02
1.133314e-04
6.930873e-02
1.515140e-02
5.472882e-04
1.877857e-03
3.379429e-02
1.999229e-01
3.055771e-03
3.450572e-02
8.166501e-03
3.335225e-01
1.549047e-02
1.664281e-02
2.444896e-02
1.737880e-02
6.017317e-02
2.670274e-02
1.625399e-01
8.239167e-03
6.748740e-03
4.237298e-02
3.693564e-03
3.858912e-03
7.392843e-02
2.318782e-01
1.954164e-01
7.405409e-02
4.312863e-02
3.700707e-02
6.265267e-02
1.688835e-02
3.059220e-02
2.242944e-01
4.193651e-02
1.031755e-01
1.097608e-01
5.562077e-02
1.196497e-02
5.323142e-02
9.696396e-03
7.998480e-02
9.256516e-02
1.779207e-02
1.304903e-02
4.579261e-04
2.068752e-03
1.436744e-01
5.178105e-02
3.330962e-03
7.668054e-03
6.006726e-02
3.605646e-01
2.066047e-01
1.270275e-01
2.966429e-02
3.373838e-02
2.066598e-02
3.153166e-02
1.660644e-01
3.327577e-02
1.271135e-02
2.255067e-01
6.779801e-02
4.939963e-02
1.958704e-02
2.007721e-04
3.045619e-04
5.020281e-01
1.057779e-02
3.410948e-05
3.914344e-03
1.094488e-03
7.497098e-02
6.868589e-04
5.289534e-02
6.033859e-03
1.754469e-04
5.519700e-02
5.875643e-02
3.486958e-05
3.948645e-01
1.807735e-01
2.564219e-02
1.620983e-02
1.000834e-01
7.108032e-03
1.863439e-02
5.084182e-02
7.332968e-03
1.086784e-02
1.930086e-03
7.421727e-02
6.324866e-03
2.105391e-03
5.233418e-03
2.615103e-02
6.778120e-04
2.002030e-03
1.368678e-02
2.328572e-01
7.570970e-02
6.055690e-04
6.888389e-02
4.170908e-02
8.377941e-03
1.251927e-01
1.535089e-03
1.170256e-02
9.513712e-03
6.670939e-02
3.098984e-03
5.058537e-03
5.203752e-03
5.634961e-03
9.241115e-03
3.230036e-02
8.807593e-03
4.109161e-02
2.242639e-02
1.606409e-01
6.545672e-03
1.151881e-02
1.570689e-02
1.438681e-03
1.104465e-02
2.057906e-03
8.759346e-03
1.948867e-01
1.848965e-01
1.736119e-01
5.026086e-02
2.981435e-06
1.790362e-02
1.033615e-01
4.169352e-02
1.972464e-01
2.456185e-03
5.296394e-02
2.507610e-02
1.078053e-01
5.141346e-02
4.019213e-02
3.764287e-02
1.272035e-02
3.949560e-03
5.099827e-03
8.825789e-02
6.205310e-03
3.410734e-02
5.311298e-02
1.268925e-02
7.292206e-02
2.620123e-02
1.923073e-02
2.481188e-01
2.368727e-02
9.260060e-03
4.649203e-03
2.659821e-02
1.182172e-01
7.275263e-03
2.029511e-02
4.766902e-04
8.649139e-03
1.433217e-02
1.813490e-02
4.790305e-02
5.922716e-03
2.159479e-02
4.877350e-03
3.507543e-03
2.059127e-01
1.263231e-04
1.722546e-02
1.994858e-02
1.967329e-03
1.584132e-01
1.642570e-02
7.166680e-02
4.171616e-02
1.534945e-02
2.657637e-04
3.847463e-04
6.816230e-03
1.181413e-01
1.331778e-02
2.482147e-02
6.170496e-02
1.561495e-02
1.926479e-02
1.223617e-04
2.012261e-01
1.624864e-02
5.821384e-02
3.633412e-03
2.223809e-04
3.667571e-03
5.637684e-06
2.734383e-03
4.596684e-02
4.762208e-04
2.648843e-02
8.580648e-03
3.381649e-02
1.801772e-02
2.069604e-01
1.198860e-01
5.827213e-02
2.289532e-02
6.673016e-03
1.310609e-02
1.640940e-03
2.415308e-02
2.646532e-02
2.792594e-02
1.174353e-03
8.286523e-02
4.141110e-02
3.459124e-03
1.406334e-01
5.364096e-02
2.180856e-04
7.905700e-02
1.160042e-02
3.428632e-03
1.400350e-04
1.076792e-02
3.313874e-05
9.398309e-02
3.421383e-03
9.710075e-02
2.673778e-02
3.354904e-04
3.000373e-02
2.185282e-03
4.744096e-01
2.821183e-03
3.205185e-04
1.681723e-03
5.539021e-02
6.610800e-03
8.797794e-02
4.012009e-02
2.033680e-02
1.091846e-03
1.305774e-03
3.228352e-02
1.167396e-01
3.634311e-02
5.897078e-03
1.731566e-03
4.012449e-01
2.370261e-05
7.636128e-02
1.330219e-03
9.484443e-02
8.623982e-02
4.029366e-05
1.215137e-01
5.123573e-03
8.172815e-03
8.789101e-03
1.143151e-01
2.187775e-02
6.025446e-02
2.168709e-01
3.548400e-02
2.879792e-03
3.348822e-02
1.712700e-01
3.065132e-02
6.743826e-02
5.236000e-02
1.964891e-02
1.467001e-01
7.055698e-02
7.314584e-02
3.631285e-02
5.614125e-04
7.790483e-04
2.792501e-03
1.201832e-02
1.126242e-03
1.551963e-01
8.855341e-03
3.360566e-02
2.296094e-02
6.032935e-02
6.768738e-06
1.428229e-03
1.464456e-01
4.335078e-02
4.483971e-03
6.885994e-05
7.100734e-02
7.185038e-02
8.180567e-02
4.661234e-06
3.536743e-02
4.141063e-03
4.577174e-03
7.001667e-02
1.487456e-02
1.448443e-01
2.180870e-02
3.473521e-02
9.026230e-03
1.224333e-01
1.133325e-01
6.464190e-03
1.594314e-02
6.281308e-02
9.656492e-02
5.473024e-04
1.896934e-02
2.698414e-02
3.441263e-02
8.841919e-02
5.373580e-02
6.036651e-03
1.731854e-02
2.116172e-02
6.770025e-03
6.261193e-02
1.801253e-02
3.434280e-02
6.799166e-02
7.230729e-03
1.517661e-02
2.366560e-04
1.708336e-02
1.521931e-02
1.090832e-01
1.284024e-05
1.570457e-03
1.091351e-03
3.221909e-02
4.061157e-02
6.554970e-03
7.970721e-02
7.257066e-02
1.008628e-02
4.233069e-02
2.234810e-02
1.222222e-03
1.074998e-02
1.515826e-02
2.526020e-04
3.026374e-03
2.073955e-01
1.183145e-02
8.152145e-02
5.656285e-02
6.783067e-02
1.999254e-02
3.691741e-02
9.610591e-02
2.458497e-02
3.203223e-03
2.049588e-02
3.209369e-02
2.061305e-03
1.526800e-01
1.634624e-02
2.142060e-03
3.913174e-05
2.460374e-02
5.268356e-02
3.187038e-01
2.549920e-03
2.344080e-04
1.532498e-01
2.576278e-01
6.410396e-02
2.635533e-03
2.203717e-02
5.272356e-02
1.688584e-02
1.651153e-02
1.837059e-02
5.642194e-03
1.381731e-02
1.629391e-02
9.897884e-04
8.393450e-03
7.149322e-03
4.370379e-02
1.436929e-02
4.536658e-04
2.826933e-04
3.457073e-03
2.107403e-02
5.268575e-02
4.887198e-02
1.283212e-01
2.096515e-02
9.102807e-02
2.354584e-02
4.866343e-02
6.171204e-02
1.938053e-02
2.810769e-03
9.154822e-02
1.495981e-01
1.958046e-04
1.501067e-02
1.531832e-02
5.252298e-02
6.697706e-03
1.764104e-01
3.276328e-03
4.576683e-03
1.196986e-01
3.605343e-02
1.224174e-02
2.763793e-03
3.018233e-02
9.787783e-04
8.859664e-03
2.092056e-02
6.927725e-04
5.715116e-02
4.300022e-02
1.940555e-02
4.508447e-02
3.239558e-03
6.660342e-03
8.636146e-02
1.610082e-01
1.585639e-01
3.760005e-02
2.068036e-02
1.024441e-01
2.180064e-01
3.791116e-02
3.569971e-02
1.690882e-02
1.248607e-01
8.929920e-02
7.256778e-03
4.859724e-03
6.673862e-01
2.648876e-03
1.843506e-01
1.601778e-02
3.662749e-01
9.850019e-02
5.677442e-02
1.113658e-02
7.648649e-03
6.056185e-02
7.988179e-02
8.933006e-05
5.573017e-02
2.776865e-03
1.686912e-01
2.307757e-03
1.370694e-02
6.318730e-02
1.330022e-02
1.261793e-02
2.726516e-01
4.233282e-02
3.647561e-04
5.477920e-02
2.119028e-02
5.659354e-03
9.608048e-03
1.528893e-01
3.489955e-02
4.355128e-02
1.410080e-02
7.395164e-03
4.611746e-02
4.851964e-03
1.176140e-01
1.965231e-01
9.283324e-04
1.606487e-02
9.690211e-02
1.521906e-01
1.842655e-02
1.892389e-01
6.132566e-03
9.129187e-02
4.723268e-02
1.638344e-04
1.749509e-02
7.421936e-03
7.452620e-02
1.186327e-03
1.074502e-01
1.165466e-01
5.471826e-02
5.020677e-02
5.403353e-05
2.921458e-02
4.338965e-02
5.888881e-02
1.263062e-01
4.328673e-03
9.851096e-03
2.847076e-02
2.487156e-02
1.227918e-02
4.417259e-02
1.451758e-03
2.181468e-02
4.231642e-02
3.547573e-01
2.061712e-01
2.641520e-02
9.550507e-03
7.506195e-03
3.387957e-02
2.887563e-03
1.112616e-02
1.716390e-04
4.846065e-02
9.458584e-03
8.242906e-02
1.698480e-02
2.903653e-04
4.612646e-02
1.654618e-02
4.342267e-04
2.779084e-04
2.466752e-02
1.123189e-02
1.104325e-01
1.188924e-02
7.974733e-04
2.525901e-02
3.460520e-02
3.911056e-02
2.731622e-04
4.803964e-02
1.124087e-02
1.561906e-02
2.374289e-03
3.457396e-02
5.460065e-02
1.179161e-02
1.569287e-01
2.273278e-01
3.194588e-05
1.577476e-03
4.354670e-03
6.411848e-02
9.333136e-03
7.106425e-04
1.618822e-02
9.754729e-02
3.400021e-03
1.476186e-02
3.990269e-02
1.145243e-02
1.410567e-01
3.504729e-02
1.013809e-02
5.506213e-03
2.011696e-05
2.352776e-03
