1.014481e-01
5.800115e-03
2.200483e-02
2.784046e-01
4.203862e-02
6.139072e-02
4.419904e-05
7.455549e-03
1.634416e-02
1.339639e-04
2.622449e-02
4.118044e-02
1.139367e-01
8.306820e-05
2.426066e-01
6.202630e-03
8.604736e-02
2.145317e-03
1.712850e-03
3.578091e-02
1.335624e-02
4.952083e-03
2.353108e-02
6.126697e-03
3.655694e-02
5.889825e-02
1.175659e-01
6.752443e-03
7.588257e-05
2.446544e-03
1.422617e-01
5.019779e-03
5.430644e-02
2.506916e-01
9.280947e-05
1.562541e-02
1.640358e-02
1.755867e-02
1.191018e-01
8.439572e-02
4.981783e-02
1.911569e-01
2.061994e-02
3.544892e-03
5.082454e-02
6.143677e-02
2.898015e-02
9.641135e-02
8.532117e-04
1.770371e-01
2.965388e-03
1.814218e-01
4.035861e-03
6.497511e-02
1.622148e-01
4.847968e-02
1.040275e-02
2.763185e-02
2.515587e-04
1.897554e-02
9.423916e-02
3.225317e-02
3.598515e-02
4.914910e-02
2.376065e-03
5.018228e-02
8.903920e-02
4.209681e-03
1.209727e-01
1.094206e-03
2.377817e-02
1.235251e-02
2.212861e-02
5.344639e-02
2.388662e-03
3.999364e-02
1.330085e-02
7.150301e-03
3.841721e-02
6.324874e-03
1.065095e-02
2.947855e-04
1.215473e-02
5.922073e-02
2.707621e-05
1.779313e-01
6.945202e-02
8.634168e-02
4.947764e-04
3.897379e-03
2.811638e-02
6.414722e-03
4.363487e-02
2.961750e-03
2.299696e-02
1.510496e-02
2.425762e-02
1.250192e-02
4.973209e-04
9.391925e-05
2.513744e-03
6.424466e-02
3.135933e-01
3.269174e-02
1.459781e-03
2.049897e-02
2.276572e-01
2.035694e-02
2.696093e-02
4.515986e-02
2.504452e-01
2.794594e-02
4.351169e-02
1.076476e-01
1.054851e-04
3.600421e-02
2.752155e-02
1.129576e-02
1.132123e-01
9.613917e-02
7.818648e-03
3.299002e-03
2.658209e-02
1.050100e-02
3.313688e-02
9.633761e-04
1.043530e-02
2.539028e-02
8.301272e-03
3.299459e-02
2.197376e-02
5.717669e-03
2.657421e-04
1.738284e-04
6.234968e-02
1.986519e-04
1.415420e-03
1.708204e-02
2.301323e-01
1.282788e-01
5.916604e-04
2.690080e-02
6.383335e-04
2.291038e-02
4.539600e-03
1.000536e-02
1.036918e-01
5.379562e-06
3.611157e-02
2.492499e-02
3.009493e-03
1.455268e-01
1.060164e-01
1.310094e-02
2.158707e-02
2.237879e-01
3.379621e-02
1.498807e-02
1.108871e-01
2.073481e-01
2.840413e-02
7.934520e-04
9.650673e-02
1.104742e-02
2.966123e-02
1.443711e-01
4.746000e-03
1.768887e-04
4.490207e-02
6.581206e-04
8.701012e-02
5.886816e-02
2.884200e-03
4.170384e-02
2.550959e-03
6.752019e-02
4.449376e-02
5.352198e-02
1.018815e-01
5.979677e-03
7.598294e-03
1.285793e-03
2.824765e-02
3.463238e-02
1.950761e-02
9.921753e-02
9.138525e-04
2.001769e-01
7.083817e-04
1.180044e-02
8.935534e-02
2.644871e-02
1.023264e-01
2.983994e-04
2.956020e-02
9.626634e-02
8.999135e-02
1.332045e-03
1.515147e-02
2.549317e-02
2.564728e-02
2.256255e-02
1.411841e-03
2.091340e-03
6.741552e-04
5.037648e-04
5.554964e-03
1.003648e-02
1.642240e-03
2.508879e-02
6.901912e-03
7.476579e-02
2.708002e-02
1.085391e-03
2.142429e-02
1.092195e-01
1.277252e-02
7.003908e-02
1.228881e-01
1.970080e-03
3.840150e-03
2.982388e-02
1.374786e-01
1.967608e-02
1.117597e-02
1.116640e-02
2.293139e-02
2.948111e-02
9.408668e-05
8.973990e-05
1.126163e-03
1.069929e-01
1.388251e-03
1.537378e-02
5.220028e-02
6.164580e-05
1.328448e-01
1.702926e-02
1.022937e-02
5.923838e-04
1.279208e-02
3.976528e-02
1.121105e-02
1.346359e-03
7.615327e-03
3.872640e-02
3.468056e-03
2.481825e-01
5.359725e-05
2.528845e-02
3.215107e-02
1.416876e-01
1.104718e-01
4.120422e-03
3.476396e-02
5.355499e-05
3.073638e-02
1.845346e-03
3.860665e-02
1.144924e-02
2.444733e-01
1.051659e-02
6.613747e-04
3.057586e-02
1.590073e-03
1.047735e-02
1.930984e-02
1.367452e-02
1.622476e-02
6.842988e-04
8.163913e-02
7.235824e-03
8.875747e-02
2.604737e-04
9.189527e-02
6.251642e-02
3.036604e-03
1.307158e-02
1.648488e-03
4.863271e-03
1.130721e-03
1.179958e-04
1.074976e-01
9.438538e-02
5.299708e-02
1.956509e-02
2.115863e-02
1.315865e-02
7.826443e-03
3.677491e-03
1.698133e-02
1.701216e-03
1.865125e-01
3.065796e-02
3.061776e-03
4.171087e-04
4.885287e-02
7.892579e-02
3.587723e-02
8.944845e-02
7.975696e-02
1.769931e-02
1.918491e-02
7.963475e-03
1.703013e-02
5.202101e-04
4.249129e-02
9.710591e-05
8.918870e-04
9.757996e-03
4.737193e-02
1.493666e-01
9.316931e-04
5.945561e-02
1.094764e-02
4.625719e-03
7.748815e-02
3.143901e-03
5.109107e-02
2.811082e-02
1.458051e-02
4.451607e-02
2.745510e-02
1.915886e-03
1.815369e-01
1.945473e-02
9.901793e-02
2.388448e-01
1.342737e-02
8.671416e-02
1.437583e-03
1.183759e-01
9.755255e-04
3.589229e-02
7.523222e-04
9.203234e-03
7.920310e-04
1.946262e-02
4.416143e-03
3.505526e-02
5.323159e-02
6.517724e-01
7.902643e-02
1.250259e-01
5.773783e-03
5.554668e-02
3.037531e-02
8.323643e-02
2.270847e-02
1.056337e-01
1.108570e-02
3.416148e-02
1.511085e-02
2.648391e-02
3.967803e-02
1.858793e-02
3.748942e-02
6.568401e-09
1.797882e-02
2.988353e-03
3.388790e-06
4.449110e-02
1.026326e-03
1.417488e-02
1.233178e-02
1.359954e-04
9.947870e-02
1.465480e-02
4.548659e-02
3.416230e-02
8.749681e-02
7.965504e-03
1.281732e-03
9.336824e-03
2.340482e-03
8.937271e-04
8.567154e-03
3.978083e-02
1.710385e-01
1.085933e-02
2.355090e-01
1.222814e-03
8.760285e-02
1.799376e-02
1.196614e-01
1.887167e-02
2.056845e-01
1.573383e-02
1.161254e-01
2.396977e-04
1.227197e-03
5.241346e-02
1.537418e-03
1.440210e-02
3.565763e-02
9.641542e-02
1.320393e-03
2.009839e-02
4.794363e-02
6.954288e-02
2.120022e-02
5.015040e-02
7.048799e-02
6.978627e-02
1.895917e-02
5.859000e-02
8.500296e-06
2.256402e-03
3.709514e-07
2.176329e-02
5.773557e-03
1.079059e-03
1.148889e-02
8.215337e-03
1.373493e-03
1.803761e-01
6.506819e-03
4.720731e-03
4.255616e-02
3.277911e-04
1.348072e-02
9.871531e-02
4.278200e-03
6.360891e-03
2.625241e-02
4.778080e-04
1.130453e-02
1.490431e-01
4.554175e-03
1.343857e-02
4.148283e-02
1.304906e-02
1.478758e-02
2.140411e-02
9.823183e-03
4.457492e-03
1.540410e-02
5.437858e-03
4.731165e-02
2.689107e-02
1.351837e-01
8.709049e-02
4.149606e-03
2.045350e-01
1.417016e-01
2.470755e-01
1.001053e-01
4.264688e-03
6.196900e-02
1.974049e-02
8.007682e-02
7.104507e-02
8.777817e-03
2.815932e-02
1.211708e-02
1.757217e-01
7.127446e-03
5.315140e-02
7.623403e-03
1.076483e-02
3.443782e-03
5.295256e-02
6.447645e-02
2.182714e-03
1.493485e-03
5.933604e-03
2.317271e-02
2.450791e-02
6.731941e-02
8.604532e-02
4.703959e-02
3.101678e-01
1.132083e-01
1.826346e-01
5.802401e-04
1.398475e-02
2.389794e-02
2.182246e-02
1.236226e-01
5.723704e-02
1.012239e-01
2.971811e-03
7.905905e-02
2.935373e-03
2.037623e-01
3.046841e-02
1.105054e-01
2.646818e-02
1.799965e-03
1.658021e-02
1.824947e-02
4.358011e-02
6.231157e-02
1.016447e-01
2.107982e-02
3.198864e-02
4.302029e-03
1.059826e-01
3.186470e-02
1.240045e-03
7.023568e-02
2.547957e-02
3.487090e-02
7.123311e-02
1.350611e-01
2.965985e-02
2.009898e-02
1.615638e-01
4.128809e-02
1.257082e-01
1.227144e-01
1.362024e-02
3.154482e-03
1.523427e-02
4.360446e-02
5.680646e-02
6.031462e-02
3.200848e-02
9.009751e-03
1.328590e-02
9.362004e-03
9.271199e-03
1.535633e-01
3.450877e-01
7.664944e-02
1.457021e-02
1.464038e-01
8.216422e-03
5.042431e-04
4.271319e-02
9.816440e-02
4.940146e-02
2.186486e-02
7.607086e-02
6.098398e-02
2.370160e-02
7.337652e-02
8.045662e-02
1.045532e-01
8.660433e-02
2.606131e-01
5.860144e-04
5.780093e-03
5.908412e-02
3.194019e-04
2.861534e-02
2.706708e-01
1.480958e-02
9.520146e-03
9.077729e-05
5.129581e-03
3.376496e-01
3.080952e-03
2.515751e-02
1.750890e-02
3.500167e-02
6.968950e-02
3.909183e-02
4.945724e-03
6.885276e-02
9.476570e-03
8.454276e-04
1.624038e-01
9.806535e-02
6.464941e-02
3.793201e-02
4.405292e-02
2.918381e-02
1.941379e-03
6.234787e-03
3.191775e-02
1.152980e-01
1.304031e-03
4.279424e-02
4.430836e-04
7.043310e-04
6.215866e-03
7.163106e-02
1.285056e-01
4.286743e-03
2.048425e-02
2.950832e-02
3.212470e-02
1.042672e-03
1.948815e-01
2.068116e-02
2.480740e-02
2.130316e-02
9.323144e-02
1.537538e-02
1.576558e-01
4.683960e-03
9.560634e-03
1.008333e-02
