169
338
507
676
845
1014
1183
1340
1500
1669
1838
2007
2164
2333
2482
2639
2796
2957
3105
3254
3391
3544
3665
3796
3931
4052
4150
4262
4347
4434
4522
4589
4672
4752
4816
4874
4928
4968
5004
5067
5096
5123
5148
5184
5217
5243
5271
5289
5312
5330
5351
5368
5381
5381
5396
5396
5408
5420
5430
5441
5447
5447
5453
5471
5471
5480
5481
5488
5494
5501
5507
5507
5507
5510
5510
5510
5510
5510
5510
5510
5510
5510
5510
5510
5510
5511
5511
5512
5512
5512
5512
5512
5512
5512
5512
5512
5512
5512
5512
5512
5512
5512
5512
