  161.6823   68.3282
  169.5196   54.4725
  173.4382   47.5447
  158.5473   42.6375
  147.5751   30.3694
  143.6565   22.4313
  156.9799   29.7921
  164.8172   28.0601
  178.1406   20.5550
  183.6267   38.3076
  193.8152   26.1838
  205.5712   25.7508
  217.3271   26.7612
  225.1644   29.7921
  218.8946   34.5550
  225.1644   51.5859
  214.1922   52.4519
  208.7061   46.6787
  200.8688   43.6478
  200.8688   60.1014
  185.1942   58.9467
  186.7616   71.6478
  177.3569   72.8024
  178.9243   85.5035
  188.3291   84.3488
  184.4104  102.8231
  178.9243  108.5963
  183.6267  114.9468
  163.2497  114.9468
  152.2775  114.9468
  157.7636  109.1736
  163.2497  103.4004
  167.9521   97.0499
  167.9521   85.5035
  156.1962   85.9364
  151.4938   92.2870
  140.5216  103.8334
  129.5493   91.8540
  140.5216   80.3076
  124.0632   74.2457
  118.5771   80.0189
  102.1188   73.9571
   96.6327   56.2045
   91.1466   50.2869
  102.1188   50.4313
  113.0910   62.4107
  123.2795   50.2869
  134.2517   62.1220
  145.2239   50.5756
  150.7100   56.4931
  150.7100   68.1839
  161.6823   68.3282
