5.000000e-02 
3.828427e-01 
7.156854e-01 
1.048528e+00 
1.381371e+00 
1.631371e+00 
1.881371e+00 
2.214214e+00 
2.547056e+00 
2.797056e+00 
3.047056e+00 
3.297056e+00 
3.629899e+00 
3.879899e+00 
4.212742e+00 
4.545584e+00 
4.795584e+00 
5.128427e+00 
5.378427e+00 
5.711270e+00 
6.044113e+00 
6.363185e+00 
6.614183e+00 
6.864183e+00 
7.114183e+00 
7.364183e+00 
7.614183e+00 
7.864183e+00 
8.114183e+00 
8.447025e+00 
8.779868e+00 
9.029868e+00 
9.279868e+00 
9.529868e+00 
9.862711e+00 
1.019555e+01 
1.044555e+01 
1.077840e+01 
1.102840e+01 
1.127840e+01 
1.152840e+01 
1.177840e+01 
1.202840e+01 
1.207840e+01 
1.241124e+01 
1.273031e+01 
1.304938e+01 
1.328049e+01 
1.353049e+01 
1.378049e+01 
1.403049e+01 
1.426049e+01 
1.451049e+01 
1.476149e+01 
1.509433e+01 
1.541340e+01 
1.566340e+01 
1.573340e+01 
1.606625e+01 
1.639909e+01 
1.664909e+01 
1.698193e+01 
1.723193e+01 
1.748193e+01 
1.773193e+01 
1.806478e+01 
1.839762e+01 
1.864762e+01 
1.889762e+01 
1.923046e+01 
1.956330e+01 
1.981330e+01 
2.006330e+01 
2.031330e+01 
2.064615e+01 
2.097899e+01 
2.129806e+01 
2.154906e+01 
2.188190e+01 
2.213290e+01 
2.238390e+01 
2.263390e+01 
2.288390e+01 
2.313390e+01 
2.338390e+01 
2.363390e+01 
2.388390e+01 
2.420297e+01 
2.452204e+01 
2.477204e+01 
2.502204e+01 
2.527204e+01 
2.560488e+01 
2.592396e+01 
2.617396e+01 
2.624396e+01 
2.649396e+01 
2.677199e+01 
2.709106e+01 
2.720106e+01 
2.745106e+01 
2.770106e+01 
2.803391e+01 
2.836675e+01 
2.861675e+01 
2.886675e+01 
2.918582e+01 
2.950489e+01 
2.975489e+01 
3.005945e+01 
3.037853e+01 
3.069760e+01 
3.092871e+01 
3.117871e+01 
3.142871e+01 
3.167871e+01 
3.192871e+01 
3.226155e+01 
3.259439e+01 
3.284439e+01 
3.309439e+01 
3.341346e+01 
3.373254e+01 
3.398254e+01 
3.423254e+01 
3.453709e+01 
3.485617e+01 
3.509590e+01 
3.538674e+01 
3.563674e+01 
3.588674e+01 
3.613674e+01 
3.645581e+01 
3.677488e+01 
3.702488e+01 
3.727488e+01 
3.752488e+01 
3.780115e+01 
3.810728e+01 
3.835728e+01 
3.860426e+01 
3.885525e+01 
3.918810e+01 
3.944690e+01 
3.965815e+01 
3.990815e+01 
4.015815e+01 
4.038815e+01 
4.063815e+01 
4.094427e+01 
4.127712e+01 
4.160996e+01 
4.190079e+01 
4.213079e+01 
4.236079e+01 
4.267986e+01 
4.299894e+01 
4.324894e+01 
4.349894e+01 
4.374894e+01 
4.397894e+01 
4.431178e+01 
4.464462e+01 
4.487462e+01 
4.510462e+01 
4.542369e+01 
4.567369e+01 
4.594997e+01 
4.625609e+01 
4.650609e+01 
4.674477e+01 
4.699477e+01 
4.724477e+01 
4.749477e+01 
4.774477e+01 
4.799477e+01 
4.825738e+01 
4.856350e+01 
4.881350e+01 
4.905218e+01 
4.931478e+01 
4.954478e+01 
4.979478e+01 
5.004578e+01 
5.029578e+01 
5.054578e+01 
5.087862e+01 
5.112862e+01 
5.135862e+01 
5.158862e+01 
5.186490e+01 
5.217102e+01 
5.242102e+01 
5.265970e+01 
5.290970e+01 
5.315970e+01 
5.346583e+01 
5.379867e+01 
5.413151e+01 
5.434151e+01 
5.457151e+01 
5.482151e+01 
5.511564e+01 
5.543472e+01 
5.568472e+01 
5.590676e+01 
5.615475e+01 
5.640475e+01 
5.665475e+01 
5.688475e+01 
5.721759e+01 
5.755044e+01 
5.778044e+01 
5.801044e+01 
5.826044e+01 
5.851044e+01 
5.873932e+01 
5.900193e+01 
5.923193e+01 
5.955100e+01 
5.988384e+01 
6.013484e+01 
6.038484e+01 
6.063484e+01 
6.084484e+01 
6.109484e+01 
6.130608e+01 
6.161221e+01 
6.186221e+01 
6.212481e+01 
6.231481e+01 
6.263388e+01 
6.289269e+01 
6.314665e+01 
6.346572e+01 
6.367572e+01 
6.372572e+01 
6.395572e+01 
6.424656e+01 
6.449656e+01 
6.474656e+01 
6.485656e+01 
6.506656e+01 
6.527656e+01 
6.548656e+01 
6.571656e+01 
6.596656e+01 
6.617780e+01 
6.651064e+01 
6.684349e+01 
6.710889e+01 
6.730449e+01 
6.755449e+01 
6.780449e+01 
6.802654e+01 
6.827453e+01 
6.832453e+01 
6.853453e+01 
6.882536e+01 
6.913149e+01 
6.934149e+01 
6.955149e+01 
6.988433e+01 
7.012407e+01 
7.041820e+01 
7.060962e+01 
7.080522e+01 
7.105918e+01 
7.131314e+01 
7.164599e+01 
7.189599e+01 
7.214599e+01 
7.239599e+01 
7.258741e+01 
7.283840e+01 
7.306729e+01 
7.336142e+01 
7.363946e+01 
7.368946e+01 
7.389946e+01 
7.417573e+01 
7.446656e+01 
7.471656e+01 
7.496656e+01 
7.521656e+01 
7.542656e+01 
7.561798e+01 
7.586597e+01 
7.607597e+01 
7.638210e+01 
7.660298e+01 
7.685298e+01 
7.711558e+01 
7.730558e+01 
7.751558e+01 
7.780971e+01 
7.800113e+01 
7.825113e+01 
7.854527e+01 
7.885139e+01 
7.907227e+01 
9.994051e+01 
7.055324e+01 
7.525283e+01 
8.268888e+01 
8.471148e+01 
7.775134e+01 
8.506841e+01 
6.508031e+01 
5.865556e+01 
5.104105e+01 
5.698989e+01 
5.591910e+01 
5.032719e+01 
4.717430e+01 
3.860797e+01 
3.878644e+01 
4.199881e+01 
4.116597e+01 
4.015467e+01 
4.134444e+01 
2.903034e+01 
2.920880e+01 
2.825699e+01 
2.778108e+01 
2.897085e+01 
2.956573e+01 
2.956573e+01 
2.956573e+01 
2.956573e+01 
2.790006e+01 
2.790006e+01 
2.790006e+01 
2.790006e+01 
2.790006e+01 
2.790006e+01 
2.795955e+01 
2.873290e+01 
2.879239e+01 
2.837597e+01 
2.849494e+01 
2.908983e+01 
2.879239e+01 
2.790006e+01 
2.754313e+01 
2.885187e+01 
2.647234e+01 
2.659131e+01 
2.665080e+01 
2.665080e+01 
2.671029e+01 
2.671029e+01 
2.676978e+01 
2.676978e+01 
2.676978e+01 
2.671029e+01 
2.718620e+01 
2.718620e+01 
2.700773e+01 
2.676978e+01 
2.688876e+01 
2.653183e+01 
2.671029e+01 
2.671029e+01 
2.671029e+01 
2.671029e+01 
2.671029e+01 
2.671029e+01 
2.671029e+01 
2.665080e+01 
2.676978e+01 
2.676978e+01 
2.676978e+01 
2.665080e+01 
2.724569e+01 
2.676978e+01 
2.671029e+01 
2.641285e+01 
2.641285e+01 
2.623438e+01 
2.653183e+01 
2.647234e+01 
2.647234e+01 
2.641285e+01 
2.635336e+01 
2.641285e+01 
2.641285e+01 
2.641285e+01 
2.641285e+01 
2.647234e+01 
2.647234e+01 
2.647234e+01 
2.647234e+01 
2.659131e+01 
2.700773e+01 
2.688876e+01 
2.676978e+01 
2.682927e+01 
2.676978e+01 
2.676978e+01 
2.665080e+01 
2.665080e+01 
2.700773e+01 
2.694825e+01 
2.694825e+01 
2.694825e+01 
2.694825e+01 
2.694825e+01 
2.694825e+01 
2.694825e+01 
2.694825e+01 
2.712671e+01 
2.659131e+01 
2.688876e+01 
2.682927e+01 
2.682927e+01 
2.688876e+01 
2.688876e+01 
2.688876e+01 
2.682927e+01 
2.682927e+01 
2.682927e+01 
2.682927e+01 
2.682927e+01 
2.682927e+01 
2.676978e+01 
2.700773e+01 
2.730518e+01 
2.653183e+01 
2.653183e+01 
2.653183e+01 
2.641285e+01 
2.641285e+01 
2.617490e+01 
2.617490e+01 
2.611541e+01 
2.635336e+01 
2.623438e+01 
2.575848e+01 
2.563950e+01 
2.558001e+01 
2.558001e+01 
2.558001e+01 
2.563950e+01 
2.569899e+01 
2.569899e+01 
2.563950e+01 
2.563950e+01 
2.563950e+01 
2.563950e+01 
2.563950e+01 
2.558001e+01 
2.558001e+01 
2.558001e+01 
2.558001e+01 
2.558001e+01 
2.558001e+01 
2.569899e+01 
2.569899e+01 
2.569899e+01 
2.546104e+01 
2.546104e+01 
2.575848e+01 
2.593694e+01 
2.599643e+01 
2.581797e+01 
2.593694e+01 
2.593694e+01 
2.546104e+01 
2.528257e+01 
2.528257e+01 
2.534206e+01 
2.534206e+01 
2.534206e+01 
2.534206e+01 
2.534206e+01 
2.534206e+01 
2.546104e+01 
2.546104e+01 
2.569899e+01 
2.522308e+01 
2.522308e+01 
2.522308e+01 
2.522308e+01 
2.498513e+01 
2.486615e+01 
2.486615e+01 
2.498513e+01 
2.486615e+01 
2.486615e+01 
2.486615e+01 
2.433076e+01 
2.462820e+01 
2.474717e+01 
2.474717e+01 
2.474717e+01 
2.474717e+01 
2.474717e+01 
2.474717e+01 
2.474717e+01 
2.474717e+01 
2.474717e+01 
2.468769e+01 
2.468769e+01 
2.474717e+01 
2.492564e+01 
2.439024e+01 
2.433076e+01 
2.427127e+01 
2.403331e+01 
2.415229e+01 
2.439024e+01 
2.450922e+01 
2.450922e+01 
2.456871e+01 
2.415229e+01 
2.415229e+01 
2.397383e+01 
2.397383e+01 
2.385485e+01 
2.397383e+01 
2.403331e+01 
2.403331e+01 
2.403331e+01 
2.403331e+01 
2.403331e+01 
2.409280e+01 
2.403331e+01 
2.415229e+01 
2.415229e+01 
2.385485e+01 
2.385485e+01 
2.391434e+01 
2.314099e+01 
2.308150e+01 
2.308150e+01 
2.308150e+01 
2.308150e+01 
2.308150e+01 
2.308150e+01 
2.302201e+01 
2.320048e+01 
2.314099e+01 
2.314099e+01 
2.314099e+01 
2.314099e+01 
2.314099e+01 
2.314099e+01 
2.314099e+01 
2.331945e+01 
2.343843e+01 
2.349792e+01 
2.349792e+01 
2.349792e+01 
2.349792e+01 
2.349792e+01 
2.349792e+01 
2.349792e+01 
2.349792e+01 
2.355741e+01 
2.349792e+01 
2.349792e+01 
2.361689e+01 
2.361689e+01 
2.361689e+01 
2.361689e+01 
2.361689e+01 
2.367638e+01 
2.361689e+01 
2.367638e+01 
2.320048e+01 
2.320048e+01 
2.320048e+01 
2.320048e+01 
2.272457e+01 
2.272457e+01 
2.260559e+01 
2.248662e+01 
2.248662e+01 
2.248662e+01 
2.248662e+01 
2.248662e+01 
2.242713e+01 
2.224866e+01 
2.224866e+01 
2.224866e+01 
2.224866e+01 
2.230815e+01 
2.230815e+01 
2.230815e+01 
2.230815e+01 
2.230815e+01 
2.230815e+01 
2.230815e+01 
2.230815e+01 
2.236764e+01 
2.224866e+01 
2.218917e+01 
2.242713e+01 
2.236764e+01 
2.242713e+01 
2.242713e+01 
