5.000000e-02 
1.510715e-01 
2.521429e-01 
3.532144e-01 
4.542859e-01 
5.553574e-01 
6.564288e-01 
7.575003e-01 
8.585718e-01 
9.596433e-01 
1.472115e+00 
1.573187e+00 
1.674258e+00 
1.775330e+00 
1.876401e+00 
1.977473e+00 
2.078544e+00 
2.179615e+00 
2.280687e+00 
2.381758e+00 
2.894230e+00 
2.995302e+00 
3.096373e+00 
3.197445e+00 
3.298516e+00 
3.399588e+00 
3.500659e+00 
3.601731e+00 
3.702802e+00 
3.803874e+00 
4.316345e+00 
4.417417e+00 
4.518488e+00 
4.619560e+00 
4.720631e+00 
4.821703e+00 
4.922774e+00 
5.023846e+00 
5.124917e+00 
5.225989e+00 
5.738461e+00 
5.839532e+00 
5.940604e+00 
6.041675e+00 
6.142746e+00 
6.243818e+00 
6.344889e+00 
6.445961e+00 
6.547032e+00 
6.648104e+00 
7.160576e+00 
7.261647e+00 
7.362719e+00 
7.463790e+00 
7.564862e+00 
7.665933e+00 
7.767005e+00 
7.868076e+00 
7.969147e+00 
8.070219e+00 
8.582691e+00 
8.683762e+00 
8.784834e+00 
8.885905e+00 
8.986977e+00 
9.088048e+00 
9.189120e+00 
9.290191e+00 
9.391263e+00 
9.492334e+00 
1.000481e+01 
1.010588e+01 
1.020695e+01 
1.030802e+01 
1.040909e+01 
1.051016e+01 
1.061123e+01 
1.071231e+01 
1.081338e+01 
1.091445e+01 
1.142692e+01 
1.152799e+01 
1.162906e+01 
1.173014e+01 
1.183121e+01 
1.193228e+01 
1.203335e+01 
1.213442e+01 
1.223549e+01 
1.233656e+01 
1.284904e+01 
1.295011e+01 
1.305118e+01 
1.315225e+01 
1.325332e+01 
1.335439e+01 
1.345547e+01 
1.355654e+01 
1.365761e+01 
1.375868e+01 
1.437611e+01 
1.447718e+01 
1.457825e+01 
1.467932e+01 
1.478039e+01 
1.488146e+01 
1.498253e+01 
1.508361e+01 
1.518468e+01 
1.528575e+01 
1.538682e+01 
1.548789e+01 
1.558896e+01 
1.625395e+01 
1.635502e+01 
1.645609e+01 
1.655716e+01 
1.665823e+01 
1.675930e+01 
1.686037e+01 
1.696145e+01 
1.706252e+01 
1.716359e+01 
1.726466e+01 
1.736573e+01 
1.746680e+01 
1.813178e+01 
1.823286e+01 
1.833393e+01 
1.843500e+01 
1.853607e+01 
1.863714e+01 
1.873821e+01 
1.883929e+01 
1.894036e+01 
1.904143e+01 
1.914250e+01 
1.924357e+01 
1.934464e+01 
2.000962e+01 
2.011070e+01 
2.021177e+01 
2.031284e+01 
2.041391e+01 
2.051498e+01 
2.061605e+01 
2.071712e+01 
2.081820e+01 
2.091927e+01 
2.102034e+01 
2.112141e+01 
2.122248e+01 
2.188746e+01 
2.198854e+01 
2.208961e+01 
2.219068e+01 
2.229175e+01 
2.239282e+01 
2.249389e+01 
2.259496e+01 
2.269604e+01 
2.279711e+01 
2.289818e+01 
2.299925e+01 
2.310032e+01 
2.376530e+01 
2.386638e+01 
2.396745e+01 
2.406852e+01 
2.416959e+01 
2.427066e+01 
2.437173e+01 
2.447280e+01 
2.457388e+01 
2.467495e+01 
2.477602e+01 
2.487709e+01 
2.497816e+01 
2.564314e+01 
2.574421e+01 
2.584529e+01 
2.594636e+01 
2.604743e+01 
2.614850e+01 
2.624957e+01 
2.635064e+01 
2.645172e+01 
2.655279e+01 
2.665386e+01 
2.675493e+01 
2.685600e+01 
2.752098e+01 
2.762205e+01 
2.772313e+01 
2.782420e+01 
2.792527e+01 
2.802634e+01 
2.812741e+01 
2.822848e+01 
2.832955e+01 
2.843063e+01 
2.853170e+01 
2.863277e+01 
2.873384e+01 
2.939882e+01 
2.949989e+01 
2.960097e+01 
2.970204e+01 
2.980311e+01 
2.990418e+01 
3.000525e+01 
3.010632e+01 
3.020739e+01 
3.030847e+01 
3.040954e+01 
3.051061e+01 
3.061168e+01 
3.127666e+01 
3.137773e+01 
3.147881e+01 
3.157988e+01 
3.168095e+01 
3.178202e+01 
3.188309e+01 
3.198416e+01 
3.208523e+01 
3.218631e+01 
3.228738e+01 
3.238845e+01 
3.248952e+01 
3.340085e+01 
3.350192e+01 
3.360299e+01 
3.370406e+01 
3.380513e+01 
3.390620e+01 
3.400727e+01 
3.410835e+01 
3.420942e+01 
3.431049e+01 
3.441156e+01 
3.451263e+01 
3.461370e+01 
3.527869e+01 
3.537976e+01 
3.548083e+01 
3.558190e+01 
3.568297e+01 
3.578404e+01 
3.588511e+01 
3.598619e+01 
3.608726e+01 
3.618833e+01 
3.628940e+01 
3.639047e+01 
3.649154e+01 
3.715652e+01 
3.725760e+01 
3.735867e+01 
3.745974e+01 
3.756081e+01 
3.766188e+01 
3.776295e+01 
3.786403e+01 
3.796510e+01 
3.806617e+01 
3.816724e+01 
3.826831e+01 
3.836938e+01 
3.903436e+01 
3.913544e+01 
3.923651e+01 
3.933758e+01 
3.943865e+01 
3.953972e+01 
3.964079e+01 
3.974186e+01 
3.984294e+01 
3.994401e+01 
4.004508e+01 
4.014615e+01 
4.024722e+01 
4.091220e+01 
4.101328e+01 
4.111435e+01 
4.121542e+01 
4.131649e+01 
4.141756e+01 
4.151863e+01 
4.161970e+01 
4.172078e+01 
4.182185e+01 
4.192292e+01 
4.202399e+01 
4.212506e+01 
4.279004e+01 
4.289112e+01 
4.299219e+01 
4.309326e+01 
4.319433e+01 
4.329540e+01 
4.339647e+01 
4.349754e+01 
4.359862e+01 
4.369969e+01 
4.380076e+01 
4.390183e+01 
4.400290e+01 
4.466788e+01 
4.476896e+01 
4.487003e+01 
4.497110e+01 
4.507217e+01 
4.517324e+01 
4.527431e+01 
4.537538e+01 
4.547646e+01 
4.557753e+01 
4.567860e+01 
4.577967e+01 
4.588074e+01 
4.654572e+01 
4.664679e+01 
4.674787e+01 
4.684894e+01 
4.695001e+01 
4.705108e+01 
4.715215e+01 
4.725322e+01 
4.735430e+01 
4.745537e+01 
4.755644e+01 
4.765751e+01 
4.775858e+01 
4.842356e+01 
4.852463e+01 
4.862571e+01 
4.872678e+01 
4.882785e+01 
4.892892e+01 
4.902999e+01 
4.913106e+01 
4.923213e+01 
4.933321e+01 
4.943428e+01 
4.953535e+01 
4.963642e+01 
5.030140e+01 
5.040247e+01 
5.050355e+01 
5.060462e+01 
5.070569e+01 
5.080676e+01 
5.090783e+01 
5.100890e+01 
5.110997e+01 
5.121105e+01 
5.131212e+01 
5.141319e+01 
5.151426e+01 
5.217924e+01 
5.228031e+01 
5.238139e+01 
5.248246e+01 
5.258353e+01 
5.268460e+01 
5.278567e+01 
5.288674e+01 
5.298781e+01 
5.308889e+01 
5.318996e+01 
5.329103e+01 
5.339210e+01 
5.405708e+01 
5.415815e+01 
5.425922e+01 
5.436030e+01 
5.446137e+01 
5.456244e+01 
5.466351e+01 
5.476458e+01 
5.486565e+01 
5.496673e+01 
5.506780e+01 
5.516887e+01 
5.526994e+01 
5.593492e+01 
5.603599e+01 
5.613706e+01 
5.623814e+01 
5.633921e+01 
5.644028e+01 
5.654135e+01 
5.664242e+01 
5.674349e+01 
5.684456e+01 
5.694564e+01 
5.704671e+01 
5.714778e+01 
5.781276e+01 
5.791383e+01 
5.801490e+01 
5.811598e+01 
5.821705e+01 
5.831812e+01 
5.841919e+01 
5.852026e+01 
5.862133e+01 
5.872240e+01 
5.882348e+01 
5.892455e+01 
5.902562e+01 
5.969060e+01 
5.979167e+01 
5.989274e+01 
5.999382e+01 
6.009489e+01 
6.019596e+01 
6.029703e+01 
6.039810e+01 
6.049917e+01 
6.060024e+01 
6.070132e+01 
6.080239e+01 
6.090346e+01 
6.174208e+01 
6.184315e+01 
6.194422e+01 
6.204530e+01 
6.214637e+01 
6.224744e+01 
6.234851e+01 
6.244958e+01 
6.255065e+01 
6.265172e+01 
6.275280e+01 
6.331606e+01 
6.341713e+01 
6.351820e+01 
6.361927e+01 
6.372034e+01 
6.382142e+01 
6.392249e+01 
6.402356e+01 
6.412463e+01 
6.422570e+01 
6.432677e+01 
6.489004e+01 
6.499111e+01 
6.509218e+01 
6.519325e+01 
6.529432e+01 
6.539539e+01 
6.549646e+01 
6.559754e+01 
6.569861e+01 
6.579968e+01 
6.590075e+01 
6.646401e+01 
6.656508e+01 
6.666615e+01 
6.676723e+01 
6.686830e+01 
6.696937e+01 
6.707044e+01 
6.717151e+01 
6.727258e+01 
6.737366e+01 
6.747473e+01 
6.803799e+01 
6.813906e+01 
6.824013e+01 
6.834120e+01 
6.844227e+01 
6.854335e+01 
6.864442e+01 
6.874549e+01 
6.884656e+01 
6.894763e+01 
6.904870e+01 
6.961197e+01 
6.971304e+01 
6.981411e+01 
6.991518e+01 
7.001625e+01 
7.011732e+01 
7.021839e+01 
7.031947e+01 
7.042054e+01 
7.052161e+01 
7.062268e+01 
7.118594e+01 
7.128701e+01 
7.138808e+01 
7.148916e+01 
7.159023e+01 
7.169130e+01 
7.179237e+01 
7.189344e+01 
7.199451e+01 
7.209559e+01 
7.219666e+01 
7.275992e+01 
7.286099e+01 
7.296206e+01 
7.306313e+01 
7.316420e+01 
7.326528e+01 
7.336635e+01 
7.346742e+01 
7.356849e+01 
7.366956e+01 
7.377063e+01 
7.433390e+01 
7.443497e+01 
7.453604e+01 
7.463711e+01 
7.473818e+01 
7.483925e+01 
7.494032e+01 
7.504140e+01 
7.514247e+01 
7.524354e+01 
7.534461e+01 
7.590787e+01 
7.600894e+01 
7.611001e+01 
7.621109e+01 
7.631216e+01 
7.641323e+01 
7.651430e+01 
7.661537e+01 
7.671644e+01 
7.681752e+01 
7.691859e+01 
7.748185e+01 
7.758292e+01 
7.768399e+01 
7.778506e+01 
7.788613e+01 
7.798721e+01 
7.808828e+01 
7.818935e+01 
7.829042e+01 
7.839149e+01 
7.849256e+01 
7.905583e+01 
7.915690e+01 
7.925797e+01 
7.935904e+01 
7.946011e+01 
7.956118e+01 
7.966225e+01 
7.976333e+01 
7.986440e+01 
7.996547e+01 
8.006654e+01 
8.062980e+01 
8.073087e+01 
8.083195e+01 
8.093302e+01 
8.103409e+01 
8.113516e+01 
8.123623e+01 
8.133730e+01 
8.143837e+01 
8.153945e+01 
8.164052e+01 
8.220378e+01 
8.230485e+01 
8.240592e+01 
8.250699e+01 
8.260806e+01 
8.270914e+01 
8.281021e+01 
8.291128e+01 
8.301235e+01 
8.311342e+01 
8.321449e+01 
8.377776e+01 
8.387883e+01 
8.397990e+01 
8.408097e+01 
8.418204e+01 
8.428311e+01 
8.438418e+01 
8.448526e+01 
8.458633e+01 
8.468740e+01 
8.478847e+01 
8.575464e+01 
8.585571e+01 
8.595678e+01 
8.605785e+01 
8.615892e+01 
8.625999e+01 
8.636107e+01 
8.646214e+01 
8.656321e+01 
8.666428e+01 
8.717675e+01 
8.727782e+01 
8.737889e+01 
8.747997e+01 
8.758104e+01 
8.768211e+01 
8.778318e+01 
8.788425e+01 
8.798532e+01 
8.808639e+01 
8.859887e+01 
8.869994e+01 
8.880101e+01 
8.890208e+01 
8.900315e+01 
8.910422e+01 
8.920530e+01 
8.930637e+01 
8.940744e+01 
8.950851e+01 
9.002098e+01 
9.012205e+01 
9.022312e+01 
9.032420e+01 
9.042527e+01 
9.052634e+01 
9.062741e+01 
9.072848e+01 
9.082955e+01 
9.093062e+01 
9.144310e+01 
9.154417e+01 
9.164524e+01 
9.174631e+01 
9.184738e+01 
9.194845e+01 
9.204953e+01 
9.215060e+01 
9.225167e+01 
9.235274e+01 
9.286521e+01 
9.296628e+01 
9.306735e+01 
9.316843e+01 
9.326950e+01 
9.337057e+01 
9.347164e+01 
9.357271e+01 
9.367378e+01 
9.377486e+01 
9.428733e+01 
9.438840e+01 
9.448947e+01 
9.459054e+01 
9.469161e+01 
9.479268e+01 
9.489376e+01 
9.499483e+01 
9.509590e+01 
9.519697e+01 
9.570944e+01 
9.581051e+01 
9.591159e+01 
9.601266e+01 
9.611373e+01 
9.621480e+01 
9.631587e+01 
9.641694e+01 
9.651801e+01 
9.661909e+01 
9.713156e+01 
9.723263e+01 
9.733370e+01 
9.743477e+01 
9.753584e+01 
9.763691e+01 
9.773799e+01 
9.783906e+01 
9.794013e+01 
9.804120e+01 
9.855367e+01 
9.865474e+01 
9.875582e+01 
9.885689e+01 
9.895796e+01 
9.905903e+01 
9.916010e+01 
9.926117e+01 
9.936224e+01 
9.946332e+01 
9.997579e+01 
1.000769e+02 
1.001779e+02 
1.002790e+02 
1.003801e+02 
1.004811e+02 
1.005822e+02 
1.006833e+02 
1.007844e+02 
1.008854e+02 
1.015450e+02 
1.016460e+02 
1.017471e+02 
1.018482e+02 
1.019492e+02 
1.020503e+02 
1.021514e+02 
1.022525e+02 
1.023535e+02 
1.024546e+02 
1.025557e+02 
1.026567e+02 
1.027578e+02 
1.034228e+02 
1.035239e+02 
1.036249e+02 
1.037260e+02 
1.038271e+02 
1.039282e+02 
1.040292e+02 
1.041303e+02 
1.042314e+02 
1.043324e+02 
1.044335e+02 
1.045346e+02 
1.046357e+02 
1.053006e+02 
1.054017e+02 
1.055028e+02 
1.056039e+02 
1.057049e+02 
1.058060e+02 
1.059071e+02 
1.060081e+02 
1.061092e+02 
1.062103e+02 
1.063114e+02 
1.064124e+02 
1.065135e+02 
1.071785e+02 
1.072796e+02 
1.073806e+02 
1.074817e+02 
1.075828e+02 
1.076838e+02 
1.077849e+02 
1.078860e+02 
1.079871e+02 
1.080881e+02 
1.081892e+02 
1.082903e+02 
1.083913e+02 
1.090563e+02 
1.091574e+02 
1.092585e+02 
1.093595e+02 
1.094606e+02 
1.095617e+02 
1.096628e+02 
1.097638e+02 
1.098649e+02 
1.099660e+02 
1.100670e+02 
1.101681e+02 
1.102692e+02 
1.109342e+02 
1.110352e+02 
1.111363e+02 
1.112374e+02 
1.113384e+02 
1.114395e+02 
1.115406e+02 
1.116417e+02 
1.117427e+02 
1.118438e+02 
1.119449e+02 
1.120459e+02 
1.121470e+02 
1.128120e+02 
1.129131e+02 
1.130141e+02 
1.131152e+02 
1.132163e+02 
1.133174e+02 
1.134184e+02 
1.135195e+02 
1.136206e+02 
1.137216e+02 
1.138227e+02 
1.139238e+02 
1.140249e+02 
1.146898e+02 
1.147909e+02 
1.148920e+02 
1.149931e+02 
1.150941e+02 
1.151952e+02 
1.152963e+02 
1.153973e+02 
1.154984e+02 
9.952409e+01 
9.821535e+01 
9.744200e+01 
9.750149e+01 
9.559786e+01 
9.524093e+01 
9.625223e+01 
9.524093e+01 
9.637121e+01 
9.298037e+01 
9.214753e+01 
9.095776e+01 
8.875669e+01 
8.173706e+01 
8.227246e+01 
8.542534e+01 
8.126115e+01 
7.459845e+01 
7.501487e+01 
7.459845e+01 
8.191553e+01 
7.317073e+01 
7.186199e+01 
7.138608e+01 
7.418203e+01 
7.418203e+01 
7.323022e+01 
7.376562e+01 
7.477692e+01 
7.346817e+01 
7.013682e+01 
6.638905e+01 
6.531826e+01 
6.567519e+01 
7.126710e+01 
6.960143e+01 
7.019631e+01 
6.924450e+01 
6.954194e+01 
7.132659e+01 
6.823319e+01 
7.001785e+01 
6.692445e+01 
6.710291e+01 
6.632957e+01 
6.656752e+01 
6.627008e+01 
6.650803e+01 
6.508031e+01 
6.817371e+01 
6.859012e+01 
6.793575e+01 
6.936347e+01 
6.805473e+01 
6.960143e+01 
6.977989e+01 
6.983938e+01 
6.948245e+01 
6.734087e+01 
6.573468e+01 
6.513980e+01 
6.436645e+01 
6.418798e+01 
6.400952e+01 
6.383105e+01 
6.418798e+01 
6.412849e+01 
6.466389e+01 
6.442594e+01 
6.490184e+01 
6.490184e+01 
6.490184e+01 
6.490184e+01 
6.490184e+01 
6.490184e+01 
6.490184e+01 
6.478287e+01 
6.490184e+01 
6.484236e+01 
6.513980e+01 
5.841761e+01 
5.788221e+01 
5.841761e+01 
5.859607e+01 
5.794170e+01 
4.158239e+01 
3.944081e+01 
4.985128e+01 
6.490184e+01 
6.912552e+01 
5.794170e+01 
5.954789e+01 
5.936942e+01 
6.014277e+01 
6.020226e+01 
6.067817e+01 
6.061868e+01 
6.014277e+01 
6.026175e+01 
6.073766e+01 
6.073766e+01 
6.073766e+01 
6.079714e+01 
6.055919e+01 
6.055919e+01 
6.055919e+01 
6.073766e+01 
6.097561e+01 
6.079714e+01 
6.067817e+01 
6.073766e+01 
6.014277e+01 
5.972635e+01 
5.984533e+01 
5.984533e+01 
5.984533e+01 
5.990482e+01 
5.990482e+01 
5.996431e+01 
6.032124e+01 
5.847710e+01 
5.829863e+01 
5.764426e+01 
5.758477e+01 
5.746579e+01 
5.746579e+01 
5.734682e+01 
5.734682e+01 
5.734682e+01 
5.734682e+01 
5.734682e+01 
5.734682e+01 
5.746579e+01 
5.788221e+01 
5.710886e+01 
5.663296e+01 
5.615705e+01 
5.621654e+01 
5.615705e+01 
5.621654e+01 
5.627603e+01 
5.633551e+01 
5.633551e+01 
5.633551e+01 
5.633551e+01 
5.556217e+01 
5.627603e+01 
5.401547e+01 
5.461035e+01 
5.377751e+01 
5.371802e+01 
5.371802e+01 
5.365854e+01 
5.371802e+01 
5.365854e+01 
5.365854e+01 
5.365854e+01 
5.353956e+01 
5.348007e+01 
5.395598e+01 
5.336109e+01 
5.276621e+01 
5.270672e+01 
5.306365e+01 
5.246877e+01 
5.246877e+01 
5.246877e+01 
5.252826e+01 
5.252826e+01 
5.258775e+01 
5.258775e+01 
5.252826e+01 
5.276621e+01 
5.270672e+01 
5.264723e+01 
5.264723e+01 
5.246877e+01 
5.223081e+01 
5.205235e+01 
5.205235e+01 
5.205235e+01 
5.205235e+01 
5.205235e+01 
5.205235e+01 
5.181440e+01 
5.193337e+01 
5.193337e+01 
5.151695e+01 
5.175491e+01 
5.139798e+01 
5.110054e+01 
5.110054e+01 
5.110054e+01 
5.110054e+01 
5.110054e+01 
5.121951e+01 
5.139798e+01 
5.127900e+01 
5.121951e+01 
5.110054e+01 
5.110054e+01 
5.044616e+01 
5.038667e+01 
5.026770e+01 
5.026770e+01 
5.026770e+01 
5.026770e+01 
5.032719e+01 
5.014872e+01 
5.026770e+01 
5.026770e+01 
5.002974e+01 
4.973230e+01 
4.943486e+01 
4.878049e+01 
4.830458e+01 
4.765021e+01 
4.770970e+01 
4.770970e+01 
4.776919e+01 
4.776919e+01 
4.776919e+01 
4.765021e+01 
4.776919e+01 
4.765021e+01 
4.753123e+01 
4.759072e+01 
4.765021e+01 
4.765021e+01 
4.794765e+01 
4.788816e+01 
4.788816e+01 
4.788816e+01 
4.782867e+01 
4.782867e+01 
4.782867e+01 
4.806663e+01 
4.806663e+01 
4.806663e+01 
4.806663e+01 
4.806663e+01 
4.806663e+01 
4.806663e+01 
4.806663e+01 
4.806663e+01 
4.800714e+01 
4.806663e+01 
4.788816e+01 
4.788816e+01 
4.788816e+01 
4.788816e+01 
4.788816e+01 
4.788816e+01 
4.788816e+01 
4.788816e+01 
4.788816e+01 
4.788816e+01 
4.788816e+01 
4.788816e+01 
4.788816e+01 
4.788816e+01 
4.788816e+01 
4.782867e+01 
4.782867e+01 
4.782867e+01 
4.782867e+01 
4.782867e+01 
4.782867e+01 
4.782867e+01 
4.782867e+01 
4.782867e+01 
4.782867e+01 
4.782867e+01 
4.782867e+01 
4.782867e+01 
4.782867e+01 
4.782867e+01 
4.782867e+01 
4.782867e+01 
4.782867e+01 
4.788816e+01 
4.788816e+01 
4.794765e+01 
4.788816e+01 
4.794765e+01 
4.794765e+01 
4.794765e+01 
4.794765e+01 
4.794765e+01 
4.800714e+01 
4.788816e+01 
4.782867e+01 
4.782867e+01 
4.782867e+01 
4.782867e+01 
4.782867e+01 
4.788816e+01 
4.788816e+01 
4.794765e+01 
4.794765e+01 
4.794765e+01 
4.782867e+01 
4.788816e+01 
4.782867e+01 
4.782867e+01 
4.782867e+01 
4.782867e+01 
4.782867e+01 
4.782867e+01 
4.753123e+01 
4.753123e+01 
4.747174e+01 
4.753123e+01 
4.747174e+01 
4.741225e+01 
4.735277e+01 
4.735277e+01 
4.735277e+01 
4.711481e+01 
4.711481e+01 
4.705532e+01 
4.711481e+01 
4.723379e+01 
4.699584e+01 
4.687686e+01 
4.681737e+01 
4.675788e+01 
4.657942e+01 
4.651993e+01 
4.646044e+01 
4.651993e+01 
4.657942e+01 
4.628198e+01 
4.610351e+01 
4.622249e+01 
4.628198e+01 
4.604402e+01 
4.592504e+01 
4.586556e+01 
4.568709e+01 
4.568709e+01 
4.562760e+01 
4.562760e+01 
4.556811e+01 
4.550863e+01 
4.521118e+01 
4.509221e+01 
4.449732e+01 
4.312909e+01 
4.271267e+01 
4.247472e+01 
4.193932e+01 
4.098751e+01 
4.045211e+01 
3.896490e+01 
3.842951e+01 
3.813206e+01 
3.759667e+01 
3.747769e+01 
3.640690e+01 
3.616895e+01 
3.587151e+01 
3.575253e+01 
3.515764e+01 
3.533611e+01 
3.557406e+01 
3.563355e+01 
3.575253e+01 
3.575253e+01 
3.551457e+01 
3.533611e+01 
3.509816e+01 
3.557406e+01 
3.509816e+01 
3.486020e+01 
3.414634e+01 
3.343248e+01 
3.283760e+01 
3.224271e+01 
3.129090e+01 
3.069601e+01 
3.039857e+01 
2.950625e+01 
2.885187e+01 
2.837597e+01 
2.712671e+01 
2.587745e+01 
2.563950e+01 
2.575848e+01 
2.575848e+01 
2.510410e+01 
2.510410e+01 
2.462820e+01 
2.403331e+01 
2.373587e+01 
2.314099e+01 
2.302201e+01 
2.320048e+01 
2.320048e+01 
2.320048e+01 
2.296252e+01 
2.135634e+01 
2.135634e+01 
2.058299e+01 
2.058299e+01 
2.034503e+01 
1.998810e+01 
1.998810e+01 
1.980964e+01 
1.897680e+01 
1.826294e+01 
1.719215e+01 
1.629982e+01 
1.635931e+01 
1.576443e+01 
1.546698e+01 
1.511005e+01 
1.475312e+01 
1.451517e+01 
1.439619e+01 
1.380131e+01 
1.368233e+01 
1.326591e+01 
1.356336e+01 
1.326591e+01 
1.320642e+01 
1.332540e+01 
1.332540e+01 
1.332540e+01 
1.332540e+01 
1.332540e+01 
1.338489e+01 
1.326591e+01 
1.332540e+01 
1.326591e+01 
1.314694e+01 
1.314694e+01 
1.308745e+01 
1.308745e+01 
1.308745e+01 
1.308745e+01 
1.308745e+01 
1.308745e+01 
1.308745e+01 
1.314694e+01 
1.314694e+01 
1.308745e+01 
1.302796e+01 
1.302796e+01 
1.302796e+01 
1.302796e+01 
1.308745e+01 
1.308745e+01 
1.308745e+01 
1.308745e+01 
1.308745e+01 
1.308745e+01 
1.279001e+01 
1.279001e+01 
1.279001e+01 
1.279001e+01 
1.279001e+01 
1.279001e+01 
1.279001e+01 
1.279001e+01 
1.290898e+01 
1.279001e+01 
1.273052e+01 
1.249256e+01 
1.249256e+01 
1.249256e+01 
1.249256e+01 
1.255205e+01 
1.255205e+01 
1.255205e+01 
1.255205e+01 
1.255205e+01 
1.255205e+01 
1.255205e+01 
1.231410e+01 
1.225461e+01 
1.225461e+01 
1.213563e+01 
1.213563e+01 
1.213563e+01 
1.219512e+01 
1.219512e+01 
1.225461e+01 
1.219512e+01 
1.231410e+01 
1.183819e+01 
1.183819e+01 
1.183819e+01 
1.183819e+01 
1.183819e+01 
1.189768e+01 
1.195717e+01 
1.189768e+01 
1.177870e+01 
1.171921e+01 
1.177870e+01 
1.177870e+01 
1.189768e+01 
1.183819e+01 
1.171921e+01 
1.165973e+01 
1.154075e+01 
1.177870e+01 
1.183819e+01 
1.165973e+01 
1.142177e+01 
1.165973e+01 
1.130280e+01 
1.130280e+01 
1.124331e+01 
1.118382e+01 
1.124331e+01 
1.130280e+01 
1.130280e+01 
1.136228e+01 
1.136228e+01 
1.118382e+01 
1.094587e+01 
1.100535e+01 
1.094587e+01 
1.094587e+01 
1.100535e+01 
1.100535e+01 
1.100535e+01 
1.100535e+01 
1.100535e+01 
1.088638e+01 
1.064842e+01 
1.005354e+01 
9.577632e+00 
9.518144e+00 
9.518144e+00 
9.577632e+00 
9.577632e+00 
9.637121e+00 
9.637121e+00 
9.696609e+00 
9.637121e+00 
9.220702e+00 
9.518144e+00 
9.280190e+00 
9.339679e+00 
9.339679e+00 
9.339679e+00 
9.339679e+00 
9.399167e+00 
9.339679e+00 
9.518144e+00 
9.280190e+00 
8.685306e+00 
8.209399e+00 
7.971446e+00 
7.971446e+00 
7.971446e+00 
7.971446e+00 
7.971446e+00 
7.971446e+00 
7.971446e+00 
7.971446e+00 
8.387864e+00 
7.733492e+00 
7.495538e+00 
7.436050e+00 
7.436050e+00 
7.436050e+00 
7.436050e+00 
7.436050e+00 
7.436050e+00 
7.436050e+00 
7.495538e+00 
7.198096e+00 
6.900654e+00 
6.662701e+00 
6.484236e+00 
6.484236e+00 
6.484236e+00 
6.484236e+00 
6.543724e+00 
6.543724e+00 
6.662701e+00 
6.603212e+00 
6.543724e+00 
6.127305e+00 
6.067817e+00 
6.067817e+00 
6.008328e+00 
6.067817e+00 
6.008328e+00 
6.067817e+00 
6.067817e+00 
6.127305e+00 
6.127305e+00 
6.067817e+00 
6.127305e+00 
6.127305e+00 
6.127305e+00 
6.067817e+00 
6.067817e+00 
6.067817e+00 
6.067817e+00 
6.067817e+00 
6.067817e+00 
6.067817e+00 
6.008328e+00 
6.008328e+00 
5.948840e+00 
6.127305e+00 
6.365259e+00 
6.424747e+00 
6.543724e+00 
6.543724e+00 
6.781678e+00 
6.722189e+00 
7.019631e+00 
7.138608e+00 
7.138608e+00 
7.138608e+00 
7.138608e+00 
7.138608e+00 
7.138608e+00 
7.138608e+00 
7.138608e+00 
7.138608e+00 
7.138608e+00 
7.138608e+00 
7.138608e+00 
7.138608e+00 
7.138608e+00 
7.138608e+00 
7.138608e+00 
7.198096e+00 
7.198096e+00 
7.198096e+00 
7.257585e+00 
7.257585e+00 
7.198096e+00 
7.198096e+00 
7.198096e+00 
7.198096e+00 
7.198096e+00 
7.138608e+00 
7.198096e+00 
7.198096e+00 
7.198096e+00 
7.138608e+00 
7.138608e+00 
7.138608e+00 
7.138608e+00 
7.138608e+00 
7.138608e+00 
7.138608e+00 
7.138608e+00 
7.138608e+00 
7.138608e+00 
7.138608e+00 
7.138608e+00 
7.138608e+00 
7.079120e+00 
7.079120e+00 
7.079120e+00 
7.079120e+00 
7.079120e+00 
7.079120e+00 
7.079120e+00 
7.079120e+00 
7.079120e+00 
7.079120e+00 
7.079120e+00 
7.079120e+00 
7.079120e+00 
7.079120e+00 
7.079120e+00 
7.079120e+00 
7.079120e+00 
7.079120e+00 
7.079120e+00 
7.079120e+00 
7.079120e+00 
7.079120e+00 
7.079120e+00 
7.079120e+00 
7.079120e+00 
7.079120e+00 
7.079120e+00 
7.019631e+00 
7.019631e+00 
7.019631e+00 
7.079120e+00 
7.079120e+00 
7.079120e+00 
7.079120e+00 
7.079120e+00 
7.079120e+00 
7.079120e+00 
7.079120e+00 
7.079120e+00 
7.079120e+00 
7.079120e+00 
7.079120e+00 
7.079120e+00 
7.079120e+00 
7.079120e+00 
7.079120e+00 
7.079120e+00 
7.079120e+00 
7.079120e+00 
7.079120e+00 
7.079120e+00 
7.079120e+00 
7.079120e+00 
7.079120e+00 
7.019631e+00 
7.019631e+00 
7.019631e+00 
7.079120e+00 
7.079120e+00 
7.019631e+00 
7.079120e+00 
7.079120e+00 
7.019631e+00 
6.781678e+00 
6.722189e+00 
6.722189e+00 
6.662701e+00 
6.781678e+00 
6.781678e+00 
6.781678e+00 
6.841166e+00 
6.900654e+00 
6.960143e+00 
7.138608e+00 
7.079120e+00 
7.198096e+00 
7.138608e+00 
7.138608e+00 
7.257585e+00 
7.257585e+00 
7.198096e+00 
7.138608e+00 
7.138608e+00 
7.138608e+00 
7.138608e+00 
7.138608e+00 
7.138608e+00 
7.138608e+00 
7.138608e+00 
7.138608e+00 
7.138608e+00 
7.138608e+00 
7.138608e+00 
7.079120e+00 
7.079120e+00 
7.079120e+00 
7.079120e+00 
7.079120e+00 
7.079120e+00 
7.079120e+00 
7.079120e+00 
7.079120e+00 
7.079120e+00 
7.079120e+00 
7.079120e+00 
7.079120e+00 
7.079120e+00 
7.079120e+00 
7.079120e+00 
7.138608e+00 
7.138608e+00 
7.138608e+00 
7.079120e+00 
7.079120e+00 
7.079120e+00 
7.138608e+00 
7.138608e+00 
7.198096e+00 
7.138608e+00 
7.198096e+00 
7.138608e+00 
7.079120e+00 
7.079120e+00 
7.079120e+00 
7.079120e+00 
7.079120e+00 
7.079120e+00 
7.079120e+00 
7.138608e+00 
7.138608e+00 
7.079120e+00 
7.079120e+00 
7.138608e+00 
7.138608e+00 
7.138608e+00 
7.138608e+00 
7.138608e+00 
7.138608e+00 
