-108
131
55
132
139
144
141
142
122
137
135
141
147
142
139
60
62
103
14
110
114
27
31
130
131
124
117
115
115
-26
140
133
64
150
150
149
138
150
150
150
70
150
150
150
150
150
68
150
149
140
136
143
150
150
150
150
139
150
150
150
150
150
150
150
150
150
150
70
150
150
150
150
150
149
143
150
150
150
144
131
145
67
150
150
150
150
150
150
147
141
150
150
68
150
148
146
150
136
141
135
142
150
150
150
144
145
150
150
150
70
150
150
150
150
150
150
150
150
150
150
70
150
150
144
70
150
150
150
150
150
150
150
150
150
150
148
145
150
145
150
150
150
150
150
150
150
150
150
150
150
150
150
150
147
141
150
150
70
150
70
150
150
150
150
150
150
150
150
150
150
70
150
150
146
150
136
150
70
133
68
150
70
143
146
138
133
135
61
146
144
55
148
146
148
136
150
144
142
140
127
150
147
146
138
64
139
70
150
150
70
150
150
150
150
150
70
150
150
150
150
150
70
150
150
150
150
150
70
150
150
150
150
150
150
150
146
148
150
150
65
150
145
148
148
63
131
145
150
150
150
150
150
150
150
150
150
150
150
150
150
148
142
150
150
150
150
150
150
148
70
150
69
150
150
149
150
150
150
150
150
70
150
150
70
150
150
150
150
150
150
150
149
150
150
149
150
150
70
70
150
