0.0363900661469
0.0786499977112
0.0354368686676
0.0966789722443
0.095076084137
0.0740261077881
0.0977809429169
0.076495885849
0.0685360431671
0.0605509281158
0.14563202858
0.101795196533
0.0760061740875
0.117743015289
0.120648145676
0.0777509212494
0.127388000488
0.0852360725403
0.092001914978
0.177029132843
0.138818025589
0.168336868286
0.128500938416
0.124976873398
0.0615990161896
0.104381084442
0.127253055573
0.0888161659241
0.168112039566
0.121252059937
0.159710884094
0.181577920914
0.140171051025
0.100172996521
0.146210193634
0.192143917084
0.155390024185
0.135143995285
0.154320955276
0.181246995926
0.18555688858
0.154274940491
0.186002016068
0.137064933777
0.197657108307
0.146305799484
0.148683071136
0.240364074707
0.216436862946
0.131237030029
0.145270109177
0.164162158966
0.0891048908234
0.157294988632
0.188884019852
0.167222976685
0.138267040253
0.114239931107
0.0372550487518
0.199681997299
0.166095972061
0.189337968826
0.091698884964
0.110464811325
0.161900043488
0.121737957001
0.0789608955383
0.151210069656
0.159239053726
0.142755031586
0.109397888184
0.100568056107
0.176759958267
0.150774002075
0.124650001526
0.0812180042267
0.160039901733
0.0845189094543
0.179043769836
0.164119005203
0.0592601299286
0.146640062332
0.10892701149
0.152095079422
0.136059999466
0.147186994553
0.167149782181
0.148735046387
0.167191028595
0.197452068329
0.12795996666
0.146333932877
0.11837887764
0.119966983795
0.0753889083862
0.176757097244
0.20144200325
0.146327972412
0.0985019207001
0.214996099472
0.230200052261
0.147099018097
0.13182592392
0.139454841614
0.0857748985291
0.0893239974976
0.0364570617676
0.170777082443
0.0986430644989
0.0610251426697
0.103350877762
0.120434045792
0.188494920731
0.10374879837
0.182095050812
0.0830068588257
0.0656969547272
0.140287876129
0.168253898621
0.154942035675
0.0950789451599
0.112691164017
0.0867719650269
0.132804870605
0.144932985306
0.246488809586
0.123543977737
0.107423782349
0.170623064041
0.0835108757019
0.103486061096
0.0958862304688
0.100386142731
0.092148065567
0.192981958389
0.274896860123
0.132272005081
0.165217876434
0.0861830711365
0.137151956558
0.121853113174
0.248435020447
0.0831949710846
0.117094993591
0.0996911525726
0.149540185928
0.133997917175
0.112143993378
0.0961489677429
0.0919361114502
0.0926427841187
0.0807058811188
0.0653719902039
0.184041023254
0.118395090103
0.0692989826202
0.229645967484
0.144330978394
0.0768039226532
0.0914149284363
0.125555038452
0.0955080986023
0.154343128204
0.0615088939667
0.100923061371
0.14656996727
0.0849521160126
0.102179050446
0.097540140152
0.0843160152435
0.0933918952942
0.16384100914
0.120472192764
0.135388851166
0.133757829666
0.11204791069
0.0998919010162
0.171677827835
0.127972126007
0.136845111847
0.108622789383
0.152036905289
0.0838811397552
0.129354953766
0.123761892319
0.157023906708
0.0964419841766
0.107151031494
0.165751934052
0.136142015457
0.137578964233
0.250472068787
0.188487052917
0.0671792030334
0.0905618667603
0.120760202408
0.111126899719
0.128365039825
0.10787987709
0.0693411827087
0.0693900585175
0.151411056519
0.166304826736
0.215471982956
0.167368173599
0.105401992798
0.165911912918
0.153259038925
0.100265026093
0.143992185593
0.127567052841
0.0978329181671
0.235776901245
0.213240146637
0.252928972244
0.0957751274109
0.0954639911652
0.142316102982
0.081118106842
0.0531580448151
0.167364835739
0.152475118637
0.1480281353
0.249797821045
0.255526065826
0.12908911705
0.0876548290253
0.0836400985718
0.110146045685
0.0685219764709
0.1077709198
0.0958209037781
0.161936044693
0.145919799805
0.126901865005
0.0887269973755
0.107928991318
0.147421836853
0.0653779506683
0.0992901325226
0.220602035522
0.115396976471
0.131685018539
0.125179052353
0.163024902344
0.142496824265
0.113703012466
0.0746240615845
0.127311944962
0.090362071991
0.161685943604
0.134405136108
0.129042863846
0.166455030441
0.0873019695282
0.0611321926117
0.214597940445
0.119783878326
0.170930147171
0.142224788666
0.144844055176
0.0881059169769
0.0766251087189
0.134841918945
0.17564702034
0.139637947083
0.0909190177917
0.0904550552368
0.069057226181
0.168484926224
0.0801210403442
0.213021993637
0.159533023834
0.131675004959
0.16243314743
0.10963511467
0.145514011383
0.177877187729
0.0720241069794
0.126561880112
0.0783619880676
0.120666027069
0.122354030609
0.15417098999
0.17306804657
0.108040094376
0.0866379737854
0.14006114006
0.0931899547577
0.294684886932
0.0994489192963
0.0714929103851
0.126457929611
0.109472036362
0.121091842651
0.126032829285
0.226657152176
0.142373085022
0.117082118988
0.156541109085
0.090714931488
0.130909919739
0.139055013657
0.0923049449921
0.209542036057
0.0678298473358
0.139621973038
0.112764120102
0.131952047348
0.192244768143
0.0814559459686
0.0971918106079
0.163940906525
0.187543869019
0.1158618927
0.140537977219
0.174719810486
0.0805549621582
0.107361078262
0.0931100845337
0.0937421321869
0.132889032364
0.0885319709778
0.0683100223541
0.0972528457642
0.0722908973694
0.0438070297241
0.0818681716919
0.155127048492
0.137323141098
0.0970089435577
0.0780959129333
0.1505651474
0.102982997894
0.152158021927
0.063483953476
0.129888057709
0.100812911987
0.0926520824432
0.105887889862
0.111540079117
0.207951068878
0.0822842121124
0.112457990646
0.124221801758
0.105782985687
0.118114948273
0.113227128983
0.185333967209
0.096508026123
0.115422010422
0.167196989059
0.126536846161
0.144043207169
0.096449136734
0.121080875397
0.199468851089
0.237330913544
0.136034011841
0.134345054626
0.0569858551025
0.175071001053
0.0996389389038
0.159167051315
0.0990109443665
0.0933918952942
0.101743936539
0.173011064529
0.125975847244
0.0902841091156
0.147742986679
0.0788040161133
0.127276182175
0.0868902206421
0.092169046402
0.144042015076
0.102768182755
0.243456125259
0.247364997864
0.120431900024
0.174458026886
0.140929937363
0.119210004807
0.126788139343
0.102114915848
0.105393886566
0.115815162659
0.177853107452
0.161324977875
0.128482103348
0.174165964127
0.108469009399
0.104358196259
0.0933630466461
0.206969976425
0.10663485527
0.103882074356
0.0896298885345
0.105931997299
0.117000102997
0.0770988464355
0.104811906815
0.143804073334
0.155388832092
0.115155935287
0.0389881134033
0.18460893631
0.14888381958
0.151943922043
0.18185710907
0.164444923401
0.118103981018
0.172731161118
0.0987520217896
0.147006988525
0.113869190216
0.126068115234
0.107725143433
0.195888996124
0.213958024979
0.100608110428
0.107923984528
0.14578795433
0.0985250473022
0.168670892715
0.134078025818
0.243425130844
0.148293018341
0.106323957443
0.100859880447
0.122390031815
0.115776062012
0.0739290714264
0.0940110683441
0.0817110538483
0.0910289287567
0.117707967758
0.056214094162
0.128433942795
0.181047916412
0.107944011688
0.101155996323
0.0797121524811
0.0924308300018
0.171977996826
0.0945930480957
0.106991052628
0.132779836655
0.0422370433807
0.139173984528
0.0899999141693
0.0705418586731
0.0942311286926
0.203607082367
0.170324802399
0.151712179184
0.139627218246
0.161371946335
0.10139799118
0.17268705368
0.191166162491
0.0801060199738
0.151985168457
0.152055025101
0.119162082672
0.0988140106201
0.133218050003
0.185163974762
0.196384906769
0.170502185822
0.10533618927
0.108740091324
0.0676651000977
0.152095079422
0.149626016617
0.152971982956
0.119309902191
0.098888874054
0.133299827576
0.143093109131
0.0710389614105
0.127664089203
0.106208086014
0.149823904037
0.151248931885
0.141595125198
0.136176109314
0.106506109238
0.132236003876
0.169867038727
0.137495040894
0.18390083313
0.187824964523
0.152958154678
0.0416641235352
0.100447893143
0.113662004471
0.207827091217
0.171244859695
0.107424020767
0.17418384552
0.161175966263
0.117209911346
0.116095066071
0.169018983841
0.123688936234
0.106503009796
0.212323904037
0.144665956497
0.104915857315
0.242506980896
0.16014790535
0.102324008942
0.154208898544
0.150038003922
0.164752006531
0.157243013382
0.131680011749
0.102265119553
0.0999059677124
0.138647079468
0.12375998497
0.0768299102783
0.101145982742
0.22763299942
0.102056026459
0.233700990677
0.113271951675
0.114310026169
0.181087017059
0.0950179100037
0.147018909454
0.091726064682
0.074315071106
0.165968894958
0.104247093201
0.199000120163
0.164095163345
0.108003139496
0.0907320976257
0.181872844696
0.137030124664
0.166364908218
0.246692895889
0.0431098937988
0.105483055115
0.19168806076
0.100942850113
0.238024950027
0.129473924637
0.178658008575
0.120304822922
0.13818693161
0.101714134216
0.0520329475403
0.152589082718
0.167894124985
0.0786480903625
0.181390047073
0.128943920135
0.0744709968567
0.121160030365
0.159642934799
0.105944871902
0.215909004211
0.187791109085
0.15206193924
0.127569913864
0.102575063705
0.112462997437
0.163820981979
0.186718940735
0.117475032806
0.0806350708008
0.0970680713654
0.106523036957
0.260702848434
0.132123947144
0.0984411239624
0.155717849731
0.116049051285
0.132868051529
0.212373018265
0.0653319358826
0.138885974884
0.1385679245
0.0993800163269
0.115957975388
0.115303039551
0.135231971741
0.188664913177
0.105751991272
0.0913078784943
0.0748682022095
0.165450811386
0.0656838417053
0.187535047531
0.0564489364624
0.20817899704
0.148530960083
0.190467119217
0.120604991913
0.109383106232
0.0908441543579
0.165179014206
0.174181938171
0.146935939789
0.10476398468
0.1848320961
0.240855932236
0.11948299408
0.199754953384
0.104928016663
0.127739906311
0.137187957764
0.0912828445435
0.0958218574524
0.169011116028
0.250741958618
0.191164016724
0.122931003571
0.149187803268
0.0828688144684
0.114115953445
0.148429870605
0.0550849437714
0.0747499465942
0.0962519645691
0.0727279186249
0.0677418708801
0.11834192276
0.0837671756744
0.14758515358
0.169073820114
0.167107820511
0.0903069972992
0.0798139572144
0.120421171188
0.148150920868
0.180249929428
0.0926609039307
0.0777509212494
0.0799479484558
0.103501081467
0.123215913773
0.10519194603
0.108831882477
0.0743479728699
0.0790910720825
0.182032108307
0.162721157074
0.0580959320068
0.198848962784
0.130464792252
0.130968093872
0.183572053909
0.0767698287964
0.0865051746368
0.237209796906
0.176470041275
0.0948159694672
0.307518005371
0.0717990398407
0.151062965393
0.150815010071
0.0699651241302
0.0602180957794
0.0903828144073
0.0444622039795
0.1181640625
0.124717950821
0.0699689388275
0.147430896759
0.0480999946594
0.213124990463
0.144507169724
0.127732992172
0.0962591171265
0.100943088531
0.0884380340576
0.139996051788
0.0593070983887
0.0704128742218
0.173940181732
0.125108003616
0.116612911224
0.144690990448
0.103802919388
0.194550991058
0.19114279747
0.0894131660461
0.0576949119568
0.118983983994
0.106840133667
0.0919518470764
0.163128852844
0.15108704567
0.0750160217285
0.122568845749
0.0896768569946
0.139071941376
0.0985050201416
0.109064102173
0.128252029419
0.151819229126
0.0691289901733
0.104717969894
0.184809923172
0.162559986115
0.0878701210022
0.103055000305
0.135138034821
0.157001018524
0.140335083008
0.148028850555
0.0652859210968
0.0520300865173
0.0723531246185
0.171254873276
0.121429920197
0.161475896835
0.1311211586
0.0631470680237
0.191770076752
0.112585067749
0.11673617363
0.233823060989
0.111654996872
0.134805202484
0.0681850910187
0.0525999069214
0.215872049332
0.218882799149
0.160876989365
0.215985774994
0.169643878937
0.0612518787384
0.142082214355
0.0606639385223
0.107676029205
0.120517969131
0.0792279243469
0.141595840454
0.269322156906
0.0886280536652
0.166604995728
0.15416097641
0.10177898407
0.0800499916077
0.138900995255
0.257675886154
0.197923898697
0.159274101257
0.175444126129
0.13301897049
0.107750177383
0.114457845688
0.094507932663
0.0897772312164
0.0931689739227
0.148088932037
0.0431079864502
0.111701965332
0.104610204697
0.176378965378
0.118544101715
0.121809005737
0.0968279838562
0.051549911499
0.204312086105
0.0647070407867
0.257422924042
0.157414197922
0.18190908432
0.201532840729
0.0761790275574
0.114693880081
0.127470970154
0.228945970535
0.18065905571
0.152960777283
0.186794996262
0.134589910507
0.109280109406
0.126770973206
0.178839921951
0.143752813339
0.149418115616
0.0592308044434
0.0801160335541
0.193765163422
0.262258052826
0.115658044815
0.0882241725922
0.144264936447
0.0906138420105
0.13142490387
0.212621212006
0.240554094315
0.128968954086
0.138823986053
0.133931875229
0.187967777252
0.092442035675
0.11425280571
0.283399105072
0.0774140357971
0.0956389904022
0.11487197876
0.192268133163
0.128195047379
0.113857984543
0.0451371669769
0.137669086456
0.116940975189
0.0863239765167
0.110008955002
0.0934240818024
0.197396039963
0.0685110092163
0.105257034302
0.0986750125885
0.125965118408
0.0917360782623
0.135350942612
0.14270401001
0.164795875549
0.156021118164
0.168770074844
0.269731998444
0.0959661006927
0.112497091293
0.273583173752
0.0883960723877
0.122224092484
0.179849863052
0.149216890335
0.233690023422
0.0890400409698
0.20635008812
0.182779073715
0.0969829559326
0.0512981414795
0.154391050339
0.164814949036
0.229674816132
0.194823026657
0.0433468818665
0.0971200466156
0.132292985916
0.170311927795
0.125468969345
0.159413099289
0.13898897171
0.153955936432
0.0502240657806
0.0991539955139
0.152398824692
0.232437133789
0.167222976685
0.0769119262695
0.246035814285
0.117182016373
0.170351982117
0.157405853271
0.0467941761017
0.0903341770172
0.151556968689
0.165277004242
0.208328962326
0.0800750255585
0.115129947662
0.149972200394
0.148828983307
0.0560688972473
0.148180007935
0.0602390766144
0.0792920589447
0.0516328811646
0.226039886475
0.181773900986
0.102931022644
0.17577791214
0.168028116226
0.0562930107117
0.139676094055
0.255758047104
0.117063999176
0.162270069122
0.143375873566
0.123716115952
0.0894739627838
0.136853933334
0.109675168991
0.141976833344
0.0603909492493
0.0946450233459
0.137900114059
0.169569969177
0.117107152939
0.174389839172
0.107469081879
0.0847508907318
0.0831649303436
0.168210983276
0.25447678566
0.232964038849
0.203424930573
0.0945608615875
0.324316978455
0.113199949265
0.0968601703644
0.155726909637
0.0710728168488
0.232716083527
0.183617830276
0.0792291164398
0.170479059219
0.153448820114
0.150647878647
0.132743835449
0.171434164047
0.177269935608
0.0813939571381
0.0757918357849
0.149657011032
0.0744049549103
0.0749170780182
0.202274084091
0.130438089371
0.175333976746
0.140552997589
0.0926449298859
0.167144060135
0.0708210468292
0.178721904755
0.0689370632172
0.279059886932
0.0872979164124
0.0648159980774
0.0812630653381
0.0821352005005
0.112281084061
0.142415046692
0.176177978516
0.149626016617
0.129616975784
0.0513899326324
0.0950329303741
0.144734144211
0.0559241771698
0.218101978302
0.161664962769
0.106195926666
0.0961518287659
0.0700821876526
0.139698982239
0.289545059204
0.140394926071
0.117608070374
0.174941062927
0.161482095718
0.0648419857025
0.0845091342926
0.130493879318
0.181093931198
0.158435821533
0.258337020874
0.17218708992
0.164875030518
0.0990610122681
0.0720388889313
0.103527069092
0.225478172302
0.168190002441
0.0685560703278
0.140600919724
0.195469856262
0.194595098495
0.223583936691
0.20964717865
0.081974029541
0.094535112381
0.0930519104004
0.134584903717
0.145398855209
0.10302400589
0.125659942627
0.14702796936
0.0839838981628
0.194435119629
0.119755983353
0.0709760189056
0.201681137085
0.163233041763
0.184318065643
0.11869096756
0.142400026321
0.126734972
0.136219024658
0.0619139671326
0.0494158267975
0.0847589969635
0.102240085602
0.155277013779
0.108584880829
0.149490118027
0.247785806656
0.112992048264
0.152125120163
0.164021968842
0.244189977646
0.0878138542175
0.289304018021
0.235326051712
0.122848987579
0.0500650405884
0.192430973053
0.135187149048
0.120368003845
0.143844127655
0.0557849407196
0.116057872772
0.156109809875
0.116373062134
0.121994972229
0.263381958008
0.0890791416168
0.147758960724
0.216180086136
0.159758090973
0.0573840141296
0.084456205368
0.102969884872
0.204678058624
0.0654149055481
0.148547172546
0.0518848896027
0.163877010345
0.136845827103
0.129686117172
0.252545833588
0.145483970642
0.182545185089
0.0893969535828
0.212975025177
0.237598896027
0.0522711277008
0.136234998703
0.194180965424
0.275406837463
0.207432031631
0.0896508693695
0.125392913818
0.140619039536
0.284179925919
0.0788660049438
0.207422018051
0.0489189624786
0.260379076004
0.146576166153
0.10897397995
0.0868101119995
0.144690036774
0.193418979645
0.145946979523
0.236556053162
0.104376792908
0.114830970764
0.0866689682007
0.229594945908
0.141652107239
0.103511810303
0.166028022766
0.111371040344
0.0777671337128
0.103979110718
0.116860151291
0.110198020935
0.109910011292
0.131721019745
0.173768997192
0.156698942184
0.0941529273987
0.141670942307
0.242709875107
0.147108078003
0.131373167038
0.16534280777
0.12193107605
0.142608165741
0.221182823181
0.164638996124
0.120754957199
0.1008207798
0.19460105896
0.124003887177
0.0814590454102
0.211243867874
0.207818031311
0.0796148777008
0.212019920349
0.120348930359
0.142372846603
0.12815618515
0.143980979919
0.0582530498505
0.178598880768
0.14875793457
0.0942530632019
0.150799036026
0.170229911804
0.0674800872803
0.162403106689
0.117537975311
0.219130992889
0.0910410881042
0.159497022629
0.0975120067596
0.116564035416
0.168685913086
0.131738185883
0.0777220726013
0.135272026062
0.187057971954
0.0990750789642
0.143059968948
0.164825201035
0.111181020737
0.16290807724
0.115074872971
0.0879838466644
0.164230108261
0.166088819504
0.159247159958
0.095508813858
0.120390176773
0.147270917892
0.105480909348
0.0733008384705
0.129272937775
0.19769692421
0.161599874496
0.0577170848846
0.0700619220734
0.109738826752
0.122054100037
0.125918865204
0.146246910095
0.214449167252
0.133785963058
0.185468196869
0.135267972946
0.122252941132
0.100731134415
0.184398174286
0.157439947128
0.109168052673
0.103268146515
0.109363079071
0.197436094284
0.10810303688
0.126037836075
0.207141160965
0.107008934021
0.0861661434174
0.0878038406372
0.141078948975
0.261458873749
0.12106013298
0.0637471675873
0.0935769081116
0.268102884293
0.19584608078
0.194154024124
0.17477107048
0.116282939911
0.178969144821
0.163364887238
0.14939904213
0.145770072937
0.233328104019
0.114767789841
0.11988902092
0.105836868286
0.0890989303589
0.144802093506
0.120803117752
0.192057132721
0.162131071091
0.0756781101227
0.141928195953
0.184823989868
0.195726156235
0.250422954559
0.113929986954
0.159176111221
0.12795996666
0.072252035141
0.149641990662
0.206087112427
0.146414995193
0.117089033127
0.146329164505
0.0801270008087
0.107114076614
0.0909831523895
0.128726005554
0.162561893463
0.154226064682
0.135010004044
0.160149812698
0.185961008072
0.147717952728
0.192841053009
0.0846519470215
0.109066963196
0.137574195862
0.127676963806
0.247699022293
0.0504379272461
0.193001031876
0.098564863205
0.181565999985
0.198248147964
0.0602350234985
0.117079973221
0.159075021744
0.100580215454
0.260856151581
0.0973498821259
0.132493972778
0.142321825027
0.107820987701
0.137984037399
0.18039894104
0.184736967087
0.137789964676
0.236570119858
0.113656997681
0.117240190506
0.168611049652
0.15549993515
0.21527504921
0.164871931076
0.139793872833
0.128192901611
0.197942972183
0.118021965027
0.07395195961
0.146530151367
0.229072093964
0.129248857498
0.133661985397
0.122572898865
0.0920310020447
0.151353120804
0.117034912109
0.0961508750916
0.261325836182
0.119817018509
0.0846889019012
0.0835008621216
0.050938129425
0.0488200187683
0.100832939148
0.151388883591
0.110476970673
0.112945795059
0.125084877014
0.0819849967957
0.158664941788
0.137603998184
0.135764122009
0.13911485672
0.0866467952728
0.087149143219
0.11033987999
0.0982780456543
0.184561014175
0.0809328556061
0.112069129944
0.127336978912
0.188246965408
0.0958669185638
0.190817117691
0.138734817505
0.173261880875
0.156264066696
0.108928203583
0.0898320674896
0.146135091782
0.190016031265
0.222681045532
0.138546943665
0.15971493721
0.209789037704
0.347716808319
0.122977972031
0.0719151496887
0.174546957016
0.272911071777
0.15459394455
0.0607578754425
0.174450159073
0.296719074249
0.127990007401
0.217990875244
0.0725030899048
0.224864959717
0.168322086334
0.116716861725
0.105350017548
0.139134883881
0.222903966904
0.143327951431
0.180081129074
0.114147901535
0.0579998493195
0.122817993164
0.187225103378
0.132163047791
0.270044088364
0.176069021225
0.152978181839
0.333228826523
0.173152923584
0.143484115601
0.0644919872284
0.105082988739
0.131863117218
0.171374082565
0.134534835815
0.131362915039
0.108160018921
0.0711331367493
0.125346899033
0.0825471878052
0.20192193985
0.045814037323
0.135339021683
0.067549943924
0.133889913559
0.159356832504
0.163738965988
0.291077852249
0.192296028137
0.109046936035
0.220111131668
0.225881814957
0.268193006516
0.0936918258667
0.141451120377
0.285583019257
0.121924877167
0.076877117157
0.107744216919
0.15628695488
0.232918977737
0.14125418663
0.113223075867
0.190895080566
0.130978822708
0.106633901596
0.12543797493
0.0960340499878
0.120354175568
0.138638019562
0.20085811615
0.138571977615
0.0803871154785
0.329536914825
0.128684043884
0.215311050415
0.0611429214478
0.186091899872
0.0979788303375
0.089583158493
0.107074975967
0.184406042099
0.11404299736
0.140080213547
0.153548002243
0.205094099045
0.384197950363
0.129194974899
0.186506032944
0.099513053894
0.0558848381042
0.110834121704
0.152944803238
0.127799987793
0.143466949463
0.149358034134
0.105170965195
0.177257061005
0.237988948822
0.222038030624
0.114284038544
0.0884959697723
0.145220041275
0.0794718265533
0.264914035797
0.204117059708
0.0789949893951
0.131942987442
0.0778369903564
0.126084804535
0.145305871964
0.229319095612
0.166533946991
0.138329029083
0.155864953995
0.151447057724
0.0865621566772
0.191336870193
0.145536899567
0.136347055435
0.150722026825
0.146288871765
0.0774121284485
0.221970081329
0.127202033997
0.0894730091095
0.199334144592
0.124867916107
0.10239481926
0.0824270248413
0.0881052017212
0.129062891006
0.0981321334839
0.0660262107849
0.144659996033
0.114450931549
0.190757036209
0.189099788666
0.182647943497
0.328751087189
0.228898048401
0.107779026031
0.209167003632
0.0892429351807
0.176389932632
0.0877678394318
0.07169008255
0.224236011505
0.179911136627
0.180252075195
0.0785610675812
0.202368974686
0.147261857986
0.178250074387
0.123980045319
0.12576508522
0.0778820514679
0.0790650844574
0.160705089569
0.18790602684
0.126764059067
0.168813943863
0.108652830124
0.131197929382
0.106774091721
0.0504870414734
0.0843608379364
0.148900032043
0.123125076294
0.106581926346
0.0749089717865
0.12969493866
0.139872074127
0.0827789306641
0.144181013107
0.0787491798401
0.228229045868
0.0446200370789
0.154943943024
0.0792191028595
0.203130960464
0.162343025208
0.118576049805
0.156443834305
0.182939052582
0.152415037155
0.121284008026
0.104779958725
0.13506102562
0.124040126801
0.137639045715
0.180635929108
0.049877166748
0.108350038528
0.173127174377
0.226040840149
0.188195943832
0.112101793289
0.089802980423
0.148701906204
0.205335140228
0.158365011215
