-109
104
-92
-112
-39
19
72
120
131
135
135
136
144
140
51
146
140
141
140
142
129
60
138
140
133
137
62
145
146
147
142
54
55
134
135
135
130
135
138
59
141
130
131
145
140
143
138
141
140
-21
149
143
139
135
58
58
140
137
133
137
118
134
141
142
141
138
133
140
140
140
62
139
61
139
139
135
133
127
118
35
-112
-250
63
143
137
140
150
150
136
143
149
-21
113
143
150
55
131
135
144
67
150
66
150
150
148
140
132
119
135
142
150
150
146
65
141
146
133
138
124
47
134
134
138
141
149
142
133
131
140
149
138
134
45
60
139
70
139
142
150
146
56
150
150
149
136
137
121
122
139
145
144
125
52
137
145
142
136
138
125
129
139
150
135
139
129
124
58
62
-250
108
121
146
141
140
140
141
147
138
133
119
135
140
146
142
138
148
146
146
60
147
146
144
148
137
54
150
58
145
150
141
131
145
150
148
133
135
145
144
142
133
137
150
68
143
66
137
39
145
125
125
51
125
128
131
145
145
143
144
133
130
145
-14
124
107
124
150
42
137
70
110
112
61
150
144
150
150
148
143
145
150
143
142
133
116
150
128
42
143
121
128
126
125
129
130
48
136
119
56
131
138
140
140
148
148
135
51
140
139
61
140
140
145
144
139
143
146
144
143
140
143
149
143
61
150
149
139
126
146
147
139
