0.0000 0.0000 0.0000 0.0000 0.0000 0.0000 0.0000 0.0000 0.0000 0.0000 0.0000
279303.3755 471.6434 49.9069 24.6752 1.9333 0.5666 0.0112 83.0236 32.6887 4.5916 10.0000
819141.9974 63.5266 19.1201 9.0159 1000.0000 5.8805 1000.0000 997.4156 1000.0000 0.6124 1.0000
570043.7343 25.9067 52.9401 4.6495 19.3146 20.2470 1000.0000 1000.0000 11.3297 0.5075 1.0000
823122.6770 24.7319 17.1940 1000.0000 1000.0000 902.3867 667.5622 0.0050 0.0159 0.5313 1.0000
770777.8559 92.1875 14.2129 1000.0000 0.5857 1000.0000 1000.0000 1000.0000 1000.0000 0.6663 10.0000
795122.9458 94.3722 10.8278 1000.0000 0.4176 346.1611 1000.0000 778.2751 952.2175 1.0076 10.0000
1299893.4767 59.4633 25.1799 0.0010 0.0015 1000.0000 43.6131 0.0368 15.5518 2.4589 10.0000
776930.9440 46.5958 22.1076 0.3952 2.2584 1000.0000 821.5644 1000.0000 18.3135 0.7242 10.0000
817535.4686 97.7483 5.9784 1.0622 1.5956 0.0029 949.1906 1000.0000 0.0782 1.2269 10.0000
887841.2239 44.6233 15.8715 0.3503 1000.0000 0.0146 0.0012 58.4011 1000.0000 0.7428 10.0000
1156607.1924 58.9765 27.8327 0.0023 3.8101 578.5782 142.9141 21.3032 126.5369 1.0366 10.0000
1105786.4726 74.1024 5.8966 3.1286 1.9913 1000.0000 1000.0000 19.6865 309.0876 0.0010 10.0000
809476.7644 94.1627 3.9552 1.6060 2.2522 0.0166 1000.0000 17.0615 14.7987 0.7729 10.0000
892604.2626 57.7542 10.7590 3.4031 0.6197 1000.0000 0.0417 0.1925 0.0011 0.4571 10.0000
1120729.0025 78.7127 0.7324 1000.0000 1000.0000 23.8896 1000.0000 1000.0000 0.0761 1.0670 10.0000
1092589.3381 54.1196 12.7135 4.1879 0.7303 113.1657 1000.0000 0.0151 0.0035 0.0056 10.0000
791004.9874 44.0788 8.3371 2.0914 0.9166 1000.0000 0.0054 48.3832 1000.0000 0.5545 10.0000
1000403.7377 17.6812 27.3475 1.2840 2.4431 37.2376 1000.0000 24.4436 404.8014 0.0010 10.0000
858103.0802 48.4078 9.6942 0.4717 1000.0000 1000.0000 1000.0000 1000.0000 0.0403 0.3764 10.0000
820974.9473 99.8384 3.5909 1.8462 1.7646 1000.0000 1000.0000 0.0906 0.1508 0.5344 10.0000
790558.7082 8.7333 26.5059 1.7881 2.2680 23.0290 201.1670 35.1937 0.0020 0.4943 10.0000
1098917.7699 34.0084 11.7703 1000.0000 0.8288 22.3284 1000.0000 0.0351 1000.0000 0.0031 10.0000
1045160.6932 15.6861 4.5696 1000.0000 1000.0000 14.4404 1000.0000 1000.0000 0.0018 0.5097 10.0000
1071367.2275 44.7658 1.6088 1000.0000 1000.0000 0.0205 1000.0000 0.0032 0.0014 0.5553 10.0000
973931.6721 31.3426 12.4223 1.6313 2.6257 1000.0000 1000.0000 1000.0000 1000.0000 0.0010 10.0000
