2.500000000000000000e+02 2.500000000000000000e+02 1.570796326794896558e+00 4.201680319186528322e+03
2.500000000000000000e+02 2.600000000000000000e+02 1.570796326794896558e+00 4.988577776501036169e+03
2.500000000000000000e+02 2.700000000000000000e+02 1.570796326794896558e+00 5.245021908247529609e+03
2.500000000000000000e+02 2.800000000000000000e+02 1.570796326794896558e+00 5.378262456004787964e+03
2.500000000000000000e+02 2.900000000000000000e+02 1.570796326794896558e+00 5.437951708884721484e+03
2.500000000000000000e+02 3.000000000000000000e+02 1.570796326794896558e+00 5.472484527546971549e+03
2.500000000000000000e+02 3.100000000000000000e+02 1.570796326794896558e+00 5.499520369488640426e+03
2.500000000000000000e+02 3.200000000000000000e+02 1.570796326794896558e+00 5.524147315688811432e+03
2.500000000000000000e+02 3.300000000000000000e+02 1.570796326794896558e+00 5.547858098693324791e+03
2.500000000000000000e+02 3.400000000000000000e+02 1.570796326794896558e+00 5.571692132231442883e+03
2.500000000000000000e+02 3.500000000000000000e+02 1.570796326794896558e+00 5.597175542462794510e+03
2.500000000000000000e+02 3.600000000000000000e+02 1.570796326794896558e+00 5.626163200960259928e+03
2.500000000000000000e+02 3.700000000000000000e+02 1.570796326794896558e+00 5.660236759542359323e+03
2.500000000000000000e+02 3.800000000000000000e+02 1.570796326794896558e+00 5.700226687077293718e+03
2.500000000000000000e+02 3.900000000000000000e+02 1.570796326794896558e+00 5.746162308390065846e+03
2.500000000000000000e+02 4.000000000000000000e+02 1.570796326794896558e+00 5.797533845414245661e+03
2.500000000000000000e+02 4.100000000000000000e+02 1.570796326794896558e+00 5.853618460740925912e+03
2.500000000000000000e+02 4.200000000000000000e+02 1.570796326794896558e+00 5.913704303729382445e+03
2.500000000000000000e+02 4.300000000000000000e+02 1.570796326794896558e+00 5.977196559356974831e+03
2.500000000000000000e+02 4.400000000000000000e+02 1.570796326794896558e+00 6.043631500000050437e+03
2.500000000000000000e+02 4.500000000000000000e+02 -1.570796326794896558e+00 6.010262559356974634e+03
2.500000000000000000e+02 4.400000000000000000e+02 0.000000000000000000e+00 6.120123500000049717e+03
2.600000000000000000e+02 4.400000000000000000e+02 0.000000000000000000e+00 6.152064540353077064e+03
2.700000000000000000e+02 4.400000000000000000e+02 0.000000000000000000e+00 6.206846295710174672e+03
2.800000000000000000e+02 4.400000000000000000e+02 0.000000000000000000e+00 6.273020643851687055e+03
2.900000000000000000e+02 4.400000000000000000e+02 0.000000000000000000e+00 6.341410790798668131e+03
3.000000000000000000e+02 4.400000000000000000e+02 0.000000000000000000e+00 6.409837340720280736e+03
3.100000000000000000e+02 4.400000000000000000e+02 0.000000000000000000e+00 6.478536370303364492e+03
3.200000000000000000e+02 4.400000000000000000e+02 0.000000000000000000e+00 6.548101507920052427e+03
3.300000000000000000e+02 4.400000000000000000e+02 0.000000000000000000e+00 6.619102017958477518e+03
3.400000000000000000e+02 4.400000000000000000e+02 0.000000000000000000e+00 6.692026890713748799e+03
3.500000000000000000e+02 4.400000000000000000e+02 0.000000000000000000e+00 6.767196938271673389e+03
3.600000000000000000e+02 4.400000000000000000e+02 0.000000000000000000e+00 6.844718896856528772e+03
3.700000000000000000e+02 4.400000000000000000e+02 0.000000000000000000e+00 6.924497536157098693e+03
3.800000000000000000e+02 4.400000000000000000e+02 0.000000000000000000e+00 7.006333776192439473e+03
3.900000000000000000e+02 4.400000000000000000e+02 -1.570796326794896558e+00 6.945025536157098031e+03
3.900000000000000000e+02 4.300000000000000000e+02 0.000000000000000000e+00 7.021483776192440018e+03
4.000000000000000000e+02 4.300000000000000000e+02 0.000000000000000000e+00 7.098734812331068497e+03
4.100000000000000000e+02 4.300000000000000000e+02 0.000000000000000000e+00 7.178852249135029524e+03
4.200000000000000000e+02 4.300000000000000000e+02 0.000000000000000000e+00 7.261652243764257037e+03
4.300000000000000000e+02 4.300000000000000000e+02 0.000000000000000000e+00 7.347273659747511374e+03
4.400000000000000000e+02 4.300000000000000000e+02 0.000000000000000000e+00 7.435798232004850433e+03
4.500000000000000000e+02 4.300000000000000000e+02 0.000000000000000000e+00 7.527198744093982896e+03
4.600000000000000000e+02 4.300000000000000000e+02 0.000000000000000000e+00 7.621395218750097229e+03
4.700000000000000000e+02 4.300000000000000000e+02 0.000000000000000000e+00 7.718305122897073488e+03
4.800000000000000000e+02 4.300000000000000000e+02 0.000000000000000000e+00 7.817889588428771276e+03
4.900000000000000000e+02 4.300000000000000000e+02 0.000000000000000000e+00 7.920157650194071721e+03
5.000000000000000000e+02 4.300000000000000000e+02 0.000000000000000000e+00 8.025160502770197127e+03
5.100000000000000000e+02 4.300000000000000000e+02 0.000000000000000000e+00 8.132971777777896932e+03
5.200000000000000000e+02 4.300000000000000000e+02 0.000000000000000000e+00 8.243691843681643149e+03
