877770.246207
392651.025696
243598.486400
239939.762308
241388.774500
244354.205956
93243.204377
90177.459468
50229.244874
45288.549129
35158.303894
24572.348684
24979.889190
27935.309811
25740.240494
27591.604107
27164.004603
27327.326574
27092.829570
25768.199289
20396.334306
21637.598728
22611.560592
22656.260320
8849.661865
8384.181256
6617.610115
7286.776848
8943.757597
8946.810596
8946.693077
9295.103847
5730.519202
5623.844649
5455.341423
5454.492174
5984.149832
5839.741537
6122.784902
5713.686271
5543.648277
5471.490351
5277.457637
5307.580688
5436.305820
5580.858637
5691.514796
5361.372914
3830.725484
3883.733119
3258.306182
3043.323477
3003.134994
3075.143263
2891.218712
2786.894410
2828.838737
2776.787410
2775.613650
2544.706868
2176.310342
2712.771784
2007.603316
2011.641801
2049.678365
1965.757996
1961.831294
1532.788721
1529.964765
1238.738525
1336.736496
1337.151169
1345.274214
1348.543200
1279.737956
1259.187116
1245.773869
1249.444570
1263.202724
1137.421315
1240.554614
1236.673126
1234.156765
1224.135409
1216.472625
1346.259176
1342.111059
1392.156077
1375.335269
1368.420488
1372.229865
1381.916221
1374.493992
1324.154966
1330.014264
1332.460612
1324.515576
1324.947132
1328.159965
1327.426773
