873920.670879
387969.082749
242775.556951
244652.377732
244984.140080
255581.250942
84582.952130
81192.610507
43723.363117
38284.667200
33765.607369
29064.602419
28786.441947
36967.000688
33446.144143
33519.771102
33784.956342
35228.057540
34339.920199
36320.083836
26798.801981
25447.839066
26695.431837
26816.816527
8707.217518
8240.511416
5982.931048
5871.515843
5456.145664
5727.955240
5730.795396
5699.574592
2962.999482
2984.741862
3096.615033
3030.493785
3121.386215
3151.151097
3332.994941
3239.246898
3294.783178
3322.737747
3349.463496
3375.307929
3755.959714
3761.749719
3779.992790
3349.573135
3804.384020
3534.083618
3492.630233
3290.627694
3143.162042
3068.878477
3046.253718
3226.310478
3087.444278
3004.108923
3008.233143
2597.118731
1296.997158
1290.913051
1295.582728
1297.230727
1187.099254
1190.931339
1169.661234
1070.823657
1110.804114
1149.568887
1152.154026
1177.733188
1152.048198
1156.290666
986.536374
954.625939
912.081656
915.682923
915.013315
940.059293
924.837316
931.632393
888.407421
888.419265
830.411392
837.212629
824.980680
812.845461
782.443635
749.807927
759.839388
760.642844
741.978110
725.795188
721.966551
727.349991
730.928572
780.045319
798.530735
776.520466
