868459.842552
389092.822766
241446.662190
243717.758833
243848.842737
253733.063223
90881.032524
85180.500802
45714.046379
38656.096748
34255.248339
31909.946836
31928.331989
35825.463816
32905.827638
32346.087106
32060.170470
33411.818086
32611.185702
33284.350565
21610.755613
20870.536302
21487.815357
20463.893159
7114.945443
7978.303951
7826.136583
7949.399518
8169.524555
7677.678103
7555.881167
7524.709151
4099.993206
3724.668678
3591.016796
3576.705677
3533.062481
3569.957338
3519.362070
3457.117654
3417.121427
3470.756341
3409.751218
3414.573399
3149.050878
3080.872478
3083.260079
2991.431174
2853.437712
2985.135719
3031.010052
2860.558626
2879.905400
2851.798548
2798.783115
2367.493997
2150.330959
2164.902030
2149.829535
2148.993042
2148.974466
2375.191488
2109.725595
2119.652134
2059.134871
2078.698067
2088.959667
1553.483766
1541.700080
1295.433332
1240.423055
1207.828084
1221.149031
1196.273966
1167.542794
1167.916639
1157.209851
1150.563236
1174.571618
972.003521
951.939045
941.081654
964.908751
956.993272
981.338949
989.480029
981.636184
981.374889
990.539365
993.058260
991.817160
1014.932090
1015.248632
1027.245169
1039.270907
1043.822774
1051.596597
969.862577
847.090185
847.996795
