1 	 9.339679e+01
2.014142e+00 	 9.280190e+01
3.028284e+00 	 9.250446e+01
4.042426e+00 	 9.113623e+01
5.056569e+00 	 9.137418e+01
6.070711e+00 	 9.095776e+01
7.084853e+00 	 9.000595e+01
8.098995e+00 	 8.887567e+01
9.113137e+00 	 8.839976e+01
1.012728e+01 	 8.828079e+01
1.114142e+01 	 8.774539e+01
1.215556e+01 	 8.720999e+01
1.316971e+01 	 8.667460e+01
1.418385e+01 	 8.512790e+01
1.519799e+01 	 8.494943e+01
1.621213e+01 	 8.494943e+01
1.722627e+01 	 8.477097e+01
1.824042e+01 	 8.429506e+01
1.925456e+01 	 8.286734e+01
2.026870e+01 	 8.108269e+01
2.128284e+01 	 7.911957e+01
2.229698e+01 	 7.810827e+01
2.331113e+01 	 7.763236e+01
2.432527e+01 	 7.733492e+01
2.533941e+01 	 7.715645e+01
2.635355e+01 	 7.679952e+01
2.736770e+01 	 7.614515e+01
2.838184e+01 	 7.549078e+01
2.939598e+01 	 7.441999e+01
3.041012e+01 	 7.311124e+01
3.142426e+01 	 7.215943e+01
3.243841e+01 	 7.085068e+01
3.345255e+01 	 6.918501e+01
3.446669e+01 	 6.799524e+01
3.548083e+01 	 6.680547e+01
3.649497e+01 	 6.597264e+01
3.750912e+01 	 6.478287e+01
3.852326e+01 	 6.436645e+01
3.953740e+01 	 6.371208e+01
4.055154e+01 	 6.287924e+01
4.156569e+01 	 6.174896e+01
4.257983e+01 	 5.990482e+01
4.359397e+01 	 5.883403e+01
4.460811e+01 	 5.758477e+01
4.562225e+01 	 5.693040e+01
4.663640e+01 	 5.603807e+01
4.765054e+01 	 5.538370e+01
4.866468e+01 	 5.437240e+01
4.967882e+01 	 5.211184e+01
5.069296e+01 	 5.104105e+01
5.170711e+01 	 5.110054e+01
5.272125e+01 	 4.973230e+01
5.373539e+01 	 4.943486e+01
5.474953e+01 	 4.848305e+01
5.576368e+01 	 4.747174e+01
5.677782e+01 	 4.705532e+01
5.779196e+01 	 5.675193e+01
5.880610e+01 	 5.645449e+01
5.982024e+01 	 5.472933e+01
6.083439e+01 	 5.104105e+01
6.184853e+01 	 4.937537e+01
6.286267e+01 	 4.967281e+01
6.387681e+01 	 4.782867e+01
6.489095e+01 	 4.985128e+01
6.590510e+01 	 5.050565e+01
6.691924e+01 	 5.014872e+01
6.793338e+01 	 4.973230e+01
6.894752e+01 	 4.770970e+01
6.996167e+01 	 4.622249e+01
7.097581e+01 	 4.669839e+01
7.198995e+01 	 4.717430e+01
7.300409e+01 	 4.675788e+01
7.401823e+01 	 4.622249e+01
7.503238e+01 	 4.610351e+01
7.604652e+01 	 4.622249e+01
7.706066e+01 	 4.628198e+01
7.807480e+01 	 4.568709e+01
7.908894e+01 	 4.449732e+01
8.010309e+01 	 4.360500e+01
8.111723e+01 	 4.378346e+01
8.213137e+01 	 4.354551e+01
8.314551e+01 	 4.312909e+01
8.415966e+01 	 4.295062e+01
8.517380e+01 	 3.920286e+01
8.618794e+01 	 3.390839e+01
8.720208e+01 	 3.557406e+01
8.821622e+01 	 3.533611e+01
8.923037e+01 	 3.468174e+01
9.024451e+01 	 3.396788e+01
9.125865e+01 	 3.295657e+01
9.227279e+01 	 3.146936e+01
9.328693e+01 	 3.182629e+01
9.430108e+01 	 3.069601e+01
9.531522e+01 	 3.069601e+01
9.632936e+01 	 3.069601e+01
9.734350e+01 	 2.998215e+01
9.835765e+01 	 2.914932e+01
9.937179e+01 	 2.920880e+01
1.003859e+02 	 2.950625e+01
1.014001e+02 	 2.950625e+01
1.024142e+02 	 2.914932e+01
1.034242e+02 	 2.914932e+01
1.044342e+02 	 2.926829e+01
1.054484e+02 	 2.938727e+01
1.064584e+02 	 2.908983e+01
1.074684e+02 	 2.908983e+01
1.084784e+02 	 2.903034e+01
1.094884e+02 	 2.903034e+01
1.104984e+02 	 2.897085e+01
1.115084e+02 	 2.897085e+01
1.125184e+02 	 2.903034e+01
1.135284e+02 	 2.903034e+01
1.145384e+02 	 2.903034e+01
1.155484e+02 	 2.897085e+01
1.165584e+02 	 2.903034e+01
1.175684e+02 	 2.897085e+01
1.185784e+02 	 2.897085e+01
1.195884e+02 	 2.903034e+01
1.205984e+02 	 2.908983e+01
1.216084e+02 	 2.908983e+01
1.226184e+02 	 2.908983e+01
1.236284e+02 	 2.908983e+01
1.246384e+02 	 2.908983e+01
1.256484e+02 	 2.914932e+01
1.266584e+02 	 2.914932e+01
1.276684e+02 	 2.914932e+01
1.286784e+02 	 2.914932e+01
1.296884e+02 	 2.914932e+01
1.306984e+02 	 2.903034e+01
1.317084e+02 	 2.897085e+01
1.327184e+02 	 2.879239e+01
1.337284e+02 	 2.855443e+01
1.347384e+02 	 2.837597e+01
1.357484e+02 	 2.837597e+01
1.367584e+02 	 2.831648e+01
1.377684e+02 	 2.825699e+01
1.387784e+02 	 2.831648e+01
1.397925e+02 	 2.819750e+01
1.408066e+02 	 2.813801e+01
1.418208e+02 	 2.819750e+01
1.428349e+02 	 2.801904e+01
1.438491e+02 	 2.778108e+01
1.448591e+02 	 2.742415e+01
1.458691e+02 	 2.676978e+01
1.468791e+02 	 2.641285e+01
1.478891e+02 	 2.599643e+01
1.488991e+02 	 2.605592e+01
1.499091e+02 	 2.611541e+01
1.509191e+02 	 2.605592e+01
1.519291e+02 	 2.599643e+01
1.529391e+02 	 2.629387e+01
1.539491e+02 	 2.617490e+01
1.549591e+02 	 2.635336e+01
1.559691e+02 	 2.688876e+01
1.569791e+02 	 2.694825e+01
1.579891e+02 	 2.718620e+01
1.589991e+02 	 2.569899e+01
1.600091e+02 	 2.409280e+01
1.610191e+02 	 2.379536e+01
1.620291e+02 	 2.361689e+01
1.630391e+02 	 2.361689e+01
1.640491e+02 	 2.385485e+01
1.650591e+02 	 2.391434e+01
1.660691e+02 	 2.391434e+01
1.670791e+02 	 2.391434e+01
1.680891e+02 	 2.349792e+01
1.690991e+02 	 2.290303e+01
1.701091e+02 	 2.189173e+01
1.711191e+02 	 1.885782e+01
1.721291e+02 	 1.879833e+01
1.731391e+02 	 1.879833e+01
1.741532e+02 	 1.873885e+01
1.751674e+02 	 1.879833e+01
1.761815e+02 	 1.873885e+01
1.771956e+02 	 1.873885e+01
1.782098e+02 	 1.879833e+01
1.792198e+02 	 1.879833e+01
1.802298e+02 	 1.873885e+01
1.812398e+02 	 1.867936e+01
1.822498e+02 	 1.867936e+01
1.832598e+02 	 1.867936e+01
1.842698e+02 	 1.867936e+01
1.852798e+02 	 1.867936e+01
1.862898e+02 	 1.867936e+01
1.872998e+02 	 1.867936e+01
1.883098e+02 	 1.867936e+01
1.893198e+02 	 1.861987e+01
1.903298e+02 	 1.861987e+01
1.913398e+02 	 1.861987e+01
1.923498e+02 	 1.861987e+01
1.933598e+02 	 1.861987e+01
1.943698e+02 	 1.861987e+01
1.953798e+02 	 1.861987e+01
1.963898e+02 	 1.861987e+01
1.973998e+02 	 1.861987e+01
1.984098e+02 	 1.861987e+01
1.994198e+02 	 1.861987e+01
2.004298e+02 	 1.850089e+01
2.014398e+02 	 1.856038e+01
2.024498e+02 	 1.844140e+01
2.034598e+02 	 1.838192e+01
2.044698e+02 	 1.832243e+01
2.054798e+02 	 1.814396e+01
2.064898e+02 	 1.802499e+01
2.074998e+02 	 1.802499e+01
2.085098e+02 	 1.802499e+01
2.095198e+02 	 1.814396e+01
2.105298e+02 	 1.808447e+01
2.115439e+02 	 1.808447e+01
2.125581e+02 	 1.808447e+01
2.135681e+02 	 1.808447e+01
2.145781e+02 	 1.808447e+01
2.155881e+02 	 1.808447e+01
2.165981e+02 	 1.808447e+01
2.176081e+02 	 1.808447e+01
2.186181e+02 	 1.808447e+01
2.196281e+02 	 1.808447e+01
2.206381e+02 	 1.802499e+01
2.216481e+02 	 1.796550e+01
2.226581e+02 	 1.784652e+01
2.236681e+02 	 1.796550e+01
2.246781e+02 	 1.790601e+01
2.256881e+02 	 1.790601e+01
2.266981e+02 	 1.790601e+01
2.277081e+02 	 1.796550e+01
2.287181e+02 	 1.808447e+01
2.297281e+02 	 1.826294e+01
2.307381e+02 	 1.760857e+01
2.317481e+02 	 1.873885e+01
2.327622e+02 	 1.915526e+01
2.337763e+02 	 1.915526e+01
2.347905e+02 	 1.915526e+01
2.358046e+02 	 1.915526e+01
2.368188e+02 	 1.927424e+01
2.378329e+02 	 1.903629e+01
2.388471e+02 	 1.861987e+01
2.398612e+02 	 1.861987e+01
2.408753e+02 	 1.850089e+01
2.418895e+02 	 1.850089e+01
2.429036e+02 	 2.052350e+01
2.439178e+02 	 2.195122e+01
2.449319e+02 	 2.343843e+01
2.459461e+02 	 2.105889e+01
2.469602e+02 	 2.201071e+01
2.479743e+02 	 2.207020e+01
2.489885e+02 	 2.177275e+01
2.500026e+02 	 2.141582e+01
2.510168e+02 	 2.082094e+01
2.520309e+02 	 2.040452e+01
2.530450e+02 	 1.951220e+01
2.540592e+02 	 1.879833e+01
2.550733e+02 	 1.879833e+01
2.560875e+02 	 1.873885e+01
2.571016e+02 	 1.873885e+01
2.581116e+02 	 1.873885e+01
2.591258e+02 	 1.873885e+01
2.601399e+02 	 1.873885e+01
2.611499e+02 	 1.867936e+01
2.621599e+02 	 1.879833e+01
2.631740e+02 	 1.879833e+01
2.641840e+02 	 1.867936e+01
2.651940e+02 	 1.861987e+01
2.662040e+02 	 1.838192e+01
2.672140e+02 	 1.826294e+01
2.682240e+02 	 1.790601e+01
2.692340e+02 	 1.760857e+01
2.702482e+02 	 1.719215e+01
2.712582e+02 	 1.713266e+01
2.722682e+02 	 1.695419e+01
2.732782e+02 	 1.695419e+01
2.742882e+02 	 1.689471e+01
2.752982e+02 	 1.695419e+01
2.763082e+02 	 1.695419e+01
2.773182e+02 	 1.695419e+01
2.783282e+02 	 1.695419e+01
2.793382e+02 	 1.695419e+01
2.803482e+02 	 1.695419e+01
2.813582e+02 	 1.695419e+01
2.823582e+02 	 1.695419e+01
2.833582e+02 	 1.695419e+01
2.843582e+02 	 1.695419e+01
2.853582e+02 	 1.695419e+01
2.863582e+02 	 1.695419e+01
2.873582e+02 	 1.695419e+01
2.883582e+02 	 1.695419e+01
2.893582e+02 	 1.695419e+01
2.903582e+02 	 1.695419e+01
2.913582e+02 	 1.695419e+01
2.923582e+02 	 1.695419e+01
2.933582e+02 	 1.695419e+01
2.943682e+02 	 1.695419e+01
2.953782e+02 	 1.695419e+01
2.963882e+02 	 1.695419e+01
2.973982e+02 	 1.695419e+01
2.984082e+02 	 1.695419e+01
2.994082e+02 	 1.695419e+01
3.004082e+02 	 1.695419e+01
3.014182e+02 	 1.695419e+01
3.024282e+02 	 1.695419e+01
3.034382e+02 	 1.695419e+01
3.044482e+02 	 1.695419e+01
3.054582e+02 	 1.701368e+01
3.064682e+02 	 1.701368e+01
3.074782e+02 	 1.695419e+01
3.084882e+02 	 1.695419e+01
3.094982e+02 	 1.695419e+01
3.105082e+02 	 1.695419e+01
3.115182e+02 	 1.695419e+01
3.125282e+02 	 1.695419e+01
3.135382e+02 	 1.695419e+01
3.145482e+02 	 1.701368e+01
3.155582e+02 	 1.701368e+01
3.165682e+02 	 1.701368e+01
3.175782e+02 	 1.701368e+01
3.185882e+02 	 1.701368e+01
3.195982e+02 	 1.701368e+01
3.206082e+02 	 1.701368e+01
3.216182e+02 	 1.701368e+01
3.226282e+02 	 1.701368e+01
3.236382e+02 	 1.701368e+01
3.246482e+02 	 1.701368e+01
3.256582e+02 	 1.701368e+01
3.266682e+02 	 1.701368e+01
3.276782e+02 	 1.701368e+01
3.286882e+02 	 1.701368e+01
3.296982e+02 	 1.689471e+01
3.307082e+02 	 1.689471e+01
3.317182e+02 	 1.665675e+01
3.327282e+02 	 1.659726e+01
3.337382e+02 	 1.641880e+01
3.347482e+02 	 1.629982e+01
3.357482e+02 	 1.618084e+01
3.367482e+02 	 1.606187e+01
3.377482e+02 	 1.606187e+01
3.387482e+02 	 1.606187e+01
3.397482e+02 	 1.606187e+01
3.407482e+02 	 1.606187e+01
3.417482e+02 	 1.606187e+01
3.427482e+02 	 1.606187e+01
3.437582e+02 	 1.606187e+01
3.447682e+02 	 1.606187e+01
3.457782e+02 	 1.606187e+01
3.467882e+02 	 1.606187e+01
3.477982e+02 	 1.606187e+01
3.488123e+02 	 1.612136e+01
3.498265e+02 	 1.612136e+01
3.508406e+02 	 1.612136e+01
3.518548e+02 	 1.618084e+01
3.528689e+02 	 1.618084e+01
3.538789e+02 	 1.618084e+01
3.548889e+02 	 1.612136e+01
3.558989e+02 	 1.618084e+01
3.569089e+02 	 1.618084e+01
3.579189e+02 	 1.624033e+01
3.589330e+02 	 1.612136e+01
3.599430e+02 	 1.588340e+01
3.609530e+02 	 1.558596e+01
3.619630e+02 	 1.552647e+01
3.629730e+02 	 1.558596e+01
3.639872e+02 	 1.558596e+01
3.650013e+02 	 1.558596e+01
3.660155e+02 	 1.558596e+01
3.670296e+02 	 1.558596e+01
3.680437e+02 	 1.552647e+01
3.690579e+02 	 1.552647e+01
3.700720e+02 	 1.552647e+01
3.710862e+02 	 1.570494e+01
3.721003e+02 	 1.516954e+01
3.731145e+02 	 1.493159e+01
3.741286e+02 	 1.481261e+01
3.751386e+02 	 1.457466e+01
3.761527e+02 	 1.409875e+01
3.771669e+02 	 1.397977e+01
3.781810e+02 	 1.374182e+01
3.791910e+02 	 1.374182e+01
3.802052e+02 	 1.374182e+01
3.812152e+02 	 1.368233e+01
3.822293e+02 	 1.368233e+01
3.832435e+02 	 1.368233e+01
3.842576e+02 	 1.368233e+01
3.852717e+02 	 1.368233e+01
3.862859e+02 	 1.368233e+01
3.873000e+02 	 1.368233e+01
3.883142e+02 	 1.368233e+01
3.893283e+02 	 1.374182e+01
3.903424e+02 	 1.374182e+01
3.913566e+02 	 1.374182e+01
3.923707e+02 	 1.374182e+01
3.933849e+02 	 1.374182e+01
3.943990e+02 	 1.374182e+01
3.954090e+02 	 1.374182e+01
3.964190e+02 	 1.374182e+01
3.974332e+02 	 1.380131e+01
3.984473e+02 	 1.380131e+01
3.994614e+02 	 1.362284e+01
4.004714e+02 	 1.356336e+01
