1 	 9.333730e+01
4.267157e+00 	 8.851874e+01
7.277132e+00 	 8.138013e+01
1.071844e+01 	 6.644854e+01
1.388177e+01 	 5.234979e+01
1.689175e+01 	 4.955384e+01
1.969452e+01 	 4.544914e+01
2.233465e+01 	 4.515170e+01
2.534462e+01 	 4.295062e+01
2.726658e+01 	 3.753718e+01
3.050264e+01 	 3.723974e+01
3.347495e+01 	 3.527662e+01
3.659391e+01 	 3.551457e+01
3.959641e+01 	 3.551457e+01
4.167808e+01 	 3.016062e+01
4.460162e+01 	 2.807852e+01
4.730162e+01 	 3.265913e+01
4.964698e+01 	 3.271862e+01
5.288305e+01 	 2.671029e+01
5.580659e+01 	 2.676978e+01
5.850659e+01 	 2.522308e+01
6.169976e+01 	 2.688876e+01
6.480214e+01 	 2.290303e+01
6.705513e+01 	 1.975015e+01
7.061638e+01 	 2.028554e+01
7.367794e+01 	 1.975015e+01
7.593093e+01 	 1.986913e+01
7.833093e+01 	 1.975015e+01
8.094648e+01 	 1.885782e+01
8.306451e+01 	 1.832243e+01
8.618348e+01 	 1.867936e+01
8.804371e+01 	 1.844140e+01
9.070804e+01 	 1.832243e+01
9.453647e+01 	 1.796550e+01
9.747812e+01 	 1.635931e+01
1.003649e+02 	 1.641880e+01
1.029774e+02 	 1.463415e+01
1.056327e+02 	 1.415824e+01
1.089927e+02 	 1.433670e+01
1.111108e+02 	 1.427722e+01
1.140755e+02 	 1.421773e+01
1.161755e+02 	 1.439619e+01
1.188755e+02 	 1.433670e+01
1.219635e+02 	 1.386080e+01
1.252439e+02 	 1.392029e+01
1.278439e+02 	 1.392029e+01
1.312852e+02 	 1.392029e+01
1.346706e+02 	 1.350387e+01
1.372830e+02 	 1.338489e+01
1.400550e+02 	 1.284949e+01
1.416207e+02 	 1.279001e+01
1.447088e+02 	 1.279001e+01
1.477606e+02 	 1.249256e+01
1.511813e+02 	 1.249256e+01
1.541049e+02 	 1.249256e+01
1.560536e+02 	 1.249256e+01
1.587506e+02 	 1.261154e+01
1.612770e+02 	 1.261154e+01
1.642770e+02 	 1.344438e+01
1.673019e+02 	 1.344438e+01
1.688118e+02 	 1.350387e+01
1.705928e+02 	 1.350387e+01
1.727928e+02 	 1.350387e+01
1.753928e+02 	 1.344438e+01
1.783241e+02 	 1.344438e+01
1.819490e+02 	 1.403926e+01
1.845983e+02 	 1.409875e+01
1.873983e+02 	 1.314694e+01
1.894181e+02 	 1.314694e+01
1.915885e+02 	 1.332540e+01
1.944674e+02 	 1.332540e+01
1.965854e+02 	 1.332540e+01
1.994212e+02 	 1.320642e+01
2.017250e+02 	 1.320642e+01
2.047866e+02 	 1.314694e+01
2.072732e+02 	 1.350387e+01
2.102757e+02 	 1.350387e+01
2.119968e+02 	 1.350387e+01
2.141630e+02 	 1.350387e+01
2.163713e+02 	 1.350387e+01
2.191740e+02 	 1.368233e+01
2.221157e+02 	 1.368233e+01
2.246157e+02 	 1.368233e+01
2.265591e+02 	 1.374182e+01
2.300004e+02 	 1.374182e+01
2.316407e+02 	 1.380131e+01
2.351863e+02 	 1.380131e+01
2.379327e+02 	 1.380131e+01
2.404851e+02 	 1.368233e+01
2.430976e+02 	 1.338489e+01
2.452638e+02 	 1.290898e+01
2.475168e+02 	 1.284949e+01
2.493770e+02 	 1.290898e+01
2.509770e+02 	 1.290898e+01
2.546019e+02 	 1.290898e+01
2.571830e+02 	 1.290898e+01
2.594830e+02 	 1.290898e+01
2.614830e+02 	 1.290898e+01
2.631233e+02 	 1.290898e+01
2.651233e+02 	 1.290898e+01
2.680650e+02 	 1.290898e+01
2.708538e+02 	 1.302796e+01
2.727758e+02 	 1.302796e+01
2.752758e+02 	 1.302796e+01
2.772758e+02 	 1.290898e+01
2.800478e+02 	 1.296847e+01
2.834891e+02 	 1.302796e+01
2.869099e+02 	 1.308745e+01
2.895099e+02 	 1.314694e+01
2.919027e+02 	 1.314694e+01
2.948952e+02 	 1.344438e+01
2.975107e+02 	 1.344438e+01
3.000728e+02 	 1.320642e+01
3.030375e+02 	 1.314694e+01
3.045375e+02 	 1.308745e+01
3.080375e+02 	 1.314694e+01
3.112306e+02 	 1.314694e+01
3.142306e+02 	 1.326591e+01
3.160850e+02 	 1.326591e+01
3.186975e+02 	 1.326591e+01
3.216975e+02 	 1.326591e+01
3.245656e+02 	 1.326591e+01
3.274524e+02 	 1.326591e+01
3.290928e+02 	 1.326591e+01
3.310977e+02 	 1.326591e+01
3.347226e+02 	 1.320642e+01
3.373351e+02 	 1.320642e+01
3.395881e+02 	 1.332540e+01
3.413691e+02 	 1.332540e+01
3.448450e+02 	 1.332540e+01
3.484699e+02 	 1.332540e+01
3.508699e+02 	 1.332540e+01
3.526509e+02 	 1.332540e+01
3.553152e+02 	 1.332540e+01
3.577712e+02 	 1.302796e+01
3.604475e+02 	 1.302796e+01
3.626475e+02 	 1.302796e+01
3.651475e+02 	 1.302796e+01
3.670420e+02 	 1.290898e+01
3.693836e+02 	 1.302796e+01
3.730743e+02 	 1.302796e+01
3.752145e+02 	 1.302796e+01
3.774145e+02 	 1.302796e+01
3.801837e+02 	 1.296847e+01
3.827961e+02 	 1.296847e+01
3.847181e+02 	 1.296847e+01
3.877181e+02 	 1.290898e+01
3.898361e+02 	 1.290898e+01
3.930565e+02 	 1.290898e+01
3.962106e+02 	 1.261154e+01
3.987337e+02 	 1.261154e+01
4.017337e+02 	 1.273052e+01
4.037237e+02 	 1.267103e+01
4.065918e+02 	 1.267103e+01
4.089918e+02 	 1.279001e+01
4.114784e+02 	 1.284949e+01
4.135830e+02 	 1.279001e+01
4.163550e+02 	 1.267103e+01
4.191989e+02 	 1.267103e+01
4.217022e+02 	 1.267103e+01
4.243147e+02 	 1.267103e+01
4.269271e+02 	 1.279001e+01
4.299862e+02 	 1.279001e+01
4.333716e+02 	 1.249256e+01
4.361716e+02 	 1.261154e+01
4.380660e+02 	 1.261154e+01
4.399716e+02 	 1.273052e+01
4.425527e+02 	 1.284949e+01
4.446929e+02 	 1.284949e+01
4.470929e+02 	 1.273052e+01
4.498817e+02 	 1.273052e+01
4.516628e+02 	 1.273052e+01
4.537628e+02 	 1.273052e+01
4.570951e+02 	 1.255205e+01
4.600598e+02 	 1.255205e+01
4.617001e+02 	 1.261154e+01
4.645441e+02 	 1.261154e+01
4.671441e+02 	 1.261154e+01
4.702056e+02 	 1.261154e+01
4.726056e+02 	 1.261154e+01
4.748862e+02 	 1.249256e+01
4.776355e+02 	 1.249256e+01
4.800915e+02 	 1.249256e+01
4.816915e+02 	 1.249256e+01
4.854502e+02 	 1.213563e+01
4.882390e+02 	 1.213563e+01
4.900992e+02 	 1.225461e+01
4.921042e+02 	 1.213563e+01
4.938253e+02 	 1.213563e+01
4.966935e+02 	 1.207615e+01
4.994655e+02 	 1.219512e+01
5.020934e+02 	 1.219512e+01
5.040833e+02 	 1.219512e+01
5.072023e+02 	 1.219512e+01
5.102023e+02 	 1.219512e+01
5.134848e+02 	 1.219512e+01
5.162876e+02 	 1.219512e+01
5.186805e+02 	 1.219512e+01
5.211805e+02 	 1.219512e+01
5.233466e+02 	 1.219512e+01
5.254647e+02 	 1.219512e+01
5.283515e+02 	 1.219512e+01
5.309794e+02 	 1.219512e+01
5.337514e+02 	 1.219512e+01
5.360242e+02 	 1.219512e+01
5.397149e+02 	 1.237359e+01
5.423641e+02 	 1.237359e+01
5.443691e+02 	 1.237359e+01
5.469816e+02 	 1.237359e+01
5.492854e+02 	 1.243308e+01
5.526937e+02 	 1.243308e+01
5.553062e+02 	 1.219512e+01
5.584993e+02 	 1.219512e+01
5.623278e+02 	 1.171921e+01
5.652066e+02 	 1.171921e+01
5.679559e+02 	 1.177870e+01
5.703877e+02 	 1.177870e+01
5.733524e+02 	 1.177870e+01
5.759925e+02 	 1.189768e+01
5.788364e+02 	 1.189768e+01
5.819244e+02 	 1.189768e+01
5.840425e+02 	 1.189768e+01
5.869293e+02 	 1.177870e+01
5.898606e+02 	 1.177870e+01
5.934778e+02 	 1.177870e+01
5.959812e+02 	 1.177870e+01
5.977622e+02 	 1.177870e+01
5.998802e+02 	 1.177870e+01
6.028012e+02 	 1.177870e+01
6.058260e+02 	 1.177870e+01
6.084072e+02 	 1.177870e+01
6.099171e+02 	 1.177870e+01
6.129295e+02 	 1.177870e+01
6.161967e+02 	 1.160024e+01
6.183147e+02 	 1.171921e+01
6.217355e+02 	 1.171921e+01
6.236574e+02 	 1.171921e+01
6.268115e+02 	 1.171921e+01
6.297531e+02 	 1.171921e+01
6.313934e+02 	 1.171921e+01
6.332537e+02 	 1.165973e+01
6.347537e+02 	 1.165973e+01
6.375785e+02 	 1.165973e+01
6.399677e+02 	 1.165973e+01
6.421677e+02 	 1.165973e+01
6.439488e+02 	 1.165973e+01
6.468723e+02 	 1.165973e+01
6.496415e+02 	 1.165973e+01
6.512818e+02 	 1.165973e+01
6.539847e+02 	 1.177870e+01
6.557658e+02 	 1.171921e+01
6.580696e+02 	 1.160024e+01
6.603734e+02 	 1.165973e+01
6.626773e+02 	 1.165973e+01
6.656420e+02 	 1.165973e+01
6.682451e+02 	 1.165973e+01
6.708575e+02 	 1.171921e+01
6.743575e+02 	 1.171921e+01
6.762575e+02 	 1.171921e+01
6.792575e+02 	 1.171921e+01
6.809787e+02 	 1.171921e+01
6.828731e+02 	 1.171921e+01
6.857412e+02 	 1.195717e+01
6.879412e+02 	 1.195717e+01
6.910436e+02 	 1.195717e+01
6.931207e+02 	 1.195717e+01
6.951977e+02 	 1.195717e+01
6.981977e+02 	 1.219512e+01
7.013909e+02 	 1.219512e+01
7.033128e+02 	 1.219512e+01
7.065600e+02 	 1.177870e+01
7.087600e+02 	 1.177870e+01
7.104003e+02 	 1.177870e+01
7.138762e+02 	 1.171921e+01
7.166454e+02 	 1.171921e+01
7.187454e+02 	 1.177870e+01
7.218478e+02 	 1.177870e+01
7.237965e+02 	 1.177870e+01
7.275551e+02 	 1.177870e+01
7.298081e+02 	 1.177870e+01
7.315152e+02 	 1.177870e+01
7.345743e+02 	 1.177870e+01
7.367743e+02 	 1.189768e+01
7.395435e+02 	 1.195717e+01
7.430930e+02 	 1.195717e+01
7.446761e+02 	 1.195717e+01
7.472792e+02 	 1.183819e+01
7.491792e+02 	 1.177870e+01
7.522016e+02 	 1.183819e+01
7.547572e+02 	 1.183819e+01
7.569277e+02 	 1.183819e+01
7.604117e+02 	 1.183819e+01
7.628329e+02 	 1.183819e+01
7.648379e+02 	 1.183819e+01
7.670421e+02 	 1.189768e+01
7.697538e+02 	 1.189768e+01
7.713941e+02 	 1.189768e+01
7.736941e+02 	 1.189768e+01
7.770265e+02 	 1.195717e+01
7.801736e+02 	 1.195717e+01
7.818947e+02 	 1.195717e+01
7.841596e+02 	 1.201666e+01
7.877769e+02 	 1.201666e+01
7.900807e+02 	 1.201666e+01
7.931422e+02 	 1.201666e+01
7.959143e+02 	 1.171921e+01
7.988116e+02 	 1.171921e+01
8.009821e+02 	 1.171921e+01
8.034381e+02 	 1.171921e+01
8.064028e+02 	 1.171921e+01
8.093953e+02 	 1.165973e+01
8.113172e+02 	 1.171921e+01
8.142146e+02 	 1.165973e+01
8.162046e+02 	 1.171921e+01
8.184046e+02 	 1.165973e+01
8.213046e+02 	 1.165973e+01
8.242970e+02 	 1.165973e+01
8.274231e+02 	 1.154075e+01
8.304822e+02 	 1.154075e+01
8.334238e+02 	 1.154075e+01
8.353458e+02 	 1.154075e+01
8.382771e+02 	 1.160024e+01
8.406188e+02 	 1.160024e+01
8.438391e+02 	 1.154075e+01
8.456201e+02 	 1.148126e+01
8.485069e+02 	 1.148126e+01
8.512069e+02 	 1.148126e+01
8.546153e+02 	 1.148126e+01
8.570153e+02 	 1.148126e+01
8.601033e+02 	 1.148126e+01
8.619518e+02 	 1.136228e+01
8.647407e+02 	 1.142177e+01
8.668407e+02 	 1.136228e+01
8.693273e+02 	 1.136228e+01
8.716426e+02 	 1.112433e+01
8.743890e+02 	 1.112433e+01
8.765890e+02 	 1.106484e+01
8.795915e+02 	 1.124331e+01
8.817317e+02 	 1.124331e+01
8.840355e+02 	 1.124331e+01
8.873377e+02 	 1.118382e+01
8.902794e+02 	 1.118382e+01
8.918451e+02 	 1.118382e+01
8.944071e+02 	 1.118382e+01
8.972099e+02 	 1.118382e+01
8.988502e+02 	 1.118382e+01
9.007104e+02 	 1.118382e+01
9.026324e+02 	 1.112433e+01
9.055350e+02 	 1.112433e+01
9.080115e+02 	 1.112433e+01
9.108500e+02 	 1.112433e+01
9.135500e+02 	 1.112433e+01
9.152571e+02 	 1.112433e+01
9.174777e+02 	 1.082689e+01
9.211685e+02 	 1.076740e+01
9.241933e+02 	 1.088638e+01
9.261832e+02 	 1.076740e+01
9.288920e+02 	 1.076740e+01
9.313787e+02 	 1.076740e+01
9.334787e+02 	 1.082689e+01
9.352849e+02 	 1.082689e+01
9.384038e+02 	 1.082689e+01
9.419038e+02 	 1.082689e+01
9.438887e+02 	 1.082689e+01
9.468304e+02 	 1.082689e+01
9.494796e+02 	 1.082689e+01
9.521796e+02 	 1.082689e+01
9.555838e+02 	 1.070791e+01
9.589921e+02 	 1.070791e+01
9.619846e+02 	 1.070791e+01
9.640286e+02 	 1.070791e+01
9.667750e+02 	 1.064842e+01
9.689792e+02 	 1.064842e+01
9.708277e+02 	 1.064842e+01
9.738893e+02 	 1.064842e+01
9.757948e+02 	 1.064842e+01
9.784104e+02 	 1.064842e+01
9.813751e+02 	 1.064842e+01
9.851337e+02 	 1.064842e+01
9.872153e+02 	 1.064842e+01
9.903624e+02 	 1.064842e+01
9.926624e+02 	 1.064842e+01
9.953117e+02 	 1.064842e+01
9.981474e+02 	 1.064842e+01
1.000447e+03 	 1.064842e+01
1.002369e+03 	 1.064842e+01
1.005509e+03 	 1.064842e+01
1.007909e+03 	 1.088638e+01
1.009831e+03 	 1.088638e+01
1.013590e+03 	 1.088638e+01
1.015371e+03 	 1.088638e+01
1.017858e+03 	 1.088638e+01
1.020334e+03 	 1.088638e+01
1.022734e+03 	 1.088638e+01
1.024583e+03 	 1.088638e+01
1.026883e+03 	 1.088638e+01
1.030500e+03 	 1.070791e+01
1.033802e+03 	 1.070791e+01
1.036102e+03 	 1.070791e+01
1.038107e+03 	 1.070791e+01
1.040407e+03 	 1.088638e+01
1.043349e+03 	 1.088638e+01
1.045649e+03 	 1.094587e+01
1.047949e+03 	 1.094587e+01
1.051010e+03 	 1.094587e+01
1.053975e+03 	 1.076740e+01
1.056967e+03 	 1.070791e+01
1.060029e+03 	 1.070791e+01
1.062014e+03 	 1.070791e+01
1.064279e+03 	 1.070791e+01
1.066735e+03 	 1.070791e+01
1.069971e+03 	 1.070791e+01
1.072874e+03 	 1.082689e+01
1.074992e+03 	 1.082689e+01
1.077656e+03 	 1.076740e+01
1.080356e+03 	 1.082689e+01
1.082063e+03 	 1.082689e+01
1.085073e+03 	 1.082689e+01
1.087909e+03 	 1.082689e+01
1.090309e+03 	 1.082689e+01
1.092509e+03 	 1.082689e+01
1.095353e+03 	 1.082689e+01
1.097519e+03 	 1.070791e+01
1.099922e+03 	 1.070791e+01
1.101844e+03 	 1.088638e+01
1.103693e+03 	 1.094587e+01
1.105615e+03 	 1.094587e+01
1.107715e+03 	 1.076740e+01
1.110657e+03 	 1.076740e+01
1.112438e+03 	 1.076740e+01
1.115281e+03 	 1.064842e+01
1.118125e+03 	 1.064842e+01
1.120425e+03 	 1.064842e+01
1.123673e+03 	 1.058894e+01
1.126381e+03 	 1.058894e+01
1.128602e+03 	 1.058894e+01
1.131749e+03 	 1.058894e+01
1.133249e+03 	 1.058894e+01
1.135802e+03 	 1.058894e+01
1.138258e+03 	 1.058894e+01
1.141058e+03 	 1.052945e+01
1.144462e+03 	 1.052945e+01
1.146356e+03 	 1.052945e+01
1.149200e+03 	 1.052945e+01
1.151404e+03 	 1.052945e+01
1.153704e+03 	 1.052945e+01
1.156729e+03 	 1.052945e+01
1.158651e+03 	 1.052945e+01
1.161055e+03 	 1.052945e+01
1.163965e+03 	 1.052945e+01
1.167656e+03 	 1.052945e+01
1.170621e+03 	 1.052945e+01
1.173814e+03 	 1.052945e+01
1.176755e+03 	 1.052945e+01
1.179525e+03 	 1.052945e+01
1.182525e+03 	 1.052945e+01
1.184828e+03 	 1.052945e+01
1.187188e+03 	 1.052945e+01
1.188995e+03 	 1.052945e+01
1.191495e+03 	 1.064842e+01
1.193884e+03 	 1.064842e+01
1.197571e+03 	 1.064842e+01
1.200513e+03 	 1.070791e+01
1.202813e+03 	 1.070791e+01
1.205615e+03 	 1.070791e+01
1.208734e+03 	 1.070791e+01
1.211149e+03 	 1.070791e+01
1.213798e+03 	 1.070791e+01
1.216698e+03 	 1.070791e+01
1.219700e+03 	 1.058894e+01
1.222680e+03 	 1.058894e+01
1.224602e+03 	 1.058894e+01
1.226902e+03 	 1.058894e+01
1.229671e+03 	 1.058894e+01
1.232418e+03 	 1.058894e+01
1.235305e+03 	 1.058894e+01
1.237665e+03 	 1.058894e+01
1.241423e+03 	 1.058894e+01
1.243204e+03 	 1.058894e+01
1.245404e+03 	 1.052945e+01
1.248652e+03 	 1.052945e+01
1.251360e+03 	 1.052945e+01
1.254922e+03 	 1.052945e+01
1.257642e+03 	 1.052945e+01
1.259760e+03 	 1.052945e+01
1.263007e+03 	 1.052945e+01
1.264929e+03 	 1.052945e+01
1.268688e+03 	 1.052945e+01
1.270409e+03 	 1.052945e+01
1.273058e+03 	 1.052945e+01
1.276098e+03 	 1.052945e+01
1.278867e+03 	 1.052945e+01
1.282063e+03 	 1.052945e+01
1.285423e+03 	 1.052945e+01
1.288320e+03 	 1.052945e+01
1.291408e+03 	 1.052945e+01
1.293753e+03 	 1.052945e+01
1.295753e+03 	 1.052945e+01
1.297953e+03 	 1.052945e+01
1.299715e+03 	 1.052945e+01
1.303402e+03 	 1.052945e+01
1.306042e+03 	 1.052945e+01
1.308984e+03 	 1.052945e+01
1.312601e+03 	 1.052945e+01
1.314523e+03 	 1.052945e+01
1.316523e+03 	 1.052945e+01
1.319410e+03 	 1.052945e+01
1.322550e+03 	 1.046996e+01
1.324133e+03 	 1.058894e+01
1.326633e+03 	 1.052945e+01
1.328937e+03 	 1.052945e+01
1.331278e+03 	 1.052945e+01
1.333671e+03 	 1.052945e+01
1.337233e+03 	 1.052945e+01
1.339233e+03 	 1.052945e+01
1.341533e+03 	 1.052945e+01
1.344173e+03 	 1.052945e+01
1.347798e+03 	 1.058894e+01
1.350098e+03 	 1.058894e+01
1.351879e+03 	 1.058894e+01
1.354441e+03 	 1.064842e+01
1.357382e+03 	 1.064842e+01
1.360375e+03 	 1.058894e+01
1.363400e+03 	 1.058894e+01
1.365322e+03 	 1.058894e+01
1.368286e+03 	 1.058894e+01
1.370686e+03 	 1.058894e+01
1.373686e+03 	 1.058894e+01
1.376774e+03 	 1.058894e+01
1.380107e+03 	 1.058894e+01
1.382507e+03 	 1.052945e+01
1.385839e+03 	 1.052945e+01
1.388143e+03 	 1.052945e+01
1.389924e+03 	 1.052945e+01
1.392670e+03 	 1.052945e+01
1.396079e+03 	 1.052945e+01
1.398468e+03 	 1.052945e+01
1.400900e+03 	 1.052945e+01
1.403215e+03 	 1.052945e+01
1.406334e+03 	 1.052945e+01
1.409529e+03 	 1.052945e+01
1.412416e+03 	 1.052945e+01
1.415125e+03 	 1.052945e+01
1.417928e+03 	 1.052945e+01
1.419568e+03 	 1.052945e+01
1.422471e+03 	 1.052945e+01
1.425666e+03 	 1.052945e+01
1.428728e+03 	 1.052945e+01
1.431816e+03 	 1.052945e+01
1.433821e+03 	 1.052945e+01
1.435627e+03 	 1.052945e+01
1.438619e+03 	 1.052945e+01
1.440426e+03 	 1.052945e+01
1.443172e+03 	 1.052945e+01
1.446319e+03 	 1.052945e+01
1.449803e+03 	 1.052945e+01
1.452137e+03 	 1.046996e+01
1.453746e+03 	 1.046996e+01
1.456232e+03 	 1.046996e+01
1.458176e+03 	 1.046996e+01
1.460922e+03 	 1.046996e+01
1.462844e+03 	 1.046996e+01
1.465044e+03 	 1.046996e+01
1.468803e+03 	 1.046996e+01
1.471443e+03 	 1.046996e+01
1.474152e+03 	 1.046996e+01
1.477213e+03 	 1.046996e+01
1.479555e+03 	 1.046996e+01
1.482975e+03 	 1.046996e+01
1.485052e+03 	 1.046996e+01
1.486774e+03 	 1.046996e+01
1.490532e+03 	 1.046996e+01
1.492736e+03 	 1.046996e+01
1.495660e+03 	 1.046996e+01
1.498406e+03 	 1.052945e+01
1.500906e+03 	 1.052945e+01
1.504665e+03 	 1.052945e+01
1.507007e+03 	 1.052945e+01
1.510274e+03 	 1.052945e+01
1.511981e+03 	 1.052945e+01
1.514285e+03 	 1.046996e+01
1.517287e+03 	 1.046996e+01
1.519591e+03 	 1.046996e+01
1.522976e+03 	 1.046996e+01
1.524825e+03 	 1.046996e+01
1.527669e+03 	 1.046996e+01
1.530661e+03 	 1.046996e+01
1.532583e+03 	 1.046996e+01
1.535576e+03 	 1.046996e+01
1.537498e+03 	 1.046996e+01
1.539483e+03 	 1.046996e+01
1.541468e+03 	 1.046996e+01
1.543871e+03 	 1.046996e+01
1.546264e+03 	 1.046996e+01
1.548964e+03 	 1.046996e+01
1.552211e+03 	 1.046996e+01
1.554776e+03 	 1.046996e+01
1.557786e+03 	 1.046996e+01
1.559918e+03 	 1.046996e+01
1.563252e+03 	 1.046996e+01
1.565855e+03 	 1.046996e+01
1.568755e+03 	 1.046996e+01
1.571525e+03 	 1.046996e+01
1.573928e+03 	 1.046996e+01
1.576990e+03 	 1.046996e+01
1.580015e+03 	 1.046996e+01
1.582020e+03 	 1.046996e+01
1.584543e+03 	 1.046996e+01
1.586884e+03 	 1.046996e+01
1.589884e+03 	 1.046996e+01
1.591733e+03 	 1.046996e+01
1.595118e+03 	 1.046996e+01
1.597339e+03 	 1.046996e+01
1.599324e+03 	 1.046996e+01
1.601130e+03 	 1.046996e+01
1.603682e+03 	 1.046996e+01
1.606024e+03 	 1.046996e+01
1.608106e+03 	 1.046996e+01
1.610406e+03 	 1.046996e+01
1.613152e+03 	 1.041047e+01
1.615252e+03 	 1.029149e+01
1.617612e+03 	 1.029149e+01
1.620972e+03 	 1.029149e+01
1.623272e+03 	 1.029149e+01
1.625749e+03 	 1.029149e+01
1.627420e+03 	 1.029149e+01
1.629586e+03 	 1.029149e+01
1.632062e+03 	 1.029149e+01
1.634873e+03 	 1.029149e+01
1.637397e+03 	 1.029149e+01
1.638997e+03 	 1.029149e+01
1.642755e+03 	 1.029149e+01
1.645278e+03 	 1.029149e+01
1.647085e+03 	 1.029149e+01
1.649725e+03 	 1.029149e+01
1.651647e+03 	 1.029149e+01
1.655272e+03 	 1.029149e+01
1.656872e+03 	 1.029149e+01
1.659453e+03 	 1.029149e+01
1.662313e+03 	 1.029149e+01
1.664702e+03 	 1.029149e+01
1.666624e+03 	 1.029149e+01
1.669984e+03 	 1.029149e+01
1.671765e+03 	 1.029149e+01
1.673765e+03 	 1.029149e+01
1.676707e+03 	 1.029149e+01
1.680092e+03 	 1.029149e+01
1.681941e+03 	 1.029149e+01
1.685043e+03 	 1.029149e+01
1.686683e+03 	 1.029149e+01
1.689708e+03 	 1.023200e+01
1.692770e+03 	 1.023200e+01
1.695070e+03 	 1.029149e+01
1.696970e+03 	 1.029149e+01
1.699880e+03 	 1.029149e+01
1.702767e+03 	 1.029149e+01
1.706030e+03 	 1.029149e+01
1.709415e+03 	 1.029149e+01
1.711847e+03 	 1.029149e+01
1.715232e+03 	 1.029149e+01
1.718320e+03 	 1.029149e+01
1.721323e+03 	 1.029149e+01
1.723765e+03 	 1.029149e+01
1.726474e+03 	 1.029149e+01
1.729384e+03 	 1.029149e+01
1732 	 1.029149e+01
1.734965e+03 	 1.029149e+01
1.737357e+03 	 1.029149e+01
1.739857e+03 	 1.029149e+01
1.742122e+03 	 1.023200e+01
1.744966e+03 	 1.023200e+01
1.747939e+03 	 1.023200e+01
1.750239e+03 	 1.023200e+01
1.752439e+03 	 1.023200e+01
1.754444e+03 	 1.029149e+01
1.757155e+03 	 1.029149e+01
1.760195e+03 	 1.029149e+01
1.762001e+03 	 1.029149e+01
1.764101e+03 	 1.029149e+01
1.767788e+03 	 1.029149e+01
1.769694e+03 	 1.029149e+01
1.772694e+03 	 1.029149e+01
1.775755e+03 	 1.029149e+01
1.777921e+03 	 1.029149e+01
1.780039e+03 	 1.029149e+01
1.782495e+03 	 1.029149e+01
1.785480e+03 	 1.029149e+01
1.787685e+03 	 1.029149e+01
1.790878e+03 	 1.029149e+01
1.793587e+03 	 1.029149e+01
1.795308e+03 	 1.029149e+01
1.798318e+03 	 1.029149e+01
1.801067e+03 	 1.017252e+01
1.803619e+03 	 1.023200e+01
1.805619e+03 	 1.023200e+01
1.808340e+03 	 1.023200e+01
1.810593e+03 	 1.023200e+01
1.812441e+03 	 1.023200e+01
1.814928e+03 	 1.017252e+01
1.817288e+03 	 1.017252e+01
1.819916e+03 	 1.017252e+01
1.822997e+03 	 1.017252e+01
1.825552e+03 	 1.017252e+01
1.828562e+03 	 1.023200e+01
1.831271e+03 	 1.023200e+01
1.834390e+03 	 1.023200e+01
1.837234e+03 	 1.023200e+01
1.839278e+03 	 1.023200e+01
1.842471e+03 	 1.023200e+01
1.844611e+03 	 1.023200e+01
1.847673e+03 	 1.035098e+01
1.850066e+03 	 1.035098e+01
1.852487e+03 	 1.035098e+01
1.855689e+03 	 1.035098e+01
1.857989e+03 	 1.035098e+01
1.860989e+03 	 1.041047e+01
1.863189e+03 	 1.041047e+01
1.864910e+03 	 1.041047e+01
1.866910e+03 	 1.041047e+01
1.869245e+03 	 1.041047e+01
1.871363e+03 	 1.041047e+01
1.873667e+03 	 1.041047e+01
1.875428e+03 	 1.041047e+01
1.878813e+03 	 1.041047e+01
1.882234e+03 	 1.041047e+01
1.885481e+03 	 1.041047e+01
1.887622e+03 	 1.041047e+01
1.890644e+03 	 1.041047e+01
1.893541e+03 	 1.041047e+01
1.895269e+03 	 1.035098e+01
1.897946e+03 	 1.035098e+01
1.900595e+03 	 1.035098e+01
1.903051e+03 	 1.035098e+01
1.904772e+03 	 1.035098e+01
1.907860e+03 	 1.035098e+01
1.910649e+03 	 1.035098e+01
1.913559e+03 	 1.035098e+01
1.915949e+03 	 1.035098e+01
1.918880e+03 	 1.041047e+01
1.921999e+03 	 1.041047e+01
1.924199e+03 	 1.041047e+01
1.926299e+03 	 1.041047e+01
1.929799e+03 	 1.041047e+01
1.932399e+03 	 1.041047e+01
1.934476e+03 	 1.041047e+01
1.936398e+03 	 1.041047e+01
1.939178e+03 	 1.041047e+01
1.942620e+03 	 1.041047e+01
1.944228e+03 	 1.041047e+01
1.947149e+03 	 1.041047e+01
1.950557e+03 	 1.041047e+01
1.952587e+03 	 1.041047e+01
1.955780e+03 	 1.041047e+01
1.957984e+03 	 1.041047e+01
1.960384e+03 	 1.041047e+01
1.963446e+03 	 1.041047e+01
1.966639e+03 	 1.041047e+01
1.969071e+03 	 1.041047e+01
1.970778e+03 	 1.041047e+01
1.973254e+03 	 1.041047e+01
1.976306e+03 	 1.035098e+01
1.979638e+03 	 1.035098e+01
1.982279e+03 	 1.035098e+01
1.985405e+03 	 1.035098e+01
1.987905e+03 	 1.035098e+01
1.991172e+03 	 1.035098e+01
1.994672e+03 	 1.035098e+01
1.997441e+03 	 1.035098e+01
1.999873e+03 	 1.035098e+01
2.001816e+03 	 1.035098e+01
