1 	 9.333730e+01
2.141421e+00 	 9.345628e+01
3.282843e+00 	 9.280190e+01
4.424264e+00 	 9.214753e+01
5.565685e+00 	 9.220702e+01
6.707107e+00 	 9.161214e+01
7.848528e+00 	 9.137418e+01
8.989949e+00 	 9.107674e+01
1.013137e+01 	 9.071981e+01
1.127279e+01 	 9.440809e+01
1.241421e+01 	 9.405116e+01
1.355563e+01 	 9.440809e+01
1.469706e+01 	 9.458656e+01
1.583848e+01 	 8.655562e+01
1.697990e+01 	 8.780488e+01
1.812132e+01 	 8.667460e+01
1.926274e+01 	 8.602023e+01
2.040416e+01 	 8.649613e+01
2.154558e+01 	 8.732897e+01
2.268701e+01 	 8.792385e+01
2.382843e+01 	 8.780488e+01
2.496985e+01 	 8.697204e+01
2.611127e+01 	 8.613920e+01
2.725269e+01 	 8.512790e+01
2.839411e+01 	 8.375967e+01
2.953553e+01 	 8.179655e+01
3.067696e+01 	 8.048780e+01
3.181838e+01 	 8.001190e+01
3.295980e+01 	 7.917906e+01
3.410122e+01 	 7.929804e+01
3.524264e+01 	 7.929804e+01
3.638406e+01 	 7.923855e+01
3.748406e+01 	 7.906008e+01
3.858406e+01 	 7.870315e+01
3.972548e+01 	 7.769185e+01
4.086690e+01 	 7.668055e+01
4.200833e+01 	 7.572873e+01
4.314975e+01 	 7.447948e+01
4.429117e+01 	 7.323022e+01
4.543259e+01 	 7.209994e+01
4.657401e+01 	 7.174301e+01
4.771543e+01 	 7.174301e+01
4.885685e+01 	 7.174301e+01
4.999828e+01 	 7.174301e+01
5.109828e+01 	 7.174301e+01
5.219828e+01 	 7.162403e+01
5.329828e+01 	 7.174301e+01
5.439828e+01 	 7.174301e+01
5.549828e+01 	 7.180250e+01
5.659828e+01 	 7.180250e+01
5.769828e+01 	 7.180250e+01
5.879828e+01 	 7.180250e+01
5.989828e+01 	 7.186199e+01
6.099828e+01 	 7.162403e+01
6.209828e+01 	 7.144557e+01
6.319828e+01 	 7.138608e+01
6.429828e+01 	 7.144557e+01
6.539828e+01 	 7.126710e+01
6.653970e+01 	 7.168352e+01
6.768112e+01 	 7.192148e+01
6.882254e+01 	 7.085068e+01
6.996396e+01 	 6.864961e+01
7.110538e+01 	 6.621059e+01
7.224680e+01 	 6.341463e+01
7.338823e+01 	 6.323617e+01
7.452965e+01 	 6.424747e+01
7.567107e+01 	 6.519929e+01
7.681249e+01 	 6.627008e+01
7.795391e+01 	 6.632957e+01
7.909533e+01 	 6.656752e+01
8.023675e+01 	 6.644854e+01
8.137817e+01 	 6.555622e+01
8.251960e+01 	 6.174896e+01
8.366102e+01 	 6.026175e+01
8.480244e+01 	 6.002380e+01
8.594386e+01 	 6.008328e+01
8.708528e+01 	 5.877454e+01
8.822670e+01 	 5.841761e+01
8.936812e+01 	 5.883403e+01
9.050955e+01 	 5.835812e+01
9.165097e+01 	 5.728733e+01
9.279239e+01 	 5.645449e+01
9.393381e+01 	 5.597858e+01
9.507523e+01 	 5.526472e+01
9.617523e+01 	 5.508626e+01
9.727523e+01 	 5.478882e+01
9.837523e+01 	 5.437240e+01
9.947523e+01 	 5.413444e+01
1.005752e+02 	 5.407496e+01
1.016752e+02 	 5.419393e+01
1.027752e+02 	 5.389649e+01
1.038752e+02 	 5.348007e+01
1.049752e+02 	 5.324212e+01
1.060752e+02 	 5.294468e+01
1.071752e+02 	 5.264723e+01
1.082752e+02 	 5.252826e+01
1.093752e+02 	 5.264723e+01
1.104752e+02 	 5.276621e+01
1.115752e+02 	 5.294468e+01
1.126752e+02 	 5.270672e+01
1.138167e+02 	 5.139798e+01
1.149581e+02 	 5.282570e+01
1.160995e+02 	 5.175491e+01
1.172409e+02 	 5.175491e+01
1.183823e+02 	 5.217133e+01
1.195238e+02 	 5.205235e+01
1.206652e+02 	 5.169542e+01
1.218066e+02 	 5.133849e+01
1.229480e+02 	 5.157644e+01
1.240894e+02 	 5.169542e+01
1.251894e+02 	 5.175491e+01
1.262894e+02 	 5.181440e+01
1.274309e+02 	 5.181440e+01
1.285723e+02 	 5.181440e+01
1.297137e+02 	 5.181440e+01
1.308551e+02 	 5.181440e+01
1.319966e+02 	 5.062463e+01
1.331380e+02 	 4.854253e+01
1.342794e+02 	 4.646044e+01
1.354208e+02 	 4.503272e+01
1.365622e+02 	 4.491374e+01
1.377037e+02 	 4.562760e+01
1.388451e+02 	 4.580607e+01
1.399865e+02 	 4.312909e+01
1.411279e+02 	 3.569304e+01
1.422693e+02 	 3.664485e+01
1.434108e+02 	 4.003569e+01
1.445522e+02 	 4.134444e+01
1.456936e+02 	 4.158239e+01
1.468350e+02 	 4.146341e+01
1.479765e+02 	 4.069007e+01
1.491179e+02 	 3.950030e+01
1.502593e+02 	 3.848899e+01
1.514007e+02 	 3.658537e+01
1.525421e+02 	 3.515764e+01
1.536836e+02 	 3.539560e+01
1.548250e+02 	 3.521713e+01
1.559664e+02 	 3.515764e+01
1.571078e+02 	 3.527662e+01
1.582492e+02 	 3.515764e+01
1.593492e+02 	 3.533611e+01
1.604492e+02 	 3.533611e+01
1.615492e+02 	 3.527662e+01
1.626492e+02 	 3.527662e+01
1.637492e+02 	 3.515764e+01
1.648492e+02 	 3.515764e+01
1.659492e+02 	 3.515764e+01
1.670492e+02 	 3.509816e+01
1.681492e+02 	 3.515764e+01
1.692492e+02 	 3.509816e+01
1.703492e+02 	 3.509816e+01
1.714492e+02 	 3.509816e+01
1.725492e+02 	 3.509816e+01
1.736492e+02 	 3.503867e+01
1.747492e+02 	 3.509816e+01
1.758492e+02 	 3.480071e+01
1.769492e+02 	 3.474123e+01
1.780492e+02 	 3.468174e+01
1.791492e+02 	 3.468174e+01
1.802492e+02 	 3.462225e+01
1.813492e+02 	 3.456276e+01
1.824492e+02 	 3.456276e+01
1.835492e+02 	 3.456276e+01
1.846492e+02 	 3.456276e+01
1.857492e+02 	 3.462225e+01
1.868492e+02 	 3.462225e+01
1.879492e+02 	 3.456276e+01
1.890492e+02 	 3.456276e+01
1.901492e+02 	 3.456276e+01
1.912492e+02 	 3.456276e+01
1.923492e+02 	 3.456276e+01
1.934492e+02 	 3.456276e+01
1.945492e+02 	 3.456276e+01
1.956492e+02 	 3.432481e+01
1.967492e+02 	 3.438430e+01
1.978492e+02 	 3.426532e+01
1.988492e+02 	 3.414634e+01
1.998492e+02 	 3.402736e+01
2.008492e+02 	 3.402736e+01
2.018492e+02 	 3.396788e+01
2.028492e+02 	 3.396788e+01
2.038492e+02 	 3.396788e+01
2.049492e+02 	 3.396788e+01
2.060492e+02 	 3.396788e+01
2.071907e+02 	 3.390839e+01
2.083321e+02 	 3.384890e+01
2.094735e+02 	 3.390839e+01
2.106149e+02 	 3.367043e+01
2.117563e+02 	 3.378941e+01
2.128563e+02 	 3.384890e+01
2.139978e+02 	 3.384890e+01
2.149978e+02 	 3.384890e+01
2.161392e+02 	 3.378941e+01
2.172806e+02 	 3.384890e+01
2.184220e+02 	 3.372992e+01
2.195635e+02 	 3.372992e+01
2.206635e+02 	 3.372992e+01
2.218049e+02 	 3.372992e+01
2.229049e+02 	 3.372992e+01
2.240049e+02 	 3.372992e+01
2.251049e+02 	 3.372992e+01
2.262049e+02 	 3.372992e+01
2.273049e+02 	 3.372992e+01
2.284049e+02 	 3.372992e+01
2.295463e+02 	 3.372992e+01
2.306877e+02 	 3.367043e+01
2.318291e+02 	 3.355146e+01
2.329706e+02 	 3.331350e+01
2.341120e+02 	 3.295657e+01
2.352534e+02 	 3.254015e+01
2.363948e+02 	 3.206425e+01
2.375362e+02 	 3.135039e+01
2.386777e+02 	 2.974420e+01
2.398191e+02 	 2.980369e+01
2.409605e+02 	 3.194527e+01
2.421019e+02 	 3.271862e+01
2.432434e+02 	 3.277811e+01
2.443848e+02 	 3.218322e+01
2.455262e+02 	 3.188578e+01
2.466676e+02 	 2.569899e+01
2.478090e+02 	 3.004164e+01
2.489505e+02 	 2.867341e+01
2.500919e+02 	 2.926829e+01
2.512333e+02 	 2.903034e+01
2.523747e+02 	 3.700178e+01
2.535161e+02 	 3.729923e+01
2.546576e+02 	 3.777513e+01
2.557576e+02 	 3.747769e+01
2.568576e+02 	 3.670434e+01
2.579990e+02 	 3.622844e+01
2.591404e+02 	 3.593099e+01
2.602404e+02 	 3.599048e+01
2.613404e+02 	 3.593099e+01
2.624404e+02 	 3.587151e+01
2.635404e+02 	 3.575253e+01
2.646404e+02 	 3.569304e+01
2.657404e+02 	 3.563355e+01
2.668404e+02 	 3.557406e+01
2.679404e+02 	 3.551457e+01
2.690404e+02 	 3.551457e+01
2.701404e+02 	 3.557406e+01
2.712404e+02 	 3.539560e+01
2.723404e+02 	 3.503867e+01
2.734404e+02 	 3.480071e+01
2.744404e+02 	 3.468174e+01
2.754404e+02 	 3.468174e+01
2.765404e+02 	 3.468174e+01
2.776404e+02 	 3.468174e+01
2.787404e+02 	 3.468174e+01
2.798818e+02 	 3.468174e+01
2.810233e+02 	 3.468174e+01
2.821647e+02 	 3.456276e+01
2.833061e+02 	 3.450327e+01
2.844061e+02 	 3.444378e+01
2.855061e+02 	 3.432481e+01
2.866475e+02 	 3.432481e+01
2.877889e+02 	 3.438430e+01
2.889304e+02 	 3.438430e+01
2.900718e+02 	 3.438430e+01
2.912132e+02 	 3.438430e+01
2.923546e+02 	 3.432481e+01
2.934960e+02 	 3.402736e+01
2.946375e+02 	 3.396788e+01
2.957789e+02 	 3.396788e+01
2.969203e+02 	 3.408685e+01
2.980617e+02 	 3.408685e+01
2.991617e+02 	 3.408685e+01
3.003032e+02 	 3.408685e+01
3.014032e+02 	 3.408685e+01
3.025032e+02 	 3.414634e+01
3.036032e+02 	 3.414634e+01
3.047032e+02 	 3.414634e+01
3.058032e+02 	 3.420583e+01
3.068032e+02 	 3.420583e+01
3.079446e+02 	 3.414634e+01
3.090860e+02 	 3.414634e+01
3.102274e+02 	 3.414634e+01
3.113688e+02 	 3.414634e+01
3.125103e+02 	 3.414634e+01
3.136517e+02 	 3.414634e+01
3.147517e+02 	 3.414634e+01
3.158517e+02 	 3.414634e+01
3.169517e+02 	 3.414634e+01
3.180517e+02 	 3.414634e+01
3.191931e+02 	 3.414634e+01
3.203345e+02 	 3.414634e+01
3.214759e+02 	 3.414634e+01
3.226174e+02 	 3.414634e+01
3.237588e+02 	 3.414634e+01
3.249002e+02 	 3.414634e+01
3.260416e+02 	 3.408685e+01
3.271831e+02 	 3.408685e+01
3.283245e+02 	 3.420583e+01
3.294659e+02 	 3.408685e+01
3.306073e+02 	 3.450327e+01
3.317073e+02 	 3.450327e+01
3.328487e+02 	 3.515764e+01
3.339902e+02 	 3.462225e+01
3.351316e+02 	 3.491969e+01
3.362730e+02 	 3.491969e+01
3.374144e+02 	 3.515764e+01
3.385558e+02 	 3.581202e+01
3.396973e+02 	 3.569304e+01
3.408387e+02 	 3.450327e+01
3.419801e+02 	 3.135039e+01
3.431215e+02 	 2.980369e+01
3.442630e+02 	 2.843546e+01
3.454044e+02 	 2.837597e+01
3.465458e+02 	 2.849494e+01
3.476872e+02 	 2.819750e+01
3.488286e+02 	 2.849494e+01
3.499701e+02 	 2.897085e+01
3.511115e+02 	 2.914932e+01
3.522529e+02 	 2.908983e+01
3.533943e+02 	 2.920880e+01
3.545357e+02 	 2.647234e+01
3.556772e+02 	 2.260559e+01
3.568186e+02 	 2.082094e+01
3.579600e+02 	 2.010708e+01
3.591014e+02 	 2.010708e+01
3.602428e+02 	 1.891731e+01
3.613843e+02 	 1.885782e+01
3.625257e+02 	 1.963117e+01
3.636671e+02 	 2.016657e+01
3.648085e+02 	 2.016657e+01
3.659500e+02 	 1.986913e+01
3.670914e+02 	 1.903629e+01
3.682328e+02 	 1.820345e+01
3.693742e+02 	 1.737061e+01
3.705156e+02 	 1.624033e+01
3.716156e+02 	 1.546698e+01
3.727571e+02 	 1.481261e+01
3.738985e+02 	 1.463415e+01
3.749985e+02 	 1.457466e+01
3.761399e+02 	 1.457466e+01
3.772813e+02 	 1.457466e+01
3.784227e+02 	 1.463415e+01
3.795642e+02 	 1.421773e+01
3.807056e+02 	 1.427722e+01
3.818056e+02 	 1.427722e+01
3.829470e+02 	 1.427722e+01
3.840470e+02 	 1.427722e+01
3.851470e+02 	 1.427722e+01
3.862470e+02 	 1.427722e+01
3.873470e+02 	 1.433670e+01
3.884470e+02 	 1.433670e+01
3.895470e+02 	 1.433670e+01
3.906470e+02 	 1.433670e+01
3.917470e+02 	 1.433670e+01
3.928470e+02 	 1.427722e+01
3.939470e+02 	 1.421773e+01
3.950470e+02 	 1.421773e+01
3.961470e+02 	 1.415824e+01
3.972470e+02 	 1.409875e+01
3.983470e+02 	 1.403926e+01
3.994470e+02 	 1.397977e+01
4.005470e+02 	 1.415824e+01
4.016470e+02 	 1.421773e+01
4.027470e+02 	 1.409875e+01
4.038470e+02 	 1.397977e+01
4.049470e+02 	 1.403926e+01
4.060470e+02 	 1.403926e+01
4.071470e+02 	 1.403926e+01
4.082470e+02 	 1.403926e+01
4.093470e+02 	 1.409875e+01
4.104470e+02 	 1.409875e+01
4.114470e+02 	 1.409875e+01
4.125470e+02 	 1.415824e+01
4.136884e+02 	 1.409875e+01
4.148299e+02 	 1.415824e+01
4.159713e+02 	 1.415824e+01
4.170713e+02 	 1.421773e+01
4.182127e+02 	 1.415824e+01
4.193541e+02 	 1.403926e+01
4.204955e+02 	 1.397977e+01
4.216370e+02 	 1.397977e+01
4.227784e+02 	 1.397977e+01
4.239198e+02 	 1.397977e+01
4.250612e+02 	 1.397977e+01
4.262026e+02 	 1.403926e+01
4.273441e+02 	 1.427722e+01
4.284855e+02 	 1.427722e+01
4.296269e+02 	 1.427722e+01
4.307269e+02 	 1.433670e+01
4.318683e+02 	 1.433670e+01
4.330098e+02 	 1.427722e+01
4.341098e+02 	 1.433670e+01
4.352098e+02 	 1.433670e+01
4.363098e+02 	 1.433670e+01
4.374512e+02 	 1.433670e+01
4.385926e+02 	 1.433670e+01
4.397340e+02 	 1.433670e+01
4.408754e+02 	 1.433670e+01
4.420169e+02 	 1.433670e+01
4.431583e+02 	 1.433670e+01
4.442997e+02 	 1.433670e+01
4.454411e+02 	 1.433670e+01
4.465825e+02 	 1.433670e+01
4.477240e+02 	 1.433670e+01
4.488240e+02 	 1.433670e+01
4.499654e+02 	 1.433670e+01
4.511068e+02 	 1.433670e+01
4.522482e+02 	 1.439619e+01
4.533897e+02 	 1.439619e+01
4.545311e+02 	 1.439619e+01
4.556725e+02 	 1.433670e+01
4.568139e+02 	 1.421773e+01
4.579139e+02 	 1.421773e+01
4.590139e+02 	 1.421773e+01
4.601139e+02 	 1.403926e+01
4.612139e+02 	 1.403926e+01
4.623139e+02 	 1.392029e+01
4.634139e+02 	 1.392029e+01
4.645139e+02 	 1.380131e+01
4.656553e+02 	 1.362284e+01
4.667968e+02 	 1.356336e+01
4.679382e+02 	 1.356336e+01
4.690796e+02 	 1.362284e+01
4.702210e+02 	 1.368233e+01
4.713624e+02 	 1.374182e+01
4.725039e+02 	 1.374182e+01
4.736453e+02 	 1.368233e+01
4.747867e+02 	 1.368233e+01
4.759281e+02 	 1.350387e+01
4.770696e+02 	 1.332540e+01
4.782110e+02 	 1.308745e+01
4.793524e+02 	 1.344438e+01
4.804938e+02 	 1.344438e+01
4.816352e+02 	 1.344438e+01
4.827767e+02 	 1.350387e+01
4.839181e+02 	 1.344438e+01
4.850595e+02 	 1.344438e+01
4.862009e+02 	 1.350387e+01
4.873423e+02 	 1.350387e+01
4.884838e+02 	 1.350387e+01
4.896252e+02 	 1.350387e+01
4.907666e+02 	 1.350387e+01
4.919080e+02 	 1.374182e+01
4.930080e+02 	 1.368233e+01
4.941495e+02 	 1.362284e+01
4.952909e+02 	 1.362284e+01
4.963909e+02 	 1.362284e+01
4.974909e+02 	 1.362284e+01
4.986323e+02 	 1.362284e+01
4.997737e+02 	 1.362284e+01
5.009151e+02 	 1.356336e+01
5.020566e+02 	 1.356336e+01
5.031566e+02 	 1.356336e+01
5.042566e+02 	 1.356336e+01
5.053980e+02 	 1.356336e+01
5.065394e+02 	 1.356336e+01
5.076808e+02 	 1.362284e+01
5.088222e+02 	 1.362284e+01
5.099637e+02 	 1.362284e+01
5.111051e+02 	 1.368233e+01
5.122465e+02 	 1.362284e+01
5.133879e+02 	 1.356336e+01
5.145294e+02 	 1.374182e+01
5.156708e+02 	 1.368233e+01
5.168122e+02 	 1.362284e+01
5.179536e+02 	 1.344438e+01
5.190950e+02 	 1.332540e+01
5.202365e+02 	 1.332540e+01
5.213779e+02 	 1.332540e+01
5.225193e+02 	 1.332540e+01
5.236193e+02 	 1.332540e+01
5.247607e+02 	 1.332540e+01
5.258607e+02 	 1.332540e+01
5.269607e+02 	 1.332540e+01
5.281021e+02 	 1.338489e+01
5.292021e+02 	 1.338489e+01
5.303436e+02 	 1.338489e+01
5.314850e+02 	 1.338489e+01
5.326264e+02 	 1.338489e+01
5.337678e+02 	 1.338489e+01
5.348678e+02 	 1.338489e+01
5.360092e+02 	 1.338489e+01
5.371507e+02 	 1.338489e+01
5.382921e+02 	 1.338489e+01
5.394335e+02 	 1.338489e+01
5.405749e+02 	 1.338489e+01
5.417164e+02 	 1.338489e+01
5.428578e+02 	 1.338489e+01
5.439578e+02 	 1.338489e+01
5.450578e+02 	 1.338489e+01
5.461578e+02 	 1.338489e+01
5.472578e+02 	 1.338489e+01
5.483578e+02 	 1.338489e+01
5.494578e+02 	 1.338489e+01
5.505578e+02 	 1.338489e+01
5.516578e+02 	 1.338489e+01
5.527578e+02 	 1.338489e+01
5.538578e+02 	 1.338489e+01
5.549578e+02 	 1.338489e+01
5.560578e+02 	 1.338489e+01
5.571578e+02 	 1.338489e+01
5.582578e+02 	 1.338489e+01
5.593578e+02 	 1.338489e+01
5.604578e+02 	 1.338489e+01
5.615578e+02 	 1.338489e+01
5.626578e+02 	 1.338489e+01
5.637578e+02 	 1.338489e+01
5.648578e+02 	 1.338489e+01
5.659578e+02 	 1.338489e+01
5.670578e+02 	 1.338489e+01
5.681578e+02 	 1.338489e+01
5.692578e+02 	 1.338489e+01
5.703578e+02 	 1.338489e+01
5.714578e+02 	 1.338489e+01
5.725578e+02 	 1.338489e+01
5.736578e+02 	 1.338489e+01
5.747578e+02 	 1.338489e+01
5.758578e+02 	 1.338489e+01
5.769578e+02 	 1.338489e+01
5.780992e+02 	 1.338489e+01
5.792406e+02 	 1.338489e+01
5.803820e+02 	 1.338489e+01
5.815235e+02 	 1.338489e+01
5.826235e+02 	 1.338489e+01
5.837235e+02 	 1.338489e+01
5.848235e+02 	 1.338489e+01
5.859235e+02 	 1.338489e+01
5.870235e+02 	 1.338489e+01
5.881649e+02 	 1.338489e+01
5.893063e+02 	 1.344438e+01
5.904477e+02 	 1.350387e+01
5.915891e+02 	 1.350387e+01
5.927306e+02 	 1.350387e+01
5.938720e+02 	 1.350387e+01
5.950134e+02 	 1.350387e+01
5.961548e+02 	 1.350387e+01
5.972963e+02 	 1.344438e+01
5.984377e+02 	 1.344438e+01
5.995791e+02 	 1.350387e+01
6.007205e+02 	 1.344438e+01
6.018619e+02 	 1.356336e+01
6.030034e+02 	 1.350387e+01
6.041448e+02 	 1.350387e+01
6.052862e+02 	 1.344438e+01
6.064276e+02 	 1.350387e+01
6.075690e+02 	 1.344438e+01
6.087105e+02 	 1.344438e+01
6.098519e+02 	 1.344438e+01
6.109519e+02 	 1.350387e+01
6.120933e+02 	 1.344438e+01
6.132347e+02 	 1.350387e+01
6.143347e+02 	 1.350387e+01
6.154762e+02 	 1.350387e+01
6.166176e+02 	 1.350387e+01
6.177590e+02 	 1.350387e+01
6.189004e+02 	 1.362284e+01
6.200418e+02 	 1.362284e+01
6.211418e+02 	 1.362284e+01
6.222418e+02 	 1.362284e+01
6.233418e+02 	 1.368233e+01
6.244418e+02 	 1.362284e+01
6.255418e+02 	 1.362284e+01
6.266418e+02 	 1.362284e+01
6.277833e+02 	 1.362284e+01
6.288833e+02 	 1.362284e+01
6.300247e+02 	 1.362284e+01
6.311661e+02 	 1.362284e+01
6.323075e+02 	 1.362284e+01
6.334489e+02 	 1.362284e+01
6.345489e+02 	 1.362284e+01
6.356489e+02 	 1.362284e+01
6.367489e+02 	 1.362284e+01
6.378489e+02 	 1.362284e+01
6.389489e+02 	 1.362284e+01
6.400489e+02 	 1.362284e+01
6.411489e+02 	 1.362284e+01
6.422489e+02 	 1.362284e+01
6.433489e+02 	 1.362284e+01
6.444489e+02 	 1.362284e+01
6.455489e+02 	 1.362284e+01
6.466489e+02 	 1.362284e+01
6.477489e+02 	 1.362284e+01
6.488489e+02 	 1.362284e+01
6.499489e+02 	 1.362284e+01
6.510904e+02 	 1.362284e+01
6.521904e+02 	 1.362284e+01
6.532904e+02 	 1.362284e+01
6.543904e+02 	 1.362284e+01
6.554904e+02 	 1.362284e+01
6.565904e+02 	 1.362284e+01
6.576904e+02 	 1.362284e+01
6.587904e+02 	 1.362284e+01
6.598904e+02 	 1.368233e+01
6.609904e+02 	 1.368233e+01
6.621318e+02 	 1.368233e+01
6.632732e+02 	 1.368233e+01
6.644146e+02 	 1.368233e+01
6.655561e+02 	 1.368233e+01
6.666561e+02 	 1.362284e+01
6.677975e+02 	 1.362284e+01
6.689389e+02 	 1.362284e+01
6.700803e+02 	 1.362284e+01
6.712217e+02 	 1.362284e+01
6.723632e+02 	 1.362284e+01
6.735046e+02 	 1.362284e+01
6.746460e+02 	 1.362284e+01
6.757874e+02 	 1.362284e+01
6.768874e+02 	 1.362284e+01
6.780288e+02 	 1.362284e+01
6.791703e+02 	 1.362284e+01
6.803117e+02 	 1.362284e+01
6.814531e+02 	 1.362284e+01
6.825945e+02 	 1.362284e+01
6.837360e+02 	 1.362284e+01
6.848774e+02 	 1.368233e+01
6.860188e+02 	 1.368233e+01
6.871602e+02 	 1.368233e+01
6.883016e+02 	 1.374182e+01
6.894431e+02 	 1.374182e+01
6.905845e+02 	 1.374182e+01
6.917259e+02 	 1.374182e+01
6.928673e+02 	 1.356336e+01
6.940087e+02 	 1.356336e+01
6.951087e+02 	 1.356336e+01
6.962502e+02 	 1.356336e+01
6.973502e+02 	 1.350387e+01
6.984916e+02 	 1.350387e+01
6.996330e+02 	 1.356336e+01
7.007744e+02 	 1.368233e+01
7.019159e+02 	 1.332540e+01
7.030573e+02 	 1.338489e+01
7.041573e+02 	 1.362284e+01
7.052987e+02 	 1.350387e+01
7.064401e+02 	 1.362284e+01
7.075815e+02 	 1.344438e+01
7.086815e+02 	 1.350387e+01
7.098230e+02 	 1.344438e+01
7.109644e+02 	 1.350387e+01
7.121058e+02 	 1.350387e+01
7.132472e+02 	 1.350387e+01
7.143886e+02 	 1.350387e+01
7.155301e+02 	 1.350387e+01
7.166715e+02 	 1.356336e+01
7.177715e+02 	 1.356336e+01
7.189129e+02 	 1.350387e+01
7.200543e+02 	 1.350387e+01
7.211958e+02 	 1.350387e+01
7.223372e+02 	 1.350387e+01
7.234786e+02 	 1.350387e+01
7.246200e+02 	 1.350387e+01
7.257614e+02 	 1.350387e+01
7.268614e+02 	 1.350387e+01
7.279614e+02 	 1.350387e+01
7.290614e+02 	 1.350387e+01
7.301614e+02 	 1.350387e+01
7.312614e+02 	 1.350387e+01
7.324029e+02 	 1.350387e+01
7.335029e+02 	 1.350387e+01
7.346029e+02 	 1.350387e+01
7.357443e+02 	 1.350387e+01
7.368857e+02 	 1.350387e+01
7.380271e+02 	 1.350387e+01
7.391685e+02 	 1.350387e+01
7.403100e+02 	 1.350387e+01
7.414514e+02 	 1.350387e+01
7.425928e+02 	 1.350387e+01
7.437342e+02 	 1.356336e+01
7.448756e+02 	 1.356336e+01
7.460171e+02 	 1.356336e+01
7.471585e+02 	 1.356336e+01
7.482999e+02 	 1.356336e+01
7.494413e+02 	 1.356336e+01
7.505828e+02 	 1.356336e+01
7.517242e+02 	 1.356336e+01
7.528656e+02 	 1.356336e+01
7.539656e+02 	 1.356336e+01
7.550656e+02 	 1.356336e+01
7.560656e+02 	 1.356336e+01
7.570656e+02 	 1.356336e+01
7.580656e+02 	 1.356336e+01
7.590656e+02 	 1.356336e+01
7.602070e+02 	 1.356336e+01
7.613484e+02 	 1.356336e+01
7.624899e+02 	 1.356336e+01
7.635899e+02 	 1.356336e+01
7.646899e+02 	 1.356336e+01
7.657899e+02 	 1.356336e+01
7.668899e+02 	 1.356336e+01
7.679899e+02 	 1.356336e+01
7.690899e+02 	 1.356336e+01
7.701899e+02 	 1.356336e+01
7.712899e+02 	 1.356336e+01
7.723899e+02 	 1.356336e+01
7.734899e+02 	 1.356336e+01
7.745899e+02 	 1.356336e+01
7.756899e+02 	 1.356336e+01
7.767899e+02 	 1.356336e+01
7.778899e+02 	 1.356336e+01
7.789899e+02 	 1.356336e+01
7.800899e+02 	 1.356336e+01
7.811899e+02 	 1.356336e+01
7.822899e+02 	 1.356336e+01
7.833899e+02 	 1.362284e+01
7.844899e+02 	 1.368233e+01
7.855899e+02 	 1.386080e+01
7.866899e+02 	 1.392029e+01
7.877899e+02 	 1.397977e+01
7.888899e+02 	 1.397977e+01
7.899899e+02 	 1.392029e+01
7.910899e+02 	 1.362284e+01
7.921899e+02 	 1.350387e+01
7.932899e+02 	 1.344438e+01
7.943899e+02 	 1.338489e+01
7.954899e+02 	 1.338489e+01
7.965899e+02 	 1.338489e+01
7.976899e+02 	 1.338489e+01
7.987899e+02 	 1.338489e+01
7.998899e+02 	 1.338489e+01
8.009899e+02 	 1.344438e+01
8.020899e+02 	 1.344438e+01
8.030899e+02 	 1.344438e+01
8.040899e+02 	 1.344438e+01
8.052313e+02 	 1.344438e+01
8.063727e+02 	 1.344438e+01
8.075141e+02 	 1.344438e+01
8.086555e+02 	 1.344438e+01
8.097555e+02 	 1.344438e+01
8.108555e+02 	 1.338489e+01
8.119555e+02 	 1.338489e+01
8.130555e+02 	 1.332540e+01
8.141555e+02 	 1.326591e+01
8.152555e+02 	 1.314694e+01
8.163555e+02 	 1.314694e+01
8.174555e+02 	 1.314694e+01
8.185555e+02 	 1.320642e+01
8.196555e+02 	 1.314694e+01
8.207555e+02 	 1.308745e+01
8.218555e+02 	 1.320642e+01
8.229555e+02 	 1.320642e+01
8.240970e+02 	 1.326591e+01
8.251970e+02 	 1.326591e+01
8.263384e+02 	 1.326591e+01
8.274384e+02 	 1.326591e+01
8.285384e+02 	 1.326591e+01
8.296384e+02 	 1.326591e+01
8.307798e+02 	 1.326591e+01
8.319212e+02 	 1.326591e+01
8.330212e+02 	 1.326591e+01
8.341627e+02 	 1.326591e+01
8.353041e+02 	 1.326591e+01
8.364455e+02 	 1.326591e+01
8.375869e+02 	 1.326591e+01
8.387283e+02 	 1.326591e+01
8.398698e+02 	 1.320642e+01
8.410112e+02 	 1.314694e+01
8.421526e+02 	 1.314694e+01
8.432940e+02 	 1.326591e+01
8.444354e+02 	 1.332540e+01
8.455769e+02 	 1.344438e+01
8.467183e+02 	 1.344438e+01
8.478597e+02 	 1.344438e+01
8.490011e+02 	 1.344438e+01
8.501426e+02 	 1.344438e+01
8.512426e+02 	 1.344438e+01
8.523840e+02 	 1.344438e+01
8.534840e+02 	 1.344438e+01
8.545840e+02 	 1.344438e+01
8.556840e+02 	 1.344438e+01
8.568254e+02 	 1.344438e+01
8.579668e+02 	 1.344438e+01
8.591082e+02 	 1.344438e+01
8.602497e+02 	 1.344438e+01
8.613911e+02 	 1.344438e+01
8.624911e+02 	 1.344438e+01
8.635911e+02 	 1.344438e+01
8.646911e+02 	 1.344438e+01
8.658325e+02 	 1.344438e+01
8.669739e+02 	 1.344438e+01
8.681153e+02 	 1.344438e+01
8.692568e+02 	 1.344438e+01
8.703982e+02 	 1.344438e+01
8.715396e+02 	 1.344438e+01
8.726396e+02 	 1.344438e+01
8.737810e+02 	 1.344438e+01
8.749225e+02 	 1.344438e+01
8.760639e+02 	 1.344438e+01
8.772053e+02 	 1.338489e+01
8.783467e+02 	 1.338489e+01
8.794881e+02 	 1.338489e+01
8.806296e+02 	 1.338489e+01
8.817710e+02 	 1.338489e+01
8.829124e+02 	 1.338489e+01
8.840538e+02 	 1.338489e+01
8.851538e+02 	 1.332540e+01
8.862538e+02 	 1.344438e+01
8.873952e+02 	 1.338489e+01
8.885367e+02 	 1.350387e+01
8.896781e+02 	 1.344438e+01
8.908195e+02 	 1.356336e+01
8.919609e+02 	 1.362284e+01
8.931024e+02 	 1.362284e+01
8.942438e+02 	 1.362284e+01
8.953852e+02 	 1.362284e+01
8.964852e+02 	 1.344438e+01
8.976266e+02 	 1.332540e+01
8.987680e+02 	 1.326591e+01
8.999095e+02 	 1.314694e+01
9.010509e+02 	 1.308745e+01
9.021923e+02 	 1.302796e+01
9.033337e+02 	 1.308745e+01
9.044751e+02 	 1.320642e+01
9.056166e+02 	 1.320642e+01
9.067166e+02 	 1.332540e+01
9.078166e+02 	 1.344438e+01
9.089166e+02 	 1.350387e+01
9.100580e+02 	 1.344438e+01
9.111994e+02 	 1.350387e+01
9.123408e+02 	 1.344438e+01
9.134408e+02 	 1.350387e+01
9.145823e+02 	 1.350387e+01
9.157237e+02 	 1.356336e+01
9.168651e+02 	 1.356336e+01
9.180065e+02 	 1.356336e+01
9.191479e+02 	 1.356336e+01
9.202894e+02 	 1.356336e+01
9.214308e+02 	 1.356336e+01
9.225722e+02 	 1.356336e+01
9.237136e+02 	 1.356336e+01
9.248550e+02 	 1.356336e+01
9.259965e+02 	 1.356336e+01
9.271379e+02 	 1.356336e+01
9.282793e+02 	 1.356336e+01
9.294207e+02 	 1.356336e+01
9.305621e+02 	 1.356336e+01
9.317036e+02 	 1.356336e+01
9.328450e+02 	 1.356336e+01
9.339864e+02 	 1.356336e+01
9.351278e+02 	 1.356336e+01
9.362693e+02 	 1.356336e+01
9.374107e+02 	 1.356336e+01
9.385521e+02 	 1.356336e+01
9.396935e+02 	 1.344438e+01
9.408349e+02 	 1.344438e+01
9.419764e+02 	 1.344438e+01
9.431178e+02 	 1.344438e+01
9.442592e+02 	 1.350387e+01
9.453592e+02 	 1.356336e+01
9.464592e+02 	 1.356336e+01
9.476006e+02 	 1.356336e+01
9.487420e+02 	 1.356336e+01
9.498835e+02 	 1.356336e+01
9.510249e+02 	 1.356336e+01
9.521663e+02 	 1.356336e+01
9.533077e+02 	 1.356336e+01
9.544492e+02 	 1.356336e+01
9.555492e+02 	 1.356336e+01
9.565492e+02 	 1.356336e+01
9.576906e+02 	 1.356336e+01
9.588320e+02 	 1.356336e+01
9.599320e+02 	 1.356336e+01
9.610734e+02 	 1.356336e+01
9.622148e+02 	 1.356336e+01
9.633563e+02 	 1.356336e+01
9.644977e+02 	 1.356336e+01
9.656391e+02 	 1.356336e+01
9.667805e+02 	 1.356336e+01
9.679219e+02 	 1.356336e+01
9.690634e+02 	 1.356336e+01
9.702048e+02 	 1.356336e+01
9.713462e+02 	 1.356336e+01
9.724876e+02 	 1.356336e+01
9.736291e+02 	 1.356336e+01
9.747705e+02 	 1.356336e+01
9.759119e+02 	 1.356336e+01
9.770533e+02 	 1.356336e+01
9.781947e+02 	 1.356336e+01
9.793362e+02 	 1.356336e+01
9.804776e+02 	 1.356336e+01
9.816190e+02 	 1.356336e+01
9.827190e+02 	 1.356336e+01
9.838190e+02 	 1.356336e+01
9.849190e+02 	 1.356336e+01
9.860190e+02 	 1.356336e+01
9.871190e+02 	 1.356336e+01
9.882190e+02 	 1.356336e+01
9.893604e+02 	 1.356336e+01
9.905018e+02 	 1.356336e+01
9.916433e+02 	 1.356336e+01
9.927433e+02 	 1.356336e+01
9.938433e+02 	 1.356336e+01
9.949847e+02 	 1.356336e+01
9.961261e+02 	 1.356336e+01
9.972675e+02 	 1.356336e+01
9.984090e+02 	 1.356336e+01
9.995504e+02 	 1.356336e+01
1.000692e+03 	 1.356336e+01
1.001833e+03 	 1.356336e+01
1.002975e+03 	 1.356336e+01
1.004116e+03 	 1.356336e+01
1.005257e+03 	 1.356336e+01
1.006357e+03 	 1.356336e+01
1.007499e+03 	 1.356336e+01
1.008640e+03 	 1.356336e+01
1.009782e+03 	 1.356336e+01
1.010923e+03 	 1.356336e+01
1.012023e+03 	 1.356336e+01
1.013165e+03 	 1.356336e+01
1.014306e+03 	 1.356336e+01
1.015447e+03 	 1.356336e+01
1.016589e+03 	 1.356336e+01
1.017730e+03 	 1.356336e+01
1.018872e+03 	 1.356336e+01
1.020013e+03 	 1.356336e+01
1.021155e+03 	 1.356336e+01
1.022296e+03 	 1.356336e+01
1.023437e+03 	 1.356336e+01
1.024579e+03 	 1.356336e+01
1.025720e+03 	 1.356336e+01
1.026862e+03 	 1.356336e+01
1.028003e+03 	 1.356336e+01
1.029103e+03 	 1.356336e+01
1.030203e+03 	 1.356336e+01
1.031303e+03 	 1.356336e+01
1.032444e+03 	 1.356336e+01
1.033586e+03 	 1.356336e+01
1.034727e+03 	 1.356336e+01
1.035869e+03 	 1.356336e+01
1.037010e+03 	 1.356336e+01
1.038110e+03 	 1.356336e+01
1.039252e+03 	 1.356336e+01
1.040393e+03 	 1.356336e+01
1.041534e+03 	 1.356336e+01
1.042676e+03 	 1.356336e+01
1.043817e+03 	 1.356336e+01
1.044959e+03 	 1.356336e+01
1.046100e+03 	 1.356336e+01
1.047242e+03 	 1.356336e+01
1.048383e+03 	 1.356336e+01
1.049524e+03 	 1.356336e+01
1.050666e+03 	 1.338489e+01
1.051807e+03 	 1.356336e+01
1.052907e+03 	 1.356336e+01
1.054049e+03 	 1.356336e+01
1.055149e+03 	 1.356336e+01
1.056249e+03 	 1.356336e+01
1.057390e+03 	 1.356336e+01
1.058531e+03 	 1.356336e+01
1.059673e+03 	 1.356336e+01
1.060814e+03 	 1.356336e+01
1.061956e+03 	 1.356336e+01
1.063097e+03 	 1.356336e+01
1.064239e+03 	 1.356336e+01
1.065380e+03 	 1.356336e+01
1.066521e+03 	 1.356336e+01
1.067663e+03 	 1.356336e+01
1.068804e+03 	 1.356336e+01
1.069904e+03 	 1.356336e+01
1.071046e+03 	 1.356336e+01
1.072146e+03 	 1.356336e+01
1.073287e+03 	 1.356336e+01
1.074387e+03 	 1.356336e+01
1.075529e+03 	 1.356336e+01
1.076629e+03 	 1.356336e+01
1.077729e+03 	 1.356336e+01
1.078729e+03 	 1.356336e+01
1.079829e+03 	 1.356336e+01
1.080829e+03 	 1.356336e+01
1.081970e+03 	 1.356336e+01
1.083111e+03 	 1.356336e+01
1.084253e+03 	 1.356336e+01
1.085394e+03 	 1.356336e+01
1.086536e+03 	 1.356336e+01
1.087677e+03 	 1.356336e+01
1.088818e+03 	 1.356336e+01
1.089918e+03 	 1.356336e+01
1.091060e+03 	 1.356336e+01
1.092160e+03 	 1.356336e+01
1.093160e+03 	 1.356336e+01
1.094301e+03 	 1.356336e+01
1.095443e+03 	 1.356336e+01
1.096584e+03 	 1.356336e+01
1.097726e+03 	 1.350387e+01
1.098867e+03 	 1.344438e+01
1.100008e+03 	 1.344438e+01
1.101150e+03 	 1.350387e+01
1.102250e+03 	 1.350387e+01
1.103250e+03 	 1.350387e+01
1.104350e+03 	 1.344438e+01
1.105450e+03 	 1.344438e+01
1.106550e+03 	 1.338489e+01
1.107650e+03 	 1.338489e+01
1.108750e+03 	 1.326591e+01
1.109891e+03 	 1.326591e+01
1.111033e+03 	 1.326591e+01
1.112174e+03 	 1.326591e+01
1.113316e+03 	 1.326591e+01
1.114457e+03 	 1.326591e+01
1.115557e+03 	 1.326591e+01
1.116698e+03 	 1.332540e+01
1.117840e+03 	 1.314694e+01
1.118981e+03 	 1.302796e+01
1.120123e+03 	 1.296847e+01
1.121264e+03 	 1.314694e+01
1.122406e+03 	 1.326591e+01
1.123547e+03 	 1.320642e+01
1.124688e+03 	 1.320642e+01
1.125830e+03 	 1.326591e+01
1.126971e+03 	 1.326591e+01
1.128113e+03 	 1.326591e+01
1.129254e+03 	 1.332540e+01
1.130395e+03 	 1.332540e+01
1.131537e+03 	 1.332540e+01
1.132678e+03 	 1.332540e+01
1.133820e+03 	 1.326591e+01
1.134961e+03 	 1.338489e+01
1.136103e+03 	 1.338489e+01
1.137244e+03 	 1.338489e+01
1.138385e+03 	 1.338489e+01
1.139527e+03 	 1.338489e+01
1.140668e+03 	 1.338489e+01
1.141810e+03 	 1.338489e+01
1.142951e+03 	 1.338489e+01
1.144093e+03 	 1.338489e+01
1.145234e+03 	 1.338489e+01
1.146334e+03 	 1.338489e+01
1.147475e+03 	 1.332540e+01
1.148617e+03 	 1.332540e+01
1.149758e+03 	 1.326591e+01
1.150900e+03 	 1.326591e+01
1.152041e+03 	 1.326591e+01
1.153182e+03 	 1.326591e+01
1.154324e+03 	 1.320642e+01
1.155465e+03 	 1.308745e+01
1.156607e+03 	 1.296847e+01
1.157748e+03 	 1.308745e+01
1.158890e+03 	 1.320642e+01
1.160031e+03 	 1.314694e+01
1.161172e+03 	 1.314694e+01
1.162314e+03 	 1.314694e+01
1.163414e+03 	 1.314694e+01
1.164555e+03 	 1.314694e+01
1.165697e+03 	 1.314694e+01
1.166838e+03 	 1.320642e+01
1.167980e+03 	 1.320642e+01
1.169121e+03 	 1.320642e+01
1.170262e+03 	 1.320642e+01
1.171404e+03 	 1.320642e+01
1.172545e+03 	 1.326591e+01
1.173687e+03 	 1.326591e+01
1.174828e+03 	 1.326591e+01
1.175828e+03 	 1.326591e+01
1.176928e+03 	 1.326591e+01
1.178028e+03 	 1.326591e+01
1.179128e+03 	 1.326591e+01
1.180228e+03 	 1.326591e+01
1.181328e+03 	 1.326591e+01
1.182428e+03 	 1.332540e+01
1.183528e+03 	 1.332540e+01
1.184628e+03 	 1.332540e+01
1.185728e+03 	 1.332540e+01
1.186828e+03 	 1.326591e+01
1.187928e+03 	 1.326591e+01
1.189028e+03 	 1.320642e+01
1.190128e+03 	 1.326591e+01
1.191228e+03 	 1.326591e+01
1.192328e+03 	 1.326591e+01
1.193428e+03 	 1.326591e+01
1.194569e+03 	 1.314694e+01
1.195669e+03 	 1.314694e+01
1.196769e+03 	 1.308745e+01
1.197869e+03 	 1.308745e+01
1.199011e+03 	 1.308745e+01
1.200152e+03 	 1.314694e+01
1.201294e+03 	 1.308745e+01
1.202394e+03 	 1.302796e+01
1.203494e+03 	 1.302796e+01
1.204594e+03 	 1.302796e+01
1.205694e+03 	 1.302796e+01
1.206794e+03 	 1.302796e+01
1.207894e+03 	 1.302796e+01
1.208994e+03 	 1.302796e+01
1.210094e+03 	 1.302796e+01
1.211194e+03 	 1.302796e+01
1.212294e+03 	 1.308745e+01
1.213294e+03 	 1.302796e+01
1.214294e+03 	 1.308745e+01
1.215294e+03 	 1.302796e+01
1.216294e+03 	 1.302796e+01
1.217294e+03 	 1.308745e+01
1.218394e+03 	 1.308745e+01
1.219494e+03 	 1.308745e+01
1.220594e+03 	 1.308745e+01
1.221694e+03 	 1.302796e+01
1.222794e+03 	 1.302796e+01
1.223894e+03 	 1.302796e+01
1.224994e+03 	 1.302796e+01
1.226094e+03 	 1.302796e+01
1.227194e+03 	 1.296847e+01
1.228294e+03 	 1.296847e+01
1.229394e+03 	 1.290898e+01
1.230494e+03 	 1.284949e+01
1.231594e+03 	 1.284949e+01
1.232694e+03 	 1.290898e+01
1.233794e+03 	 1.279001e+01
1.234894e+03 	 1.284949e+01
1.235994e+03 	 1.279001e+01
1.237094e+03 	 1.279001e+01
1.238194e+03 	 1.279001e+01
1.239294e+03 	 1.279001e+01
1.240394e+03 	 1.279001e+01
1.241494e+03 	 1.279001e+01
1.242594e+03 	 1.279001e+01
1.243694e+03 	 1.279001e+01
1.244794e+03 	 1.279001e+01
1.245935e+03 	 1.279001e+01
1.247035e+03 	 1.273052e+01
1.248177e+03 	 1.273052e+01
1.249318e+03 	 1.273052e+01
1.250459e+03 	 1.273052e+01
1.251601e+03 	 1.273052e+01
1.252742e+03 	 1.273052e+01
1.253884e+03 	 1.273052e+01
1.255025e+03 	 1.273052e+01
1.256167e+03 	 1.273052e+01
1.257308e+03 	 1.273052e+01
1.258449e+03 	 1.273052e+01
1.259591e+03 	 1.273052e+01
1.260732e+03 	 1.267103e+01
1.261832e+03 	 1.267103e+01
1.262974e+03 	 1.267103e+01
1.264115e+03 	 1.284949e+01
1.265215e+03 	 1.284949e+01
1.266315e+03 	 1.284949e+01
1.267456e+03 	 1.284949e+01
1.268598e+03 	 1.284949e+01
1.269698e+03 	 1.284949e+01
1.270839e+03 	 1.284949e+01
1.271981e+03 	 1.284949e+01
1.273122e+03 	 1.296847e+01
1.274264e+03 	 1.296847e+01
1.275405e+03 	 1.296847e+01
1.276546e+03 	 1.296847e+01
1.277646e+03 	 1.296847e+01
1.278788e+03 	 1.284949e+01
1.279929e+03 	 1.290898e+01
1.281071e+03 	 1.290898e+01
1.282212e+03 	 1.290898e+01
1.283354e+03 	 1.290898e+01
1.284454e+03 	 1.290898e+01
1.285554e+03 	 1.290898e+01
1.286695e+03 	 1.290898e+01
1.287836e+03 	 1.296847e+01
1.288936e+03 	 1.290898e+01
1.290036e+03 	 1.290898e+01
1.291136e+03 	 1.296847e+01
1.292278e+03 	 1.290898e+01
1.293419e+03 	 1.284949e+01
1.294561e+03 	 1.284949e+01
1.295702e+03 	 1.284949e+01
1.296843e+03 	 1.284949e+01
1.297985e+03 	 1.284949e+01
1.299126e+03 	 1.284949e+01
1.300268e+03 	 1.279001e+01
1.301409e+03 	 1.284949e+01
1.302551e+03 	 1.284949e+01
1.303692e+03 	 1.290898e+01
1.304833e+03 	 1.284949e+01
1.305975e+03 	 1.296847e+01
1.307116e+03 	 1.302796e+01
1.308258e+03 	 1.308745e+01
1.309399e+03 	 1.308745e+01
1.310541e+03 	 1.314694e+01
1.311682e+03 	 1.314694e+01
1.312823e+03 	 1.314694e+01
1.313965e+03 	 1.314694e+01
1.315065e+03 	 1.308745e+01
1.316165e+03 	 1.308745e+01
1.317306e+03 	 1.308745e+01
1.318448e+03 	 1.308745e+01
1.319589e+03 	 1.308745e+01
1.320730e+03 	 1.308745e+01
1.321872e+03 	 1.308745e+01
1.322972e+03 	 1.308745e+01
1.324072e+03 	 1.308745e+01
1.325172e+03 	 1.308745e+01
1.326313e+03 	 1.308745e+01
1.327413e+03 	 1.308745e+01
1.328555e+03 	 1.308745e+01
1.329655e+03 	 1.308745e+01
1.330796e+03 	 1.308745e+01
1.331938e+03 	 1.308745e+01
1.333079e+03 	 1.308745e+01
1.334220e+03 	 1.308745e+01
1.335362e+03 	 1.308745e+01
1.336503e+03 	 1.308745e+01
1.337645e+03 	 1.308745e+01
1.338786e+03 	 1.308745e+01
1.339928e+03 	 1.308745e+01
1.341069e+03 	 1.308745e+01
1.342210e+03 	 1.308745e+01
1.343352e+03 	 1.308745e+01
1.344452e+03 	 1.308745e+01
1.345593e+03 	 1.308745e+01
1.346735e+03 	 1.308745e+01
1.347876e+03 	 1.308745e+01
1.349017e+03 	 1.308745e+01
1.350159e+03 	 1.308745e+01
1.351300e+03 	 1.308745e+01
1.352442e+03 	 1.308745e+01
1.353583e+03 	 1.308745e+01
1.354725e+03 	 1.308745e+01
1.355866e+03 	 1.308745e+01
1.357007e+03 	 1.308745e+01
1.358149e+03 	 1.308745e+01
1.359249e+03 	 1.308745e+01
1.360390e+03 	 1.308745e+01
1.361490e+03 	 1.308745e+01
1.362632e+03 	 1.308745e+01
1.363732e+03 	 1.308745e+01
1.364873e+03 	 1.308745e+01
1.366015e+03 	 1.308745e+01
1.367115e+03 	 1.308745e+01
1.368215e+03 	 1.308745e+01
1.369356e+03 	 1.308745e+01
1.370497e+03 	 1.290898e+01
1.371639e+03 	 1.284949e+01
1.372780e+03 	 1.302796e+01
1.373922e+03 	 1.320642e+01
1.375063e+03 	 1.314694e+01
1.376204e+03 	 1.314694e+01
1.377346e+03 	 1.308745e+01
1.378487e+03 	 1.314694e+01
1.379629e+03 	 1.314694e+01
1.380770e+03 	 1.314694e+01
1.381912e+03 	 1.320642e+01
1.383053e+03 	 1.320642e+01
1.384194e+03 	 1.320642e+01
1.385294e+03 	 1.314694e+01
1.386394e+03 	 1.314694e+01
1.387536e+03 	 1.320642e+01
1.388677e+03 	 1.320642e+01
1.389819e+03 	 1.314694e+01
1.390960e+03 	 1.314694e+01
1.392102e+03 	 1.314694e+01
1.393243e+03 	 1.308745e+01
1.394343e+03 	 1.308745e+01
1.395484e+03 	 1.308745e+01
1.396626e+03 	 1.308745e+01
1.397726e+03 	 1.308745e+01
1.398867e+03 	 1.308745e+01
1.400009e+03 	 1.308745e+01
1.401150e+03 	 1.308745e+01
1.402292e+03 	 1.308745e+01
1.403433e+03 	 1.308745e+01
1.404533e+03 	 1.308745e+01
1.405633e+03 	 1.308745e+01
1.406774e+03 	 1.308745e+01
1.407916e+03 	 1.302796e+01
1.409057e+03 	 1.302796e+01
1.410199e+03 	 1.302796e+01
1.411340e+03 	 1.302796e+01
1.412481e+03 	 1.302796e+01
1.413623e+03 	 1.302796e+01
1.414764e+03 	 1.302796e+01
1.415906e+03 	 1.302796e+01
1.417047e+03 	 1.302796e+01
1.418189e+03 	 1.302796e+01
1.419330e+03 	 1.308745e+01
1.420471e+03 	 1.314694e+01
1.421613e+03 	 1.314694e+01
1.422713e+03 	 1.314694e+01
1.423813e+03 	 1.314694e+01
1.424913e+03 	 1.308745e+01
1.426013e+03 	 1.308745e+01
1.427113e+03 	 1.308745e+01
1.428213e+03 	 1.308745e+01
1.429313e+03 	 1.308745e+01
1.430413e+03 	 1.308745e+01
1.431513e+03 	 1.308745e+01
1.432513e+03 	 1.308745e+01
1.433513e+03 	 1.308745e+01
1.434513e+03 	 1.308745e+01
1.435654e+03 	 1.308745e+01
1.436796e+03 	 1.302796e+01
1.437937e+03 	 1.302796e+01
1.439079e+03 	 1.296847e+01
1.440220e+03 	 1.290898e+01
1.441361e+03 	 1.296847e+01
1.442503e+03 	 1.296847e+01
1.443644e+03 	 1.302796e+01
1.444786e+03 	 1.302796e+01
1.445927e+03 	 1.302796e+01
1.447068e+03 	 1.308745e+01
1.448210e+03 	 1.302796e+01
1.449351e+03 	 1.308745e+01
1.450493e+03 	 1.314694e+01
1.451634e+03 	 1.320642e+01
1.452734e+03 	 1.314694e+01
1.453876e+03 	 1.320642e+01
1.455017e+03 	 1.320642e+01
1.456158e+03 	 1.320642e+01
1.457300e+03 	 1.320642e+01
1.458441e+03 	 1.320642e+01
1.459583e+03 	 1.320642e+01
1.460683e+03 	 1.320642e+01
1.461824e+03 	 1.320642e+01
1.462966e+03 	 1.320642e+01
1.464107e+03 	 1.320642e+01
1.465248e+03 	 1.320642e+01
1.466348e+03 	 1.320642e+01
1.467490e+03 	 1.320642e+01
1.468631e+03 	 1.320642e+01
1.469773e+03 	 1.332540e+01
1.470914e+03 	 1.338489e+01
1.472055e+03 	 1.332540e+01
1.473197e+03 	 1.326591e+01
1.474338e+03 	 1.332540e+01
1.475480e+03 	 1.332540e+01
1.476621e+03 	 1.332540e+01
1.477763e+03 	 1.332540e+01
1.478904e+03 	 1.332540e+01
1.480004e+03 	 1.332540e+01
1.481104e+03 	 1.332540e+01
1.482204e+03 	 1.338489e+01
1.483304e+03 	 1.338489e+01
1.484404e+03 	 1.338489e+01
1.485504e+03 	 1.338489e+01
1.486604e+03 	 1.338489e+01
1.487704e+03 	 1.338489e+01
1.488804e+03 	 1.338489e+01
1.489904e+03 	 1.338489e+01
1.491004e+03 	 1.338489e+01
1.492104e+03 	 1.338489e+01
1.493204e+03 	 1.338489e+01
1.494204e+03 	 1.338489e+01
1.495304e+03 	 1.338489e+01
1.496404e+03 	 1.338489e+01
1.497545e+03 	 1.338489e+01
1.498687e+03 	 1.338489e+01
1.499828e+03 	 1.338489e+01
1.500970e+03 	 1.338489e+01
1.502111e+03 	 1.338489e+01
1.503253e+03 	 1.338489e+01
1.504394e+03 	 1.338489e+01
1.505535e+03 	 1.338489e+01
1.506635e+03 	 1.338489e+01
1.507735e+03 	 1.338489e+01
1.508877e+03 	 1.338489e+01
1.510018e+03 	 1.338489e+01
1.511160e+03 	 1.338489e+01
1.512301e+03 	 1.338489e+01
1.513442e+03 	 1.338489e+01
1.514584e+03 	 1.338489e+01
1.515684e+03 	 1.338489e+01
1.516784e+03 	 1.338489e+01
1.517925e+03 	 1.338489e+01
1.518925e+03 	 1.338489e+01
1.520067e+03 	 1.338489e+01
1.521208e+03 	 1.338489e+01
1.522308e+03 	 1.338489e+01
1.523450e+03 	 1.338489e+01
1.524591e+03 	 1.338489e+01
1.525732e+03 	 1.338489e+01
1.526874e+03 	 1.338489e+01
1.528015e+03 	 1.338489e+01
1.529157e+03 	 1.338489e+01
1.530257e+03 	 1.338489e+01
1.531398e+03 	 1.338489e+01
1.532540e+03 	 1.338489e+01
1.533681e+03 	 1.338489e+01
1.534822e+03 	 1.338489e+01
1.535964e+03 	 1.338489e+01
1.537105e+03 	 1.338489e+01
1.538247e+03 	 1.338489e+01
1.539388e+03 	 1.338489e+01
1.540529e+03 	 1.338489e+01
1.541671e+03 	 1.338489e+01
1.542812e+03 	 1.338489e+01
1.543954e+03 	 1.344438e+01
1.545095e+03 	 1.350387e+01
1.546237e+03 	 1.362284e+01
1.547378e+03 	 1.344438e+01
1.548478e+03 	 1.332540e+01
1.549619e+03 	 1.332540e+01
1.550719e+03 	 1.332540e+01
1.551819e+03 	 1.332540e+01
1.552919e+03 	 1.332540e+01
1.554019e+03 	 1.350387e+01
1.555161e+03 	 1.350387e+01
1.556302e+03 	 1.356336e+01
1.557444e+03 	 1.356336e+01
1.558585e+03 	 1.350387e+01
1.559685e+03 	 1.350387e+01
1.560827e+03 	 1.350387e+01
1.561968e+03 	 1.344438e+01
1.563109e+03 	 1.344438e+01
1.564251e+03 	 1.344438e+01
1.565392e+03 	 1.344438e+01
1.566492e+03 	 1.344438e+01
1.567592e+03 	 1.338489e+01
1.568692e+03 	 1.344438e+01
1.569792e+03 	 1.326591e+01
1.570892e+03 	 1.326591e+01
1.571992e+03 	 1.332540e+01
1.573092e+03 	 1.338489e+01
1.574192e+03 	 1.350387e+01
1.575292e+03 	 1.344438e+01
1.576392e+03 	 1.350387e+01
1.577492e+03 	 1.344438e+01
1.578592e+03 	 1.344438e+01
1.579692e+03 	 1.344438e+01
1.580792e+03 	 1.344438e+01
1.581892e+03 	 1.344438e+01
1.582992e+03 	 1.344438e+01
1.584134e+03 	 1.344438e+01
1.585275e+03 	 1.344438e+01
1.586416e+03 	 1.350387e+01
1.587558e+03 	 1.350387e+01
1.588658e+03 	 1.344438e+01
1.589758e+03 	 1.344438e+01
1.590858e+03 	 1.350387e+01
1.591958e+03 	 1.350387e+01
1.593099e+03 	 1.338489e+01
1.594199e+03 	 1.338489e+01
1.595341e+03 	 1.344438e+01
1.596441e+03 	 1.350387e+01
1.597541e+03 	 1.350387e+01
1.598641e+03 	 1.356336e+01
1.599641e+03 	 1.356336e+01
1.600641e+03 	 1.356336e+01
1.601741e+03 	 1.356336e+01
1.602841e+03 	 1.356336e+01
1.603841e+03 	 1.356336e+01
1.604941e+03 	 1.356336e+01
1.606041e+03 	 1.350387e+01
1.607182e+03 	 1.350387e+01
1.608324e+03 	 1.356336e+01
1.609465e+03 	 1.356336e+01
1.610606e+03 	 1.356336e+01
1.611706e+03 	 1.356336e+01
1.612848e+03 	 1.350387e+01
1.613989e+03 	 1.350387e+01
1.615131e+03 	 1.350387e+01
1.616272e+03 	 1.350387e+01
1.617414e+03 	 1.344438e+01
1.618555e+03 	 1.338489e+01
1.619696e+03 	 1.344438e+01
1.620838e+03 	 1.356336e+01
1.621979e+03 	 1.356336e+01
1.623121e+03 	 1.356336e+01
1.624262e+03 	 1.356336e+01
1.625403e+03 	 1.356336e+01
1.626545e+03 	 1.356336e+01
1.627686e+03 	 1.356336e+01
1.628828e+03 	 1.356336e+01
1.629969e+03 	 1.356336e+01
1.631111e+03 	 1.356336e+01
1.632211e+03 	 1.350387e+01
1.633352e+03 	 1.338489e+01
1.634452e+03 	 1.338489e+01
1.635552e+03 	 1.338489e+01
1.636693e+03 	 1.332540e+01
1.637835e+03 	 1.332540e+01
1.638976e+03 	 1.326591e+01
1.640118e+03 	 1.338489e+01
1.641259e+03 	 1.332540e+01
1.642359e+03 	 1.332540e+01
1.643459e+03 	 1.326591e+01
1.644601e+03 	 1.350387e+01
1.645742e+03 	 1.356336e+01
1.646883e+03 	 1.356336e+01
1.648025e+03 	 1.356336e+01
1.649166e+03 	 1.356336e+01
1.650308e+03 	 1.356336e+01
1.651449e+03 	 1.344438e+01
1.652549e+03 	 1.344438e+01
1.653690e+03 	 1.344438e+01
1.654832e+03 	 1.344438e+01
1.655973e+03 	 1.344438e+01
1.657073e+03 	 1.344438e+01
1.658215e+03 	 1.344438e+01
1.659356e+03 	 1.344438e+01
1.660498e+03 	 1.338489e+01
1.661639e+03 	 1.338489e+01
1.662780e+03 	 1.338489e+01
1.663922e+03 	 1.338489e+01
1.665063e+03 	 1.338489e+01
1.666205e+03 	 1.338489e+01
1.667346e+03 	 1.338489e+01
1.668488e+03 	 1.338489e+01
1.669629e+03 	 1.338489e+01
1.670770e+03 	 1.338489e+01
1.671912e+03 	 1.338489e+01
1.673053e+03 	 1.338489e+01
1.674195e+03 	 1.338489e+01
1.675336e+03 	 1.338489e+01
1.676436e+03 	 1.338489e+01
1.677536e+03 	 1.338489e+01
1.678536e+03 	 1.338489e+01
1.679677e+03 	 1.344438e+01
1.680819e+03 	 1.344438e+01
1.681960e+03 	 1.344438e+01
1.683102e+03 	 1.344438e+01
1.684243e+03 	 1.344438e+01
1.685343e+03 	 1.344438e+01
1.686443e+03 	 1.344438e+01
1.687543e+03 	 1.344438e+01
1.688643e+03 	 1.344438e+01
1.689743e+03 	 1.344438e+01
1.690843e+03 	 1.344438e+01
1.691943e+03 	 1.344438e+01
1.693043e+03 	 1.344438e+01
1.694143e+03 	 1.344438e+01
1.695243e+03 	 1.344438e+01
1.696343e+03 	 1.344438e+01
1.697443e+03 	 1.344438e+01
1.698585e+03 	 1.344438e+01
1.699726e+03 	 1.344438e+01
1.700867e+03 	 1.344438e+01
1.702009e+03 	 1.344438e+01
1.703150e+03 	 1.344438e+01
1.704292e+03 	 1.344438e+01
1.705392e+03 	 1.344438e+01
1.706492e+03 	 1.344438e+01
1.707592e+03 	 1.344438e+01
1.708692e+03 	 1.344438e+01
1.709792e+03 	 1.344438e+01
1.710892e+03 	 1.344438e+01
1.711992e+03 	 1.344438e+01
1.713092e+03 	 1.344438e+01
1.714192e+03 	 1.344438e+01
1.715292e+03 	 1.344438e+01
1.716392e+03 	 1.344438e+01
1.717492e+03 	 1.344438e+01
1.718592e+03 	 1.344438e+01
1.719692e+03 	 1.344438e+01
1.720792e+03 	 1.344438e+01
1.721892e+03 	 1.344438e+01
1.722992e+03 	 1.344438e+01
1.724092e+03 	 1.344438e+01
1.725192e+03 	 1.344438e+01
1.726292e+03 	 1.344438e+01
1.727392e+03 	 1.344438e+01
1.728492e+03 	 1.344438e+01
1.729592e+03 	 1.344438e+01
1.730692e+03 	 1.344438e+01
1.731792e+03 	 1.344438e+01
1.732892e+03 	 1.344438e+01
1.734033e+03 	 1.344438e+01
1.735175e+03 	 1.338489e+01
1.736316e+03 	 1.338489e+01
1.737457e+03 	 1.338489e+01
1.738557e+03 	 1.338489e+01
1.739557e+03 	 1.338489e+01
1.740657e+03 	 1.338489e+01
1.741799e+03 	 1.338489e+01
1.742899e+03 	 1.332540e+01
1.743999e+03 	 1.326591e+01
1.745140e+03 	 1.332540e+01
1.746282e+03 	 1.332540e+01
1.747423e+03 	 1.332540e+01
1.748565e+03 	 1.332540e+01
1.749706e+03 	 1.332540e+01
1.750847e+03 	 1.332540e+01
1.751989e+03 	 1.326591e+01
1.753089e+03 	 1.326591e+01
1.754230e+03 	 1.332540e+01
1.755372e+03 	 1.332540e+01
1.756513e+03 	 1.332540e+01
1.757654e+03 	 1.326591e+01
1.758796e+03 	 1.326591e+01
1.759937e+03 	 1.326591e+01
1.761079e+03 	 1.326591e+01
1.762220e+03 	 1.320642e+01
1.763362e+03 	 1.326591e+01
1.764503e+03 	 1.320642e+01
1.765644e+03 	 1.326591e+01
1.766786e+03 	 1.332540e+01
1.767927e+03 	 1.326591e+01
1.769069e+03 	 1.332540e+01
1.770210e+03 	 1.332540e+01
1.771352e+03 	 1.332540e+01
1.772493e+03 	 1.332540e+01
1.773634e+03 	 1.332540e+01
1.774776e+03 	 1.332540e+01
1.775917e+03 	 1.332540e+01
1.777059e+03 	 1.332540e+01
1.778159e+03 	 1.338489e+01
1.779300e+03 	 1.338489e+01
1.780441e+03 	 1.332540e+01
1.781541e+03 	 1.332540e+01
1.782683e+03 	 1.332540e+01
1.783824e+03 	 1.332540e+01
1.784966e+03 	 1.332540e+01
1.786107e+03 	 1.332540e+01
1.787249e+03 	 1.332540e+01
1.788390e+03 	 1.332540e+01
1.789531e+03 	 1.332540e+01
1.790673e+03 	 1.332540e+01
1.791814e+03 	 1.332540e+01
1.792914e+03 	 1.332540e+01
1.794014e+03 	 1.332540e+01
1.795156e+03 	 1.332540e+01
1.796297e+03 	 1.332540e+01
1.797439e+03 	 1.332540e+01
1.798580e+03 	 1.332540e+01
1.799721e+03 	 1.332540e+01
1.800821e+03 	 1.332540e+01
1.801963e+03 	 1.332540e+01
1.803104e+03 	 1.332540e+01
1.804246e+03 	 1.332540e+01
1.805346e+03 	 1.332540e+01
1.806446e+03 	 1.332540e+01
1.807587e+03 	 1.332540e+01
1.808728e+03 	 1.332540e+01
1.809870e+03 	 1.332540e+01
1.811011e+03 	 1.332540e+01
1.812111e+03 	 1.332540e+01
1.813211e+03 	 1.332540e+01
1.814353e+03 	 1.332540e+01
1.815494e+03 	 1.332540e+01
1.816594e+03 	 1.332540e+01
1.817694e+03 	 1.332540e+01
1.818836e+03 	 1.332540e+01
1.819936e+03 	 1.332540e+01
1.821077e+03 	 1.332540e+01
1.822177e+03 	 1.332540e+01
1.823318e+03 	 1.332540e+01
1.824418e+03 	 1.332540e+01
1.825560e+03 	 1.332540e+01
1.826701e+03 	 1.332540e+01
1.827843e+03 	 1.332540e+01
1.828943e+03 	 1.332540e+01
1.830043e+03 	 1.332540e+01
1.831184e+03 	 1.344438e+01
1.832326e+03 	 1.344438e+01
1.833467e+03 	 1.350387e+01
1.834608e+03 	 1.362284e+01
1.835750e+03 	 1.362284e+01
1.836891e+03 	 1.362284e+01
1.838033e+03 	 1.362284e+01
1.839174e+03 	 1.362284e+01
1.840315e+03 	 1.362284e+01
1.841457e+03 	 1.362284e+01
1.842598e+03 	 1.362284e+01
1.843698e+03 	 1.362284e+01
1.844840e+03 	 1.362284e+01
1.845981e+03 	 1.362284e+01
1.847123e+03 	 1.362284e+01
1.848264e+03 	 1.362284e+01
1.849405e+03 	 1.362284e+01
1.850547e+03 	 1.362284e+01
1.851688e+03 	 1.362284e+01
1.852830e+03 	 1.362284e+01
1.853971e+03 	 1.362284e+01
1.855113e+03 	 1.362284e+01
1.856254e+03 	 1.362284e+01
1.857395e+03 	 1.362284e+01
1.858537e+03 	 1.362284e+01
1.859678e+03 	 1.362284e+01
1.860820e+03 	 1.362284e+01
1.861961e+03 	 1.362284e+01
1.863102e+03 	 1.362284e+01
1.864244e+03 	 1.362284e+01
1.865385e+03 	 1.362284e+01
1.866527e+03 	 1.362284e+01
1.867668e+03 	 1.362284e+01
1.868810e+03 	 1.362284e+01
1.869951e+03 	 1.356336e+01
1.871092e+03 	 1.362284e+01
1.872234e+03 	 1.362284e+01
1.873334e+03 	 1.362284e+01
1.874434e+03 	 1.362284e+01
1.875534e+03 	 1.362284e+01
1.876675e+03 	 1.356336e+01
1.877817e+03 	 1.362284e+01
1.878958e+03 	 1.356336e+01
1.880100e+03 	 1.368233e+01
1.881241e+03 	 1.368233e+01
1.882382e+03 	 1.374182e+01
1.883524e+03 	 1.374182e+01
1.884624e+03 	 1.374182e+01
1.885765e+03 	 1.386080e+01
1.886907e+03 	 1.374182e+01
1.888048e+03 	 1.368233e+01
1.889148e+03 	 1.374182e+01
1.890289e+03 	 1.368233e+01
1.891431e+03 	 1.374182e+01
1.892572e+03 	 1.374182e+01
1.893714e+03 	 1.374182e+01
1.894855e+03 	 1.380131e+01
1.895997e+03 	 1.380131e+01
1.897138e+03 	 1.380131e+01
1.898279e+03 	 1.380131e+01
1.899421e+03 	 1.380131e+01
1.900562e+03 	 1.380131e+01
1.901662e+03 	 1.380131e+01
1.902762e+03 	 1.380131e+01
1.903862e+03 	 1.380131e+01
1.905004e+03 	 1.380131e+01
1.906145e+03 	 1.380131e+01
1.907287e+03 	 1.380131e+01
1.908428e+03 	 1.380131e+01
1.909569e+03 	 1.380131e+01
1.910669e+03 	 1.380131e+01
1.911769e+03 	 1.380131e+01
1.912911e+03 	 1.386080e+01
1.914052e+03 	 1.386080e+01
1.915194e+03 	 1.386080e+01
1.916335e+03 	 1.386080e+01
1.917435e+03 	 1.386080e+01
1.918535e+03 	 1.386080e+01
1.919635e+03 	 1.392029e+01
1.920735e+03 	 1.392029e+01
1.921835e+03 	 1.392029e+01
1.922976e+03 	 1.392029e+01
1.924118e+03 	 1.392029e+01
1.925259e+03 	 1.392029e+01
1.926401e+03 	 1.392029e+01
1.927542e+03 	 1.386080e+01
1.928642e+03 	 1.386080e+01
1.929742e+03 	 1.386080e+01
1.930842e+03 	 1.392029e+01
1.931984e+03 	 1.386080e+01
1.933084e+03 	 1.386080e+01
1.934225e+03 	 1.386080e+01
1.935366e+03 	 1.386080e+01
1.936508e+03 	 1.386080e+01
1.937649e+03 	 1.386080e+01
1.938791e+03 	 1.392029e+01
1.939932e+03 	 1.386080e+01
1.941032e+03 	 1.380131e+01
1.942174e+03 	 1.374182e+01
1.943315e+03 	 1.380131e+01
1.944456e+03 	 1.380131e+01
1.945598e+03 	 1.374182e+01
1.946739e+03 	 1.374182e+01
1.947881e+03 	 1.380131e+01
1.949022e+03 	 1.380131e+01
1.950163e+03 	 1.380131e+01
1.951305e+03 	 1.380131e+01
1.952446e+03 	 1.374182e+01
1.953546e+03 	 1.374182e+01
1.954646e+03 	 1.374182e+01
1.955788e+03 	 1.374182e+01
1.956888e+03 	 1.374182e+01
1.957888e+03 	 1.374182e+01
1.958888e+03 	 1.374182e+01
1.960029e+03 	 1.374182e+01
1.961171e+03 	 1.374182e+01
1.962312e+03 	 1.374182e+01
1.963412e+03 	 1.374182e+01
1.964553e+03 	 1.374182e+01
1.965695e+03 	 1.380131e+01
1.966836e+03 	 1.380131e+01
1.967978e+03 	 1.380131e+01
1.969119e+03 	 1.380131e+01
1.970261e+03 	 1.380131e+01
1.971402e+03 	 1.380131e+01
1.972543e+03 	 1.380131e+01
1.973685e+03 	 1.380131e+01
1.974826e+03 	 1.403926e+01
1.975968e+03 	 1.397977e+01
1.977109e+03 	 1.397977e+01
1.978209e+03 	 1.397977e+01
1.979350e+03 	 1.403926e+01
1.980492e+03 	 1.403926e+01
1.981633e+03 	 1.403926e+01
1.982733e+03 	 1.397977e+01
1.983875e+03 	 1.397977e+01
1.984975e+03 	 1.403926e+01
1.986116e+03 	 1.403926e+01
1.987258e+03 	 1.403926e+01
1.988399e+03 	 1.403926e+01
1.989540e+03 	 1.403926e+01
1.990682e+03 	 1.403926e+01
1.991823e+03 	 1.403926e+01
1.992965e+03 	 1.403926e+01
1.994106e+03 	 1.403926e+01
1.995206e+03 	 1.403926e+01
1.996348e+03 	 1.403926e+01
1.997448e+03 	 1.403926e+01
1.998548e+03 	 1.403926e+01
1.999648e+03 	 1.403926e+01
2.000789e+03 	 1.403926e+01
