1 	 9.333730e+01
1.614214e+01 	 8.346222e+01
3.128427e+01 	 8.298632e+01
4.642641e+01 	 7.483641e+01
6.156854e+01 	 7.293278e+01
7.256854e+01 	 7.198096e+01
8.356854e+01 	 7.126710e+01
9.871068e+01 	 6.936347e+01
1.138528e+02 	 6.621059e+01
1.248528e+02 	 6.032124e+01
1.358528e+02 	 4.991077e+01
1.509949e+02 	 3.509816e+01
1.661371e+02 	 3.045806e+01
1.771371e+02 	 2.813801e+01
1.881371e+02 	 2.712671e+01
1.991371e+02 	 3.200476e+01
2.105774e+02 	 2.879239e+01
2.195774e+02 	 2.879239e+01
2.333053e+02 	 2.659131e+01
2.477589e+02 	 2.688876e+01
2.558300e+02 	 2.665080e+01
2.670280e+02 	 2.998215e+01
2.802346e+02 	 2.522308e+01
2.892346e+02 	 2.510410e+01
3.043767e+02 	 2.070196e+01
3.181830e+02 	 2.123736e+01
3.326366e+02 	 2.123736e+01
3.407077e+02 	 2.129685e+01
3.519057e+02 	 1.820345e+01
3.609680e+02 	 1.766805e+01
3.695837e+02 	 1.707317e+01
3.813541e+02 	 1.743010e+01
3.873541e+02 	 1.653778e+01
3.961643e+02 	 1.588340e+01
4.061643e+02 	 1.624033e+01
4.213065e+02 	 1.409875e+01
4.323065e+02 	 1.421773e+01
4.444868e+02 	 1.415824e+01
4.518899e+02 	 1.421773e+01
4.628899e+02 	 1.374182e+01
4.746603e+02 	 1.374182e+01
4.856603e+02 	 1.374182e+01
4.967101e+02 	 1.386080e+01
5.077101e+02 	 1.392029e+01
5.187600e+02 	 1.386080e+01
5.278223e+02 	 1.397977e+01
5.416285e+02 	 1.397977e+01
5.548351e+02 	 1.356336e+01
5.625433e+02 	 1.338489e+01
5.735433e+02 	 1.338489e+01
5.816143e+02 	 1.338489e+01
5.926143e+02 	 1.338489e+01
6.036143e+02 	 1.338489e+01
6.146143e+02 	 1.338489e+01
6.256642e+02 	 1.338489e+01
6.368623e+02 	 1.344438e+01
6.451424e+02 	 1.386080e+01
6.567725e+02 	 1.350387e+01
6.719146e+02 	 1.356336e+01
6.819700e+02 	 1.356336e+01
6.919700e+02 	 1.344438e+01
6.999700e+02 	 1.344438e+01
7.121504e+02 	 1.261154e+01
7.202214e+02 	 1.213563e+01
7.353636e+02 	 1.219512e+01
7.485701e+02 	 1.249256e+01
7.612320e+02 	 1.183819e+01
7.742736e+02 	 1.177870e+01
7.864540e+02 	 1.183819e+01
7.986343e+02 	 1.177870e+01
8.096842e+02 	 1.177870e+01
8.196842e+02 	 1.183819e+01
8.323461e+02 	 1.183819e+01
8.383461e+02 	 1.177870e+01
8.471563e+02 	 1.177870e+01
8.609626e+02 	 1.177870e+01
8.720125e+02 	 1.189768e+01
8.871546e+02 	 1.374182e+01
8.973741e+02 	 1.273052e+01
9.090043e+02 	 1.273052e+01
9.200542e+02 	 1.273052e+01
9.311040e+02 	 1.273052e+01
9.385072e+02 	 1.279001e+01
9.485625e+02 	 1.279001e+01
9.595625e+02 	 1.279001e+01
9.695625e+02 	 1.279001e+01
9.783728e+02 	 1.284949e+01
9.873728e+02 	 1.279001e+01
9.983728e+02 	 1.284949e+01
1.009373e+03 	 1.279001e+01
1.019592e+03 	 1.279001e+01
1.030592e+03 	 1.279001e+01
1.039592e+03 	 1.279001e+01
1.050888e+03 	 1.284949e+01
1.061108e+03 	 1.279001e+01
1.072108e+03 	 1.308745e+01
1.085314e+03 	 1.308745e+01
1.094858e+03 	 1.302796e+01
1.107038e+03 	 1.320642e+01
1.117094e+03 	 1.314694e+01
1.128864e+03 	 1.308745e+01
1.130864e+03 	 1.314694e+01
1.140864e+03 	 1.314694e+01
1.150864e+03 	 1.314694e+01
1.162494e+03 	 1.308745e+01
1.173935e+03 	 1.314694e+01
1.181338e+03 	 1.314694e+01
1.193518e+03 	 1.255205e+01
1.206725e+03 	 1.219512e+01
1.219038e+03 	 1.225461e+01
1.228038e+03 	 1.225461e+01
1.234695e+03 	 1.225461e+01
1.245695e+03 	 1.225461e+01
1.253403e+03 	 1.219512e+01
1.261683e+03 	 1.225461e+01
1.275490e+03 	 1.201666e+01
1.286540e+03 	 1.225461e+01
1.295155e+03 	 1.213563e+01
1.305642e+03 	 1.201666e+01
1.318044e+03 	 1.201666e+01
1.327044e+03 	 1.201666e+01
1.339224e+03 	 1.201666e+01
1.344347e+03 	 1.207615e+01
1.355788e+03 	 1.225461e+01
1.365732e+03 	 1.231410e+01
1.376732e+03 	 1.231410e+01
1.385732e+03 	 1.231410e+01
1.396782e+03 	 1.231410e+01
1.407832e+03 	 1.231410e+01
1.417887e+03 	 1.231410e+01
1.430289e+03 	 1.231410e+01
1.440508e+03 	 1.243308e+01
1.450111e+03 	 1.243308e+01
1.459111e+03 	 1.243308e+01
1.470111e+03 	 1.243308e+01
1.479173e+03 	 1.207615e+01
1.490173e+03 	 1.219512e+01
1.502835e+03 	 1.219512e+01
1.508835e+03 	 1.225461e+01
1.517835e+03 	 1.219512e+01
1.532977e+03 	 1.225461e+01
1.548119e+03 	 1.225461e+01
1.559019e+03 	 1.225461e+01
1.565019e+03 	 1.231410e+01
1.575868e+03 	 1.177870e+01
1.584079e+03 	 1.183819e+01
1.590910e+03 	 1.183819e+01
1.601910e+03 	 1.177870e+01
1.610720e+03 	 1.177870e+01
1.625862e+03 	 1.177870e+01
1.633862e+03 	 1.177870e+01
1.639862e+03 	 1.177870e+01
1.650862e+03 	 1.177870e+01
1.662158e+03 	 1.154075e+01
1.674338e+03 	 1.154075e+01
1.681338e+03 	 1.154075e+01
1.695792e+03 	 1.171921e+01
1.707087e+03 	 1.183819e+01
1.716149e+03 	 1.183819e+01
1.731292e+03 	 1.183819e+01
1.739503e+03 	 1.183819e+01
1.749722e+03 	 1.183819e+01
1.762764e+03 	 1.183819e+01
1.769421e+03 	 1.183819e+01
1.781601e+03 	 1.183819e+01
1.789672e+03 	 1.189768e+01
1.801442e+03 	 1.195717e+01
1.811498e+03 	 1.231410e+01
1.820983e+03 	 1.237359e+01
1.833385e+03 	 1.237359e+01
1.840042e+03 	 1.237359e+01
1.845042e+03 	 1.237359e+01
1.856812e+03 	 1.237359e+01
1.871954e+03 	 1.237359e+01
1.880165e+03 	 1.237359e+01
1.887568e+03 	 1.243308e+01
1.899749e+03 	 1.237359e+01
1.911929e+03 	 1.225461e+01
1.922929e+03 	 1.207615e+01
1.935109e+03 	 1.207615e+01
1.946405e+03 	 1.207615e+01
1.953236e+03 	 1.207615e+01
1.967690e+03 	 1.207615e+01
1.978176e+03 	 1.195717e+01
1.990838e+03 	 1.195717e+01
2.002609e+03 	 1.201666e+01
