1 	 8.857823e+01
1.614214e+01 	 8.512790e+01
2.714214e+01 	 8.423557e+01
4.228427e+01 	 8.233195e+01
5.742641e+01 	 7.858418e+01
7.256854e+01 	 7.816776e+01
8.702217e+01 	 7.352766e+01
9.702217e+01 	 7.471743e+01
1.114758e+02 	 6.966092e+01
1.259294e+02 	 6.686496e+01
1.381098e+02 	 6.174896e+01
1.532519e+02 	 5.455086e+01
1.683940e+02 	 3.837002e+01
1.835362e+02 	 3.444378e+01
1.957165e+02 	 2.914932e+01
2.067165e+02 	 2.980369e+01
2.177664e+02 	 2.986318e+01
2.329085e+02 	 3.027960e+01
2.425108e+02 	 3.063653e+01
2.542812e+02 	 2.926829e+01
2.632812e+02 	 2.926829e+01
2.696663e+02 	 2.920880e+01
2.818467e+02 	 3.349197e+01
2.932870e+02 	 2.748364e+01
3.084291e+02 	 2.671029e+01
3.180314e+02 	 1.963117e+01
3.270314e+02 	 1.933373e+01
3.386616e+02 	 1.867936e+01
3.510633e+02 	 1.814396e+01
3.642699e+02 	 1.826294e+01
3.759000e+02 	 1.808447e+01
3.875302e+02 	 1.808447e+01
3.935302e+02 	 1.808447e+01
4.057105e+02 	 1.814396e+01
4.167105e+02 	 1.790601e+01
4.318527e+02 	 1.624033e+01
4.469948e+02 	 1.618084e+01
4.621369e+02 	 1.606187e+01
4.731868e+02 	 1.368233e+01
4.849571e+02 	 1.374182e+01
4.961552e+02 	 1.362284e+01
5.106088e+02 	 1.362284e+01
5.206088e+02 	 1.362284e+01
5.327891e+02 	 1.350387e+01
5.428445e+02 	 1.326591e+01
5.510556e+02 	 1.207615e+01
5.637175e+02 	 1.213563e+01
5.760312e+02 	 1.207615e+01
5.864652e+02 	 1.201666e+01
5.974652e+02 	 1.201666e+01
6.048683e+02 	 1.207615e+01
6.138683e+02 	 1.213563e+01
6.238683e+02 	 1.207615e+01
6.348683e+02 	 1.195717e+01
6.461640e+02 	 1.142177e+01
6.535671e+02 	 1.142177e+01
6.585671e+02 	 1.142177e+01
6.698627e+02 	 1.160024e+01
6.786730e+02 	 1.136228e+01
6.896730e+02 	 1.148126e+01
7.014433e+02 	 1.148126e+01
7.118773e+02 	 1.148126e+01
7.218216e+02 	 1.201666e+01
7.328216e+02 	 1.219512e+01
7.460281e+02 	 1.219512e+01
7.562477e+02 	 1.213563e+01
7.654939e+02 	 1.219512e+01
7.759279e+02 	 1.219512e+01
7.873682e+02 	 1.207615e+01
7.975877e+02 	 1.243308e+01
8.062035e+02 	 1.243308e+01
8.206571e+02 	 1.243308e+01
8.287282e+02 	 1.243308e+01
8.387282e+02 	 1.237359e+01
8.501685e+02 	 1.237359e+01
8.547740e+02 	 1.237359e+01
8.638363e+02 	 1.237359e+01
8.770428e+02 	 1.237359e+01
8.850428e+02 	 1.237359e+01
8.946452e+02 	 1.237359e+01
9.056452e+02 	 1.237359e+01
9.183071e+02 	 1.195717e+01
9.309690e+02 	 1.195717e+01
9.427393e+02 	 1.195717e+01
9.527947e+02 	 1.195717e+01
9.665226e+02 	 1.195717e+01
9.765226e+02 	 1.195717e+01
9.875226e+02 	 1.177870e+01
1.000185e+03 	 1.177870e+01
1.011185e+03 	 1.177870e+01
1.019256e+03 	 1.177870e+01
1.031917e+03 	 1.171921e+01
1.043734e+03 	 1.171921e+01
1.054734e+03 	 1.171921e+01
1.062805e+03 	 1.171921e+01
1.073805e+03 	 1.177870e+01
1.082867e+03 	 1.183819e+01
1.093301e+03 	 1.201666e+01
1.105482e+03 	 1.201666e+01
1.114544e+03 	 1.213563e+01
1.122824e+03 	 1.213563e+01
1.129481e+03 	 1.213563e+01
1.144623e+03 	 1.231410e+01
1.156803e+03 	 1.231410e+01
1.162803e+03 	 1.231410e+01
1.173803e+03 	 1.219512e+01
1.181875e+03 	 1.165973e+01
1.194536e+03 	 1.165973e+01
1.208264e+03 	 1.165973e+01
1.217327e+03 	 1.165973e+01
1.227271e+03 	 1.165973e+01
1.233271e+03 	 1.165973e+01
1.239271e+03 	 1.165973e+01
1.249271e+03 	 1.165973e+01
1.260567e+03 	 1.165973e+01
1.271001e+03 	 1.165973e+01
1.284207e+03 	 1.171921e+01
1.298013e+03 	 1.171921e+01
1.306013e+03 	 1.171921e+01
1.311013e+03 	 1.165973e+01
1.319824e+03 	 1.165973e+01
1.332485e+03 	 1.165973e+01
1.344256e+03 	 1.189768e+01
1.353318e+03 	 1.183819e+01
1.362380e+03 	 1.183819e+01
1.376187e+03 	 1.160024e+01
1.384187e+03 	 1.165973e+01
1.392802e+03 	 1.165973e+01
1.398802e+03 	 1.165973e+01
1.409802e+03 	 1.165973e+01
1.419802e+03 	 1.165973e+01
1.431983e+03 	 1.171921e+01
1.439065e+03 	 1.165973e+01
1.448128e+03 	 1.165973e+01
1.455128e+03 	 1.165973e+01
1.461128e+03 	 1.165973e+01
1.473308e+03 	 1.165973e+01
1.486515e+03 	 1.160024e+01
1.493515e+03 	 1.160024e+01
1.507968e+03 	 1.160024e+01
1.513440e+03 	 1.160024e+01
1.521651e+03 	 1.160024e+01
1.531596e+03 	 1.160024e+01
1.538596e+03 	 1.160024e+01
1.550776e+03 	 1.160024e+01
1.562956e+03 	 1.177870e+01
1.575618e+03 	 1.189768e+01
1.586467e+03 	 1.195717e+01
1.599674e+03 	 1.201666e+01
1.612336e+03 	 1.142177e+01
1.624106e+03 	 1.136228e+01
1.630106e+03 	 1.136228e+01
1.641106e+03 	 1.136228e+01
1.656248e+03 	 1.142177e+01
1.666468e+03 	 1.225461e+01
1.678238e+03 	 1.225461e+01
1.692692e+03 	 1.225461e+01
1.700903e+03 	 1.225461e+01
1.712719e+03 	 1.225461e+01
1.720122e+03 	 1.225461e+01
1.726122e+03 	 1.225461e+01
1.731122e+03 	 1.225461e+01
1.742122e+03 	 1.225461e+01
1.757265e+03 	 1.231410e+01
1.772407e+03 	 1.231410e+01
1.782841e+03 	 1.231410e+01
1.789841e+03 	 1.231410e+01
1.802021e+03 	 1.231410e+01
1.809424e+03 	 1.231410e+01
1.821195e+03 	 1.231410e+01
1.832195e+03 	 1.231410e+01
1.847337e+03 	 1.231410e+01
1.859107e+03 	 1.231410e+01
1.866107e+03 	 1.231410e+01
1.878769e+03 	 1.231410e+01
1.889769e+03 	 1.231410e+01
1.898831e+03 	 1.231410e+01
1.907893e+03 	 1.243308e+01
1.923036e+03 	 1.255205e+01
1.931107e+03 	 1.255205e+01
1.939178e+03 	 1.249256e+01
1.951579e+03 	 1.249256e+01
1.958983e+03 	 1.255205e+01
1.964983e+03 	 1.255205e+01
1.969983e+03 	 1.255205e+01
1.975983e+03 	 1.255205e+01
1.988163e+03 	 1.255205e+01
2.003305e+03 	 1.243308e+01
2.011376e+03 	 1.255205e+01
2.021596e+03 	 1.255205e+01
2.031815e+03 	 1.255205e+01
2.041061e+03 	 1.255205e+01
2.051117e+03 	 1.225461e+01
2.060719e+03 	 1.219512e+01
2.073121e+03 	 1.225461e+01
2.082606e+03 	 1.219512e+01
2.093606e+03 	 1.219512e+01
2.101606e+03 	 1.219512e+01
2.109817e+03 	 1.219512e+01
2.123024e+03 	 1.219512e+01
2.134074e+03 	 1.219512e+01
2.140459e+03 	 1.219512e+01
2.151459e+03 	 1.219512e+01
2.156459e+03 	 1.219512e+01
2.163116e+03 	 1.219512e+01
2.174314e+03 	 1.219512e+01
2.188767e+03 	 1.160024e+01
2.200948e+03 	 1.160024e+01
2.212146e+03 	 1.142177e+01
2.225352e+03 	 1.148126e+01
2.237123e+03 	 1.154075e+01
2.246123e+03 	 1.136228e+01
2.257123e+03 	 1.136228e+01
2.264123e+03 	 1.136228e+01
2.269123e+03 	 1.136228e+01
2.281303e+03 	 1.136228e+01
2.290113e+03 	 1.136228e+01
2.301311e+03 	 1.136228e+01
2.316453e+03 	 1.154075e+01
2.327894e+03 	 1.154075e+01
2.340074e+03 	 1.154075e+01
2.345074e+03 	 1.154075e+01
2.356074e+03 	 1.154075e+01
2.367844e+03 	 1.154075e+01
2.377789e+03 	 1.154075e+01
2.388789e+03 	 1.154075e+01
2.400969e+03 	 1.160024e+01
2.409779e+03 	 1.160024e+01
2.422441e+03 	 1.154075e+01
2.433441e+03 	 1.154075e+01
2.439441e+03 	 1.154075e+01
2.449441e+03 	 1.183819e+01
2.463895e+03 	 1.183819e+01
2.472705e+03 	 1.183819e+01
2.481515e+03 	 1.183819e+01
2.491118e+03 	 1.183819e+01
2.500720e+03 	 1.183819e+01
2.505843e+03 	 1.183819e+01
2.520297e+03 	 1.177870e+01
2.531297e+03 	 1.177870e+01
2.544503e+03 	 1.177870e+01
2.554106e+03 	 1.177870e+01
2.565876e+03 	 1.183819e+01
2.576876e+03 	 1.160024e+01
2.585876e+03 	 1.160024e+01
2.593876e+03 	 1.160024e+01
2.598876e+03 	 1.160024e+01
2.614018e+03 	 1.160024e+01
2.627824e+03 	 1.183819e+01
2.637368e+03 	 1.183819e+01
2.649185e+03 	 1.183819e+01
2.654308e+03 	 1.183819e+01
2.665308e+03 	 1.183819e+01
2.671308e+03 	 1.183819e+01
2.677308e+03 	 1.189768e+01
2.688604e+03 	 1.195717e+01
2.700044e+03 	 1.201666e+01
2.711340e+03 	 1.201666e+01
2.722340e+03 	 1.201666e+01
2.731402e+03 	 1.201666e+01
2.743172e+03 	 1.201666e+01
2.748172e+03 	 1.201666e+01
2.754829e+03 	 1.201666e+01
2.763040e+03 	 1.201666e+01
2.774090e+03 	 1.160024e+01
2.783692e+03 	 1.160024e+01
2.793637e+03 	 1.160024e+01
2.801848e+03 	 1.160024e+01
2.812848e+03 	 1.160024e+01
2.820848e+03 	 1.160024e+01
2.831282e+03 	 1.160024e+01
2.844488e+03 	 1.160024e+01
2.853298e+03 	 1.165973e+01
2.865479e+03 	 1.165973e+01
2.871479e+03 	 1.165973e+01
2.882479e+03 	 1.165973e+01
2.896285e+03 	 1.165973e+01
2.908465e+03 	 1.160024e+01
2.915465e+03 	 1.160024e+01
2.921465e+03 	 1.160024e+01
2.934127e+03 	 1.165973e+01
2.942198e+03 	 1.148126e+01
2.954600e+03 	 1.154075e+01
2.967002e+03 	 1.154075e+01
2.978772e+03 	 1.154075e+01
2.993914e+03 	 1.154075e+01
3.007721e+03 	 1.148126e+01
