1 	 9.309935e+01
3.414214e+00 	 9.303986e+01
5.828427e+00 	 9.262344e+01
8.242641e+00 	 9.214753e+01
1.065685e+01 	 9.214753e+01
1.307107e+01 	 9.185009e+01
1.548528e+01 	 9.042237e+01
1.789949e+01 	 8.875669e+01
2.031371e+01 	 8.869720e+01
2.272792e+01 	 8.875669e+01
2.514214e+01 	 8.822130e+01
2.755635e+01 	 8.703153e+01
2.997056e+01 	 8.631767e+01
3.238478e+01 	 8.483046e+01
3.479899e+01 	 8.494943e+01
3.721320e+01 	 8.494943e+01
3.962742e+01 	 8.477097e+01
4.204163e+01 	 8.429506e+01
4.445584e+01 	 8.262939e+01
4.687006e+01 	 8.048780e+01
4.928427e+01 	 7.816776e+01
5.169848e+01 	 7.727543e+01
5.411270e+01 	 7.584771e+01
5.652691e+01 	 7.495538e+01
5.894113e+01 	 7.400357e+01
6.135534e+01 	 7.328971e+01
6.376955e+01 	 7.239738e+01
6.618377e+01 	 7.192148e+01
6.859798e+01 	 7.138608e+01
7.101219e+01 	 7.037478e+01
7.342641e+01 	 6.835217e+01
7.584062e+01 	 6.692445e+01
7.825483e+01 	 6.609161e+01
8.066905e+01 	 6.632957e+01
8.308326e+01 	 6.674598e+01
8.508326e+01 	 6.668650e+01
8.708326e+01 	 6.656752e+01
8.908326e+01 	 6.674598e+01
9.108326e+01 	 6.573468e+01
9.308326e+01 	 6.490184e+01
9.508326e+01 	 6.341463e+01
9.749747e+01 	 6.287924e+01
9.991169e+01 	 6.228435e+01
1.023259e+02 	 6.180845e+01
1.047401e+02 	 6.180845e+01
1.071543e+02 	 6.055919e+01
1.095685e+02 	 6.977989e+01
1.119828e+02 	 6.966092e+01
1.143970e+02 	 6.686496e+01
1.168112e+02 	 5.669244e+01
1.192254e+02 	 5.704938e+01
1.216396e+02 	 5.942891e+01
1.240538e+02 	 6.276026e+01
1.264680e+02 	 6.240333e+01
1.288823e+02 	 6.222487e+01
1.312965e+02 	 6.210589e+01
1.337107e+02 	 6.162998e+01
1.361249e+02 	 6.121356e+01
1.385391e+02 	 6.133254e+01
1.409533e+02 	 6.067817e+01
1.433675e+02 	 6.026175e+01
1.457817e+02 	 5.930993e+01
1.481960e+02 	 5.883403e+01
1.506102e+02 	 5.823914e+01
1.530244e+02 	 5.800119e+01
1.554386e+02 	 5.526472e+01
1.578528e+02 	 5.348007e+01
1.602670e+02 	 5.401547e+01
1.626812e+02 	 5.431291e+01
1.650955e+02 	 5.437240e+01
1.675097e+02 	 5.425342e+01
1.699239e+02 	 5.413444e+01
1.723381e+02 	 5.425342e+01
1.747523e+02 	 5.330161e+01
1.771665e+02 	 5.169542e+01
1.795807e+02 	 4.949435e+01
1.819949e+02 	 4.271267e+01
1.844092e+02 	 4.271267e+01
1.868234e+02 	 4.289114e+01
1.892376e+02 	 4.289114e+01
1.916518e+02 	 4.253421e+01
1.940660e+02 	 3.926234e+01
1.964802e+02 	 4.086853e+01
1.988944e+02 	 4.080904e+01
2.013087e+02 	 4.104700e+01
2.037229e+02 	 4.098751e+01
2.061371e+02 	 4.187983e+01
2.085513e+02 	 4.205830e+01
2.109655e+02 	 3.985723e+01
2.133797e+02 	 3.795360e+01
2.157939e+02 	 3.688281e+01
2.182082e+02 	 3.587151e+01
2.206224e+02 	 3.604997e+01
2.230366e+02 	 3.569304e+01
2.254508e+02 	 3.563355e+01
2.278650e+02 	 3.539560e+01
2.302792e+02 	 3.533611e+01
2.326934e+02 	 3.527662e+01
2.346934e+02 	 3.521713e+01
2.366934e+02 	 3.521713e+01
2.386934e+02 	 3.515764e+01
2.406934e+02 	 3.527662e+01
2.426934e+02 	 3.575253e+01
2.446934e+02 	 3.521713e+01
2.466934e+02 	 3.509816e+01
2.486934e+02 	 3.509816e+01
2.506934e+02 	 3.497918e+01
2.526934e+02 	 3.450327e+01
2.546934e+02 	 3.450327e+01
2.566934e+02 	 3.438430e+01
2.586934e+02 	 3.438430e+01
2.606934e+02 	 3.438430e+01
2.626934e+02 	 3.462225e+01
2.646934e+02 	 3.450327e+01
2.666934e+02 	 3.456276e+01
2.686934e+02 	 3.456276e+01
2.706934e+02 	 3.450327e+01
2.726934e+02 	 3.450327e+01
2.746934e+02 	 3.456276e+01
2.766934e+02 	 3.456276e+01
2.786934e+02 	 3.456276e+01
2.806934e+02 	 3.450327e+01
2.826934e+02 	 3.450327e+01
2.846934e+02 	 3.438430e+01
2.866934e+02 	 3.414634e+01
2.886934e+02 	 3.390839e+01
2.906934e+02 	 3.384890e+01
2.926934e+02 	 3.372992e+01
2.946934e+02 	 3.349197e+01
2.966934e+02 	 3.313504e+01
2.986934e+02 	 3.295657e+01
3.011076e+02 	 3.295657e+01
3.035219e+02 	 3.307555e+01
3.055219e+02 	 3.325402e+01
3.075219e+02 	 3.325402e+01
3.095219e+02 	 3.307555e+01
3.115219e+02 	 3.307555e+01
3.135219e+02 	 3.301606e+01
3.155219e+02 	 3.277811e+01
3.175219e+02 	 3.259964e+01
3.195219e+02 	 3.277811e+01
3.215219e+02 	 3.277811e+01
3.235219e+02 	 3.271862e+01
3.255219e+02 	 3.277811e+01
3.275219e+02 	 3.337299e+01
3.295219e+02 	 3.390839e+01
3.315219e+02 	 3.456276e+01
3.335219e+02 	 3.515764e+01
3.355219e+02 	 3.569304e+01
3.375219e+02 	 3.634741e+01
3.395219e+02 	 3.527662e+01
3.415219e+02 	 3.384890e+01
3.435219e+02 	 3.129090e+01
3.455219e+02 	 3.105294e+01
3.475219e+02 	 3.105294e+01
3.495219e+02 	 3.099346e+01
3.519361e+02 	 3.063653e+01
3.543503e+02 	 3.033908e+01
3.563503e+02 	 2.980369e+01
3.587645e+02 	 2.986318e+01
3.611787e+02 	 2.986318e+01
3.635929e+02 	 2.962522e+01
3.660071e+02 	 2.962522e+01
3.684214e+02 	 2.962522e+01
3.708356e+02 	 2.903034e+01
3.732498e+02 	 2.647234e+01
3.752498e+02 	 2.540155e+01
3.776640e+02 	 2.938727e+01
3.800782e+02 	 2.724569e+01
3.824924e+02 	 2.956573e+01
3.849066e+02 	 3.152885e+01
3.873209e+02 	 3.283760e+01
3.897351e+02 	 3.289709e+01
3.921493e+02 	 3.384890e+01
3.945635e+02 	 3.307555e+01
3.969777e+02 	 3.271862e+01
3.993919e+02 	 3.254015e+01
4.018061e+02 	 3.265913e+01
4.042203e+02 	 2.885187e+01
4.066346e+02 	 3.158834e+01
4.090488e+02 	 3.152885e+01
4.114630e+02 	 3.039857e+01
4.138772e+02 	 2.885187e+01
4.162914e+02 	 2.908983e+01
4.187056e+02 	 2.932778e+01
4.211198e+02 	 2.920880e+01
4.235341e+02 	 2.897085e+01
4.259483e+02 	 2.843546e+01
4.283625e+02 	 2.641285e+01
4.307767e+02 	 2.171327e+01
4.331909e+02 	 2.034503e+01
4.356051e+02 	 2.034503e+01
4.380193e+02 	 2.034503e+01
4.404335e+02 	 2.034503e+01
4.428478e+02 	 2.040452e+01
4.452620e+02 	 2.058299e+01
4.476762e+02 	 2.052350e+01
4.500904e+02 	 2.058299e+01
4.525046e+02 	 2.052350e+01
4.549188e+02 	 2.034503e+01
4.573330e+02 	 2.034503e+01
4.597473e+02 	 2.022606e+01
4.617473e+02 	 2.016657e+01
4.637473e+02 	 2.016657e+01
4.657473e+02 	 2.004759e+01
4.677473e+02 	 2.004759e+01
4.697473e+02 	 1.998810e+01
4.707473e+02 	 1.998810e+01
4.717473e+02 	 1.998810e+01
4.727473e+02 	 1.998810e+01
4.747473e+02 	 2.004759e+01
4.767473e+02 	 2.004759e+01
4.787473e+02 	 2.004759e+01
4.807473e+02 	 1.998810e+01
4.827473e+02 	 1.998810e+01
4.847473e+02 	 1.998810e+01
4.867473e+02 	 1.998810e+01
4.887473e+02 	 1.986913e+01
4.907473e+02 	 1.986913e+01
4.927473e+02 	 1.969066e+01
4.947473e+02 	 1.963117e+01
4.967473e+02 	 1.951220e+01
4.987473e+02 	 1.921475e+01
5.007473e+02 	 1.909578e+01
5.027473e+02 	 1.897680e+01
5.047473e+02 	 1.909578e+01
5.067473e+02 	 1.909578e+01
5.087473e+02 	 1.927424e+01
5.107473e+02 	 1.939322e+01
5.127473e+02 	 1.873885e+01
5.147473e+02 	 1.992861e+01
5.167473e+02 	 2.010708e+01
5.187473e+02 	 2.022606e+01
5.207473e+02 	 1.969066e+01
5.227473e+02 	 1.951220e+01
5.247473e+02 	 1.921475e+01
5.267473e+02 	 1.909578e+01
5.287473e+02 	 1.867936e+01
5.307473e+02 	 1.850089e+01
5.327473e+02 	 1.844140e+01
5.347473e+02 	 1.844140e+01
5.367473e+02 	 1.844140e+01
5.387473e+02 	 1.850089e+01
5.407473e+02 	 1.844140e+01
5.427473e+02 	 1.844140e+01
5.447473e+02 	 1.844140e+01
5.467473e+02 	 1.838192e+01
5.487473e+02 	 1.838192e+01
5.507473e+02 	 1.826294e+01
5.517473e+02 	 1.814396e+01
5.527473e+02 	 1.814396e+01
5.537473e+02 	 1.802499e+01
5.547473e+02 	 1.802499e+01
5.557473e+02 	 1.802499e+01
5.567473e+02 	 1.796550e+01
5.577473e+02 	 1.796550e+01
5.587473e+02 	 1.796550e+01
5.597473e+02 	 1.796550e+01
5.607473e+02 	 1.790601e+01
5.627473e+02 	 1.796550e+01
5.647473e+02 	 1.796550e+01
5.667473e+02 	 1.790601e+01
5.687473e+02 	 1.796550e+01
5.711615e+02 	 1.796550e+01
5.735757e+02 	 1.796550e+01
5.759899e+02 	 1.790601e+01
5.784041e+02 	 1.796550e+01
5.794041e+02 	 1.796550e+01
5.818183e+02 	 1.796550e+01
5.842325e+02 	 1.796550e+01
5.862325e+02 	 1.802499e+01
5.886468e+02 	 1.796550e+01
5.910610e+02 	 1.796550e+01
5.934752e+02 	 1.796550e+01
5.958894e+02 	 1.796550e+01
5.983036e+02 	 1.784652e+01
6.007178e+02 	 1.772754e+01
6.031320e+02 	 1.778703e+01
6.051320e+02 	 1.778703e+01
6.075462e+02 	 1.778703e+01
6.099605e+02 	 1.772754e+01
6.123747e+02 	 1.766805e+01
6.143747e+02 	 1.743010e+01
6.163747e+02 	 1.743010e+01
6.183747e+02 	 1.719215e+01
6.203747e+02 	 1.689471e+01
6.223747e+02 	 1.635931e+01
6.243747e+02 	 1.612136e+01
6.267889e+02 	 1.576443e+01
6.287889e+02 	 1.558596e+01
6.307889e+02 	 1.534801e+01
6.332031e+02 	 1.540750e+01
6.356173e+02 	 1.534801e+01
6.380315e+02 	 1.534801e+01
6.404457e+02 	 1.534801e+01
6.424457e+02 	 1.534801e+01
6.448600e+02 	 1.534801e+01
6.472742e+02 	 1.534801e+01
6.496884e+02 	 1.534801e+01
6.521026e+02 	 1.528852e+01
6.545168e+02 	 1.528852e+01
6.569310e+02 	 1.528852e+01
6.589310e+02 	 1.528852e+01
6.599310e+02 	 1.528852e+01
6.623452e+02 	 1.528852e+01
6.647595e+02 	 1.528852e+01
6.671737e+02 	 1.528852e+01
6.691737e+02 	 1.516954e+01
6.701737e+02 	 1.511005e+01
6.711737e+02 	 1.511005e+01
6.721737e+02 	 1.511005e+01
6.731737e+02 	 1.511005e+01
6.741737e+02 	 1.511005e+01
6.751737e+02 	 1.511005e+01
6.761737e+02 	 1.511005e+01
6.771737e+02 	 1.511005e+01
6.781737e+02 	 1.511005e+01
6.791737e+02 	 1.511005e+01
6.801737e+02 	 1.511005e+01
6.811737e+02 	 1.511005e+01
6.821737e+02 	 1.511005e+01
6.831737e+02 	 1.511005e+01
6.851737e+02 	 1.511005e+01
6.871737e+02 	 1.511005e+01
6.891737e+02 	 1.511005e+01
6.911737e+02 	 1.511005e+01
6.931737e+02 	 1.511005e+01
6.951737e+02 	 1.511005e+01
6.971737e+02 	 1.511005e+01
6.991737e+02 	 1.511005e+01
7.011737e+02 	 1.511005e+01
7.031737e+02 	 1.511005e+01
7.051737e+02 	 1.511005e+01
7.071737e+02 	 1.511005e+01
7.091737e+02 	 1.511005e+01
7.111737e+02 	 1.511005e+01
7.135879e+02 	 1.511005e+01
7.160021e+02 	 1.511005e+01
7.184163e+02 	 1.511005e+01
7.208305e+02 	 1.516954e+01
7.228305e+02 	 1.516954e+01
7.248305e+02 	 1.516954e+01
7.268305e+02 	 1.516954e+01
7.292447e+02 	 1.511005e+01
7.316589e+02 	 1.516954e+01
7.340732e+02 	 1.516954e+01
7.364874e+02 	 1.511005e+01
7.389016e+02 	 1.505057e+01
7.409016e+02 	 1.505057e+01
7.433158e+02 	 1.505057e+01
7.453158e+02 	 1.505057e+01
7.477300e+02 	 1.505057e+01
7.497300e+02 	 1.499108e+01
7.517300e+02 	 1.499108e+01
7.541442e+02 	 1.499108e+01
7.565584e+02 	 1.505057e+01
7.589727e+02 	 1.505057e+01
7.613869e+02 	 1.499108e+01
7.633869e+02 	 1.505057e+01
7.653869e+02 	 1.505057e+01
7.673869e+02 	 1.505057e+01
7.693869e+02 	 1.505057e+01
7.713869e+02 	 1.505057e+01
7.733869e+02 	 1.505057e+01
7.753869e+02 	 1.505057e+01
7.773869e+02 	 1.505057e+01
7.793869e+02 	 1.505057e+01
7.813869e+02 	 1.505057e+01
7.833869e+02 	 1.505057e+01
7.853869e+02 	 1.505057e+01
7.873869e+02 	 1.505057e+01
7.893869e+02 	 1.505057e+01
7.913869e+02 	 1.505057e+01
7.933869e+02 	 1.505057e+01
7.953869e+02 	 1.505057e+01
7.973869e+02 	 1.505057e+01
7.993869e+02 	 1.505057e+01
8.013869e+02 	 1.505057e+01
8.033869e+02 	 1.505057e+01
8.053869e+02 	 1.505057e+01
8.073869e+02 	 1.505057e+01
8.083869e+02 	 1.505057e+01
8.093869e+02 	 1.505057e+01
8.103869e+02 	 1.505057e+01
8.113869e+02 	 1.505057e+01
8.123869e+02 	 1.505057e+01
8.143869e+02 	 1.505057e+01
8.163869e+02 	 1.505057e+01
8.183869e+02 	 1.505057e+01
8.203869e+02 	 1.505057e+01
8.223869e+02 	 1.505057e+01
8.248011e+02 	 1.499108e+01
8.272153e+02 	 1.499108e+01
8.296295e+02 	 1.499108e+01
8.316295e+02 	 1.499108e+01
8.336295e+02 	 1.499108e+01
8.356295e+02 	 1.499108e+01
8.376295e+02 	 1.487210e+01
8.396295e+02 	 1.481261e+01
8.420437e+02 	 1.481261e+01
8.444579e+02 	 1.463415e+01
8.468721e+02 	 1.463415e+01
8.492864e+02 	 1.463415e+01
8.512864e+02 	 1.463415e+01
8.532864e+02 	 1.463415e+01
8.552864e+02 	 1.469363e+01
8.572864e+02 	 1.481261e+01
8.592864e+02 	 1.499108e+01
8.612864e+02 	 1.493159e+01
8.632864e+02 	 1.487210e+01
8.657006e+02 	 1.475312e+01
8.681148e+02 	 1.481261e+01
8.705290e+02 	 1.475312e+01
8.729432e+02 	 1.487210e+01
8.749432e+02 	 1.493159e+01
8.769432e+02 	 1.487210e+01
8.789432e+02 	 1.475312e+01
8.809432e+02 	 1.475312e+01
8.829432e+02 	 1.481261e+01
8.849432e+02 	 1.451517e+01
8.873574e+02 	 1.451517e+01
8.893574e+02 	 1.445568e+01
8.917716e+02 	 1.439619e+01
8.941859e+02 	 1.445568e+01
8.966001e+02 	 1.445568e+01
8.986001e+02 	 1.457466e+01
9.010143e+02 	 1.451517e+01
9.030143e+02 	 1.451517e+01
9.054285e+02 	 1.451517e+01
9.078427e+02 	 1.451517e+01
9.102569e+02 	 1.451517e+01
9.126711e+02 	 1.451517e+01
9.150854e+02 	 1.451517e+01
9.174996e+02 	 1.451517e+01
9.199138e+02 	 1.451517e+01
9.219138e+02 	 1.451517e+01
9.239138e+02 	 1.451517e+01
9.259138e+02 	 1.451517e+01
9.279138e+02 	 1.451517e+01
9.299138e+02 	 1.451517e+01
9.319138e+02 	 1.451517e+01
9.339138e+02 	 1.451517e+01
9.359138e+02 	 1.451517e+01
9.379138e+02 	 1.451517e+01
9.399138e+02 	 1.451517e+01
9.419138e+02 	 1.451517e+01
9.439138e+02 	 1.451517e+01
9.459138e+02 	 1.439619e+01
9.479138e+02 	 1.439619e+01
9.499138e+02 	 1.439619e+01
9.519138e+02 	 1.451517e+01
9.539138e+02 	 1.439619e+01
9.559138e+02 	 1.439619e+01
9.579138e+02 	 1.433670e+01
9.599138e+02 	 1.421773e+01
9.619138e+02 	 1.409875e+01
9.639138e+02 	 1.403926e+01
9.659138e+02 	 1.403926e+01
9.679138e+02 	 1.392029e+01
9.699138e+02 	 1.392029e+01
9.719138e+02 	 1.392029e+01
9.739138e+02 	 1.392029e+01
9.759138e+02 	 1.392029e+01
9.779138e+02 	 1.392029e+01
9.799138e+02 	 1.392029e+01
9.819138e+02 	 1.392029e+01
9.829138e+02 	 1.392029e+01
9.839138e+02 	 1.392029e+01
9.859138e+02 	 1.392029e+01
9.879138e+02 	 1.392029e+01
9.899138e+02 	 1.392029e+01
9.919138e+02 	 1.392029e+01
9.939138e+02 	 1.392029e+01
9.949138e+02 	 1.392029e+01
9.969138e+02 	 1.392029e+01
9.989138e+02 	 1.392029e+01
1.001328e+03 	 1.392029e+01
1.003328e+03 	 1.392029e+01
1.005328e+03 	 1.392029e+01
1.007328e+03 	 1.392029e+01
1.009328e+03 	 1.392029e+01
1.011328e+03 	 1.392029e+01
1.013742e+03 	 1.392029e+01
1.015742e+03 	 1.392029e+01
1.018156e+03 	 1.397977e+01
1.020156e+03 	 1.397977e+01
1.022156e+03 	 1.403926e+01
1.024156e+03 	 1.403926e+01
1.026156e+03 	 1.403926e+01
1.028156e+03 	 1.403926e+01
1.030571e+03 	 1.403926e+01
1.032985e+03 	 1.403926e+01
1.035399e+03 	 1.403926e+01
1.037813e+03 	 1.403926e+01
1.039813e+03 	 1.403926e+01
1.041813e+03 	 1.403926e+01
1.043813e+03 	 1.403926e+01
1.046227e+03 	 1.403926e+01
1.048227e+03 	 1.403926e+01
1.050642e+03 	 1.397977e+01
1.052642e+03 	 1.397977e+01
1.053642e+03 	 1.397977e+01
1.055642e+03 	 1.397977e+01
1.058056e+03 	 1.397977e+01
1.060470e+03 	 1.397977e+01
1.062884e+03 	 1.397977e+01
1.065299e+03 	 1.397977e+01
1.067713e+03 	 1.397977e+01
1.069713e+03 	 1.397977e+01
1.072127e+03 	 1.397977e+01
1.074541e+03 	 1.397977e+01
1.076955e+03 	 1.397977e+01
1.078955e+03 	 1.403926e+01
1.080955e+03 	 1.403926e+01
1.082955e+03 	 1.403926e+01
1.084955e+03 	 1.403926e+01
1.086955e+03 	 1.403926e+01
1.087955e+03 	 1.403926e+01
1.088955e+03 	 1.403926e+01
1.089955e+03 	 1.403926e+01
1.090955e+03 	 1.403926e+01
1.091955e+03 	 1.403926e+01
1.092955e+03 	 1.403926e+01
1.093955e+03 	 1.403926e+01
1.094955e+03 	 1.403926e+01
1.095955e+03 	 1.403926e+01
1.096955e+03 	 1.403926e+01
1.097955e+03 	 1.403926e+01
1.098955e+03 	 1.403926e+01
1.099955e+03 	 1.403926e+01
1.100955e+03 	 1.403926e+01
1.101955e+03 	 1.403926e+01
1.102955e+03 	 1.403926e+01
1.103955e+03 	 1.403926e+01
1.105955e+03 	 1.403926e+01
1.107955e+03 	 1.403926e+01
1.109955e+03 	 1.403926e+01
1.111955e+03 	 1.403926e+01
1.113955e+03 	 1.403926e+01
1.115955e+03 	 1.403926e+01
1.117955e+03 	 1.403926e+01
1.119955e+03 	 1.403926e+01
1.121955e+03 	 1.403926e+01
1.123955e+03 	 1.403926e+01
1.125955e+03 	 1.403926e+01
1.127955e+03 	 1.403926e+01
1.129955e+03 	 1.403926e+01
1.131955e+03 	 1.403926e+01
1.133955e+03 	 1.403926e+01
1.135955e+03 	 1.415824e+01
1.137955e+03 	 1.409875e+01
1.139955e+03 	 1.403926e+01
1.141955e+03 	 1.397977e+01
1.143955e+03 	 1.403926e+01
1.145955e+03 	 1.421773e+01
1.147955e+03 	 1.433670e+01
1.149955e+03 	 1.427722e+01
1.151955e+03 	 1.433670e+01
1.153955e+03 	 1.433670e+01
1.155955e+03 	 1.415824e+01
1.157955e+03 	 1.409875e+01
1.159955e+03 	 1.397977e+01
1.161955e+03 	 1.397977e+01
1.163955e+03 	 1.397977e+01
1.165955e+03 	 1.397977e+01
1.167955e+03 	 1.397977e+01
1.169955e+03 	 1.397977e+01
1.171955e+03 	 1.397977e+01
1.173955e+03 	 1.397977e+01
1.174955e+03 	 1.397977e+01
1.175955e+03 	 1.397977e+01
1.176955e+03 	 1.392029e+01
1.178955e+03 	 1.392029e+01
1.180955e+03 	 1.392029e+01
1.182955e+03 	 1.392029e+01
1.184955e+03 	 1.392029e+01
1.186955e+03 	 1.392029e+01
1.188955e+03 	 1.392029e+01
1.190955e+03 	 1.392029e+01
1.192955e+03 	 1.392029e+01
1.194955e+03 	 1.392029e+01
1.196955e+03 	 1.392029e+01
1.198955e+03 	 1.392029e+01
1.200955e+03 	 1.392029e+01
1.203370e+03 	 1.392029e+01
1.205784e+03 	 1.397977e+01
1.208198e+03 	 1.397977e+01
1.210612e+03 	 1.397977e+01
1.213026e+03 	 1.397977e+01
1.215441e+03 	 1.392029e+01
1.217855e+03 	 1.392029e+01
1.220269e+03 	 1.397977e+01
1.222683e+03 	 1.397977e+01
1.225098e+03 	 1.392029e+01
1.227512e+03 	 1.392029e+01
1.229926e+03 	 1.392029e+01
1.232340e+03 	 1.392029e+01
1.234754e+03 	 1.403926e+01
1.237169e+03 	 1.409875e+01
1.239583e+03 	 1.409875e+01
1.241997e+03 	 1.409875e+01
1.244411e+03 	 1.415824e+01
1.246825e+03 	 1.397977e+01
1.249240e+03 	 1.403926e+01
1.251654e+03 	 1.397977e+01
1.254068e+03 	 1.374182e+01
1.256482e+03 	 1.374182e+01
1.258897e+03 	 1.374182e+01
1.261311e+03 	 1.368233e+01
1.263725e+03 	 1.368233e+01
1.266139e+03 	 1.368233e+01
1.268553e+03 	 1.368233e+01
1.270968e+03 	 1.368233e+01
1.273382e+03 	 1.368233e+01
1.275796e+03 	 1.374182e+01
1.278210e+03 	 1.368233e+01
1.280210e+03 	 1.368233e+01
1.282624e+03 	 1.368233e+01
1.284624e+03 	 1.368233e+01
1.285624e+03 	 1.374182e+01
1.288039e+03 	 1.374182e+01
1.290453e+03 	 1.374182e+01
1.292867e+03 	 1.374182e+01
1.295281e+03 	 1.374182e+01
1.297281e+03 	 1.374182e+01
1.299281e+03 	 1.368233e+01
1.301696e+03 	 1.368233e+01
1.304110e+03 	 1.368233e+01
1.306110e+03 	 1.368233e+01
1.308110e+03 	 1.374182e+01
1.310110e+03 	 1.380131e+01
1.312110e+03 	 1.374182e+01
1.314110e+03 	 1.368233e+01
1.316524e+03 	 1.368233e+01
1.318524e+03 	 1.368233e+01
1.320524e+03 	 1.374182e+01
1.322524e+03 	 1.368233e+01
1.324524e+03 	 1.362284e+01
1.326524e+03 	 1.344438e+01
1.328524e+03 	 1.356336e+01
1.330938e+03 	 1.368233e+01
1.332938e+03 	 1.350387e+01
1.334938e+03 	 1.350387e+01
1.337352e+03 	 1.350387e+01
1.339767e+03 	 1.356336e+01
1.342181e+03 	 1.368233e+01
1.344595e+03 	 1.380131e+01
1.347009e+03 	 1.392029e+01
1.349009e+03 	 1.392029e+01
1.351009e+03 	 1.386080e+01
1.353009e+03 	 1.356336e+01
1.355009e+03 	 1.368233e+01
1.357423e+03 	 1.356336e+01
1.359838e+03 	 1.356336e+01
1.362252e+03 	 1.368233e+01
1.364666e+03 	 1.374182e+01
1.367080e+03 	 1.350387e+01
1.369495e+03 	 1.338489e+01
1.371495e+03 	 1.338489e+01
1.373909e+03 	 1.344438e+01
1.375909e+03 	 1.338489e+01
1.377909e+03 	 1.338489e+01
1.380323e+03 	 1.350387e+01
1.382737e+03 	 1.356336e+01
1.385151e+03 	 1.356336e+01
1.387566e+03 	 1.356336e+01
1.389980e+03 	 1.356336e+01
1.392394e+03 	 1.356336e+01
1.394808e+03 	 1.356336e+01
1.396808e+03 	 1.356336e+01
1.398808e+03 	 1.356336e+01
1.401222e+03 	 1.356336e+01
1.403637e+03 	 1.356336e+01
1.406051e+03 	 1.356336e+01
1.408465e+03 	 1.356336e+01
1.410879e+03 	 1.356336e+01
1.412879e+03 	 1.368233e+01
1.413879e+03 	 1.368233e+01
1.415879e+03 	 1.368233e+01
1.417879e+03 	 1.368233e+01
1.419879e+03 	 1.368233e+01
1.421879e+03 	 1.368233e+01
1.423879e+03 	 1.368233e+01
1.425879e+03 	 1.368233e+01
1.427879e+03 	 1.368233e+01
1.429879e+03 	 1.368233e+01
1.431879e+03 	 1.368233e+01
1.433879e+03 	 1.368233e+01
1.435879e+03 	 1.368233e+01
1.437879e+03 	 1.368233e+01
1.439879e+03 	 1.368233e+01
1.441879e+03 	 1.368233e+01
1.443879e+03 	 1.368233e+01
1.445879e+03 	 1.368233e+01
1.447879e+03 	 1.368233e+01
1.449879e+03 	 1.368233e+01
1.451879e+03 	 1.368233e+01
1.453879e+03 	 1.368233e+01
1.455879e+03 	 1.368233e+01
1.457879e+03 	 1.368233e+01
1.459879e+03 	 1.368233e+01
1.461879e+03 	 1.368233e+01
1.463879e+03 	 1.368233e+01
1.465879e+03 	 1.368233e+01
1.467879e+03 	 1.368233e+01
1.469879e+03 	 1.368233e+01
1.471879e+03 	 1.368233e+01
1.473879e+03 	 1.368233e+01
1.474879e+03 	 1.368233e+01
1.475879e+03 	 1.368233e+01
1.476879e+03 	 1.368233e+01
1.478879e+03 	 1.368233e+01
1.480879e+03 	 1.368233e+01
1.482879e+03 	 1.368233e+01
1.484879e+03 	 1.368233e+01
1.486879e+03 	 1.368233e+01
1.488879e+03 	 1.368233e+01
1.490879e+03 	 1.368233e+01
1.492879e+03 	 1.368233e+01
1.494879e+03 	 1.368233e+01
1.496879e+03 	 1.368233e+01
1.498879e+03 	 1.368233e+01
1.500879e+03 	 1.368233e+01
1.502879e+03 	 1.368233e+01
1.504879e+03 	 1.368233e+01
1.506879e+03 	 1.368233e+01
1.508879e+03 	 1.368233e+01
1.510879e+03 	 1.368233e+01
1.512879e+03 	 1.368233e+01
1.514879e+03 	 1.368233e+01
1.516879e+03 	 1.368233e+01
1.518879e+03 	 1.368233e+01
1.520879e+03 	 1.368233e+01
1.522879e+03 	 1.368233e+01
1.524879e+03 	 1.368233e+01
1.526879e+03 	 1.368233e+01
1.528879e+03 	 1.368233e+01
1.530879e+03 	 1.368233e+01
1.532879e+03 	 1.368233e+01
1.534879e+03 	 1.368233e+01
1.536879e+03 	 1.368233e+01
1.538879e+03 	 1.368233e+01
1.540879e+03 	 1.368233e+01
1.542879e+03 	 1.368233e+01
1.544879e+03 	 1.368233e+01
1.546879e+03 	 1.368233e+01
1.547879e+03 	 1.368233e+01
1.548879e+03 	 1.368233e+01
1.549879e+03 	 1.368233e+01
1.550879e+03 	 1.368233e+01
1.551879e+03 	 1.368233e+01
1.552879e+03 	 1.368233e+01
1.553879e+03 	 1.368233e+01
1.554879e+03 	 1.368233e+01
1.555879e+03 	 1.368233e+01
1.556879e+03 	 1.368233e+01
1.557879e+03 	 1.368233e+01
1.559879e+03 	 1.368233e+01
1.561879e+03 	 1.368233e+01
1.563879e+03 	 1.368233e+01
1.565879e+03 	 1.368233e+01
1.567879e+03 	 1.368233e+01
1.569879e+03 	 1.368233e+01
1.571879e+03 	 1.368233e+01
1.573879e+03 	 1.368233e+01
1.575879e+03 	 1.368233e+01
1.577879e+03 	 1.368233e+01
1.579879e+03 	 1.368233e+01
1.581879e+03 	 1.362284e+01
1.583879e+03 	 1.356336e+01
1.585879e+03 	 1.356336e+01
1.587879e+03 	 1.362284e+01
1.589879e+03 	 1.362284e+01
1.591879e+03 	 1.344438e+01
1.593879e+03 	 1.332540e+01
1.595879e+03 	 1.344438e+01
1.597879e+03 	 1.368233e+01
1.599879e+03 	 1.380131e+01
1.601879e+03 	 1.403926e+01
1.603879e+03 	 1.403926e+01
1.605879e+03 	 1.409875e+01
1.607879e+03 	 1.403926e+01
1.609879e+03 	 1.368233e+01
1.611879e+03 	 1.356336e+01
1.613879e+03 	 1.344438e+01
1.615879e+03 	 1.332540e+01
1.617879e+03 	 1.332540e+01
1.619879e+03 	 1.332540e+01
1.621879e+03 	 1.332540e+01
1.623879e+03 	 1.332540e+01
1.625879e+03 	 1.332540e+01
1.627879e+03 	 1.332540e+01
1.628879e+03 	 1.332540e+01
1.629879e+03 	 1.332540e+01
1.630879e+03 	 1.332540e+01
1.631879e+03 	 1.338489e+01
1.632879e+03 	 1.338489e+01
1.634879e+03 	 1.338489e+01
1.636879e+03 	 1.338489e+01
1.638879e+03 	 1.338489e+01
1.640879e+03 	 1.338489e+01
1.642879e+03 	 1.338489e+01
1.644879e+03 	 1.338489e+01
1.646879e+03 	 1.332540e+01
1.648879e+03 	 1.332540e+01
1.650879e+03 	 1.332540e+01
1.652879e+03 	 1.332540e+01
1.654879e+03 	 1.332540e+01
1.656879e+03 	 1.332540e+01
1.658879e+03 	 1.332540e+01
1.660879e+03 	 1.332540e+01
1.662879e+03 	 1.332540e+01
1.664879e+03 	 1.332540e+01
1.667294e+03 	 1.332540e+01
1.669294e+03 	 1.332540e+01
1.671294e+03 	 1.332540e+01
1.673294e+03 	 1.332540e+01
1.675294e+03 	 1.332540e+01
1.677294e+03 	 1.332540e+01
1.679294e+03 	 1.332540e+01
1.681294e+03 	 1.332540e+01
1.683294e+03 	 1.332540e+01
1.685708e+03 	 1.338489e+01
1.688122e+03 	 1.338489e+01
1.690536e+03 	 1.338489e+01
1.692950e+03 	 1.338489e+01
1.695365e+03 	 1.338489e+01
1.697779e+03 	 1.338489e+01
1.700193e+03 	 1.338489e+01
1.702607e+03 	 1.338489e+01
1.705021e+03 	 1.338489e+01
1.707436e+03 	 1.338489e+01
1.708436e+03 	 1.338489e+01
1.710436e+03 	 1.338489e+01
1.712436e+03 	 1.338489e+01
1.714436e+03 	 1.338489e+01
1.716436e+03 	 1.338489e+01
1.718436e+03 	 1.338489e+01
1.720436e+03 	 1.338489e+01
1.722436e+03 	 1.338489e+01
1.724850e+03 	 1.338489e+01
1.726850e+03 	 1.338489e+01
1.728850e+03 	 1.338489e+01
1.730850e+03 	 1.338489e+01
1.732850e+03 	 1.338489e+01
1.734850e+03 	 1.338489e+01
1.737264e+03 	 1.338489e+01
1.739678e+03 	 1.338489e+01
1.742092e+03 	 1.338489e+01
1.744092e+03 	 1.338489e+01
1.746092e+03 	 1.338489e+01
1.748092e+03 	 1.338489e+01
1.750092e+03 	 1.338489e+01
1.752092e+03 	 1.338489e+01
1.754092e+03 	 1.338489e+01
1.756092e+03 	 1.338489e+01
1.758092e+03 	 1.338489e+01
1.760092e+03 	 1.338489e+01
1.762092e+03 	 1.338489e+01
1.763092e+03 	 1.338489e+01
1.764092e+03 	 1.338489e+01
1.765092e+03 	 1.338489e+01
1.766092e+03 	 1.338489e+01
1.768092e+03 	 1.338489e+01
1.770092e+03 	 1.338489e+01
1.772092e+03 	 1.338489e+01
1.774092e+03 	 1.338489e+01
1.776092e+03 	 1.338489e+01
1.778092e+03 	 1.338489e+01
1.780092e+03 	 1.338489e+01
1.782092e+03 	 1.338489e+01
1.784092e+03 	 1.338489e+01
1.786092e+03 	 1.338489e+01
1.788092e+03 	 1.338489e+01
1.790092e+03 	 1.338489e+01
1.792092e+03 	 1.338489e+01
1.794092e+03 	 1.338489e+01
1.796092e+03 	 1.338489e+01
1.798092e+03 	 1.338489e+01
1.800092e+03 	 1.338489e+01
1.802092e+03 	 1.338489e+01
1.804092e+03 	 1.338489e+01
1.806092e+03 	 1.338489e+01
1.808092e+03 	 1.338489e+01
1.810092e+03 	 1.338489e+01
1.812092e+03 	 1.338489e+01
1.814092e+03 	 1.338489e+01
1.816092e+03 	 1.338489e+01
1.818092e+03 	 1.338489e+01
1.820092e+03 	 1.338489e+01
1.822092e+03 	 1.338489e+01
1.824092e+03 	 1.338489e+01
1.826092e+03 	 1.338489e+01
1.828092e+03 	 1.338489e+01
1.829092e+03 	 1.338489e+01
1.831092e+03 	 1.338489e+01
1.833092e+03 	 1.338489e+01
1.835092e+03 	 1.338489e+01
1.837092e+03 	 1.338489e+01
1.839092e+03 	 1.338489e+01
1.840092e+03 	 1.338489e+01
1.841092e+03 	 1.338489e+01
1.842092e+03 	 1.338489e+01
1.843092e+03 	 1.338489e+01
1.844092e+03 	 1.338489e+01
1.846507e+03 	 1.338489e+01
1.848921e+03 	 1.338489e+01
1.851335e+03 	 1.338489e+01
1.853749e+03 	 1.338489e+01
1.855749e+03 	 1.338489e+01
1.858164e+03 	 1.338489e+01
1.860578e+03 	 1.338489e+01
1.862992e+03 	 1.338489e+01
1.864992e+03 	 1.338489e+01
1.866992e+03 	 1.338489e+01
1.868992e+03 	 1.350387e+01
1.870992e+03 	 1.350387e+01
1.872992e+03 	 1.350387e+01
1.874992e+03 	 1.350387e+01
1.876992e+03 	 1.350387e+01
1.878992e+03 	 1.350387e+01
1.880992e+03 	 1.344438e+01
1.882992e+03 	 1.344438e+01
1.884992e+03 	 1.350387e+01
1.886992e+03 	 1.344438e+01
1.888992e+03 	 1.338489e+01
1.890992e+03 	 1.338489e+01
1.892992e+03 	 1.338489e+01
1.894992e+03 	 1.338489e+01
1.896992e+03 	 1.344438e+01
1.898992e+03 	 1.344438e+01
1.900992e+03 	 1.344438e+01
1.902992e+03 	 1.344438e+01
1.905406e+03 	 1.344438e+01
1.907820e+03 	 1.344438e+01
1.910235e+03 	 1.344438e+01
1.912649e+03 	 1.344438e+01
1.915063e+03 	 1.344438e+01
1.917477e+03 	 1.344438e+01
1.919891e+03 	 1.344438e+01
1.921891e+03 	 1.344438e+01
1.923891e+03 	 1.344438e+01
1.925891e+03 	 1.344438e+01
1.928306e+03 	 1.344438e+01
1.930720e+03 	 1.344438e+01
1.933134e+03 	 1.344438e+01
1.935548e+03 	 1.344438e+01
1.937963e+03 	 1.344438e+01
1.940377e+03 	 1.350387e+01
1.942791e+03 	 1.350387e+01
1.945205e+03 	 1.350387e+01
1.947619e+03 	 1.344438e+01
1.949619e+03 	 1.344438e+01
1.951619e+03 	 1.332540e+01
1.954034e+03 	 1.326591e+01
1.956448e+03 	 1.314694e+01
1.958448e+03 	 1.308745e+01
1.960862e+03 	 1.302796e+01
1.963276e+03 	 1.296847e+01
1.965690e+03 	 1.308745e+01
1.968105e+03 	 1.320642e+01
1.970105e+03 	 1.314694e+01
1.972519e+03 	 1.314694e+01
1.974933e+03 	 1.314694e+01
1.977347e+03 	 1.320642e+01
1.979762e+03 	 1.320642e+01
1.982176e+03 	 1.314694e+01
1.984590e+03 	 1.314694e+01
1.986590e+03 	 1.314694e+01
1.989004e+03 	 1.314694e+01
1.991418e+03 	 1.326591e+01
1.993833e+03 	 1.332540e+01
1.996247e+03 	 1.320642e+01
1.998661e+03 	 1.320642e+01
2.001075e+03 	 1.320642e+01
2.003489e+03 	 1.320642e+01
2.005904e+03 	 1.320642e+01
2.007904e+03 	 1.320642e+01
2.010318e+03 	 1.338489e+01
2.012732e+03 	 1.338489e+01
2.014732e+03 	 1.338489e+01
2.017146e+03 	 1.332540e+01
2.019561e+03 	 1.338489e+01
2.021561e+03 	 1.332540e+01
2.023561e+03 	 1.332540e+01
2.025975e+03 	 1.332540e+01
2.028389e+03 	 1.338489e+01
2.030803e+03 	 1.326591e+01
2.032803e+03 	 1.326591e+01
2.034803e+03 	 1.326591e+01
2.036803e+03 	 1.326591e+01
2.038803e+03 	 1.326591e+01
2.040803e+03 	 1.326591e+01
2.042803e+03 	 1.326591e+01
2.044803e+03 	 1.326591e+01
2.046803e+03 	 1.332540e+01
2.049217e+03 	 1.326591e+01
2.051632e+03 	 1.338489e+01
2.054046e+03 	 1.332540e+01
2.056460e+03 	 1.338489e+01
2.058874e+03 	 1.320642e+01
2.061288e+03 	 1.314694e+01
2.063703e+03 	 1.320642e+01
2.065703e+03 	 1.320642e+01
2.067703e+03 	 1.320642e+01
2.069703e+03 	 1.320642e+01
2.072117e+03 	 1.326591e+01
2.074531e+03 	 1.326591e+01
2.076945e+03 	 1.326591e+01
2.079360e+03 	 1.326591e+01
2.081774e+03 	 1.326591e+01
2.084188e+03 	 1.326591e+01
2.086188e+03 	 1.320642e+01
2.088602e+03 	 1.320642e+01
2.090602e+03 	 1.320642e+01
2.092602e+03 	 1.320642e+01
2.093602e+03 	 1.320642e+01
2.094602e+03 	 1.320642e+01
2.095602e+03 	 1.320642e+01
2.096602e+03 	 1.320642e+01
2.097602e+03 	 1.320642e+01
2.098602e+03 	 1.320642e+01
2.099602e+03 	 1.320642e+01
2.100602e+03 	 1.320642e+01
2.103016e+03 	 1.320642e+01
2.105431e+03 	 1.320642e+01
2.107845e+03 	 1.320642e+01
2.110259e+03 	 1.320642e+01
2.112673e+03 	 1.320642e+01
2.114673e+03 	 1.320642e+01
2.116673e+03 	 1.320642e+01
2.118673e+03 	 1.320642e+01
2.120673e+03 	 1.320642e+01
2.122673e+03 	 1.320642e+01
2.125087e+03 	 1.320642e+01
2.127087e+03 	 1.320642e+01
2.129502e+03 	 1.320642e+01
2.131502e+03 	 1.326591e+01
2.133502e+03 	 1.326591e+01
2.135502e+03 	 1.326591e+01
2.137502e+03 	 1.326591e+01
2.139502e+03 	 1.326591e+01
2.141502e+03 	 1.326591e+01
2.143916e+03 	 1.326591e+01
2.145916e+03 	 1.326591e+01
2.148330e+03 	 1.326591e+01
2.150330e+03 	 1.326591e+01
2.152330e+03 	 1.326591e+01
2.154330e+03 	 1.326591e+01
2.156330e+03 	 1.326591e+01
2.158330e+03 	 1.326591e+01
2.160330e+03 	 1.326591e+01
2.162330e+03 	 1.326591e+01
2.164330e+03 	 1.326591e+01
2.166330e+03 	 1.326591e+01
2.168330e+03 	 1.326591e+01
2.170330e+03 	 1.326591e+01
2.172330e+03 	 1.326591e+01
2.173330e+03 	 1.326591e+01
2.174330e+03 	 1.326591e+01
2.175330e+03 	 1.326591e+01
2.177330e+03 	 1.326591e+01
2.179330e+03 	 1.326591e+01
2.181330e+03 	 1.326591e+01
2.183744e+03 	 1.326591e+01
2.185744e+03 	 1.326591e+01
2.187744e+03 	 1.326591e+01
2.189744e+03 	 1.326591e+01
2.191744e+03 	 1.326591e+01
2.193744e+03 	 1.326591e+01
2.195744e+03 	 1.326591e+01
2.197744e+03 	 1.326591e+01
2.199744e+03 	 1.326591e+01
2.201744e+03 	 1.326591e+01
2.203744e+03 	 1.326591e+01
2.205744e+03 	 1.326591e+01
2.207744e+03 	 1.320642e+01
2.209744e+03 	 1.326591e+01
2.211744e+03 	 1.320642e+01
2.213744e+03 	 1.332540e+01
2.215744e+03 	 1.350387e+01
2.217744e+03 	 1.344438e+01
2.219744e+03 	 1.344438e+01
2.221744e+03 	 1.344438e+01
2.223744e+03 	 1.344438e+01
2.225744e+03 	 1.350387e+01
2.227744e+03 	 1.338489e+01
2.229744e+03 	 1.338489e+01
2.231744e+03 	 1.344438e+01
2.232744e+03 	 1.344438e+01
2.234744e+03 	 1.338489e+01
2.236744e+03 	 1.332540e+01
2.238744e+03 	 1.332540e+01
2.240744e+03 	 1.332540e+01
2.242744e+03 	 1.332540e+01
2.244744e+03 	 1.332540e+01
2.246744e+03 	 1.338489e+01
2.248744e+03 	 1.338489e+01
2.250744e+03 	 1.344438e+01
2.252744e+03 	 1.344438e+01
2.254744e+03 	 1.350387e+01
2.256744e+03 	 1.344438e+01
2.258744e+03 	 1.344438e+01
2.260744e+03 	 1.344438e+01
2.262744e+03 	 1.344438e+01
2.264744e+03 	 1.344438e+01
2.266744e+03 	 1.350387e+01
2.268744e+03 	 1.350387e+01
2.270744e+03 	 1.350387e+01
2.272744e+03 	 1.350387e+01
2.274744e+03 	 1.350387e+01
2.276744e+03 	 1.350387e+01
2.278744e+03 	 1.350387e+01
2.280744e+03 	 1.344438e+01
2.282744e+03 	 1.344438e+01
2.284744e+03 	 1.344438e+01
2.285744e+03 	 1.344438e+01
2.286744e+03 	 1.350387e+01
2.288744e+03 	 1.344438e+01
2.290744e+03 	 1.344438e+01
2.292744e+03 	 1.344438e+01
2.294744e+03 	 1.344438e+01
2.296744e+03 	 1.344438e+01
2.298744e+03 	 1.344438e+01
2.300744e+03 	 1.344438e+01
2.302744e+03 	 1.344438e+01
2.304744e+03 	 1.344438e+01
2.306744e+03 	 1.344438e+01
2.308744e+03 	 1.344438e+01
2.310744e+03 	 1.344438e+01
2.312744e+03 	 1.344438e+01
2.314744e+03 	 1.344438e+01
2.316744e+03 	 1.344438e+01
2.318744e+03 	 1.344438e+01
2.320744e+03 	 1.344438e+01
2.321744e+03 	 1.344438e+01
2.322744e+03 	 1.344438e+01
2.324744e+03 	 1.344438e+01
2.326744e+03 	 1.350387e+01
2.328744e+03 	 1.350387e+01
2.330744e+03 	 1.350387e+01
2.332744e+03 	 1.350387e+01
2.334744e+03 	 1.350387e+01
2.336744e+03 	 1.344438e+01
2.338744e+03 	 1.350387e+01
2.340744e+03 	 1.350387e+01
2.342744e+03 	 1.344438e+01
2.344744e+03 	 1.344438e+01
2.346744e+03 	 1.350387e+01
2.348744e+03 	 1.356336e+01
2.350744e+03 	 1.356336e+01
2.352744e+03 	 1.350387e+01
2.354744e+03 	 1.350387e+01
2.356744e+03 	 1.350387e+01
2.358744e+03 	 1.350387e+01
2.360744e+03 	 1.350387e+01
2.362744e+03 	 1.350387e+01
2.364744e+03 	 1.350387e+01
2.365744e+03 	 1.350387e+01
2.366744e+03 	 1.350387e+01
2.367744e+03 	 1.350387e+01
2.368744e+03 	 1.350387e+01
2.369744e+03 	 1.350387e+01
2.370744e+03 	 1.350387e+01
2.372744e+03 	 1.350387e+01
2.374744e+03 	 1.350387e+01
2.376744e+03 	 1.350387e+01
2.378744e+03 	 1.350387e+01
2.380744e+03 	 1.350387e+01
2.382744e+03 	 1.350387e+01
2.384744e+03 	 1.350387e+01
2.386744e+03 	 1.350387e+01
2.388744e+03 	 1.350387e+01
2.390744e+03 	 1.350387e+01
2.391744e+03 	 1.350387e+01
2.392744e+03 	 1.350387e+01
2.393744e+03 	 1.350387e+01
2.394744e+03 	 1.350387e+01
2.395744e+03 	 1.350387e+01
2.396744e+03 	 1.350387e+01
2.397744e+03 	 1.350387e+01
2.398744e+03 	 1.350387e+01
2.399744e+03 	 1.350387e+01
2.400744e+03 	 1.350387e+01
2.401744e+03 	 1.350387e+01
2.402744e+03 	 1.350387e+01
2.403744e+03 	 1.350387e+01
2.404744e+03 	 1.350387e+01
2.405744e+03 	 1.350387e+01
2.406744e+03 	 1.350387e+01
2.407744e+03 	 1.350387e+01
2.408744e+03 	 1.350387e+01
2.409744e+03 	 1.350387e+01
2.410744e+03 	 1.350387e+01
2.411744e+03 	 1.350387e+01
2.412744e+03 	 1.350387e+01
2.413744e+03 	 1.350387e+01
2.414744e+03 	 1.350387e+01
2.415744e+03 	 1.350387e+01
2.416744e+03 	 1.350387e+01
2.417744e+03 	 1.350387e+01
2.418744e+03 	 1.350387e+01
2.419744e+03 	 1.350387e+01
2.420744e+03 	 1.350387e+01
2.421744e+03 	 1.350387e+01
2.422744e+03 	 1.350387e+01
2.423744e+03 	 1.350387e+01
2.424744e+03 	 1.350387e+01
2.425744e+03 	 1.350387e+01
2.426744e+03 	 1.350387e+01
2.427744e+03 	 1.350387e+01
2.428744e+03 	 1.350387e+01
2.429744e+03 	 1.350387e+01
2.430744e+03 	 1.350387e+01
2.431744e+03 	 1.350387e+01
2.432744e+03 	 1.350387e+01
2.433744e+03 	 1.350387e+01
2.436159e+03 	 1.350387e+01
2.438573e+03 	 1.350387e+01
2.440987e+03 	 1.350387e+01
2.443401e+03 	 1.350387e+01
2.445815e+03 	 1.350387e+01
2.448230e+03 	 1.350387e+01
2.450644e+03 	 1.350387e+01
2.453058e+03 	 1.350387e+01
2.455472e+03 	 1.350387e+01
2.457886e+03 	 1.350387e+01
2.459886e+03 	 1.356336e+01
2.460886e+03 	 1.356336e+01
2.462886e+03 	 1.356336e+01
2.465301e+03 	 1.356336e+01
2.467715e+03 	 1.350387e+01
2.470129e+03 	 1.350387e+01
2.472129e+03 	 1.350387e+01
2.474543e+03 	 1.350387e+01
2.476958e+03 	 1.356336e+01
2.479372e+03 	 1.350387e+01
2.481786e+03 	 1.350387e+01
2.484200e+03 	 1.350387e+01
2.486614e+03 	 1.332540e+01
2.489029e+03 	 1.332540e+01
2.491443e+03 	 1.320642e+01
2.493857e+03 	 1.320642e+01
2.496271e+03 	 1.314694e+01
2.498271e+03 	 1.320642e+01
2.500271e+03 	 1.314694e+01
2.502685e+03 	 1.314694e+01
2.505100e+03 	 1.314694e+01
2.507514e+03 	 1.320642e+01
2.509928e+03 	 1.320642e+01
2.511928e+03 	 1.320642e+01
2.514342e+03 	 1.320642e+01
2.516342e+03 	 1.320642e+01
2.518756e+03 	 1.320642e+01
2.521171e+03 	 1.320642e+01
2.523585e+03 	 1.320642e+01
2.525999e+03 	 1.320642e+01
2.528413e+03 	 1.320642e+01
2.530828e+03 	 1.320642e+01
2.533242e+03 	 1.320642e+01
2.535656e+03 	 1.320642e+01
2.538070e+03 	 1.302796e+01
2.540484e+03 	 1.296847e+01
2.542899e+03 	 1.332540e+01
2.545313e+03 	 1.332540e+01
2.547727e+03 	 1.326591e+01
2.550141e+03 	 1.326591e+01
2.552141e+03 	 1.267103e+01
2.554141e+03 	 1.261154e+01
2.556555e+03 	 1.261154e+01
2.558970e+03 	 1.261154e+01
2.561384e+03 	 1.261154e+01
2.563798e+03 	 1.261154e+01
2.566212e+03 	 1.261154e+01
2.568627e+03 	 1.261154e+01
2.570627e+03 	 1.261154e+01
2.572627e+03 	 1.261154e+01
2.575041e+03 	 1.261154e+01
2.577455e+03 	 1.261154e+01
2.579869e+03 	 1.261154e+01
2.582283e+03 	 1.261154e+01
2.584698e+03 	 1.261154e+01
2.587112e+03 	 1.261154e+01
2.589112e+03 	 1.261154e+01
2.591112e+03 	 1.261154e+01
2.593112e+03 	 1.261154e+01
2.595526e+03 	 1.261154e+01
2.597940e+03 	 1.261154e+01
2.599940e+03 	 1.261154e+01
2.601940e+03 	 1.261154e+01
2.603940e+03 	 1.261154e+01
2.606354e+03 	 1.261154e+01
2.608769e+03 	 1.261154e+01
2.611183e+03 	 1.261154e+01
2.613597e+03 	 1.261154e+01
2.616011e+03 	 1.261154e+01
2.618426e+03 	 1.261154e+01
2.619426e+03 	 1.261154e+01
2.620426e+03 	 1.261154e+01
2.622426e+03 	 1.261154e+01
2.624840e+03 	 1.261154e+01
2.626840e+03 	 1.261154e+01
2.628840e+03 	 1.261154e+01
2.630840e+03 	 1.267103e+01
2.632840e+03 	 1.267103e+01
2.633840e+03 	 1.261154e+01
2.635840e+03 	 1.261154e+01
2.637840e+03 	 1.261154e+01
2.639840e+03 	 1.261154e+01
2.642254e+03 	 1.261154e+01
2.644254e+03 	 1.261154e+01
2.646254e+03 	 1.261154e+01
2.648254e+03 	 1.261154e+01
2.650254e+03 	 1.267103e+01
2.652254e+03 	 1.267103e+01
2.654254e+03 	 1.261154e+01
2.656254e+03 	 1.261154e+01
2.658254e+03 	 1.267103e+01
2.660254e+03 	 1.267103e+01
2.662254e+03 	 1.267103e+01
2.664254e+03 	 1.267103e+01
2.666668e+03 	 1.267103e+01
2.669082e+03 	 1.279001e+01
2.671497e+03 	 1.279001e+01
2.673911e+03 	 1.273052e+01
2.675911e+03 	 1.273052e+01
2.677911e+03 	 1.273052e+01
2.679911e+03 	 1.273052e+01
2.681911e+03 	 1.273052e+01
2.684325e+03 	 1.279001e+01
2.686325e+03 	 1.273052e+01
2.688325e+03 	 1.273052e+01
2.690325e+03 	 1.273052e+01
2.692739e+03 	 1.273052e+01
2.695153e+03 	 1.279001e+01
2.697568e+03 	 1.279001e+01
2.699982e+03 	 1.273052e+01
2.702396e+03 	 1.273052e+01
2.704810e+03 	 1.267103e+01
2.707225e+03 	 1.273052e+01
2.709639e+03 	 1.279001e+01
2.711639e+03 	 1.273052e+01
2.713639e+03 	 1.273052e+01
2.715639e+03 	 1.273052e+01
2.718053e+03 	 1.267103e+01
2.720467e+03 	 1.279001e+01
2.722881e+03 	 1.284949e+01
2.725296e+03 	 1.290898e+01
2.727710e+03 	 1.290898e+01
2.730124e+03 	 1.290898e+01
2.732538e+03 	 1.290898e+01
2.734952e+03 	 1.284949e+01
2.737367e+03 	 1.279001e+01
2.739367e+03 	 1.279001e+01
2.741367e+03 	 1.284949e+01
2.743367e+03 	 1.284949e+01
2.745367e+03 	 1.284949e+01
2.747781e+03 	 1.284949e+01
2.749781e+03 	 1.284949e+01
2.751781e+03 	 1.284949e+01
2.753781e+03 	 1.284949e+01
2.755781e+03 	 1.284949e+01
2.758195e+03 	 1.284949e+01
2.760609e+03 	 1.284949e+01
2.763024e+03 	 1.290898e+01
2.765438e+03 	 1.290898e+01
2.767852e+03 	 1.290898e+01
2.769852e+03 	 1.290898e+01
2.771852e+03 	 1.290898e+01
2.773852e+03 	 1.290898e+01
2.775852e+03 	 1.290898e+01
2.778266e+03 	 1.290898e+01
2.780680e+03 	 1.290898e+01
2.782680e+03 	 1.290898e+01
2.784680e+03 	 1.290898e+01
2.786680e+03 	 1.290898e+01
2.788680e+03 	 1.290898e+01
2.791095e+03 	 1.290898e+01
2.793509e+03 	 1.290898e+01
2.795923e+03 	 1.290898e+01
2.798337e+03 	 1.290898e+01
2.800751e+03 	 1.290898e+01
2.803166e+03 	 1.290898e+01
2.805580e+03 	 1.290898e+01
2.807994e+03 	 1.290898e+01
2.810408e+03 	 1.290898e+01
2.812823e+03 	 1.290898e+01
2.814823e+03 	 1.284949e+01
2.816823e+03 	 1.314694e+01
2.818823e+03 	 1.279001e+01
2.821237e+03 	 1.284949e+01
2.823651e+03 	 1.279001e+01
2.826065e+03 	 1.279001e+01
2.828479e+03 	 1.279001e+01
2.830479e+03 	 1.284949e+01
2.832479e+03 	 1.284949e+01
2.834479e+03 	 1.284949e+01
2.836479e+03 	 1.290898e+01
2.838894e+03 	 1.290898e+01
2.841308e+03 	 1.290898e+01
2.843722e+03 	 1.296847e+01
2.846136e+03 	 1.290898e+01
2.848550e+03 	 1.290898e+01
2.850965e+03 	 1.284949e+01
2.853379e+03 	 1.273052e+01
2.855793e+03 	 1.267103e+01
2.858207e+03 	 1.267103e+01
2.860207e+03 	 1.267103e+01
2.862207e+03 	 1.267103e+01
2.864207e+03 	 1.267103e+01
2.866621e+03 	 1.261154e+01
2.868621e+03 	 1.261154e+01
2.871036e+03 	 1.261154e+01
2.873450e+03 	 1.267103e+01
2.875864e+03 	 1.279001e+01
2.878278e+03 	 1.284949e+01
2.880693e+03 	 1.284949e+01
2.883107e+03 	 1.284949e+01
2.885521e+03 	 1.284949e+01
2.887935e+03 	 1.284949e+01
2.890349e+03 	 1.279001e+01
2.892764e+03 	 1.273052e+01
2.894764e+03 	 1.279001e+01
2.895764e+03 	 1.279001e+01
2.898178e+03 	 1.284949e+01
2.900592e+03 	 1.284949e+01
2.902592e+03 	 1.284949e+01
2.904592e+03 	 1.284949e+01
2.906592e+03 	 1.284949e+01
2.908592e+03 	 1.284949e+01
2.910592e+03 	 1.284949e+01
2.913006e+03 	 1.284949e+01
2.915006e+03 	 1.279001e+01
2.917006e+03 	 1.284949e+01
2.919420e+03 	 1.284949e+01
2.921420e+03 	 1.284949e+01
2.923835e+03 	 1.284949e+01
2.926249e+03 	 1.284949e+01
2.928249e+03 	 1.284949e+01
2.930663e+03 	 1.284949e+01
2.932663e+03 	 1.284949e+01
2.934663e+03 	 1.284949e+01
2.937077e+03 	 1.279001e+01
2.939492e+03 	 1.279001e+01
2.941906e+03 	 1.279001e+01
2.944320e+03 	 1.279001e+01
2.946734e+03 	 1.279001e+01
2.949148e+03 	 1.279001e+01
2.951563e+03 	 1.284949e+01
2.953977e+03 	 1.296847e+01
2.956391e+03 	 1.296847e+01
2.958805e+03 	 1.290898e+01
2.961219e+03 	 1.284949e+01
2.963634e+03 	 1.279001e+01
2.966048e+03 	 1.279001e+01
2.968462e+03 	 1.279001e+01
2.970876e+03 	 1.279001e+01
2.973291e+03 	 1.267103e+01
2.975705e+03 	 1.267103e+01
2.977705e+03 	 1.267103e+01
2.979705e+03 	 1.267103e+01
2.980705e+03 	 1.267103e+01
2.981705e+03 	 1.267103e+01
2.983705e+03 	 1.267103e+01
2.985705e+03 	 1.267103e+01
2.987705e+03 	 1.273052e+01
2.989705e+03 	 1.273052e+01
2.991705e+03 	 1.273052e+01
2.993705e+03 	 1.267103e+01
2.995705e+03 	 1.267103e+01
2.997705e+03 	 1.279001e+01
2.999705e+03 	 1.273052e+01
3.001705e+03 	 1.267103e+01
