1 	 8.857823e+01
3.414214e+00 	 8.834027e+01
5.828427e+00 	 8.857823e+01
8.242641e+00 	 8.756692e+01
1.065685e+01 	 8.750744e+01
1.307107e+01 	 8.637716e+01
1.548528e+01 	 8.465199e+01
1.789949e+01 	 8.304581e+01
2.031371e+01 	 8.328376e+01
2.272792e+01 	 8.334325e+01
2.514214e+01 	 8.304581e+01
2.755635e+01 	 8.251041e+01
2.997056e+01 	 8.102320e+01
3.238478e+01 	 8.048780e+01
3.479899e+01 	 8.042832e+01
3.721320e+01 	 7.995241e+01
3.962742e+01 	 7.995241e+01
4.204163e+01 	 7.906008e+01
4.445584e+01 	 7.787032e+01
4.687006e+01 	 7.715645e+01
4.928427e+01 	 7.674004e+01
5.169848e+01 	 7.596669e+01
5.411270e+01 	 7.590720e+01
5.652691e+01 	 7.602617e+01
5.894113e+01 	 7.620464e+01
6.135534e+01 	 7.251636e+01
6.376955e+01 	 6.942296e+01
6.618377e+01 	 7.096966e+01
6.859798e+01 	 7.013682e+01
7.101219e+01 	 7.055324e+01
7.342641e+01 	 7.144557e+01
7.584062e+01 	 7.174301e+01
7.825483e+01 	 7.067222e+01
8.066905e+01 	 7.156454e+01
8.308326e+01 	 7.132659e+01
8.549747e+01 	 7.114813e+01
8.791169e+01 	 7.132659e+01
9.032590e+01 	 7.126710e+01
9.274012e+01 	 7.091017e+01
9.515433e+01 	 7.043427e+01
9.756854e+01 	 6.966092e+01
9.998276e+01 	 6.924450e+01
1.023970e+02 	 6.977989e+01
1.048112e+02 	 7.043427e+01
1.072254e+02 	 7.037478e+01
1.096396e+02 	 6.954194e+01
1.120538e+02 	 6.835217e+01
1.144680e+02 	 6.632957e+01
1.168823e+02 	 6.555622e+01
1.192965e+02 	 6.484236e+01
1.217107e+02 	 6.472338e+01
1.241249e+02 	 6.472338e+01
1.265391e+02 	 6.287924e+01
1.289533e+02 	 6.049970e+01
1.313675e+02 	 5.936942e+01
1.337817e+02 	 5.746579e+01
1.361960e+02 	 5.556217e+01
1.386102e+02 	 5.365854e+01
1.410244e+02 	 5.330161e+01
1.434386e+02 	 5.431291e+01
1.458528e+02 	 5.466984e+01
1.482670e+02 	 5.413444e+01
1.506812e+02 	 5.371802e+01
1.530955e+02 	 5.193337e+01
1.555097e+02 	 5.026770e+01
1.579239e+02 	 4.919691e+01
1.603381e+02 	 4.854253e+01
1.627523e+02 	 4.800714e+01
1.647523e+02 	 4.782867e+01
1.667523e+02 	 4.741225e+01
1.687523e+02 	 4.705532e+01
1.707523e+02 	 4.646044e+01
1.727523e+02 	 4.580607e+01
1.747523e+02 	 4.533016e+01
1.771665e+02 	 4.497323e+01
1.795807e+02 	 4.515170e+01
1.819949e+02 	 4.437835e+01
1.844092e+02 	 4.312909e+01
1.868234e+02 	 4.283165e+01
1.892376e+02 	 4.187983e+01
1.916518e+02 	 4.104700e+01
1.940660e+02 	 3.944081e+01
1.960660e+02 	 3.848899e+01
1.984802e+02 	 3.813206e+01
2.008944e+02 	 3.658537e+01
2.033087e+02 	 3.670434e+01
2.057229e+02 	 3.652588e+01
2.077229e+02 	 3.634741e+01
2.097229e+02 	 3.634741e+01
2.117229e+02 	 3.628792e+01
2.137229e+02 	 3.622844e+01
2.157229e+02 	 3.610946e+01
2.177229e+02 	 3.599048e+01
2.197229e+02 	 3.575253e+01
2.217229e+02 	 3.581202e+01
2.237229e+02 	 3.593099e+01
2.257229e+02 	 3.599048e+01
2.277229e+02 	 3.593099e+01
2.297229e+02 	 3.587151e+01
2.317229e+02 	 3.581202e+01
2.337229e+02 	 3.569304e+01
2.357229e+02 	 3.545509e+01
2.377229e+02 	 3.545509e+01
2.397229e+02 	 3.515764e+01
2.417229e+02 	 3.462225e+01
2.437229e+02 	 3.420583e+01
2.457229e+02 	 3.355146e+01
2.477229e+02 	 3.307555e+01
2.501371e+02 	 3.218322e+01
2.525513e+02 	 3.170732e+01
2.549655e+02 	 3.152885e+01
2.573797e+02 	 3.140988e+01
2.593797e+02 	 3.158834e+01
2.613797e+02 	 3.158834e+01
2.633797e+02 	 3.129090e+01
2.653797e+02 	 3.117192e+01
2.673797e+02 	 3.111243e+01
2.693797e+02 	 3.105294e+01
2.713797e+02 	 3.105294e+01
2.733797e+02 	 3.111243e+01
2.753797e+02 	 3.111243e+01
2.773797e+02 	 3.158834e+01
2.793797e+02 	 3.182629e+01
2.813797e+02 	 3.242118e+01
2.833797e+02 	 3.277811e+01
2.853797e+02 	 3.349197e+01
2.873797e+02 	 2.992267e+01
2.893797e+02 	 2.914932e+01
2.913797e+02 	 2.950625e+01
2.933797e+02 	 2.938727e+01
2.953797e+02 	 2.938727e+01
2.973797e+02 	 2.950625e+01
2.993797e+02 	 2.944676e+01
3.013797e+02 	 2.950625e+01
3.033797e+02 	 2.956573e+01
3.053797e+02 	 2.956573e+01
3.073797e+02 	 2.956573e+01
3.093797e+02 	 2.962522e+01
3.113797e+02 	 2.962522e+01
3.133797e+02 	 2.968471e+01
3.153797e+02 	 2.956573e+01
3.173797e+02 	 2.903034e+01
3.193797e+02 	 2.867341e+01
3.213797e+02 	 2.855443e+01
3.233797e+02 	 2.801904e+01
3.253797e+02 	 2.790006e+01
3.273797e+02 	 2.778108e+01
3.293797e+02 	 2.742415e+01
3.313797e+02 	 2.778108e+01
3.333797e+02 	 2.790006e+01
3.353797e+02 	 2.795955e+01
3.373797e+02 	 2.807852e+01
3.393797e+02 	 2.861392e+01
3.413797e+02 	 2.861392e+01
3.433797e+02 	 2.795955e+01
3.453797e+02 	 2.694825e+01
3.473797e+02 	 2.718620e+01
3.493797e+02 	 2.772159e+01
3.517939e+02 	 2.837597e+01
3.542082e+02 	 2.861392e+01
3.566224e+02 	 2.885187e+01
3.590366e+02 	 2.891136e+01
3.614508e+02 	 2.885187e+01
3.638650e+02 	 2.861392e+01
3.662792e+02 	 2.837597e+01
3.686934e+02 	 2.790006e+01
3.711076e+02 	 2.516359e+01
3.735219e+02 	 1.921475e+01
3.759361e+02 	 2.093992e+01
3.783503e+02 	 2.153480e+01
3.807645e+02 	 2.111838e+01
3.831787e+02 	 2.004759e+01
3.855929e+02 	 1.897680e+01
3.880071e+02 	 1.719215e+01
3.904214e+02 	 1.653778e+01
3.928356e+02 	 1.772754e+01
3.952498e+02 	 1.772754e+01
3.976640e+02 	 1.754908e+01
4.000782e+02 	 1.689471e+01
4.024924e+02 	 1.600238e+01
4.049066e+02 	 1.588340e+01
4.073209e+02 	 1.612136e+01
4.097351e+02 	 1.624033e+01
4.121493e+02 	 1.582391e+01
4.145635e+02 	 1.558596e+01
4.165635e+02 	 1.552647e+01
4.185635e+02 	 1.558596e+01
4.205635e+02 	 1.558596e+01
4.225635e+02 	 1.558596e+01
4.245635e+02 	 1.558596e+01
4.265635e+02 	 1.570494e+01
4.285635e+02 	 1.570494e+01
4.305635e+02 	 1.570494e+01
4.325635e+02 	 1.570494e+01
4.345635e+02 	 1.570494e+01
4.365635e+02 	 1.570494e+01
4.385635e+02 	 1.570494e+01
4.405635e+02 	 1.570494e+01
4.425635e+02 	 1.570494e+01
4.445635e+02 	 1.570494e+01
4.465635e+02 	 1.570494e+01
4.485635e+02 	 1.570494e+01
4.505635e+02 	 1.570494e+01
4.525635e+02 	 1.570494e+01
4.545635e+02 	 1.570494e+01
4.565635e+02 	 1.570494e+01
4.585635e+02 	 1.570494e+01
4.605635e+02 	 1.570494e+01
4.625635e+02 	 1.570494e+01
4.645635e+02 	 1.570494e+01
4.665635e+02 	 1.570494e+01
4.685635e+02 	 1.570494e+01
4.705635e+02 	 1.570494e+01
4.725635e+02 	 1.570494e+01
4.745635e+02 	 1.570494e+01
4.765635e+02 	 1.570494e+01
4.785635e+02 	 1.570494e+01
4.805635e+02 	 1.570494e+01
4.825635e+02 	 1.570494e+01
4.845635e+02 	 1.570494e+01
4.865635e+02 	 1.570494e+01
4.885635e+02 	 1.570494e+01
4.905635e+02 	 1.570494e+01
4.925635e+02 	 1.570494e+01
4.945635e+02 	 1.570494e+01
4.955635e+02 	 1.570494e+01
4.965635e+02 	 1.570494e+01
4.975635e+02 	 1.570494e+01
4.985635e+02 	 1.570494e+01
4.995635e+02 	 1.570494e+01
5.005635e+02 	 1.570494e+01
5.015635e+02 	 1.570494e+01
5.025635e+02 	 1.570494e+01
5.035635e+02 	 1.570494e+01
5.045635e+02 	 1.570494e+01
5.055635e+02 	 1.570494e+01
5.065635e+02 	 1.570494e+01
5.085635e+02 	 1.570494e+01
5.105635e+02 	 1.570494e+01
5.125635e+02 	 1.570494e+01
5.145635e+02 	 1.570494e+01
5.155635e+02 	 1.570494e+01
5.165635e+02 	 1.570494e+01
5.175635e+02 	 1.570494e+01
5.185635e+02 	 1.576443e+01
5.209777e+02 	 1.576443e+01
5.233919e+02 	 1.582391e+01
5.258061e+02 	 1.582391e+01
5.282203e+02 	 1.582391e+01
5.306346e+02 	 1.582391e+01
5.330488e+02 	 1.582391e+01
5.354630e+02 	 1.594289e+01
5.378772e+02 	 1.618084e+01
5.402914e+02 	 1.635931e+01
5.427056e+02 	 1.635931e+01
5.451198e+02 	 1.618084e+01
5.475341e+02 	 1.612136e+01
5.495341e+02 	 1.618084e+01
5.519483e+02 	 1.624033e+01
5.543625e+02 	 1.624033e+01
5.567767e+02 	 1.612136e+01
5.591909e+02 	 1.558596e+01
5.616051e+02 	 1.540750e+01
5.640193e+02 	 1.534801e+01
5.660193e+02 	 1.505057e+01
5.680193e+02 	 1.481261e+01
5.704335e+02 	 1.439619e+01
5.728478e+02 	 1.433670e+01
5.752620e+02 	 1.433670e+01
5.776762e+02 	 1.433670e+01
5.800904e+02 	 1.380131e+01
5.825046e+02 	 1.421773e+01
5.849188e+02 	 1.594289e+01
5.873330e+02 	 1.647829e+01
5.897473e+02 	 1.624033e+01
5.921615e+02 	 1.582391e+01
5.945757e+02 	 1.588340e+01
5.969899e+02 	 1.600238e+01
5.994041e+02 	 1.552647e+01
6.018183e+02 	 1.469363e+01
6.042325e+02 	 1.445568e+01
6.066468e+02 	 1.439619e+01
6.090610e+02 	 1.481261e+01
6.114752e+02 	 1.522903e+01
6.134752e+02 	 1.522903e+01
6.154752e+02 	 1.528852e+01
6.174752e+02 	 1.534801e+01
6.194752e+02 	 1.522903e+01
6.214752e+02 	 1.534801e+01
6.234752e+02 	 1.540750e+01
6.254752e+02 	 1.552647e+01
6.274752e+02 	 1.552647e+01
6.294752e+02 	 1.546698e+01
6.314752e+02 	 1.546698e+01
6.334752e+02 	 1.540750e+01
6.354752e+02 	 1.540750e+01
6.374752e+02 	 1.546698e+01
6.394752e+02 	 1.558596e+01
6.414752e+02 	 1.564545e+01
6.434752e+02 	 1.540750e+01
6.454752e+02 	 1.505057e+01
6.474752e+02 	 1.469363e+01
6.494752e+02 	 1.469363e+01
6.514752e+02 	 1.463415e+01
6.534752e+02 	 1.463415e+01
6.554752e+02 	 1.463415e+01
6.574752e+02 	 1.463415e+01
6.594752e+02 	 1.463415e+01
6.614752e+02 	 1.469363e+01
6.634752e+02 	 1.469363e+01
6.654752e+02 	 1.469363e+01
6.674752e+02 	 1.469363e+01
6.694752e+02 	 1.469363e+01
6.714752e+02 	 1.469363e+01
6.734752e+02 	 1.469363e+01
6.754752e+02 	 1.469363e+01
6.774752e+02 	 1.469363e+01
6.794752e+02 	 1.469363e+01
6.814752e+02 	 1.469363e+01
6.834752e+02 	 1.469363e+01
6.854752e+02 	 1.469363e+01
6.874752e+02 	 1.469363e+01
6.894752e+02 	 1.469363e+01
6.914752e+02 	 1.469363e+01
6.934752e+02 	 1.469363e+01
6.954752e+02 	 1.469363e+01
6.974752e+02 	 1.469363e+01
6.994752e+02 	 1.469363e+01
7.014752e+02 	 1.469363e+01
7.034752e+02 	 1.469363e+01
7.054752e+02 	 1.469363e+01
7.074752e+02 	 1.469363e+01
7.094752e+02 	 1.469363e+01
7.114752e+02 	 1.469363e+01
7.134752e+02 	 1.469363e+01
7.154752e+02 	 1.469363e+01
7.174752e+02 	 1.469363e+01
7.194752e+02 	 1.469363e+01
7.214752e+02 	 1.469363e+01
7.234752e+02 	 1.469363e+01
7.254752e+02 	 1.469363e+01
7.274752e+02 	 1.469363e+01
7.294752e+02 	 1.469363e+01
7.314752e+02 	 1.469363e+01
7.334752e+02 	 1.469363e+01
7.354752e+02 	 1.469363e+01
7.374752e+02 	 1.469363e+01
7.394752e+02 	 1.469363e+01
7.404752e+02 	 1.469363e+01
7.414752e+02 	 1.469363e+01
7.424752e+02 	 1.469363e+01
7.434752e+02 	 1.469363e+01
7.444752e+02 	 1.469363e+01
7.454752e+02 	 1.469363e+01
7.464752e+02 	 1.469363e+01
7.474752e+02 	 1.469363e+01
7.494752e+02 	 1.469363e+01
7.514752e+02 	 1.469363e+01
7.534752e+02 	 1.469363e+01
7.554752e+02 	 1.469363e+01
7.574752e+02 	 1.469363e+01
7.584752e+02 	 1.469363e+01
7.604752e+02 	 1.469363e+01
7.624752e+02 	 1.469363e+01
7.644752e+02 	 1.469363e+01
7.664752e+02 	 1.469363e+01
7.684752e+02 	 1.469363e+01
7.704752e+02 	 1.469363e+01
7.724752e+02 	 1.469363e+01
7.744752e+02 	 1.469363e+01
7.764752e+02 	 1.469363e+01
7.788894e+02 	 1.463415e+01
7.813036e+02 	 1.463415e+01
7.837178e+02 	 1.475312e+01
7.861320e+02 	 1.487210e+01
7.881320e+02 	 1.487210e+01
7.901320e+02 	 1.469363e+01
7.921320e+02 	 1.451517e+01
7.941320e+02 	 1.445568e+01
7.961320e+02 	 1.445568e+01
7.981320e+02 	 1.445568e+01
8.005462e+02 	 1.451517e+01
8.029605e+02 	 1.451517e+01
8.053747e+02 	 1.451517e+01
8.077889e+02 	 1.451517e+01
8.102031e+02 	 1.451517e+01
8.126173e+02 	 1.451517e+01
8.146173e+02 	 1.451517e+01
8.170315e+02 	 1.451517e+01
8.190315e+02 	 1.451517e+01
8.214457e+02 	 1.451517e+01
8.238600e+02 	 1.451517e+01
8.258600e+02 	 1.451517e+01
8.278600e+02 	 1.451517e+01
8.298600e+02 	 1.451517e+01
8.318600e+02 	 1.451517e+01
8.338600e+02 	 1.451517e+01
8.362742e+02 	 1.457466e+01
8.382742e+02 	 1.457466e+01
8.402742e+02 	 1.457466e+01
8.422742e+02 	 1.463415e+01
8.442742e+02 	 1.469363e+01
8.466884e+02 	 1.469363e+01
8.491026e+02 	 1.469363e+01
8.515168e+02 	 1.475312e+01
8.539310e+02 	 1.475312e+01
8.563452e+02 	 1.475312e+01
8.587595e+02 	 1.475312e+01
8.607595e+02 	 1.475312e+01
8.631737e+02 	 1.475312e+01
8.655879e+02 	 1.475312e+01
8.675879e+02 	 1.475312e+01
8.695879e+02 	 1.469363e+01
8.715879e+02 	 1.457466e+01
8.735879e+02 	 1.427722e+01
8.755879e+02 	 1.415824e+01
8.765879e+02 	 1.409875e+01
8.785879e+02 	 1.403926e+01
8.805879e+02 	 1.403926e+01
8.825879e+02 	 1.397977e+01
8.845879e+02 	 1.380131e+01
8.865879e+02 	 1.374182e+01
8.885879e+02 	 1.380131e+01
8.905879e+02 	 1.374182e+01
8.925879e+02 	 1.380131e+01
8.945879e+02 	 1.374182e+01
8.970021e+02 	 1.374182e+01
8.994163e+02 	 1.368233e+01
9.018305e+02 	 1.403926e+01
9.038305e+02 	 1.386080e+01
9.062447e+02 	 1.403926e+01
9.086589e+02 	 1.380131e+01
9.106589e+02 	 1.338489e+01
9.126589e+02 	 1.338489e+01
9.146589e+02 	 1.302796e+01
9.166589e+02 	 1.314694e+01
9.186589e+02 	 1.308745e+01
9.210732e+02 	 1.308745e+01
9.230732e+02 	 1.284949e+01
9.250732e+02 	 1.279001e+01
9.274874e+02 	 1.320642e+01
9.294874e+02 	 1.332540e+01
9.319016e+02 	 1.302796e+01
9.339016e+02 	 1.320642e+01
9.359016e+02 	 1.267103e+01
9.383158e+02 	 1.231410e+01
9.403158e+02 	 1.225461e+01
9.427300e+02 	 1.219512e+01
9.451442e+02 	 1.219512e+01
9.475584e+02 	 1.219512e+01
9.495584e+02 	 1.219512e+01
9.519727e+02 	 1.225461e+01
9.543869e+02 	 1.225461e+01
9.563869e+02 	 1.225461e+01
9.588011e+02 	 1.225461e+01
9.608011e+02 	 1.225461e+01
9.632153e+02 	 1.231410e+01
9.656295e+02 	 1.231410e+01
9.680437e+02 	 1.231410e+01
9.704579e+02 	 1.231410e+01
9.728721e+02 	 1.231410e+01
9.752864e+02 	 1.231410e+01
9.772864e+02 	 1.231410e+01
9.797006e+02 	 1.231410e+01
9.821148e+02 	 1.231410e+01
9.841148e+02 	 1.231410e+01
9.861148e+02 	 1.231410e+01
9.881148e+02 	 1.231410e+01
9.905290e+02 	 1.231410e+01
9.925290e+02 	 1.231410e+01
9.945290e+02 	 1.231410e+01
9.965290e+02 	 1.231410e+01
9.985290e+02 	 1.231410e+01
1.000943e+03 	 1.231410e+01
1.002943e+03 	 1.231410e+01
1.004943e+03 	 1.231410e+01
1.007357e+03 	 1.249256e+01
1.009357e+03 	 1.249256e+01
1.011357e+03 	 1.249256e+01
1.013357e+03 	 1.249256e+01
1.015357e+03 	 1.249256e+01
1.017772e+03 	 1.255205e+01
1.020186e+03 	 1.261154e+01
1.022600e+03 	 1.273052e+01
1.024600e+03 	 1.273052e+01
1.026600e+03 	 1.273052e+01
1.029014e+03 	 1.279001e+01
1.031014e+03 	 1.279001e+01
1.033428e+03 	 1.279001e+01
1.035843e+03 	 1.284949e+01
1.038257e+03 	 1.279001e+01
1.040671e+03 	 1.279001e+01
1.043085e+03 	 1.279001e+01
1.045500e+03 	 1.279001e+01
1.047914e+03 	 1.279001e+01
1.050328e+03 	 1.279001e+01
1.051328e+03 	 1.279001e+01
1.053328e+03 	 1.279001e+01
1.055328e+03 	 1.279001e+01
1.057742e+03 	 1.279001e+01
1.060156e+03 	 1.279001e+01
1.062571e+03 	 1.279001e+01
1.064571e+03 	 1.279001e+01
1.065571e+03 	 1.279001e+01
1.066571e+03 	 1.279001e+01
1.067571e+03 	 1.279001e+01
1.068571e+03 	 1.279001e+01
1.069571e+03 	 1.279001e+01
1.070571e+03 	 1.279001e+01
1.071571e+03 	 1.279001e+01
1.072571e+03 	 1.279001e+01
1.073571e+03 	 1.279001e+01
1.074571e+03 	 1.279001e+01
1.075571e+03 	 1.279001e+01
1.076571e+03 	 1.279001e+01
1.077571e+03 	 1.279001e+01
1.079571e+03 	 1.279001e+01
1.081571e+03 	 1.279001e+01
1.083571e+03 	 1.279001e+01
1.085571e+03 	 1.279001e+01
1.087571e+03 	 1.284949e+01
1.089571e+03 	 1.290898e+01
1.091571e+03 	 1.290898e+01
1.093571e+03 	 1.290898e+01
1.095571e+03 	 1.284949e+01
1.097571e+03 	 1.284949e+01
1.099571e+03 	 1.284949e+01
1.101571e+03 	 1.279001e+01
1.103571e+03 	 1.284949e+01
1.105571e+03 	 1.284949e+01
1.107571e+03 	 1.279001e+01
1.109571e+03 	 1.273052e+01
1.111571e+03 	 1.279001e+01
1.113571e+03 	 1.267103e+01
1.115571e+03 	 1.279001e+01
1.117571e+03 	 1.284949e+01
1.119571e+03 	 1.284949e+01
1.121571e+03 	 1.290898e+01
1.123571e+03 	 1.284949e+01
1.125571e+03 	 1.290898e+01
1.127571e+03 	 1.290898e+01
1.129571e+03 	 1.279001e+01
1.131571e+03 	 1.261154e+01
1.133571e+03 	 1.261154e+01
1.135571e+03 	 1.261154e+01
1.137571e+03 	 1.261154e+01
1.139571e+03 	 1.261154e+01
1.141571e+03 	 1.261154e+01
1.143571e+03 	 1.261154e+01
1.145571e+03 	 1.261154e+01
1.147571e+03 	 1.261154e+01
1.149571e+03 	 1.261154e+01
1.151571e+03 	 1.261154e+01
1.153571e+03 	 1.261154e+01
1.155571e+03 	 1.261154e+01
1.156571e+03 	 1.261154e+01
1.157571e+03 	 1.261154e+01
1.158571e+03 	 1.261154e+01
1.159571e+03 	 1.261154e+01
1.160571e+03 	 1.261154e+01
1.161571e+03 	 1.261154e+01
1.162571e+03 	 1.261154e+01
1.163571e+03 	 1.261154e+01
1.164571e+03 	 1.261154e+01
1.165571e+03 	 1.261154e+01
1.166571e+03 	 1.261154e+01
1.167571e+03 	 1.261154e+01
1.168571e+03 	 1.261154e+01
1.170571e+03 	 1.261154e+01
1.172571e+03 	 1.261154e+01
1.174571e+03 	 1.261154e+01
1.176571e+03 	 1.261154e+01
1.178571e+03 	 1.261154e+01
1.180571e+03 	 1.261154e+01
1.182571e+03 	 1.261154e+01
1.184571e+03 	 1.261154e+01
1.186571e+03 	 1.261154e+01
1.188571e+03 	 1.261154e+01
1.190571e+03 	 1.261154e+01
1.192571e+03 	 1.261154e+01
1.194571e+03 	 1.261154e+01
1.196571e+03 	 1.261154e+01
1.198571e+03 	 1.261154e+01
1.200571e+03 	 1.261154e+01
1.202571e+03 	 1.261154e+01
1.204571e+03 	 1.261154e+01
1.206571e+03 	 1.261154e+01
1.208571e+03 	 1.261154e+01
1.210571e+03 	 1.261154e+01
1.212571e+03 	 1.261154e+01
1.214571e+03 	 1.261154e+01
1.216571e+03 	 1.261154e+01
1.218571e+03 	 1.261154e+01
1.220571e+03 	 1.261154e+01
1.222571e+03 	 1.261154e+01
1.224571e+03 	 1.261154e+01
1.226985e+03 	 1.261154e+01
1.229399e+03 	 1.261154e+01
1.231813e+03 	 1.261154e+01
1.234227e+03 	 1.261154e+01
1.236227e+03 	 1.261154e+01
1.238227e+03 	 1.261154e+01
1.240227e+03 	 1.261154e+01
1.242227e+03 	 1.261154e+01
1.244227e+03 	 1.261154e+01
1.246227e+03 	 1.261154e+01
1.248227e+03 	 1.261154e+01
1.250227e+03 	 1.261154e+01
1.252227e+03 	 1.261154e+01
1.254227e+03 	 1.261154e+01
1.256642e+03 	 1.261154e+01
1.258642e+03 	 1.261154e+01
1.260642e+03 	 1.261154e+01
1.263056e+03 	 1.261154e+01
1.265056e+03 	 1.261154e+01
1.267056e+03 	 1.261154e+01
1.269056e+03 	 1.261154e+01
1.271056e+03 	 1.261154e+01
1.273056e+03 	 1.261154e+01
1.275470e+03 	 1.261154e+01
1.277470e+03 	 1.261154e+01
1.279470e+03 	 1.261154e+01
1.281470e+03 	 1.261154e+01
1.283470e+03 	 1.261154e+01
1.285470e+03 	 1.261154e+01
1.286470e+03 	 1.255205e+01
1.287470e+03 	 1.255205e+01
1.288470e+03 	 1.255205e+01
1.289470e+03 	 1.255205e+01
1.290470e+03 	 1.255205e+01
1.291470e+03 	 1.255205e+01
1.292470e+03 	 1.255205e+01
1.293470e+03 	 1.255205e+01
1.294470e+03 	 1.255205e+01
1.296470e+03 	 1.255205e+01
1.298470e+03 	 1.255205e+01
1.300470e+03 	 1.255205e+01
1.302470e+03 	 1.255205e+01
1.304470e+03 	 1.255205e+01
1.306470e+03 	 1.255205e+01
1.308884e+03 	 1.249256e+01
1.311299e+03 	 1.243308e+01
1.313713e+03 	 1.231410e+01
1.316127e+03 	 1.261154e+01
1.318541e+03 	 1.231410e+01
1.320955e+03 	 1.231410e+01
1.323370e+03 	 1.231410e+01
1.325784e+03 	 1.243308e+01
1.328198e+03 	 1.243308e+01
1.330612e+03 	 1.231410e+01
1.333026e+03 	 1.237359e+01
1.335441e+03 	 1.231410e+01
1.337441e+03 	 1.231410e+01
1.339855e+03 	 1.237359e+01
1.341855e+03 	 1.243308e+01
1.343855e+03 	 1.243308e+01
1.346269e+03 	 1.243308e+01
1.348683e+03 	 1.243308e+01
1.350683e+03 	 1.249256e+01
1.353098e+03 	 1.249256e+01
1.355512e+03 	 1.249256e+01
1.356512e+03 	 1.249256e+01
1.358512e+03 	 1.243308e+01
1.360512e+03 	 1.249256e+01
1.362512e+03 	 1.243308e+01
1.364512e+03 	 1.243308e+01
1.366512e+03 	 1.243308e+01
1.368512e+03 	 1.249256e+01
1.370512e+03 	 1.249256e+01
1.372926e+03 	 1.255205e+01
1.375340e+03 	 1.273052e+01
1.377754e+03 	 1.249256e+01
1.380169e+03 	 1.243308e+01
1.382583e+03 	 1.243308e+01
1.384997e+03 	 1.243308e+01
1.387411e+03 	 1.249256e+01
1.389825e+03 	 1.249256e+01
1.392240e+03 	 1.249256e+01
1.394654e+03 	 1.249256e+01
1.397068e+03 	 1.249256e+01
1.399068e+03 	 1.243308e+01
1.401068e+03 	 1.243308e+01
1.403068e+03 	 1.243308e+01
1.405482e+03 	 1.243308e+01
1.407897e+03 	 1.243308e+01
1.409897e+03 	 1.243308e+01
1.412311e+03 	 1.243308e+01
1.414725e+03 	 1.243308e+01
1.417139e+03 	 1.249256e+01
1.419553e+03 	 1.243308e+01
1.421968e+03 	 1.243308e+01
1.424382e+03 	 1.237359e+01
1.426796e+03 	 1.237359e+01
1.429210e+03 	 1.255205e+01
1.431624e+03 	 1.231410e+01
1.434039e+03 	 1.237359e+01
1.436453e+03 	 1.255205e+01
1.438867e+03 	 1.255205e+01
1.441281e+03 	 1.261154e+01
1.443696e+03 	 1.249256e+01
1.446110e+03 	 1.237359e+01
1.448524e+03 	 1.243308e+01
1.450938e+03 	 1.249256e+01
1.453352e+03 	 1.255205e+01
1.455767e+03 	 1.255205e+01
1.458181e+03 	 1.255205e+01
1.460181e+03 	 1.255205e+01
1.462181e+03 	 1.249256e+01
1.464181e+03 	 1.249256e+01
1.466181e+03 	 1.255205e+01
1.468595e+03 	 1.255205e+01
1.471009e+03 	 1.255205e+01
1.473423e+03 	 1.255205e+01
1.475838e+03 	 1.255205e+01
1.478252e+03 	 1.255205e+01
1.480252e+03 	 1.255205e+01
1.482252e+03 	 1.261154e+01
1.484252e+03 	 1.261154e+01
1.486252e+03 	 1.255205e+01
1.488252e+03 	 1.261154e+01
1.490252e+03 	 1.255205e+01
1.492252e+03 	 1.255205e+01
1.494252e+03 	 1.255205e+01
1.496252e+03 	 1.255205e+01
1.498252e+03 	 1.255205e+01
1.500252e+03 	 1.255205e+01
1.502252e+03 	 1.255205e+01
1.504252e+03 	 1.255205e+01
1.506252e+03 	 1.255205e+01
1.508252e+03 	 1.255205e+01
1.510252e+03 	 1.255205e+01
1.512252e+03 	 1.255205e+01
1.514252e+03 	 1.255205e+01
1.516252e+03 	 1.255205e+01
1.518252e+03 	 1.255205e+01
1.520252e+03 	 1.255205e+01
1.522252e+03 	 1.255205e+01
1.524252e+03 	 1.255205e+01
1.526252e+03 	 1.255205e+01
1.528252e+03 	 1.255205e+01
1.530252e+03 	 1.255205e+01
1.532252e+03 	 1.255205e+01
1.534252e+03 	 1.255205e+01
1.536252e+03 	 1.255205e+01
1.538252e+03 	 1.255205e+01
1.540252e+03 	 1.255205e+01
1.542252e+03 	 1.255205e+01
1.544252e+03 	 1.255205e+01
1.546252e+03 	 1.255205e+01
1.548252e+03 	 1.255205e+01
1.550252e+03 	 1.255205e+01
1.552252e+03 	 1.255205e+01
1.554252e+03 	 1.255205e+01
1.556252e+03 	 1.255205e+01
1.558252e+03 	 1.255205e+01
1.560252e+03 	 1.255205e+01
1.562252e+03 	 1.255205e+01
1.563252e+03 	 1.255205e+01
1.564252e+03 	 1.255205e+01
1.565252e+03 	 1.255205e+01
1.566252e+03 	 1.255205e+01
1.567252e+03 	 1.255205e+01
1.568252e+03 	 1.255205e+01
1.569252e+03 	 1.255205e+01
1.570252e+03 	 1.255205e+01
1.571252e+03 	 1.255205e+01
1.572252e+03 	 1.255205e+01
1.574252e+03 	 1.255205e+01
1.576252e+03 	 1.255205e+01
1.578252e+03 	 1.255205e+01
1.580252e+03 	 1.255205e+01
1.582252e+03 	 1.255205e+01
1.584252e+03 	 1.255205e+01
1.586252e+03 	 1.255205e+01
1.588252e+03 	 1.255205e+01
1.590252e+03 	 1.255205e+01
1.592252e+03 	 1.255205e+01
1.594252e+03 	 1.255205e+01
1.596252e+03 	 1.255205e+01
1.598666e+03 	 1.255205e+01
1.601080e+03 	 1.255205e+01
1.603495e+03 	 1.255205e+01
1.605495e+03 	 1.255205e+01
1.607495e+03 	 1.255205e+01
1.609495e+03 	 1.255205e+01
1.611495e+03 	 1.255205e+01
1.613495e+03 	 1.255205e+01
1.615495e+03 	 1.255205e+01
1.617909e+03 	 1.255205e+01
1.620323e+03 	 1.261154e+01
1.622737e+03 	 1.261154e+01
1.625151e+03 	 1.261154e+01
1.627566e+03 	 1.261154e+01
1.629980e+03 	 1.261154e+01
1.632394e+03 	 1.261154e+01
1.634394e+03 	 1.261154e+01
1.636394e+03 	 1.261154e+01
1.638394e+03 	 1.261154e+01
1.640394e+03 	 1.261154e+01
1.642394e+03 	 1.267103e+01
1.644808e+03 	 1.267103e+01
1.647222e+03 	 1.255205e+01
1.649637e+03 	 1.219512e+01
1.652051e+03 	 1.261154e+01
1.654465e+03 	 1.267103e+01
1.656879e+03 	 1.255205e+01
1.659294e+03 	 1.255205e+01
1.661708e+03 	 1.255205e+01
1.664122e+03 	 1.255205e+01
1.666536e+03 	 1.243308e+01
1.668950e+03 	 1.249256e+01
1.671365e+03 	 1.231410e+01
1.673779e+03 	 1.231410e+01
1.676193e+03 	 1.231410e+01
1.678607e+03 	 1.231410e+01
1.681021e+03 	 1.231410e+01
1.683436e+03 	 1.231410e+01
1.685850e+03 	 1.231410e+01
1.688264e+03 	 1.237359e+01
1.690264e+03 	 1.237359e+01
1.692264e+03 	 1.237359e+01
1.694264e+03 	 1.237359e+01
1.696678e+03 	 1.237359e+01
1.699092e+03 	 1.237359e+01
1.701507e+03 	 1.237359e+01
1.703921e+03 	 1.237359e+01
1.706335e+03 	 1.237359e+01
1.708749e+03 	 1.237359e+01
1.710749e+03 	 1.237359e+01
1.712749e+03 	 1.237359e+01
1.714749e+03 	 1.237359e+01
1.717164e+03 	 1.243308e+01
1.719164e+03 	 1.243308e+01
1.721164e+03 	 1.243308e+01
1.723578e+03 	 1.243308e+01
1.725992e+03 	 1.243308e+01
1.727992e+03 	 1.243308e+01
1.729992e+03 	 1.243308e+01
1.732406e+03 	 1.243308e+01
1.734406e+03 	 1.243308e+01
1.736406e+03 	 1.249256e+01
1.738406e+03 	 1.243308e+01
1.740820e+03 	 1.249256e+01
1.743235e+03 	 1.249256e+01
1.745649e+03 	 1.255205e+01
1.747649e+03 	 1.261154e+01
1.749649e+03 	 1.261154e+01
1.751649e+03 	 1.279001e+01
1.753649e+03 	 1.255205e+01
1.755649e+03 	 1.267103e+01
1.757649e+03 	 1.267103e+01
1.759649e+03 	 1.267103e+01
1.761649e+03 	 1.267103e+01
1.763649e+03 	 1.267103e+01
1.765649e+03 	 1.267103e+01
1.767649e+03 	 1.267103e+01
1.769649e+03 	 1.267103e+01
1.771649e+03 	 1.273052e+01
1.773649e+03 	 1.273052e+01
1.775649e+03 	 1.273052e+01
1.777649e+03 	 1.273052e+01
1.779649e+03 	 1.273052e+01
1.781649e+03 	 1.273052e+01
1.783649e+03 	 1.273052e+01
1.785649e+03 	 1.273052e+01
1.786649e+03 	 1.273052e+01
1.787649e+03 	 1.273052e+01
1.788649e+03 	 1.273052e+01
1.789649e+03 	 1.273052e+01
1.790649e+03 	 1.273052e+01
1.792649e+03 	 1.273052e+01
1.794649e+03 	 1.273052e+01
1.796649e+03 	 1.273052e+01
1.797649e+03 	 1.273052e+01
1.798649e+03 	 1.273052e+01
1.799649e+03 	 1.273052e+01
1.800649e+03 	 1.273052e+01
1.801649e+03 	 1.273052e+01
1.802649e+03 	 1.273052e+01
1.803649e+03 	 1.273052e+01
1.804649e+03 	 1.273052e+01
1.805649e+03 	 1.273052e+01
1.806649e+03 	 1.273052e+01
1.807649e+03 	 1.273052e+01
1.808649e+03 	 1.273052e+01
1.809649e+03 	 1.273052e+01
1.810649e+03 	 1.273052e+01
1.811649e+03 	 1.273052e+01
1.812649e+03 	 1.273052e+01
1.813649e+03 	 1.273052e+01
1.815649e+03 	 1.273052e+01
1.817649e+03 	 1.273052e+01
1.819649e+03 	 1.273052e+01
1.821649e+03 	 1.273052e+01
1.822649e+03 	 1.273052e+01
1.823649e+03 	 1.273052e+01
1.824649e+03 	 1.273052e+01
1.825649e+03 	 1.273052e+01
1.826649e+03 	 1.273052e+01
1.828649e+03 	 1.273052e+01
1.830649e+03 	 1.273052e+01
1.832649e+03 	 1.273052e+01
1.834649e+03 	 1.273052e+01
1.836649e+03 	 1.273052e+01
1.838649e+03 	 1.273052e+01
1.840649e+03 	 1.273052e+01
1.842649e+03 	 1.273052e+01
1.844649e+03 	 1.273052e+01
1.846649e+03 	 1.273052e+01
1.848649e+03 	 1.273052e+01
1.850649e+03 	 1.273052e+01
1.852649e+03 	 1.273052e+01
1.854649e+03 	 1.273052e+01
1.856649e+03 	 1.273052e+01
1.858649e+03 	 1.273052e+01
1.860649e+03 	 1.273052e+01
1.862649e+03 	 1.273052e+01
1.864649e+03 	 1.273052e+01
1.866649e+03 	 1.273052e+01
1.869063e+03 	 1.273052e+01
1.871477e+03 	 1.273052e+01
1.873891e+03 	 1.273052e+01
1.876306e+03 	 1.273052e+01
1.878720e+03 	 1.273052e+01
1.881134e+03 	 1.273052e+01
1.883548e+03 	 1.273052e+01
1.885963e+03 	 1.273052e+01
1.888377e+03 	 1.273052e+01
1.890791e+03 	 1.273052e+01
1.893205e+03 	 1.267103e+01
1.895205e+03 	 1.273052e+01
1.897205e+03 	 1.279001e+01
1.898205e+03 	 1.279001e+01
1.900205e+03 	 1.284949e+01
1.902619e+03 	 1.284949e+01
1.904619e+03 	 1.284949e+01
1.906619e+03 	 1.284949e+01
1.908619e+03 	 1.284949e+01
1.910619e+03 	 1.284949e+01
1.912619e+03 	 1.284949e+01
1.914619e+03 	 1.284949e+01
1.917034e+03 	 1.284949e+01
1.919034e+03 	 1.284949e+01
1.921034e+03 	 1.284949e+01
1.923034e+03 	 1.284949e+01
1.925034e+03 	 1.284949e+01
1.927034e+03 	 1.284949e+01
1.929034e+03 	 1.284949e+01
1.931034e+03 	 1.284949e+01
1.933448e+03 	 1.284949e+01
1.935862e+03 	 1.284949e+01
1.938276e+03 	 1.284949e+01
1.940690e+03 	 1.284949e+01
1.943105e+03 	 1.284949e+01
1.945519e+03 	 1.284949e+01
1.947933e+03 	 1.284949e+01
1.950347e+03 	 1.284949e+01
1.952762e+03 	 1.284949e+01
1.955176e+03 	 1.284949e+01
1.957590e+03 	 1.284949e+01
1.960004e+03 	 1.284949e+01
1.962418e+03 	 1.279001e+01
1.964833e+03 	 1.296847e+01
1.967247e+03 	 1.296847e+01
1.969661e+03 	 1.290898e+01
1.972075e+03 	 1.302796e+01
1.974489e+03 	 1.302796e+01
1.976904e+03 	 1.302796e+01
1.978904e+03 	 1.302796e+01
1.981318e+03 	 1.302796e+01
1.983732e+03 	 1.302796e+01
1.986146e+03 	 1.302796e+01
1.988561e+03 	 1.302796e+01
1.990975e+03 	 1.302796e+01
1.993389e+03 	 1.302796e+01
1.995803e+03 	 1.302796e+01
1.998217e+03 	 1.302796e+01
2.000632e+03 	 1.302796e+01
2.003046e+03 	 1.302796e+01
2.005460e+03 	 1.302796e+01
2.007874e+03 	 1.302796e+01
2.010288e+03 	 1.302796e+01
2.012703e+03 	 1.302796e+01
2.014703e+03 	 1.302796e+01
2.016703e+03 	 1.302796e+01
2.018703e+03 	 1.302796e+01
2.020703e+03 	 1.302796e+01
2.023117e+03 	 1.302796e+01
2.025117e+03 	 1.302796e+01
2.027117e+03 	 1.302796e+01
2.029117e+03 	 1.302796e+01
2.031531e+03 	 1.302796e+01
2.033945e+03 	 1.302796e+01
2.036360e+03 	 1.302796e+01
2.038774e+03 	 1.302796e+01
2.041188e+03 	 1.302796e+01
2.043602e+03 	 1.302796e+01
2.046016e+03 	 1.296847e+01
2.048431e+03 	 1.296847e+01
2.050845e+03 	 1.296847e+01
2.053259e+03 	 1.296847e+01
2.055673e+03 	 1.296847e+01
2.058087e+03 	 1.296847e+01
2.060502e+03 	 1.296847e+01
2.062916e+03 	 1.296847e+01
2.065330e+03 	 1.273052e+01
2.067744e+03 	 1.279001e+01
2.070159e+03 	 1.279001e+01
2.072573e+03 	 1.284949e+01
2.074573e+03 	 1.279001e+01
2.076573e+03 	 1.273052e+01
2.078573e+03 	 1.267103e+01
2.080573e+03 	 1.267103e+01
2.082987e+03 	 1.273052e+01
2.084987e+03 	 1.273052e+01
2.087401e+03 	 1.273052e+01
2.089815e+03 	 1.279001e+01
2.092230e+03 	 1.273052e+01
2.094644e+03 	 1.273052e+01
2.096644e+03 	 1.279001e+01
2.098644e+03 	 1.279001e+01
2.100644e+03 	 1.279001e+01
2.102644e+03 	 1.279001e+01
2.104644e+03 	 1.284949e+01
2.106644e+03 	 1.284949e+01
2.108644e+03 	 1.284949e+01
2.110644e+03 	 1.279001e+01
2.112644e+03 	 1.279001e+01
2.114644e+03 	 1.279001e+01
2.115644e+03 	 1.279001e+01
2.116644e+03 	 1.279001e+01
2.117644e+03 	 1.279001e+01
2.119644e+03 	 1.279001e+01
2.121644e+03 	 1.279001e+01
2.123644e+03 	 1.279001e+01
2.125644e+03 	 1.279001e+01
2.127644e+03 	 1.279001e+01
2.129644e+03 	 1.279001e+01
2.131644e+03 	 1.279001e+01
2.133644e+03 	 1.279001e+01
2.135644e+03 	 1.279001e+01
2.137644e+03 	 1.279001e+01
2.139644e+03 	 1.279001e+01
2.141644e+03 	 1.279001e+01
2.143644e+03 	 1.279001e+01
2.145644e+03 	 1.279001e+01
2.147644e+03 	 1.279001e+01
2.149644e+03 	 1.279001e+01
2.151644e+03 	 1.279001e+01
2.153644e+03 	 1.279001e+01
2.155644e+03 	 1.279001e+01
2.157644e+03 	 1.279001e+01
2.159644e+03 	 1.279001e+01
2.161644e+03 	 1.279001e+01
2.163644e+03 	 1.279001e+01
2.165644e+03 	 1.279001e+01
2.167644e+03 	 1.279001e+01
2.169644e+03 	 1.279001e+01
2.171644e+03 	 1.279001e+01
2.173644e+03 	 1.279001e+01
2.175644e+03 	 1.279001e+01
2.177644e+03 	 1.279001e+01
2.179644e+03 	 1.279001e+01
2.180644e+03 	 1.279001e+01
2.181644e+03 	 1.284949e+01
2.183644e+03 	 1.279001e+01
2.185644e+03 	 1.284949e+01
2.187644e+03 	 1.284949e+01
2.189644e+03 	 1.284949e+01
2.191644e+03 	 1.279001e+01
2.193644e+03 	 1.279001e+01
2.195644e+03 	 1.279001e+01
2.197644e+03 	 1.279001e+01
2.199644e+03 	 1.284949e+01
2.201644e+03 	 1.279001e+01
2.203644e+03 	 1.279001e+01
2.205644e+03 	 1.279001e+01
2.207644e+03 	 1.284949e+01
2.209644e+03 	 1.279001e+01
2.211644e+03 	 1.279001e+01
2.213644e+03 	 1.279001e+01
2.215644e+03 	 1.279001e+01
2.217644e+03 	 1.279001e+01
2.219644e+03 	 1.279001e+01
2.221644e+03 	 1.279001e+01
2.223644e+03 	 1.279001e+01
2.225644e+03 	 1.279001e+01
2.227644e+03 	 1.279001e+01
2.229644e+03 	 1.279001e+01
2.231644e+03 	 1.279001e+01
2.233644e+03 	 1.279001e+01
2.235644e+03 	 1.279001e+01
2.237644e+03 	 1.279001e+01
2.239644e+03 	 1.279001e+01
2.241644e+03 	 1.279001e+01
2.243644e+03 	 1.279001e+01
2.245644e+03 	 1.279001e+01
2.247644e+03 	 1.279001e+01
2.249644e+03 	 1.279001e+01
2.251644e+03 	 1.279001e+01
2.253644e+03 	 1.279001e+01
2.255644e+03 	 1.279001e+01
2.257644e+03 	 1.279001e+01
2.259644e+03 	 1.279001e+01
2.261644e+03 	 1.279001e+01
2.263644e+03 	 1.279001e+01
2.265644e+03 	 1.279001e+01
2.267644e+03 	 1.279001e+01
2.269644e+03 	 1.279001e+01
2.270644e+03 	 1.279001e+01
2.271644e+03 	 1.279001e+01
2.272644e+03 	 1.279001e+01
2.273644e+03 	 1.279001e+01
2.274644e+03 	 1.279001e+01
2.275644e+03 	 1.279001e+01
2.276644e+03 	 1.279001e+01
2.277644e+03 	 1.279001e+01
2.278644e+03 	 1.279001e+01
2.280644e+03 	 1.279001e+01
2.282644e+03 	 1.279001e+01
2.285058e+03 	 1.279001e+01
2.287472e+03 	 1.279001e+01
2.289472e+03 	 1.279001e+01
2.291472e+03 	 1.279001e+01
2.293472e+03 	 1.279001e+01
2.295472e+03 	 1.279001e+01
2.297472e+03 	 1.279001e+01
2.298472e+03 	 1.279001e+01
2.299472e+03 	 1.279001e+01
2.301472e+03 	 1.279001e+01
2.303472e+03 	 1.279001e+01
2.305472e+03 	 1.279001e+01
2.307472e+03 	 1.279001e+01
2.309472e+03 	 1.279001e+01
2.311472e+03 	 1.279001e+01
2.313472e+03 	 1.279001e+01
2.315886e+03 	 1.279001e+01
2.318301e+03 	 1.279001e+01
2.320715e+03 	 1.290898e+01
2.323129e+03 	 1.290898e+01
2.325543e+03 	 1.290898e+01
2.327958e+03 	 1.290898e+01
2.329958e+03 	 1.290898e+01
2.332372e+03 	 1.290898e+01
2.334786e+03 	 1.279001e+01
2.337200e+03 	 1.279001e+01
2.339614e+03 	 1.279001e+01
2.342029e+03 	 1.279001e+01
2.344443e+03 	 1.290898e+01
2.346857e+03 	 1.290898e+01
2.349271e+03 	 1.279001e+01
2.351271e+03 	 1.284949e+01
2.353271e+03 	 1.290898e+01
2.355271e+03 	 1.284949e+01
2.357271e+03 	 1.284949e+01
2.359685e+03 	 1.284949e+01
2.361685e+03 	 1.284949e+01
2.364100e+03 	 1.279001e+01
2.366514e+03 	 1.284949e+01
2.368928e+03 	 1.284949e+01
2.371342e+03 	 1.284949e+01
2.373756e+03 	 1.284949e+01
2.376171e+03 	 1.284949e+01
2.378585e+03 	 1.284949e+01
2.380999e+03 	 1.284949e+01
2.383413e+03 	 1.284949e+01
2.385413e+03 	 1.284949e+01
2.387413e+03 	 1.284949e+01
2.389413e+03 	 1.284949e+01
2.391413e+03 	 1.284949e+01
2.393413e+03 	 1.284949e+01
2.395413e+03 	 1.284949e+01
2.397413e+03 	 1.284949e+01
2.399413e+03 	 1.284949e+01
2.401413e+03 	 1.284949e+01
2.403413e+03 	 1.284949e+01
2.405413e+03 	 1.284949e+01
2.407413e+03 	 1.284949e+01
2.409413e+03 	 1.284949e+01
2.411413e+03 	 1.284949e+01
2.413413e+03 	 1.284949e+01
2.415413e+03 	 1.284949e+01
2.417413e+03 	 1.284949e+01
2.419413e+03 	 1.284949e+01
2.421828e+03 	 1.284949e+01
2.424242e+03 	 1.284949e+01
2.426656e+03 	 1.284949e+01
2.429070e+03 	 1.284949e+01
2.431070e+03 	 1.284949e+01
2.433070e+03 	 1.284949e+01
2.435070e+03 	 1.290898e+01
2.437070e+03 	 1.290898e+01
2.439070e+03 	 1.290898e+01
2.441070e+03 	 1.290898e+01
2.443070e+03 	 1.290898e+01
2.445484e+03 	 1.290898e+01
2.447484e+03 	 1.290898e+01
2.449484e+03 	 1.284949e+01
2.451484e+03 	 1.284949e+01
2.453484e+03 	 1.284949e+01
2.455899e+03 	 1.296847e+01
2.458313e+03 	 1.302796e+01
2.460727e+03 	 1.302796e+01
2.462727e+03 	 1.302796e+01
2.464727e+03 	 1.302796e+01
2.466727e+03 	 1.296847e+01
2.468727e+03 	 1.290898e+01
2.470727e+03 	 1.284949e+01
2.472727e+03 	 1.279001e+01
2.474727e+03 	 1.279001e+01
2.476727e+03 	 1.279001e+01
2.478727e+03 	 1.273052e+01
2.480727e+03 	 1.273052e+01
2.482727e+03 	 1.273052e+01
2.484727e+03 	 1.273052e+01
2.485727e+03 	 1.273052e+01
2.486727e+03 	 1.273052e+01
2.487727e+03 	 1.273052e+01
2.489727e+03 	 1.273052e+01
2.491727e+03 	 1.273052e+01
2.493727e+03 	 1.273052e+01
2.495727e+03 	 1.273052e+01
2.497727e+03 	 1.273052e+01
2.499727e+03 	 1.273052e+01
2.501727e+03 	 1.273052e+01
2.503727e+03 	 1.273052e+01
2.505727e+03 	 1.273052e+01
2.507727e+03 	 1.273052e+01
2.509727e+03 	 1.273052e+01
2.511727e+03 	 1.273052e+01
2.513727e+03 	 1.273052e+01
2.515727e+03 	 1.267103e+01
2.517727e+03 	 1.261154e+01
2.519727e+03 	 1.261154e+01
2.521727e+03 	 1.261154e+01
2.523727e+03 	 1.261154e+01
2.525727e+03 	 1.267103e+01
2.527727e+03 	 1.284949e+01
2.529727e+03 	 1.290898e+01
2.531727e+03 	 1.284949e+01
2.533727e+03 	 1.273052e+01
2.535727e+03 	 1.267103e+01
2.537727e+03 	 1.267103e+01
2.539727e+03 	 1.267103e+01
2.541727e+03 	 1.267103e+01
2.543727e+03 	 1.273052e+01
2.545727e+03 	 1.273052e+01
2.547727e+03 	 1.273052e+01
2.549727e+03 	 1.273052e+01
2.551727e+03 	 1.273052e+01
2.553727e+03 	 1.273052e+01
2.555727e+03 	 1.273052e+01
2.557727e+03 	 1.273052e+01
2.559727e+03 	 1.273052e+01
2.561727e+03 	 1.273052e+01
2.562727e+03 	 1.273052e+01
2.563727e+03 	 1.273052e+01
2.564727e+03 	 1.273052e+01
2.565727e+03 	 1.273052e+01
2.566727e+03 	 1.273052e+01
2.567727e+03 	 1.273052e+01
2.568727e+03 	 1.273052e+01
2.570727e+03 	 1.273052e+01
2.572727e+03 	 1.273052e+01
2.574727e+03 	 1.273052e+01
2.576727e+03 	 1.273052e+01
2.578727e+03 	 1.273052e+01
2.580727e+03 	 1.273052e+01
2.582727e+03 	 1.273052e+01
2.584727e+03 	 1.273052e+01
2.586727e+03 	 1.273052e+01
2.588727e+03 	 1.273052e+01
2.590727e+03 	 1.273052e+01
2.592727e+03 	 1.273052e+01
2.594727e+03 	 1.273052e+01
2.596727e+03 	 1.279001e+01
2.598727e+03 	 1.279001e+01
2.600727e+03 	 1.279001e+01
2.602727e+03 	 1.279001e+01
2.604727e+03 	 1.279001e+01
2.606727e+03 	 1.273052e+01
2.608727e+03 	 1.267103e+01
2.610727e+03 	 1.261154e+01
2.612727e+03 	 1.279001e+01
2.614727e+03 	 1.290898e+01
2.616727e+03 	 1.290898e+01
2.618727e+03 	 1.290898e+01
2.620727e+03 	 1.290898e+01
2.622727e+03 	 1.290898e+01
2.624727e+03 	 1.284949e+01
2.626727e+03 	 1.279001e+01
2.628727e+03 	 1.273052e+01
2.630727e+03 	 1.273052e+01
2.632727e+03 	 1.273052e+01
2.634727e+03 	 1.273052e+01
2.636727e+03 	 1.273052e+01
2.638727e+03 	 1.273052e+01
2.640727e+03 	 1.273052e+01
2.642727e+03 	 1.273052e+01
2.644727e+03 	 1.273052e+01
2.646727e+03 	 1.273052e+01
2.648727e+03 	 1.273052e+01
2.650727e+03 	 1.273052e+01
2.652727e+03 	 1.273052e+01
2.654727e+03 	 1.273052e+01
2.656727e+03 	 1.273052e+01
2.658727e+03 	 1.273052e+01
2.660727e+03 	 1.273052e+01
2.662727e+03 	 1.273052e+01
2.663727e+03 	 1.273052e+01
2.664727e+03 	 1.273052e+01
2.665727e+03 	 1.273052e+01
2.666727e+03 	 1.273052e+01
2.667727e+03 	 1.273052e+01
2.668727e+03 	 1.273052e+01
2.669727e+03 	 1.273052e+01
2.670727e+03 	 1.273052e+01
2.671727e+03 	 1.273052e+01
2.672727e+03 	 1.273052e+01
2.673727e+03 	 1.273052e+01
2.674727e+03 	 1.273052e+01
2.675727e+03 	 1.273052e+01
2.676727e+03 	 1.273052e+01
2.677727e+03 	 1.273052e+01
2.678727e+03 	 1.273052e+01
2.679727e+03 	 1.273052e+01
2.680727e+03 	 1.273052e+01
2.681727e+03 	 1.273052e+01
2.682727e+03 	 1.273052e+01
2.683727e+03 	 1.273052e+01
2.684727e+03 	 1.273052e+01
2.685727e+03 	 1.273052e+01
2.686727e+03 	 1.273052e+01
2.687727e+03 	 1.273052e+01
2.688727e+03 	 1.273052e+01
2.689727e+03 	 1.273052e+01
2.690727e+03 	 1.273052e+01
2.691727e+03 	 1.273052e+01
2.692727e+03 	 1.273052e+01
2.693727e+03 	 1.273052e+01
2.694727e+03 	 1.273052e+01
2.695727e+03 	 1.273052e+01
2.696727e+03 	 1.273052e+01
2.697727e+03 	 1.273052e+01
2.698727e+03 	 1.273052e+01
2.699727e+03 	 1.273052e+01
2.700727e+03 	 1.273052e+01
2.701727e+03 	 1.273052e+01
2.702727e+03 	 1.273052e+01
2.703727e+03 	 1.273052e+01
2.704727e+03 	 1.273052e+01
2.707141e+03 	 1.273052e+01
2.709555e+03 	 1.273052e+01
2.711970e+03 	 1.273052e+01
2.714384e+03 	 1.273052e+01
2.716384e+03 	 1.273052e+01
2.718798e+03 	 1.273052e+01
2.721212e+03 	 1.273052e+01
2.723627e+03 	 1.273052e+01
2.726041e+03 	 1.273052e+01
2.728455e+03 	 1.273052e+01
2.730869e+03 	 1.273052e+01
2.733283e+03 	 1.284949e+01
2.735698e+03 	 1.284949e+01
2.738112e+03 	 1.290898e+01
2.740526e+03 	 1.290898e+01
2.742940e+03 	 1.290898e+01
2.745354e+03 	 1.284949e+01
2.747354e+03 	 1.267103e+01
2.749354e+03 	 1.255205e+01
2.751769e+03 	 1.267103e+01
2.753769e+03 	 1.261154e+01
2.755769e+03 	 1.261154e+01
2.757769e+03 	 1.267103e+01
2.759769e+03 	 1.267103e+01
2.762183e+03 	 1.267103e+01
2.764183e+03 	 1.267103e+01
2.766597e+03 	 1.267103e+01
2.769011e+03 	 1.273052e+01
2.771426e+03 	 1.273052e+01
2.773840e+03 	 1.273052e+01
2.775840e+03 	 1.273052e+01
2.777840e+03 	 1.273052e+01
2.779840e+03 	 1.273052e+01
2.781840e+03 	 1.273052e+01
2.784254e+03 	 1.273052e+01
2.786668e+03 	 1.273052e+01
2.789082e+03 	 1.273052e+01
2.791497e+03 	 1.279001e+01
2.793911e+03 	 1.279001e+01
2.796325e+03 	 1.279001e+01
2.798739e+03 	 1.279001e+01
2.801153e+03 	 1.284949e+01
2.803568e+03 	 1.284949e+01
2.805982e+03 	 1.284949e+01
2.808396e+03 	 1.279001e+01
2.810810e+03 	 1.279001e+01
2.813225e+03 	 1.279001e+01
2.815639e+03 	 1.279001e+01
2.818053e+03 	 1.279001e+01
2.820467e+03 	 1.273052e+01
2.822881e+03 	 1.273052e+01
2.824881e+03 	 1.261154e+01
2.826881e+03 	 1.267103e+01
2.828881e+03 	 1.261154e+01
2.830881e+03 	 1.267103e+01
2.833296e+03 	 1.261154e+01
2.835296e+03 	 1.267103e+01
2.837296e+03 	 1.273052e+01
2.839296e+03 	 1.267103e+01
2.841296e+03 	 1.267103e+01
2.843296e+03 	 1.273052e+01
2.845296e+03 	 1.273052e+01
2.847296e+03 	 1.273052e+01
2.849296e+03 	 1.273052e+01
2.851296e+03 	 1.273052e+01
2.853296e+03 	 1.273052e+01
2.855296e+03 	 1.273052e+01
2.857710e+03 	 1.273052e+01
2.860124e+03 	 1.273052e+01
2.862538e+03 	 1.273052e+01
2.864952e+03 	 1.273052e+01
2.866952e+03 	 1.273052e+01
2.867952e+03 	 1.273052e+01
2.868952e+03 	 1.273052e+01
2.869952e+03 	 1.273052e+01
2.871952e+03 	 1.273052e+01
2.873952e+03 	 1.273052e+01
2.875952e+03 	 1.273052e+01
2.878367e+03 	 1.273052e+01
2.880781e+03 	 1.273052e+01
2.883195e+03 	 1.273052e+01
2.885609e+03 	 1.273052e+01
2.888024e+03 	 1.273052e+01
2.890024e+03 	 1.273052e+01
2.892438e+03 	 1.273052e+01
2.894852e+03 	 1.273052e+01
2.897266e+03 	 1.273052e+01
2.899680e+03 	 1.273052e+01
2.902095e+03 	 1.273052e+01
2.904509e+03 	 1.267103e+01
2.906923e+03 	 1.267103e+01
2.909337e+03 	 1.267103e+01
2.911751e+03 	 1.279001e+01
2.914166e+03 	 1.273052e+01
2.916580e+03 	 1.273052e+01
2.918994e+03 	 1.261154e+01
2.920994e+03 	 1.261154e+01
2.922994e+03 	 1.261154e+01
2.925408e+03 	 1.261154e+01
2.927823e+03 	 1.267103e+01
2.930237e+03 	 1.267103e+01
2.932651e+03 	 1.267103e+01
2.935065e+03 	 1.267103e+01
2.937065e+03 	 1.267103e+01
2.939479e+03 	 1.267103e+01
2.941894e+03 	 1.267103e+01
2.944308e+03 	 1.267103e+01
2.946722e+03 	 1.267103e+01
2.948722e+03 	 1.267103e+01
2.950722e+03 	 1.273052e+01
2.952722e+03 	 1.273052e+01
2.954722e+03 	 1.273052e+01
2.957136e+03 	 1.273052e+01
2.959136e+03 	 1.273052e+01
2.961136e+03 	 1.273052e+01
2.963136e+03 	 1.273052e+01
2.965136e+03 	 1.273052e+01
2.967136e+03 	 1.273052e+01
2.969136e+03 	 1.273052e+01
2.971136e+03 	 1.273052e+01
2.973136e+03 	 1.273052e+01
2.975136e+03 	 1.273052e+01
2.977136e+03 	 1.273052e+01
2.979550e+03 	 1.273052e+01
2.981550e+03 	 1.273052e+01
2.983965e+03 	 1.273052e+01
2.986379e+03 	 1.273052e+01
2.988379e+03 	 1.273052e+01
2.990793e+03 	 1.273052e+01
2.992793e+03 	 1.273052e+01
2.994793e+03 	 1.273052e+01
2.996793e+03 	 1.273052e+01
2.998793e+03 	 1.273052e+01
3.000793e+03 	 1.273052e+01
